Hello from MIC
Galois Benchmark Suite v2.2.0 (r0)
Copyright (C) 2013 The University of Texas at Austin
http://iss.ices.utexas.edu/galois/

application: GMetis
Partitions a graph into K parts and minimizing the graph cut
http://iss.ices.utexas.edu/?p=projects/galois/benchmarks/gMetis

INFO: CommandLine /work/02556/dpereira/MIC/apps/gmetis/gmetis -t=227 /work/02556/dpereira/Inputs/USA-road-d.W.gr 128
INFO: Hostname c558-003-mic0.stampede.tacc.utexas.edu
Created Graph with 6262104 nodes and 15248146 edges
Nodes 6262104| Edges 15248146 7624073

  Starting coarsening: 
Time coarsen:  3623 Size of final graph: 3180

  Sarting initial partitioning using GGGP:
Size in decade percentages:  -1,2 -0,121 1,5
Time clustering:  456

  Sarting refinnement with BKL2
Initial dist
Size in decade percentages:  -1,2 -0,121 1,5
Refined dist
Size in decade percentages:  -1,46 0,36 1,46
Time refinement:  2353


Time:  6610
Total edge cut : 8554

Part saved in : 0x7fffafacea60
STATTYPE,LOOP,CATEGORY,n,sum,T0,T1,T2,T3,T4,T5,T6,T7,T8,T9,T10,T11,T12,T13,T14,T15,T16,T17,T18,T19,T20,T21,T22,T23,T24,T25,T26,T27,T28,T29,T30,T31,T32,T33,T34,T35,T36,T37,T38,T39,T40,T41,T42,T43,T44,T45,T46,T47,T48,T49,T50,T51,T52,T53,T54,T55,T56,T57,T58,T59,T60,T61,T62,T63,T64,T65,T66,T67,T68,T69,T70,T71,T72,T73,T74,T75,T76,T77,T78,T79,T80,T81,T82,T83,T84,T85,T86,T87,T88,T89,T90,T91,T92,T93,T94,T95,T96,T97,T98,T99,T100,T101,T102,T103,T104,T105,T106,T107,T108,T109,T110,T111,T112,T113,T114,T115,T116,T117,T118,T119,T120,T121,T122,T123,T124,T125,T126,T127,T128,T129,T130,T131,T132,T133,T134,T135,T136,T137,T138,T139,T140,T141,T142,T143,T144,T145,T146,T147,T148,T149,T150,T151,T152,T153,T154,T155,T156,T157,T158,T159,T160,T161,T162,T163,T164,T165,T166,T167,T168,T169,T170,T171,T172,T173,T174,T175,T176,T177,T178,T179,T180,T181,T182,T183,T184,T185,T186,T187,T188,T189,T190,T191,T192,T193,T194,T195,T196,T197,T198,T199,T200,T201,T202,T203,T204,T205,T206,T207,T208,T209,T210,T211,T212,T213,T214,T215,T216,T217,T218,T219,T220,T221,T222,T223,T224,T225,T226
STAT,(NULL),Coarsen,227,3623,3623,0,0,0,0,0,0,0,0,0,0,0,0,0,0,0,0,0,0,0,0,0,0,0,0,0,0,0,0,0,0,0,0,0,0,0,0,0,0,0,0,0,0,0,0,0,0,0,0,0,0,0,0,0,0,0,0,0,0,0,0,0,0,0,0,0,0,0,0,0,0,0,0,0,0,0,0,0,0,0,0,0,0,0,0,0,0,0,0,0,0,0,0,0,0,0,0,0,0,0,0,0,0,0,0,0,0,0,0,0,0,0,0,0,0,0,0,0,0,0,0,0,0,0,0,0,0,0,0,0,0,0,0,0,0,0,0,0,0,0,0,0,0,0,0,0,0,0,0,0,0,0,0,0,0,0,0,0,0,0,0,0,0,0,0,0,0,0,0,0,0,0,0,0,0,0,0,0,0,0,0,0,0,0,0,0,0,0,0,0,0,0,0,0,0,0,0,0,0,0,0,0,0,0,0,0,0,0,0,0,0,0,0,0,0,0,0,0,0,0,0,0,0,0,0,0,0
STAT,(NULL),Conflicts,227,0,0,0,0,0,0,0,0,0,0,0,0,0,0,0,0,0,0,0,0,0,0,0,0,0,0,0,0,0,0,0,0,0,0,0,0,0,0,0,0,0,0,0,0,0,0,0,0,0,0,0,0,0,0,0,0,0,0,0,0,0,0,0,0,0,0,0,0,0,0,0,0,0,0,0,0,0,0,0,0,0,0,0,0,0,0,0,0,0,0,0,0,0,0,0,0,0,0,0,0,0,0,0,0,0,0,0,0,0,0,0,0,0,0,0,0,0,0,0,0,0,0,0,0,0,0,0,0,0,0,0,0,0,0,0,0,0,0,0,0,0,0,0,0,0,0,0,0,0,0,0,0,0,0,0,0,0,0,0,0,0,0,0,0,0,0,0,0,0,0,0,0,0,0,0,0,0,0,0,0,0,0,0,0,0,0,0,0,0,0,0,0,0,0,0,0,0,0,0,0,0,0,0,0,0,0,0,0,0,0,0,0,0,0,0,0,0,0,0,0,0,0,0,0,0,0,0,0
STAT,(NULL),Iterations,227,255,8,2,1,1,3,0,0,1,0,1,0,3,0,2,0,0,0,6,3,1,2,3,0,0,3,2,4,4,0,0,2,0,0,3,1,1,5,0,6,0,1,0,3,0,0,7,0,1,0,0,8,1,0,1,0,0,0,1,4,1,0,0,4,0,0,0,0,0,2,0,0,2,4,0,0,1,0,4,0,0,4,5,3,0,0,0,0,2,0,0,0,0,1,0,0,0,1,1,0,1,0,2,0,4,0,3,2,1,0,0,0,2,0,0,1,0,0,0,1,4,0,1,8,2,0,0,0,0,0,0,0,0,1,0,0,1,0,0,5,4,0,3,3,5,3,0,2,2,0,2,0,0,1,0,2,2,0,1,0,0,0,0,1,0,2,0,0,1,2,2,0,2,0,1,0,1,0,0,0,3,1,3,0,0,0,0,2,0,0,0,3,1,0,3,2,0,2,0,0,1,0,0,1,2,0,0,0,2,0,2,0,2,0,0,6,0,3,0,2,0,0,0,0,1,1,1,0
STAT,(NULL),MeminfoPost,227,756627,3340,3329,3336,3339,3342,3338,3337,3328,3339,3321,3343,3328,3350,3349,3381,3357,3331,3322,3331,3332,3324,3332,3343,3340,3353,3323,3348,3341,3322,3325,3329,3329,3346,3346,3324,3327,3322,3328,3338,3329,3337,3340,3342,3338,3337,3328,3340,3320,3344,3328,3350,3348,3381,3358,3333,3322,3331,3332,3324,3331,3341,3341,3352,3327,3346,3339,3322,3326,3328,3328,3346,3347,3324,3327,3323,3328,3329,3344,3336,3329,3337,3362,3341,3328,3334,3341,3340,3328,3329,3344,3323,3331,3324,3325,3344,3321,3314,3329,3335,3342,3342,3329,3323,3334,3325,3327,3321,3318,3321,3336,3321,3339,3358,3354,3335,3317,3328,3326,3332,3348,3324,3316,3315,3319,3334,3336,3336,3343,3344,3340,3330,3332,3326,3323,3337,3325,3328,3330,3322,3322,3315,3324,3324,3321,3342,3323,3318,3334,3351,3359,3352,3357,3332,3323,3323,3334,3338,3323,3314,3319,3334,3335,3342,3341,3342,3329,3322,3330,3330,3327,3331,3317,3319,3324,3321,3341,3322,3316,3340,3356,3351,3356,3352,3334,3328,3324,3323,3322,3329,3331,3351,3363,3347,3340,3352,3354,3328,3321,3327,3336,3327,3340,3325,3327,3323,3307,3330,3319,3313,3366,3318,3317,3310,3341,3305,3317,3350,3316,3325,3330,3331,3336,3334,3332,3337,3330,3330
STAT,(NULL),MeminfoPre,227,189127,840,829,836,839,842,838,837,828,839,821,843,828,850,849,881,857,831,822,831,832,824,832,843,840,853,823,848,841,822,825,829,829,846,846,824,827,822,828,838,829,837,840,842,838,837,828,840,820,844,828,850,848,881,858,833,822,831,832,824,831,841,841,852,827,846,839,822,826,828,828,846,847,824,827,823,828,829,844,836,829,837,862,841,828,834,841,840,828,829,844,823,831,824,825,844,821,814,829,835,842,842,829,823,834,825,827,821,818,821,836,821,839,858,854,835,817,828,826,832,848,824,816,815,819,834,836,836,843,844,840,830,832,826,823,837,825,828,830,822,822,815,824,824,821,842,823,818,834,851,859,852,857,832,823,823,834,838,823,814,819,834,835,842,841,842,829,822,830,830,827,831,817,819,824,821,841,822,816,840,856,851,856,852,834,828,824,823,822,829,831,851,863,847,840,852,854,828,821,827,836,827,840,825,827,823,807,830,819,813,866,818,817,810,841,805,817,850,816,825,830,831,836,834,832,837,830,830
STAT,(NULL),Partition,227,456,456,0,0,0,0,0,0,0,0,0,0,0,0,0,0,0,0,0,0,0,0,0,0,0,0,0,0,0,0,0,0,0,0,0,0,0,0,0,0,0,0,0,0,0,0,0,0,0,0,0,0,0,0,0,0,0,0,0,0,0,0,0,0,0,0,0,0,0,0,0,0,0,0,0,0,0,0,0,0,0,0,0,0,0,0,0,0,0,0,0,0,0,0,0,0,0,0,0,0,0,0,0,0,0,0,0,0,0,0,0,0,0,0,0,0,0,0,0,0,0,0,0,0,0,0,0,0,0,0,0,0,0,0,0,0,0,0,0,0,0,0,0,0,0,0,0,0,0,0,0,0,0,0,0,0,0,0,0,0,0,0,0,0,0,0,0,0,0,0,0,0,0,0,0,0,0,0,0,0,0,0,0,0,0,0,0,0,0,0,0,0,0,0,0,0,0,0,0,0,0,0,0,0,0,0,0,0,0,0,0,0,0,0,0,0,0,0,0,0,0,0,0,0,0,0,0,0
STAT,(NULL),Refine,227,2353,2353,0,0,0,0,0,0,0,0,0,0,0,0,0,0,0,0,0,0,0,0,0,0,0,0,0,0,0,0,0,0,0,0,0,0,0,0,0,0,0,0,0,0,0,0,0,0,0,0,0,0,0,0,0,0,0,0,0,0,0,0,0,0,0,0,0,0,0,0,0,0,0,0,0,0,0,0,0,0,0,0,0,0,0,0,0,0,0,0,0,0,0,0,0,0,0,0,0,0,0,0,0,0,0,0,0,0,0,0,0,0,0,0,0,0,0,0,0,0,0,0,0,0,0,0,0,0,0,0,0,0,0,0,0,0,0,0,0,0,0,0,0,0,0,0,0,0,0,0,0,0,0,0,0,0,0,0,0,0,0,0,0,0,0,0,0,0,0,0,0,0,0,0,0,0,0,0,0,0,0,0,0,0,0,0,0,0,0,0,0,0,0,0,0,0,0,0,0,0,0,0,0,0,0,0,0,0,0,0,0,0,0,0,0,0,0,0,0,0,0,0,0,0,0,0,0,0
STAT,(NULL),Threads,227,227,227,0,0,0,0,0,0,0,0,0,0,0,0,0,0,0,0,0,0,0,0,0,0,0,0,0,0,0,0,0,0,0,0,0,0,0,0,0,0,0,0,0,0,0,0,0,0,0,0,0,0,0,0,0,0,0,0,0,0,0,0,0,0,0,0,0,0,0,0,0,0,0,0,0,0,0,0,0,0,0,0,0,0,0,0,0,0,0,0,0,0,0,0,0,0,0,0,0,0,0,0,0,0,0,0,0,0,0,0,0,0,0,0,0,0,0,0,0,0,0,0,0,0,0,0,0,0,0,0,0,0,0,0,0,0,0,0,0,0,0,0,0,0,0,0,0,0,0,0,0,0,0,0,0,0,0,0,0,0,0,0,0,0,0,0,0,0,0,0,0,0,0,0,0,0,0,0,0,0,0,0,0,0,0,0,0,0,0,0,0,0,0,0,0,0,0,0,0,0,0,0,0,0,0,0,0,0,0,0,0,0,0,0,0,0,0,0,0,0,0,0,0,0,0,0,0,0
STAT,(NULL),Time,227,6610,6610,0,0,0,0,0,0,0,0,0,0,0,0,0,0,0,0,0,0,0,0,0,0,0,0,0,0,0,0,0,0,0,0,0,0,0,0,0,0,0,0,0,0,0,0,0,0,0,0,0,0,0,0,0,0,0,0,0,0,0,0,0,0,0,0,0,0,0,0,0,0,0,0,0,0,0,0,0,0,0,0,0,0,0,0,0,0,0,0,0,0,0,0,0,0,0,0,0,0,0,0,0,0,0,0,0,0,0,0,0,0,0,0,0,0,0,0,0,0,0,0,0,0,0,0,0,0,0,0,0,0,0,0,0,0,0,0,0,0,0,0,0,0,0,0,0,0,0,0,0,0,0,0,0,0,0,0,0,0,0,0,0,0,0,0,0,0,0,0,0,0,0,0,0,0,0,0,0,0,0,0,0,0,0,0,0,0,0,0,0,0,0,0,0,0,0,0,0,0,0,0,0,0,0,0,0,0,0,0,0,0,0,0,0,0,0,0,0,0,0,0,0,0,0,0,0,0
STAT,match,Conflicts,227,6372,49,48,46,55,42,49,54,46,44,50,42,46,42,45,42,42,40,50,40,49,46,40,36,39,50,44,40,40,38,38,40,35,38,37,36,30,32,36,40,38,32,35,30,38,29,36,32,32,32,33,36,36,35,28,30,35,27,28,33,30,26,19,25,21,27,21,22,21,27,24,28,27,18,18,18,22,19,23,24,17,29,28,25,24,22,28,27,27,20,28,17,28,27,23,25,30,23,24,21,28,25,28,25,20,26,25,20,24,23,25,22,23,24,20,27,16,17,26,22,22,23,19,19,26,20,30,24,32,19,20,20,23,31,30,23,28,16,28,25,27,21,24,27,22,25,27,31,23,20,32,23,22,22,24,21,22,23,23,26,25,22,29,20,22,27,28,21,21,25,16,23,23,23,26,30,23,25,22,28,26,21,26,17,25,28,21,23,24,22,24,26,27,31,27,28,28,32,24,28,20,28,26,28,33,26,26,24,25,22,22,27,23,22,20,23,28,27,26,23,30,26,25,21,24,24,22,21
STAT,match,Iterations,227,15056374,39755,56347,51638,42272,38946,66344,50748,58870,32503,58667,66618,54407,44372,62249,55689,55484,46931,58380,41547,71796,56067,47794,66617,42098,50775,61031,46248,59757,69026,63698,57505,56548,48519,68068,60519,58628,61837,49416,52203,64724,60124,66699,58765,67396,71717,49860,68163,46733,61098,54046,51186,60195,50366,65384,58185,60151,74976,49737,64685,77057,55342,54448,58149,50732,68547,64981,63575,77165,56676,56397,70472,68834,87365,86251,98249,82329,85294,69677,85595,70758,80133,77307,66653,73575,70995,59474,64450,59775,70937,63362,50419,57460,87652,57652,61852,74810,80775,64491,78112,61707,76188,55805,67277,77925,70425,75507,62272,105350,48286,69600,86139,69078,81860,88313,59515,70166,87680,59406,78855,62499,62110,71869,73538,64197,71410,63970,53710,68963,67219,74524,78421,78539,66791,62600,62268,64645,55420,63210,43767,96632,49391,89685,72622,71674,77347,65807,67861,77773,61393,75224,73397,79899,63119,57429,77157,81599,66384,57597,91884,82732,68922,62732,73094,79151,67737,68381,75457,67812,64367,95050,86305,76092,51420,69110,62003,91101,71763,81149,81621,51357,67275,62887,87602,58180,68102,77750,74765,54775,64536,60698,65034,78939,56693,47819,81788,59177,72390,62586,96070,87795,71976,61730,75946,59102,81717,52945,54338,59499,81569,61555,55390,83588,62300,76131,67086,80583,44038,62258,68345,57630,50557,84884,70066,67243,81882,52161,82856
STAT,popedge,Conflicts,227,0,0,0,0,0,0,0,0,0,0,0,0,0,0,0,0,0,0,0,0,0,0,0,0,0,0,0,0,0,0,0,0,0,0,0,0,0,0,0,0,0,0,0,0,0,0,0,0,0,0,0,0,0,0,0,0,0,0,0,0,0,0,0,0,0,0,0,0,0,0,0,0,0,0,0,0,0,0,0,0,0,0,0,0,0,0,0,0,0,0,0,0,0,0,0,0,0,0,0,0,0,0,0,0,0,0,0,0,0,0,0,0,0,0,0,0,0,0,0,0,0,0,0,0,0,0,0,0,0,0,0,0,0,0,0,0,0,0,0,0,0,0,0,0,0,0,0,0,0,0,0,0,0,0,0,0,0,0,0,0,0,0,0,0,0,0,0,0,0,0,0,0,0,0,0,0,0,0,0,0,0,0,0,0,0,0,0,0,0,0,0,0,0,0,0,0,0,0,0,0,0,0,0,0,0,0,0,0,0,0,0,0,0,0,0,0,0,0,0,0,0,0,0,0,0,0,0,0
STAT,popedge,Iterations,227,7375430,29208,31043,30063,30664,30254,32183,32453,33120,32170,32163,31679,32733,32561,32767,30465,31344,30766,32101,30835,32269,32500,31702,31473,31208,30845,31110,31002,32456,29912,30095,29488,31639,31486,30661,31661,33807,32101,31577,32578,31031,30229,30514,31417,31968,32768,36088,35796,36215,34901,35988,35654,34423,34616,35744,36315,35397,34659,33847,33601,36472,34261,29910,30333,30229,31594,29639,30465,30225,31169,31273,30977,31533,31873,29605,31716,32623,32643,30477,31167,29463,31371,32412,29493,29397,31217,31880,30670,30363,30423,31075,30984,30366,33139,31278,31656,32290,33993,30731,32035,29407,32071,30630,30195,31955,32020,32675,36373,36312,34432,34335,36597,35142,35315,33908,33799,37436,34191,35108,35422,34933,34258,36216,29504,31426,32201,30051,30910,31559,33139,30631,32269,31529,31238,33460,31643,32782,32767,31911,29432,32102,31116,31580,32480,30552,30957,31971,31890,31684,30720,30754,32413,30844,33024,31503,32083,32294,33709,32488,30529,34011,31825,31582,31550,32290,31997,31701,35420,37255,34453,38062,36078,36055,37024,33303,32748,34497,36573,34773,36235,33691,36007,35171,36373,31017,33156,31614,30873,30585,31232,30101,31574,33229,32756,33502,33468,32727,34251,32762,33885,33425,32487,33167,33703,32850,33389,34203,32223,32726,30911,30447,34614,31483,34344,31932,31562,31213,33615,33517,31291,32680,32227,33622,32179,32391,31756,32670,33789
STAT,refine,Conflicts,227,7331,113,126,117,116,107,94,104,92,85,95,82,79,79,91,85,58,70,66,62,66,83,69,55,57,68,62,68,69,68,61,38,38,43,45,48,41,41,41,47,50,56,49,50,42,30,41,40,49,41,40,37,39,59,51,32,43,33,45,48,38,25,19,18,18,35,21,19,22,21,24,26,11,33,20,24,20,13,26,17,19,24,25,24,21,15,17,29,24,17,16,20,10,19,21,24,23,18,12,27,20,16,30,25,14,21,17,20,24,18,30,28,22,18,29,20,20,24,24,25,30,21,16,17,25,17,22,15,24,22,19,23,28,15,15,20,23,22,25,25,24,15,27,22,20,15,24,22,22,16,20,35,21,16,16,20,30,16,19,14,15,24,20,21,18,22,23,15,27,22,28,26,17,22,33,34,25,20,33,24,27,22,15,25,17,21,22,26,25,24,21,20,18,34,17,20,24,23,23,23,19,18,18,18,30,16,14,12,20,25,18,24,28,19,21,17,31,21,16,22,23,18,19,24,17,22,21,22
STAT,refine,Iterations,227,142960,585,753,701,769,801,643,683,636,706,752,553,658,600,843,817,771,517,690,427,870,757,613,589,461,747,626,631,605,655,517,499,509,543,931,561,610,601,437,693,608,810,721,615,521,500,480,679,445,528,692,514,874,968,789,380,583,534,518,936,731,594,486,550,437,635,681,557,715,547,609,799,478,722,489,650,692,805,653,682,462,781,792,708,636,483,480,644,499,513,598,394,434,525,577,831,753,561,351,520,664,666,822,831,603,516,631,653,842,456,682,827,615,855,918,661,452,746,473,870,1018,619,510,398,503,578,545,484,674,592,626,631,694,567,694,535,537,452,638,603,669,368,696,746,606,614,597,548,694,441,699,675,655,451,504,788,1078,655,519,455,560,612,564,739,703,676,697,537,630,662,687,817,657,460,764,895,865,540,671,641,639,746,791,912,533,557,551,645,566,531,633,696,632,746,458,709,454,580,667,878,629,556,471,673,789,652,460,564,565,691,464,441,605,392,645,377,874,863,463,489,583,460,685,617,653,577,518,655
