Hello from MIC
Galois Benchmark Suite v2.2.0 (r0)
Copyright (C) 2013 The University of Texas at Austin
http://iss.ices.utexas.edu/galois/

application: GMetis
Partitions a graph into K parts and minimizing the graph cut
http://iss.ices.utexas.edu/?p=projects/galois/benchmarks/gMetis

INFO: CommandLine /work/02556/dpereira/MIC/apps/gmetis/gmetis -t=183 /work/02556/dpereira/Inputs/USA-road-d.W.gr 128
INFO: Hostname c558-002-mic0.stampede.tacc.utexas.edu
Created Graph with 6262104 nodes and 15248146 edges
Nodes 6262104| Edges 15248146 7624073

  Starting coarsening: 
Time coarsen:  3032 Size of final graph: 3120

  Sarting initial partitioning using GGGP:
Size in decade percentages:  -1,6 -0,117 1,5
Time clustering:  441

  Sarting refinnement with BKL2
Initial dist
Size in decade percentages:  -1,6 -0,117 1,5
Refined dist
Size in decade percentages:  -1,45 -0,42 1,41
Time refinement:  2005


Time:  5656
Total edge cut : 8375

Part saved in : 0x7ffffcb3fee0
STATTYPE,LOOP,CATEGORY,n,sum,T0,T1,T2,T3,T4,T5,T6,T7,T8,T9,T10,T11,T12,T13,T14,T15,T16,T17,T18,T19,T20,T21,T22,T23,T24,T25,T26,T27,T28,T29,T30,T31,T32,T33,T34,T35,T36,T37,T38,T39,T40,T41,T42,T43,T44,T45,T46,T47,T48,T49,T50,T51,T52,T53,T54,T55,T56,T57,T58,T59,T60,T61,T62,T63,T64,T65,T66,T67,T68,T69,T70,T71,T72,T73,T74,T75,T76,T77,T78,T79,T80,T81,T82,T83,T84,T85,T86,T87,T88,T89,T90,T91,T92,T93,T94,T95,T96,T97,T98,T99,T100,T101,T102,T103,T104,T105,T106,T107,T108,T109,T110,T111,T112,T113,T114,T115,T116,T117,T118,T119,T120,T121,T122,T123,T124,T125,T126,T127,T128,T129,T130,T131,T132,T133,T134,T135,T136,T137,T138,T139,T140,T141,T142,T143,T144,T145,T146,T147,T148,T149,T150,T151,T152,T153,T154,T155,T156,T157,T158,T159,T160,T161,T162,T163,T164,T165,T166,T167,T168,T169,T170,T171,T172,T173,T174,T175,T176,T177,T178,T179,T180,T181,T182
STAT,(NULL),Coarsen,183,3032,3032,0,0,0,0,0,0,0,0,0,0,0,0,0,0,0,0,0,0,0,0,0,0,0,0,0,0,0,0,0,0,0,0,0,0,0,0,0,0,0,0,0,0,0,0,0,0,0,0,0,0,0,0,0,0,0,0,0,0,0,0,0,0,0,0,0,0,0,0,0,0,0,0,0,0,0,0,0,0,0,0,0,0,0,0,0,0,0,0,0,0,0,0,0,0,0,0,0,0,0,0,0,0,0,0,0,0,0,0,0,0,0,0,0,0,0,0,0,0,0,0,0,0,0,0,0,0,0,0,0,0,0,0,0,0,0,0,0,0,0,0,0,0,0,0,0,0,0,0,0,0,0,0,0,0,0,0,0,0,0,0,0,0,0,0,0,0,0,0,0,0,0,0,0,0,0,0,0,0,0,0,0,0
STAT,(NULL),Conflicts,183,0,0,0,0,0,0,0,0,0,0,0,0,0,0,0,0,0,0,0,0,0,0,0,0,0,0,0,0,0,0,0,0,0,0,0,0,0,0,0,0,0,0,0,0,0,0,0,0,0,0,0,0,0,0,0,0,0,0,0,0,0,0,0,0,0,0,0,0,0,0,0,0,0,0,0,0,0,0,0,0,0,0,0,0,0,0,0,0,0,0,0,0,0,0,0,0,0,0,0,0,0,0,0,0,0,0,0,0,0,0,0,0,0,0,0,0,0,0,0,0,0,0,0,0,0,0,0,0,0,0,0,0,0,0,0,0,0,0,0,0,0,0,0,0,0,0,0,0,0,0,0,0,0,0,0,0,0,0,0,0,0,0,0,0,0,0,0,0,0,0,0,0,0,0,0,0,0,0,0,0,0,0,0,0
STAT,(NULL),Iterations,183,255,8,1,2,2,1,1,1,2,3,1,0,0,4,1,0,0,0,0,0,1,4,2,1,6,0,1,2,3,2,1,0,0,0,0,0,2,0,4,0,0,5,0,3,0,0,0,0,0,0,0,2,7,0,0,0,3,2,0,0,4,0,0,1,3,5,2,0,1,3,3,2,0,0,0,1,1,3,0,0,1,0,0,0,1,7,0,0,0,0,0,3,0,2,1,0,0,0,4,7,2,0,3,3,1,4,0,1,1,0,0,1,0,3,9,1,0,0,3,1,0,0,0,7,0,0,1,1,2,0,0,3,1,0,0,3,4,3,2,0,0,0,3,3,1,0,6,0,0,1,0,0,2,1,0,0,0,2,0,1,5,1,0,2,3,2,0,0,3,0,4,2,2,1,3,0,0,7,4,0,0,1,2,0
STAT,(NULL),MeminfoPost,183,756882,4139,4126,4157,4142,4150,4129,4141,4122,4142,4141,4146,4199,4164,4122,4133,4131,4131,4143,4144,4147,4129,4155,4140,4121,4129,4135,4145,4147,4124,4125,4133,4138,4138,4146,4144,4142,4126,4142,4124,4143,4152,4160,4191,4151,4121,4134,4128,4137,4136,4146,4160,4137,4140,4128,4130,4127,4145,4151,4122,4129,4129,4130,4147,4141,4130,4157,4152,4129,4145,4144,4133,4137,4136,4128,4127,4128,4141,4114,4127,4143,4142,4138,4128,4133,4129,4121,4119,4124,4137,4127,4164,4160,4133,4122,4126,4138,4143,4123,4113,4118,4137,4140,4146,4149,4147,4126,4133,4123,4140,4125,4129,4127,4122,4114,4129,4116,4146,4122,4121,4152,4170,4156,4156,4126,4126,4144,4131,4112,4119,4139,4144,4145,4144,4130,4123,4138,4127,4131,4120,4115,4126,4138,4121,4127,4157,4164,4165,4148,4130,4124,4125,4123,4134,4154,4171,4149,4158,4156,4126,4125,4149,4119,4140,4127,4117,4117,4128,4125,4149,4119,4116,4110,4131,4120,4142,4120,4129,4129,4139,4136,4141,4125,4137
STAT,(NULL),MeminfoPre,183,189216,1037,1024,1055,1040,1048,1027,1039,1020,1040,1039,1044,1097,1062,1020,1031,1029,1029,1041,1042,1045,1027,1053,1038,1019,1027,1033,1043,1045,1022,1023,1031,1036,1036,1044,1042,1040,1024,1040,1022,1041,1050,1058,1089,1049,1019,1032,1026,1035,1034,1044,1058,1035,1038,1026,1028,1025,1043,1049,1020,1027,1027,1028,1045,1039,1028,1055,1050,1027,1043,1042,1031,1035,1034,1026,1025,1026,1039,1012,1025,1041,1040,1036,1026,1031,1027,1019,1017,1022,1035,1025,1062,1058,1031,1020,1024,1036,1041,1021,1011,1016,1035,1038,1044,1047,1045,1024,1031,1021,1038,1023,1027,1025,1020,1012,1027,1014,1044,1020,1019,1050,1068,1054,1054,1024,1024,1042,1029,1010,1017,1037,1042,1043,1042,1028,1021,1036,1025,1029,1018,1013,1024,1036,1019,1025,1055,1062,1063,1046,1028,1022,1023,1021,1032,1052,1069,1047,1056,1054,1024,1023,1047,1017,1038,1025,1015,1015,1026,1023,1047,1017,1014,1008,1029,1018,1040,1018,1027,1027,1037,1034,1039,1023,1035
STAT,(NULL),Partition,183,441,441,0,0,0,0,0,0,0,0,0,0,0,0,0,0,0,0,0,0,0,0,0,0,0,0,0,0,0,0,0,0,0,0,0,0,0,0,0,0,0,0,0,0,0,0,0,0,0,0,0,0,0,0,0,0,0,0,0,0,0,0,0,0,0,0,0,0,0,0,0,0,0,0,0,0,0,0,0,0,0,0,0,0,0,0,0,0,0,0,0,0,0,0,0,0,0,0,0,0,0,0,0,0,0,0,0,0,0,0,0,0,0,0,0,0,0,0,0,0,0,0,0,0,0,0,0,0,0,0,0,0,0,0,0,0,0,0,0,0,0,0,0,0,0,0,0,0,0,0,0,0,0,0,0,0,0,0,0,0,0,0,0,0,0,0,0,0,0,0,0,0,0,0,0,0,0,0,0,0,0,0,0,0
STAT,(NULL),Refine,183,2005,2005,0,0,0,0,0,0,0,0,0,0,0,0,0,0,0,0,0,0,0,0,0,0,0,0,0,0,0,0,0,0,0,0,0,0,0,0,0,0,0,0,0,0,0,0,0,0,0,0,0,0,0,0,0,0,0,0,0,0,0,0,0,0,0,0,0,0,0,0,0,0,0,0,0,0,0,0,0,0,0,0,0,0,0,0,0,0,0,0,0,0,0,0,0,0,0,0,0,0,0,0,0,0,0,0,0,0,0,0,0,0,0,0,0,0,0,0,0,0,0,0,0,0,0,0,0,0,0,0,0,0,0,0,0,0,0,0,0,0,0,0,0,0,0,0,0,0,0,0,0,0,0,0,0,0,0,0,0,0,0,0,0,0,0,0,0,0,0,0,0,0,0,0,0,0,0,0,0,0,0,0,0,0
STAT,(NULL),Threads,183,183,183,0,0,0,0,0,0,0,0,0,0,0,0,0,0,0,0,0,0,0,0,0,0,0,0,0,0,0,0,0,0,0,0,0,0,0,0,0,0,0,0,0,0,0,0,0,0,0,0,0,0,0,0,0,0,0,0,0,0,0,0,0,0,0,0,0,0,0,0,0,0,0,0,0,0,0,0,0,0,0,0,0,0,0,0,0,0,0,0,0,0,0,0,0,0,0,0,0,0,0,0,0,0,0,0,0,0,0,0,0,0,0,0,0,0,0,0,0,0,0,0,0,0,0,0,0,0,0,0,0,0,0,0,0,0,0,0,0,0,0,0,0,0,0,0,0,0,0,0,0,0,0,0,0,0,0,0,0,0,0,0,0,0,0,0,0,0,0,0,0,0,0,0,0,0,0,0,0,0,0,0,0,0
STAT,(NULL),Time,183,5656,5656,0,0,0,0,0,0,0,0,0,0,0,0,0,0,0,0,0,0,0,0,0,0,0,0,0,0,0,0,0,0,0,0,0,0,0,0,0,0,0,0,0,0,0,0,0,0,0,0,0,0,0,0,0,0,0,0,0,0,0,0,0,0,0,0,0,0,0,0,0,0,0,0,0,0,0,0,0,0,0,0,0,0,0,0,0,0,0,0,0,0,0,0,0,0,0,0,0,0,0,0,0,0,0,0,0,0,0,0,0,0,0,0,0,0,0,0,0,0,0,0,0,0,0,0,0,0,0,0,0,0,0,0,0,0,0,0,0,0,0,0,0,0,0,0,0,0,0,0,0,0,0,0,0,0,0,0,0,0,0,0,0,0,0,0,0,0,0,0,0,0,0,0,0,0,0,0,0,0,0,0,0,0
STAT,match,Conflicts,183,6119,59,55,57,53,65,50,50,51,48,56,50,53,46,51,40,44,37,49,41,52,49,50,43,55,42,45,47,44,52,43,49,34,32,40,33,39,43,32,31,50,54,38,39,43,30,43,34,41,45,37,40,41,30,37,35,41,36,40,38,33,35,32,30,29,29,36,29,35,29,31,33,27,24,30,30,23,22,31,27,27,29,30,32,25,41,27,26,36,30,27,28,25,23,37,29,31,35,27,27,25,31,29,32,28,29,28,26,29,34,30,36,26,27,23,26,26,31,23,24,32,24,23,21,18,25,24,24,32,27,29,33,30,22,29,22,24,31,30,24,32,24,26,20,33,31,35,35,27,37,27,29,27,27,26,27,27,28,35,27,27,21,28,26,32,27,29,28,25,29,26,29,28,26,26,22,18,33,34,32,30,30,30,27
STAT,match,Iterations,183,15005589,61094,57399,73587,58260,50885,73919,69185,88126,61314,78826,49096,54600,87742,61994,88778,81071,62544,59443,78846,64754,69509,65365,66289,64399,64207,73576,64730,76209,69152,68808,60653,70193,94896,72506,77115,51901,68717,67862,80574,67972,68898,62629,70195,79249,98131,70345,87288,58536,55114,76699,81050,66047,82374,74021,73747,68059,61090,64346,86334,78013,76051,94433,73879,75489,72349,70334,87413,86828,81300,98964,85119,77928,82815,93565,91340,94687,102192,89064,97306,101089,103913,93609,76619,99058,91091,94395,95744,83736,81896,89032,76815,90200,95139,60484,78336,93308,69680,87280,79894,87384,90136,89964,82697,88372,83818,90836,96257,79896,68593,74881,75592,91277,82667,100610,83791,78750,84461,89430,99789,81079,84402,100865,101568,101783,81097,96721,95712,89923,84549,85794,80093,86205,89041,107687,89445,94299,83427,90951,94485,74246,94824,87432,99372,66183,85992,78147,83894,98786,91117,99061,76891,98385,83327,76085,101741,91332,102121,83336,93991,77754,99168,102479,87561,81810,74165,85448,88844,93144,89899,86675,102214,73974,90305,84636,84585,102869,78075,91244,87434,104457,71629,65071,106924
STAT,popedge,Conflicts,183,0,0,0,0,0,0,0,0,0,0,0,0,0,0,0,0,0,0,0,0,0,0,0,0,0,0,0,0,0,0,0,0,0,0,0,0,0,0,0,0,0,0,0,0,0,0,0,0,0,0,0,0,0,0,0,0,0,0,0,0,0,0,0,0,0,0,0,0,0,0,0,0,0,0,0,0,0,0,0,0,0,0,0,0,0,0,0,0,0,0,0,0,0,0,0,0,0,0,0,0,0,0,0,0,0,0,0,0,0,0,0,0,0,0,0,0,0,0,0,0,0,0,0,0,0,0,0,0,0,0,0,0,0,0,0,0,0,0,0,0,0,0,0,0,0,0,0,0,0,0,0,0,0,0,0,0,0,0,0,0,0,0,0,0,0,0,0,0,0,0,0,0,0,0,0,0,0,0,0,0,0,0,0,0
STAT,popedge,Iterations,183,7349192,39450,39358,39465,39207,39332,41062,38441,37532,39525,40224,39546,39691,39307,40925,40051,40086,39729,38896,39837,39410,40860,41239,39812,41057,39862,39888,38766,38798,37219,38945,39004,40320,39654,39660,40265,41061,38679,39821,40776,40880,40283,39854,39434,37261,39848,40365,40490,39291,41835,39882,39768,40003,41471,41266,41326,40178,43056,42115,38580,39993,40865,39751,36903,40097,38145,38895,37813,39062,37436,40118,38775,35656,38542,38533,38737,39988,38149,38311,39341,38722,38970,39903,39940,39500,39633,37712,40599,40064,38943,37721,38944,39868,39668,39446,41394,40531,42011,40964,41212,42650,40675,41160,38806,39517,40673,41223,42138,41019,42156,42150,39716,40960,39594,41310,42801,40869,40936,40341,42411,40857,39967,40717,38263,39022,38787,40645,38506,38783,40159,39056,39093,38654,37968,41577,41267,39758,42228,40156,40112,39945,39093,38915,40833,40820,40149,39945,39919,40747,38529,38440,37533,39204,43217,41807,42290,40152,42513,41203,41036,44468,41458,41369,44511,40563,41842,40850,41904,41603,41633,39897,42893,41953,40410,40476,41057,43192,40186,42243,41826,42530,41030,41818,41709
STAT,refine,Conflicts,183,6408,113,109,98,111,91,100,93,87,78,72,84,82,81,76,84,58,59,67,67,56,67,71,62,55,69,55,58,66,73,63,51,31,36,36,48,52,34,27,36,48,49,40,48,45,37,40,39,37,46,44,38,33,42,49,48,52,44,55,45,35,44,25,20,20,25,20,24,21,28,23,25,22,20,26,19,17,18,30,26,24,24,26,36,32,14,24,25,23,25,22,15,16,22,16,27,19,17,21,23,22,24,25,23,15,30,19,21,20,22,29,18,24,14,20,26,24,14,24,23,17,26,23,26,25,17,16,24,28,26,24,31,24,20,31,30,31,24,22,24,30,34,19,29,21,23,25,25,19,19,31,14,18,22,18,22,17,22,28,21,15,22,30,27,20,17,24,20,20,21,19,22,22,25,17,26,26,23,29,19,28,24,29,26
STAT,refine,Iterations,183,140030,868,758,925,721,793,889,849,904,735,930,933,1175,928,661,748,699,679,830,896,619,873,707,737,709,685,652,804,692,891,776,679,606,889,681,907,506,408,502,481,626,746,796,798,777,754,627,755,551,642,578,809,625,566,748,605,716,577,703,608,856,818,967,726,718,651,765,982,743,868,911,842,740,1060,991,762,755,744,742,803,975,901,829,876,888,688,695,752,678,605,860,748,716,842,753,822,999,593,436,579,541,849,869,816,705,911,790,731,704,862,892,514,947,482,591,724,672,709,677,767,750,739,738,1045,868,674,752,1039,736,864,816,677,1041,948,1266,789,871,786,851,794,599,1023,638,706,795,735,922,942,707,729,721,690,785,876,776,1092,773,1026,774,523,625,637,753,792,818,671,859,680,571,925,569,761,520,772,533,846,766,588,883,816,854,571,757,823
