Hello from MIC
Galois Benchmark Suite v2.2.0 (r0)
Copyright (C) 2013 The University of Texas at Austin
http://iss.ices.utexas.edu/galois/

application: GMetis
Partitions a graph into K parts and minimizing the graph cut
http://iss.ices.utexas.edu/?p=projects/galois/benchmarks/gMetis

INFO: CommandLine /work/02556/dpereira/MIC/apps/gmetis/gmetis -t=156 /work/02556/dpereira/Inputs/USA-road-d.W.gr 128
INFO: Hostname c558-002-mic0.stampede.tacc.utexas.edu
Created Graph with 6262104 nodes and 15248146 edges
Nodes 6262104| Edges 15248146 7624073

  Starting coarsening: 
Time coarsen:  2681 Size of final graph: 3148

  Sarting initial partitioning using GGGP:
Size in decade percentages:  -1,5 -0,119 1,4
Time clustering:  434

  Sarting refinnement with BKL2
Initial dist
Size in decade percentages:  -1,5 -0,119 1,4
Refined dist
Size in decade percentages:  -1,51 0,28 1,49
Time refinement:  1646


Time:  4939
Total edge cut : 8082

Part saved in : 0x7fff1b424460
STATTYPE,LOOP,CATEGORY,n,sum,T0,T1,T2,T3,T4,T5,T6,T7,T8,T9,T10,T11,T12,T13,T14,T15,T16,T17,T18,T19,T20,T21,T22,T23,T24,T25,T26,T27,T28,T29,T30,T31,T32,T33,T34,T35,T36,T37,T38,T39,T40,T41,T42,T43,T44,T45,T46,T47,T48,T49,T50,T51,T52,T53,T54,T55,T56,T57,T58,T59,T60,T61,T62,T63,T64,T65,T66,T67,T68,T69,T70,T71,T72,T73,T74,T75,T76,T77,T78,T79,T80,T81,T82,T83,T84,T85,T86,T87,T88,T89,T90,T91,T92,T93,T94,T95,T96,T97,T98,T99,T100,T101,T102,T103,T104,T105,T106,T107,T108,T109,T110,T111,T112,T113,T114,T115,T116,T117,T118,T119,T120,T121,T122,T123,T124,T125,T126,T127,T128,T129,T130,T131,T132,T133,T134,T135,T136,T137,T138,T139,T140,T141,T142,T143,T144,T145,T146,T147,T148,T149,T150,T151,T152,T153,T154,T155
STAT,(NULL),Coarsen,156,2681,2681,0,0,0,0,0,0,0,0,0,0,0,0,0,0,0,0,0,0,0,0,0,0,0,0,0,0,0,0,0,0,0,0,0,0,0,0,0,0,0,0,0,0,0,0,0,0,0,0,0,0,0,0,0,0,0,0,0,0,0,0,0,0,0,0,0,0,0,0,0,0,0,0,0,0,0,0,0,0,0,0,0,0,0,0,0,0,0,0,0,0,0,0,0,0,0,0,0,0,0,0,0,0,0,0,0,0,0,0,0,0,0,0,0,0,0,0,0,0,0,0,0,0,0,0,0,0,0,0,0,0,0,0,0,0,0,0,0,0,0,0,0,0,0,0,0,0,0,0,0,0,0,0,0,0,0
STAT,(NULL),Conflicts,156,0,0,0,0,0,0,0,0,0,0,0,0,0,0,0,0,0,0,0,0,0,0,0,0,0,0,0,0,0,0,0,0,0,0,0,0,0,0,0,0,0,0,0,0,0,0,0,0,0,0,0,0,0,0,0,0,0,0,0,0,0,0,0,0,0,0,0,0,0,0,0,0,0,0,0,0,0,0,0,0,0,0,0,0,0,0,0,0,0,0,0,0,0,0,0,0,0,0,0,0,0,0,0,0,0,0,0,0,0,0,0,0,0,0,0,0,0,0,0,0,0,0,0,0,0,0,0,0,0,0,0,0,0,0,0,0,0,0,0,0,0,0,0,0,0,0,0,0,0,0,0,0,0,0,0,0,0
STAT,(NULL),Iterations,156,255,8,0,5,4,0,0,3,4,4,0,3,3,6,0,0,0,0,0,0,0,0,5,0,0,0,2,1,4,3,2,0,1,0,1,0,3,1,3,3,2,3,3,1,2,4,1,2,0,0,4,6,0,7,0,3,3,0,0,3,7,3,0,0,0,2,0,0,0,0,0,0,2,0,0,0,0,3,0,4,0,0,0,1,0,0,0,0,0,3,3,0,3,0,1,0,2,2,1,5,2,4,4,1,0,2,2,1,2,0,3,2,5,4,3,1,1,2,1,1,2,10,2,4,3,1,0,0,0,2,0,0,2,8,1,0,0,0,1,0,0,2,1,1,2,0,0,3,0,0,2,3,1,1,5,2,0
STAT,(NULL),MeminfoPost,156,756899,4857,4853,4868,4859,4852,4853,4838,4856,4872,4889,4899,4842,4846,4845,4853,4858,4869,4857,4863,4844,4845,4844,4865,4857,4839,4844,4852,4850,4868,4866,4853,4860,4830,4855,4870,4881,4906,4852,4846,4843,4856,4854,4868,4852,4869,4845,4846,4842,4861,4865,4841,4840,4848,4864,4845,4862,4885,4842,4865,4859,4843,4857,4843,4843,4853,4840,4829,4853,4864,4853,4842,4847,4842,4830,4835,4851,4852,4885,4867,4833,4842,4862,4849,4830,4824,4850,4857,4863,4864,4854,4854,4834,4852,4841,4847,4827,4833,4842,4831,4858,4832,4862,4882,4877,4875,4836,4840,4862,4828,4830,4855,4861,4866,4848,4840,4852,4841,4841,4832,4842,4847,4833,4851,4881,4884,4877,4845,4844,4829,4847,4862,4888,4870,4873,4871,4837,4856,4840,4851,4846,4826,4834,4838,4864,4836,4826,4842,4826,4860,4830,4843,4850,4854,4851,4845,4856
STAT,(NULL),MeminfoPre,156,189215,1218,1214,1229,1220,1213,1214,1199,1217,1233,1250,1260,1203,1207,1206,1214,1219,1230,1218,1224,1205,1206,1205,1226,1218,1200,1205,1213,1211,1229,1227,1214,1221,1191,1216,1231,1242,1267,1213,1207,1204,1217,1215,1229,1213,1230,1206,1207,1203,1222,1226,1202,1201,1209,1225,1206,1223,1246,1203,1226,1220,1204,1218,1204,1204,1214,1201,1190,1214,1225,1214,1203,1208,1203,1191,1196,1212,1213,1246,1228,1194,1203,1223,1210,1191,1185,1211,1218,1224,1225,1215,1215,1195,1213,1202,1208,1188,1194,1203,1192,1219,1193,1223,1243,1238,1236,1197,1201,1223,1189,1191,1216,1222,1227,1209,1201,1213,1202,1202,1193,1203,1208,1194,1212,1242,1245,1238,1206,1205,1190,1208,1223,1249,1231,1234,1232,1198,1217,1201,1212,1207,1187,1195,1199,1225,1197,1187,1203,1187,1221,1191,1204,1211,1215,1212,1206,1217
STAT,(NULL),Partition,156,434,434,0,0,0,0,0,0,0,0,0,0,0,0,0,0,0,0,0,0,0,0,0,0,0,0,0,0,0,0,0,0,0,0,0,0,0,0,0,0,0,0,0,0,0,0,0,0,0,0,0,0,0,0,0,0,0,0,0,0,0,0,0,0,0,0,0,0,0,0,0,0,0,0,0,0,0,0,0,0,0,0,0,0,0,0,0,0,0,0,0,0,0,0,0,0,0,0,0,0,0,0,0,0,0,0,0,0,0,0,0,0,0,0,0,0,0,0,0,0,0,0,0,0,0,0,0,0,0,0,0,0,0,0,0,0,0,0,0,0,0,0,0,0,0,0,0,0,0,0,0,0,0,0,0,0,0
STAT,(NULL),Refine,156,1646,1646,0,0,0,0,0,0,0,0,0,0,0,0,0,0,0,0,0,0,0,0,0,0,0,0,0,0,0,0,0,0,0,0,0,0,0,0,0,0,0,0,0,0,0,0,0,0,0,0,0,0,0,0,0,0,0,0,0,0,0,0,0,0,0,0,0,0,0,0,0,0,0,0,0,0,0,0,0,0,0,0,0,0,0,0,0,0,0,0,0,0,0,0,0,0,0,0,0,0,0,0,0,0,0,0,0,0,0,0,0,0,0,0,0,0,0,0,0,0,0,0,0,0,0,0,0,0,0,0,0,0,0,0,0,0,0,0,0,0,0,0,0,0,0,0,0,0,0,0,0,0,0,0,0,0,0
STAT,(NULL),Threads,156,156,156,0,0,0,0,0,0,0,0,0,0,0,0,0,0,0,0,0,0,0,0,0,0,0,0,0,0,0,0,0,0,0,0,0,0,0,0,0,0,0,0,0,0,0,0,0,0,0,0,0,0,0,0,0,0,0,0,0,0,0,0,0,0,0,0,0,0,0,0,0,0,0,0,0,0,0,0,0,0,0,0,0,0,0,0,0,0,0,0,0,0,0,0,0,0,0,0,0,0,0,0,0,0,0,0,0,0,0,0,0,0,0,0,0,0,0,0,0,0,0,0,0,0,0,0,0,0,0,0,0,0,0,0,0,0,0,0,0,0,0,0,0,0,0,0,0,0,0,0,0,0,0,0,0,0,0
STAT,(NULL),Time,156,4939,4939,0,0,0,0,0,0,0,0,0,0,0,0,0,0,0,0,0,0,0,0,0,0,0,0,0,0,0,0,0,0,0,0,0,0,0,0,0,0,0,0,0,0,0,0,0,0,0,0,0,0,0,0,0,0,0,0,0,0,0,0,0,0,0,0,0,0,0,0,0,0,0,0,0,0,0,0,0,0,0,0,0,0,0,0,0,0,0,0,0,0,0,0,0,0,0,0,0,0,0,0,0,0,0,0,0,0,0,0,0,0,0,0,0,0,0,0,0,0,0,0,0,0,0,0,0,0,0,0,0,0,0,0,0,0,0,0,0,0,0,0,0,0,0,0,0,0,0,0,0,0,0,0,0,0,0
STAT,match,Conflicts,156,6449,73,77,58,65,55,75,65,49,53,50,56,69,60,68,68,63,60,50,56,52,51,59,52,51,52,55,58,57,69,55,51,47,43,51,55,45,46,56,50,48,49,42,46,35,47,41,39,45,47,40,43,38,41,39,43,34,40,44,48,45,47,35,27,34,33,27,26,29,31,32,35,32,31,34,42,35,34,40,31,24,38,41,36,37,46,38,41,43,31,41,34,38,33,32,33,46,32,37,38,35,36,41,37,38,38,29,33,26,38,29,36,32,29,35,40,39,31,30,33,34,41,28,29,38,26,39,28,30,33,30,28,31,37,48,32,43,36,34,33,37,47,41,40,30,30,42,34,30,40,36,25,30,41,27,34,29
STAT,match,Iterations,156,15029261,60821,59184,76953,78560,75082,60611,85044,76080,69963,88439,82895,80679,67754,102014,65883,97111,79308,86384,88051,88792,93006,63742,82100,73165,109897,77055,82608,72631,71003,78915,84441,81218,75140,68189,98255,96828,95791,90436,94075,108056,82780,101823,108519,122128,85133,97662,101423,83348,97257,87531,103471,92899,98342,115130,78499,90365,91639,105991,91672,94697,95834,77511,96350,101252,110434,96390,106206,105100,89033,100411,89242,92023,107058,87508,97616,103470,105578,87326,116113,125018,109379,94638,79120,104180,84120,85676,97619,84573,101715,97848,109071,87402,104927,102263,91501,111213,123435,103788,121767,121864,107644,106272,100797,97336,100336,118312,110612,121567,139372,125117,108562,118943,107164,121089,105812,85654,113505,107527,118965,127574,105140,113481,92052,93421,104399,92401,98390,104718,80068,89291,94014,101771,104695,84630,102433,101999,98405,106759,100072,91457,83691,110242,95916,109080,123367,92909,114870,101996,86778,90732,99614,107496,87661,108302,103039,109772
STAT,popedge,Conflicts,156,0,0,0,0,0,0,0,0,0,0,0,0,0,0,0,0,0,0,0,0,0,0,0,0,0,0,0,0,0,0,0,0,0,0,0,0,0,0,0,0,0,0,0,0,0,0,0,0,0,0,0,0,0,0,0,0,0,0,0,0,0,0,0,0,0,0,0,0,0,0,0,0,0,0,0,0,0,0,0,0,0,0,0,0,0,0,0,0,0,0,0,0,0,0,0,0,0,0,0,0,0,0,0,0,0,0,0,0,0,0,0,0,0,0,0,0,0,0,0,0,0,0,0,0,0,0,0,0,0,0,0,0,0,0,0,0,0,0,0,0,0,0,0,0,0,0,0,0,0,0,0,0,0,0,0,0,0
STAT,popedge,Iterations,156,7365727,44169,41309,44799,42548,44535,44345,42930,45276,43078,45012,44570,45390,46788,45599,46780,47129,45006,46866,47245,47905,47444,46203,48147,46060,45296,45966,47528,45695,43538,47315,46687,45967,46184,46367,51959,53123,51730,52963,53177,51426,52516,50789,48514,52690,53709,50537,50912,55007,53121,53967,50183,48003,49742,48043,52433,50879,48744,50062,47649,47790,51573,41076,41546,41608,41316,43002,41806,41739,43117,42650,44608,42958,44135,43762,46091,44868,45360,43874,44224,42983,47009,46539,46851,46300,47380,47393,44652,45271,44415,44979,46308,44867,45479,46098,45738,50662,51520,52793,50880,53258,53407,53108,55162,50847,51464,49490,54787,52054,49780,54165,52399,53322,46719,49500,48937,51263,47523,49867,50208,49959,49384,51912,42885,41609,43059,41833,44488,40110,44265,43324,43382,45030,44918,46733,47704,46725,44994,47568,43994,48073,48583,47518,48344,45272,44901,46632,45919,44918,46291,45487,42481,46209,44799,48762,46827,46801
STAT,refine,Conflicts,156,5900,107,119,108,112,104,96,97,95,83,82,81,84,78,88,90,68,67,72,64,56,66,61,68,56,59,62,63,63,66,67,48,47,42,40,54,45,47,44,37,42,33,37,49,40,46,35,38,39,33,34,32,39,36,44,45,42,46,50,39,39,28,21,18,22,19,12,22,21,23,21,30,21,28,16,29,30,30,25,25,24,25,26,14,25,22,21,25,30,22,27,22,23,31,25,27,21,29,26,31,17,32,20,25,30,20,25,26,26,34,25,25,26,22,27,23,25,26,19,26,27,25,18,27,23,23,24,28,20,18,29,22,27,15,23,24,31,17,29,25,25,12,23,21,14,17,30,27,22,28,24,22,29,16,11,24,20
STAT,refine,Iterations,156,137293,875,983,1103,821,897,602,841,953,981,1261,839,921,701,1157,764,1043,865,871,791,814,928,693,666,652,995,763,859,650,758,973,646,737,688,715,1042,1368,1077,925,809,1004,986,933,1136,953,873,785,955,975,896,703,1043,867,787,957,809,930,894,1061,1047,787,1061,638,741,974,813,554,624,803,768,1032,775,784,885,669,1061,871,1191,858,1027,750,948,905,568,745,564,917,891,943,824,923,805,770,797,672,922,988,1341,1025,911,919,1079,1041,906,1113,1070,836,962,854,1068,974,1047,1291,944,950,805,701,904,1051,1170,1161,790,815,692,774,962,814,774,571,691,918,1014,990,938,824,901,1025,739,1092,792,968,609,801,899,810,674,666,809,751,941,644,642,898,626,1020,908,919
