Hello from MIC
Galois Benchmark Suite v2.2.0 (r0)
Copyright (C) 2013 The University of Texas at Austin
http://iss.ices.utexas.edu/galois/

application: GMetis
Partitions a graph into K parts and minimizing the graph cut
http://iss.ices.utexas.edu/?p=projects/galois/benchmarks/gMetis

INFO: CommandLine /work/02556/dpereira/MIC/apps/gmetis/gmetis -t=179 /work/02556/dpereira/Inputs/USA-road-d.W.gr 16
INFO: Hostname c558-002-mic0.stampede.tacc.utexas.edu
Created Graph with 6262104 nodes and 15248146 edges
Nodes 6262104| Edges 15248146 7624073

  Starting coarsening: 
Time coarsen:  3397 Size of final graph: 442

  Sarting initial partitioning using GGGP:
Size in decade percentages:  -1,1 -0,15
Time clustering:  373

  Sarting refinnement with BKL2
Initial dist
Size in decade percentages:  -1,1 -0,15
Refined dist
Size in decade percentages:  -1,6 0,4 1,6
Time refinement:  2015


Time:  5964
Total edge cut : 1941

Part saved in : 0x7fff2789b360
STATTYPE,LOOP,CATEGORY,n,sum,T0,T1,T2,T3,T4,T5,T6,T7,T8,T9,T10,T11,T12,T13,T14,T15,T16,T17,T18,T19,T20,T21,T22,T23,T24,T25,T26,T27,T28,T29,T30,T31,T32,T33,T34,T35,T36,T37,T38,T39,T40,T41,T42,T43,T44,T45,T46,T47,T48,T49,T50,T51,T52,T53,T54,T55,T56,T57,T58,T59,T60,T61,T62,T63,T64,T65,T66,T67,T68,T69,T70,T71,T72,T73,T74,T75,T76,T77,T78,T79,T80,T81,T82,T83,T84,T85,T86,T87,T88,T89,T90,T91,T92,T93,T94,T95,T96,T97,T98,T99,T100,T101,T102,T103,T104,T105,T106,T107,T108,T109,T110,T111,T112,T113,T114,T115,T116,T117,T118,T119,T120,T121,T122,T123,T124,T125,T126,T127,T128,T129,T130,T131,T132,T133,T134,T135,T136,T137,T138,T139,T140,T141,T142,T143,T144,T145,T146,T147,T148,T149,T150,T151,T152,T153,T154,T155,T156,T157,T158,T159,T160,T161,T162,T163,T164,T165,T166,T167,T168,T169,T170,T171,T172,T173,T174,T175,T176,T177,T178
STAT,(NULL),Coarsen,179,3397,3397,0,0,0,0,0,0,0,0,0,0,0,0,0,0,0,0,0,0,0,0,0,0,0,0,0,0,0,0,0,0,0,0,0,0,0,0,0,0,0,0,0,0,0,0,0,0,0,0,0,0,0,0,0,0,0,0,0,0,0,0,0,0,0,0,0,0,0,0,0,0,0,0,0,0,0,0,0,0,0,0,0,0,0,0,0,0,0,0,0,0,0,0,0,0,0,0,0,0,0,0,0,0,0,0,0,0,0,0,0,0,0,0,0,0,0,0,0,0,0,0,0,0,0,0,0,0,0,0,0,0,0,0,0,0,0,0,0,0,0,0,0,0,0,0,0,0,0,0,0,0,0,0,0,0,0,0,0,0,0,0,0,0,0,0,0,0,0,0,0,0,0,0,0,0,0,0,0,0
STAT,(NULL),Conflicts,179,0,0,0,0,0,0,0,0,0,0,0,0,0,0,0,0,0,0,0,0,0,0,0,0,0,0,0,0,0,0,0,0,0,0,0,0,0,0,0,0,0,0,0,0,0,0,0,0,0,0,0,0,0,0,0,0,0,0,0,0,0,0,0,0,0,0,0,0,0,0,0,0,0,0,0,0,0,0,0,0,0,0,0,0,0,0,0,0,0,0,0,0,0,0,0,0,0,0,0,0,0,0,0,0,0,0,0,0,0,0,0,0,0,0,0,0,0,0,0,0,0,0,0,0,0,0,0,0,0,0,0,0,0,0,0,0,0,0,0,0,0,0,0,0,0,0,0,0,0,0,0,0,0,0,0,0,0,0,0,0,0,0,0,0,0,0,0,0,0,0,0,0,0,0,0,0,0,0,0,0
STAT,(NULL),Iterations,179,31,5,0,0,0,0,0,0,0,0,0,0,0,0,0,0,0,0,0,0,0,0,0,0,1,0,0,0,0,0,0,3,0,0,0,0,0,0,0,0,0,0,0,0,1,0,0,0,0,0,0,0,0,0,0,0,0,0,0,0,0,0,0,0,1,0,0,0,0,0,0,0,0,0,0,0,0,0,0,0,0,1,2,0,0,0,0,0,0,0,0,0,1,1,0,0,0,0,0,0,0,0,0,0,0,0,0,0,2,0,0,0,0,1,0,0,0,0,0,0,0,0,0,0,0,0,0,0,0,0,0,0,0,0,0,0,0,0,0,3,0,0,0,1,0,2,0,0,0,0,0,0,0,4,0,0,0,0,0,0,0,0,0,0,0,0,0,0,0,0,0,0,2,0,0,0,0,0,0,0
STAT,(NULL),MeminfoPost,179,756540,4230,4217,4243,4235,4238,4222,4228,4214,4233,4242,4239,4289,4245,4208,4224,4219,4228,4229,4237,4241,4232,4233,4216,4222,4219,4236,4236,4224,4210,4219,4229,4218,4241,4238,4236,4223,4229,4214,4231,4245,4241,4287,4244,4210,4225,4218,4229,4226,4239,4240,4234,4232,4215,4223,4219,4236,4236,4223,4211,4220,4227,4236,4224,4232,4260,4223,4224,4238,4232,4217,4235,4217,4218,4217,4233,4207,4212,4227,4238,4230,4219,4225,4218,4212,4210,4212,4229,4215,4254,4251,4224,4211,4218,4234,4230,4210,4203,4209,4231,4231,4237,4237,4235,4223,4214,4226,4219,4219,4223,4204,4211,4215,4209,4238,4213,4206,4237,4256,4250,4250,4219,4217,4222,4232,4207,4205,4226,4231,4236,4238,4220,4214,4228,4217,4220,4211,4201,4218,4229,4211,4221,4254,4246,4259,4233,4219,4223,4204,4221,4232,4253,4254,4234,4257,4231,4212,4226,4222,4221,4223,4219,4208,4212,4210,4225,4233,4205,4202,4224,4206,4237,4205,4215,4224,4230,4226,4231,4214,4232
STAT,(NULL),MeminfoPre,179,189110,1060,1047,1073,1065,1068,1052,1058,1044,1063,1072,1069,1119,1075,1038,1054,1049,1058,1059,1067,1071,1062,1063,1046,1052,1049,1066,1066,1054,1040,1049,1059,1048,1071,1068,1066,1053,1059,1044,1061,1075,1071,1117,1074,1040,1055,1048,1059,1056,1069,1070,1064,1062,1045,1053,1049,1066,1066,1053,1041,1050,1057,1066,1054,1062,1090,1053,1054,1068,1062,1047,1065,1047,1048,1047,1063,1037,1042,1057,1068,1060,1049,1055,1048,1042,1040,1042,1059,1045,1084,1081,1054,1041,1048,1064,1060,1040,1033,1039,1061,1061,1067,1067,1065,1053,1044,1056,1049,1049,1053,1034,1041,1045,1039,1068,1043,1036,1067,1086,1080,1080,1049,1047,1052,1062,1037,1035,1056,1061,1066,1068,1050,1044,1058,1047,1050,1041,1031,1048,1059,1041,1051,1084,1076,1089,1063,1049,1053,1034,1051,1062,1083,1084,1064,1087,1061,1042,1056,1052,1051,1053,1049,1038,1042,1040,1055,1063,1035,1032,1054,1036,1067,1035,1045,1054,1060,1056,1061,1044,1062
STAT,(NULL),Partition,179,373,373,0,0,0,0,0,0,0,0,0,0,0,0,0,0,0,0,0,0,0,0,0,0,0,0,0,0,0,0,0,0,0,0,0,0,0,0,0,0,0,0,0,0,0,0,0,0,0,0,0,0,0,0,0,0,0,0,0,0,0,0,0,0,0,0,0,0,0,0,0,0,0,0,0,0,0,0,0,0,0,0,0,0,0,0,0,0,0,0,0,0,0,0,0,0,0,0,0,0,0,0,0,0,0,0,0,0,0,0,0,0,0,0,0,0,0,0,0,0,0,0,0,0,0,0,0,0,0,0,0,0,0,0,0,0,0,0,0,0,0,0,0,0,0,0,0,0,0,0,0,0,0,0,0,0,0,0,0,0,0,0,0,0,0,0,0,0,0,0,0,0,0,0,0,0,0,0,0,0
STAT,(NULL),Refine,179,2015,2015,0,0,0,0,0,0,0,0,0,0,0,0,0,0,0,0,0,0,0,0,0,0,0,0,0,0,0,0,0,0,0,0,0,0,0,0,0,0,0,0,0,0,0,0,0,0,0,0,0,0,0,0,0,0,0,0,0,0,0,0,0,0,0,0,0,0,0,0,0,0,0,0,0,0,0,0,0,0,0,0,0,0,0,0,0,0,0,0,0,0,0,0,0,0,0,0,0,0,0,0,0,0,0,0,0,0,0,0,0,0,0,0,0,0,0,0,0,0,0,0,0,0,0,0,0,0,0,0,0,0,0,0,0,0,0,0,0,0,0,0,0,0,0,0,0,0,0,0,0,0,0,0,0,0,0,0,0,0,0,0,0,0,0,0,0,0,0,0,0,0,0,0,0,0,0,0,0,0
STAT,(NULL),Threads,179,179,179,0,0,0,0,0,0,0,0,0,0,0,0,0,0,0,0,0,0,0,0,0,0,0,0,0,0,0,0,0,0,0,0,0,0,0,0,0,0,0,0,0,0,0,0,0,0,0,0,0,0,0,0,0,0,0,0,0,0,0,0,0,0,0,0,0,0,0,0,0,0,0,0,0,0,0,0,0,0,0,0,0,0,0,0,0,0,0,0,0,0,0,0,0,0,0,0,0,0,0,0,0,0,0,0,0,0,0,0,0,0,0,0,0,0,0,0,0,0,0,0,0,0,0,0,0,0,0,0,0,0,0,0,0,0,0,0,0,0,0,0,0,0,0,0,0,0,0,0,0,0,0,0,0,0,0,0,0,0,0,0,0,0,0,0,0,0,0,0,0,0,0,0,0,0,0,0,0,0
STAT,(NULL),Time,179,5964,5964,0,0,0,0,0,0,0,0,0,0,0,0,0,0,0,0,0,0,0,0,0,0,0,0,0,0,0,0,0,0,0,0,0,0,0,0,0,0,0,0,0,0,0,0,0,0,0,0,0,0,0,0,0,0,0,0,0,0,0,0,0,0,0,0,0,0,0,0,0,0,0,0,0,0,0,0,0,0,0,0,0,0,0,0,0,0,0,0,0,0,0,0,0,0,0,0,0,0,0,0,0,0,0,0,0,0,0,0,0,0,0,0,0,0,0,0,0,0,0,0,0,0,0,0,0,0,0,0,0,0,0,0,0,0,0,0,0,0,0,0,0,0,0,0,0,0,0,0,0,0,0,0,0,0,0,0,0,0,0,0,0,0,0,0,0,0,0,0,0,0,0,0,0,0,0,0,0,0
STAT,match,Conflicts,179,6321,69,57,60,62,52,55,54,50,56,51,45,49,52,59,44,48,41,54,47,52,52,50,44,43,48,44,57,45,53,45,36,28,35,54,35,47,37,38,41,38,43,40,48,31,36,36,39,40,47,41,44,40,37,39,41,37,45,42,34,41,42,30,30,33,25,28,26,25,30,28,35,19,27,30,32,31,29,29,35,32,27,23,28,41,24,28,25,34,28,35,27,27,28,26,33,27,37,32,31,28,33,28,32,31,35,31,28,29,36,24,27,37,32,24,32,28,29,29,35,33,37,27,27,23,24,32,25,30,32,33,21,26,35,42,30,38,28,28,28,31,29,34,33,27,30,29,33,28,34,31,32,28,25,29,28,30,33,38,29,36,28,24,28,28,38,28,35,29,31,34,33,33,29,25,35,35,32,25,32
STAT,match,Iterations,179,15010180,57680,73304,60445,61471,79946,62970,63177,63817,55422,72306,58632,81417,57167,56253,71066,64936,72427,78963,63780,72400,74743,63408,79618,68023,74512,59606,58076,74696,89713,83933,82667,76256,90410,61052,80931,71051,63312,89597,74099,64326,64677,95010,60388,94949,65287,58505,65282,63710,72293,82365,62098,67321,79192,68564,68129,85234,73297,94006,107494,98908,94548,82210,76361,91959,110038,86189,89734,86223,82317,80136,90328,91865,103384,108953,98938,98345,95006,85917,102559,95502,88735,88241,91086,84811,77963,88190,81140,88908,94791,65725,95248,81476,90684,102902,82897,82289,84970,67906,90602,89568,82662,103757,77966,71066,80820,75209,81825,89380,95539,100276,87666,81705,83068,91480,83078,91223,89816,92656,108539,107066,111306,100589,94620,85569,96850,111627,90076,96606,107953,111979,108677,99613,80239,86669,86991,97947,83772,96571,80307,88943,85579,80422,94156,88207,90464,100852,79316,92420,75215,89657,73005,93032,82427,71499,94186,76062,93889,112698,87448,74408,86903,109532,108547,85294,85665,88984,85357,81386,91530,89304,82132,77577,95378,89424,95099,71364,81952,78338,96810
STAT,popedge,Conflicts,179,0,0,0,0,0,0,0,0,0,0,0,0,0,0,0,0,0,0,0,0,0,0,0,0,0,0,0,0,0,0,0,0,0,0,0,0,0,0,0,0,0,0,0,0,0,0,0,0,0,0,0,0,0,0,0,0,0,0,0,0,0,0,0,0,0,0,0,0,0,0,0,0,0,0,0,0,0,0,0,0,0,0,0,0,0,0,0,0,0,0,0,0,0,0,0,0,0,0,0,0,0,0,0,0,0,0,0,0,0,0,0,0,0,0,0,0,0,0,0,0,0,0,0,0,0,0,0,0,0,0,0,0,0,0,0,0,0,0,0,0,0,0,0,0,0,0,0,0,0,0,0,0,0,0,0,0,0,0,0,0,0,0,0,0,0,0,0,0,0,0,0,0,0,0,0,0,0,0,0,0
STAT,popedge,Iterations,179,7351673,41015,37864,39007,41653,39260,39457,39102,39229,42182,39462,42039,40308,39158,42228,39314,40797,40290,41309,39596,39636,38684,40379,39221,40882,42321,42497,40359,39967,44026,41344,41249,41473,40343,41296,40592,40079,39649,39379,40482,41575,41499,40064,40704,42025,43586,42258,41681,40495,39816,40300,41915,43482,41887,41744,41534,40635,39565,47590,49358,46604,46278,39843,36912,38670,41750,38518,38847,38502,39059,38209,36679,38302,39867,38006,40441,38298,40428,39449,39299,38267,39366,39913,38743,39449,40784,41004,38134,39186,41571,41540,41885,40926,41194,41640,42610,42897,41640,43647,40152,42490,41612,41051,40272,42732,40187,42257,40829,40446,42280,40733,41932,42253,43311,40973,44991,40487,41971,39434,48298,48856,44939,48695,39527,37893,39532,39156,42327,41552,39187,40686,39186,39679,41924,40597,39626,39915,38678,40431,41004,40433,41517,41637,41599,40261,40560,38508,39670,39733,39696,38668,43215,42984,42188,40767,41420,44009,43581,40342,42236,42197,42709,42611,41749,39635,40098,39574,42535,43982,44135,40581,44191,42905,40281,42654,41666,42718,41640,42889,40620
STAT,refine,Conflicts,179,5868,115,123,119,121,101,99,117,91,85,96,83,94,97,89,81,74,59,59,65,76,66,72,61,68,72,75,68,55,67,55,47,35,31,29,40,25,37,39,48,42,31,30,47,40,36,36,32,35,36,39,41,33,41,41,34,38,40,32,23,31,30,20,22,18,26,32,22,17,15,17,33,22,23,22,28,13,14,26,16,18,34,11,16,18,20,22,20,11,25,26,21,13,18,19,10,20,15,20,15,20,23,29,7,20,20,24,15,20,13,11,19,22,15,28,15,12,17,13,21,18,22,23,15,14,17,26,15,23,22,25,15,25,20,19,30,14,17,21,10,26,17,21,15,24,17,21,17,22,22,18,23,21,14,15,10,29,18,15,19,15,25,18,15,10,24,16,14,9,15,20,19,22,24,10,14,16,22,22,19
STAT,refine,Iterations,179,41183,372,398,367,492,373,323,403,283,272,385,334,450,507,291,250,235,216,326,245,354,272,231,265,231,252,368,257,266,362,213,148,189,174,184,168,128,149,170,176,247,201,171,316,209,273,165,199,171,193,210,205,176,204,194,163,351,293,236,251,199,202,197,217,196,288,299,203,222,156,161,261,186,315,225,219,119,205,226,377,211,323,181,214,205,192,202,262,199,289,223,262,119,195,125,151,170,238,140,159,196,251,303,111,247,161,231,147,258,198,221,193,228,153,159,224,158,333,262,254,234,270,226,153,147,178,227,211,273,337,198,151,211,201,225,301,163,192,253,158,295,237,335,162,193,230,180,202,235,188,200,245,208,107,82,95,224,208,197,255,199,201,233,210,154,309,131,313,126,238,270,331,222,295,127,153,190,168,270,328
