Hello from MIC
Galois Benchmark Suite v2.2.0 (r0)
Copyright (C) 2013 The University of Texas at Austin
http://iss.ices.utexas.edu/galois/

application: GMetis
Partitions a graph into K parts and minimizing the graph cut
http://iss.ices.utexas.edu/?p=projects/galois/benchmarks/gMetis

INFO: CommandLine /work/02556/dpereira/MIC/apps/gmetis/gmetis -t=93 /work/02556/dpereira/Inputs/USA-road-d.W.gr 128
INFO: Hostname c557-903-mic0.stampede.tacc.utexas.edu
Created Graph with 6262104 nodes and 15248146 edges
Nodes 6262104| Edges 15248146 7624073

  Starting coarsening: 
Time coarsen:  2272 Size of final graph: 3058

  Sarting initial partitioning using GGGP:
Size in decade percentages:  -1,8 -0,116 1,4
Time clustering:  410

  Sarting refinnement with BKL2
Initial dist
Size in decade percentages:  -1,8 -0,116 1,4
Refined dist
Size in decade percentages:  -1,45 -0,37 1,46
Time refinement:  962


Time:  3821
Total edge cut : 7925

Part saved in : 0x7fff09c4d2e0
STATTYPE,LOOP,CATEGORY,n,sum,T0,T1,T2,T3,T4,T5,T6,T7,T8,T9,T10,T11,T12,T13,T14,T15,T16,T17,T18,T19,T20,T21,T22,T23,T24,T25,T26,T27,T28,T29,T30,T31,T32,T33,T34,T35,T36,T37,T38,T39,T40,T41,T42,T43,T44,T45,T46,T47,T48,T49,T50,T51,T52,T53,T54,T55,T56,T57,T58,T59,T60,T61,T62,T63,T64,T65,T66,T67,T68,T69,T70,T71,T72,T73,T74,T75,T76,T77,T78,T79,T80,T81,T82,T83,T84,T85,T86,T87,T88,T89,T90,T91,T92
STAT,(NULL),Coarsen,93,2272,2272,0,0,0,0,0,0,0,0,0,0,0,0,0,0,0,0,0,0,0,0,0,0,0,0,0,0,0,0,0,0,0,0,0,0,0,0,0,0,0,0,0,0,0,0,0,0,0,0,0,0,0,0,0,0,0,0,0,0,0,0,0,0,0,0,0,0,0,0,0,0,0,0,0,0,0,0,0,0,0,0,0,0,0,0,0,0,0,0,0,0,0,0
STAT,(NULL),Conflicts,93,0,0,0,0,0,0,0,0,0,0,0,0,0,0,0,0,0,0,0,0,0,0,0,0,0,0,0,0,0,0,0,0,0,0,0,0,0,0,0,0,0,0,0,0,0,0,0,0,0,0,0,0,0,0,0,0,0,0,0,0,0,0,0,0,0,0,0,0,0,0,0,0,0,0,0,0,0,0,0,0,0,0,0,0,0,0,0,0,0,0,0,0,0,0
STAT,(NULL),Iterations,93,255,8,2,1,6,5,0,5,0,2,4,3,0,0,2,3,4,3,3,0,3,5,5,4,2,5,2,3,1,3,1,5,0,1,1,4,2,0,3,1,4,9,0,2,4,0,5,7,1,6,7,3,6,0,3,2,4,3,6,4,5,5,9,2,2,4,4,0,3,0,0,3,0,2,4,2,3,0,4,0,2,1,2,2,2,1,2,0,4,0,8,1,0,0
STAT,(NULL),MeminfoPost,93,756620,8128,8163,8146,8129,8137,8196,8172,8121,8129,8165,8145,8130,8125,8155,8119,8130,8142,8149,8148,8126,8151,8209,8136,8120,8145,8160,8147,8123,8134,8139,8122,8141,8134,8175,8132,8145,8139,8119,8134,8102,8148,8135,8123,8109,8120,8135,8173,8118,8144,8108,8103,8143,8155,8143,8115,8130,8114,8102,8113,8128,8141,8187,8146,8132,8110,8118,8152,8141,8126,8120,8101,8112,8118,8181,8183,8124,8114,8136,8189,8173,8126,8136,8127,8118,8098,8150,8090,8109,8126,8116,8131,8140,8128
STAT,(NULL),MeminfoPre,93,189134,2026,2061,2044,2027,2035,2094,2070,2019,2027,2063,2043,2028,2023,2053,2017,2028,2040,2047,2046,2024,2049,2107,2034,2018,2043,2058,2045,2021,2032,2037,2020,2039,2032,2073,2030,2043,2037,2017,2032,2000,2046,2033,2021,2007,2018,2033,2071,2016,2042,2006,2001,2041,2053,2041,2013,2028,2012,2000,2011,2026,2039,2085,2044,2030,2008,2016,2050,2039,2024,2018,1999,2010,2016,2079,2081,2022,2012,2034,2087,2071,2024,2034,2025,2016,1996,2048,1988,2007,2024,2014,2029,2038,2026
STAT,(NULL),Partition,93,410,410,0,0,0,0,0,0,0,0,0,0,0,0,0,0,0,0,0,0,0,0,0,0,0,0,0,0,0,0,0,0,0,0,0,0,0,0,0,0,0,0,0,0,0,0,0,0,0,0,0,0,0,0,0,0,0,0,0,0,0,0,0,0,0,0,0,0,0,0,0,0,0,0,0,0,0,0,0,0,0,0,0,0,0,0,0,0,0,0,0,0,0,0
STAT,(NULL),Refine,93,962,962,0,0,0,0,0,0,0,0,0,0,0,0,0,0,0,0,0,0,0,0,0,0,0,0,0,0,0,0,0,0,0,0,0,0,0,0,0,0,0,0,0,0,0,0,0,0,0,0,0,0,0,0,0,0,0,0,0,0,0,0,0,0,0,0,0,0,0,0,0,0,0,0,0,0,0,0,0,0,0,0,0,0,0,0,0,0,0,0,0,0,0,0
STAT,(NULL),Threads,93,93,93,0,0,0,0,0,0,0,0,0,0,0,0,0,0,0,0,0,0,0,0,0,0,0,0,0,0,0,0,0,0,0,0,0,0,0,0,0,0,0,0,0,0,0,0,0,0,0,0,0,0,0,0,0,0,0,0,0,0,0,0,0,0,0,0,0,0,0,0,0,0,0,0,0,0,0,0,0,0,0,0,0,0,0,0,0,0,0,0,0,0,0,0
STAT,(NULL),Time,93,3821,3821,0,0,0,0,0,0,0,0,0,0,0,0,0,0,0,0,0,0,0,0,0,0,0,0,0,0,0,0,0,0,0,0,0,0,0,0,0,0,0,0,0,0,0,0,0,0,0,0,0,0,0,0,0,0,0,0,0,0,0,0,0,0,0,0,0,0,0,0,0,0,0,0,0,0,0,0,0,0,0,0,0,0,0,0,0,0,0,0,0,0,0,0
STAT,match,Conflicts,93,5864,141,105,91,85,103,97,87,80,84,81,96,88,76,79,63,92,59,73,106,85,107,86,64,83,56,85,75,84,76,80,67,68,45,47,42,38,48,52,62,44,52,55,55,42,71,45,49,28,48,52,51,55,42,38,47,37,46,51,55,30,53,50,59,39,43,68,56,45,47,55,30,67,37,45,52,55,50,28,68,79,70,52,76,56,83,38,71,49,73,66,71,53,51
STAT,match,Iterations,93,14991740,112062,152778,135470,155660,129832,116189,147874,138261,143192,142318,139918,143444,137446,151789,160580,137018,148159,152161,136185,169355,131556,157576,159129,165089,166235,138922,159830,165938,129253,164362,171929,152223,182311,153869,188005,176250,161496,185527,168806,185671,161681,172603,181403,180756,172009,167812,165888,197300,173451,166791,181761,164453,172649,178683,178076,181036,172310,186634,168068,171999,172432,140761,144401,163861,168419,147016,149305,163097,178731,172413,185733,157038,175895,157119,166680,157368,171206,179660,139988,151438,174727,164979,155304,173111,151274,185231,147547,178317,161113,150398,158566,168207,171374
STAT,popedge,Conflicts,93,0,0,0,0,0,0,0,0,0,0,0,0,0,0,0,0,0,0,0,0,0,0,0,0,0,0,0,0,0,0,0,0,0,0,0,0,0,0,0,0,0,0,0,0,0,0,0,0,0,0,0,0,0,0,0,0,0,0,0,0,0,0,0,0,0,0,0,0,0,0,0,0,0,0,0,0,0,0,0,0,0,0,0,0,0,0,0,0,0,0,0,0,0,0
STAT,popedge,Iterations,93,7347931,76713,74935,75881,75223,77379,73919,74547,76225,75599,73819,75358,77248,74974,72160,72455,77803,75120,75891,79129,79608,80602,74878,78852,78029,74902,75202,77985,77660,68944,79580,76471,72289,82814,78337,78449,78431,79813,80725,84862,83750,81059,82512,82291,82073,83582,83300,83284,86864,86932,93246,90526,89209,85349,83718,87614,86925,89000,87020,87803,86995,86593,73272,74144,75370,77366,76913,72572,72263,70044,74896,70904,77796,74213,72147,73174,75722,74108,75892,79066,79659,82878,79453,75913,81734,83123,77745,85471,78152,84040,75756,84014,82987,74688
STAT,refine,Conflicts,93,4225,132,125,108,109,104,101,90,86,78,73,75,81,74,72,67,71,58,59,59,57,67,55,48,53,45,50,44,50,50,50,48,50,48,40,50,37,45,51,37,33,36,38,38,24,42,36,32,32,41,31,38,34,32,45,38,40,44,32,35,36,42,29,34,29,26,24,25,25,23,25,25,23,23,20,30,21,24,22,20,23,27,25,30,23,27,30,28,20,23,27,29,27,42
STAT,refine,Iterations,93,132784,1257,1428,1447,1343,1367,1353,1503,1193,1592,1289,1238,1073,1291,1665,1119,1201,1115,1151,1490,1519,1665,1283,1378,1419,1468,1145,1444,1363,1538,1838,1519,1141,1791,1635,1764,1569,1590,1520,1307,1312,1530,1593,1388,1412,1771,1676,1729,1314,1604,1357,1190,1558,1582,1780,1360,1372,1288,1530,1426,1515,1606,1398,1323,1532,1266,1164,1393,1435,1045,1091,1389,1248,1197,1533,1646,1165,1403,1238,1369,1462,1424,1957,1309,1356,1203,1716,1318,1613,1491,1205,1684,1927,1380
