Hello from MIC
Galois Benchmark Suite v2.2.0 (r0)
Copyright (C) 2013 The University of Texas at Austin
http://iss.ices.utexas.edu/galois/

application: GMetis
Partitions a graph into K parts and minimizing the graph cut
http://iss.ices.utexas.edu/?p=projects/galois/benchmarks/gMetis

INFO: CommandLine /work/02556/dpereira/MIC/apps/gmetis/gmetis -t=241 /work/02556/dpereira/Inputs/USA-road-d.W.gr 1024
INFO: Hostname c557-803-mic0.stampede.tacc.utexas.edu
Created Graph with 6262104 nodes and 15248146 edges
Nodes 6262104| Edges 15248146 7624073

  Starting coarsening: 
Time coarsen:  3226 Size of final graph: 22208

  Sarting initial partitioning using GGGP:
Size in decade percentages:  -1,72 -0,871 1,81
Time clustering:  1181

  Sarting refinnement with BKL2
Initial dist
Size in decade percentages:  -1,72 -0,871 1,81
Refined dist
Size in decade percentages:  -1,368 -0,284 1,371 4,1
Time refinement:  2307


Time:  6895
Total edge cut : 31974

Part saved in : 0x7fff92c2e2e0
STATTYPE,LOOP,CATEGORY,n,sum,T0,T1,T2,T3,T4,T5,T6,T7,T8,T9,T10,T11,T12,T13,T14,T15,T16,T17,T18,T19,T20,T21,T22,T23,T24,T25,T26,T27,T28,T29,T30,T31,T32,T33,T34,T35,T36,T37,T38,T39,T40,T41,T42,T43,T44,T45,T46,T47,T48,T49,T50,T51,T52,T53,T54,T55,T56,T57,T58,T59,T60,T61,T62,T63,T64,T65,T66,T67,T68,T69,T70,T71,T72,T73,T74,T75,T76,T77,T78,T79,T80,T81,T82,T83,T84,T85,T86,T87,T88,T89,T90,T91,T92,T93,T94,T95,T96,T97,T98,T99,T100,T101,T102,T103,T104,T105,T106,T107,T108,T109,T110,T111,T112,T113,T114,T115,T116,T117,T118,T119,T120,T121,T122,T123,T124,T125,T126,T127,T128,T129,T130,T131,T132,T133,T134,T135,T136,T137,T138,T139,T140,T141,T142,T143,T144,T145,T146,T147,T148,T149,T150,T151,T152,T153,T154,T155,T156,T157,T158,T159,T160,T161,T162,T163,T164,T165,T166,T167,T168,T169,T170,T171,T172,T173,T174,T175,T176,T177,T178,T179,T180,T181,T182,T183,T184,T185,T186,T187,T188,T189,T190,T191,T192,T193,T194,T195,T196,T197,T198,T199,T200,T201,T202,T203,T204,T205,T206,T207,T208,T209,T210,T211,T212,T213,T214,T215,T216,T217,T218,T219,T220,T221,T222,T223,T224,T225,T226,T227,T228,T229,T230,T231,T232,T233,T234,T235,T236,T237,T238,T239,T240
STAT,(NULL),Coarsen,241,3226,3226,0,0,0,0,0,0,0,0,0,0,0,0,0,0,0,0,0,0,0,0,0,0,0,0,0,0,0,0,0,0,0,0,0,0,0,0,0,0,0,0,0,0,0,0,0,0,0,0,0,0,0,0,0,0,0,0,0,0,0,0,0,0,0,0,0,0,0,0,0,0,0,0,0,0,0,0,0,0,0,0,0,0,0,0,0,0,0,0,0,0,0,0,0,0,0,0,0,0,0,0,0,0,0,0,0,0,0,0,0,0,0,0,0,0,0,0,0,0,0,0,0,0,0,0,0,0,0,0,0,0,0,0,0,0,0,0,0,0,0,0,0,0,0,0,0,0,0,0,0,0,0,0,0,0,0,0,0,0,0,0,0,0,0,0,0,0,0,0,0,0,0,0,0,0,0,0,0,0,0,0,0,0,0,0,0,0,0,0,0,0,0,0,0,0,0,0,0,0,0,0,0,0,0,0,0,0,0,0,0,0,0,0,0,0,0,0,0,0,0,0,0,0,0,0,0,0,0,0,0,0,0,0,0,0,0,0,0,0,0,0
STAT,(NULL),Conflicts,241,0,0,0,0,0,0,0,0,0,0,0,0,0,0,0,0,0,0,0,0,0,0,0,0,0,0,0,0,0,0,0,0,0,0,0,0,0,0,0,0,0,0,0,0,0,0,0,0,0,0,0,0,0,0,0,0,0,0,0,0,0,0,0,0,0,0,0,0,0,0,0,0,0,0,0,0,0,0,0,0,0,0,0,0,0,0,0,0,0,0,0,0,0,0,0,0,0,0,0,0,0,0,0,0,0,0,0,0,0,0,0,0,0,0,0,0,0,0,0,0,0,0,0,0,0,0,0,0,0,0,0,0,0,0,0,0,0,0,0,0,0,0,0,0,0,0,0,0,0,0,0,0,0,0,0,0,0,0,0,0,0,0,0,0,0,0,0,0,0,0,0,0,0,0,0,0,0,0,0,0,0,0,0,0,0,0,0,0,0,0,0,0,0,0,0,0,0,0,0,0,0,0,0,0,0,0,0,0,0,0,0,0,0,0,0,0,0,0,0,0,0,0,0,0,0,0,0,0,0,0,0,0,0,0,0,0,0,0,0,0,0,0
STAT,(NULL),Iterations,241,2047,11,3,3,7,8,9,12,10,7,9,12,8,8,2,7,10,7,4,15,4,5,12,2,6,12,8,2,27,7,6,15,5,9,3,8,5,8,7,6,15,9,10,6,11,9,7,8,13,5,21,3,1,11,9,15,10,7,6,6,9,9,15,10,11,10,8,12,6,8,17,1,7,1,7,7,7,3,6,3,8,13,4,5,14,14,13,5,7,6,23,0,13,0,12,4,16,8,5,5,4,12,7,8,4,13,11,6,5,10,11,10,13,5,12,5,14,12,8,9,7,18,12,13,5,11,6,3,11,5,3,12,8,12,10,5,0,5,7,4,14,9,6,9,5,9,4,7,3,4,11,14,11,12,13,13,10,11,11,6,8,4,11,7,17,7,6,5,6,2,5,14,11,6,10,12,11,14,12,9,8,8,11,17,13,11,9,12,8,5,6,1,12,4,21,3,8,17,10,8,6,6,10,5,10,5,6,8,0,4,7,19,12,6,14,4,13,8,10,4,13,3,0,8,10,6,7,9,4,3,5,2,12,8,5,8,8,12,18,17,12,10
STAT,(NULL),MeminfoPost,241,757341,3147,3144,3141,3150,3147,3155,3142,3140,3154,3129,3131,3154,3144,3157,3164,3187,3162,3140,3131,3138,3140,3131,3155,3142,3152,3154,3145,3150,3145,3153,3125,3137,3140,3136,3155,3157,3135,3138,3130,3139,3144,3141,3130,3159,3157,3142,3155,3140,3137,3142,3133,3155,3134,3158,3148,3194,3163,3157,3129,3143,3135,3139,3140,3150,3148,3148,3164,3126,3158,3147,3139,3133,3134,3142,3153,3140,3160,3131,3131,3136,3142,3141,3150,3144,3138,3147,3167,3157,3134,3144,3145,3152,3145,3136,3146,3144,3134,3139,3135,3134,3152,3131,3125,3139,3143,3148,3154,3140,3138,3142,3133,3138,3133,3129,3136,3128,3144,3129,3152,3167,3163,3144,3131,3134,3135,3137,3163,3137,3129,3125,3125,3135,3144,3146,3150,3146,3155,3149,3140,3143,3135,3132,3150,3132,3137,3136,3139,3126,3135,3128,3135,3130,3131,3155,3132,3128,3143,3153,3170,3162,3157,3154,3135,3137,3135,3153,3138,3128,3126,3132,3144,3143,3151,3150,3152,3134,3140,3134,3144,3135,3137,3140,3130,3123,3138,3126,3151,3132,3127,3149,3159,3164,3162,3161,3149,3142,3131,3140,3127,3133,3143,3149,3158,3167,3155,3149,3160,3164,3139,3127,3140,3157,3127,3138,3141,3140,3130,3126,3126,3138,3136,3126,3168,3130,3126,3125,3142,3128,3129,3145,3136,3137,3131,3140,3145,3143,3142,3145,3142,3141,3141
STAT,(NULL),MeminfoPre,241,189304,790,787,784,793,790,798,785,783,797,772,774,797,787,800,807,830,805,783,774,781,783,774,798,785,795,797,788,793,788,796,768,780,783,779,798,800,778,781,773,782,787,784,773,802,800,785,798,783,780,785,776,798,777,801,791,837,806,800,772,786,778,782,783,793,791,791,807,769,801,790,782,776,777,785,796,783,803,774,774,779,785,784,793,787,781,790,810,800,777,787,788,795,788,779,789,787,777,782,778,777,795,774,768,782,786,791,797,783,781,785,776,781,776,772,779,771,787,772,795,810,806,787,774,777,778,780,806,780,772,768,768,778,787,789,793,789,798,792,783,786,778,775,793,775,780,779,782,769,778,771,778,773,774,798,775,771,786,796,813,805,800,797,778,780,778,796,781,771,769,775,787,786,794,793,795,777,783,777,787,778,780,783,773,766,781,769,794,775,770,792,802,807,805,804,792,785,774,783,770,776,786,792,801,810,798,792,803,807,782,770,783,800,770,781,784,783,773,769,769,781,779,769,811,773,769,768,785,771,772,788,779,780,774,783,788,786,785,788,785,784,784
STAT,(NULL),Partition,241,1181,1181,0,0,0,0,0,0,0,0,0,0,0,0,0,0,0,0,0,0,0,0,0,0,0,0,0,0,0,0,0,0,0,0,0,0,0,0,0,0,0,0,0,0,0,0,0,0,0,0,0,0,0,0,0,0,0,0,0,0,0,0,0,0,0,0,0,0,0,0,0,0,0,0,0,0,0,0,0,0,0,0,0,0,0,0,0,0,0,0,0,0,0,0,0,0,0,0,0,0,0,0,0,0,0,0,0,0,0,0,0,0,0,0,0,0,0,0,0,0,0,0,0,0,0,0,0,0,0,0,0,0,0,0,0,0,0,0,0,0,0,0,0,0,0,0,0,0,0,0,0,0,0,0,0,0,0,0,0,0,0,0,0,0,0,0,0,0,0,0,0,0,0,0,0,0,0,0,0,0,0,0,0,0,0,0,0,0,0,0,0,0,0,0,0,0,0,0,0,0,0,0,0,0,0,0,0,0,0,0,0,0,0,0,0,0,0,0,0,0,0,0,0,0,0,0,0,0,0,0,0,0,0,0,0,0,0,0,0,0,0,0
STAT,(NULL),Refine,241,2307,2307,0,0,0,0,0,0,0,0,0,0,0,0,0,0,0,0,0,0,0,0,0,0,0,0,0,0,0,0,0,0,0,0,0,0,0,0,0,0,0,0,0,0,0,0,0,0,0,0,0,0,0,0,0,0,0,0,0,0,0,0,0,0,0,0,0,0,0,0,0,0,0,0,0,0,0,0,0,0,0,0,0,0,0,0,0,0,0,0,0,0,0,0,0,0,0,0,0,0,0,0,0,0,0,0,0,0,0,0,0,0,0,0,0,0,0,0,0,0,0,0,0,0,0,0,0,0,0,0,0,0,0,0,0,0,0,0,0,0,0,0,0,0,0,0,0,0,0,0,0,0,0,0,0,0,0,0,0,0,0,0,0,0,0,0,0,0,0,0,0,0,0,0,0,0,0,0,0,0,0,0,0,0,0,0,0,0,0,0,0,0,0,0,0,0,0,0,0,0,0,0,0,0,0,0,0,0,0,0,0,0,0,0,0,0,0,0,0,0,0,0,0,0,0,0,0,0,0,0,0,0,0,0,0,0,0,0,0,0,0,0
STAT,(NULL),Threads,241,241,241,0,0,0,0,0,0,0,0,0,0,0,0,0,0,0,0,0,0,0,0,0,0,0,0,0,0,0,0,0,0,0,0,0,0,0,0,0,0,0,0,0,0,0,0,0,0,0,0,0,0,0,0,0,0,0,0,0,0,0,0,0,0,0,0,0,0,0,0,0,0,0,0,0,0,0,0,0,0,0,0,0,0,0,0,0,0,0,0,0,0,0,0,0,0,0,0,0,0,0,0,0,0,0,0,0,0,0,0,0,0,0,0,0,0,0,0,0,0,0,0,0,0,0,0,0,0,0,0,0,0,0,0,0,0,0,0,0,0,0,0,0,0,0,0,0,0,0,0,0,0,0,0,0,0,0,0,0,0,0,0,0,0,0,0,0,0,0,0,0,0,0,0,0,0,0,0,0,0,0,0,0,0,0,0,0,0,0,0,0,0,0,0,0,0,0,0,0,0,0,0,0,0,0,0,0,0,0,0,0,0,0,0,0,0,0,0,0,0,0,0,0,0,0,0,0,0,0,0,0,0,0,0,0,0,0,0,0,0,0,0
STAT,(NULL),Time,241,6895,6895,0,0,0,0,0,0,0,0,0,0,0,0,0,0,0,0,0,0,0,0,0,0,0,0,0,0,0,0,0,0,0,0,0,0,0,0,0,0,0,0,0,0,0,0,0,0,0,0,0,0,0,0,0,0,0,0,0,0,0,0,0,0,0,0,0,0,0,0,0,0,0,0,0,0,0,0,0,0,0,0,0,0,0,0,0,0,0,0,0,0,0,0,0,0,0,0,0,0,0,0,0,0,0,0,0,0,0,0,0,0,0,0,0,0,0,0,0,0,0,0,0,0,0,0,0,0,0,0,0,0,0,0,0,0,0,0,0,0,0,0,0,0,0,0,0,0,0,0,0,0,0,0,0,0,0,0,0,0,0,0,0,0,0,0,0,0,0,0,0,0,0,0,0,0,0,0,0,0,0,0,0,0,0,0,0,0,0,0,0,0,0,0,0,0,0,0,0,0,0,0,0,0,0,0,0,0,0,0,0,0,0,0,0,0,0,0,0,0,0,0,0,0,0,0,0,0,0,0,0,0,0,0,0,0,0,0,0,0,0,0
STAT,match,Conflicts,241,5825,45,39,41,35,33,35,35,32,37,34,38,31,35,33,41,38,32,29,35,30,27,37,36,33,34,32,34,33,28,36,34,34,29,24,36,31,29,30,31,29,26,37,27,29,34,32,29,26,28,32,34,31,31,30,29,27,32,27,19,22,24,20,28,20,20,25,27,22,17,23,16,20,17,18,25,20,29,21,16,24,25,19,23,20,24,20,23,23,20,23,23,22,19,18,22,22,25,22,18,24,23,20,26,21,18,20,18,30,20,25,22,25,17,27,25,24,19,24,23,16,18,22,25,19,23,20,21,19,26,14,22,24,28,18,18,16,24,21,24,16,28,21,20,22,18,17,22,19,18,19,25,14,26,26,16,26,26,20,23,21,24,20,29,30,25,21,23,18,21,19,23,20,23,17,25,19,19,23,19,25,22,23,18,24,19,25,21,23,21,19,17,22,16,20,21,19,24,29,30,17,21,20,22,20,21,18,24,24,20,22,16,19,20,24,22,25,21,20,18,20,23,24,18,26,23,20,17,21,16,23,20,21,23,21,19,27,25,24,25,21,16
STAT,match,Iterations,241,15004839,44189,48786,44307,49860,44231,47696,69934,39182,79783,54830,48516,41444,48582,60232,43799,54835,53304,50453,59166,45217,54854,60488,48585,73893,59623,46490,43910,42647,58503,41225,56512,48765,52537,57653,50710,81584,54902,44351,56722,55446,63822,47554,54458,54550,53651,46748,64764,62657,51520,53849,51049,38948,49945,52773,36624,51296,47777,49081,59251,60869,69667,52663,68348,79160,53849,60314,64905,54766,62109,59390,58559,80974,58425,57626,66871,74359,62448,46913,54183,79974,51840,61964,82188,44196,58261,62388,68146,58352,70545,58051,49892,42475,91680,69308,64957,80901,44933,64774,70672,73562,54066,74983,66514,59262,49399,59408,56152,64300,57300,58934,61908,64745,74448,61015,57594,70899,82896,74523,59949,88489,80058,75407,80998,56777,58781,72506,82643,51125,57923,71698,66480,51002,52573,62366,61382,71833,40956,69237,66964,64763,65223,58359,57552,68179,59674,95500,46209,76253,69077,57885,79923,87589,55668,53707,74100,62708,75414,62089,60046,66207,51828,49478,65134,65170,78791,80060,72963,63083,83124,94362,63247,60391,63834,88172,64376,66559,76224,49143,46697,65447,72224,55079,84192,69046,69977,65464,67333,55968,67207,63267,61854,66442,59184,85528,63414,75707,56783,70987,52481,60534,42608,65204,65270,53980,78330,78025,63888,57565,72945,56572,76584,69150,96721,71096,71440,41632,48379,48788,96221,68082,61322,70365,63277,67662,65567,73701,68397,79750,57495,68519,42205,69657,80560,80021,51384,54093,59687,69136,60187,60337,81145
STAT,popedge,Conflicts,241,0,0,0,0,0,0,0,0,0,0,0,0,0,0,0,0,0,0,0,0,0,0,0,0,0,0,0,0,0,0,0,0,0,0,0,0,0,0,0,0,0,0,0,0,0,0,0,0,0,0,0,0,0,0,0,0,0,0,0,0,0,0,0,0,0,0,0,0,0,0,0,0,0,0,0,0,0,0,0,0,0,0,0,0,0,0,0,0,0,0,0,0,0,0,0,0,0,0,0,0,0,0,0,0,0,0,0,0,0,0,0,0,0,0,0,0,0,0,0,0,0,0,0,0,0,0,0,0,0,0,0,0,0,0,0,0,0,0,0,0,0,0,0,0,0,0,0,0,0,0,0,0,0,0,0,0,0,0,0,0,0,0,0,0,0,0,0,0,0,0,0,0,0,0,0,0,0,0,0,0,0,0,0,0,0,0,0,0,0,0,0,0,0,0,0,0,0,0,0,0,0,0,0,0,0,0,0,0,0,0,0,0,0,0,0,0,0,0,0,0,0,0,0,0,0,0,0,0,0,0,0,0,0,0,0,0,0,0,0,0,0,0
STAT,popedge,Iterations,241,7350441,28140,29878,28197,28791,29279,28267,29230,29837,30237,29777,31945,29789,29225,30144,29497,30501,29452,28531,30575,29175,29207,31263,29698,29541,28849,29467,30089,29804,29308,30029,30912,29284,30628,31175,28087,29736,30693,30628,29929,29636,30825,31408,31101,28586,29946,29193,28935,28154,30212,31255,28964,29989,30237,29388,30202,30025,30311,28664,34303,32891,33127,29835,28920,30239,29331,28964,28647,30810,29248,31932,28209,30574,30000,30250,29628,29967,30264,30300,30472,31213,29174,30224,30513,30104,31423,28909,30806,30989,28671,30063,29046,30665,28829,29312,30105,29125,32291,30538,30552,29776,29968,31121,30738,31054,30397,30985,29321,30177,30714,31401,30671,30405,29497,29543,29067,31372,29772,31613,31775,35991,32915,34826,28620,31669,31461,32359,29185,31060,31999,29879,32488,31202,30065,33389,30854,30573,30433,30654,30288,30319,30635,29955,29963,30223,30246,32618,29777,29372,29369,29311,29451,33036,29528,30309,30784,30188,30824,31460,29324,31422,29484,28461,29892,32416,32163,30913,30687,32322,29868,32619,30552,30023,30171,33899,28337,30993,30600,31670,31980,30376,36436,33402,33267,30245,28351,31126,30077,30587,30333,30540,30221,30011,28398,31150,29507,29678,32173,29429,31351,29527,30567,31841,30946,30620,31099,31332,33639,30013,31155,29909,31707,33255,32205,30734,30162,29884,30113,31341,30203,30583,30829,29486,31343,32927,32554,30824,30449,29668,31428,32678,31478,29891,31546,32455,30975,29776,31371,30209,29975,30344,32013
STAT,refine,Conflicts,241,6400,79,72,78,76,72,80,75,65,62,68,71,70,64,63,52,49,45,51,57,52,44,61,46,53,56,52,57,45,51,42,37,40,37,35,35,46,45,48,34,36,30,31,39,46,36,24,37,42,55,39,43,39,36,46,28,36,30,44,28,25,33,23,26,24,14,25,19,23,20,20,19,22,28,16,26,25,29,16,14,16,17,16,21,16,21,18,20,17,20,19,21,16,21,16,20,25,12,23,23,23,20,12,18,17,19,13,11,18,22,23,18,20,16,25,23,25,26,21,24,18,14,14,21,18,18,28,24,23,20,21,15,20,24,17,17,19,26,26,24,10,17,23,19,16,9,25,12,20,18,18,18,17,15,16,19,16,25,17,24,20,16,16,15,12,20,18,17,14,29,20,21,21,20,23,30,21,19,21,17,15,11,13,25,14,21,15,17,24,18,13,19,13,16,23,18,18,15,23,20,19,15,20,25,15,25,23,23,17,22,9,22,16,18,18,17,15,17,18,17,15,21,16,14,14,20,22,17,26,17,15,14,25,20,28,16,17,21,13,16,19,12
STAT,refine,Iterations,241,434337,1283,1331,1598,1845,2243,1666,1860,1198,2526,1685,2099,1469,1467,2327,2092,2922,1801,1444,2142,1265,1615,2015,1594,2307,2015,1586,1267,1929,2084,1843,1911,1625,1444,1327,1284,2397,1646,1646,1270,1111,1730,1459,1823,2065,1550,1192,2341,1426,1383,1921,1687,1298,1561,1881,1149,1716,1479,1621,1163,1668,1915,2058,1788,2260,1565,2113,1829,1926,1535,2293,1672,2189,1581,1193,2572,1832,2466,1560,1227,2340,1691,1592,2245,1517,2002,2000,2253,1542,1893,1845,1504,1482,2366,1532,1675,2044,1696,1798,1788,1812,1811,1749,1599,1464,1553,2076,1107,2271,1643,1910,1437,1732,1557,1781,1934,2060,2606,1965,2050,2307,1876,2206,2094,1774,1627,1970,2600,1751,1749,1696,2111,1642,1731,1735,2178,2437,1917,2830,1874,1565,1969,1746,1523,1415,1231,2628,1332,2032,1607,1554,2551,2035,1523,1637,1638,1649,2149,1905,1714,1952,1354,1484,1605,1573,1730,2808,1918,1415,2000,1750,1786,2109,1963,1989,1824,1774,1846,1963,1666,1650,1309,1713,1857,1761,1675,1879,1967,1971,1605,1688,1939,2051,1608,2166,1858,1666,1847,2342,2030,1843,1354,2470,2264,1546,2117,2371,2222,1658,1964,1187,2164,2210,2059,1662,1767,1160,1213,1324,2262,1502,1636,1724,1399,1574,1816,1895,1839,2380,1321,1733,1020,1744,2137,2215,1329,1569,1924,1703,2125,1734,1814
