Hello from MIC
Galois Benchmark Suite v2.2.0 (r0)
Copyright (C) 2013 The University of Texas at Austin
http://iss.ices.utexas.edu/galois/

application: GMetis
Partitions a graph into K parts and minimizing the graph cut
http://iss.ices.utexas.edu/?p=projects/galois/benchmarks/gMetis

INFO: CommandLine /work/02556/dpereira/MIC/apps/gmetis/gmetis -t=152 /work/02556/dpereira/Inputs/USA-road-d.W.gr 16
INFO: Hostname c558-002-mic0.stampede.tacc.utexas.edu
Created Graph with 6262104 nodes and 15248146 edges
Nodes 6262104| Edges 15248146 7624073

  Starting coarsening: 
Time coarsen:  3082 Size of final graph: 440

  Sarting initial partitioning using GGGP:
Size in decade percentages:  -0,16
Time clustering:  370

  Sarting refinnement with BKL2
Initial dist
Size in decade percentages:  -0,16
Refined dist
Size in decade percentages:  -1,6 -0,3 1,7
Time refinement:  1807


Time:  5437
Total edge cut : 1898

Part saved in : 0x7fffa9ef0fe0
STATTYPE,LOOP,CATEGORY,n,sum,T0,T1,T2,T3,T4,T5,T6,T7,T8,T9,T10,T11,T12,T13,T14,T15,T16,T17,T18,T19,T20,T21,T22,T23,T24,T25,T26,T27,T28,T29,T30,T31,T32,T33,T34,T35,T36,T37,T38,T39,T40,T41,T42,T43,T44,T45,T46,T47,T48,T49,T50,T51,T52,T53,T54,T55,T56,T57,T58,T59,T60,T61,T62,T63,T64,T65,T66,T67,T68,T69,T70,T71,T72,T73,T74,T75,T76,T77,T78,T79,T80,T81,T82,T83,T84,T85,T86,T87,T88,T89,T90,T91,T92,T93,T94,T95,T96,T97,T98,T99,T100,T101,T102,T103,T104,T105,T106,T107,T108,T109,T110,T111,T112,T113,T114,T115,T116,T117,T118,T119,T120,T121,T122,T123,T124,T125,T126,T127,T128,T129,T130,T131,T132,T133,T134,T135,T136,T137,T138,T139,T140,T141,T142,T143,T144,T145,T146,T147,T148,T149,T150,T151
STAT,(NULL),Coarsen,152,3082,3082,0,0,0,0,0,0,0,0,0,0,0,0,0,0,0,0,0,0,0,0,0,0,0,0,0,0,0,0,0,0,0,0,0,0,0,0,0,0,0,0,0,0,0,0,0,0,0,0,0,0,0,0,0,0,0,0,0,0,0,0,0,0,0,0,0,0,0,0,0,0,0,0,0,0,0,0,0,0,0,0,0,0,0,0,0,0,0,0,0,0,0,0,0,0,0,0,0,0,0,0,0,0,0,0,0,0,0,0,0,0,0,0,0,0,0,0,0,0,0,0,0,0,0,0,0,0,0,0,0,0,0,0,0,0,0,0,0,0,0,0,0,0,0,0,0,0,0,0,0,0,0
STAT,(NULL),Conflicts,152,0,0,0,0,0,0,0,0,0,0,0,0,0,0,0,0,0,0,0,0,0,0,0,0,0,0,0,0,0,0,0,0,0,0,0,0,0,0,0,0,0,0,0,0,0,0,0,0,0,0,0,0,0,0,0,0,0,0,0,0,0,0,0,0,0,0,0,0,0,0,0,0,0,0,0,0,0,0,0,0,0,0,0,0,0,0,0,0,0,0,0,0,0,0,0,0,0,0,0,0,0,0,0,0,0,0,0,0,0,0,0,0,0,0,0,0,0,0,0,0,0,0,0,0,0,0,0,0,0,0,0,0,0,0,0,0,0,0,0,0,0,0,0,0,0,0,0,0,0,0,0,0,0
STAT,(NULL),Iterations,152,31,5,0,0,0,0,0,0,0,0,0,0,0,0,0,0,0,1,0,0,0,0,0,0,0,0,0,0,0,0,0,0,0,0,0,0,0,0,0,0,0,0,0,0,0,0,3,0,0,0,0,0,1,0,0,0,0,0,0,0,0,0,0,0,0,0,0,0,0,0,0,0,0,0,0,0,3,1,0,0,0,0,0,0,2,0,0,0,0,0,0,0,0,0,0,0,2,1,0,2,4,0,0,0,0,0,0,0,0,0,0,0,0,0,3,0,0,0,0,0,0,0,0,0,0,0,0,0,0,0,0,0,0,0,0,0,0,0,0,0,1,0,2,0,0,0,0,0,0,0,0,0,0
STAT,(NULL),MeminfoPost,152,756529,4982,4977,4994,4979,4980,4979,4963,4983,4999,5035,5007,4960,4970,4969,4991,4981,4994,4986,4985,4961,4965,4988,4990,4969,4961,4975,4969,4995,4989,4982,4985,4965,4978,4990,5009,5027,4981,4970,4968,4983,4982,4990,4985,4986,4967,4969,4972,4996,4972,4971,4967,4981,4982,4975,5014,4978,4976,4988,4976,4981,4969,4968,4966,4982,4951,4975,4989,4980,4967,4973,4969,4954,4960,4976,4975,5011,4991,4959,4967,4989,4971,4950,4954,4976,4984,4991,4989,4976,4972,4969,4969,4972,4964,4956,4956,4961,4985,4960,4967,5004,5011,5000,4968,4966,4987,4957,4952,4977,4985,4991,4973,4968,4976,4966,4966,4955,4965,4974,4958,4979,5013,5009,4992,4969,4968,4956,4976,4997,5015,4989,5008,4974,4965,4977,4970,4974,4960,4953,4965,4957,4997,4955,4956,4954,4969,4971,4969,4972,4982,4975,4972,4977
STAT,(NULL),MeminfoPre,152,189113,1249,1244,1261,1246,1247,1246,1230,1250,1266,1302,1274,1227,1237,1236,1258,1248,1261,1253,1252,1228,1232,1255,1257,1236,1228,1242,1236,1262,1256,1249,1252,1232,1245,1257,1276,1294,1248,1237,1235,1250,1249,1257,1252,1253,1234,1236,1239,1263,1239,1238,1234,1248,1249,1242,1281,1245,1243,1255,1243,1248,1236,1235,1233,1249,1218,1242,1256,1247,1234,1240,1236,1221,1227,1243,1242,1278,1258,1226,1234,1256,1238,1217,1221,1243,1251,1258,1256,1243,1239,1236,1236,1239,1231,1223,1223,1228,1252,1227,1234,1271,1278,1267,1235,1233,1254,1224,1219,1244,1252,1258,1240,1235,1243,1233,1233,1222,1232,1241,1225,1246,1280,1276,1259,1236,1235,1223,1243,1264,1282,1256,1275,1241,1232,1244,1237,1241,1227,1220,1232,1224,1264,1222,1223,1221,1236,1238,1236,1239,1249,1242,1239,1244
STAT,(NULL),Partition,152,370,370,0,0,0,0,0,0,0,0,0,0,0,0,0,0,0,0,0,0,0,0,0,0,0,0,0,0,0,0,0,0,0,0,0,0,0,0,0,0,0,0,0,0,0,0,0,0,0,0,0,0,0,0,0,0,0,0,0,0,0,0,0,0,0,0,0,0,0,0,0,0,0,0,0,0,0,0,0,0,0,0,0,0,0,0,0,0,0,0,0,0,0,0,0,0,0,0,0,0,0,0,0,0,0,0,0,0,0,0,0,0,0,0,0,0,0,0,0,0,0,0,0,0,0,0,0,0,0,0,0,0,0,0,0,0,0,0,0,0,0,0,0,0,0,0,0,0,0,0,0,0,0
STAT,(NULL),Refine,152,1807,1807,0,0,0,0,0,0,0,0,0,0,0,0,0,0,0,0,0,0,0,0,0,0,0,0,0,0,0,0,0,0,0,0,0,0,0,0,0,0,0,0,0,0,0,0,0,0,0,0,0,0,0,0,0,0,0,0,0,0,0,0,0,0,0,0,0,0,0,0,0,0,0,0,0,0,0,0,0,0,0,0,0,0,0,0,0,0,0,0,0,0,0,0,0,0,0,0,0,0,0,0,0,0,0,0,0,0,0,0,0,0,0,0,0,0,0,0,0,0,0,0,0,0,0,0,0,0,0,0,0,0,0,0,0,0,0,0,0,0,0,0,0,0,0,0,0,0,0,0,0,0,0
STAT,(NULL),Threads,152,152,152,0,0,0,0,0,0,0,0,0,0,0,0,0,0,0,0,0,0,0,0,0,0,0,0,0,0,0,0,0,0,0,0,0,0,0,0,0,0,0,0,0,0,0,0,0,0,0,0,0,0,0,0,0,0,0,0,0,0,0,0,0,0,0,0,0,0,0,0,0,0,0,0,0,0,0,0,0,0,0,0,0,0,0,0,0,0,0,0,0,0,0,0,0,0,0,0,0,0,0,0,0,0,0,0,0,0,0,0,0,0,0,0,0,0,0,0,0,0,0,0,0,0,0,0,0,0,0,0,0,0,0,0,0,0,0,0,0,0,0,0,0,0,0,0,0,0,0,0,0,0,0
STAT,(NULL),Time,152,5437,5437,0,0,0,0,0,0,0,0,0,0,0,0,0,0,0,0,0,0,0,0,0,0,0,0,0,0,0,0,0,0,0,0,0,0,0,0,0,0,0,0,0,0,0,0,0,0,0,0,0,0,0,0,0,0,0,0,0,0,0,0,0,0,0,0,0,0,0,0,0,0,0,0,0,0,0,0,0,0,0,0,0,0,0,0,0,0,0,0,0,0,0,0,0,0,0,0,0,0,0,0,0,0,0,0,0,0,0,0,0,0,0,0,0,0,0,0,0,0,0,0,0,0,0,0,0,0,0,0,0,0,0,0,0,0,0,0,0,0,0,0,0,0,0,0,0,0,0,0,0,0,0
STAT,match,Conflicts,152,6393,56,59,59,59,64,61,59,59,57,68,56,56,64,64,59,55,61,57,55,53,47,67,58,64,49,54,66,58,56,62,45,48,39,52,41,54,42,56,39,40,43,44,46,51,48,61,48,41,38,47,41,44,53,41,40,50,38,44,50,46,48,26,29,24,34,37,34,31,34,36,43,43,45,45,36,35,43,33,27,38,34,26,47,33,33,31,30,38,38,42,39,28,48,31,39,39,38,29,39,40,31,37,33,44,36,25,35,30,30,31,30,37,35,38,33,30,34,40,35,42,30,33,25,30,33,34,31,29,32,35,35,31,37,38,37,44,38,32,42,28,38,30,44,46,43,45,32,32,51,32,36,29
STAT,match,Iterations,152,15029638,60171,77102,66695,68352,82258,64221,67668,85282,88269,87517,83723,84590,81392,80666,66237,86764,78809,66487,80989,100482,66220,90640,63590,66868,76146,79631,77293,75672,80727,96564,98634,133613,95547,88511,100068,101728,103899,108629,107413,95116,110566,84869,97022,85786,84055,97710,84975,95287,94573,113970,106141,98070,86174,101400,111399,87080,104520,98393,121469,100564,87420,112613,94508,101430,80609,89878,98845,96006,94184,119290,86117,97728,110034,120165,104135,93212,97557,105390,116189,104557,105000,98950,91654,101078,94619,104148,96088,91907,103268,95240,106598,117199,98787,119596,106398,120138,112313,131939,100822,113416,113619,117217,139190,89439,108341,129869,117882,116405,119483,131103,116109,117239,119149,111344,98252,102678,115147,117996,116779,111663,115389,90386,106014,103073,87671,101675,99642,107205,96555,108457,93458,107665,100434,98597,111275,96969,93887,102368,94165,114360,110276,113614,101129,116455,90004,83431,95640,105710,105237,109963,100777,112022
STAT,popedge,Conflicts,152,0,0,0,0,0,0,0,0,0,0,0,0,0,0,0,0,0,0,0,0,0,0,0,0,0,0,0,0,0,0,0,0,0,0,0,0,0,0,0,0,0,0,0,0,0,0,0,0,0,0,0,0,0,0,0,0,0,0,0,0,0,0,0,0,0,0,0,0,0,0,0,0,0,0,0,0,0,0,0,0,0,0,0,0,0,0,0,0,0,0,0,0,0,0,0,0,0,0,0,0,0,0,0,0,0,0,0,0,0,0,0,0,0,0,0,0,0,0,0,0,0,0,0,0,0,0,0,0,0,0,0,0,0,0,0,0,0,0,0,0,0,0,0,0,0,0,0,0,0,0,0,0,0
STAT,popedge,Iterations,152,7364787,43425,43565,41630,43939,44764,47533,45304,46343,45299,45503,43855,45055,46392,46382,45477,45352,45538,47346,46756,47183,47416,46146,47789,48707,46758,48291,47677,44847,43578,44636,54100,54051,53946,53665,50827,52384,52919,54114,53577,49463,52078,53335,52467,52708,53314,54486,52528,51983,53175,54390,50284,50000,51264,51169,52570,48621,47480,49424,48644,48549,49372,41790,42655,42879,45375,43471,43132,43386,44931,46553,46675,44108,45866,44156,44516,46550,46268,46538,45936,46908,45226,48621,48592,46080,46665,46439,46458,47243,45109,45819,46609,54859,55327,53448,56972,50859,54214,54510,54697,53608,50948,54517,52586,52025,53646,53206,50954,54174,54474,53355,54737,52692,49895,53046,53510,52090,50097,51408,50949,54413,54302,50939,44854,43409,43968,43196,42094,45990,45466,46357,44663,43677,46173,46902,43805,46247,45815,45583,46183,46226,46929,48360,47786,46132,49774,47496,46730,47839,47465,43079,45334,46871
STAT,refine,Conflicts,152,5300,137,118,133,114,106,110,103,96,85,87,93,81,74,82,85,71,51,65,66,53,54,61,47,73,55,62,58,55,67,70,46,25,31,30,38,42,28,40,38,21,28,53,42,26,29,32,41,45,28,36,39,33,25,33,34,30,36,35,52,38,37,12,16,14,13,9,23,18,14,14,19,9,17,12,16,16,24,22,18,17,16,9,26,16,19,25,18,18,24,23,25,18,15,23,18,20,37,13,28,30,17,21,32,22,21,17,24,34,30,17,17,26,25,15,14,19,17,25,27,31,25,27,21,24,17,16,13,24,20,15,22,19,21,14,15,19,17,22,16,21,18,21,15,36,16,23,16,16,19,18,17,19
STAT,refine,Iterations,152,40768,434,405,407,346,389,446,369,367,344,394,351,308,318,337,327,320,237,257,290,237,212,278,241,251,248,435,326,252,411,384,247,329,196,301,288,322,305,195,322,156,274,311,238,168,269,219,253,409,263,319,266,305,235,259,273,166,203,317,309,321,285,286,165,153,170,195,254,223,171,301,236,175,157,212,232,241,308,271,185,246,126,138,272,182,211,291,213,309,192,322,351,252,318,190,349,231,341,256,249,367,236,320,413,272,193,170,218,267,434,225,318,323,404,233,208,309,158,276,302,266,323,261,275,201,177,172,274,275,224,154,218,238,281,118,192,276,282,257,212,221,244,147,187,291,177,204,196,380,267,229,338,347
