Hello from MIC
Galois Benchmark Suite v2.2.0 (r0)
Copyright (C) 2013 The University of Texas at Austin
http://iss.ices.utexas.edu/galois/

application: GMetis
Partitions a graph into K parts and minimizing the graph cut
http://iss.ices.utexas.edu/?p=projects/galois/benchmarks/gMetis

INFO: CommandLine /work/02556/dpereira/MIC/apps/gmetis/gmetis -t=105 /work/02556/dpereira/Inputs/USA-road-d.W.gr 128
INFO: Hostname c558-001-mic0.stampede.tacc.utexas.edu
Created Graph with 6262104 nodes and 15248146 edges
Nodes 6262104| Edges 15248146 7624073

  Starting coarsening: 
Time coarsen:  2313 Size of final graph: 3098

  Sarting initial partitioning using GGGP:
Size in decade percentages:  -1,6 -0,120 1,2
Time clustering:  436

  Sarting refinnement with BKL2
Initial dist
Size in decade percentages:  -1,6 -0,120 1,2
Refined dist
Size in decade percentages:  -1,43 0,42 1,43
Time refinement:  1057


Time:  3983
Total edge cut : 7878

Part saved in : 0x7fff18badf60
STATTYPE,LOOP,CATEGORY,n,sum,T0,T1,T2,T3,T4,T5,T6,T7,T8,T9,T10,T11,T12,T13,T14,T15,T16,T17,T18,T19,T20,T21,T22,T23,T24,T25,T26,T27,T28,T29,T30,T31,T32,T33,T34,T35,T36,T37,T38,T39,T40,T41,T42,T43,T44,T45,T46,T47,T48,T49,T50,T51,T52,T53,T54,T55,T56,T57,T58,T59,T60,T61,T62,T63,T64,T65,T66,T67,T68,T69,T70,T71,T72,T73,T74,T75,T76,T77,T78,T79,T80,T81,T82,T83,T84,T85,T86,T87,T88,T89,T90,T91,T92,T93,T94,T95,T96,T97,T98,T99,T100,T101,T102,T103,T104
STAT,(NULL),Coarsen,105,2313,2313,0,0,0,0,0,0,0,0,0,0,0,0,0,0,0,0,0,0,0,0,0,0,0,0,0,0,0,0,0,0,0,0,0,0,0,0,0,0,0,0,0,0,0,0,0,0,0,0,0,0,0,0,0,0,0,0,0,0,0,0,0,0,0,0,0,0,0,0,0,0,0,0,0,0,0,0,0,0,0,0,0,0,0,0,0,0,0,0,0,0,0,0,0,0,0,0,0,0,0,0,0,0,0,0
STAT,(NULL),Conflicts,105,0,0,0,0,0,0,0,0,0,0,0,0,0,0,0,0,0,0,0,0,0,0,0,0,0,0,0,0,0,0,0,0,0,0,0,0,0,0,0,0,0,0,0,0,0,0,0,0,0,0,0,0,0,0,0,0,0,0,0,0,0,0,0,0,0,0,0,0,0,0,0,0,0,0,0,0,0,0,0,0,0,0,0,0,0,0,0,0,0,0,0,0,0,0,0,0,0,0,0,0,0,0,0,0,0,0
STAT,(NULL),Iterations,105,255,8,1,1,0,2,0,0,4,0,3,7,0,0,3,0,0,0,0,0,0,3,2,1,1,1,3,10,1,0,4,3,0,2,1,9,3,0,4,0,0,0,0,1,1,6,0,3,8,1,2,1,4,4,5,5,6,9,6,1,3,2,6,5,5,2,3,0,0,4,0,1,3,0,0,0,3,4,0,4,0,5,5,3,2,1,0,8,5,0,1,2,3,1,4,4,3,3,4,4,1,1,1,6,0,3
STAT,(NULL),MeminfoPost,105,756673,7203,7231,7214,7210,7200,7218,7278,7215,7194,7207,7219,7216,7227,7189,7200,7227,7183,7201,7207,7224,7212,7203,7204,7232,7289,7192,7197,7212,7223,7221,7202,7194,7213,7214,7187,7212,7204,7244,7201,7219,7204,7209,7192,7206,7174,7210,7217,7200,7191,7179,7195,7212,7240,7189,7194,7215,7167,7196,7216,7231,7204,7188,7199,7200,7173,7188,7199,7179,7229,7250,7220,7190,7206,7172,7210,7228,7205,7194,7192,7178,7182,7200,7207,7252,7238,7192,7183,7212,7252,7237,7224,7188,7203,7203,7179,7180,7217,7173,7192,7157,7211,7193,7212,7209,7198
STAT,(NULL),MeminfoPre,105,189148,1798,1826,1809,1805,1795,1813,1873,1810,1789,1802,1814,1811,1822,1784,1795,1822,1778,1796,1802,1819,1807,1798,1799,1827,1884,1787,1792,1807,1818,1816,1797,1789,1808,1809,1782,1807,1799,1839,1796,1814,1799,1804,1787,1801,1769,1805,1812,1795,1786,1774,1790,1807,1835,1784,1789,1810,1762,1791,1811,1826,1799,1783,1794,1795,1768,1783,1794,1774,1824,1845,1815,1785,1801,1767,1805,1823,1800,1789,1787,1773,1777,1795,1802,1847,1833,1787,1778,1807,1847,1832,1819,1783,1798,1798,1774,1775,1812,1768,1787,1752,1806,1788,1807,1804,1793
STAT,(NULL),Partition,105,436,436,0,0,0,0,0,0,0,0,0,0,0,0,0,0,0,0,0,0,0,0,0,0,0,0,0,0,0,0,0,0,0,0,0,0,0,0,0,0,0,0,0,0,0,0,0,0,0,0,0,0,0,0,0,0,0,0,0,0,0,0,0,0,0,0,0,0,0,0,0,0,0,0,0,0,0,0,0,0,0,0,0,0,0,0,0,0,0,0,0,0,0,0,0,0,0,0,0,0,0,0,0,0,0,0
STAT,(NULL),Refine,105,1057,1057,0,0,0,0,0,0,0,0,0,0,0,0,0,0,0,0,0,0,0,0,0,0,0,0,0,0,0,0,0,0,0,0,0,0,0,0,0,0,0,0,0,0,0,0,0,0,0,0,0,0,0,0,0,0,0,0,0,0,0,0,0,0,0,0,0,0,0,0,0,0,0,0,0,0,0,0,0,0,0,0,0,0,0,0,0,0,0,0,0,0,0,0,0,0,0,0,0,0,0,0,0,0,0,0
STAT,(NULL),Threads,105,105,105,0,0,0,0,0,0,0,0,0,0,0,0,0,0,0,0,0,0,0,0,0,0,0,0,0,0,0,0,0,0,0,0,0,0,0,0,0,0,0,0,0,0,0,0,0,0,0,0,0,0,0,0,0,0,0,0,0,0,0,0,0,0,0,0,0,0,0,0,0,0,0,0,0,0,0,0,0,0,0,0,0,0,0,0,0,0,0,0,0,0,0,0,0,0,0,0,0,0,0,0,0,0,0,0
STAT,(NULL),Time,105,3983,3983,0,0,0,0,0,0,0,0,0,0,0,0,0,0,0,0,0,0,0,0,0,0,0,0,0,0,0,0,0,0,0,0,0,0,0,0,0,0,0,0,0,0,0,0,0,0,0,0,0,0,0,0,0,0,0,0,0,0,0,0,0,0,0,0,0,0,0,0,0,0,0,0,0,0,0,0,0,0,0,0,0,0,0,0,0,0,0,0,0,0,0,0,0,0,0,0,0,0,0,0,0,0,0,0
STAT,match,Conflicts,105,6134,120,86,93,95,92,86,97,78,71,70,69,57,75,78,73,59,66,65,86,56,88,74,74,57,68,57,72,67,97,96,72,66,77,77,75,47,61,60,70,68,59,71,50,45,60,42,51,39,44,59,50,59,39,52,42,41,43,46,48,42,50,43,48,52,48,50,65,30,34,47,44,40,32,47,47,46,43,50,42,52,45,39,50,52,31,51,40,54,66,67,52,48,56,66,52,65,38,40,49,48,52,55,69,26,36
STAT,match,Iterations,105,14998644,114101,114694,121062,122660,126150,108933,111039,113693,117173,136538,126492,141642,125173,129085,132264,139291,142815,130339,116369,149243,118320,116451,131907,129595,133996,129693,132165,119675,139935,130076,132030,143079,120269,148561,141059,136708,124976,147304,150954,148871,141014,136611,141548,147578,162641,155511,155876,162260,165048,161820,167881,148008,160570,160692,160749,145503,161298,150872,154044,153157,143931,159480,143789,142032,151109,161901,129114,154006,152857,134222,152958,149565,159404,158154,135179,149491,146501,169077,152316,145514,137034,145730,151062,144537,139549,145395,151548,148882,122918,144521,170416,162260,144962,137485,158812,139476,142661,151696,161097,154399,150353,148280,144418,172054,151438
STAT,popedge,Conflicts,105,0,0,0,0,0,0,0,0,0,0,0,0,0,0,0,0,0,0,0,0,0,0,0,0,0,0,0,0,0,0,0,0,0,0,0,0,0,0,0,0,0,0,0,0,0,0,0,0,0,0,0,0,0,0,0,0,0,0,0,0,0,0,0,0,0,0,0,0,0,0,0,0,0,0,0,0,0,0,0,0,0,0,0,0,0,0,0,0,0,0,0,0,0,0,0,0,0,0,0,0,0,0,0,0,0,0
STAT,popedge,Iterations,105,7350718,70683,67642,69834,68959,69192,68559,67323,68381,69807,66613,68303,64519,70010,70749,67819,67782,67159,71567,70686,66429,70789,69418,66073,66280,65621,69116,68965,70304,66509,71234,70003,71707,70241,72426,71021,64174,58698,68275,68070,68296,65874,68189,67598,69302,80244,77037,76798,75253,75088,75633,73564,77596,78320,80043,78961,82840,80773,80624,76449,76785,76941,65720,69816,68422,68823,65571,69543,68448,66774,68158,65638,66833,66515,67089,69612,65231,67277,64823,69419,70278,67075,66650,66447,66197,66613,66243,65542,66414,73722,70580,74841,73295,72923,73154,73431,73277,66710,58751,69889,69582,66586,70674,72324,71066,71594
STAT,refine,Conflicts,105,4336,119,107,112,92,93,86,90,74,81,80,80,78,75,74,65,53,52,68,65,58,51,56,61,53,59,47,63,60,54,50,34,38,28,38,50,40,46,42,43,51,41,41,35,38,38,24,29,31,35,38,34,42,42,37,30,31,30,24,32,35,20,26,27,28,21,26,21,24,26,30,15,26,25,22,26,20,22,20,30,33,28,18,22,25,30,30,23,31,24,25,30,20,26,15,25,20,22,24,22,23,30,20,23,16,23
STAT,refine,Iterations,105,131924,1074,1147,1001,1025,1004,1127,1642,1112,1223,1282,1530,1287,1192,1163,1272,1151,1047,1164,1126,1212,972,872,983,1210,1681,1088,1404,1557,1452,1396,1230,1487,948,1291,1055,1028,998,1440,1262,1772,1225,1416,1140,1421,1245,1321,1575,1332,1240,1444,1652,1586,1892,1090,1461,1117,1065,859,1105,1762,986,1320,1048,1064,998,1206,1142,1242,1315,1285,1253,1224,1119,1180,901,1206,1173,1080,1243,1398,1195,1215,1180,1176,1318,1527,1213,1517,1374,1527,1516,1261,1580,1021,1440,726,1227,1041,1199,1256,1736,1144,1560,1339,1398
