Hello from MIC
Galois Benchmark Suite v2.2.0 (r0)
Copyright (C) 2013 The University of Texas at Austin
http://iss.ices.utexas.edu/galois/

application: GMetis
Partitions a graph into K parts and minimizing the graph cut
http://iss.ices.utexas.edu/?p=projects/galois/benchmarks/gMetis

INFO: CommandLine /work/02556/dpereira/MIC/apps/gmetis/gmetis -t=231 /work/02556/dpereira/Inputs/USA-road-d.W.gr 1024
INFO: Hostname c557-803-mic0.stampede.tacc.utexas.edu
Created Graph with 6262104 nodes and 15248146 edges
Nodes 6262104| Edges 15248146 7624073

  Starting coarsening: 
Time coarsen:  3077 Size of final graph: 22255

  Sarting initial partitioning using GGGP:
Size in decade percentages:  -1,74 -0,887 1,63
Time clustering:  1194

  Sarting refinnement with BKL2
Initial dist
Size in decade percentages:  -1,74 -0,887 1,63
Refined dist
Size in decade percentages:  -1,368 -0,277 1,378 3,1
Time refinement:  2194


Time:  6647
Total edge cut : 31862

Part saved in : 0x7fffecf2c1e0
STATTYPE,LOOP,CATEGORY,n,sum,T0,T1,T2,T3,T4,T5,T6,T7,T8,T9,T10,T11,T12,T13,T14,T15,T16,T17,T18,T19,T20,T21,T22,T23,T24,T25,T26,T27,T28,T29,T30,T31,T32,T33,T34,T35,T36,T37,T38,T39,T40,T41,T42,T43,T44,T45,T46,T47,T48,T49,T50,T51,T52,T53,T54,T55,T56,T57,T58,T59,T60,T61,T62,T63,T64,T65,T66,T67,T68,T69,T70,T71,T72,T73,T74,T75,T76,T77,T78,T79,T80,T81,T82,T83,T84,T85,T86,T87,T88,T89,T90,T91,T92,T93,T94,T95,T96,T97,T98,T99,T100,T101,T102,T103,T104,T105,T106,T107,T108,T109,T110,T111,T112,T113,T114,T115,T116,T117,T118,T119,T120,T121,T122,T123,T124,T125,T126,T127,T128,T129,T130,T131,T132,T133,T134,T135,T136,T137,T138,T139,T140,T141,T142,T143,T144,T145,T146,T147,T148,T149,T150,T151,T152,T153,T154,T155,T156,T157,T158,T159,T160,T161,T162,T163,T164,T165,T166,T167,T168,T169,T170,T171,T172,T173,T174,T175,T176,T177,T178,T179,T180,T181,T182,T183,T184,T185,T186,T187,T188,T189,T190,T191,T192,T193,T194,T195,T196,T197,T198,T199,T200,T201,T202,T203,T204,T205,T206,T207,T208,T209,T210,T211,T212,T213,T214,T215,T216,T217,T218,T219,T220,T221,T222,T223,T224,T225,T226,T227,T228,T229,T230
STAT,(NULL),Coarsen,231,3077,3077,0,0,0,0,0,0,0,0,0,0,0,0,0,0,0,0,0,0,0,0,0,0,0,0,0,0,0,0,0,0,0,0,0,0,0,0,0,0,0,0,0,0,0,0,0,0,0,0,0,0,0,0,0,0,0,0,0,0,0,0,0,0,0,0,0,0,0,0,0,0,0,0,0,0,0,0,0,0,0,0,0,0,0,0,0,0,0,0,0,0,0,0,0,0,0,0,0,0,0,0,0,0,0,0,0,0,0,0,0,0,0,0,0,0,0,0,0,0,0,0,0,0,0,0,0,0,0,0,0,0,0,0,0,0,0,0,0,0,0,0,0,0,0,0,0,0,0,0,0,0,0,0,0,0,0,0,0,0,0,0,0,0,0,0,0,0,0,0,0,0,0,0,0,0,0,0,0,0,0,0,0,0,0,0,0,0,0,0,0,0,0,0,0,0,0,0,0,0,0,0,0,0,0,0,0,0,0,0,0,0,0,0,0,0,0,0,0,0,0,0,0,0,0,0,0,0,0,0,0,0
STAT,(NULL),Conflicts,231,0,0,0,0,0,0,0,0,0,0,0,0,0,0,0,0,0,0,0,0,0,0,0,0,0,0,0,0,0,0,0,0,0,0,0,0,0,0,0,0,0,0,0,0,0,0,0,0,0,0,0,0,0,0,0,0,0,0,0,0,0,0,0,0,0,0,0,0,0,0,0,0,0,0,0,0,0,0,0,0,0,0,0,0,0,0,0,0,0,0,0,0,0,0,0,0,0,0,0,0,0,0,0,0,0,0,0,0,0,0,0,0,0,0,0,0,0,0,0,0,0,0,0,0,0,0,0,0,0,0,0,0,0,0,0,0,0,0,0,0,0,0,0,0,0,0,0,0,0,0,0,0,0,0,0,0,0,0,0,0,0,0,0,0,0,0,0,0,0,0,0,0,0,0,0,0,0,0,0,0,0,0,0,0,0,0,0,0,0,0,0,0,0,0,0,0,0,0,0,0,0,0,0,0,0,0,0,0,0,0,0,0,0,0,0,0,0,0,0,0,0,0,0,0,0,0,0,0,0,0,0,0
STAT,(NULL),Iterations,231,2047,11,7,3,10,5,11,4,10,7,6,5,11,15,12,3,2,9,9,10,9,8,7,3,9,11,9,8,14,10,11,10,5,6,9,12,10,12,8,10,12,13,4,6,7,6,13,6,10,6,11,6,11,5,9,4,9,15,13,17,14,8,10,8,15,10,6,12,7,10,5,6,15,14,18,12,6,1,3,8,9,6,15,5,13,13,13,0,12,4,15,13,9,12,2,9,14,9,4,5,7,0,14,2,6,10,0,9,10,8,4,12,7,3,12,12,6,11,25,6,22,15,16,12,7,3,9,5,13,6,13,2,12,9,4,7,13,12,5,8,8,7,16,14,9,8,8,18,6,10,9,17,11,5,12,6,13,7,7,5,2,8,3,9,6,9,5,4,5,3,9,5,6,5,15,5,8,9,7,21,10,18,13,14,8,10,8,16,3,10,6,10,7,10,7,6,18,8,2,11,0,1,12,8,12,6,16,9,22,6,10,6,10,13,7,14,5,16,11,11,15,7,8,8,7,4,8,1,3,3,2,10
STAT,(NULL),MeminfoPost,231,757316,3284,3276,3281,3283,3288,3284,3280,3271,3288,3270,3285,3273,3292,3284,3331,3299,3289,3267,3277,3277,3264,3289,3280,3289,3286,3284,3286,3285,3282,3263,3276,3270,3283,3286,3290,3269,3268,3272,3276,3280,3268,3289,3294,3282,3291,3277,3275,3275,3269,3288,3277,3297,3297,3324,3303,3276,3267,3276,3277,3268,3281,3282,3286,3295,3283,3284,3279,3280,3267,3270,3278,3286,3291,3278,3270,3270,3271,3277,3281,3285,3278,3276,3286,3313,3273,3274,3283,3285,3285,3269,3282,3281,3270,3274,3270,3276,3283,3262,3263,3278,3286,3285,3284,3274,3269,3277,3271,3274,3262,3268,3265,3282,3265,3285,3303,3300,3281,3263,3272,3271,3274,3299,3268,3265,3258,3263,3278,3280,3281,3288,3286,3289,3276,3278,3274,3267,3287,3267,3274,3272,3273,3261,3267,3265,3275,3260,3291,3268,3267,3262,3294,3296,3302,3293,3297,3276,3269,3271,3287,3276,3264,3260,3268,3280,3280,3285,3288,3282,3277,3268,3278,3273,3273,3276,3262,3265,3267,3269,3284,3268,3263,3282,3294,3302,3299,3297,3284,3276,3269,3272,3262,3272,3280,3288,3301,3303,3286,3297,3295,3282,3264,3274,3289,3266,3277,3274,3276,3266,3264,3262,3272,3271,3281,3286,3260,3259,3257,3286,3252,3262,3298,3264,3271,3274,3277,3281,3278,3279,3280,3276,3276
STAT,(NULL),MeminfoPre,231,189287,825,817,822,824,829,825,821,812,829,811,826,814,833,825,872,840,830,808,818,818,805,830,821,830,827,825,827,826,823,804,817,811,824,827,831,810,809,813,817,821,809,830,835,823,832,818,816,816,810,829,818,838,838,865,844,817,808,817,818,809,822,823,827,836,824,825,820,821,808,811,819,827,832,819,811,811,812,818,822,826,819,817,827,854,814,815,824,826,826,810,823,822,811,815,811,817,824,803,804,819,827,826,825,815,810,818,812,815,803,809,806,823,806,826,844,841,822,804,813,812,815,840,809,806,799,804,819,821,822,829,827,830,817,819,815,808,828,808,815,813,814,802,808,806,816,801,832,809,808,803,835,837,843,834,838,817,810,812,828,817,805,801,809,821,821,826,829,823,818,809,819,814,814,817,803,806,808,810,825,809,804,823,835,843,840,838,825,817,810,813,803,813,821,829,842,844,827,838,836,823,805,815,830,807,818,815,817,807,805,803,813,812,822,827,801,800,798,827,793,803,839,805,812,815,818,822,819,820,821,817,817
STAT,(NULL),Partition,231,1194,1194,0,0,0,0,0,0,0,0,0,0,0,0,0,0,0,0,0,0,0,0,0,0,0,0,0,0,0,0,0,0,0,0,0,0,0,0,0,0,0,0,0,0,0,0,0,0,0,0,0,0,0,0,0,0,0,0,0,0,0,0,0,0,0,0,0,0,0,0,0,0,0,0,0,0,0,0,0,0,0,0,0,0,0,0,0,0,0,0,0,0,0,0,0,0,0,0,0,0,0,0,0,0,0,0,0,0,0,0,0,0,0,0,0,0,0,0,0,0,0,0,0,0,0,0,0,0,0,0,0,0,0,0,0,0,0,0,0,0,0,0,0,0,0,0,0,0,0,0,0,0,0,0,0,0,0,0,0,0,0,0,0,0,0,0,0,0,0,0,0,0,0,0,0,0,0,0,0,0,0,0,0,0,0,0,0,0,0,0,0,0,0,0,0,0,0,0,0,0,0,0,0,0,0,0,0,0,0,0,0,0,0,0,0,0,0,0,0,0,0,0,0,0,0,0,0,0,0,0,0,0
STAT,(NULL),Refine,231,2194,2194,0,0,0,0,0,0,0,0,0,0,0,0,0,0,0,0,0,0,0,0,0,0,0,0,0,0,0,0,0,0,0,0,0,0,0,0,0,0,0,0,0,0,0,0,0,0,0,0,0,0,0,0,0,0,0,0,0,0,0,0,0,0,0,0,0,0,0,0,0,0,0,0,0,0,0,0,0,0,0,0,0,0,0,0,0,0,0,0,0,0,0,0,0,0,0,0,0,0,0,0,0,0,0,0,0,0,0,0,0,0,0,0,0,0,0,0,0,0,0,0,0,0,0,0,0,0,0,0,0,0,0,0,0,0,0,0,0,0,0,0,0,0,0,0,0,0,0,0,0,0,0,0,0,0,0,0,0,0,0,0,0,0,0,0,0,0,0,0,0,0,0,0,0,0,0,0,0,0,0,0,0,0,0,0,0,0,0,0,0,0,0,0,0,0,0,0,0,0,0,0,0,0,0,0,0,0,0,0,0,0,0,0,0,0,0,0,0,0,0,0,0,0,0,0,0,0,0,0,0,0
STAT,(NULL),Threads,231,231,231,0,0,0,0,0,0,0,0,0,0,0,0,0,0,0,0,0,0,0,0,0,0,0,0,0,0,0,0,0,0,0,0,0,0,0,0,0,0,0,0,0,0,0,0,0,0,0,0,0,0,0,0,0,0,0,0,0,0,0,0,0,0,0,0,0,0,0,0,0,0,0,0,0,0,0,0,0,0,0,0,0,0,0,0,0,0,0,0,0,0,0,0,0,0,0,0,0,0,0,0,0,0,0,0,0,0,0,0,0,0,0,0,0,0,0,0,0,0,0,0,0,0,0,0,0,0,0,0,0,0,0,0,0,0,0,0,0,0,0,0,0,0,0,0,0,0,0,0,0,0,0,0,0,0,0,0,0,0,0,0,0,0,0,0,0,0,0,0,0,0,0,0,0,0,0,0,0,0,0,0,0,0,0,0,0,0,0,0,0,0,0,0,0,0,0,0,0,0,0,0,0,0,0,0,0,0,0,0,0,0,0,0,0,0,0,0,0,0,0,0,0,0,0,0,0,0,0,0,0,0
STAT,(NULL),Time,231,6647,6647,0,0,0,0,0,0,0,0,0,0,0,0,0,0,0,0,0,0,0,0,0,0,0,0,0,0,0,0,0,0,0,0,0,0,0,0,0,0,0,0,0,0,0,0,0,0,0,0,0,0,0,0,0,0,0,0,0,0,0,0,0,0,0,0,0,0,0,0,0,0,0,0,0,0,0,0,0,0,0,0,0,0,0,0,0,0,0,0,0,0,0,0,0,0,0,0,0,0,0,0,0,0,0,0,0,0,0,0,0,0,0,0,0,0,0,0,0,0,0,0,0,0,0,0,0,0,0,0,0,0,0,0,0,0,0,0,0,0,0,0,0,0,0,0,0,0,0,0,0,0,0,0,0,0,0,0,0,0,0,0,0,0,0,0,0,0,0,0,0,0,0,0,0,0,0,0,0,0,0,0,0,0,0,0,0,0,0,0,0,0,0,0,0,0,0,0,0,0,0,0,0,0,0,0,0,0,0,0,0,0,0,0,0,0,0,0,0,0,0,0,0,0,0,0,0,0,0,0,0,0
STAT,match,Conflicts,231,5644,39,28,30,34,40,42,38,39,37,37,40,36,37,35,39,38,35,34,31,31,38,34,35,35,40,28,39,33,38,33,27,28,27,31,30,27,31,30,30,25,35,28,27,23,31,31,30,29,21,27,29,28,28,28,23,34,31,41,34,33,23,23,20,16,23,19,25,23,20,26,19,25,25,20,24,24,26,15,26,17,22,21,20,15,19,20,22,22,19,19,22,17,22,24,25,18,30,18,21,20,20,22,21,23,19,19,26,22,20,23,22,18,21,19,17,27,22,21,24,22,26,21,17,18,20,22,21,21,20,24,19,13,27,24,20,19,18,26,28,22,23,20,18,20,27,16,23,25,20,25,28,20,19,24,19,22,20,20,23,20,25,22,20,22,30,17,23,22,19,20,21,23,21,23,18,22,21,20,23,29,21,25,24,22,19,17,19,17,19,28,22,18,20,21,25,21,21,18,26,22,17,26,22,24,23,22,20,20,19,23,21,22,21,22,29,19,20,18,21,21,19,24,23,23,21,25,24,20,25,23,30
STAT,match,Iterations,231,15002605,48021,73003,42791,48697,34903,54475,47259,62548,47739,54549,58475,55957,51449,55686,50042,58801,63379,49831,58626,63799,53666,54097,55390,58010,48803,61090,57994,56701,53712,56477,36669,68660,64364,62078,51193,71080,55305,40251,44428,59634,56252,50582,68282,49615,44934,64122,44079,76341,66240,75299,54274,62822,58613,52049,62192,64976,55476,55462,64739,57459,58512,51273,78257,59042,85268,53858,69294,88353,63925,51388,63817,47949,76777,39033,72039,63516,86132,65528,64330,73904,80660,52754,70465,85787,67074,53425,55611,81500,71324,80437,67592,89763,57781,56183,61903,70498,74968,76999,71427,65045,58522,68769,80356,83344,56299,65830,64112,49925,60957,59161,51421,64237,72539,54835,83980,49729,81667,59960,64508,85972,76011,61962,67966,63785,58410,65495,57499,65557,82943,67566,81562,71989,61811,66484,66391,77172,51420,57288,47192,69483,50484,63376,88626,61473,63004,57746,57878,59258,79273,40816,54497,67517,45393,78722,79367,86713,53380,87042,56918,47931,79349,62188,59441,76088,63760,62541,64798,67750,60650,89219,57871,74372,65728,67265,86894,104068,75511,82435,74697,73460,92683,71528,90091,51526,58700,63671,74636,64093,66524,68370,66914,70140,70520,62176,54111,77191,84335,67787,82572,61676,89701,70466,69294,50601,71474,71346,61480,56339,79272,65805,60603,85311,82022,52039,56235,79925,60307,71928,63170,68447,74386,81018,72411,74963,59169,63865,79339,66077,77876,73390,76663
STAT,popedge,Conflicts,231,0,0,0,0,0,0,0,0,0,0,0,0,0,0,0,0,0,0,0,0,0,0,0,0,0,0,0,0,0,0,0,0,0,0,0,0,0,0,0,0,0,0,0,0,0,0,0,0,0,0,0,0,0,0,0,0,0,0,0,0,0,0,0,0,0,0,0,0,0,0,0,0,0,0,0,0,0,0,0,0,0,0,0,0,0,0,0,0,0,0,0,0,0,0,0,0,0,0,0,0,0,0,0,0,0,0,0,0,0,0,0,0,0,0,0,0,0,0,0,0,0,0,0,0,0,0,0,0,0,0,0,0,0,0,0,0,0,0,0,0,0,0,0,0,0,0,0,0,0,0,0,0,0,0,0,0,0,0,0,0,0,0,0,0,0,0,0,0,0,0,0,0,0,0,0,0,0,0,0,0,0,0,0,0,0,0,0,0,0,0,0,0,0,0,0,0,0,0,0,0,0,0,0,0,0,0,0,0,0,0,0,0,0,0,0,0,0,0,0,0,0,0,0,0,0,0,0,0,0,0,0,0
STAT,popedge,Iterations,231,7347931,30705,30000,30577,29844,31414,31219,30541,30472,28988,29947,31503,30983,31340,30649,29782,30249,29823,30929,31037,31776,30426,29698,31877,29201,30229,29985,32182,30466,30111,32102,29690,30612,31578,30409,31754,31898,31289,31919,30824,31265,31157,29606,30674,29138,30574,30489,30853,31450,32787,33975,33735,33137,34417,33239,33004,35473,37405,34399,34875,37494,36262,30472,29731,29516,29898,30258,29942,31074,28983,30909,30037,31003,30605,30969,30473,30240,31994,29468,30903,30991,30449,30268,30539,31729,29664,31394,29511,32436,30419,31432,29725,31162,32367,30312,30100,32196,31043,31444,31141,32112,30100,30793,29162,32463,30971,29802,32009,30116,33085,36791,35306,34343,35007,34539,34850,35623,35342,37359,36546,36564,36723,35308,31856,30710,31643,27985,31306,30746,32320,30556,29472,32475,30510,30597,31909,32597,31380,31091,31280,32132,31014,29333,30161,33003,31973,30467,30491,32075,31100,30963,31659,30100,30232,31745,29905,29959,33280,30698,31163,32754,32180,30685,31600,31464,31481,28984,29592,31670,32300,31862,38823,34580,37867,34673,32637,40152,34323,36212,36621,36713,37872,37615,33577,30173,29932,28402,31780,29108,30689,32408,30080,31303,31726,31096,30057,31223,32173,32073,33155,32262,33558,29678,31922,30769,31085,31978,33156,32160,31757,32188,31010,31232,30729,30783,34970,32419,34800,30907,35101,30631,31199,31202,30583,33398,32188,30144,31545,32543,32835,31964,32587
STAT,refine,Conflicts,231,6458,87,91,80,83,72,72,77,69,67,61,72,64,62,69,55,58,46,57,58,50,53,62,53,51,54,56,55,53,54,51,41,40,27,31,30,36,37,51,36,38,32,50,41,43,26,33,34,42,32,42,42,44,36,39,36,33,40,33,40,41,38,13,15,21,19,21,20,26,29,16,18,24,18,13,27,20,23,13,16,25,18,13,18,18,12,25,25,30,27,22,17,18,24,18,27,18,14,15,22,18,30,24,26,21,12,11,20,17,18,15,17,19,23,17,20,16,24,17,33,31,22,17,15,31,20,18,11,20,31,12,21,15,16,17,17,17,20,12,19,14,15,26,16,26,23,20,22,23,17,21,18,28,16,23,13,17,19,13,18,15,12,18,16,32,19,17,12,24,15,20,13,20,20,18,24,27,26,18,28,21,19,25,21,19,20,26,12,16,12,31,29,25,15,28,16,22,25,25,25,14,21,20,17,19,23,19,27,22,20,21,14,19,20,25,18,16,17,18,18,18,26,25,19,22,23,23,28,17,20,19,22
STAT,refine,Iterations,231,434323,1881,2033,1857,1343,1786,1307,1854,1744,1723,1455,2204,1814,2102,2037,1864,1872,1495,1792,1319,1684,1574,1773,1711,1417,1697,1761,2050,1399,2015,2066,1475,2272,1321,1671,1354,1835,1601,1626,1560,1911,1536,2165,2472,1077,1373,1536,1637,2190,1753,3116,1634,1980,1862,2303,2001,2487,2216,1618,2458,2136,1880,1551,1962,1797,2113,1951,1952,2039,1472,1697,1932,1854,2286,1103,1899,1959,2339,1409,1750,1837,1912,1076,2038,2619,1308,2180,1826,2409,2189,2139,1623,1857,1647,1495,1584,2006,1926,1741,1757,1816,1727,1841,2523,2375,1046,1488,2086,1128,1851,1548,2038,1711,2260,2063,2186,1859,3071,2171,2376,3015,2310,2448,1693,1864,1840,1288,1731,1890,2361,1707,2027,1570,1757,1961,1639,1761,1980,1505,1373,1383,1280,1713,1673,2126,2058,1501,1995,1391,2099,1380,1875,2246,1540,1974,1600,2180,1619,1917,1900,1466,1737,1430,1679,2877,1944,1744,1798,1827,1321,2286,1572,2439,1944,1896,2454,3364,2184,2458,2469,2438,2730,2505,2517,2007,1776,1907,1800,1892,1655,2528,1776,2103,2083,2219,1603,1942,2498,2298,2407,1525,1644,1568,1976,1190,1975,2047,1643,1561,2033,1580,945,2011,2068,1854,1700,1847,1732,1453,1787,1774,2081,2074,1632,1844,2081,1972,1971,1869,2150,1645,2265
