Hello from MIC
Galois Benchmark Suite v2.2.0 (r0)
Copyright (C) 2013 The University of Texas at Austin
http://iss.ices.utexas.edu/galois/

application: GMetis
Partitions a graph into K parts and minimizing the graph cut
http://iss.ices.utexas.edu/?p=projects/galois/benchmarks/gMetis

INFO: CommandLine /work/02556/dpereira/MIC/apps/gmetis/gmetis -t=223 /work/02556/dpereira/Inputs/USA-road-d.W.gr 1024
INFO: Hostname c557-803-mic0.stampede.tacc.utexas.edu
Created Graph with 6262104 nodes and 15248146 edges
Nodes 6262104| Edges 15248146 7624073

  Starting coarsening: 
Time coarsen:  3034 Size of final graph: 22231

  Sarting initial partitioning using GGGP:
Size in decade percentages:  -1,56 -0,901 1,67
Time clustering:  1135

  Sarting refinnement with BKL2
Initial dist
Size in decade percentages:  -1,56 -0,901 1,67
Refined dist
Size in decade percentages:  -2,1 -1,366 0,287 1,369 2,1
Time refinement:  2052


Time:  6402
Total edge cut : 31768

Part saved in : 0x7fff59577ce0
STATTYPE,LOOP,CATEGORY,n,sum,T0,T1,T2,T3,T4,T5,T6,T7,T8,T9,T10,T11,T12,T13,T14,T15,T16,T17,T18,T19,T20,T21,T22,T23,T24,T25,T26,T27,T28,T29,T30,T31,T32,T33,T34,T35,T36,T37,T38,T39,T40,T41,T42,T43,T44,T45,T46,T47,T48,T49,T50,T51,T52,T53,T54,T55,T56,T57,T58,T59,T60,T61,T62,T63,T64,T65,T66,T67,T68,T69,T70,T71,T72,T73,T74,T75,T76,T77,T78,T79,T80,T81,T82,T83,T84,T85,T86,T87,T88,T89,T90,T91,T92,T93,T94,T95,T96,T97,T98,T99,T100,T101,T102,T103,T104,T105,T106,T107,T108,T109,T110,T111,T112,T113,T114,T115,T116,T117,T118,T119,T120,T121,T122,T123,T124,T125,T126,T127,T128,T129,T130,T131,T132,T133,T134,T135,T136,T137,T138,T139,T140,T141,T142,T143,T144,T145,T146,T147,T148,T149,T150,T151,T152,T153,T154,T155,T156,T157,T158,T159,T160,T161,T162,T163,T164,T165,T166,T167,T168,T169,T170,T171,T172,T173,T174,T175,T176,T177,T178,T179,T180,T181,T182,T183,T184,T185,T186,T187,T188,T189,T190,T191,T192,T193,T194,T195,T196,T197,T198,T199,T200,T201,T202,T203,T204,T205,T206,T207,T208,T209,T210,T211,T212,T213,T214,T215,T216,T217,T218,T219,T220,T221,T222
STAT,(NULL),Coarsen,223,3034,3034,0,0,0,0,0,0,0,0,0,0,0,0,0,0,0,0,0,0,0,0,0,0,0,0,0,0,0,0,0,0,0,0,0,0,0,0,0,0,0,0,0,0,0,0,0,0,0,0,0,0,0,0,0,0,0,0,0,0,0,0,0,0,0,0,0,0,0,0,0,0,0,0,0,0,0,0,0,0,0,0,0,0,0,0,0,0,0,0,0,0,0,0,0,0,0,0,0,0,0,0,0,0,0,0,0,0,0,0,0,0,0,0,0,0,0,0,0,0,0,0,0,0,0,0,0,0,0,0,0,0,0,0,0,0,0,0,0,0,0,0,0,0,0,0,0,0,0,0,0,0,0,0,0,0,0,0,0,0,0,0,0,0,0,0,0,0,0,0,0,0,0,0,0,0,0,0,0,0,0,0,0,0,0,0,0,0,0,0,0,0,0,0,0,0,0,0,0,0,0,0,0,0,0,0,0,0,0,0,0,0,0,0,0,0,0,0,0,0,0,0,0,0
STAT,(NULL),Conflicts,223,0,0,0,0,0,0,0,0,0,0,0,0,0,0,0,0,0,0,0,0,0,0,0,0,0,0,0,0,0,0,0,0,0,0,0,0,0,0,0,0,0,0,0,0,0,0,0,0,0,0,0,0,0,0,0,0,0,0,0,0,0,0,0,0,0,0,0,0,0,0,0,0,0,0,0,0,0,0,0,0,0,0,0,0,0,0,0,0,0,0,0,0,0,0,0,0,0,0,0,0,0,0,0,0,0,0,0,0,0,0,0,0,0,0,0,0,0,0,0,0,0,0,0,0,0,0,0,0,0,0,0,0,0,0,0,0,0,0,0,0,0,0,0,0,0,0,0,0,0,0,0,0,0,0,0,0,0,0,0,0,0,0,0,0,0,0,0,0,0,0,0,0,0,0,0,0,0,0,0,0,0,0,0,0,0,0,0,0,0,0,0,0,0,0,0,0,0,0,0,0,0,0,0,0,0,0,0,0,0,0,0,0,0,0,0,0,0,0,0,0,0,0,0,0
STAT,(NULL),Iterations,223,2047,11,6,5,12,2,9,5,12,1,2,5,11,13,4,6,10,13,9,7,14,15,16,8,3,13,15,7,10,10,9,14,6,6,4,3,10,8,7,11,1,14,10,15,4,9,13,13,11,4,13,4,15,3,14,12,10,14,15,9,15,8,9,8,12,6,4,9,9,7,6,4,10,5,4,4,14,10,6,6,12,10,15,12,4,3,5,13,5,8,7,4,13,7,4,8,7,8,8,13,12,4,19,2,16,7,5,9,11,9,11,14,11,15,7,2,6,8,14,9,14,14,3,7,9,7,10,5,7,16,7,6,8,10,10,12,12,16,5,9,7,10,17,13,14,10,7,5,13,7,4,5,9,14,14,11,10,2,12,9,6,5,5,15,13,9,6,6,17,15,8,13,12,7,18,5,15,18,14,17,8,13,14,14,3,6,10,9,1,7,4,17,6,7,7,9,9,5,8,5,10,7,5,7,13,11,5,4,20,6,9,3,9,17,6,6,14,16,11,11,11,7,17,8
STAT,(NULL),MeminfoPost,223,757305,3402,3391,3399,3404,3404,3405,3398,3392,3393,3388,3403,3397,3411,3422,3443,3407,3388,3394,3385,3396,3393,3406,3398,3414,3397,3405,3400,3400,3381,3392,3389,3406,3394,3410,3386,3387,3389,3400,3393,3391,3410,3400,3410,3392,3391,3404,3386,3404,3390,3412,3408,3447,3421,3398,3385,3394,3394,3389,3394,3405,3404,3420,3384,3412,3400,3381,3392,3390,3395,3404,3408,3387,3389,3388,3393,3397,3405,3399,3393,3402,3428,3393,3390,3402,3399,3405,3389,3398,3397,3387,3392,3387,3404,3386,3378,3388,3396,3402,3407,3392,3390,3396,3389,3391,3382,3378,3387,3398,3384,3401,3420,3418,3396,3381,3392,3387,3399,3406,3384,3382,3376,3382,3399,3400,3407,3394,3408,3408,3389,3397,3380,3395,3396,3386,3393,3389,3379,3383,3382,3393,3377,3411,3383,3383,3384,3411,3425,3415,3413,3408,3386,3389,3386,3411,3383,3380,3379,3396,3396,3405,3404,3405,3390,3389,3390,3394,3390,3394,3379,3383,3386,3382,3403,3384,3379,3407,3419,3416,3421,3413,3393,3388,3393,3381,3383,3397,3401,3419,3419,3406,3409,3419,3403,3381,3391,3407,3383,3392,3395,3395,3376,3381,3386,3382,3390,3416,3381,3379,3379,3392,3380,3382,3408,3382,3381,3392,3394,3400,3396,3395,3401,3391,3390
STAT,(NULL),MeminfoPre,223,189324,855,844,852,857,857,858,851,845,846,841,856,850,864,875,896,860,841,847,838,849,846,859,851,867,850,858,853,853,834,845,842,859,847,863,839,840,842,853,846,844,863,853,863,845,844,857,839,857,843,865,861,900,874,851,838,847,847,842,847,858,857,873,837,865,853,834,845,843,848,857,861,840,842,841,846,850,858,852,846,855,881,846,843,855,852,858,842,851,850,840,845,840,857,839,831,841,849,855,860,845,843,849,842,844,835,831,840,851,837,854,873,871,849,834,845,840,852,859,837,835,829,835,852,853,860,847,861,861,842,850,833,848,849,839,846,842,832,836,835,846,830,864,836,836,837,864,878,868,866,861,839,842,839,864,836,833,832,849,849,858,857,858,843,842,843,847,843,847,832,836,839,835,856,837,832,860,872,869,874,866,846,841,846,834,836,850,854,872,872,859,862,872,856,834,844,860,836,845,848,848,829,834,839,835,843,869,834,832,832,845,833,835,861,835,834,845,847,853,849,848,854,844,843
STAT,(NULL),Partition,223,1135,1135,0,0,0,0,0,0,0,0,0,0,0,0,0,0,0,0,0,0,0,0,0,0,0,0,0,0,0,0,0,0,0,0,0,0,0,0,0,0,0,0,0,0,0,0,0,0,0,0,0,0,0,0,0,0,0,0,0,0,0,0,0,0,0,0,0,0,0,0,0,0,0,0,0,0,0,0,0,0,0,0,0,0,0,0,0,0,0,0,0,0,0,0,0,0,0,0,0,0,0,0,0,0,0,0,0,0,0,0,0,0,0,0,0,0,0,0,0,0,0,0,0,0,0,0,0,0,0,0,0,0,0,0,0,0,0,0,0,0,0,0,0,0,0,0,0,0,0,0,0,0,0,0,0,0,0,0,0,0,0,0,0,0,0,0,0,0,0,0,0,0,0,0,0,0,0,0,0,0,0,0,0,0,0,0,0,0,0,0,0,0,0,0,0,0,0,0,0,0,0,0,0,0,0,0,0,0,0,0,0,0,0,0,0,0,0,0,0,0,0,0,0,0
STAT,(NULL),Refine,223,2052,2052,0,0,0,0,0,0,0,0,0,0,0,0,0,0,0,0,0,0,0,0,0,0,0,0,0,0,0,0,0,0,0,0,0,0,0,0,0,0,0,0,0,0,0,0,0,0,0,0,0,0,0,0,0,0,0,0,0,0,0,0,0,0,0,0,0,0,0,0,0,0,0,0,0,0,0,0,0,0,0,0,0,0,0,0,0,0,0,0,0,0,0,0,0,0,0,0,0,0,0,0,0,0,0,0,0,0,0,0,0,0,0,0,0,0,0,0,0,0,0,0,0,0,0,0,0,0,0,0,0,0,0,0,0,0,0,0,0,0,0,0,0,0,0,0,0,0,0,0,0,0,0,0,0,0,0,0,0,0,0,0,0,0,0,0,0,0,0,0,0,0,0,0,0,0,0,0,0,0,0,0,0,0,0,0,0,0,0,0,0,0,0,0,0,0,0,0,0,0,0,0,0,0,0,0,0,0,0,0,0,0,0,0,0,0,0,0,0,0,0,0,0,0
STAT,(NULL),Threads,223,223,223,0,0,0,0,0,0,0,0,0,0,0,0,0,0,0,0,0,0,0,0,0,0,0,0,0,0,0,0,0,0,0,0,0,0,0,0,0,0,0,0,0,0,0,0,0,0,0,0,0,0,0,0,0,0,0,0,0,0,0,0,0,0,0,0,0,0,0,0,0,0,0,0,0,0,0,0,0,0,0,0,0,0,0,0,0,0,0,0,0,0,0,0,0,0,0,0,0,0,0,0,0,0,0,0,0,0,0,0,0,0,0,0,0,0,0,0,0,0,0,0,0,0,0,0,0,0,0,0,0,0,0,0,0,0,0,0,0,0,0,0,0,0,0,0,0,0,0,0,0,0,0,0,0,0,0,0,0,0,0,0,0,0,0,0,0,0,0,0,0,0,0,0,0,0,0,0,0,0,0,0,0,0,0,0,0,0,0,0,0,0,0,0,0,0,0,0,0,0,0,0,0,0,0,0,0,0,0,0,0,0,0,0,0,0,0,0,0,0,0,0,0,0
STAT,(NULL),Time,223,6402,6402,0,0,0,0,0,0,0,0,0,0,0,0,0,0,0,0,0,0,0,0,0,0,0,0,0,0,0,0,0,0,0,0,0,0,0,0,0,0,0,0,0,0,0,0,0,0,0,0,0,0,0,0,0,0,0,0,0,0,0,0,0,0,0,0,0,0,0,0,0,0,0,0,0,0,0,0,0,0,0,0,0,0,0,0,0,0,0,0,0,0,0,0,0,0,0,0,0,0,0,0,0,0,0,0,0,0,0,0,0,0,0,0,0,0,0,0,0,0,0,0,0,0,0,0,0,0,0,0,0,0,0,0,0,0,0,0,0,0,0,0,0,0,0,0,0,0,0,0,0,0,0,0,0,0,0,0,0,0,0,0,0,0,0,0,0,0,0,0,0,0,0,0,0,0,0,0,0,0,0,0,0,0,0,0,0,0,0,0,0,0,0,0,0,0,0,0,0,0,0,0,0,0,0,0,0,0,0,0,0,0,0,0,0,0,0,0,0,0,0,0,0,0
STAT,match,Conflicts,223,5883,43,39,36,34,39,34,39,41,35,35,35,42,37,42,29,42,37,34,35,37,36,26,31,41,32,34,29,28,35,44,41,32,35,32,33,28,42,34,32,27,31,29,27,27,29,26,27,32,27,29,32,35,31,44,30,34,25,30,36,34,30,28,25,23,28,28,23,22,21,27,24,22,27,26,23,22,23,20,21,24,18,26,24,23,19,23,17,25,27,30,26,20,20,28,22,25,26,26,20,25,27,21,29,16,23,26,22,27,18,19,24,27,25,23,25,22,15,24,19,26,16,24,21,21,22,22,25,23,33,22,31,24,22,22,22,28,15,25,24,17,16,28,27,25,19,23,26,19,23,26,24,29,26,23,24,28,26,24,24,28,25,27,23,24,24,28,21,23,28,24,24,20,23,26,28,29,23,26,20,24,24,26,17,19,24,25,22,29,19,22,19,30,17,24,27,29,22,19,22,18,24,20,21,23,25,24,26,16,28,22,25,21,23,23,21,22,23,19,22,27,35,24,31
STAT,match,Iterations,223,15007220,39020,62086,60370,43461,55472,49942,51533,47933,61842,52616,66460,73290,50338,63857,49226,44354,56499,69361,43285,49415,62027,48119,42103,52849,54808,45749,66048,49243,65806,46389,57854,61248,49152,68213,58865,71133,53997,51034,81255,67992,66857,69752,48580,77792,66322,53348,64901,55082,50493,61543,56418,65475,63399,57495,54192,47930,59413,67390,69413,55778,72689,70545,52294,66777,45797,90657,60988,70081,56815,71194,59523,76243,56561,62571,80425,54413,91770,66787,76586,57005,79315,70299,60780,53372,84540,64869,86054,64816,66726,74062,53478,54932,75106,76878,56825,63226,82481,60609,71530,75078,70540,86425,71215,90755,72381,67784,76518,81975,71675,79795,58434,76796,75503,91886,73270,82301,83350,69308,68583,64975,94615,83571,83737,65981,68553,57556,62019,64580,64563,48895,53581,60699,80526,67468,74853,56229,69846,73870,72032,104084,80068,86012,71068,54568,59611,64795,77518,68819,67249,77843,57596,77772,72322,57753,53861,80460,58622,66816,59654,56047,66354,76826,75159,69612,82720,78166,69126,73935,75423,85246,64845,80052,76499,54546,74978,63728,70190,80704,82964,66872,84174,72082,76169,73149,62700,69336,59305,76214,66333,88197,60148,74950,80062,72001,78814,59032,66604,72099,85210,74195,61714,63737,69316,93387,83352,57370,73356,76361,66597,68821,68045,89280,80501,72904,61201,81035,78185,64715,69586,68752,58723,72734,69134
STAT,popedge,Conflicts,223,0,0,0,0,0,0,0,0,0,0,0,0,0,0,0,0,0,0,0,0,0,0,0,0,0,0,0,0,0,0,0,0,0,0,0,0,0,0,0,0,0,0,0,0,0,0,0,0,0,0,0,0,0,0,0,0,0,0,0,0,0,0,0,0,0,0,0,0,0,0,0,0,0,0,0,0,0,0,0,0,0,0,0,0,0,0,0,0,0,0,0,0,0,0,0,0,0,0,0,0,0,0,0,0,0,0,0,0,0,0,0,0,0,0,0,0,0,0,0,0,0,0,0,0,0,0,0,0,0,0,0,0,0,0,0,0,0,0,0,0,0,0,0,0,0,0,0,0,0,0,0,0,0,0,0,0,0,0,0,0,0,0,0,0,0,0,0,0,0,0,0,0,0,0,0,0,0,0,0,0,0,0,0,0,0,0,0,0,0,0,0,0,0,0,0,0,0,0,0,0,0,0,0,0,0,0,0,0,0,0,0,0,0,0,0,0,0,0,0,0,0,0,0,0
STAT,popedge,Iterations,223,7353587,30598,30549,32272,30002,31897,30384,32215,30949,32399,31110,32868,30008,30618,30692,30381,33514,31402,33710,32415,32582,31454,30915,32694,32915,30177,32487,32865,32538,31971,32360,31977,31208,33101,30621,32344,31665,31359,30700,30798,31594,33783,35086,35726,34843,35192,36369,36684,36326,35701,37352,34692,35595,36099,34769,34582,36335,35419,35884,36737,35305,34822,33053,31595,31215,30339,31542,31394,31178,31402,33326,32474,32862,30718,31862,32309,29919,30099,31963,31835,30408,33192,32059,30731,30392,31368,30533,29917,31244,31667,31839,31661,33011,30866,32231,31843,32036,31703,30270,30762,31220,31174,34916,37039,37826,34780,35696,36499,33912,36531,35567,34672,34455,35102,36170,35285,35824,39631,34288,36390,35066,35707,35872,29682,32059,33497,29943,33526,30295,30990,33129,32462,31582,31448,31649,30793,33097,30470,34064,31225,33790,29715,31988,32586,30450,30936,31034,30797,30779,30757,31114,33576,32122,31316,30525,34620,31776,32649,32901,32211,33095,31560,32038,38325,37868,35211,36627,37978,37043,34671,37714,34027,35574,35362,35806,36848,37125,33976,35553,35284,36212,35717,36691,34288,33263,30283,31829,31786,32993,33900,33333,31026,32341,33803,32754,34482,31154,34071,32037,32512,32049,35400,32637,32253,33050,32608,31098,31382,33518,32198,32236,31258,32566,31961,32750,33162,32361,32059,33194,33039,32876,31353,30352,32465
STAT,refine,Conflicts,223,6202,90,89,81,76,71,79,76,67,60,63,65,68,67,65,60,57,45,58,56,63,60,44,43,45,51,58,54,47,52,44,49,32,41,30,35,40,32,34,44,46,29,44,33,39,30,29,24,38,37,39,35,35,40,41,33,39,31,35,30,34,28,24,18,21,14,25,23,25,12,26,14,28,23,19,16,18,23,14,25,18,29,21,21,16,28,21,25,24,19,25,13,23,16,16,14,20,29,17,18,20,17,19,20,23,28,21,21,20,23,27,24,24,22,27,22,10,24,20,14,22,14,15,29,18,26,20,21,20,24,15,17,21,22,13,16,25,21,28,15,21,23,22,30,16,17,28,18,10,18,18,17,23,18,18,19,20,21,17,23,16,16,23,22,23,9,25,20,24,18,23,16,21,26,16,17,24,19,22,20,24,18,26,26,22,24,23,16,21,19,22,17,12,9,20,21,16,18,12,25,15,14,16,23,21,18,20,23,24,21,21,14,17,15,20,15,17,23,18,14,20,11,27,18
STAT,refine,Iterations,223,431617,1886,1638,2172,1499,1736,1574,1798,1259,2069,1672,2054,1907,1400,2125,2243,1803,1077,1921,1488,2178,2331,1331,1114,1833,1725,1492,1732,1523,1697,1409,1909,1738,1539,1778,1273,1830,1565,1614,2127,1999,2297,2211,1534,2374,1950,1276,1902,1879,1462,2321,2163,2856,2686,2017,1896,1741,1944,2106,1653,1758,2252,2086,1729,2225,1412,2265,1614,1872,1140,2116,1579,2247,1670,1642,2148,1374,2290,1562,2244,1684,2843,2101,1232,1630,2744,1698,1976,1818,1948,2040,1359,1590,1853,1657,1336,1711,2045,1791,2165,1989,1991,1953,1782,2562,1792,2143,2338,2307,1708,2366,2630,2671,2673,2827,1984,1899,2451,2401,1634,1724,1920,1710,2455,1720,2123,1502,2139,1757,1610,1314,1671,1728,1959,1752,2128,1814,1987,2409,1615,2682,1588,2802,2254,1557,1430,2201,2046,1975,2519,2095,1784,2432,1647,1878,1253,2043,1965,2272,2085,1774,2064,2335,2144,2362,1462,2294,1935,1650,1923,2517,1532,2129,3140,1723,1776,2356,1959,2871,2707,2080,2326,1836,2078,2089,1656,2234,1638,2393,1904,2161,1886,1945,1876,1726,2113,1834,2199,1322,2134,1626,1973,1620,2017,2147,1763,1657,1986,1873,2121,2188,1657,1944,1877,1874,1396,1816,1824,1982,2104,2391,1835,2261,2184
