Hello from MIC
Galois Benchmark Suite v2.2.0 (r0)
Copyright (C) 2013 The University of Texas at Austin
http://iss.ices.utexas.edu/galois/

application: GMetis
Partitions a graph into K parts and minimizing the graph cut
http://iss.ices.utexas.edu/?p=projects/galois/benchmarks/gMetis

INFO: CommandLine /work/02556/dpereira/MIC/apps/gmetis/gmetis -t=128 /work/02556/dpereira/Inputs/USA-road-d.W.gr 16
INFO: Hostname c558-001-mic0.stampede.tacc.utexas.edu
Created Graph with 6262104 nodes and 15248146 edges
Nodes 6262104| Edges 15248146 7624073

  Starting coarsening: 
Time coarsen:  2694 Size of final graph: 431

  Sarting initial partitioning using GGGP:
Size in decade percentages:  -0,15 1,1
Time clustering:  366

  Sarting refinnement with BKL2
Initial dist
Size in decade percentages:  -0,15 1,1
Refined dist
Size in decade percentages:  -1,5 0,5 1,6
Time refinement:  1476


Time:  4715
Total edge cut : 1931

Part saved in : 0x7fff0d6e8d60
STATTYPE,LOOP,CATEGORY,n,sum,T0,T1,T2,T3,T4,T5,T6,T7,T8,T9,T10,T11,T12,T13,T14,T15,T16,T17,T18,T19,T20,T21,T22,T23,T24,T25,T26,T27,T28,T29,T30,T31,T32,T33,T34,T35,T36,T37,T38,T39,T40,T41,T42,T43,T44,T45,T46,T47,T48,T49,T50,T51,T52,T53,T54,T55,T56,T57,T58,T59,T60,T61,T62,T63,T64,T65,T66,T67,T68,T69,T70,T71,T72,T73,T74,T75,T76,T77,T78,T79,T80,T81,T82,T83,T84,T85,T86,T87,T88,T89,T90,T91,T92,T93,T94,T95,T96,T97,T98,T99,T100,T101,T102,T103,T104,T105,T106,T107,T108,T109,T110,T111,T112,T113,T114,T115,T116,T117,T118,T119,T120,T121,T122,T123,T124,T125,T126,T127
STAT,(NULL),Coarsen,128,2694,2694,0,0,0,0,0,0,0,0,0,0,0,0,0,0,0,0,0,0,0,0,0,0,0,0,0,0,0,0,0,0,0,0,0,0,0,0,0,0,0,0,0,0,0,0,0,0,0,0,0,0,0,0,0,0,0,0,0,0,0,0,0,0,0,0,0,0,0,0,0,0,0,0,0,0,0,0,0,0,0,0,0,0,0,0,0,0,0,0,0,0,0,0,0,0,0,0,0,0,0,0,0,0,0,0,0,0,0,0,0,0,0,0,0,0,0,0,0,0,0,0,0,0,0,0,0,0,0
STAT,(NULL),Conflicts,128,0,0,0,0,0,0,0,0,0,0,0,0,0,0,0,0,0,0,0,0,0,0,0,0,0,0,0,0,0,0,0,0,0,0,0,0,0,0,0,0,0,0,0,0,0,0,0,0,0,0,0,0,0,0,0,0,0,0,0,0,0,0,0,0,0,0,0,0,0,0,0,0,0,0,0,0,0,0,0,0,0,0,0,0,0,0,0,0,0,0,0,0,0,0,0,0,0,0,0,0,0,0,0,0,0,0,0,0,0,0,0,0,0,0,0,0,0,0,0,0,0,0,0,0,0,0,0,0,0
STAT,(NULL),Iterations,128,31,5,0,0,0,0,0,0,0,0,0,0,0,0,0,0,3,0,0,0,0,0,0,0,0,0,0,0,0,0,0,0,0,0,0,0,0,0,1,0,0,0,0,0,0,0,0,0,0,0,0,0,2,0,0,0,0,0,0,0,0,0,0,0,0,0,0,2,0,0,0,0,0,0,0,0,0,4,0,0,0,0,0,0,0,0,0,0,0,3,0,0,0,0,0,0,0,0,0,0,0,0,0,2,0,0,4,0,0,0,0,1,0,0,0,2,0,0,0,0,0,2,0,0,0,0,0,0,0
STAT,(NULL),MeminfoPost,128,756702,5919,5919,5919,5921,5909,5901,5923,5946,5971,5901,5905,5904,5923,5931,5921,5920,5894,5903,5933,5909,5893,5912,5909,5931,5923,5903,5907,5915,5933,5982,5925,5899,5898,5922,5919,5932,5919,5900,5905,5918,5924,5895,5903,5917,5911,5919,5942,5909,5925,5905,5919,5902,5895,5912,5885,5918,5926,5898,5905,5898,5891,5903,5902,5948,5922,5894,5898,5927,5884,5885,5917,5921,5927,5915,5903,5911,5896,5904,5890,5882,5892,5917,5887,5932,5955,5937,5898,5909,5905,5880,5912,5919,5929,5902,5905,5899,5895,5886,5898,5906,5908,5950,5949,5918,5899,5890,5905,5946,5942,5939,5924,5895,5909,5914,5897,5880,5893,5908,5908,5881,5894,5882,5918,5898,5914,5910,5913,5910
STAT,(NULL),MeminfoPre,128,189150,1485,1485,1485,1487,1475,1467,1489,1512,1537,1467,1471,1470,1489,1497,1487,1486,1460,1469,1499,1475,1459,1478,1475,1497,1489,1469,1473,1481,1499,1548,1491,1465,1464,1488,1485,1498,1485,1466,1471,1484,1490,1461,1469,1483,1477,1485,1508,1475,1491,1471,1485,1468,1461,1478,1451,1484,1492,1464,1471,1464,1457,1469,1468,1514,1488,1460,1464,1493,1450,1451,1483,1487,1493,1481,1469,1477,1462,1470,1456,1448,1458,1483,1453,1498,1521,1503,1464,1475,1471,1446,1478,1485,1495,1468,1471,1465,1461,1452,1464,1472,1474,1516,1515,1484,1465,1456,1471,1512,1508,1505,1490,1461,1475,1480,1463,1446,1459,1474,1474,1447,1460,1448,1484,1464,1480,1476,1479,1476
STAT,(NULL),Partition,128,366,366,0,0,0,0,0,0,0,0,0,0,0,0,0,0,0,0,0,0,0,0,0,0,0,0,0,0,0,0,0,0,0,0,0,0,0,0,0,0,0,0,0,0,0,0,0,0,0,0,0,0,0,0,0,0,0,0,0,0,0,0,0,0,0,0,0,0,0,0,0,0,0,0,0,0,0,0,0,0,0,0,0,0,0,0,0,0,0,0,0,0,0,0,0,0,0,0,0,0,0,0,0,0,0,0,0,0,0,0,0,0,0,0,0,0,0,0,0,0,0,0,0,0,0,0,0,0,0
STAT,(NULL),Refine,128,1476,1476,0,0,0,0,0,0,0,0,0,0,0,0,0,0,0,0,0,0,0,0,0,0,0,0,0,0,0,0,0,0,0,0,0,0,0,0,0,0,0,0,0,0,0,0,0,0,0,0,0,0,0,0,0,0,0,0,0,0,0,0,0,0,0,0,0,0,0,0,0,0,0,0,0,0,0,0,0,0,0,0,0,0,0,0,0,0,0,0,0,0,0,0,0,0,0,0,0,0,0,0,0,0,0,0,0,0,0,0,0,0,0,0,0,0,0,0,0,0,0,0,0,0,0,0,0,0,0
STAT,(NULL),Threads,128,128,128,0,0,0,0,0,0,0,0,0,0,0,0,0,0,0,0,0,0,0,0,0,0,0,0,0,0,0,0,0,0,0,0,0,0,0,0,0,0,0,0,0,0,0,0,0,0,0,0,0,0,0,0,0,0,0,0,0,0,0,0,0,0,0,0,0,0,0,0,0,0,0,0,0,0,0,0,0,0,0,0,0,0,0,0,0,0,0,0,0,0,0,0,0,0,0,0,0,0,0,0,0,0,0,0,0,0,0,0,0,0,0,0,0,0,0,0,0,0,0,0,0,0,0,0,0,0,0
STAT,(NULL),Time,128,4715,4715,0,0,0,0,0,0,0,0,0,0,0,0,0,0,0,0,0,0,0,0,0,0,0,0,0,0,0,0,0,0,0,0,0,0,0,0,0,0,0,0,0,0,0,0,0,0,0,0,0,0,0,0,0,0,0,0,0,0,0,0,0,0,0,0,0,0,0,0,0,0,0,0,0,0,0,0,0,0,0,0,0,0,0,0,0,0,0,0,0,0,0,0,0,0,0,0,0,0,0,0,0,0,0,0,0,0,0,0,0,0,0,0,0,0,0,0,0,0,0,0,0,0,0,0,0,0,0
STAT,match,Conflicts,128,6436,87,80,80,85,79,69,66,67,64,73,78,74,62,57,75,62,61,70,55,60,65,80,51,64,52,63,71,60,75,61,61,56,55,42,50,53,57,73,60,69,59,45,40,58,40,63,48,44,57,41,68,49,52,67,65,44,69,46,49,56,52,41,42,33,43,32,43,28,28,35,35,45,42,48,33,39,33,38,55,35,43,37,39,28,35,32,50,50,40,59,40,47,44,44,44,28,36,38,42,53,38,37,43,41,40,39,39,34,38,45,28,50,48,37,61,45,36,50,43,42,41,39,33,41,44,43,32,38
STAT,match,Iterations,128,14987569,79066,82535,86564,84470,78981,90338,109019,108658,97851,101607,88240,112310,100510,102416,89259,98730,119533,111216,114807,96100,101594,114450,107386,109903,104564,107096,118826,107978,83666,94873,126845,109723,114426,116472,102317,123749,113889,122380,117073,100803,113083,117608,129879,103508,117664,92456,100631,126797,110909,119179,105271,129362,95518,111504,102745,115734,92863,104691,111086,110128,138182,112522,105275,105017,104909,107956,103214,134801,145466,120584,150457,114179,123739,110799,145765,115415,132085,134932,107396,128303,129508,134707,135455,128962,112371,125122,113458,106457,143101,122474,136786,132858,140098,135824,125977,140061,125554,130676,150514,126396,131273,117861,138539,135187,132201,133049,138700,140690,109739,140792,149076,133854,140003,120755,134824,141119,143687,114462,105643,137911,130615,113663,118317,129256,108939,118040,125398,105782
STAT,popedge,Conflicts,128,0,0,0,0,0,0,0,0,0,0,0,0,0,0,0,0,0,0,0,0,0,0,0,0,0,0,0,0,0,0,0,0,0,0,0,0,0,0,0,0,0,0,0,0,0,0,0,0,0,0,0,0,0,0,0,0,0,0,0,0,0,0,0,0,0,0,0,0,0,0,0,0,0,0,0,0,0,0,0,0,0,0,0,0,0,0,0,0,0,0,0,0,0,0,0,0,0,0,0,0,0,0,0,0,0,0,0,0,0,0,0,0,0,0,0,0,0,0,0,0,0,0,0,0,0,0,0,0,0
STAT,popedge,Iterations,128,7341947,50998,51093,48932,52617,50759,50974,60111,56440,55585,58969,62250,57745,49681,57169,58415,61278,57973,60026,57453,61161,58882,59125,58378,56674,56941,60363,58017,59010,57994,57287,58172,59356,58720,57241,57874,54715,58376,57386,59699,61957,57646,57447,56718,54247,56058,57950,54960,53210,55175,55369,56793,58507,59803,61504,63174,58016,58930,59992,58972,61165,57305,48232,50735,50552,49462,50503,51681,58969,61089,57241,58053,58836,55740,49123,54410,60133,61370,60245,61079,59973,57954,56349,59738,56993,58998,57231,59753,58759,56836,60650,59892,57405,58231,58772,55212,62140,54974,57402,57549,58107,61062,59210,57940,56445,57578,55967,59813,61212,61558,60210,60453,60923,63196,62186,60907,59349,58461,60426,62888,58160,59914,63778,50638,49901,49079,48501,50405,52679
STAT,refine,Conflicts,128,4952,125,118,124,115,110,106,99,91,82,91,69,83,80,82,80,55,62,65,67,55,51,70,67,60,44,72,62,67,55,70,59,36,41,35,36,37,32,45,49,24,26,32,28,39,47,44,30,44,42,38,29,57,41,42,40,26,38,32,26,45,30,16,14,11,20,18,19,12,16,20,33,17,30,12,24,22,16,26,20,28,14,23,22,17,21,12,27,18,23,28,19,31,17,26,12,28,24,20,27,31,19,18,19,16,27,25,23,14,23,28,26,25,20,26,21,26,16,20,17,18,34,23,15,15,18,16,27,16
STAT,refine,Iterations,128,40075,415,435,393,415,429,401,346,344,499,401,347,369,397,474,300,251,305,301,357,251,269,382,319,272,301,329,346,401,318,375,454,307,340,311,317,351,216,242,381,256,273,359,281,290,303,410,314,291,329,283,334,488,325,354,308,269,307,233,118,427,243,239,228,176,266,212,219,175,219,268,336,238,380,188,384,201,171,358,222,281,213,327,348,196,305,357,295,318,328,332,321,449,319,355,216,256,327,242,297,453,287,316,345,290,315,284,461,198,221,355,417,388,441,328,342,330,371,269,237,179,433,313,218,195,229,238,397,207
