Hello from MIC
Galois Benchmark Suite v2.2.0 (r0)
Copyright (C) 2013 The University of Texas at Austin
http://iss.ices.utexas.edu/galois/

application: GMetis
Partitions a graph into K parts and minimizing the graph cut
http://iss.ices.utexas.edu/?p=projects/galois/benchmarks/gMetis

INFO: CommandLine /work/02556/dpereira/MIC/apps/gmetis/gmetis -t=134 /work/02556/dpereira/Inputs/USA-road-d.W.gr 16
INFO: Hostname c558-001-mic0.stampede.tacc.utexas.edu
Created Graph with 6262104 nodes and 15248146 edges
Nodes 6262104| Edges 15248146 7624073

  Starting coarsening: 
Time coarsen:  2780 Size of final graph: 427

  Sarting initial partitioning using GGGP:
Size in decade percentages:  -1,1 -0,15
Time clustering:  366

  Sarting refinnement with BKL2
Initial dist
Size in decade percentages:  -1,1 -0,15
Refined dist
Size in decade percentages:  -1,4 -0,7 1,5
Time refinement:  1512


Time:  4835
Total edge cut : 1861

Part saved in : 0x7fff11f570e0
STATTYPE,LOOP,CATEGORY,n,sum,T0,T1,T2,T3,T4,T5,T6,T7,T8,T9,T10,T11,T12,T13,T14,T15,T16,T17,T18,T19,T20,T21,T22,T23,T24,T25,T26,T27,T28,T29,T30,T31,T32,T33,T34,T35,T36,T37,T38,T39,T40,T41,T42,T43,T44,T45,T46,T47,T48,T49,T50,T51,T52,T53,T54,T55,T56,T57,T58,T59,T60,T61,T62,T63,T64,T65,T66,T67,T68,T69,T70,T71,T72,T73,T74,T75,T76,T77,T78,T79,T80,T81,T82,T83,T84,T85,T86,T87,T88,T89,T90,T91,T92,T93,T94,T95,T96,T97,T98,T99,T100,T101,T102,T103,T104,T105,T106,T107,T108,T109,T110,T111,T112,T113,T114,T115,T116,T117,T118,T119,T120,T121,T122,T123,T124,T125,T126,T127,T128,T129,T130,T131,T132,T133
STAT,(NULL),Coarsen,134,2780,2780,0,0,0,0,0,0,0,0,0,0,0,0,0,0,0,0,0,0,0,0,0,0,0,0,0,0,0,0,0,0,0,0,0,0,0,0,0,0,0,0,0,0,0,0,0,0,0,0,0,0,0,0,0,0,0,0,0,0,0,0,0,0,0,0,0,0,0,0,0,0,0,0,0,0,0,0,0,0,0,0,0,0,0,0,0,0,0,0,0,0,0,0,0,0,0,0,0,0,0,0,0,0,0,0,0,0,0,0,0,0,0,0,0,0,0,0,0,0,0,0,0,0,0,0,0,0,0,0,0,0,0,0,0
STAT,(NULL),Conflicts,134,0,0,0,0,0,0,0,0,0,0,0,0,0,0,0,0,0,0,0,0,0,0,0,0,0,0,0,0,0,0,0,0,0,0,0,0,0,0,0,0,0,0,0,0,0,0,0,0,0,0,0,0,0,0,0,0,0,0,0,0,0,0,0,0,0,0,0,0,0,0,0,0,0,0,0,0,0,0,0,0,0,0,0,0,0,0,0,0,0,0,0,0,0,0,0,0,0,0,0,0,0,0,0,0,0,0,0,0,0,0,0,0,0,0,0,0,0,0,0,0,0,0,0,0,0,0,0,0,0,0,0,0,0,0,0
STAT,(NULL),Iterations,134,31,5,0,0,0,0,0,0,0,0,0,0,0,1,2,0,0,0,0,0,0,0,0,0,2,0,1,0,0,0,1,0,0,4,0,0,0,0,0,0,0,0,0,0,0,0,0,0,0,0,0,0,1,0,0,0,0,0,0,0,0,0,3,0,0,1,0,1,0,0,0,0,0,0,0,0,0,1,0,0,0,0,0,0,0,0,0,0,0,0,0,0,0,0,0,0,0,0,0,0,0,0,0,0,0,2,0,0,0,0,0,0,0,2,0,4,0,0,0,0,0,0,0,0,0,0,0,0,0,0,0,0,0,0,0
STAT,(NULL),MeminfoPost,134,756471,5651,5647,5657,5652,5657,5623,5650,5665,5719,5656,5634,5636,5642,5667,5655,5658,5645,5632,5637,5673,5635,5627,5645,5640,5670,5649,5646,5644,5646,5656,5685,5696,5635,5639,5637,5652,5664,5660,5653,5629,5636,5654,5655,5631,5636,5650,5649,5651,5676,5640,5657,5645,5651,5633,5636,5649,5620,5634,5655,5651,5634,5640,5629,5627,5636,5638,5680,5657,5627,5633,5660,5624,5614,5643,5652,5661,5661,5637,5630,5643,5633,5635,5620,5631,5624,5647,5620,5672,5684,5671,5632,5634,5652,5614,5637,5651,5664,5644,5630,5640,5639,5620,5629,5640,5622,5660,5680,5683,5645,5636,5622,5639,5677,5675,5671,5663,5629,5648,5633,5643,5631,5616,5630,5654,5618,5618,5626,5654,5625,5633,5647,5648,5642,5641
STAT,(NULL),MeminfoPre,134,189115,1417,1413,1423,1418,1423,1389,1416,1431,1485,1422,1400,1402,1408,1433,1421,1424,1411,1398,1403,1439,1401,1393,1411,1406,1436,1415,1412,1410,1412,1422,1451,1462,1401,1405,1403,1418,1430,1426,1419,1395,1402,1420,1421,1397,1402,1416,1415,1417,1442,1406,1423,1411,1417,1399,1402,1415,1386,1400,1421,1417,1400,1406,1395,1393,1402,1404,1446,1423,1393,1399,1426,1390,1380,1409,1418,1427,1427,1403,1396,1409,1399,1401,1386,1397,1390,1413,1386,1438,1450,1437,1398,1400,1418,1380,1403,1417,1430,1410,1396,1406,1405,1386,1395,1406,1388,1426,1446,1449,1411,1402,1388,1405,1443,1441,1437,1429,1395,1414,1399,1409,1397,1382,1396,1420,1384,1384,1392,1420,1391,1399,1413,1414,1408,1407
STAT,(NULL),Partition,134,366,366,0,0,0,0,0,0,0,0,0,0,0,0,0,0,0,0,0,0,0,0,0,0,0,0,0,0,0,0,0,0,0,0,0,0,0,0,0,0,0,0,0,0,0,0,0,0,0,0,0,0,0,0,0,0,0,0,0,0,0,0,0,0,0,0,0,0,0,0,0,0,0,0,0,0,0,0,0,0,0,0,0,0,0,0,0,0,0,0,0,0,0,0,0,0,0,0,0,0,0,0,0,0,0,0,0,0,0,0,0,0,0,0,0,0,0,0,0,0,0,0,0,0,0,0,0,0,0,0,0,0,0,0,0
STAT,(NULL),Refine,134,1512,1512,0,0,0,0,0,0,0,0,0,0,0,0,0,0,0,0,0,0,0,0,0,0,0,0,0,0,0,0,0,0,0,0,0,0,0,0,0,0,0,0,0,0,0,0,0,0,0,0,0,0,0,0,0,0,0,0,0,0,0,0,0,0,0,0,0,0,0,0,0,0,0,0,0,0,0,0,0,0,0,0,0,0,0,0,0,0,0,0,0,0,0,0,0,0,0,0,0,0,0,0,0,0,0,0,0,0,0,0,0,0,0,0,0,0,0,0,0,0,0,0,0,0,0,0,0,0,0,0,0,0,0,0,0
STAT,(NULL),Threads,134,134,134,0,0,0,0,0,0,0,0,0,0,0,0,0,0,0,0,0,0,0,0,0,0,0,0,0,0,0,0,0,0,0,0,0,0,0,0,0,0,0,0,0,0,0,0,0,0,0,0,0,0,0,0,0,0,0,0,0,0,0,0,0,0,0,0,0,0,0,0,0,0,0,0,0,0,0,0,0,0,0,0,0,0,0,0,0,0,0,0,0,0,0,0,0,0,0,0,0,0,0,0,0,0,0,0,0,0,0,0,0,0,0,0,0,0,0,0,0,0,0,0,0,0,0,0,0,0,0,0,0,0,0,0,0
STAT,(NULL),Time,134,4835,4835,0,0,0,0,0,0,0,0,0,0,0,0,0,0,0,0,0,0,0,0,0,0,0,0,0,0,0,0,0,0,0,0,0,0,0,0,0,0,0,0,0,0,0,0,0,0,0,0,0,0,0,0,0,0,0,0,0,0,0,0,0,0,0,0,0,0,0,0,0,0,0,0,0,0,0,0,0,0,0,0,0,0,0,0,0,0,0,0,0,0,0,0,0,0,0,0,0,0,0,0,0,0,0,0,0,0,0,0,0,0,0,0,0,0,0,0,0,0,0,0,0,0,0,0,0,0,0,0,0,0,0,0,0
STAT,match,Conflicts,134,6390,60,63,80,77,66,71,84,84,64,61,70,65,79,63,62,51,60,47,51,52,56,57,56,66,50,72,61,56,57,68,53,41,63,55,46,47,46,55,49,48,58,51,45,54,53,59,47,38,58,47,60,52,51,58,51,56,42,59,46,52,58,39,30,43,25,33,36,40,43,41,43,41,39,41,35,38,42,46,37,45,40,46,32,39,44,31,39,50,34,33,36,46,36,41,48,37,47,37,40,41,41,36,37,34,43,41,46,43,35,47,44,39,40,37,35,35,49,38,42,40,45,45,36,34,47,33,44,36,35,41,36,33,53,29
STAT,match,Iterations,134,14995788,74309,86276,70501,76040,87300,79209,71144,73390,75425,86343,97281,89361,96697,84271,94355,100527,103006,116839,123615,91746,102418,105910,113770,92773,108901,95473,104176,105931,100709,105223,115088,134057,121114,115246,105114,104976,120732,95813,101698,114113,116142,105461,115994,109296,109052,92828,104965,112793,104397,102336,110037,111060,95996,98332,118032,104258,117278,114750,93032,105438,101203,105024,117881,118310,122761,117075,104153,93318,110846,103773,112678,109466,108123,131908,140006,140944,117526,127281,125743,109631,125350,131666,146570,128527,132450,108546,137238,128253,129709,128135,146472,107904,131068,143279,132923,115566,120621,128281,124521,138873,136553,133247,130151,136710,123488,108211,120758,124251,118063,108653,126415,116483,132186,109363,132400,138443,112158,134438,116532,105973,115344,113966,119904,101864,106274,114773,119214,111261,104271,112638,90908,117320,92085,125541
STAT,popedge,Conflicts,134,0,0,0,0,0,0,0,0,0,0,0,0,0,0,0,0,0,0,0,0,0,0,0,0,0,0,0,0,0,0,0,0,0,0,0,0,0,0,0,0,0,0,0,0,0,0,0,0,0,0,0,0,0,0,0,0,0,0,0,0,0,0,0,0,0,0,0,0,0,0,0,0,0,0,0,0,0,0,0,0,0,0,0,0,0,0,0,0,0,0,0,0,0,0,0,0,0,0,0,0,0,0,0,0,0,0,0,0,0,0,0,0,0,0,0,0,0,0,0,0,0,0,0,0,0,0,0,0,0,0,0,0,0,0,0
STAT,popedge,Iterations,134,7347076,51042,49520,50452,49568,49169,48130,51044,50633,47147,48748,51032,50584,59645,59230,55859,55647,58141,55139,55301,58706,58551,59512,57382,58727,55337,59608,55834,57154,59074,58937,56384,57535,59253,57261,58906,57475,53595,56167,59069,57478,57434,57359,56679,57658,55348,52111,52606,48348,52189,53832,53985,55770,55780,55755,56290,55863,59003,58483,56878,56137,58871,47922,45710,48719,46862,47350,48399,47869,48896,47771,46510,49813,52667,55689,55943,56338,54481,58079,58988,57306,58646,56596,58503,58987,56382,57762,57111,56866,59507,58266,59509,60881,57829,57152,56928,56734,57475,56246,53284,61444,56539,55527,55201,57827,56324,54155,56077,56677,48566,53607,54573,53762,57803,58871,58041,58749,61720,57990,58884,63819,59728,60554,47146,47578,49360,51639,46080,46129,50308,48545,48609,49186,50435,51292
STAT,refine,Conflicts,134,4830,126,122,117,111,110,108,87,106,78,85,81,87,69,85,83,69,58,52,63,62,70,53,63,61,55,54,48,57,59,59,60,57,28,34,24,42,32,32,45,41,33,43,29,33,36,46,38,39,50,44,34,24,36,28,32,27,23,25,30,20,32,19,14,19,14,17,16,19,18,28,10,19,7,17,25,15,18,24,19,21,23,33,15,23,18,17,22,20,20,31,28,25,27,24,22,19,25,19,12,32,23,21,22,22,14,15,20,25,21,22,24,15,15,27,15,20,16,21,12,15,13,25,10,15,19,17,11,16,8,21,13,17,16,15
STAT,refine,Iterations,134,38444,394,422,404,400,341,316,292,351,357,351,287,326,290,450,466,324,324,247,364,258,331,292,337,309,264,231,286,362,396,316,320,615,205,298,278,448,301,224,416,295,234,355,294,312,192,225,235,247,419,312,317,281,251,255,288,214,192,197,245,180,189,210,190,288,250,171,192,240,237,317,257,228,141,268,335,397,245,195,267,265,249,351,271,387,316,194,203,298,210,429,405,416,410,225,341,257,474,269,210,372,313,270,348,416,227,147,244,276,287,262,266,322,375,224,263,380,245,351,204,197,200,199,154,170,292,188,185,195,140,265,265,287,220,165
