Hello from MIC
Galois Benchmark Suite v2.2.0 (r0)
Copyright (C) 2013 The University of Texas at Austin
http://iss.ices.utexas.edu/galois/

application: GMetis
Partitions a graph into K parts and minimizing the graph cut
http://iss.ices.utexas.edu/?p=projects/galois/benchmarks/gMetis

INFO: CommandLine /work/02556/dpereira/MIC/apps/gmetis/gmetis -t=47 /work/02556/dpereira/Inputs/USA-road-d.W.gr 1024
INFO: Hostname c557-803-mic0.stampede.tacc.utexas.edu
Created Graph with 6262104 nodes and 15248146 edges
Nodes 6262104| Edges 15248146 7624073

  Starting coarsening: 
Time coarsen:  2553 Size of final graph: 40603

  Sarting initial partitioning using GGGP:
Size in decade percentages:  -0,1024
Time clustering:  1317

  Sarting refinnement with BKL2
Initial dist
Size in decade percentages:  -0,1024
Refined dist
Size in decade percentages:  -1,353 -0,298 1,373
Time refinement:  838


Time:  4887
Total edge cut : 36180

Part saved in : 0x7fff78059560
STATTYPE,LOOP,CATEGORY,n,sum,T0,T1,T2,T3,T4,T5,T6,T7,T8,T9,T10,T11,T12,T13,T14,T15,T16,T17,T18,T19,T20,T21,T22,T23,T24,T25,T26,T27,T28,T29,T30,T31,T32,T33,T34,T35,T36,T37,T38,T39,T40,T41,T42,T43,T44,T45,T46
STAT,(NULL),Coarsen,47,2553,2553,0,0,0,0,0,0,0,0,0,0,0,0,0,0,0,0,0,0,0,0,0,0,0,0,0,0,0,0,0,0,0,0,0,0,0,0,0,0,0,0,0,0,0,0,0,0
STAT,(NULL),Conflicts,47,0,0,0,0,0,0,0,0,0,0,0,0,0,0,0,0,0,0,0,0,0,0,0,0,0,0,0,0,0,0,0,0,0,0,0,0,0,0,0,0,0,0,0,0,0,0,0,0
STAT,(NULL),Iterations,47,2047,11,32,43,47,52,12,38,49,39,36,35,46,46,38,45,46,44,47,40,64,27,55,63,43,32,61,46,41,23,49,21,64,50,49,57,53,59,43,44,56,26,46,30,56,48,38,57
STAT,(NULL),MeminfoPost,47,756320,16110,16098,16141,16121,16108,16108,16104,16065,16111,16077,16191,16094,16110,16096,16106,16062,16133,16107,16081,16061,16096,16065,16046,16133,16084,16041,16129,16070,16051,16054,16105,16122,16056,16109,16075,16043,16061,16184,16050,16154,16118,16076,16038,16062,16054,16071,16089
STAT,(NULL),MeminfoPre,47,189077,4041,4029,4072,4052,4039,4039,4035,3996,4042,4008,4122,4025,4041,4027,4037,3993,4064,4038,4012,3992,4027,3996,3977,4064,4015,3972,4060,4001,3982,3985,4036,4053,3987,4040,4006,3974,3992,4115,3981,4085,4049,4007,3969,3993,3985,4002,4020
STAT,(NULL),Partition,47,1317,1317,0,0,0,0,0,0,0,0,0,0,0,0,0,0,0,0,0,0,0,0,0,0,0,0,0,0,0,0,0,0,0,0,0,0,0,0,0,0,0,0,0,0,0,0,0,0
STAT,(NULL),Refine,47,838,838,0,0,0,0,0,0,0,0,0,0,0,0,0,0,0,0,0,0,0,0,0,0,0,0,0,0,0,0,0,0,0,0,0,0,0,0,0,0,0,0,0,0,0,0,0,0
STAT,(NULL),Threads,47,47,47,0,0,0,0,0,0,0,0,0,0,0,0,0,0,0,0,0,0,0,0,0,0,0,0,0,0,0,0,0,0,0,0,0,0,0,0,0,0,0,0,0,0,0,0,0,0
STAT,(NULL),Time,47,4887,4887,0,0,0,0,0,0,0,0,0,0,0,0,0,0,0,0,0,0,0,0,0,0,0,0,0,0,0,0,0,0,0,0,0,0,0,0,0,0,0,0,0,0,0,0,0,0
STAT,match,Conflicts,47,4432,238,155,217,113,124,123,94,75,118,111,170,78,78,89,81,90,94,74,66,78,82,63,88,41,57,86,57,54,56,53,66,97,69,95,76,78,62,87,111,90,82,100,101,83,159,119,54
STAT,match,Iterations,47,14884442,275746,293152,301598,300479,305309,300217,312143,313529,326183,321206,294490,323680,322338,320886,322209,332536,292812,313297,318571,323786,295945,314749,322923,300206,319346,326982,326697,321314,331457,330948,314622,307735,343385,305118,320895,331998,336786,292031,320509,310122,320001,320300,329096,332537,336753,328154,329666
STAT,popedge,Conflicts,47,0,0,0,0,0,0,0,0,0,0,0,0,0,0,0,0,0,0,0,0,0,0,0,0,0,0,0,0,0,0,0,0,0,0,0,0,0,0,0,0,0,0,0,0,0,0,0,0
STAT,popedge,Iterations,47,7297115,153317,154937,152197,149643,151614,151265,155693,158402,150137,153486,149483,149481,147717,147915,154403,154176,137662,138342,145054,155132,150753,153373,154474,150157,158416,163185,155785,158153,161253,158241,159192,153809,154864,153308,155347,155760,153122,146967,150857,160828,168970,169570,174149,167871,166046,169488,163121
STAT,refine,Conflicts,47,2345,69,52,48,56,61,44,50,59,56,61,53,66,52,53,68,64,63,63,69,47,44,60,45,54,47,42,52,40,48,43,40,43,56,55,47,37,48,54,45,49,51,27,33,34,34,29,34
STAT,refine,Iterations,47,463392,9806,8847,11818,10694,11363,10096,10971,10049,9446,7760,11401,10201,9995,9619,9624,8723,9430,9158,9292,9842,10874,9482,9894,12043,10568,8778,10334,9241,8641,9259,10564,10403,9308,10184,9006,8658,9485,11204,8211,11133,10262,9557,8754,9466,9368,10049,10531
