Hello from MIC
Galois Benchmark Suite v2.2.0 (r0)
Copyright (C) 2013 The University of Texas at Austin
http://iss.ices.utexas.edu/galois/

application: GMetis
Partitions a graph into K parts and minimizing the graph cut
http://iss.ices.utexas.edu/?p=projects/galois/benchmarks/gMetis

INFO: CommandLine /work/02556/dpereira/MIC/apps/gmetis/gmetis -t=105 /work/02556/dpereira/Inputs/USA-road-d.W.gr 1024
INFO: Hostname c558-401-mic0.stampede.tacc.utexas.edu
Created Graph with 6262104 nodes and 15248146 edges
Nodes 6262104| Edges 15248146 7624073

  Starting coarsening: 
Time coarsen:  2059 Size of final graph: 21615

  Sarting initial partitioning using GGGP:
Size in decade percentages:  -1,71 -0,885 1,68
Time clustering:  894

  Sarting refinnement with BKL2
Initial dist
Size in decade percentages:  -1,71 -0,885 1,68
Refined dist
Size in decade percentages:  -1,370 -0,271 1,383
Time refinement:  1036


Time:  4168
Total edge cut : 31182

Part saved in : 0x7fff70f516e0
STATTYPE,LOOP,CATEGORY,n,sum,T0,T1,T2,T3,T4,T5,T6,T7,T8,T9,T10,T11,T12,T13,T14,T15,T16,T17,T18,T19,T20,T21,T22,T23,T24,T25,T26,T27,T28,T29,T30,T31,T32,T33,T34,T35,T36,T37,T38,T39,T40,T41,T42,T43,T44,T45,T46,T47,T48,T49,T50,T51,T52,T53,T54,T55,T56,T57,T58,T59,T60,T61,T62,T63,T64,T65,T66,T67,T68,T69,T70,T71,T72,T73,T74,T75,T76,T77,T78,T79,T80,T81,T82,T83,T84,T85,T86,T87,T88,T89,T90,T91,T92,T93,T94,T95,T96,T97,T98,T99,T100,T101,T102,T103,T104
STAT,(NULL),Coarsen,105,2059,2059,0,0,0,0,0,0,0,0,0,0,0,0,0,0,0,0,0,0,0,0,0,0,0,0,0,0,0,0,0,0,0,0,0,0,0,0,0,0,0,0,0,0,0,0,0,0,0,0,0,0,0,0,0,0,0,0,0,0,0,0,0,0,0,0,0,0,0,0,0,0,0,0,0,0,0,0,0,0,0,0,0,0,0,0,0,0,0,0,0,0,0,0,0,0,0,0,0,0,0,0,0,0,0,0
STAT,(NULL),Conflicts,105,0,0,0,0,0,0,0,0,0,0,0,0,0,0,0,0,0,0,0,0,0,0,0,0,0,0,0,0,0,0,0,0,0,0,0,0,0,0,0,0,0,0,0,0,0,0,0,0,0,0,0,0,0,0,0,0,0,0,0,0,0,0,0,0,0,0,0,0,0,0,0,0,0,0,0,0,0,0,0,0,0,0,0,0,0,0,0,0,0,0,0,0,0,0,0,0,0,0,0,0,0,0,0,0,0,0
STAT,(NULL),Iterations,105,2047,11,18,18,10,14,18,8,15,15,20,17,20,11,23,21,26,16,44,25,24,40,25,19,13,14,13,33,12,15,14,9,15,19,22,25,17,22,13,22,23,22,14,23,18,22,20,17,28,20,25,20,17,10,34,21,18,11,16,22,33,20,14,23,17,16,15,19,14,17,22,25,11,26,27,17,29,14,18,31,22,27,33,27,15,27,17,15,20,3,10,18,11,33,18,17,22,13,25,13,17,20,28,12,19,20
STAT,(NULL),MeminfoPost,105,756673,7203,7231,7214,7210,7200,7218,7278,7215,7194,7207,7219,7216,7227,7189,7200,7227,7183,7201,7207,7224,7212,7203,7204,7232,7289,7192,7197,7212,7223,7221,7202,7194,7213,7214,7187,7212,7204,7244,7201,7219,7204,7209,7192,7206,7174,7210,7217,7200,7191,7179,7195,7212,7240,7189,7194,7215,7167,7196,7216,7231,7204,7188,7199,7200,7173,7188,7199,7179,7229,7250,7220,7190,7206,7172,7210,7228,7205,7194,7192,7178,7182,7200,7207,7252,7238,7192,7183,7212,7252,7237,7224,7188,7203,7203,7179,7180,7217,7173,7192,7157,7211,7193,7212,7209,7198
STAT,(NULL),MeminfoPre,105,189148,1798,1826,1809,1805,1795,1813,1873,1810,1789,1802,1814,1811,1822,1784,1795,1822,1778,1796,1802,1819,1807,1798,1799,1827,1884,1787,1792,1807,1818,1816,1797,1789,1808,1809,1782,1807,1799,1839,1796,1814,1799,1804,1787,1801,1769,1805,1812,1795,1786,1774,1790,1807,1835,1784,1789,1810,1762,1791,1811,1826,1799,1783,1794,1795,1768,1783,1794,1774,1824,1845,1815,1785,1801,1767,1805,1823,1800,1789,1787,1773,1777,1795,1802,1847,1833,1787,1778,1807,1847,1832,1819,1783,1798,1798,1774,1775,1812,1768,1787,1752,1806,1788,1807,1804,1793
STAT,(NULL),Partition,105,894,894,0,0,0,0,0,0,0,0,0,0,0,0,0,0,0,0,0,0,0,0,0,0,0,0,0,0,0,0,0,0,0,0,0,0,0,0,0,0,0,0,0,0,0,0,0,0,0,0,0,0,0,0,0,0,0,0,0,0,0,0,0,0,0,0,0,0,0,0,0,0,0,0,0,0,0,0,0,0,0,0,0,0,0,0,0,0,0,0,0,0,0,0,0,0,0,0,0,0,0,0,0,0,0,0
STAT,(NULL),Refine,105,1036,1036,0,0,0,0,0,0,0,0,0,0,0,0,0,0,0,0,0,0,0,0,0,0,0,0,0,0,0,0,0,0,0,0,0,0,0,0,0,0,0,0,0,0,0,0,0,0,0,0,0,0,0,0,0,0,0,0,0,0,0,0,0,0,0,0,0,0,0,0,0,0,0,0,0,0,0,0,0,0,0,0,0,0,0,0,0,0,0,0,0,0,0,0,0,0,0,0,0,0,0,0,0,0,0,0
STAT,(NULL),Threads,105,105,105,0,0,0,0,0,0,0,0,0,0,0,0,0,0,0,0,0,0,0,0,0,0,0,0,0,0,0,0,0,0,0,0,0,0,0,0,0,0,0,0,0,0,0,0,0,0,0,0,0,0,0,0,0,0,0,0,0,0,0,0,0,0,0,0,0,0,0,0,0,0,0,0,0,0,0,0,0,0,0,0,0,0,0,0,0,0,0,0,0,0,0,0,0,0,0,0,0,0,0,0,0,0,0,0
STAT,(NULL),Time,105,4168,4168,0,0,0,0,0,0,0,0,0,0,0,0,0,0,0,0,0,0,0,0,0,0,0,0,0,0,0,0,0,0,0,0,0,0,0,0,0,0,0,0,0,0,0,0,0,0,0,0,0,0,0,0,0,0,0,0,0,0,0,0,0,0,0,0,0,0,0,0,0,0,0,0,0,0,0,0,0,0,0,0,0,0,0,0,0,0,0,0,0,0,0,0,0,0,0,0,0,0,0,0,0,0,0,0
STAT,match,Conflicts,105,5867,102,94,87,96,78,96,77,83,81,62,83,88,76,84,81,72,68,57,57,54,73,79,75,54,56,54,52,74,62,67,61,76,84,61,63,55,53,58,62,72,58,75,58,44,47,38,47,40,40,46,30,46,29,45,40,46,41,53,47,41,47,42,35,39,42,51,56,46,42,47,30,44,39,41,42,43,55,55,54,50,41,36,49,48,40,57,40,51,65,60,52,49,40,70,45,60,43,44,32,52,60,43,42,37,33
STAT,match,Iterations,105,14955068,113998,122631,115462,118579,126099,125104,125072,120428,130792,137160,130624,135240,131883,116182,130870,127625,131240,128859,134183,153697,131218,126213,132159,135801,131654,143130,141846,119075,127813,126749,145628,139116,127586,135771,141956,124177,134573,130210,141178,141717,140475,131576,143824,147048,162481,158374,155288,152104,157881,160438,157902,145438,168013,166479,153592,143389,168013,150542,156467,156053,154921,152660,142661,150019,152637,153811,138500,144664,153951,137198,171465,138135,154312,164630,135290,145894,138938,158159,138871,139013,146859,145419,139018,151786,138660,144505,149119,140708,123741,143490,159344,148810,148614,133119,157040,151939,140981,149281,153094,155577,139056,150914,149254,162270,158066
STAT,popedge,Conflicts,105,0,0,0,0,0,0,0,0,0,0,0,0,0,0,0,0,0,0,0,0,0,0,0,0,0,0,0,0,0,0,0,0,0,0,0,0,0,0,0,0,0,0,0,0,0,0,0,0,0,0,0,0,0,0,0,0,0,0,0,0,0,0,0,0,0,0,0,0,0,0,0,0,0,0,0,0,0,0,0,0,0,0,0,0,0,0,0,0,0,0,0,0,0,0,0,0,0,0,0,0,0,0,0,0,0,0
STAT,popedge,Iterations,105,7329596,70921,68469,67633,70113,69619,68199,65700,69963,67849,67437,67228,66665,69571,69148,70528,69639,67628,71533,67059,65094,70124,68255,68071,64911,63612,66462,68217,69920,66572,69502,67987,70885,70408,72780,73002,62529,69452,63734,70302,66363,64976,66571,68541,67420,78073,74546,75142,73993,78796,75477,75449,78473,78862,77337,79542,80420,82210,81831,76165,77367,76831,66099,68572,67609,68409,64220,66669,69556,68201,67495,66357,68269,66991,67295,70159,67367,66472,63795,71940,68650,65116,66372,67708,67213,67227,65827,65204,67878,73772,71141,73965,73440,70817,73570,70917,72060,62607,68661,67460,67509,65657,68951,68109,71419,71765
STAT,refine,Conflicts,105,4208,86,89,76,74,81,76,74,65,59,59,66,52,66,63,53,53,53,50,61,59,53,41,51,44,51,58,50,44,43,45,40,43,36,37,32,52,36,43,39,39,54,37,33,37,34,51,23,37,38,36,42,46,39,41,40,44,32,25,46,37,38,22,26,24,21,27,33,25,33,29,28,25,29,32,21,27,27,28,28,28,32,30,23,32,26,27,23,34,34,28,26,26,27,29,31,29,34,24,27,24,26,23,30,22,26
STAT,refine,Iterations,105,423430,2840,3983,3333,3069,3586,4006,4392,4315,3587,4247,3423,4217,3921,3519,4177,3612,2924,3525,3478,4477,4162,3233,4052,4196,5028,4003,4001,4632,3793,3946,3801,4299,2849,3664,3391,3806,3482,3756,4031,4078,4117,3406,4340,4191,4176,4769,4542,4207,4926,4223,4838,5041,5963,4607,4415,4940,3561,3730,5027,4106,3932,3668,3714,3838,3786,3901,3867,4516,4969,4059,5081,4150,4336,4080,3317,3945,3086,3593,3800,3418,4374,4627,3544,5136,4664,4143,3339,3991,4764,4555,4733,3820,4469,3240,4218,4075,4188,3462,3664,3786,3499,4113,3876,4546,3589
