Hello from MIC
Galois Benchmark Suite v2.2.0 (r0)
Copyright (C) 2013 The University of Texas at Austin
http://iss.ices.utexas.edu/galois/

application: GMetis
Partitions a graph into K parts and minimizing the graph cut
http://iss.ices.utexas.edu/?p=projects/galois/benchmarks/gMetis

INFO: CommandLine /work/02556/dpereira/MIC/apps/gmetis/gmetis -t=61 /work/02556/dpereira/Inputs/USA-road-d.W.gr 128
INFO: Hostname c557-903-mic0.stampede.tacc.utexas.edu
Created Graph with 6262104 nodes and 15248146 edges
Nodes 6262104| Edges 15248146 7624073

  Starting coarsening: 
Time coarsen:  2368 Size of final graph: 3006

  Sarting initial partitioning using GGGP:
Size in decade percentages:  -1,9 -0,112 1,7
Time clustering:  399

  Sarting refinnement with BKL2
Initial dist
Size in decade percentages:  -1,9 -0,112 1,7
Refined dist
Size in decade percentages:  -1,51 -0,28 1,49
Time refinement:  767


Time:  3709
Total edge cut : 7943

Part saved in : 0x7fffb5b980e0
STATTYPE,LOOP,CATEGORY,n,sum,T0,T1,T2,T3,T4,T5,T6,T7,T8,T9,T10,T11,T12,T13,T14,T15,T16,T17,T18,T19,T20,T21,T22,T23,T24,T25,T26,T27,T28,T29,T30,T31,T32,T33,T34,T35,T36,T37,T38,T39,T40,T41,T42,T43,T44,T45,T46,T47,T48,T49,T50,T51,T52,T53,T54,T55,T56,T57,T58,T59,T60
STAT,(NULL),Coarsen,61,2368,2368,0,0,0,0,0,0,0,0,0,0,0,0,0,0,0,0,0,0,0,0,0,0,0,0,0,0,0,0,0,0,0,0,0,0,0,0,0,0,0,0,0,0,0,0,0,0,0,0,0,0,0,0,0,0,0,0,0,0,0,0
STAT,(NULL),Conflicts,61,0,0,0,0,0,0,0,0,0,0,0,0,0,0,0,0,0,0,0,0,0,0,0,0,0,0,0,0,0,0,0,0,0,0,0,0,0,0,0,0,0,0,0,0,0,0,0,0,0,0,0,0,0,0,0,0,0,0,0,0,0,0
STAT,(NULL),Iterations,61,255,9,5,2,4,5,4,1,8,11,3,0,1,5,0,3,9,5,3,5,1,2,2,3,4,2,5,2,5,1,5,4,2,8,0,7,5,3,6,6,0,2,3,3,8,16,6,9,2,8,4,3,7,3,1,4,6,0,6,1,4,3
STAT,(NULL),MeminfoPost,61,756398,12414,12413,12397,12478,12410,12396,12413,12408,12401,12387,12401,12424,12384,12447,12455,12391,12434,12397,12395,12395,12398,12420,12419,12405,12384,12375,12405,12390,12360,12380,12449,12379,12371,12387,12434,12374,12385,12355,12383,12387,12473,12388,12354,12420,12389,12388,12353,12377,12478,12395,12374,12466,12432,12384,12376,12363,12377,12353,12383,12397,12398
STAT,(NULL),MeminfoPre,61,189098,3114,3113,3097,3178,3110,3096,3113,3108,3101,3087,3101,3124,3084,3147,3155,3091,3134,3097,3095,3095,3098,3120,3119,3105,3084,3075,3105,3090,3060,3080,3149,3079,3071,3087,3134,3074,3085,3055,3083,3087,3173,3088,3054,3120,3089,3088,3053,3077,3178,3095,3074,3166,3132,3084,3076,3063,3077,3053,3083,3097,3098
STAT,(NULL),Partition,61,399,399,0,0,0,0,0,0,0,0,0,0,0,0,0,0,0,0,0,0,0,0,0,0,0,0,0,0,0,0,0,0,0,0,0,0,0,0,0,0,0,0,0,0,0,0,0,0,0,0,0,0,0,0,0,0,0,0,0,0,0,0
STAT,(NULL),Refine,61,767,767,0,0,0,0,0,0,0,0,0,0,0,0,0,0,0,0,0,0,0,0,0,0,0,0,0,0,0,0,0,0,0,0,0,0,0,0,0,0,0,0,0,0,0,0,0,0,0,0,0,0,0,0,0,0,0,0,0,0,0,0
STAT,(NULL),Threads,61,61,61,0,0,0,0,0,0,0,0,0,0,0,0,0,0,0,0,0,0,0,0,0,0,0,0,0,0,0,0,0,0,0,0,0,0,0,0,0,0,0,0,0,0,0,0,0,0,0,0,0,0,0,0,0,0,0,0,0,0,0,0
STAT,(NULL),Time,61,3709,3709,0,0,0,0,0,0,0,0,0,0,0,0,0,0,0,0,0,0,0,0,0,0,0,0,0,0,0,0,0,0,0,0,0,0,0,0,0,0,0,0,0,0,0,0,0,0,0,0,0,0,0,0,0,0,0,0,0,0,0,0
STAT,match,Conflicts,61,5026,151,121,122,124,86,100,111,102,103,115,81,78,104,98,113,81,71,66,80,68,77,64,53,75,61,84,74,78,100,102,76,56,70,80,53,49,65,73,75,63,80,61,64,68,68,56,93,78,50,53,58,72,70,80,87,109,85,91,152,83,65
STAT,match,Iterations,61,14945219,234997,225979,236490,216600,241852,248358,230214,242954,250001,250095,237768,230732,232164,228641,220669,249107,241312,247188,252236,245336,239873,238591,244664,238058,253385,246461,240441,241866,254230,239839,235738,256893,263357,234870,251066,243556,245998,263970,243099,262845,230848,248976,257251,243525,251241,249102,263027,239731,228097,253973,249015,248145,250024,256076,253067,269421,262488,259661,231754,253199,245105
STAT,popedge,Conflicts,61,0,0,0,0,0,0,0,0,0,0,0,0,0,0,0,0,0,0,0,0,0,0,0,0,0,0,0,0,0,0,0,0,0,0,0,0,0,0,0,0,0,0,0,0,0,0,0,0,0,0,0,0,0,0,0,0,0,0,0,0,0,0
STAT,popedge,Iterations,61,7321202,118588,118105,123887,115588,115978,116998,112306,120759,120466,121343,120288,116485,121182,118192,117593,118293,114538,119612,120568,122624,111737,109909,110419,109274,113872,120304,114213,115318,116425,120105,115004,126289,123977,126563,116974,112830,125594,123875,123035,123095,118200,118565,120272,115186,120273,116615,116202,120716,116710,113086,115676,128840,131363,130129,128939,127723,126622,130254,134982,130201,128443
STAT,refine,Conflicts,61,3485,126,109,107,96,82,93,92,95,74,77,79,77,71,65,86,59,53,61,62,60,62,60,65,63,57,51,45,45,64,57,50,33,33,39,42,46,40,39,44,47,54,44,45,51,48,43,41,47,51,33,53,39,48,26,30,38,30,43,40,46,29
STAT,refine,Iterations,61,131428,2172,1788,2113,2366,2271,2143,2331,2263,2100,2329,1948,1925,1846,2136,2192,2054,2111,1752,2157,2432,1678,2010,1961,1990,2032,2000,2092,1876,2058,2273,2839,1749,1888,2256,2372,1684,1680,2292,2229,2468,3322,2384,1553,2917,2342,2013,2403,2376,3212,1948,2047,2664,2227,1665,1770,1744,2032,2199,2163,2765,1826
