Hello from MIC
Galois Benchmark Suite v2.2.0 (r0)
Copyright (C) 2013 The University of Texas at Austin
http://iss.ices.utexas.edu/galois/

application: GMetis
Partitions a graph into K parts and minimizing the graph cut
http://iss.ices.utexas.edu/?p=projects/galois/benchmarks/gMetis

INFO: CommandLine /work/02556/dpereira/MIC/apps/gmetis/gmetis -t=47 /work/02556/dpereira/Inputs/USA-road-d.W.gr 16
INFO: Hostname c557-901-mic0.stampede.tacc.utexas.edu
Created Graph with 6262104 nodes and 15248146 edges
Nodes 6262104| Edges 15248146 7624073

  Starting coarsening: 
Time coarsen:  2803 Size of final graph: 426

  Sarting initial partitioning using GGGP:
Size in decade percentages:  -0,16
Time clustering:  357

  Sarting refinnement with BKL2
Initial dist
Size in decade percentages:  -0,16
Refined dist
Size in decade percentages:  -1,4 0,9 1,3
Time refinement:  679


Time:  4014
Total edge cut : 2146

Part saved in : 0x7fff1abef960
STATTYPE,LOOP,CATEGORY,n,sum,T0,T1,T2,T3,T4,T5,T6,T7,T8,T9,T10,T11,T12,T13,T14,T15,T16,T17,T18,T19,T20,T21,T22,T23,T24,T25,T26,T27,T28,T29,T30,T31,T32,T33,T34,T35,T36,T37,T38,T39,T40,T41,T42,T43,T44,T45,T46
STAT,(NULL),Coarsen,47,2803,2803,0,0,0,0,0,0,0,0,0,0,0,0,0,0,0,0,0,0,0,0,0,0,0,0,0,0,0,0,0,0,0,0,0,0,0,0,0,0,0,0,0,0,0,0,0,0
STAT,(NULL),Conflicts,47,0,0,0,0,0,0,0,0,0,0,0,0,0,0,0,0,0,0,0,0,0,0,0,0,0,0,0,0,0,0,0,0,0,0,0,0,0,0,0,0,0,0,0,0,0,0,0,0
STAT,(NULL),Iterations,47,31,5,0,1,0,3,2,4,1,1,0,4,0,2,0,0,3,2,0,0,1,0,1,0,0,0,0,0,0,0,0,0,0,0,0,0,0,0,0,0,0,0,1,0,0,0,0,0
STAT,(NULL),MeminfoPost,47,756320,16110,16098,16141,16121,16108,16108,16104,16065,16111,16077,16191,16094,16110,16096,16106,16062,16133,16107,16081,16061,16096,16065,16046,16133,16084,16041,16129,16070,16051,16054,16105,16122,16056,16109,16075,16043,16061,16184,16050,16154,16118,16076,16038,16062,16054,16071,16089
STAT,(NULL),MeminfoPre,47,189077,4041,4029,4072,4052,4039,4039,4035,3996,4042,4008,4122,4025,4041,4027,4037,3993,4064,4038,4012,3992,4027,3996,3977,4064,4015,3972,4060,4001,3982,3985,4036,4053,3987,4040,4006,3974,3992,4115,3981,4085,4049,4007,3969,3993,3985,4002,4020
STAT,(NULL),Partition,47,357,357,0,0,0,0,0,0,0,0,0,0,0,0,0,0,0,0,0,0,0,0,0,0,0,0,0,0,0,0,0,0,0,0,0,0,0,0,0,0,0,0,0,0,0,0,0,0
STAT,(NULL),Refine,47,679,679,0,0,0,0,0,0,0,0,0,0,0,0,0,0,0,0,0,0,0,0,0,0,0,0,0,0,0,0,0,0,0,0,0,0,0,0,0,0,0,0,0,0,0,0,0,0
STAT,(NULL),Threads,47,47,47,0,0,0,0,0,0,0,0,0,0,0,0,0,0,0,0,0,0,0,0,0,0,0,0,0,0,0,0,0,0,0,0,0,0,0,0,0,0,0,0,0,0,0,0,0,0
STAT,(NULL),Time,47,4014,4014,0,0,0,0,0,0,0,0,0,0,0,0,0,0,0,0,0,0,0,0,0,0,0,0,0,0,0,0,0,0,0,0,0,0,0,0,0,0,0,0,0,0,0,0,0,0
STAT,match,Conflicts,47,4874,268,152,167,132,120,126,128,108,148,116,154,95,90,93,87,73,68,73,73,84,91,82,118,48,63,89,66,79,69,86,87,90,68,75,70,84,90,102,99,103,92,90,116,113,183,182,84
STAT,match,Iterations,47,14986066,281130,303895,307922,309299,301589,304558,316479,317055,306116,309567,297097,313250,321639,329822,322391,340377,268680,311276,313128,324915,302063,323863,320341,313717,338407,329859,331073,336414,337337,326719,325217,310442,340769,313248,319300,336332,329463,288910,320799,310128,335007,327978,339464,330352,341214,328028,329437
STAT,popedge,Conflicts,47,0,0,0,0,0,0,0,0,0,0,0,0,0,0,0,0,0,0,0,0,0,0,0,0,0,0,0,0,0,0,0,0,0,0,0,0,0,0,0,0,0,0,0,0,0,0,0,0
STAT,popedge,Iterations,47,7346801,154453,154946,153294,153120,153468,154867,156250,159515,151621,157095,151427,152687,150028,151796,154058,151972,128188,140191,143975,155256,151209,155728,154901,150285,156255,166982,157126,160169,161852,160770,159470,153331,158548,152712,153796,156698,156495,147632,152599,160462,171010,170259,172593,171934,168485,170767,166526
STAT,refine,Conflicts,47,2681,115,127,108,108,100,78,81,82,73,87,75,75,59,53,70,56,60,58,57,72,64,56,52,43,41,30,50,39,35,37,49,47,41,46,32,37,31,38,46,33,30,30,42,43,34,35,26
STAT,refine,Iterations,47,41716,691,957,911,1060,972,841,837,773,628,866,1184,921,1020,809,863,832,839,891,928,895,1189,859,1047,825,1046,635,1138,922,691,994,956,779,770,1006,742,662,880,759,810,1137,934,713,680,699,1046,904,1175
