Hello from MIC
Galois Benchmark Suite v2.2.0 (r0)
Copyright (C) 2013 The University of Texas at Austin
http://iss.ices.utexas.edu/galois/

application: GMetis
Partitions a graph into K parts and minimizing the graph cut
http://iss.ices.utexas.edu/?p=projects/galois/benchmarks/gMetis

INFO: CommandLine /work/02556/dpereira/MIC/apps/gmetis/gmetis -t=66 /work/02556/dpereira/Inputs/USA-road-d.W.gr 1024
INFO: Hostname c558-304-mic0.stampede.tacc.utexas.edu
Created Graph with 6262104 nodes and 15248146 edges
Nodes 6262104| Edges 15248146 7624073

  Starting coarsening: 
Time coarsen:  2112 Size of final graph: 40748

  Sarting initial partitioning using GGGP:
Size in decade percentages:  -0,1024
Time clustering:  1486

  Sarting refinnement with BKL2
Initial dist
Size in decade percentages:  -0,1024
Refined dist
Size in decade percentages:  -1,363 -0,294 1,366 2,1
Time refinement:  838


Time:  4615
Total edge cut : 36702

Part saved in : 0x7fff09029ce0
STATTYPE,LOOP,CATEGORY,n,sum,T0,T1,T2,T3,T4,T5,T6,T7,T8,T9,T10,T11,T12,T13,T14,T15,T16,T17,T18,T19,T20,T21,T22,T23,T24,T25,T26,T27,T28,T29,T30,T31,T32,T33,T34,T35,T36,T37,T38,T39,T40,T41,T42,T43,T44,T45,T46,T47,T48,T49,T50,T51,T52,T53,T54,T55,T56,T57,T58,T59,T60,T61,T62,T63,T64,T65
STAT,(NULL),Coarsen,66,2112,2112,0,0,0,0,0,0,0,0,0,0,0,0,0,0,0,0,0,0,0,0,0,0,0,0,0,0,0,0,0,0,0,0,0,0,0,0,0,0,0,0,0,0,0,0,0,0,0,0,0,0,0,0,0,0,0,0,0,0,0,0,0,0,0,0,0
STAT,(NULL),Conflicts,66,0,0,0,0,0,0,0,0,0,0,0,0,0,0,0,0,0,0,0,0,0,0,0,0,0,0,0,0,0,0,0,0,0,0,0,0,0,0,0,0,0,0,0,0,0,0,0,0,0,0,0,0,0,0,0,0,0,0,0,0,0,0,0,0,0,0,0
STAT,(NULL),Iterations,66,2047,11,19,32,21,19,30,34,34,34,22,29,37,27,27,27,26,29,43,24,35,30,33,45,40,25,44,42,32,43,37,33,26,26,29,32,15,27,50,47,28,30,22,22,37,51,29,24,28,40,28,37,21,26,36,13,58,84,22,30,43,20,11,14,22,27,28
STAT,(NULL),MeminfoPost,66,756355,11470,11477,11444,11489,11539,11437,11481,11488,11439,11481,11432,11461,11488,11445,11485,11546,11433,11474,11488,11441,11478,11437,11466,11500,11459,11463,11446,11441,11450,11459,11436,11434,11487,11453,11461,11409,11474,11475,11441,11448,11419,11444,11430,11525,11465,11446,11433,11480,11448,11431,11418,11450,11531,11461,11433,11517,11509,11449,11438,11418,11463,11395,11446,11432,11465,11454
STAT,(NULL),MeminfoPre,66,189085,2875,2882,2849,2894,2944,2842,2886,2893,2844,2886,2837,2866,2893,2850,2890,2951,2838,2879,2893,2846,2883,2842,2871,2905,2864,2868,2851,2846,2855,2864,2841,2839,2892,2858,2866,2814,2879,2880,2846,2853,2824,2849,2835,2930,2870,2851,2838,2885,2853,2836,2823,2855,2936,2866,2838,2922,2914,2854,2843,2823,2868,2800,2851,2837,2870,2859
STAT,(NULL),Partition,66,1486,1486,0,0,0,0,0,0,0,0,0,0,0,0,0,0,0,0,0,0,0,0,0,0,0,0,0,0,0,0,0,0,0,0,0,0,0,0,0,0,0,0,0,0,0,0,0,0,0,0,0,0,0,0,0,0,0,0,0,0,0,0,0,0,0,0,0
STAT,(NULL),Refine,66,838,838,0,0,0,0,0,0,0,0,0,0,0,0,0,0,0,0,0,0,0,0,0,0,0,0,0,0,0,0,0,0,0,0,0,0,0,0,0,0,0,0,0,0,0,0,0,0,0,0,0,0,0,0,0,0,0,0,0,0,0,0,0,0,0,0,0
STAT,(NULL),Threads,66,66,66,0,0,0,0,0,0,0,0,0,0,0,0,0,0,0,0,0,0,0,0,0,0,0,0,0,0,0,0,0,0,0,0,0,0,0,0,0,0,0,0,0,0,0,0,0,0,0,0,0,0,0,0,0,0,0,0,0,0,0,0,0,0,0,0,0
STAT,(NULL),Time,66,4615,4615,0,0,0,0,0,0,0,0,0,0,0,0,0,0,0,0,0,0,0,0,0,0,0,0,0,0,0,0,0,0,0,0,0,0,0,0,0,0,0,0,0,0,0,0,0,0,0,0,0,0,0,0,0,0,0,0,0,0,0,0,0,0,0,0,0
STAT,match,Conflicts,66,4727,217,131,153,101,145,101,93,84,83,142,103,82,61,66,62,66,68,62,58,46,113,95,60,52,56,51,67,63,67,60,54,68,54,50,45,50,56,38,55,58,45,57,77,66,55,58,54,64,50,77,62,64,60,49,52,62,80,34,70,51,63,87,62,79,46,67
STAT,match,Iterations,66,14892555,190512,195098,207336,205625,188068,229345,228809,221000,213989,224498,238584,219366,218529,226802,226397,211031,222968,228878,231003,244557,236469,237059,227810,205571,221566,236259,232841,226683,220725,230600,238406,229575,214772,239145,228145,239658,228526,231598,231722,217163,236273,230888,228956,203608,229768,228945,228999,211155,237240,231323,222164,230805,216584,238172,229220,220917,227540,246731,248958,251538,237789,220177,230896,225625,223146,208450
STAT,popedge,Conflicts,66,0,0,0,0,0,0,0,0,0,0,0,0,0,0,0,0,0,0,0,0,0,0,0,0,0,0,0,0,0,0,0,0,0,0,0,0,0,0,0,0,0,0,0,0,0,0,0,0,0,0,0,0,0,0,0,0,0,0,0,0,0,0,0,0,0,0,0
STAT,popedge,Iterations,66,7299236,100846,102560,105178,99024,96854,115851,108386,107768,106051,111802,118072,112328,109998,113510,110273,110864,114244,110811,110858,113171,112238,115158,103229,103589,103024,100017,107848,110339,111261,108306,110524,112363,108957,110270,118012,119845,113493,109770,114634,116651,117360,112554,115060,111409,111392,112181,112814,112563,111904,113373,115207,110259,104547,105258,109374,113884,120807,124151,119098,119666,116678,104554,102246,105548,107174,102198
STAT,refine,Conflicts,66,2808,59,59,69,58,52,49,51,52,46,51,54,51,47,52,51,59,49,45,43,44,50,51,59,42,49,51,47,42,42,35,42,45,34,36,47,22,32,27,31,42,35,46,38,38,31,39,31,37,51,36,43,52,26,42,49,38,31,25,32,31,31,29,29,34,39,28
STAT,refine,Iterations,66,472239,5605,5989,6108,6867,7091,6356,8135,6544,7434,7072,7267,6918,6438,7262,8302,9630,7448,8486,7406,8407,8285,7415,7926,7869,6079,6888,6635,6415,7584,7562,6756,7554,8370,7592,7437,5492,7366,7075,7116,6121,6816,7232,6249,9179,7136,6661,6429,6722,6797,5884,6507,6334,8304,7133,6741,9216,8773,7764,7323,6170,6719,5805,7049,6791,7125,7078
