Hello from MIC
Galois Benchmark Suite v2.2.0 (r0)
Copyright (C) 2013 The University of Texas at Austin
http://iss.ices.utexas.edu/galois/

application: GMetis
Partitions a graph into K parts and minimizing the graph cut
http://iss.ices.utexas.edu/?p=projects/galois/benchmarks/gMetis

INFO: CommandLine /work/02556/dpereira/MIC/apps/gmetis/gmetis -t=206 /work/02556/dpereira/Inputs/USA-road-d.W.gr 128
INFO: Hostname c558-003-mic0.stampede.tacc.utexas.edu
Created Graph with 6262104 nodes and 15248146 edges
Nodes 6262104| Edges 15248146 7624073

  Starting coarsening: 
Time coarsen:  3499 Size of final graph: 3171

  Sarting initial partitioning using GGGP:
Size in decade percentages:  -1,1 -0,124 1,3
Time clustering:  451

  Sarting refinnement with BKL2
Initial dist
Size in decade percentages:  -1,1 -0,124 1,3
Refined dist
Size in decade percentages:  -1,46 0,32 1,50
Time refinement:  2378


Time:  6506
Total edge cut : 8429

Part saved in : 0x7fffc7fa32e0
STATTYPE,LOOP,CATEGORY,n,sum,T0,T1,T2,T3,T4,T5,T6,T7,T8,T9,T10,T11,T12,T13,T14,T15,T16,T17,T18,T19,T20,T21,T22,T23,T24,T25,T26,T27,T28,T29,T30,T31,T32,T33,T34,T35,T36,T37,T38,T39,T40,T41,T42,T43,T44,T45,T46,T47,T48,T49,T50,T51,T52,T53,T54,T55,T56,T57,T58,T59,T60,T61,T62,T63,T64,T65,T66,T67,T68,T69,T70,T71,T72,T73,T74,T75,T76,T77,T78,T79,T80,T81,T82,T83,T84,T85,T86,T87,T88,T89,T90,T91,T92,T93,T94,T95,T96,T97,T98,T99,T100,T101,T102,T103,T104,T105,T106,T107,T108,T109,T110,T111,T112,T113,T114,T115,T116,T117,T118,T119,T120,T121,T122,T123,T124,T125,T126,T127,T128,T129,T130,T131,T132,T133,T134,T135,T136,T137,T138,T139,T140,T141,T142,T143,T144,T145,T146,T147,T148,T149,T150,T151,T152,T153,T154,T155,T156,T157,T158,T159,T160,T161,T162,T163,T164,T165,T166,T167,T168,T169,T170,T171,T172,T173,T174,T175,T176,T177,T178,T179,T180,T181,T182,T183,T184,T185,T186,T187,T188,T189,T190,T191,T192,T193,T194,T195,T196,T197,T198,T199,T200,T201,T202,T203,T204,T205
STAT,(NULL),Coarsen,206,3499,3499,0,0,0,0,0,0,0,0,0,0,0,0,0,0,0,0,0,0,0,0,0,0,0,0,0,0,0,0,0,0,0,0,0,0,0,0,0,0,0,0,0,0,0,0,0,0,0,0,0,0,0,0,0,0,0,0,0,0,0,0,0,0,0,0,0,0,0,0,0,0,0,0,0,0,0,0,0,0,0,0,0,0,0,0,0,0,0,0,0,0,0,0,0,0,0,0,0,0,0,0,0,0,0,0,0,0,0,0,0,0,0,0,0,0,0,0,0,0,0,0,0,0,0,0,0,0,0,0,0,0,0,0,0,0,0,0,0,0,0,0,0,0,0,0,0,0,0,0,0,0,0,0,0,0,0,0,0,0,0,0,0,0,0,0,0,0,0,0,0,0,0,0,0,0,0,0,0,0,0,0,0,0,0,0,0,0,0,0,0,0,0,0,0,0,0,0,0,0,0,0,0,0,0,0,0
STAT,(NULL),Conflicts,206,0,0,0,0,0,0,0,0,0,0,0,0,0,0,0,0,0,0,0,0,0,0,0,0,0,0,0,0,0,0,0,0,0,0,0,0,0,0,0,0,0,0,0,0,0,0,0,0,0,0,0,0,0,0,0,0,0,0,0,0,0,0,0,0,0,0,0,0,0,0,0,0,0,0,0,0,0,0,0,0,0,0,0,0,0,0,0,0,0,0,0,0,0,0,0,0,0,0,0,0,0,0,0,0,0,0,0,0,0,0,0,0,0,0,0,0,0,0,0,0,0,0,0,0,0,0,0,0,0,0,0,0,0,0,0,0,0,0,0,0,0,0,0,0,0,0,0,0,0,0,0,0,0,0,0,0,0,0,0,0,0,0,0,0,0,0,0,0,0,0,0,0,0,0,0,0,0,0,0,0,0,0,0,0,0,0,0,0,0,0,0,0,0,0,0,0,0,0,0,0,0,0,0,0,0,0,0
STAT,(NULL),Iterations,206,255,8,0,0,0,1,0,0,0,0,0,0,1,0,0,0,1,1,0,0,0,0,0,4,5,2,5,1,0,0,0,3,1,6,1,2,3,4,0,0,0,1,0,0,0,3,3,1,2,0,5,2,0,3,2,0,2,0,0,1,0,3,1,3,0,0,0,0,0,3,4,0,7,3,3,0,2,0,2,1,0,0,4,1,1,1,0,1,0,0,0,1,0,0,0,0,0,7,1,2,0,2,0,3,0,1,1,2,0,3,0,0,1,0,2,3,2,2,4,4,0,0,0,0,2,0,3,0,0,2,2,2,0,1,0,0,0,1,7,0,0,4,1,1,1,0,0,1,0,0,4,2,0,2,0,0,0,0,5,3,0,0,0,1,1,0,2,4,0,2,5,0,0,3,0,2,0,3,4,1,1,1,3,1,5,3,0,1,0,0,0,0,4,0,0,2,0,0,2,0,3,0,0,0,2,0,0
STAT,(NULL),MeminfoPost,206,757188,3682,3665,3685,3694,3679,3678,3673,3679,3665,3683,3673,3692,3700,3729,3688,3659,3674,3671,3666,3678,3689,3686,3686,3682,3680,3675,3663,3668,3673,3689,3684,3667,3667,3666,3680,3675,3672,3684,3686,3682,3683,3677,3664,3667,3682,3695,3678,3738,3700,3674,3666,3666,3675,3676,3679,3689,3684,3680,3684,3683,3661,3672,3666,3685,3678,3686,3668,3662,3670,3676,3686,3677,3674,3680,3712,3667,3674,3684,3683,3670,3678,3680,3665,3668,3668,3686,3663,3655,3671,3680,3686,3677,3673,3672,3666,3672,3661,3659,3662,3678,3661,3696,3699,3687,3669,3664,3668,3675,3689,3662,3659,3655,3669,3678,3679,3687,3687,3685,3671,3676,3661,3678,3670,3670,3667,3669,3664,3654,3666,3661,3677,3673,3663,3666,3689,3704,3699,3700,3672,3664,3668,3689,3666,3654,3659,3674,3677,3683,3688,3676,3676,3662,3677,3668,3670,3663,3660,3665,3660,3681,3663,3666,3693,3702,3698,3696,3680,3666,3672,3660,3663,3677,3685,3700,3699,3685,3697,3693,3666,3665,3685,3664,3669,3671,3676,3666,3647,3671,3664,3683,3672,3656,3657,3672,3656,3657,3689,3660,3667,3672,3679,3675,3676,3677,3669,3675
STAT,(NULL),MeminfoPre,206,189246,925,908,928,937,922,921,916,922,908,926,916,935,943,972,931,902,917,914,909,921,932,929,929,925,923,918,906,911,916,932,927,910,910,909,923,918,915,927,929,925,926,920,907,910,925,938,921,981,943,917,909,909,918,919,922,932,927,923,927,926,904,915,909,928,921,929,911,905,913,919,929,920,917,923,955,910,917,927,926,913,921,923,908,911,911,929,906,898,914,923,929,920,916,915,909,915,904,902,905,921,904,939,942,930,912,907,911,918,932,905,902,898,912,921,922,930,930,928,914,919,904,921,913,913,910,912,907,897,909,904,920,916,906,909,932,947,942,943,915,907,911,932,909,897,902,917,920,926,931,919,919,905,920,911,913,906,903,908,903,924,906,909,936,945,941,939,923,909,915,903,906,920,928,943,942,928,940,936,909,908,928,907,912,914,919,909,890,914,907,926,915,899,900,915,899,900,932,903,910,915,922,918,919,920,912,918
STAT,(NULL),Partition,206,451,451,0,0,0,0,0,0,0,0,0,0,0,0,0,0,0,0,0,0,0,0,0,0,0,0,0,0,0,0,0,0,0,0,0,0,0,0,0,0,0,0,0,0,0,0,0,0,0,0,0,0,0,0,0,0,0,0,0,0,0,0,0,0,0,0,0,0,0,0,0,0,0,0,0,0,0,0,0,0,0,0,0,0,0,0,0,0,0,0,0,0,0,0,0,0,0,0,0,0,0,0,0,0,0,0,0,0,0,0,0,0,0,0,0,0,0,0,0,0,0,0,0,0,0,0,0,0,0,0,0,0,0,0,0,0,0,0,0,0,0,0,0,0,0,0,0,0,0,0,0,0,0,0,0,0,0,0,0,0,0,0,0,0,0,0,0,0,0,0,0,0,0,0,0,0,0,0,0,0,0,0,0,0,0,0,0,0,0,0,0,0,0,0,0,0,0,0,0,0,0,0,0,0,0,0,0
STAT,(NULL),Refine,206,2378,2378,0,0,0,0,0,0,0,0,0,0,0,0,0,0,0,0,0,0,0,0,0,0,0,0,0,0,0,0,0,0,0,0,0,0,0,0,0,0,0,0,0,0,0,0,0,0,0,0,0,0,0,0,0,0,0,0,0,0,0,0,0,0,0,0,0,0,0,0,0,0,0,0,0,0,0,0,0,0,0,0,0,0,0,0,0,0,0,0,0,0,0,0,0,0,0,0,0,0,0,0,0,0,0,0,0,0,0,0,0,0,0,0,0,0,0,0,0,0,0,0,0,0,0,0,0,0,0,0,0,0,0,0,0,0,0,0,0,0,0,0,0,0,0,0,0,0,0,0,0,0,0,0,0,0,0,0,0,0,0,0,0,0,0,0,0,0,0,0,0,0,0,0,0,0,0,0,0,0,0,0,0,0,0,0,0,0,0,0,0,0,0,0,0,0,0,0,0,0,0,0,0,0,0,0,0
STAT,(NULL),Threads,206,206,206,0,0,0,0,0,0,0,0,0,0,0,0,0,0,0,0,0,0,0,0,0,0,0,0,0,0,0,0,0,0,0,0,0,0,0,0,0,0,0,0,0,0,0,0,0,0,0,0,0,0,0,0,0,0,0,0,0,0,0,0,0,0,0,0,0,0,0,0,0,0,0,0,0,0,0,0,0,0,0,0,0,0,0,0,0,0,0,0,0,0,0,0,0,0,0,0,0,0,0,0,0,0,0,0,0,0,0,0,0,0,0,0,0,0,0,0,0,0,0,0,0,0,0,0,0,0,0,0,0,0,0,0,0,0,0,0,0,0,0,0,0,0,0,0,0,0,0,0,0,0,0,0,0,0,0,0,0,0,0,0,0,0,0,0,0,0,0,0,0,0,0,0,0,0,0,0,0,0,0,0,0,0,0,0,0,0,0,0,0,0,0,0,0,0,0,0,0,0,0,0,0,0,0,0,0
STAT,(NULL),Time,206,6506,6506,0,0,0,0,0,0,0,0,0,0,0,0,0,0,0,0,0,0,0,0,0,0,0,0,0,0,0,0,0,0,0,0,0,0,0,0,0,0,0,0,0,0,0,0,0,0,0,0,0,0,0,0,0,0,0,0,0,0,0,0,0,0,0,0,0,0,0,0,0,0,0,0,0,0,0,0,0,0,0,0,0,0,0,0,0,0,0,0,0,0,0,0,0,0,0,0,0,0,0,0,0,0,0,0,0,0,0,0,0,0,0,0,0,0,0,0,0,0,0,0,0,0,0,0,0,0,0,0,0,0,0,0,0,0,0,0,0,0,0,0,0,0,0,0,0,0,0,0,0,0,0,0,0,0,0,0,0,0,0,0,0,0,0,0,0,0,0,0,0,0,0,0,0,0,0,0,0,0,0,0,0,0,0,0,0,0,0,0,0,0,0,0,0,0,0,0,0,0,0,0,0,0,0,0,0
STAT,match,Conflicts,206,6211,50,56,43,50,45,51,40,50,43,51,47,51,45,34,51,36,39,44,50,37,37,37,53,40,34,42,28,44,46,41,33,31,33,44,37,35,26,31,32,38,39,29,29,42,38,39,38,43,32,39,29,38,31,30,30,38,25,39,46,35,31,33,30,25,18,33,25,22,26,17,23,23,32,25,30,26,27,24,28,22,28,21,27,26,20,28,24,25,25,21,26,24,27,20,28,28,23,24,26,23,22,35,26,26,28,27,31,26,21,26,28,26,27,28,28,24,18,22,27,34,24,25,32,37,27,26,25,28,31,30,30,21,28,22,26,22,21,21,24,27,34,27,26,28,32,22,26,28,22,26,32,20,30,24,22,29,24,24,27,20,27,25,22,28,28,25,27,29,28,30,30,30,35,25,28,32,21,28,28,25,33,26,26,27,33,24,22,27,32,23,31,34,26,21,25,25,21,29,31,24,29,31,25,27,23,27
STAT,match,Iterations,206,15052984,49534,47024,74295,50663,55766,54807,58654,60901,56277,67743,54432,61643,60067,62252,56824,69904,60452,54945,49691,44516,66495,64497,56881,75893,59983,59199,61281,65744,69285,56307,78331,60396,51051,65433,69784,87790,72122,64661,63713,63054,62982,89749,75494,43129,69720,66280,56559,75874,69449,64545,73211,71819,82096,61799,68654,76342,69409,70622,63465,61713,83930,68628,64028,90325,79476,74430,72058,93043,85995,69663,87724,73697,65642,65659,59067,81444,48550,81499,66296,75629,88262,79047,75302,84209,70608,57268,80794,61811,78066,87523,77088,86967,76755,82548,92966,85299,76194,88190,78957,79031,71525,53030,74266,66427,84330,68626,80397,79885,94392,62536,89705,78593,68360,86866,102486,56009,68102,79526,71827,84453,80981,90127,74421,60572,72379,57697,82150,81383,60483,79229,60405,98465,63019,102111,68338,68460,93262,77368,73750,68096,82629,72504,66624,82415,81306,91098,83940,99940,75144,76128,75755,88621,67652,62440,71313,64226,67485,83221,72295,82302,69573,84769,75568,96318,70850,97722,84998,81554,76220,64113,64699,66308,81308,93640,64196,74475,69938,76101,70928,103112,90623,108798,79155,73012,67726,78621,80803,80105,73081,79679,73939,70400,82147,58004,65799,79014,64819,70308,90732,68369,80100,75933,70988,80780,80657,73058
STAT,popedge,Conflicts,206,0,0,0,0,0,0,0,0,0,0,0,0,0,0,0,0,0,0,0,0,0,0,0,0,0,0,0,0,0,0,0,0,0,0,0,0,0,0,0,0,0,0,0,0,0,0,0,0,0,0,0,0,0,0,0,0,0,0,0,0,0,0,0,0,0,0,0,0,0,0,0,0,0,0,0,0,0,0,0,0,0,0,0,0,0,0,0,0,0,0,0,0,0,0,0,0,0,0,0,0,0,0,0,0,0,0,0,0,0,0,0,0,0,0,0,0,0,0,0,0,0,0,0,0,0,0,0,0,0,0,0,0,0,0,0,0,0,0,0,0,0,0,0,0,0,0,0,0,0,0,0,0,0,0,0,0,0,0,0,0,0,0,0,0,0,0,0,0,0,0,0,0,0,0,0,0,0,0,0,0,0,0,0,0,0,0,0,0,0,0,0,0,0,0,0,0,0,0,0,0,0,0,0,0,0,0,0
STAT,popedge,Iterations,206,7374620,33924,33582,33583,31463,34216,34271,33975,34398,32495,32926,33969,33943,32280,30657,33880,32950,31777,32367,34392,33582,33208,33128,32762,37972,39984,37662,39718,36857,37376,36172,36433,39117,36641,40603,36674,37755,38989,35574,37498,37679,36157,36641,37244,35624,38085,39055,37524,37148,34671,37540,39582,38188,36934,37005,37396,36276,39133,38161,37996,38824,37422,33237,34267,31961,31720,32152,33128,31692,35354,31658,32189,31144,32669,31746,32962,31946,30961,32597,31432,33507,32873,30989,32407,33563,37904,38179,37464,37932,36893,38727,36024,38401,36275,36805,36628,36525,37383,39104,34750,35540,38419,38265,36143,37621,39078,39646,36895,35222,38588,38365,37732,40899,38784,39598,38200,37933,38121,37384,38852,40053,38832,38966,33608,33542,33504,33912,31819,33251,34912,33164,32586,36242,31642,33924,33468,33168,34094,32209,32983,30598,33273,33583,33790,34231,34194,36218,37591,38705,37452,37584,36883,36826,37641,38905,40516,40029,37118,37685,37387,36264,36444,36574,36860,37508,36723,36567,38839,37404,35316,40401,38916,37889,38994,40792,37557,39406,37619,37657,38919,41116,39604,38015,43321,34156,33322,34113,32041,34662,34204,34116,32936,34856,34063,35169,34127,33080,34859,33374,32591,33437,34988,34382,34454,34551,34259,32616
STAT,refine,Conflicts,206,6691,99,108,96,103,91,100,94,87,77,87,79,85,83,83,77,71,65,72,68,56,67,70,63,70,63,55,60,58,52,59,51,38,39,45,46,44,38,49,40,31,39,40,41,41,45,34,42,57,29,53,42,39,48,37,28,39,34,40,34,42,38,26,23,20,13,26,22,27,21,20,22,16,23,30,25,17,23,23,23,27,26,17,23,27,22,26,20,20,22,21,25,24,20,19,30,28,15,18,27,24,19,23,22,21,28,29,18,19,33,18,21,32,22,20,20,18,21,21,20,14,25,22,13,27,28,19,17,24,13,17,16,25,15,17,19,19,30,19,22,23,23,17,20,18,23,21,31,19,22,25,18,16,21,15,22,21,25,21,17,20,19,15,23,22,19,25,27,21,29,32,21,27,31,24,22,23,16,20,20,21,23,17,18,25,22,33,22,19,16,16,22,16,28,12,20,26,26,16,18,19,21,20,22,23,18,10
STAT,refine,Iterations,206,140956,696,623,935,659,651,662,627,633,618,816,498,837,915,987,872,799,775,774,580,694,677,699,742,734,366,545,675,578,763,600,702,523,542,785,646,828,778,655,760,441,645,877,584,539,733,662,720,1133,692,754,755,609,808,623,716,758,646,867,533,754,740,657,580,747,470,641,696,644,629,522,621,484,687,628,875,534,626,705,654,646,815,556,644,877,546,796,436,482,650,614,711,622,573,478,906,825,601,724,606,730,462,685,757,818,941,1022,640,742,912,627,652,760,571,680,784,599,545,664,688,860,723,887,550,496,697,533,564,713,480,638,441,738,411,674,762,747,949,745,880,651,743,657,698,553,667,513,639,758,592,636,534,695,533,601,739,646,685,784,487,746,540,528,664,1051,789,772,897,713,815,794,553,827,914,796,724,702,575,722,687,1018,913,700,894,506,538,705,509,729,540,579,563,623,725,489,747,624,768,648,672,603,590,649,797,852,664,578
