Hello from MIC
Galois Benchmark Suite v2.2.0 (r0)
Copyright (C) 2013 The University of Texas at Austin
http://iss.ices.utexas.edu/galois/

application: GMetis
Partitions a graph into K parts and minimizing the graph cut
http://iss.ices.utexas.edu/?p=projects/galois/benchmarks/gMetis

INFO: CommandLine /work/02556/dpereira/MIC/apps/gmetis/gmetis -t=179 /work/02556/dpereira/Inputs/USA-road-d.W.gr 1024
INFO: Hostname c558-402-mic0.stampede.tacc.utexas.edu
Created Graph with 6262104 nodes and 15248146 edges
Nodes 6262104| Edges 15248146 7624073

  Starting coarsening: 
Time coarsen:  2542 Size of final graph: 21981

  Sarting initial partitioning using GGGP:
Size in decade percentages:  -1,82 -0,868 1,74
Time clustering:  1060

  Sarting refinnement with BKL2
Initial dist
Size in decade percentages:  -1,82 -0,868 1,74
Refined dist
Size in decade percentages:  -1,369 0,277 1,377 2,1
Time refinement:  1651


Time:  5431
Total edge cut : 31512

Part saved in : 0x7fff849c76e0
STATTYPE,LOOP,CATEGORY,n,sum,T0,T1,T2,T3,T4,T5,T6,T7,T8,T9,T10,T11,T12,T13,T14,T15,T16,T17,T18,T19,T20,T21,T22,T23,T24,T25,T26,T27,T28,T29,T30,T31,T32,T33,T34,T35,T36,T37,T38,T39,T40,T41,T42,T43,T44,T45,T46,T47,T48,T49,T50,T51,T52,T53,T54,T55,T56,T57,T58,T59,T60,T61,T62,T63,T64,T65,T66,T67,T68,T69,T70,T71,T72,T73,T74,T75,T76,T77,T78,T79,T80,T81,T82,T83,T84,T85,T86,T87,T88,T89,T90,T91,T92,T93,T94,T95,T96,T97,T98,T99,T100,T101,T102,T103,T104,T105,T106,T107,T108,T109,T110,T111,T112,T113,T114,T115,T116,T117,T118,T119,T120,T121,T122,T123,T124,T125,T126,T127,T128,T129,T130,T131,T132,T133,T134,T135,T136,T137,T138,T139,T140,T141,T142,T143,T144,T145,T146,T147,T148,T149,T150,T151,T152,T153,T154,T155,T156,T157,T158,T159,T160,T161,T162,T163,T164,T165,T166,T167,T168,T169,T170,T171,T172,T173,T174,T175,T176,T177,T178
STAT,(NULL),Coarsen,179,2542,2542,0,0,0,0,0,0,0,0,0,0,0,0,0,0,0,0,0,0,0,0,0,0,0,0,0,0,0,0,0,0,0,0,0,0,0,0,0,0,0,0,0,0,0,0,0,0,0,0,0,0,0,0,0,0,0,0,0,0,0,0,0,0,0,0,0,0,0,0,0,0,0,0,0,0,0,0,0,0,0,0,0,0,0,0,0,0,0,0,0,0,0,0,0,0,0,0,0,0,0,0,0,0,0,0,0,0,0,0,0,0,0,0,0,0,0,0,0,0,0,0,0,0,0,0,0,0,0,0,0,0,0,0,0,0,0,0,0,0,0,0,0,0,0,0,0,0,0,0,0,0,0,0,0,0,0,0,0,0,0,0,0,0,0,0,0,0,0,0,0,0,0,0,0,0,0,0,0,0
STAT,(NULL),Conflicts,179,0,0,0,0,0,0,0,0,0,0,0,0,0,0,0,0,0,0,0,0,0,0,0,0,0,0,0,0,0,0,0,0,0,0,0,0,0,0,0,0,0,0,0,0,0,0,0,0,0,0,0,0,0,0,0,0,0,0,0,0,0,0,0,0,0,0,0,0,0,0,0,0,0,0,0,0,0,0,0,0,0,0,0,0,0,0,0,0,0,0,0,0,0,0,0,0,0,0,0,0,0,0,0,0,0,0,0,0,0,0,0,0,0,0,0,0,0,0,0,0,0,0,0,0,0,0,0,0,0,0,0,0,0,0,0,0,0,0,0,0,0,0,0,0,0,0,0,0,0,0,0,0,0,0,0,0,0,0,0,0,0,0,0,0,0,0,0,0,0,0,0,0,0,0,0,0,0,0,0,0
STAT,(NULL),Iterations,179,2047,11,7,1,12,11,7,16,9,5,8,2,11,17,7,17,20,20,14,10,11,16,12,11,9,15,9,15,18,7,9,6,12,13,18,14,6,13,9,10,9,8,11,16,4,15,13,10,18,13,19,19,21,13,15,6,5,13,13,14,8,14,15,11,13,13,16,6,14,14,14,7,11,15,9,6,11,12,9,14,12,8,9,6,7,24,11,4,10,16,8,12,6,7,14,12,4,16,7,10,12,12,11,12,19,6,7,7,13,14,18,12,12,11,13,9,23,11,13,14,10,5,13,19,14,5,8,2,25,12,15,7,12,5,7,12,8,12,7,14,10,9,19,11,9,8,13,11,7,15,8,13,13,7,13,10,10,7,14,11,14,11,5,10,8,20,11,7,5,12,10,20,5,6,23,15,10,24,13,11
STAT,(NULL),MeminfoPost,179,756540,4230,4217,4243,4235,4238,4222,4228,4214,4233,4242,4239,4289,4245,4208,4224,4219,4228,4229,4237,4241,4232,4233,4216,4222,4219,4236,4236,4224,4210,4219,4229,4218,4241,4238,4236,4223,4229,4214,4231,4245,4241,4287,4244,4210,4225,4218,4229,4226,4239,4240,4234,4232,4215,4223,4219,4236,4236,4223,4211,4220,4227,4236,4224,4232,4260,4223,4224,4238,4232,4217,4235,4217,4218,4217,4233,4207,4212,4227,4238,4230,4219,4225,4218,4212,4210,4212,4229,4215,4254,4251,4224,4211,4218,4234,4230,4210,4203,4209,4231,4231,4237,4237,4235,4223,4214,4226,4219,4219,4223,4204,4211,4215,4209,4238,4213,4206,4237,4256,4250,4250,4219,4217,4222,4232,4207,4205,4226,4231,4236,4238,4220,4214,4228,4217,4220,4211,4201,4218,4229,4211,4221,4254,4246,4259,4233,4219,4223,4204,4221,4232,4253,4254,4234,4257,4231,4212,4226,4222,4221,4223,4219,4208,4212,4210,4225,4233,4205,4202,4224,4206,4237,4205,4215,4224,4230,4226,4231,4214,4232
STAT,(NULL),MeminfoPre,179,189110,1060,1047,1073,1065,1068,1052,1058,1044,1063,1072,1069,1119,1075,1038,1054,1049,1058,1059,1067,1071,1062,1063,1046,1052,1049,1066,1066,1054,1040,1049,1059,1048,1071,1068,1066,1053,1059,1044,1061,1075,1071,1117,1074,1040,1055,1048,1059,1056,1069,1070,1064,1062,1045,1053,1049,1066,1066,1053,1041,1050,1057,1066,1054,1062,1090,1053,1054,1068,1062,1047,1065,1047,1048,1047,1063,1037,1042,1057,1068,1060,1049,1055,1048,1042,1040,1042,1059,1045,1084,1081,1054,1041,1048,1064,1060,1040,1033,1039,1061,1061,1067,1067,1065,1053,1044,1056,1049,1049,1053,1034,1041,1045,1039,1068,1043,1036,1067,1086,1080,1080,1049,1047,1052,1062,1037,1035,1056,1061,1066,1068,1050,1044,1058,1047,1050,1041,1031,1048,1059,1041,1051,1084,1076,1089,1063,1049,1053,1034,1051,1062,1083,1084,1064,1087,1061,1042,1056,1052,1051,1053,1049,1038,1042,1040,1055,1063,1035,1032,1054,1036,1067,1035,1045,1054,1060,1056,1061,1044,1062
STAT,(NULL),Partition,179,1060,1060,0,0,0,0,0,0,0,0,0,0,0,0,0,0,0,0,0,0,0,0,0,0,0,0,0,0,0,0,0,0,0,0,0,0,0,0,0,0,0,0,0,0,0,0,0,0,0,0,0,0,0,0,0,0,0,0,0,0,0,0,0,0,0,0,0,0,0,0,0,0,0,0,0,0,0,0,0,0,0,0,0,0,0,0,0,0,0,0,0,0,0,0,0,0,0,0,0,0,0,0,0,0,0,0,0,0,0,0,0,0,0,0,0,0,0,0,0,0,0,0,0,0,0,0,0,0,0,0,0,0,0,0,0,0,0,0,0,0,0,0,0,0,0,0,0,0,0,0,0,0,0,0,0,0,0,0,0,0,0,0,0,0,0,0,0,0,0,0,0,0,0,0,0,0,0,0,0,0
STAT,(NULL),Refine,179,1651,1651,0,0,0,0,0,0,0,0,0,0,0,0,0,0,0,0,0,0,0,0,0,0,0,0,0,0,0,0,0,0,0,0,0,0,0,0,0,0,0,0,0,0,0,0,0,0,0,0,0,0,0,0,0,0,0,0,0,0,0,0,0,0,0,0,0,0,0,0,0,0,0,0,0,0,0,0,0,0,0,0,0,0,0,0,0,0,0,0,0,0,0,0,0,0,0,0,0,0,0,0,0,0,0,0,0,0,0,0,0,0,0,0,0,0,0,0,0,0,0,0,0,0,0,0,0,0,0,0,0,0,0,0,0,0,0,0,0,0,0,0,0,0,0,0,0,0,0,0,0,0,0,0,0,0,0,0,0,0,0,0,0,0,0,0,0,0,0,0,0,0,0,0,0,0,0,0,0,0
STAT,(NULL),Threads,179,179,179,0,0,0,0,0,0,0,0,0,0,0,0,0,0,0,0,0,0,0,0,0,0,0,0,0,0,0,0,0,0,0,0,0,0,0,0,0,0,0,0,0,0,0,0,0,0,0,0,0,0,0,0,0,0,0,0,0,0,0,0,0,0,0,0,0,0,0,0,0,0,0,0,0,0,0,0,0,0,0,0,0,0,0,0,0,0,0,0,0,0,0,0,0,0,0,0,0,0,0,0,0,0,0,0,0,0,0,0,0,0,0,0,0,0,0,0,0,0,0,0,0,0,0,0,0,0,0,0,0,0,0,0,0,0,0,0,0,0,0,0,0,0,0,0,0,0,0,0,0,0,0,0,0,0,0,0,0,0,0,0,0,0,0,0,0,0,0,0,0,0,0,0,0,0,0,0,0,0
STAT,(NULL),Time,179,5431,5431,0,0,0,0,0,0,0,0,0,0,0,0,0,0,0,0,0,0,0,0,0,0,0,0,0,0,0,0,0,0,0,0,0,0,0,0,0,0,0,0,0,0,0,0,0,0,0,0,0,0,0,0,0,0,0,0,0,0,0,0,0,0,0,0,0,0,0,0,0,0,0,0,0,0,0,0,0,0,0,0,0,0,0,0,0,0,0,0,0,0,0,0,0,0,0,0,0,0,0,0,0,0,0,0,0,0,0,0,0,0,0,0,0,0,0,0,0,0,0,0,0,0,0,0,0,0,0,0,0,0,0,0,0,0,0,0,0,0,0,0,0,0,0,0,0,0,0,0,0,0,0,0,0,0,0,0,0,0,0,0,0,0,0,0,0,0,0,0,0,0,0,0,0,0,0,0,0,0
STAT,match,Conflicts,179,5948,66,49,42,45,51,45,40,48,56,53,42,57,39,45,46,40,43,33,40,48,44,41,59,40,41,38,43,51,42,41,38,33,43,46,32,50,47,33,39,54,44,45,35,42,41,38,35,51,43,47,40,35,44,32,39,32,35,32,38,32,35,26,22,26,31,21,22,22,32,23,23,19,27,34,23,28,19,27,25,31,30,32,24,31,27,27,26,26,25,34,33,27,30,22,39,23,38,39,27,26,30,30,32,40,30,35,34,29,33,25,30,32,33,24,31,29,25,31,29,32,21,29,20,24,16,29,21,26,19,28,27,19,25,35,27,23,24,28,26,19,28,29,30,26,32,30,32,28,27,30,32,32,33,28,29,37,32,32,31,24,26,30,39,40,33,26,26,32,27,28,39,27,30,27,33,36,27,27,28
STAT,match,Iterations,179,14962556,48723,74409,48527,61576,56490,67771,67792,67508,56210,63334,62123,55387,69704,57929,75391,60592,77630,70543,70039,63970,85937,63422,55255,78541,66279,72556,67352,82853,79648,82502,84560,74190,59154,73739,93167,76875,69994,77425,74475,68043,77871,88930,86792,80545,53220,66037,78934,79109,65039,75069,67113,86678,77650,82028,70373,68233,67439,107735,88064,94968,87580,78796,94013,60282,100593,91840,88437,92045,86882,89844,93321,78640,89787,90276,110272,98137,100892,108126,77954,104787,76295,88103,101061,101097,82050,84140,101444,89410,98150,68725,101089,66775,73721,110473,90603,106504,73550,81526,90814,104765,83089,82920,97554,58862,96819,75029,71649,92040,91602,81771,105636,88444,85383,105205,77539,93662,95675,94578,121278,101475,118265,96171,79700,95927,88608,91991,88124,102369,75048,92084,96392,116630,68427,92444,95093,79815,105094,76450,71493,98778,78377,79589,71139,101111,86841,108308,68397,90499,86996,104667,60786,82963,78155,96544,98947,61309,72789,100892,96719,95295,81009,98637,94559,87065,102918,88222,83238,97602,65536,98772,83934,84265,86800,92193,90176,60795,93730,87720,99708
STAT,popedge,Conflicts,179,0,0,0,0,0,0,0,0,0,0,0,0,0,0,0,0,0,0,0,0,0,0,0,0,0,0,0,0,0,0,0,0,0,0,0,0,0,0,0,0,0,0,0,0,0,0,0,0,0,0,0,0,0,0,0,0,0,0,0,0,0,0,0,0,0,0,0,0,0,0,0,0,0,0,0,0,0,0,0,0,0,0,0,0,0,0,0,0,0,0,0,0,0,0,0,0,0,0,0,0,0,0,0,0,0,0,0,0,0,0,0,0,0,0,0,0,0,0,0,0,0,0,0,0,0,0,0,0,0,0,0,0,0,0,0,0,0,0,0,0,0,0,0,0,0,0,0,0,0,0,0,0,0,0,0,0,0,0,0,0,0,0,0,0,0,0,0,0,0,0,0,0,0,0,0,0,0,0,0,0
STAT,popedge,Iterations,179,7329858,38793,43879,38926,38509,39317,39304,37623,40051,39094,38501,38494,41431,40347,42141,40002,40814,39608,38775,40128,38068,37096,42222,40289,41736,40632,37373,40204,39846,40016,41762,39519,42721,40809,41747,41686,43903,42231,39822,41247,40541,42513,39809,41365,41057,43383,44623,40271,39528,41082,40829,40216,41760,40123,41745,43548,39708,39287,47415,46601,47495,44836,37860,40133,39316,37609,35912,37962,35870,38955,38858,38170,39141,41586,38144,39264,39261,38639,38495,39862,38251,38725,37551,39137,39007,39434,40508,38213,40255,40125,40736,39774,42361,42075,40665,42482,42231,43653,44475,41924,42414,41189,42752,40967,42004,41471,41161,43707,42149,40902,41745,42813,43296,42044,41185,42423,41061,40819,38334,51015,47764,47184,47316,38880,39650,37958,37940,39744,38735,40372,38028,38615,39202,39631,39569,40652,40103,38983,39667,39235,39644,42176,38970,38720,43496,40418,39596,39759,37136,40508,41737,40758,41633,42720,42623,42450,46077,43099,41651,45370,42557,42976,41675,42526,38541,39881,40646,42663,42484,45256,42217,42697,42624,40808,43637,41984,44715,43592,42269,41870
STAT,refine,Conflicts,179,5571,90,76,78,81,72,80,71,67,63,65,69,70,63,65,70,46,57,49,51,55,49,47,47,49,48,47,53,57,47,43,29,34,34,40,30,39,34,34,39,44,44,37,42,41,35,31,47,42,40,42,40,38,48,43,37,39,41,31,38,24,29,20,19,21,33,21,23,21,17,25,29,15,28,24,17,28,22,21,16,24,26,22,15,25,23,25,27,24,28,13,26,19,22,27,24,17,22,17,22,25,19,21,20,19,19,20,24,17,27,25,23,24,16,20,18,25,24,24,22,18,28,25,19,28,19,26,22,28,18,25,19,19,25,17,24,16,20,22,24,24,23,25,23,18,14,25,21,16,22,30,20,18,21,26,18,25,10,21,19,23,21,18,25,18,28,25,16,14,19,29,14,26,24,25,18,21,25,21,29
STAT,refine,Iterations,179,429359,1794,2223,1809,1842,2199,1735,2031,2082,2245,2203,2378,2757,2954,2030,2244,2459,2455,2051,2327,2095,2137,2595,1400,2669,1820,2951,1841,2901,2262,1749,2059,2130,1780,2384,2445,2032,2023,1801,3023,2100,2966,2466,3233,1730,1499,2007,1691,2240,2049,2848,1877,2082,2731,2306,2124,2055,2213,2983,2713,1943,1981,2176,2894,1814,3164,1874,2340,2292,2069,2182,2167,1658,2811,2378,2845,2537,2249,2965,2247,2818,2150,2679,2737,2417,2239,2694,3369,2346,3560,2233,2689,1791,2623,2476,2974,1668,2013,2281,2437,3176,2210,2955,2923,2409,2182,2138,1959,1593,2971,2421,3064,2729,2627,2924,2147,2522,2827,2575,3837,2834,3219,3019,2389,3093,1887,2326,2093,2756,2017,2330,2020,2028,1929,2578,2572,1945,2796,2211,2447,2430,2873,2719,2546,3091,2482,2993,2302,3060,2614,3636,2006,2427,2120,2855,2735,2041,2289,2623,2438,2361,2415,2248,2682,1952,3015,2008,1879,2146,1869,2418,2248,3005,2085,2743,2499,2005,2982,2200,3033
