Hello from MIC
Galois Benchmark Suite v2.2.0 (r0)
Copyright (C) 2013 The University of Texas at Austin
http://iss.ices.utexas.edu/galois/

application: GMetis
Partitions a graph into K parts and minimizing the graph cut
http://iss.ices.utexas.edu/?p=projects/galois/benchmarks/gMetis

INFO: CommandLine /work/02556/dpereira/MIC/apps/gmetis/gmetis -t=236 /work/02556/dpereira/Inputs/USA-road-d.W.gr 1024
INFO: Hostname c557-803-mic0.stampede.tacc.utexas.edu
Created Graph with 6262104 nodes and 15248146 edges
Nodes 6262104| Edges 15248146 7624073

  Starting coarsening: 
Time coarsen:  3271 Size of final graph: 22241

  Sarting initial partitioning using GGGP:
Size in decade percentages:  -1,81 -0,878 1,65
Time clustering:  1144

  Sarting refinnement with BKL2
Initial dist
Size in decade percentages:  -1,81 -0,878 1,65
Refined dist
Size in decade percentages:  -1,369 0,268 1,386 4,1
Time refinement:  2281


Time:  6877
Total edge cut : 31769

Part saved in : 0x7fff43671b60
STATTYPE,LOOP,CATEGORY,n,sum,T0,T1,T2,T3,T4,T5,T6,T7,T8,T9,T10,T11,T12,T13,T14,T15,T16,T17,T18,T19,T20,T21,T22,T23,T24,T25,T26,T27,T28,T29,T30,T31,T32,T33,T34,T35,T36,T37,T38,T39,T40,T41,T42,T43,T44,T45,T46,T47,T48,T49,T50,T51,T52,T53,T54,T55,T56,T57,T58,T59,T60,T61,T62,T63,T64,T65,T66,T67,T68,T69,T70,T71,T72,T73,T74,T75,T76,T77,T78,T79,T80,T81,T82,T83,T84,T85,T86,T87,T88,T89,T90,T91,T92,T93,T94,T95,T96,T97,T98,T99,T100,T101,T102,T103,T104,T105,T106,T107,T108,T109,T110,T111,T112,T113,T114,T115,T116,T117,T118,T119,T120,T121,T122,T123,T124,T125,T126,T127,T128,T129,T130,T131,T132,T133,T134,T135,T136,T137,T138,T139,T140,T141,T142,T143,T144,T145,T146,T147,T148,T149,T150,T151,T152,T153,T154,T155,T156,T157,T158,T159,T160,T161,T162,T163,T164,T165,T166,T167,T168,T169,T170,T171,T172,T173,T174,T175,T176,T177,T178,T179,T180,T181,T182,T183,T184,T185,T186,T187,T188,T189,T190,T191,T192,T193,T194,T195,T196,T197,T198,T199,T200,T201,T202,T203,T204,T205,T206,T207,T208,T209,T210,T211,T212,T213,T214,T215,T216,T217,T218,T219,T220,T221,T222,T223,T224,T225,T226,T227,T228,T229,T230,T231,T232,T233,T234,T235
STAT,(NULL),Coarsen,236,3271,3271,0,0,0,0,0,0,0,0,0,0,0,0,0,0,0,0,0,0,0,0,0,0,0,0,0,0,0,0,0,0,0,0,0,0,0,0,0,0,0,0,0,0,0,0,0,0,0,0,0,0,0,0,0,0,0,0,0,0,0,0,0,0,0,0,0,0,0,0,0,0,0,0,0,0,0,0,0,0,0,0,0,0,0,0,0,0,0,0,0,0,0,0,0,0,0,0,0,0,0,0,0,0,0,0,0,0,0,0,0,0,0,0,0,0,0,0,0,0,0,0,0,0,0,0,0,0,0,0,0,0,0,0,0,0,0,0,0,0,0,0,0,0,0,0,0,0,0,0,0,0,0,0,0,0,0,0,0,0,0,0,0,0,0,0,0,0,0,0,0,0,0,0,0,0,0,0,0,0,0,0,0,0,0,0,0,0,0,0,0,0,0,0,0,0,0,0,0,0,0,0,0,0,0,0,0,0,0,0,0,0,0,0,0,0,0,0,0,0,0,0,0,0,0,0,0,0,0,0,0,0,0,0,0,0,0
STAT,(NULL),Conflicts,236,0,0,0,0,0,0,0,0,0,0,0,0,0,0,0,0,0,0,0,0,0,0,0,0,0,0,0,0,0,0,0,0,0,0,0,0,0,0,0,0,0,0,0,0,0,0,0,0,0,0,0,0,0,0,0,0,0,0,0,0,0,0,0,0,0,0,0,0,0,0,0,0,0,0,0,0,0,0,0,0,0,0,0,0,0,0,0,0,0,0,0,0,0,0,0,0,0,0,0,0,0,0,0,0,0,0,0,0,0,0,0,0,0,0,0,0,0,0,0,0,0,0,0,0,0,0,0,0,0,0,0,0,0,0,0,0,0,0,0,0,0,0,0,0,0,0,0,0,0,0,0,0,0,0,0,0,0,0,0,0,0,0,0,0,0,0,0,0,0,0,0,0,0,0,0,0,0,0,0,0,0,0,0,0,0,0,0,0,0,0,0,0,0,0,0,0,0,0,0,0,0,0,0,0,0,0,0,0,0,0,0,0,0,0,0,0,0,0,0,0,0,0,0,0,0,0,0,0,0,0,0,0,0,0,0,0,0
STAT,(NULL),Iterations,236,2047,11,19,11,8,8,8,6,6,8,10,5,8,9,4,12,7,12,4,6,12,12,9,21,7,8,4,12,6,10,12,7,8,8,6,3,10,10,5,7,10,13,3,16,13,6,10,6,8,5,9,4,5,19,23,6,10,8,5,13,11,7,12,11,17,8,5,7,4,8,2,11,3,7,15,5,21,4,9,10,3,8,8,13,12,8,17,10,7,10,7,11,11,13,14,7,1,4,12,3,9,8,5,2,16,6,9,2,6,9,2,9,4,2,14,10,8,13,17,9,11,17,7,8,11,6,6,8,11,6,8,5,8,14,5,17,10,13,10,12,10,2,13,11,8,13,10,6,8,9,5,14,7,17,12,3,10,6,3,10,1,11,15,9,2,8,14,6,9,10,6,1,5,1,10,10,13,2,14,8,6,12,7,10,14,4,12,11,4,9,4,4,0,19,0,6,15,6,9,9,15,6,14,13,6,17,11,14,11,13,3,9,9,8,12,13,5,11,9,8,8,2,6,8,7,9,6,3,8,6,4,6,2,9,8,8,7
STAT,(NULL),MeminfoPost,236,757052,3213,3206,3211,3211,3216,3221,3206,3205,3214,3200,3200,3210,3220,3217,3236,3255,3218,3198,3203,3200,3206,3205,3212,3214,3214,3227,3199,3219,3214,3205,3198,3199,3207,3217,3214,3215,3199,3197,3198,3210,3210,3195,3222,3223,3209,3221,3206,3203,3206,3198,3217,3205,3223,3219,3260,3227,3216,3194,3206,3203,3197,3219,3209,3217,3219,3212,3217,3209,3212,3194,3206,3200,3205,3217,3219,3201,3205,3197,3203,3204,3218,3213,3205,3206,3227,3233,3201,3204,3215,3212,3215,3199,3211,3210,3200,3204,3199,3203,3216,3194,3191,3205,3210,3218,3216,3204,3198,3208,3201,3203,3195,3192,3201,3208,3198,3202,3227,3228,3217,3208,3195,3202,3201,3218,3211,3197,3195,3189,3194,3211,3210,3210,3218,3219,3215,3206,3207,3203,3195,3217,3197,3203,3201,3204,3191,3196,3195,3205,3190,3204,3214,3198,3192,3214,3225,3233,3226,3230,3208,3196,3201,3201,3222,3195,3191,3194,3205,3210,3213,3218,3215,3205,3208,3194,3213,3198,3201,3205,3192,3197,3198,3195,3217,3197,3191,3214,3223,3231,3228,3226,3214,3205,3199,3203,3193,3198,3209,3213,3231,3230,3219,3219,3230,3217,3200,3199,3207,3205,3202,3215,3198,3203,3197,3185,3204,3189,3201,3231,3194,3191,3193,3197,3196,3196,3191,3222,3198,3199,3206,3208,3209,3208,3209,3208,3206,3203
STAT,(NULL),MeminfoPre,236,189236,807,800,805,805,810,815,800,799,808,794,794,804,814,811,830,849,812,792,797,794,800,799,806,808,808,821,793,813,808,799,792,793,801,811,808,809,793,791,792,804,804,789,816,817,803,815,800,797,800,792,811,799,817,813,854,821,810,788,800,797,791,813,803,811,813,806,811,803,806,788,800,794,799,811,813,795,799,791,797,798,812,807,799,800,821,827,795,798,809,806,809,793,805,804,794,798,793,797,810,788,785,799,804,812,810,798,792,802,795,797,789,786,795,802,792,796,821,822,811,802,789,796,795,812,805,791,789,783,788,805,804,804,812,813,809,800,801,797,789,811,791,797,795,798,785,790,789,799,784,798,808,792,786,808,819,827,820,824,802,790,795,795,816,789,785,788,799,804,807,812,809,799,802,788,807,792,795,799,786,791,792,789,811,791,785,808,817,825,822,820,808,799,793,797,787,792,803,807,825,824,813,813,824,811,794,793,801,799,796,809,792,797,791,779,798,783,795,825,788,785,787,791,790,790,785,816,792,793,800,802,803,802,803,802,800,797
STAT,(NULL),Partition,236,1144,1144,0,0,0,0,0,0,0,0,0,0,0,0,0,0,0,0,0,0,0,0,0,0,0,0,0,0,0,0,0,0,0,0,0,0,0,0,0,0,0,0,0,0,0,0,0,0,0,0,0,0,0,0,0,0,0,0,0,0,0,0,0,0,0,0,0,0,0,0,0,0,0,0,0,0,0,0,0,0,0,0,0,0,0,0,0,0,0,0,0,0,0,0,0,0,0,0,0,0,0,0,0,0,0,0,0,0,0,0,0,0,0,0,0,0,0,0,0,0,0,0,0,0,0,0,0,0,0,0,0,0,0,0,0,0,0,0,0,0,0,0,0,0,0,0,0,0,0,0,0,0,0,0,0,0,0,0,0,0,0,0,0,0,0,0,0,0,0,0,0,0,0,0,0,0,0,0,0,0,0,0,0,0,0,0,0,0,0,0,0,0,0,0,0,0,0,0,0,0,0,0,0,0,0,0,0,0,0,0,0,0,0,0,0,0,0,0,0,0,0,0,0,0,0,0,0,0,0,0,0,0,0,0,0,0,0
STAT,(NULL),Refine,236,2281,2281,0,0,0,0,0,0,0,0,0,0,0,0,0,0,0,0,0,0,0,0,0,0,0,0,0,0,0,0,0,0,0,0,0,0,0,0,0,0,0,0,0,0,0,0,0,0,0,0,0,0,0,0,0,0,0,0,0,0,0,0,0,0,0,0,0,0,0,0,0,0,0,0,0,0,0,0,0,0,0,0,0,0,0,0,0,0,0,0,0,0,0,0,0,0,0,0,0,0,0,0,0,0,0,0,0,0,0,0,0,0,0,0,0,0,0,0,0,0,0,0,0,0,0,0,0,0,0,0,0,0,0,0,0,0,0,0,0,0,0,0,0,0,0,0,0,0,0,0,0,0,0,0,0,0,0,0,0,0,0,0,0,0,0,0,0,0,0,0,0,0,0,0,0,0,0,0,0,0,0,0,0,0,0,0,0,0,0,0,0,0,0,0,0,0,0,0,0,0,0,0,0,0,0,0,0,0,0,0,0,0,0,0,0,0,0,0,0,0,0,0,0,0,0,0,0,0,0,0,0,0,0,0,0,0,0
STAT,(NULL),Threads,236,236,236,0,0,0,0,0,0,0,0,0,0,0,0,0,0,0,0,0,0,0,0,0,0,0,0,0,0,0,0,0,0,0,0,0,0,0,0,0,0,0,0,0,0,0,0,0,0,0,0,0,0,0,0,0,0,0,0,0,0,0,0,0,0,0,0,0,0,0,0,0,0,0,0,0,0,0,0,0,0,0,0,0,0,0,0,0,0,0,0,0,0,0,0,0,0,0,0,0,0,0,0,0,0,0,0,0,0,0,0,0,0,0,0,0,0,0,0,0,0,0,0,0,0,0,0,0,0,0,0,0,0,0,0,0,0,0,0,0,0,0,0,0,0,0,0,0,0,0,0,0,0,0,0,0,0,0,0,0,0,0,0,0,0,0,0,0,0,0,0,0,0,0,0,0,0,0,0,0,0,0,0,0,0,0,0,0,0,0,0,0,0,0,0,0,0,0,0,0,0,0,0,0,0,0,0,0,0,0,0,0,0,0,0,0,0,0,0,0,0,0,0,0,0,0,0,0,0,0,0,0,0,0,0,0,0,0
STAT,(NULL),Time,236,6877,6877,0,0,0,0,0,0,0,0,0,0,0,0,0,0,0,0,0,0,0,0,0,0,0,0,0,0,0,0,0,0,0,0,0,0,0,0,0,0,0,0,0,0,0,0,0,0,0,0,0,0,0,0,0,0,0,0,0,0,0,0,0,0,0,0,0,0,0,0,0,0,0,0,0,0,0,0,0,0,0,0,0,0,0,0,0,0,0,0,0,0,0,0,0,0,0,0,0,0,0,0,0,0,0,0,0,0,0,0,0,0,0,0,0,0,0,0,0,0,0,0,0,0,0,0,0,0,0,0,0,0,0,0,0,0,0,0,0,0,0,0,0,0,0,0,0,0,0,0,0,0,0,0,0,0,0,0,0,0,0,0,0,0,0,0,0,0,0,0,0,0,0,0,0,0,0,0,0,0,0,0,0,0,0,0,0,0,0,0,0,0,0,0,0,0,0,0,0,0,0,0,0,0,0,0,0,0,0,0,0,0,0,0,0,0,0,0,0,0,0,0,0,0,0,0,0,0,0,0,0,0,0,0,0,0,0
STAT,match,Conflicts,236,5888,35,35,35,32,42,40,35,43,35,40,36,42,44,40,48,32,36,34,42,33,32,32,35,42,40,42,34,34,30,38,26,28,25,40,33,32,28,24,35,37,32,29,32,37,29,31,26,38,32,31,25,29,29,32,22,29,30,25,26,30,26,20,22,21,23,25,24,23,26,24,28,17,24,21,23,31,23,20,18,28,23,17,21,20,21,22,21,19,21,18,20,24,20,19,21,24,24,24,19,23,21,21,24,19,21,18,24,19,20,31,25,18,20,22,23,19,19,27,22,21,23,21,18,23,20,23,22,22,21,24,17,23,23,33,31,20,22,20,21,23,23,20,22,20,25,21,24,13,21,20,21,25,24,19,18,19,15,22,19,19,25,28,17,23,22,23,19,22,23,20,21,24,16,22,16,24,18,16,16,17,27,23,24,20,20,14,23,24,26,28,20,24,27,23,21,21,15,25,25,22,21,28,21,24,25,20,22,26,21,16,25,22,21,18,19,19,20,25,27,26,20,25,25,25,23,27,26,20,24,20,22,26,23,21,26,23
STAT,match,Iterations,236,15005290,49646,62184,61149,61692,58590,54733,52878,43371,46743,60171,40790,53847,63123,49438,52133,48317,44399,54329,41795,60167,49139,68981,35598,48463,50489,42451,57536,40744,45201,58022,46917,44390,58324,42334,41044,65136,68741,65663,69843,44286,58425,43893,30457,43871,40630,68079,46622,59216,62610,67020,51679,39022,46143,68153,45262,37273,47104,65684,50640,51047,67789,60547,56184,70424,63421,57743,63070,76310,69644,67733,76703,69460,87631,88847,69121,74662,58313,54977,95230,51886,72675,74762,65431,67094,70635,64204,60484,62650,82847,70857,86975,56261,67713,70163,55755,45973,73611,65099,72967,79994,55747,77659,58528,74395,80208,70619,73061,51316,70048,54797,59754,67359,61884,56739,64660,88417,82112,72070,63731,75935,46371,89807,61190,68154,64282,61871,64589,69231,62550,80671,55197,54967,66705,63891,73901,70780,82213,54562,60024,73949,53524,72594,82959,68750,50091,50835,50176,75786,64398,67880,45733,69906,56808,68242,50500,68171,65250,68438,77765,54669,57543,80736,53829,87422,65424,90755,75629,61566,50117,81670,75709,70564,73593,62250,79532,76369,65067,81042,66049,60165,64112,69231,64562,79918,36761,62914,58732,63855,78738,57385,72727,62925,92313,55160,86235,82573,84558,80919,73788,68726,64696,54008,56081,60382,57573,67612,86624,90111,49530,64345,77624,46841,85601,72042,72179,82210,65236,51467,61577,75062,52513,69419,63248,49097,64029,81127,59023,72446,70973,59931,71650,75879,72337,59760,65574,48429
STAT,popedge,Conflicts,236,0,0,0,0,0,0,0,0,0,0,0,0,0,0,0,0,0,0,0,0,0,0,0,0,0,0,0,0,0,0,0,0,0,0,0,0,0,0,0,0,0,0,0,0,0,0,0,0,0,0,0,0,0,0,0,0,0,0,0,0,0,0,0,0,0,0,0,0,0,0,0,0,0,0,0,0,0,0,0,0,0,0,0,0,0,0,0,0,0,0,0,0,0,0,0,0,0,0,0,0,0,0,0,0,0,0,0,0,0,0,0,0,0,0,0,0,0,0,0,0,0,0,0,0,0,0,0,0,0,0,0,0,0,0,0,0,0,0,0,0,0,0,0,0,0,0,0,0,0,0,0,0,0,0,0,0,0,0,0,0,0,0,0,0,0,0,0,0,0,0,0,0,0,0,0,0,0,0,0,0,0,0,0,0,0,0,0,0,0,0,0,0,0,0,0,0,0,0,0,0,0,0,0,0,0,0,0,0,0,0,0,0,0,0,0,0,0,0,0,0,0,0,0,0,0,0,0,0,0,0,0,0,0,0,0,0,0
STAT,popedge,Iterations,236,7349698,29742,29923,31008,29128,29049,31166,29595,30219,29990,30424,30130,31514,30599,30343,31367,29947,30127,31113,30257,30389,31004,30205,31873,31008,29782,30378,31232,29868,31782,32074,30960,31369,29217,30166,31692,31185,29590,29340,30950,29520,30048,31578,32529,29699,29863,30546,30157,31691,32308,30965,30616,29926,29999,32286,32617,33768,34740,34327,34135,33120,35285,29946,30486,30986,29675,31300,29835,28909,30537,29575,31587,28615,30834,30303,30411,32807,28268,29024,32714,29581,31998,30054,30251,30475,28744,27540,28495,29054,32837,28093,30639,31743,30113,29017,29726,30364,31489,30101,30959,32223,31678,29941,31819,30381,33970,31409,31292,29342,32015,33051,31736,29107,30816,29392,32992,33676,35231,33371,34345,34387,35823,38653,30436,29328,30399,27946,30192,29186,29842,29884,31908,33109,30312,31006,30997,29957,32643,28770,30437,32964,32679,31848,32717,28439,33012,31644,30018,30180,30860,30822,30098,31842,31230,31333,29490,30251,30326,32762,31449,31636,31489,29394,30043,31076,32858,33610,30452,30217,30600,32092,30749,31846,31150,29662,32024,32993,33488,31921,33898,34181,34871,35945,33352,31909,30520,29794,30192,29793,31692,29960,29820,31213,30947,31044,31764,31328,31818,32260,30853,29379,33001,32611,31985,31595,31159,31694,31904,32841,31437,31869,30324,29831,31940,29676,32761,31719,30572,30561,31980,31605,32441,31119,28013,31710,30974,30861,33712,30817,31214,31110,30926,31961,31862,31181,32632,30788
STAT,refine,Conflicts,236,6564,83,79,75,80,68,76,73,72,66,64,58,59,55,64,53,61,55,56,63,49,49,55,54,52,54,53,54,50,40,55,43,42,36,38,37,46,47,35,40,40,28,40,40,39,40,33,42,47,42,37,41,37,31,31,26,38,32,33,32,26,30,18,21,27,26,19,21,25,27,15,32,18,28,32,19,21,20,25,22,18,29,20,21,21,26,18,13,24,30,19,20,27,31,15,16,20,21,26,17,20,17,15,17,27,12,16,13,17,27,23,14,25,14,23,18,20,26,17,14,19,14,21,20,15,21,25,24,25,20,24,15,18,8,26,18,23,21,14,19,21,16,18,15,16,23,13,21,17,32,21,12,24,16,15,13,18,18,19,15,17,25,18,22,19,19,17,17,21,22,11,29,20,22,20,24,25,18,27,19,16,22,17,25,17,20,27,33,26,27,21,18,22,23,30,31,22,22,28,28,16,22,20,20,18,12,18,21,25,11,16,27,19,27,17,20,24,23,24,16,27,18,19,19,14,20,27,15,9,24,19,13,22,27,17,25,16
STAT,refine,Iterations,236,432244,1555,1546,1807,1787,2145,1860,1958,1366,1347,1885,1113,2104,2306,1745,1941,1786,1447,1615,1226,2123,1900,1820,1520,1323,1611,1727,1673,1667,1327,1786,1403,1383,1708,1650,1622,1691,2162,1489,1648,1152,1350,1156,1462,1679,1424,2213,1708,1961,2336,1936,1910,1138,1727,2342,1630,1972,1920,1819,1680,1226,1844,1627,1532,2295,2024,1394,2200,1851,2341,1573,2275,1503,2492,2909,1984,2241,1443,1658,2227,1293,2531,1810,1484,1386,2580,2022,1401,1657,2313,1506,1726,1852,1876,1628,1389,1476,1728,1852,1965,1724,1525,1446,1573,1990,1908,1928,1565,1372,2422,2020,1626,2501,1794,2086,1696,1907,2336,2305,1552,2324,1831,2254,1690,1590,1949,1746,1919,1924,1461,2160,1648,2255,1208,2321,2565,1883,2583,1550,1572,1955,1530,2128,1752,1095,1482,1577,2102,1687,1806,2276,967,2199,1365,1892,1543,1716,1913,2270,2088,1589,1612,1594,2040,1877,2098,1841,1972,1944,2416,2153,2334,1814,1968,2126,2299,2062,1555,1978,1768,1553,1951,1503,2252,1773,1348,1691,2174,2197,2315,1979,1819,1672,2285,1821,2330,2439,2296,2794,2360,2022,1916,1804,2066,1700,1309,1381,2790,2843,1195,1241,2303,1077,2253,1384,1530,2166,1661,1411,1668,1932,1175,1782,1606,1203,1995,2252,1941,1804,1969,1639,1981,1954,2495,1582,2345,1824
