Hello from MIC
Galois Benchmark Suite v2.2.0 (r0)
Copyright (C) 2013 The University of Texas at Austin
http://iss.ices.utexas.edu/galois/

application: GMetis
Partitions a graph into K parts and minimizing the graph cut
http://iss.ices.utexas.edu/?p=projects/galois/benchmarks/gMetis

INFO: CommandLine /work/02556/dpereira/MIC/apps/gmetis/gmetis -t=201 /work/02556/dpereira/Inputs/USA-road-d.W.gr 1024
INFO: Hostname c557-803-mic0.stampede.tacc.utexas.edu
Created Graph with 6262104 nodes and 15248146 edges
Nodes 6262104| Edges 15248146 7624073

  Starting coarsening: 
Time coarsen:  2719 Size of final graph: 22152

  Sarting initial partitioning using GGGP:
Size in decade percentages:  -1,70 -0,882 1,72
Time clustering:  1158

  Sarting refinnement with BKL2
Initial dist
Size in decade percentages:  -1,70 -0,882 1,72
Refined dist
Size in decade percentages:  -1,371 -0,271 1,380 2,1 4,1
Time refinement:  1734


Time:  5790
Total edge cut : 31954

Part saved in : 0x7fff76db47e0
STATTYPE,LOOP,CATEGORY,n,sum,T0,T1,T2,T3,T4,T5,T6,T7,T8,T9,T10,T11,T12,T13,T14,T15,T16,T17,T18,T19,T20,T21,T22,T23,T24,T25,T26,T27,T28,T29,T30,T31,T32,T33,T34,T35,T36,T37,T38,T39,T40,T41,T42,T43,T44,T45,T46,T47,T48,T49,T50,T51,T52,T53,T54,T55,T56,T57,T58,T59,T60,T61,T62,T63,T64,T65,T66,T67,T68,T69,T70,T71,T72,T73,T74,T75,T76,T77,T78,T79,T80,T81,T82,T83,T84,T85,T86,T87,T88,T89,T90,T91,T92,T93,T94,T95,T96,T97,T98,T99,T100,T101,T102,T103,T104,T105,T106,T107,T108,T109,T110,T111,T112,T113,T114,T115,T116,T117,T118,T119,T120,T121,T122,T123,T124,T125,T126,T127,T128,T129,T130,T131,T132,T133,T134,T135,T136,T137,T138,T139,T140,T141,T142,T143,T144,T145,T146,T147,T148,T149,T150,T151,T152,T153,T154,T155,T156,T157,T158,T159,T160,T161,T162,T163,T164,T165,T166,T167,T168,T169,T170,T171,T172,T173,T174,T175,T176,T177,T178,T179,T180,T181,T182,T183,T184,T185,T186,T187,T188,T189,T190,T191,T192,T193,T194,T195,T196,T197,T198,T199,T200
STAT,(NULL),Coarsen,201,2719,2719,0,0,0,0,0,0,0,0,0,0,0,0,0,0,0,0,0,0,0,0,0,0,0,0,0,0,0,0,0,0,0,0,0,0,0,0,0,0,0,0,0,0,0,0,0,0,0,0,0,0,0,0,0,0,0,0,0,0,0,0,0,0,0,0,0,0,0,0,0,0,0,0,0,0,0,0,0,0,0,0,0,0,0,0,0,0,0,0,0,0,0,0,0,0,0,0,0,0,0,0,0,0,0,0,0,0,0,0,0,0,0,0,0,0,0,0,0,0,0,0,0,0,0,0,0,0,0,0,0,0,0,0,0,0,0,0,0,0,0,0,0,0,0,0,0,0,0,0,0,0,0,0,0,0,0,0,0,0,0,0,0,0,0,0,0,0,0,0,0,0,0,0,0,0,0,0,0,0,0,0,0,0,0,0,0,0,0,0,0,0,0,0,0,0,0,0,0,0,0,0
STAT,(NULL),Conflicts,201,0,0,0,0,0,0,0,0,0,0,0,0,0,0,0,0,0,0,0,0,0,0,0,0,0,0,0,0,0,0,0,0,0,0,0,0,0,0,0,0,0,0,0,0,0,0,0,0,0,0,0,0,0,0,0,0,0,0,0,0,0,0,0,0,0,0,0,0,0,0,0,0,0,0,0,0,0,0,0,0,0,0,0,0,0,0,0,0,0,0,0,0,0,0,0,0,0,0,0,0,0,0,0,0,0,0,0,0,0,0,0,0,0,0,0,0,0,0,0,0,0,0,0,0,0,0,0,0,0,0,0,0,0,0,0,0,0,0,0,0,0,0,0,0,0,0,0,0,0,0,0,0,0,0,0,0,0,0,0,0,0,0,0,0,0,0,0,0,0,0,0,0,0,0,0,0,0,0,0,0,0,0,0,0,0,0,0,0,0,0,0,0,0,0,0,0,0,0,0,0,0,0
STAT,(NULL),Iterations,201,2047,11,9,17,10,3,6,15,2,10,2,4,8,6,8,14,19,7,9,16,20,10,22,17,13,12,10,13,11,13,3,9,8,11,15,7,11,9,13,18,9,12,12,16,8,11,4,5,11,9,11,13,4,11,15,8,4,7,8,11,6,4,9,7,4,12,2,6,11,5,9,8,7,12,11,4,6,5,4,13,17,20,8,18,15,11,20,22,13,5,13,12,17,15,9,9,9,3,11,35,23,18,10,15,13,14,15,9,17,6,8,10,10,9,10,9,10,1,6,6,12,9,5,14,6,8,13,0,7,2,13,5,4,4,10,6,5,9,16,10,7,20,10,16,11,20,5,12,19,12,5,8,15,9,18,17,9,9,14,19,27,21,15,13,15,7,6,12,13,9,11,13,3,7,7,0,13,11,9,6,6,6,12,4,14,13,12,5,7,0,8,10,3,1,13,8,5,0,9,9,8,7
STAT,(NULL),MeminfoPost,201,756771,3771,3755,3777,3778,3773,3762,3759,3772,3754,3774,3770,3775,3814,3793,3772,3752,3760,3762,3765,3771,3778,3773,3762,3782,3773,3746,3762,3758,3774,3781,3755,3761,3751,3763,3767,3759,3779,3773,3771,3772,3768,3754,3757,3771,3779,3780,3821,3786,3759,3762,3758,3752,3773,3767,3776,3788,3765,3769,3765,3752,3757,3762,3776,3776,3759,3756,3758,3762,3771,3769,3758,3778,3797,3761,3762,3774,3772,3760,3766,3768,3755,3759,3756,3774,3751,3744,3763,3769,3775,3768,3757,3764,3758,3757,3747,3756,3763,3752,3764,3788,3789,3764,3751,3759,3755,3787,3754,3748,3745,3749,3767,3769,3772,3776,3776,3762,3765,3752,3763,3762,3759,3758,3755,3752,3745,3758,3745,3779,3751,3750,3762,3785,3791,3784,3785,3755,3759,3757,3775,3752,3743,3757,3766,3769,3779,3772,3761,3753,3769,3753,3759,3755,3749,3751,3753,3770,3752,3752,3782,3792,3788,3788,3768,3755,3762,3746,3755,3764,3781,3797,3780,3778,3789,3772,3748,3761,3772,3753,3772,3755,3751,3747,3754,3748,3743,3797,3748,3745,3747,3758,3751,3776,3744,3756,3761,3766,3767,3767,3766,3757,3766
STAT,(NULL),MeminfoPre,201,189147,947,931,953,954,949,938,935,948,930,950,946,951,990,969,948,928,936,938,941,947,954,949,938,958,949,922,938,934,950,957,931,937,927,939,943,935,955,949,947,948,944,930,933,947,955,956,997,962,935,938,934,928,949,943,952,964,941,945,941,928,933,938,952,952,935,932,934,938,947,945,934,954,973,937,938,950,948,936,942,944,931,935,932,950,927,920,939,945,951,944,933,940,934,933,923,932,939,928,940,964,965,940,927,935,931,963,930,924,921,925,943,945,948,952,952,938,941,928,939,938,935,934,931,928,921,934,921,955,927,926,938,961,967,960,961,931,935,933,951,928,919,933,942,945,955,948,937,929,945,929,935,931,925,927,929,946,928,928,958,968,964,964,944,931,938,922,931,940,957,973,956,954,965,948,924,937,948,929,948,931,927,923,930,924,919,973,924,921,923,934,927,952,920,932,937,942,943,943,942,933,942
STAT,(NULL),Partition,201,1158,1158,0,0,0,0,0,0,0,0,0,0,0,0,0,0,0,0,0,0,0,0,0,0,0,0,0,0,0,0,0,0,0,0,0,0,0,0,0,0,0,0,0,0,0,0,0,0,0,0,0,0,0,0,0,0,0,0,0,0,0,0,0,0,0,0,0,0,0,0,0,0,0,0,0,0,0,0,0,0,0,0,0,0,0,0,0,0,0,0,0,0,0,0,0,0,0,0,0,0,0,0,0,0,0,0,0,0,0,0,0,0,0,0,0,0,0,0,0,0,0,0,0,0,0,0,0,0,0,0,0,0,0,0,0,0,0,0,0,0,0,0,0,0,0,0,0,0,0,0,0,0,0,0,0,0,0,0,0,0,0,0,0,0,0,0,0,0,0,0,0,0,0,0,0,0,0,0,0,0,0,0,0,0,0,0,0,0,0,0,0,0,0,0,0,0,0,0,0,0,0,0
STAT,(NULL),Refine,201,1734,1734,0,0,0,0,0,0,0,0,0,0,0,0,0,0,0,0,0,0,0,0,0,0,0,0,0,0,0,0,0,0,0,0,0,0,0,0,0,0,0,0,0,0,0,0,0,0,0,0,0,0,0,0,0,0,0,0,0,0,0,0,0,0,0,0,0,0,0,0,0,0,0,0,0,0,0,0,0,0,0,0,0,0,0,0,0,0,0,0,0,0,0,0,0,0,0,0,0,0,0,0,0,0,0,0,0,0,0,0,0,0,0,0,0,0,0,0,0,0,0,0,0,0,0,0,0,0,0,0,0,0,0,0,0,0,0,0,0,0,0,0,0,0,0,0,0,0,0,0,0,0,0,0,0,0,0,0,0,0,0,0,0,0,0,0,0,0,0,0,0,0,0,0,0,0,0,0,0,0,0,0,0,0,0,0,0,0,0,0,0,0,0,0,0,0,0,0,0,0,0,0
STAT,(NULL),Threads,201,201,201,0,0,0,0,0,0,0,0,0,0,0,0,0,0,0,0,0,0,0,0,0,0,0,0,0,0,0,0,0,0,0,0,0,0,0,0,0,0,0,0,0,0,0,0,0,0,0,0,0,0,0,0,0,0,0,0,0,0,0,0,0,0,0,0,0,0,0,0,0,0,0,0,0,0,0,0,0,0,0,0,0,0,0,0,0,0,0,0,0,0,0,0,0,0,0,0,0,0,0,0,0,0,0,0,0,0,0,0,0,0,0,0,0,0,0,0,0,0,0,0,0,0,0,0,0,0,0,0,0,0,0,0,0,0,0,0,0,0,0,0,0,0,0,0,0,0,0,0,0,0,0,0,0,0,0,0,0,0,0,0,0,0,0,0,0,0,0,0,0,0,0,0,0,0,0,0,0,0,0,0,0,0,0,0,0,0,0,0,0,0,0,0,0,0,0,0,0,0,0,0
STAT,(NULL),Time,201,5790,5790,0,0,0,0,0,0,0,0,0,0,0,0,0,0,0,0,0,0,0,0,0,0,0,0,0,0,0,0,0,0,0,0,0,0,0,0,0,0,0,0,0,0,0,0,0,0,0,0,0,0,0,0,0,0,0,0,0,0,0,0,0,0,0,0,0,0,0,0,0,0,0,0,0,0,0,0,0,0,0,0,0,0,0,0,0,0,0,0,0,0,0,0,0,0,0,0,0,0,0,0,0,0,0,0,0,0,0,0,0,0,0,0,0,0,0,0,0,0,0,0,0,0,0,0,0,0,0,0,0,0,0,0,0,0,0,0,0,0,0,0,0,0,0,0,0,0,0,0,0,0,0,0,0,0,0,0,0,0,0,0,0,0,0,0,0,0,0,0,0,0,0,0,0,0,0,0,0,0,0,0,0,0,0,0,0,0,0,0,0,0,0,0,0,0,0,0,0,0,0,0
STAT,match,Conflicts,201,6031,45,45,43,50,49,53,45,45,44,36,46,45,37,37,43,44,37,41,39,39,39,37,35,34,49,43,40,42,36,40,36,37,28,34,41,34,35,35,41,42,29,43,34,46,43,29,37,36,32,27,33,45,34,33,34,45,34,26,38,33,33,35,26,21,23,28,25,28,16,24,30,23,24,28,23,27,25,21,27,27,25,30,25,27,25,26,33,38,31,24,25,22,25,19,32,32,22,27,30,25,32,25,23,28,25,29,21,31,29,23,25,20,24,25,30,26,30,29,22,25,21,19,28,25,19,25,29,25,28,27,24,19,26,26,20,30,23,23,30,33,30,31,32,25,29,27,33,23,29,36,27,26,26,29,22,35,26,31,23,25,34,20,22,32,26,29,26,22,25,32,26,18,28,32,24,28,27,34,22,23,29,26,23,27,22,23,30,22,21,34,26,26,25,27,27,23,21,22,26,24,21
STAT,match,Iterations,201,14992614,50903,63235,50785,74068,53549,55330,53066,46279,49369,44943,59394,60724,44296,65122,56804,46216,52474,58429,63133,68948,64641,59885,73493,62105,74740,64244,78354,72995,56568,71981,71339,78893,80524,67255,68075,69440,85588,77653,74794,82593,83422,83240,51709,71305,62236,53943,77900,79611,62700,53801,92805,67522,59270,66508,57658,82006,72478,68896,62638,56291,59528,75811,79915,74832,88625,65703,84964,66847,83524,80813,66334,68673,73049,64675,72947,70636,75239,70679,84164,75907,108084,83969,68690,81779,83396,90896,73627,86213,77750,84943,81859,67270,96729,78357,68078,90012,82455,81606,78702,87040,91106,66753,95754,71723,103651,81813,59087,73541,71157,100149,73521,88830,94546,78053,79479,76800,78293,70346,81678,79964,69395,80919,60731,73310,70622,75797,58456,67510,72274,74277,64780,85381,71566,80728,66851,85800,80640,92613,79442,68734,74050,81714,73188,70187,73638,90869,94172,77895,72816,72185,77361,90509,86007,88052,82122,75112,85979,76455,85137,97409,58340,88793,75564,69531,85228,86184,87790,70559,102882,64715,92735,98250,72387,64702,83437,84164,66588,85888,81013,81160,83298,82918,67075,60420,83311,55040,69321,85912,84121,80209,95124,68732,76894,79322,71951,82536,90351,56849,67401,87395,91111
STAT,popedge,Conflicts,201,0,0,0,0,0,0,0,0,0,0,0,0,0,0,0,0,0,0,0,0,0,0,0,0,0,0,0,0,0,0,0,0,0,0,0,0,0,0,0,0,0,0,0,0,0,0,0,0,0,0,0,0,0,0,0,0,0,0,0,0,0,0,0,0,0,0,0,0,0,0,0,0,0,0,0,0,0,0,0,0,0,0,0,0,0,0,0,0,0,0,0,0,0,0,0,0,0,0,0,0,0,0,0,0,0,0,0,0,0,0,0,0,0,0,0,0,0,0,0,0,0,0,0,0,0,0,0,0,0,0,0,0,0,0,0,0,0,0,0,0,0,0,0,0,0,0,0,0,0,0,0,0,0,0,0,0,0,0,0,0,0,0,0,0,0,0,0,0,0,0,0,0,0,0,0,0,0,0,0,0,0,0,0,0,0,0,0,0,0,0,0,0,0,0,0,0,0,0,0,0,0,0
STAT,popedge,Iterations,201,7344086,31713,32155,33450,32173,32703,32124,34067,35683,35003,34340,32834,31908,33239,31455,32467,34858,33459,33831,37538,38786,37954,37490,36461,37661,37020,38985,37200,37559,38951,40666,38511,37680,37330,37140,38404,39197,34690,38410,36599,36393,36608,37972,38882,39391,38599,36464,38303,36760,39691,38142,38060,41393,37545,39660,36748,37099,36980,37192,37488,39105,38248,30786,32788,32233,32936,32186,33120,32606,33712,33707,32980,31870,31944,32820,32681,31500,31392,32163,33750,34185,37025,37145,37926,37088,36617,38470,38209,38831,38276,38107,38895,39661,40986,38572,37288,39470,37770,35835,38478,39394,37506,38235,37300,41043,42015,39369,39538,40856,37817,41786,39484,39473,40732,38761,38472,38385,38094,38645,38943,39054,41242,38768,33472,33005,32561,34902,35046,33302,33757,32377,35003,33894,33879,33847,32114,32729,34179,35307,32143,34516,38311,37646,38642,37207,40134,36646,38239,39149,38447,38277,38355,38787,37364,38213,36881,39512,41411,37275,38011,39319,38156,36826,36681,38259,36804,40578,36785,38058,39100,40517,38923,38887,38820,39738,39308,40300,39076,38308,39674,39811,38021,40311,37980,32948,32515,33778,34003,33485,31953,33349,33275,33853,33277,33175,31810,33903,33957,33188,34721,33259,35520
STAT,refine,Conflicts,201,5761,90,82,75,81,67,77,74,73,61,55,60,64,68,51,65,54,45,52,44,46,37,45,47,51,55,39,45,45,37,51,38,37,35,31,31,32,37,39,39,34,37,27,33,33,35,41,42,43,44,36,28,39,35,32,36,36,40,25,45,25,28,23,27,26,23,14,23,24,13,32,18,21,26,24,21,20,24,24,20,20,25,24,20,22,9,21,19,18,19,24,22,16,20,13,16,17,29,18,35,20,23,16,18,27,23,28,23,21,25,22,22,28,25,28,27,20,26,19,20,23,19,21,19,16,20,20,15,26,18,14,29,16,24,28,19,26,19,29,14,22,15,26,18,18,27,24,24,13,18,18,11,23,22,16,17,15,21,16,26,30,22,21,23,23,19,21,23,15,32,24,24,22,17,14,19,21,22,15,16,17,22,15,11,20,26,24,14,25,22,26,21,15,24,16,20,21,23,19,28,13,11
STAT,refine,Iterations,201,431763,1646,1573,2239,1851,1588,1484,1627,1679,1566,1576,1732,2122,2562,2399,2034,1813,1335,1895,1690,2249,2245,2074,2237,1562,2388,1990,2631,2001,2066,3021,1759,2772,1641,1753,2602,2105,2689,3290,2484,2621,2089,2279,1671,2732,2551,1590,3132,2562,2286,1724,2338,2283,1553,2015,1788,2163,1934,1651,2086,1830,1300,1469,2363,2063,2353,1591,1781,1702,2039,2155,2089,1960,2759,2157,2338,1876,2123,2077,2152,1769,2804,2315,1715,2667,1742,2536,2019,2985,1984,2709,2522,1908,2738,1734,1910,2661,2106,2633,3030,3230,3433,1804,2263,2412,3145,3502,1807,2449,1813,2730,2119,2857,2765,2148,2541,1612,2462,2073,1869,1944,2057,1581,1328,1472,1685,1750,1783,1800,1806,1352,1785,2367,2295,2880,2154,2273,1537,2151,1888,2136,1534,2687,2281,1696,2448,2651,3079,1956,2733,1869,1932,2948,2486,2831,1587,1761,3046,2070,2758,3753,2609,2766,1786,2188,1849,2776,2357,1610,3239,2561,2569,3070,2346,1252,1678,2567,2032,1912,2272,1833,1812,1631,1263,1216,1926,2128,1516,1861,1580,1824,1634,1869,2150,1892,2363,2283,2358,1845,2247,1889,2358
