Hello from MIC
Galois Benchmark Suite v2.2.0 (r0)
Copyright (C) 2013 The University of Texas at Austin
http://iss.ices.utexas.edu/galois/

application: GMetis
Partitions a graph into K parts and minimizing the graph cut
http://iss.ices.utexas.edu/?p=projects/galois/benchmarks/gMetis

INFO: CommandLine /work/02556/dpereira/MIC/apps/gmetis/gmetis -t=214 /work/02556/dpereira/Inputs/USA-road-d.W.gr 1024
INFO: Hostname c557-803-mic0.stampede.tacc.utexas.edu
Created Graph with 6262104 nodes and 15248146 edges
Nodes 6262104| Edges 15248146 7624073

  Starting coarsening: 
Time coarsen:  2912 Size of final graph: 22207

  Sarting initial partitioning using GGGP:
Size in decade percentages:  -1,73 -0,882 1,69
Time clustering:  1156

  Sarting refinnement with BKL2
Initial dist
Size in decade percentages:  -1,73 -0,882 1,69
Refined dist
Size in decade percentages:  -1,378 -0,265 1,380 3,1
Time refinement:  2083


Time:  6331
Total edge cut : 32360

Part saved in : 0x7fff521afc60
STATTYPE,LOOP,CATEGORY,n,sum,T0,T1,T2,T3,T4,T5,T6,T7,T8,T9,T10,T11,T12,T13,T14,T15,T16,T17,T18,T19,T20,T21,T22,T23,T24,T25,T26,T27,T28,T29,T30,T31,T32,T33,T34,T35,T36,T37,T38,T39,T40,T41,T42,T43,T44,T45,T46,T47,T48,T49,T50,T51,T52,T53,T54,T55,T56,T57,T58,T59,T60,T61,T62,T63,T64,T65,T66,T67,T68,T69,T70,T71,T72,T73,T74,T75,T76,T77,T78,T79,T80,T81,T82,T83,T84,T85,T86,T87,T88,T89,T90,T91,T92,T93,T94,T95,T96,T97,T98,T99,T100,T101,T102,T103,T104,T105,T106,T107,T108,T109,T110,T111,T112,T113,T114,T115,T116,T117,T118,T119,T120,T121,T122,T123,T124,T125,T126,T127,T128,T129,T130,T131,T132,T133,T134,T135,T136,T137,T138,T139,T140,T141,T142,T143,T144,T145,T146,T147,T148,T149,T150,T151,T152,T153,T154,T155,T156,T157,T158,T159,T160,T161,T162,T163,T164,T165,T166,T167,T168,T169,T170,T171,T172,T173,T174,T175,T176,T177,T178,T179,T180,T181,T182,T183,T184,T185,T186,T187,T188,T189,T190,T191,T192,T193,T194,T195,T196,T197,T198,T199,T200,T201,T202,T203,T204,T205,T206,T207,T208,T209,T210,T211,T212,T213
STAT,(NULL),Coarsen,214,2912,2912,0,0,0,0,0,0,0,0,0,0,0,0,0,0,0,0,0,0,0,0,0,0,0,0,0,0,0,0,0,0,0,0,0,0,0,0,0,0,0,0,0,0,0,0,0,0,0,0,0,0,0,0,0,0,0,0,0,0,0,0,0,0,0,0,0,0,0,0,0,0,0,0,0,0,0,0,0,0,0,0,0,0,0,0,0,0,0,0,0,0,0,0,0,0,0,0,0,0,0,0,0,0,0,0,0,0,0,0,0,0,0,0,0,0,0,0,0,0,0,0,0,0,0,0,0,0,0,0,0,0,0,0,0,0,0,0,0,0,0,0,0,0,0,0,0,0,0,0,0,0,0,0,0,0,0,0,0,0,0,0,0,0,0,0,0,0,0,0,0,0,0,0,0,0,0,0,0,0,0,0,0,0,0,0,0,0,0,0,0,0,0,0,0,0,0,0,0,0,0,0,0,0,0,0,0,0,0,0,0,0,0,0,0
STAT,(NULL),Conflicts,214,0,0,0,0,0,0,0,0,0,0,0,0,0,0,0,0,0,0,0,0,0,0,0,0,0,0,0,0,0,0,0,0,0,0,0,0,0,0,0,0,0,0,0,0,0,0,0,0,0,0,0,0,0,0,0,0,0,0,0,0,0,0,0,0,0,0,0,0,0,0,0,0,0,0,0,0,0,0,0,0,0,0,0,0,0,0,0,0,0,0,0,0,0,0,0,0,0,0,0,0,0,0,0,0,0,0,0,0,0,0,0,0,0,0,0,0,0,0,0,0,0,0,0,0,0,0,0,0,0,0,0,0,0,0,0,0,0,0,0,0,0,0,0,0,0,0,0,0,0,0,0,0,0,0,0,0,0,0,0,0,0,0,0,0,0,0,0,0,0,0,0,0,0,0,0,0,0,0,0,0,0,0,0,0,0,0,0,0,0,0,0,0,0,0,0,0,0,0,0,0,0,0,0,0,0,0,0,0,0,0,0,0,0,0,0
STAT,(NULL),Iterations,214,2047,11,6,10,4,10,9,5,7,10,10,6,8,3,10,5,5,12,2,4,9,10,8,8,15,10,10,3,7,10,12,10,8,10,7,15,3,3,13,10,19,4,17,12,17,8,10,13,12,5,4,12,11,11,11,22,12,1,12,15,9,15,11,6,12,3,9,6,1,10,8,5,8,8,6,14,4,5,17,5,8,7,7,8,12,5,7,12,6,9,10,13,14,12,12,16,20,10,4,24,12,13,5,14,20,14,8,9,10,12,5,6,14,9,7,9,23,16,4,7,11,12,13,8,10,9,6,6,8,9,4,4,5,14,6,11,9,1,6,11,8,8,15,5,13,7,11,15,10,13,11,11,11,9,12,12,13,10,7,9,14,8,14,11,14,11,18,5,16,8,10,9,5,13,9,10,3,17,15,6,12,11,7,14,7,10,9,1,10,4,13,6,3,5,3,13,4,13,7,11,13,0,10,4,17,13,9,12,12,11,10,12,15,5,11
STAT,(NULL),MeminfoPost,214,757240,3545,3531,3542,3554,3542,3547,3535,3550,3525,3532,3542,3554,3542,3599,3559,3541,3527,3537,3530,3533,3550,3541,3557,3540,3546,3543,3539,3526,3530,3537,3547,3556,3528,3534,3525,3535,3539,3530,3552,3557,3541,3541,3536,3545,3529,3540,3535,3555,3554,3590,3566,3531,3529,3529,3538,3536,3548,3543,3548,3547,3544,3543,3537,3528,3531,3534,3551,3548,3530,3534,3529,3537,3542,3546,3537,3536,3552,3567,3529,3539,3548,3546,3533,3537,3543,3532,3534,3529,3539,3539,3521,3525,3540,3545,3548,3535,3531,3538,3531,3533,3521,3528,3525,3541,3524,3558,3562,3550,3533,3527,3531,3531,3562,3527,3522,3520,3523,3540,3543,3551,3541,3547,3551,3529,3536,3525,3547,3526,3533,3532,3529,3526,3519,3530,3524,3531,3544,3528,3521,3555,3564,3561,3556,3552,3525,3530,3536,3545,3527,3519,3526,3541,3541,3548,3549,3536,3540,3525,3539,3530,3533,3528,3522,3526,3527,3544,3526,3521,3551,3565,3555,3568,3550,3535,3528,3532,3522,3534,3538,3555,3569,3553,3547,3563,3550,3528,3530,3548,3527,3535,3536,3540,3517,3520,3534,3521,3517,3570,3523,3519,3516,3543,3515,3523,3551,3531,3531,3531,3543,3539,3539,3542,3532,3533
STAT,(NULL),MeminfoPre,214,189284,891,877,888,900,888,893,881,896,871,878,888,900,888,945,905,887,873,883,876,879,896,887,903,886,892,889,885,872,876,883,893,902,874,880,871,881,885,876,898,903,887,887,882,891,875,886,881,901,900,936,912,877,875,875,884,882,894,889,894,893,890,889,883,874,877,880,897,894,876,880,875,883,888,892,883,882,898,913,875,885,894,892,879,883,889,878,880,875,885,885,867,871,886,891,894,881,877,884,877,879,867,874,871,887,870,904,908,896,879,873,877,877,908,873,868,866,869,886,889,897,887,893,897,875,882,871,893,872,879,878,875,872,865,876,870,877,890,874,867,901,910,907,902,898,871,876,882,891,873,865,872,887,887,894,895,882,886,871,885,876,879,874,868,872,873,890,872,867,897,911,901,914,896,881,874,878,868,880,884,901,915,899,893,909,896,874,876,894,873,881,882,886,863,866,880,867,863,916,869,865,862,889,861,869,897,877,877,877,889,885,885,888,878,879
STAT,(NULL),Partition,214,1156,1156,0,0,0,0,0,0,0,0,0,0,0,0,0,0,0,0,0,0,0,0,0,0,0,0,0,0,0,0,0,0,0,0,0,0,0,0,0,0,0,0,0,0,0,0,0,0,0,0,0,0,0,0,0,0,0,0,0,0,0,0,0,0,0,0,0,0,0,0,0,0,0,0,0,0,0,0,0,0,0,0,0,0,0,0,0,0,0,0,0,0,0,0,0,0,0,0,0,0,0,0,0,0,0,0,0,0,0,0,0,0,0,0,0,0,0,0,0,0,0,0,0,0,0,0,0,0,0,0,0,0,0,0,0,0,0,0,0,0,0,0,0,0,0,0,0,0,0,0,0,0,0,0,0,0,0,0,0,0,0,0,0,0,0,0,0,0,0,0,0,0,0,0,0,0,0,0,0,0,0,0,0,0,0,0,0,0,0,0,0,0,0,0,0,0,0,0,0,0,0,0,0,0,0,0,0,0,0,0,0,0,0,0,0
STAT,(NULL),Refine,214,2083,2083,0,0,0,0,0,0,0,0,0,0,0,0,0,0,0,0,0,0,0,0,0,0,0,0,0,0,0,0,0,0,0,0,0,0,0,0,0,0,0,0,0,0,0,0,0,0,0,0,0,0,0,0,0,0,0,0,0,0,0,0,0,0,0,0,0,0,0,0,0,0,0,0,0,0,0,0,0,0,0,0,0,0,0,0,0,0,0,0,0,0,0,0,0,0,0,0,0,0,0,0,0,0,0,0,0,0,0,0,0,0,0,0,0,0,0,0,0,0,0,0,0,0,0,0,0,0,0,0,0,0,0,0,0,0,0,0,0,0,0,0,0,0,0,0,0,0,0,0,0,0,0,0,0,0,0,0,0,0,0,0,0,0,0,0,0,0,0,0,0,0,0,0,0,0,0,0,0,0,0,0,0,0,0,0,0,0,0,0,0,0,0,0,0,0,0,0,0,0,0,0,0,0,0,0,0,0,0,0,0,0,0,0,0
STAT,(NULL),Threads,214,214,214,0,0,0,0,0,0,0,0,0,0,0,0,0,0,0,0,0,0,0,0,0,0,0,0,0,0,0,0,0,0,0,0,0,0,0,0,0,0,0,0,0,0,0,0,0,0,0,0,0,0,0,0,0,0,0,0,0,0,0,0,0,0,0,0,0,0,0,0,0,0,0,0,0,0,0,0,0,0,0,0,0,0,0,0,0,0,0,0,0,0,0,0,0,0,0,0,0,0,0,0,0,0,0,0,0,0,0,0,0,0,0,0,0,0,0,0,0,0,0,0,0,0,0,0,0,0,0,0,0,0,0,0,0,0,0,0,0,0,0,0,0,0,0,0,0,0,0,0,0,0,0,0,0,0,0,0,0,0,0,0,0,0,0,0,0,0,0,0,0,0,0,0,0,0,0,0,0,0,0,0,0,0,0,0,0,0,0,0,0,0,0,0,0,0,0,0,0,0,0,0,0,0,0,0,0,0,0,0,0,0,0,0,0
STAT,(NULL),Time,214,6331,6331,0,0,0,0,0,0,0,0,0,0,0,0,0,0,0,0,0,0,0,0,0,0,0,0,0,0,0,0,0,0,0,0,0,0,0,0,0,0,0,0,0,0,0,0,0,0,0,0,0,0,0,0,0,0,0,0,0,0,0,0,0,0,0,0,0,0,0,0,0,0,0,0,0,0,0,0,0,0,0,0,0,0,0,0,0,0,0,0,0,0,0,0,0,0,0,0,0,0,0,0,0,0,0,0,0,0,0,0,0,0,0,0,0,0,0,0,0,0,0,0,0,0,0,0,0,0,0,0,0,0,0,0,0,0,0,0,0,0,0,0,0,0,0,0,0,0,0,0,0,0,0,0,0,0,0,0,0,0,0,0,0,0,0,0,0,0,0,0,0,0,0,0,0,0,0,0,0,0,0,0,0,0,0,0,0,0,0,0,0,0,0,0,0,0,0,0,0,0,0,0,0,0,0,0,0,0,0,0,0,0,0,0,0
STAT,match,Conflicts,214,5767,40,39,47,46,47,45,40,37,44,40,42,44,44,40,40,49,33,40,27,41,39,36,31,32,39,39,35,43,32,39,37,31,27,30,31,33,28,21,37,25,31,31,30,32,35,30,38,29,42,30,36,34,38,27,30,32,32,35,29,35,31,19,20,21,24,18,28,21,19,25,24,27,18,23,26,18,23,29,26,19,27,21,23,21,22,26,26,23,21,21,20,21,24,23,27,22,29,22,22,24,16,23,24,23,25,24,23,23,19,29,21,24,16,27,22,22,28,25,32,31,34,20,19,25,23,26,23,23,24,28,26,16,27,19,24,25,26,29,18,19,23,19,20,26,29,16,22,20,24,23,23,32,24,23,20,21,25,41,25,25,29,23,18,26,25,27,19,27,23,20,25,20,25,28,20,23,22,24,21,28,21,19,20,27,28,21,26,22,26,20,22,20,20,28,26,19,26,28,24,25,24,20,23,24,20,23,25,25,20,29,24,21,20,26
STAT,match,Iterations,214,15011368,53528,61010,34768,58078,51077,65811,36068,48704,43505,60127,55659,53946,47679,62816,48145,51343,59889,71614,72162,46564,74265,47325,68657,49681,59608,56082,65028,58892,59146,41711,48190,67132,73214,64964,86288,68091,74692,80192,62757,60944,45741,89328,52785,73457,65571,64051,65668,51610,68501,62200,67807,58430,59352,77255,57420,46033,81389,63311,49632,63147,52352,79085,81583,89181,81964,68545,88116,57550,84182,82960,58915,65010,76511,76875,68285,76119,74483,63653,72970,63042,64852,69036,72907,72955,65767,65980,66850,69644,91297,78561,78812,91861,71413,78321,75338,88643,78934,91956,69046,67701,80584,77726,69440,65452,84119,94705,63315,73330,83844,86356,76231,68548,71007,70295,78187,95856,78006,80757,67897,61214,66650,104815,50290,88702,58947,71650,72918,69657,76664,65044,75186,60736,79284,94930,76965,78049,61217,83448,72090,65163,77107,66673,73183,85231,54256,70003,78596,54564,86311,72640,70192,66048,53466,73707,69666,87112,59610,64987,80362,67852,53252,80373,80479,86834,84239,89545,72791,78682,63717,72350,76526,68958,78895,82451,58912,81099,78103,75711,99550,60536,65224,85316,64754,58494,64591,76155,78703,54868,62737,88478,57313,91617,66245,84332,68026,84876,72179,49547,82361,73048,92927,74179,79499,70113,75445,80521,60467,85746,84106,57268,78690,82320,73084,71001
STAT,popedge,Conflicts,214,0,0,0,0,0,0,0,0,0,0,0,0,0,0,0,0,0,0,0,0,0,0,0,0,0,0,0,0,0,0,0,0,0,0,0,0,0,0,0,0,0,0,0,0,0,0,0,0,0,0,0,0,0,0,0,0,0,0,0,0,0,0,0,0,0,0,0,0,0,0,0,0,0,0,0,0,0,0,0,0,0,0,0,0,0,0,0,0,0,0,0,0,0,0,0,0,0,0,0,0,0,0,0,0,0,0,0,0,0,0,0,0,0,0,0,0,0,0,0,0,0,0,0,0,0,0,0,0,0,0,0,0,0,0,0,0,0,0,0,0,0,0,0,0,0,0,0,0,0,0,0,0,0,0,0,0,0,0,0,0,0,0,0,0,0,0,0,0,0,0,0,0,0,0,0,0,0,0,0,0,0,0,0,0,0,0,0,0,0,0,0,0,0,0,0,0,0,0,0,0,0,0,0,0,0,0,0,0,0,0,0,0,0,0,0
STAT,popedge,Iterations,214,7355934,31855,32230,32475,34038,33015,33835,33444,32683,34538,32442,32072,31227,32878,32283,31254,33055,32770,32160,31590,33334,31392,33768,31883,32390,32616,33641,33488,32740,33392,33630,34212,35518,37052,39036,35040,36343,34857,36736,36311,34503,35694,38379,37722,34621,33996,39068,36304,37017,37680,35038,34262,35579,37091,36115,36660,37974,33859,37622,36922,36831,36509,33242,31091,33285,33494,30584,33308,31138,31477,31876,30588,33926,32309,31206,33726,32724,32198,29699,33387,31508,32333,32036,31471,31509,30904,33595,33406,31803,33475,32221,33181,33295,34872,36315,36001,37242,36909,38266,35776,37214,35684,37042,37372,36540,35034,33907,36595,34283,36867,36917,36979,37413,35962,37972,36591,36213,36195,36948,37933,37546,38095,35574,31800,32665,33367,32223,31297,34316,32368,31712,32536,32666,33539,34963,31411,31872,30822,32883,31961,32508,32047,32089,30727,34162,33506,31551,32015,31455,34803,33520,33693,33323,33001,35969,36752,37846,37734,39671,36857,37235,37722,35182,36565,36246,35711,37276,35660,38746,37333,35289,36698,35945,35097,33654,38236,35382,35879,36982,38711,39070,38509,39976,38702,34003,34271,33387,32628,32802,33626,33961,32178,33747,33942,34029,33331,32948,34012,32632,32093,34862,33259,30725,33589,32255,32222,32073,34191,32435,32847,34086,34360,33495,33446,34142
STAT,refine,Conflicts,214,5970,87,81,65,78,70,57,86,79,63,62,66,69,66,67,62,58,41,60,53,54,41,54,57,56,55,53,41,46,46,49,35,31,26,33,30,34,35,32,33,26,31,30,31,40,42,35,31,29,33,31,48,39,39,31,34,31,45,41,34,36,39,14,18,14,18,17,22,18,22,23,15,22,21,13,31,17,29,18,29,19,15,22,22,21,18,25,15,24,15,17,16,18,21,15,18,24,21,23,21,21,12,17,20,18,21,22,27,17,16,25,25,26,16,22,16,19,18,28,20,17,26,29,31,19,18,19,25,13,14,15,24,9,25,23,29,29,18,26,17,20,30,15,15,18,17,20,16,24,17,20,23,16,16,23,11,13,12,17,23,18,20,18,18,16,26,21,23,21,19,18,15,20,25,32,12,21,25,18,27,22,14,22,19,20,22,18,26,31,15,19,18,13,18,22,28,18,23,28,17,15,26,29,23,27,28,16,22,16,17,15,18,20,21,15
STAT,refine,Iterations,214,438677,1875,2154,1393,2039,1622,2283,1345,1302,1723,1574,2238,1738,1470,2601,2009,1932,1715,2149,2075,1525,2040,1897,2227,1520,1775,1975,1833,1921,2030,1620,2089,1794,2218,2194,1811,1615,2024,1703,2048,1531,1784,2562,1586,2141,2632,2038,2077,2134,2614,2430,2534,1782,1772,1568,1944,1990,3219,2298,2085,2051,1623,1976,2645,1934,2002,1540,2373,1583,1642,2130,1167,2055,2001,2056,2350,1712,2643,1703,2030,2158,1846,2336,2282,1915,1751,1681,2054,1922,2083,1956,1568,2148,2219,2177,2242,2440,1842,2271,1543,2014,1833,1755,2389,1788,2564,2896,2360,2311,2137,3402,2547,2424,2336,2070,1561,1990,2331,3076,2555,2230,2754,2712,1860,2447,1397,1997,1689,2091,1255,1546,2061,1089,2286,2114,2020,2480,1528,2543,1523,2294,2702,2154,1880,2166,1614,1997,1592,1985,1691,2441,2348,1586,2177,1958,1682,1945,1574,2063,2074,1693,1615,2212,1912,2511,2240,2780,2119,2414,2248,2335,2441,2386,2720,2382,1574,1970,2129,2252,3195,2400,2551,2598,2064,2214,2451,1644,2483,2067,1739,1721,1093,2112,1407,2048,1960,1433,2737,1966,2384,1732,2418,2116,2322,2092,2685,1685,1745,1655,1958,2148,1993,2273,1949,2355
