Hello from MIC
Galois Benchmark Suite v2.2.0 (r0)
Copyright (C) 2013 The University of Texas at Austin
http://iss.ices.utexas.edu/galois/

application: GMetis
Partitions a graph into K parts and minimizing the graph cut
http://iss.ices.utexas.edu/?p=projects/galois/benchmarks/gMetis

INFO: CommandLine /work/02556/dpereira/MIC/apps/gmetis/gmetis -t=161 /work/02556/dpereira/Inputs/USA-road-d.W.gr 128
INFO: Hostname c558-002-mic0.stampede.tacc.utexas.edu
Created Graph with 6262104 nodes and 15248146 edges
Nodes 6262104| Edges 15248146 7624073

  Starting coarsening: 
Time coarsen:  2802 Size of final graph: 3131

  Sarting initial partitioning using GGGP:
Size in decade percentages:  -1,9 -0,114 1,5
Time clustering:  437

  Sarting refinnement with BKL2
Initial dist
Size in decade percentages:  -1,9 -0,114 1,5
Refined dist
Size in decade percentages:  -1,46 0,34 1,48
Time refinement:  1744


Time:  5161
Total edge cut : 8014

Part saved in : 0x7fffc144ab60
STATTYPE,LOOP,CATEGORY,n,sum,T0,T1,T2,T3,T4,T5,T6,T7,T8,T9,T10,T11,T12,T13,T14,T15,T16,T17,T18,T19,T20,T21,T22,T23,T24,T25,T26,T27,T28,T29,T30,T31,T32,T33,T34,T35,T36,T37,T38,T39,T40,T41,T42,T43,T44,T45,T46,T47,T48,T49,T50,T51,T52,T53,T54,T55,T56,T57,T58,T59,T60,T61,T62,T63,T64,T65,T66,T67,T68,T69,T70,T71,T72,T73,T74,T75,T76,T77,T78,T79,T80,T81,T82,T83,T84,T85,T86,T87,T88,T89,T90,T91,T92,T93,T94,T95,T96,T97,T98,T99,T100,T101,T102,T103,T104,T105,T106,T107,T108,T109,T110,T111,T112,T113,T114,T115,T116,T117,T118,T119,T120,T121,T122,T123,T124,T125,T126,T127,T128,T129,T130,T131,T132,T133,T134,T135,T136,T137,T138,T139,T140,T141,T142,T143,T144,T145,T146,T147,T148,T149,T150,T151,T152,T153,T154,T155,T156,T157,T158,T159,T160
STAT,(NULL),Coarsen,161,2802,2802,0,0,0,0,0,0,0,0,0,0,0,0,0,0,0,0,0,0,0,0,0,0,0,0,0,0,0,0,0,0,0,0,0,0,0,0,0,0,0,0,0,0,0,0,0,0,0,0,0,0,0,0,0,0,0,0,0,0,0,0,0,0,0,0,0,0,0,0,0,0,0,0,0,0,0,0,0,0,0,0,0,0,0,0,0,0,0,0,0,0,0,0,0,0,0,0,0,0,0,0,0,0,0,0,0,0,0,0,0,0,0,0,0,0,0,0,0,0,0,0,0,0,0,0,0,0,0,0,0,0,0,0,0,0,0,0,0,0,0,0,0,0,0,0,0,0,0,0,0,0,0,0,0,0,0,0,0,0,0,0
STAT,(NULL),Conflicts,161,0,0,0,0,0,0,0,0,0,0,0,0,0,0,0,0,0,0,0,0,0,0,0,0,0,0,0,0,0,0,0,0,0,0,0,0,0,0,0,0,0,0,0,0,0,0,0,0,0,0,0,0,0,0,0,0,0,0,0,0,0,0,0,0,0,0,0,0,0,0,0,0,0,0,0,0,0,0,0,0,0,0,0,0,0,0,0,0,0,0,0,0,0,0,0,0,0,0,0,0,0,0,0,0,0,0,0,0,0,0,0,0,0,0,0,0,0,0,0,0,0,0,0,0,0,0,0,0,0,0,0,0,0,0,0,0,0,0,0,0,0,0,0,0,0,0,0,0,0,0,0,0,0,0,0,0,0,0,0,0,0,0
STAT,(NULL),Iterations,161,255,8,0,0,0,0,0,0,0,3,1,1,0,0,5,1,1,2,0,0,0,1,5,0,4,0,0,0,1,0,5,1,1,4,2,0,2,3,0,0,2,3,4,4,0,5,2,2,0,0,0,0,1,1,1,4,0,0,3,0,1,2,7,4,0,2,1,1,5,2,5,2,2,0,2,3,0,6,2,0,4,0,5,1,2,0,0,0,3,1,0,3,1,0,2,3,0,1,4,0,2,2,3,2,0,2,3,4,0,0,1,1,5,1,3,0,2,2,3,3,1,0,0,1,2,0,1,1,2,4,0,6,1,3,0,0,0,0,0,2,1,0,2,8,3,3,1,0,3,0,0,1,6,0,0,0,1,0,0,3,0,0
STAT,(NULL),MeminfoPost,161,756650,4705,4699,4712,4712,4700,4708,4680,4705,4715,4722,4757,4706,4690,4691,4694,4708,4706,4716,4707,4712,4681,4692,4701,4721,4686,4692,4689,4703,4702,4714,4711,4701,4707,4678,4707,4712,4726,4757,4705,4692,4690,4691,4707,4708,4716,4708,4711,4680,4695,4701,4718,4686,4690,4692,4703,4707,4696,4718,4719,4694,4711,4710,4688,4705,4690,4691,4699,4693,4675,4700,4710,4704,4691,4695,4694,4679,4688,4692,4684,4728,4725,4693,4687,4689,4720,4682,4678,4676,4702,4705,4709,4717,4697,4700,4682,4702,4689,4695,4676,4682,4691,4676,4709,4683,4695,4727,4734,4722,4692,4689,4712,4683,4674,4694,4702,4712,4712,4695,4685,4697,4692,4684,4682,4686,4699,4682,4701,4728,4731,4726,4693,4684,4688,4691,4706,4729,4724,4722,4723,4686,4690,4702,4692,4699,4683,4677,4687,4687,4714,4678,4673,4694,4678,4703,4686,4686,4702,4700,4701,4690,4702
STAT,(NULL),MeminfoPre,161,189125,1180,1174,1187,1187,1175,1183,1155,1180,1190,1197,1232,1181,1165,1166,1169,1183,1181,1191,1182,1187,1156,1167,1176,1196,1161,1167,1164,1178,1177,1189,1186,1176,1182,1153,1182,1187,1201,1232,1180,1167,1165,1166,1182,1183,1191,1183,1186,1155,1170,1176,1193,1161,1165,1167,1178,1182,1171,1193,1194,1169,1186,1185,1163,1180,1165,1166,1174,1168,1150,1175,1185,1179,1166,1170,1169,1154,1163,1167,1159,1203,1200,1168,1162,1164,1195,1157,1153,1151,1177,1180,1184,1192,1172,1175,1157,1177,1164,1170,1151,1157,1166,1151,1184,1158,1170,1202,1209,1197,1167,1164,1187,1158,1149,1169,1177,1187,1187,1170,1160,1172,1167,1159,1157,1161,1174,1157,1176,1203,1206,1201,1168,1159,1163,1166,1181,1204,1199,1197,1198,1161,1165,1177,1167,1174,1158,1152,1162,1162,1189,1153,1148,1169,1153,1178,1161,1161,1177,1175,1176,1165,1177
STAT,(NULL),Partition,161,437,437,0,0,0,0,0,0,0,0,0,0,0,0,0,0,0,0,0,0,0,0,0,0,0,0,0,0,0,0,0,0,0,0,0,0,0,0,0,0,0,0,0,0,0,0,0,0,0,0,0,0,0,0,0,0,0,0,0,0,0,0,0,0,0,0,0,0,0,0,0,0,0,0,0,0,0,0,0,0,0,0,0,0,0,0,0,0,0,0,0,0,0,0,0,0,0,0,0,0,0,0,0,0,0,0,0,0,0,0,0,0,0,0,0,0,0,0,0,0,0,0,0,0,0,0,0,0,0,0,0,0,0,0,0,0,0,0,0,0,0,0,0,0,0,0,0,0,0,0,0,0,0,0,0,0,0,0,0,0,0,0
STAT,(NULL),Refine,161,1744,1744,0,0,0,0,0,0,0,0,0,0,0,0,0,0,0,0,0,0,0,0,0,0,0,0,0,0,0,0,0,0,0,0,0,0,0,0,0,0,0,0,0,0,0,0,0,0,0,0,0,0,0,0,0,0,0,0,0,0,0,0,0,0,0,0,0,0,0,0,0,0,0,0,0,0,0,0,0,0,0,0,0,0,0,0,0,0,0,0,0,0,0,0,0,0,0,0,0,0,0,0,0,0,0,0,0,0,0,0,0,0,0,0,0,0,0,0,0,0,0,0,0,0,0,0,0,0,0,0,0,0,0,0,0,0,0,0,0,0,0,0,0,0,0,0,0,0,0,0,0,0,0,0,0,0,0,0,0,0,0,0
STAT,(NULL),Threads,161,161,161,0,0,0,0,0,0,0,0,0,0,0,0,0,0,0,0,0,0,0,0,0,0,0,0,0,0,0,0,0,0,0,0,0,0,0,0,0,0,0,0,0,0,0,0,0,0,0,0,0,0,0,0,0,0,0,0,0,0,0,0,0,0,0,0,0,0,0,0,0,0,0,0,0,0,0,0,0,0,0,0,0,0,0,0,0,0,0,0,0,0,0,0,0,0,0,0,0,0,0,0,0,0,0,0,0,0,0,0,0,0,0,0,0,0,0,0,0,0,0,0,0,0,0,0,0,0,0,0,0,0,0,0,0,0,0,0,0,0,0,0,0,0,0,0,0,0,0,0,0,0,0,0,0,0,0,0,0,0,0,0
STAT,(NULL),Time,161,5161,5161,0,0,0,0,0,0,0,0,0,0,0,0,0,0,0,0,0,0,0,0,0,0,0,0,0,0,0,0,0,0,0,0,0,0,0,0,0,0,0,0,0,0,0,0,0,0,0,0,0,0,0,0,0,0,0,0,0,0,0,0,0,0,0,0,0,0,0,0,0,0,0,0,0,0,0,0,0,0,0,0,0,0,0,0,0,0,0,0,0,0,0,0,0,0,0,0,0,0,0,0,0,0,0,0,0,0,0,0,0,0,0,0,0,0,0,0,0,0,0,0,0,0,0,0,0,0,0,0,0,0,0,0,0,0,0,0,0,0,0,0,0,0,0,0,0,0,0,0,0,0,0,0,0,0,0,0,0,0,0,0
STAT,match,Conflicts,161,6024,59,57,55,64,53,49,60,53,52,52,63,51,42,52,55,51,52,55,53,58,44,54,47,70,47,55,44,52,48,52,49,42,44,45,46,45,43,48,42,41,47,41,36,36,38,36,42,27,47,54,36,55,40,34,34,39,38,39,43,47,35,29,26,30,32,36,29,30,30,36,20,26,35,38,30,34,39,34,40,35,36,29,38,34,33,34,27,30,38,31,35,33,31,32,30,36,24,32,28,26,34,39,37,33,25,30,28,31,31,36,36,34,32,29,30,24,33,34,30,38,32,29,38,29,33,26,25,27,31,29,23,29,30,30,28,35,30,37,32,27,31,25,29,32,38,50,26,30,26,32,35,29,30,29,32,26,34,22,26,34,30
STAT,match,Iterations,161,15030640,54208,63523,67434,61472,65071,75384,91062,82747,77501,65960,82276,68053,80997,66832,89753,88906,81122,78280,76585,76685,62869,72188,83744,84124,59505,67118,87012,79992,89341,62674,83038,72112,71566,83150,70641,83399,75313,79879,64432,85912,93762,103679,102544,107679,95261,90985,103611,99889,83859,92699,94253,67232,110772,95387,85538,96793,111321,86517,85654,82448,115569,105631,103136,94043,93494,106433,90152,106916,95395,97697,107844,106260,108381,86523,109187,89974,100452,109846,116518,111203,96885,80593,91176,97248,96998,82566,104699,74112,94865,104532,79880,88154,97428,96791,87910,87003,101656,97644,102933,109388,100488,109508,108028,98507,110510,97236,123853,106863,117113,123494,97038,89667,93581,102446,118297,106258,107809,117890,119700,113693,122846,129933,82715,110511,86134,100322,107686,91739,86661,76229,111099,83235,96170,96177,100509,95256,94002,104792,95875,112996,113435,117673,95585,103236,97906,81913,105491,104832,118863,99052,103106,73380,95150,97642,103274,85002,93946,110299,84695,88172,82264
STAT,popedge,Conflicts,161,0,0,0,0,0,0,0,0,0,0,0,0,0,0,0,0,0,0,0,0,0,0,0,0,0,0,0,0,0,0,0,0,0,0,0,0,0,0,0,0,0,0,0,0,0,0,0,0,0,0,0,0,0,0,0,0,0,0,0,0,0,0,0,0,0,0,0,0,0,0,0,0,0,0,0,0,0,0,0,0,0,0,0,0,0,0,0,0,0,0,0,0,0,0,0,0,0,0,0,0,0,0,0,0,0,0,0,0,0,0,0,0,0,0,0,0,0,0,0,0,0,0,0,0,0,0,0,0,0,0,0,0,0,0,0,0,0,0,0,0,0,0,0,0,0,0,0,0,0,0,0,0,0,0,0,0,0,0,0,0,0,0
STAT,popedge,Iterations,161,7368104,41967,45057,41025,42608,44627,40581,42334,44076,41041,42970,43541,43160,42916,47063,44023,45547,43181,45303,43904,45681,44584,46754,45300,43682,46048,45058,44494,45922,45184,43877,43993,44708,46690,43251,44634,44142,44385,44633,44429,50981,52111,50193,50882,50362,50269,49199,52831,49041,51449,51040,49372,53850,50299,52671,42308,48399,49445,48447,46412,48360,46418,40179,40313,39409,40723,40108,39910,40737,43977,41739,42332,41959,40517,42934,42875,43707,43688,42801,42777,42603,43930,45656,45899,44534,45343,44993,47383,46872,43969,45284,42015,44262,42714,44777,44618,46391,44724,44458,44921,44331,54019,49594,52848,51040,52885,49202,51104,49664,49223,49028,52820,53701,52780,49074,51258,45472,48433,51799,49020,49014,51030,51494,42727,43271,43248,42471,43498,40603,42830,42905,42948,45062,43532,42087,43412,46406,44606,46339,45936,48014,46861,47105,47632,46033,45757,45323,44382,44232,46461,45292,46611,46687,45395,44052,43807,47109,46241,42606,47199,44812,43036
STAT,refine,Conflicts,161,5956,118,112,111,109,105,99,90,98,86,83,83,87,81,77,88,65,57,79,66,65,57,65,50,65,65,57,57,62,61,57,51,42,39,41,48,33,37,35,38,39,33,37,37,33,42,40,38,31,38,42,42,39,38,43,36,36,46,44,35,36,31,22,26,26,20,30,25,36,12,29,23,23,27,19,28,20,28,23,27,26,24,28,19,16,24,27,18,17,23,30,24,21,27,22,15,29,15,18,21,21,33,20,25,32,20,21,22,23,26,29,31,35,30,18,28,24,26,31,29,29,19,22,28,18,28,22,22,26,27,28,24,21,31,30,26,19,17,22,20,21,21,31,22,20,17,25,19,19,23,27,32,25,20,23,20,25,35,19,31,17,18
STAT,refine,Iterations,161,136699,871,824,976,866,896,1064,916,673,900,807,955,862,714,963,892,1138,936,920,786,922,682,839,637,819,665,682,636,761,906,796,691,967,706,622,755,843,710,684,657,779,736,897,869,808,839,760,804,760,795,799,913,848,771,865,846,1072,1113,893,855,844,906,760,692,907,704,979,665,870,662,821,738,887,978,738,881,824,1141,1204,827,1040,987,819,736,539,856,699,716,500,739,833,850,862,994,867,619,801,726,882,795,641,966,806,1005,822,703,1093,1126,819,1074,963,1155,843,819,652,1263,1062,1160,1393,1241,1171,1015,878,778,846,1098,787,820,856,899,755,827,585,1100,899,731,1287,834,1226,904,861,881,806,796,661,599,710,546,624,680,658,952,839,765,1085,811,831,1042,654,866,710,571
