Hello from MIC
Galois Benchmark Suite v2.2.0 (r0)
Copyright (C) 2013 The University of Texas at Austin
http://iss.ices.utexas.edu/galois/

application: GMetis
Partitions a graph into K parts and minimizing the graph cut
http://iss.ices.utexas.edu/?p=projects/galois/benchmarks/gMetis

INFO: CommandLine /work/02556/dpereira/MIC/apps/gmetis/gmetis -t=118 /work/02556/dpereira/Inputs/USA-road-d.W.gr 16
INFO: Hostname c558-001-mic0.stampede.tacc.utexas.edu
Created Graph with 6262104 nodes and 15248146 edges
Nodes 6262104| Edges 15248146 7624073

  Starting coarsening: 
Time coarsen:  2589 Size of final graph: 435

  Sarting initial partitioning using GGGP:
Size in decade percentages:  -0,16
Time clustering:  365

  Sarting refinnement with BKL2
Initial dist
Size in decade percentages:  -0,16
Refined dist
Size in decade percentages:  -1,5 0,5 1,6
Time refinement:  1375


Time:  4506
Total edge cut : 2036

Part saved in : 0x7fff312d6e60
STATTYPE,LOOP,CATEGORY,n,sum,T0,T1,T2,T3,T4,T5,T6,T7,T8,T9,T10,T11,T12,T13,T14,T15,T16,T17,T18,T19,T20,T21,T22,T23,T24,T25,T26,T27,T28,T29,T30,T31,T32,T33,T34,T35,T36,T37,T38,T39,T40,T41,T42,T43,T44,T45,T46,T47,T48,T49,T50,T51,T52,T53,T54,T55,T56,T57,T58,T59,T60,T61,T62,T63,T64,T65,T66,T67,T68,T69,T70,T71,T72,T73,T74,T75,T76,T77,T78,T79,T80,T81,T82,T83,T84,T85,T86,T87,T88,T89,T90,T91,T92,T93,T94,T95,T96,T97,T98,T99,T100,T101,T102,T103,T104,T105,T106,T107,T108,T109,T110,T111,T112,T113,T114,T115,T116,T117
STAT,(NULL),Coarsen,118,2589,2589,0,0,0,0,0,0,0,0,0,0,0,0,0,0,0,0,0,0,0,0,0,0,0,0,0,0,0,0,0,0,0,0,0,0,0,0,0,0,0,0,0,0,0,0,0,0,0,0,0,0,0,0,0,0,0,0,0,0,0,0,0,0,0,0,0,0,0,0,0,0,0,0,0,0,0,0,0,0,0,0,0,0,0,0,0,0,0,0,0,0,0,0,0,0,0,0,0,0,0,0,0,0,0,0,0,0,0,0,0,0,0,0,0,0,0,0,0
STAT,(NULL),Conflicts,118,0,0,0,0,0,0,0,0,0,0,0,0,0,0,0,0,0,0,0,0,0,0,0,0,0,0,0,0,0,0,0,0,0,0,0,0,0,0,0,0,0,0,0,0,0,0,0,0,0,0,0,0,0,0,0,0,0,0,0,0,0,0,0,0,0,0,0,0,0,0,0,0,0,0,0,0,0,0,0,0,0,0,0,0,0,0,0,0,0,0,0,0,0,0,0,0,0,0,0,0,0,0,0,0,0,0,0,0,0,0,0,0,0,0,0,0,0,0,0
STAT,(NULL),Iterations,118,31,5,0,0,0,0,0,0,0,0,2,0,0,0,0,0,0,0,1,0,0,0,0,0,0,0,0,0,0,0,0,0,1,2,0,0,0,0,0,0,0,0,0,0,0,0,0,0,0,0,0,0,0,0,0,0,0,0,0,0,0,0,4,0,0,0,2,0,0,0,0,1,0,0,0,2,0,0,0,0,0,0,0,0,0,0,0,0,3,0,0,0,0,0,0,0,0,0,0,3,0,0,0,0,2,0,0,0,0,0,1,0,0,0,0,0,0,1,1
STAT,(NULL),MeminfoPost,118,756757,6417,6420,6434,6408,6411,6408,6435,6489,6413,6401,6408,6424,6439,6415,6417,6395,6422,6427,6394,6405,6403,6442,6427,6407,6402,6420,6440,6485,6407,6406,6413,6423,6429,6423,6404,6404,6420,6417,6399,6405,6428,6408,6457,6402,6424,6412,6419,6401,6399,6407,6393,6425,6418,6404,6402,6385,6406,6397,6452,6423,6394,6417,6405,6381,6402,6418,6434,6419,6407,6410,6397,6403,6385,6397,6391,6409,6404,6455,6454,6402,6399,6415,6382,6412,6429,6417,6400,6409,6403,6386,6391,6411,6402,6451,6451,6417,6399,6389,6420,6458,6435,6444,6396,6410,6415,6399,6380,6391,6429,6382,6387,6390,6410,6394,6412,6414,6414,6410
STAT,(NULL),MeminfoPre,118,189177,1607,1610,1624,1598,1601,1598,1625,1679,1603,1591,1598,1614,1629,1605,1607,1585,1612,1617,1584,1595,1593,1632,1617,1597,1592,1610,1630,1675,1597,1596,1603,1613,1619,1613,1594,1594,1610,1607,1589,1595,1618,1598,1647,1592,1614,1602,1609,1591,1589,1597,1583,1615,1608,1594,1592,1575,1596,1587,1642,1613,1584,1607,1595,1571,1592,1608,1624,1609,1597,1600,1587,1593,1575,1587,1581,1599,1594,1645,1644,1592,1589,1605,1572,1602,1619,1607,1590,1599,1593,1576,1581,1601,1592,1641,1641,1607,1589,1579,1610,1648,1625,1634,1586,1600,1605,1589,1570,1581,1619,1572,1577,1580,1600,1584,1602,1604,1604,1600
STAT,(NULL),Partition,118,365,365,0,0,0,0,0,0,0,0,0,0,0,0,0,0,0,0,0,0,0,0,0,0,0,0,0,0,0,0,0,0,0,0,0,0,0,0,0,0,0,0,0,0,0,0,0,0,0,0,0,0,0,0,0,0,0,0,0,0,0,0,0,0,0,0,0,0,0,0,0,0,0,0,0,0,0,0,0,0,0,0,0,0,0,0,0,0,0,0,0,0,0,0,0,0,0,0,0,0,0,0,0,0,0,0,0,0,0,0,0,0,0,0,0,0,0,0,0
STAT,(NULL),Refine,118,1375,1375,0,0,0,0,0,0,0,0,0,0,0,0,0,0,0,0,0,0,0,0,0,0,0,0,0,0,0,0,0,0,0,0,0,0,0,0,0,0,0,0,0,0,0,0,0,0,0,0,0,0,0,0,0,0,0,0,0,0,0,0,0,0,0,0,0,0,0,0,0,0,0,0,0,0,0,0,0,0,0,0,0,0,0,0,0,0,0,0,0,0,0,0,0,0,0,0,0,0,0,0,0,0,0,0,0,0,0,0,0,0,0,0,0,0,0,0,0
STAT,(NULL),Threads,118,118,118,0,0,0,0,0,0,0,0,0,0,0,0,0,0,0,0,0,0,0,0,0,0,0,0,0,0,0,0,0,0,0,0,0,0,0,0,0,0,0,0,0,0,0,0,0,0,0,0,0,0,0,0,0,0,0,0,0,0,0,0,0,0,0,0,0,0,0,0,0,0,0,0,0,0,0,0,0,0,0,0,0,0,0,0,0,0,0,0,0,0,0,0,0,0,0,0,0,0,0,0,0,0,0,0,0,0,0,0,0,0,0,0,0,0,0,0,0
STAT,(NULL),Time,118,4506,4506,0,0,0,0,0,0,0,0,0,0,0,0,0,0,0,0,0,0,0,0,0,0,0,0,0,0,0,0,0,0,0,0,0,0,0,0,0,0,0,0,0,0,0,0,0,0,0,0,0,0,0,0,0,0,0,0,0,0,0,0,0,0,0,0,0,0,0,0,0,0,0,0,0,0,0,0,0,0,0,0,0,0,0,0,0,0,0,0,0,0,0,0,0,0,0,0,0,0,0,0,0,0,0,0,0,0,0,0,0,0,0,0,0,0,0,0,0
STAT,match,Conflicts,118,6166,81,95,72,94,64,76,76,86,66,64,75,74,90,62,80,71,62,72,66,75,89,50,102,53,74,53,50,73,65,55,53,50,58,57,63,51,44,59,41,67,45,58,60,46,63,52,54,45,63,52,57,73,47,52,51,46,56,28,31,33,41,39,52,34,43,37,34,44,46,40,34,47,46,52,42,60,37,37,51,47,39,49,37,53,31,46,28,43,44,52,37,40,27,34,41,38,35,36,44,43,43,34,44,42,43,43,50,39,50,47,38,48,55,53,43,36,39,39
STAT,match,Iterations,118,14989064,96311,117096,121342,114505,119631,127148,98980,103060,114036,124340,127370,106858,113203,125208,119077,128431,108737,106191,113269,112524,122038,127256,100258,127227,130276,115181,121909,96269,134094,130684,117652,126154,107869,111767,100700,108802,132272,113243,122516,103241,127310,112631,101629,118367,117713,128355,131068,121973,125386,144465,125343,105759,121120,127838,104557,132278,113921,153623,135952,151663,153565,137082,126671,138858,153544,112087,127932,124898,128484,142378,154426,141364,128716,136208,155855,132431,150897,144775,138902,142228,145892,150935,135377,134630,130573,128510,155638,134819,123674,122040,136609,138012,139336,143754,128514,129441,139012,145959,126739,138980,147556,126106,121055,133769,140622,135309,133071,127285,128545,130736,140721,119654,115202,134276,127150,133391,118105,129090
STAT,popedge,Conflicts,118,0,0,0,0,0,0,0,0,0,0,0,0,0,0,0,0,0,0,0,0,0,0,0,0,0,0,0,0,0,0,0,0,0,0,0,0,0,0,0,0,0,0,0,0,0,0,0,0,0,0,0,0,0,0,0,0,0,0,0,0,0,0,0,0,0,0,0,0,0,0,0,0,0,0,0,0,0,0,0,0,0,0,0,0,0,0,0,0,0,0,0,0,0,0,0,0,0,0,0,0,0,0,0,0,0,0,0,0,0,0,0,0,0,0,0,0,0,0,0
STAT,popedge,Iterations,118,7343782,64425,59972,62227,63744,60994,61745,61941,62411,60329,62415,60991,64333,61486,61318,64010,64177,61949,64155,61789,66785,63507,58758,63369,61437,61332,60155,61561,63576,62060,63102,60871,59451,60358,60763,62394,61473,62557,60834,64127,60136,58107,60264,58982,58149,58501,61469,59634,59908,62442,63161,61969,62804,60459,60252,63100,61629,61436,69141,67762,68417,71759,59831,62477,62745,61603,63225,62821,60984,60937,58788,65725,60245,65410,63226,62193,62742,63994,60840,63744,60874,61532,61780,62003,60541,60304,60487,62873,59224,59557,63587,60636,59271,60676,58273,59248,61069,62467,61044,60460,63599,61879,64688,65309,60791,64140,59113,61730,65867,62162,63122,65470,65279,65586,64602,63748,64626,67058,65215
STAT,refine,Conflicts,118,4779,119,128,123,118,115,112,118,93,98,78,93,81,99,77,77,67,61,61,67,57,59,65,67,56,67,69,56,69,55,45,42,33,42,46,30,50,37,39,47,22,34,42,33,43,42,37,21,27,36,22,42,50,26,34,20,42,28,31,24,20,32,25,26,14,22,30,25,23,23,22,29,33,26,35,27,19,21,23,20,18,28,29,30,14,17,26,18,25,22,20,26,17,24,20,17,21,18,16,24,18,14,20,24,21,28,19,18,11,19,20,21,26,35,17,19,16,16,20
STAT,refine,Iterations,118,41464,426,457,423,444,438,645,568,503,678,592,633,555,527,360,424,431,379,365,417,339,338,263,373,412,384,277,503,549,614,438,307,381,279,296,190,428,219,186,323,203,251,279,364,418,252,281,159,195,282,234,260,447,387,251,193,361,299,397,336,263,372,208,324,205,304,313,698,448,450,520,532,441,393,420,373,292,417,264,362,275,299,344,215,283,428,457,386,418,329,388,342,281,399,247,335,201,294,236,190,380,209,280,255,363,376,302,205,201,160,191,320,263,453,315,178,159,346,349
