Hello from MIC
Galois Benchmark Suite v2.2.0 (r0)
Copyright (C) 2013 The University of Texas at Austin
http://iss.ices.utexas.edu/galois/

application: GMetis
Partitions a graph into K parts and minimizing the graph cut
http://iss.ices.utexas.edu/?p=projects/galois/benchmarks/gMetis

INFO: CommandLine /work/02556/dpereira/MIC/apps/gmetis/gmetis -t=196 /work/02556/dpereira/Inputs/USA-road-d.W.gr 128
INFO: Hostname c558-002-mic0.stampede.tacc.utexas.edu
Created Graph with 6262104 nodes and 15248146 edges
Nodes 6262104| Edges 15248146 7624073

  Starting coarsening: 
Time coarsen:  3213 Size of final graph: 3146

  Sarting initial partitioning using GGGP:
Size in decade percentages:  -1,5 -0,116 1,7
Time clustering:  448

  Sarting refinnement with BKL2
Initial dist
Size in decade percentages:  -1,5 -0,116 1,7
Refined dist
Size in decade percentages:  -1,51 0,28 1,49
Time refinement:  2012


Time:  5851
Total edge cut : 8173

Part saved in : 0x7fff9c24e3e0
STATTYPE,LOOP,CATEGORY,n,sum,T0,T1,T2,T3,T4,T5,T6,T7,T8,T9,T10,T11,T12,T13,T14,T15,T16,T17,T18,T19,T20,T21,T22,T23,T24,T25,T26,T27,T28,T29,T30,T31,T32,T33,T34,T35,T36,T37,T38,T39,T40,T41,T42,T43,T44,T45,T46,T47,T48,T49,T50,T51,T52,T53,T54,T55,T56,T57,T58,T59,T60,T61,T62,T63,T64,T65,T66,T67,T68,T69,T70,T71,T72,T73,T74,T75,T76,T77,T78,T79,T80,T81,T82,T83,T84,T85,T86,T87,T88,T89,T90,T91,T92,T93,T94,T95,T96,T97,T98,T99,T100,T101,T102,T103,T104,T105,T106,T107,T108,T109,T110,T111,T112,T113,T114,T115,T116,T117,T118,T119,T120,T121,T122,T123,T124,T125,T126,T127,T128,T129,T130,T131,T132,T133,T134,T135,T136,T137,T138,T139,T140,T141,T142,T143,T144,T145,T146,T147,T148,T149,T150,T151,T152,T153,T154,T155,T156,T157,T158,T159,T160,T161,T162,T163,T164,T165,T166,T167,T168,T169,T170,T171,T172,T173,T174,T175,T176,T177,T178,T179,T180,T181,T182,T183,T184,T185,T186,T187,T188,T189,T190,T191,T192,T193,T194,T195
STAT,(NULL),Coarsen,196,3213,3213,0,0,0,0,0,0,0,0,0,0,0,0,0,0,0,0,0,0,0,0,0,0,0,0,0,0,0,0,0,0,0,0,0,0,0,0,0,0,0,0,0,0,0,0,0,0,0,0,0,0,0,0,0,0,0,0,0,0,0,0,0,0,0,0,0,0,0,0,0,0,0,0,0,0,0,0,0,0,0,0,0,0,0,0,0,0,0,0,0,0,0,0,0,0,0,0,0,0,0,0,0,0,0,0,0,0,0,0,0,0,0,0,0,0,0,0,0,0,0,0,0,0,0,0,0,0,0,0,0,0,0,0,0,0,0,0,0,0,0,0,0,0,0,0,0,0,0,0,0,0,0,0,0,0,0,0,0,0,0,0,0,0,0,0,0,0,0,0,0,0,0,0,0,0,0,0,0,0,0,0,0,0,0,0,0,0,0,0,0,0,0,0,0,0,0
STAT,(NULL),Conflicts,196,0,0,0,0,0,0,0,0,0,0,0,0,0,0,0,0,0,0,0,0,0,0,0,0,0,0,0,0,0,0,0,0,0,0,0,0,0,0,0,0,0,0,0,0,0,0,0,0,0,0,0,0,0,0,0,0,0,0,0,0,0,0,0,0,0,0,0,0,0,0,0,0,0,0,0,0,0,0,0,0,0,0,0,0,0,0,0,0,0,0,0,0,0,0,0,0,0,0,0,0,0,0,0,0,0,0,0,0,0,0,0,0,0,0,0,0,0,0,0,0,0,0,0,0,0,0,0,0,0,0,0,0,0,0,0,0,0,0,0,0,0,0,0,0,0,0,0,0,0,0,0,0,0,0,0,0,0,0,0,0,0,0,0,0,0,0,0,0,0,0,0,0,0,0,0,0,0,0,0,0,0,0,0,0,0,0,0,0,0,0,0,0,0,0,0,0,0
STAT,(NULL),Iterations,196,255,8,4,0,0,0,3,0,0,1,1,0,0,0,2,0,0,1,2,2,5,1,1,0,0,0,1,1,4,0,5,0,0,3,3,0,2,0,3,3,2,5,0,0,1,0,0,0,0,3,0,1,5,0,0,0,0,4,5,2,0,0,0,0,0,0,0,0,1,0,1,0,0,1,1,2,3,1,2,2,0,2,1,1,0,0,2,6,0,2,2,1,0,2,3,7,1,7,0,2,0,1,2,0,0,2,6,0,3,2,0,1,0,1,0,2,3,0,1,4,0,0,0,1,0,0,0,0,0,0,1,0,0,0,0,0,2,0,5,1,0,1,3,1,0,1,0,4,2,4,3,0,3,3,0,3,3,0,6,0,1,2,0,1,0,0,4,0,0,1,0,3,3,0,1,0,0,4,0,1,2,0,1,3,0,0,1,0,0,3,6,5,0,1,0,0,0
STAT,(NULL),MeminfoPost,196,757296,3868,3853,3882,3870,3876,3861,3860,3860,3858,3869,3881,3875,3921,3883,3856,3861,3857,3852,3867,3879,3877,3867,3871,3867,3858,3855,3858,3867,3868,3877,3852,3851,3860,3868,3853,3886,3867,3870,3872,3867,3853,3857,3867,3880,3887,3918,3881,3848,3861,3861,3857,3869,3867,3880,3872,3869,3870,3851,3860,3856,3874,3878,3854,3859,3850,3862,3866,3870,3862,3867,3897,3863,3859,3869,3874,3860,3866,3866,3853,3859,3854,3873,3847,3845,3864,3870,3874,3862,3853,3862,3857,3850,3849,3852,3864,3849,3880,3890,3873,3856,3856,3854,3874,3866,3849,3841,3847,3864,3867,3872,3874,3875,3861,3863,3852,3859,3862,3858,3857,3854,3850,3844,3857,3842,3875,3852,3845,3874,3882,3893,3884,3873,3852,3854,3873,3857,3842,3846,3863,3867,3874,3875,3861,3859,3854,3862,3856,3860,3848,3841,3858,3867,3849,3849,3882,3891,3888,3887,3865,3854,3859,3846,3855,3863,3883,3897,3876,3884,3883,3865,3848,3866,3857,3860,3858,3863,3853,3834,3857,3857,3877,3848,3845,3839,3867,3841,3858,3865,3846,3862,3863,3866,3866,3865,3854,3864
STAT,(NULL),MeminfoPre,196,189288,970,955,984,972,978,963,962,962,960,971,983,977,1023,985,958,963,959,954,969,981,979,969,973,969,960,957,960,969,970,979,954,953,962,970,955,988,969,972,974,969,955,959,969,982,989,1020,983,950,963,963,959,971,969,982,974,971,972,953,962,958,976,980,956,961,952,964,968,972,964,969,999,965,961,971,976,962,968,968,955,961,956,975,949,947,966,972,976,964,955,964,959,952,951,954,966,951,982,992,975,958,958,956,976,968,951,943,949,966,969,974,976,977,963,965,954,961,964,960,959,956,952,946,959,944,977,954,947,976,984,995,986,975,954,956,975,959,944,948,965,969,976,977,963,961,956,964,958,962,950,943,960,969,951,951,984,993,990,989,967,956,961,948,957,965,985,999,978,986,985,967,950,968,959,962,960,965,955,936,959,959,979,950,947,941,969,943,960,967,948,964,965,968,968,967,956,966
STAT,(NULL),Partition,196,448,448,0,0,0,0,0,0,0,0,0,0,0,0,0,0,0,0,0,0,0,0,0,0,0,0,0,0,0,0,0,0,0,0,0,0,0,0,0,0,0,0,0,0,0,0,0,0,0,0,0,0,0,0,0,0,0,0,0,0,0,0,0,0,0,0,0,0,0,0,0,0,0,0,0,0,0,0,0,0,0,0,0,0,0,0,0,0,0,0,0,0,0,0,0,0,0,0,0,0,0,0,0,0,0,0,0,0,0,0,0,0,0,0,0,0,0,0,0,0,0,0,0,0,0,0,0,0,0,0,0,0,0,0,0,0,0,0,0,0,0,0,0,0,0,0,0,0,0,0,0,0,0,0,0,0,0,0,0,0,0,0,0,0,0,0,0,0,0,0,0,0,0,0,0,0,0,0,0,0,0,0,0,0,0,0,0,0,0,0,0,0,0,0,0,0,0
STAT,(NULL),Refine,196,2012,2012,0,0,0,0,0,0,0,0,0,0,0,0,0,0,0,0,0,0,0,0,0,0,0,0,0,0,0,0,0,0,0,0,0,0,0,0,0,0,0,0,0,0,0,0,0,0,0,0,0,0,0,0,0,0,0,0,0,0,0,0,0,0,0,0,0,0,0,0,0,0,0,0,0,0,0,0,0,0,0,0,0,0,0,0,0,0,0,0,0,0,0,0,0,0,0,0,0,0,0,0,0,0,0,0,0,0,0,0,0,0,0,0,0,0,0,0,0,0,0,0,0,0,0,0,0,0,0,0,0,0,0,0,0,0,0,0,0,0,0,0,0,0,0,0,0,0,0,0,0,0,0,0,0,0,0,0,0,0,0,0,0,0,0,0,0,0,0,0,0,0,0,0,0,0,0,0,0,0,0,0,0,0,0,0,0,0,0,0,0,0,0,0,0,0,0
STAT,(NULL),Threads,196,196,196,0,0,0,0,0,0,0,0,0,0,0,0,0,0,0,0,0,0,0,0,0,0,0,0,0,0,0,0,0,0,0,0,0,0,0,0,0,0,0,0,0,0,0,0,0,0,0,0,0,0,0,0,0,0,0,0,0,0,0,0,0,0,0,0,0,0,0,0,0,0,0,0,0,0,0,0,0,0,0,0,0,0,0,0,0,0,0,0,0,0,0,0,0,0,0,0,0,0,0,0,0,0,0,0,0,0,0,0,0,0,0,0,0,0,0,0,0,0,0,0,0,0,0,0,0,0,0,0,0,0,0,0,0,0,0,0,0,0,0,0,0,0,0,0,0,0,0,0,0,0,0,0,0,0,0,0,0,0,0,0,0,0,0,0,0,0,0,0,0,0,0,0,0,0,0,0,0,0,0,0,0,0,0,0,0,0,0,0,0,0,0,0,0,0,0
STAT,(NULL),Time,196,5851,5851,0,0,0,0,0,0,0,0,0,0,0,0,0,0,0,0,0,0,0,0,0,0,0,0,0,0,0,0,0,0,0,0,0,0,0,0,0,0,0,0,0,0,0,0,0,0,0,0,0,0,0,0,0,0,0,0,0,0,0,0,0,0,0,0,0,0,0,0,0,0,0,0,0,0,0,0,0,0,0,0,0,0,0,0,0,0,0,0,0,0,0,0,0,0,0,0,0,0,0,0,0,0,0,0,0,0,0,0,0,0,0,0,0,0,0,0,0,0,0,0,0,0,0,0,0,0,0,0,0,0,0,0,0,0,0,0,0,0,0,0,0,0,0,0,0,0,0,0,0,0,0,0,0,0,0,0,0,0,0,0,0,0,0,0,0,0,0,0,0,0,0,0,0,0,0,0,0,0,0,0,0,0,0,0,0,0,0,0,0,0,0,0,0,0,0
STAT,match,Conflicts,196,6101,57,48,44,48,50,47,45,47,49,42,54,41,44,44,41,51,39,36,47,50,46,40,44,38,42,41,45,43,36,52,41,36,34,43,41,29,29,37,34,37,34,37,36,39,50,32,47,32,32,40,32,34,31,44,32,46,32,39,38,42,36,18,31,28,22,25,22,27,26,24,27,35,25,27,20,34,25,26,25,23,33,28,22,25,21,26,23,33,26,25,25,34,31,28,26,29,30,29,29,28,31,30,29,31,25,29,24,30,20,22,25,28,28,29,35,21,25,30,34,29,33,28,27,26,24,18,28,18,30,28,24,27,28,22,22,27,27,22,22,15,21,28,22,25,29,25,24,28,34,22,26,28,28,30,35,29,29,27,27,24,30,24,31,33,27,21,27,29,27,29,28,31,24,33,28,31,28,25,31,33,24,33,29,24,26,24,23,29,20,21,25,28,19,28,21,27
STAT,match,Iterations,196,15020350,31153,59461,41530,48846,73219,48471,58383,39429,66026,61762,56877,54309,66389,60797,86909,48086,60058,73504,85062,55282,59160,67665,69083,62023,68860,58810,67671,47934,69387,65761,65401,91035,72980,62495,55813,74377,67476,73834,71270,84884,65218,71035,70874,66638,73069,66548,67529,68410,46052,64518,69017,75957,65125,73713,83212,51759,83546,67437,61196,69893,47624,69361,65563,77142,79368,70403,54581,66018,68591,93259,72423,74794,80254,76337,88959,72183,80075,81712,69793,74453,65306,61867,92291,103166,104254,99337,78536,82946,92535,76301,78950,93810,98388,68218,90367,94645,82606,65936,104417,83973,75886,76972,109742,73509,72049,78950,82006,79853,112322,109245,72095,68467,89993,76708,83983,73030,76434,75192,84768,69147,74561,79151,80368,87695,69363,76170,95548,85700,72469,66910,92808,74542,80680,79675,85116,63811,73659,86119,103748,81466,96779,83246,106650,80266,86037,60156,94912,60099,78996,98563,77238,96963,69841,82122,88399,79857,82829,71100,74873,101119,92828,80488,83617,83961,93356,99994,89365,84444,71442,62256,99640,64833,108512,92913,86446,104884,74437,78329,76500,93742,87655,74908,82569,78707,70949,76289,65848,76188,94360,98330,78594,74325,83008,95405,81714,86599
STAT,popedge,Conflicts,196,0,0,0,0,0,0,0,0,0,0,0,0,0,0,0,0,0,0,0,0,0,0,0,0,0,0,0,0,0,0,0,0,0,0,0,0,0,0,0,0,0,0,0,0,0,0,0,0,0,0,0,0,0,0,0,0,0,0,0,0,0,0,0,0,0,0,0,0,0,0,0,0,0,0,0,0,0,0,0,0,0,0,0,0,0,0,0,0,0,0,0,0,0,0,0,0,0,0,0,0,0,0,0,0,0,0,0,0,0,0,0,0,0,0,0,0,0,0,0,0,0,0,0,0,0,0,0,0,0,0,0,0,0,0,0,0,0,0,0,0,0,0,0,0,0,0,0,0,0,0,0,0,0,0,0,0,0,0,0,0,0,0,0,0,0,0,0,0,0,0,0,0,0,0,0,0,0,0,0,0,0,0,0,0,0,0,0,0,0,0,0,0,0,0,0,0,0
STAT,popedge,Iterations,196,7357842,34235,34466,34854,33389,35426,32451,35422,35143,33439,32894,35234,32249,33699,38245,36041,37493,39323,38792,38824,39292,37988,39709,37748,38553,40475,39145,37222,37891,38684,40020,37534,38394,39113,37135,36744,37452,36929,38408,36835,41071,38109,39343,38638,40479,38500,37840,39443,41372,41578,39132,40419,38965,39328,38704,36346,39471,38382,38412,39933,39762,39399,33619,36607,33367,31668,35986,32057,33749,31715,33902,33608,33944,31760,33912,37558,36394,38509,36468,38218,37115,38241,39465,37208,37313,36805,37258,37007,39325,37516,38459,39876,36073,39918,37441,37893,38514,37810,36549,39718,39055,40424,38392,41346,39020,41278,40686,36570,40506,38028,39489,40115,40609,38609,38497,37645,39495,40980,40903,36447,39035,39330,37699,33194,33290,33763,32149,33399,32542,34811,33638,33536,32946,33704,32111,33832,38348,36805,40547,38526,38437,35260,37293,36093,38463,40587,38765,41392,38589,39986,38360,37403,38835,39001,40735,37376,38672,38708,38589,37980,39091,38948,38698,37905,39298,39672,41735,43673,38979,39143,41294,40344,40589,40412,38303,41736,37144,42312,42380,42238,39521,38487,40289,41756,31470,37245,34507,33832,34238,33051,38298,36765,34320,34910,33347,33517,32511
STAT,refine,Conflicts,196,6704,119,123,114,105,100,99,95,88,85,80,89,86,87,69,72,68,65,68,51,58,69,75,69,52,64,69,54,64,67,68,54,48,49,49,35,46,40,41,37,36,44,43,49,48,35,54,38,32,42,47,41,45,40,33,42,35,40,45,40,40,30,21,20,19,28,15,17,15,22,30,32,30,24,21,23,20,27,31,25,15,20,13,25,24,21,34,26,20,22,19,35,25,26,24,17,21,38,15,21,15,12,25,29,23,27,17,39,12,17,24,29,18,25,26,19,27,20,20,15,24,17,19,21,17,17,22,16,26,24,20,30,13,18,20,20,13,16,21,26,30,17,23,22,31,20,21,28,23,24,20,22,19,26,30,22,22,23,16,21,23,23,24,25,29,28,28,19,31,28,26,28,19,24,17,27,25,13,24,25,23,25,22,16,21,18,19,18,27,22,20,21,22,33,21,20,20
STAT,refine,Iterations,196,138266,610,928,811,659,824,683,750,663,879,723,845,675,928,665,822,726,754,751,747,711,836,592,694,444,842,690,891,837,683,717,596,756,816,639,471,989,706,831,807,831,748,795,754,689,641,853,806,470,625,750,711,737,661,849,651,450,454,575,615,726,419,586,702,668,474,634,556,756,572,779,871,778,631,761,677,566,777,560,626,661,677,706,679,714,670,871,652,882,941,735,832,759,831,627,762,762,871,571,967,757,575,705,999,699,617,727,808,554,634,743,799,808,781,744,827,426,607,456,525,576,602,720,634,674,625,474,719,620,792,568,815,579,670,562,806,436,636,639,699,732,582,767,759,790,756,497,676,536,815,826,604,759,660,873,900,801,755,677,642,785,943,709,630,978,805,946,786,720,620,568,631,587,869,577,642,1093,394,554,639,714,692,637,730,357,746,575,381,822,675,1020,685,665,946,800,653,703
