Hello from MIC
Galois Benchmark Suite v2.2.0 (r0)
Copyright (C) 2013 The University of Texas at Austin
http://iss.ices.utexas.edu/galois/

application: GMetis
Partitions a graph into K parts and minimizing the graph cut
http://iss.ices.utexas.edu/?p=projects/galois/benchmarks/gMetis

INFO: CommandLine /work/02556/dpereira/MIC/apps/gmetis/gmetis -t=189 /work/02556/dpereira/Inputs/USA-road-d.W.gr 16
INFO: Hostname c558-002-mic0.stampede.tacc.utexas.edu
Created Graph with 6262104 nodes and 15248146 edges
Nodes 6262104| Edges 15248146 7624073

  Starting coarsening: 
Time coarsen:  3679 Size of final graph: 443

  Sarting initial partitioning using GGGP:
Size in decade percentages:  -0,16
Time clustering:  383

  Sarting refinnement with BKL2
Initial dist
Size in decade percentages:  -0,16
Refined dist
Size in decade percentages:  -1,7 0,4 1,5
Time refinement:  2319


Time:  6560
Total edge cut : 2077

Part saved in : 0x7fff9c2b22e0
STATTYPE,LOOP,CATEGORY,n,sum,T0,T1,T2,T3,T4,T5,T6,T7,T8,T9,T10,T11,T12,T13,T14,T15,T16,T17,T18,T19,T20,T21,T22,T23,T24,T25,T26,T27,T28,T29,T30,T31,T32,T33,T34,T35,T36,T37,T38,T39,T40,T41,T42,T43,T44,T45,T46,T47,T48,T49,T50,T51,T52,T53,T54,T55,T56,T57,T58,T59,T60,T61,T62,T63,T64,T65,T66,T67,T68,T69,T70,T71,T72,T73,T74,T75,T76,T77,T78,T79,T80,T81,T82,T83,T84,T85,T86,T87,T88,T89,T90,T91,T92,T93,T94,T95,T96,T97,T98,T99,T100,T101,T102,T103,T104,T105,T106,T107,T108,T109,T110,T111,T112,T113,T114,T115,T116,T117,T118,T119,T120,T121,T122,T123,T124,T125,T126,T127,T128,T129,T130,T131,T132,T133,T134,T135,T136,T137,T138,T139,T140,T141,T142,T143,T144,T145,T146,T147,T148,T149,T150,T151,T152,T153,T154,T155,T156,T157,T158,T159,T160,T161,T162,T163,T164,T165,T166,T167,T168,T169,T170,T171,T172,T173,T174,T175,T176,T177,T178,T179,T180,T181,T182,T183,T184,T185,T186,T187,T188
STAT,(NULL),Coarsen,189,3679,3679,0,0,0,0,0,0,0,0,0,0,0,0,0,0,0,0,0,0,0,0,0,0,0,0,0,0,0,0,0,0,0,0,0,0,0,0,0,0,0,0,0,0,0,0,0,0,0,0,0,0,0,0,0,0,0,0,0,0,0,0,0,0,0,0,0,0,0,0,0,0,0,0,0,0,0,0,0,0,0,0,0,0,0,0,0,0,0,0,0,0,0,0,0,0,0,0,0,0,0,0,0,0,0,0,0,0,0,0,0,0,0,0,0,0,0,0,0,0,0,0,0,0,0,0,0,0,0,0,0,0,0,0,0,0,0,0,0,0,0,0,0,0,0,0,0,0,0,0,0,0,0,0,0,0,0,0,0,0,0,0,0,0,0,0,0,0,0,0,0,0,0,0,0,0,0,0,0,0,0,0,0,0,0,0,0,0,0,0
STAT,(NULL),Conflicts,189,0,0,0,0,0,0,0,0,0,0,0,0,0,0,0,0,0,0,0,0,0,0,0,0,0,0,0,0,0,0,0,0,0,0,0,0,0,0,0,0,0,0,0,0,0,0,0,0,0,0,0,0,0,0,0,0,0,0,0,0,0,0,0,0,0,0,0,0,0,0,0,0,0,0,0,0,0,0,0,0,0,0,0,0,0,0,0,0,0,0,0,0,0,0,0,0,0,0,0,0,0,0,0,0,0,0,0,0,0,0,0,0,0,0,0,0,0,0,0,0,0,0,0,0,0,0,0,0,0,0,0,0,0,0,0,0,0,0,0,0,0,0,0,0,0,0,0,0,0,0,0,0,0,0,0,0,0,0,0,0,0,0,0,0,0,0,0,0,0,0,0,0,0,0,0,0,0,0,0,0,0,0,0,0,0,0,0,0,0,0
STAT,(NULL),Iterations,189,31,5,0,0,0,1,0,0,0,0,0,0,0,0,0,0,0,0,0,0,0,1,0,0,0,0,0,0,0,0,0,0,0,0,0,0,0,0,0,0,0,0,0,0,0,0,0,3,1,0,0,0,1,0,0,0,0,0,0,0,0,0,0,0,0,0,0,0,0,0,0,0,0,4,0,0,0,0,1,0,0,0,0,0,0,0,0,0,0,0,0,0,0,0,0,0,0,0,0,0,0,1,0,0,0,0,0,0,0,0,0,0,0,3,0,0,0,0,2,0,0,0,0,0,0,0,0,0,0,0,0,0,0,0,0,0,0,0,0,0,0,0,0,0,0,0,2,0,0,0,2,0,0,0,0,0,0,2,0,0,0,0,0,0,1,0,0,0,0,0,0,0,0,0,0,0,0,0,0,0,1,0,0,0,0,0,0,0,0,0
STAT,(NULL),MeminfoPost,189,757201,4009,3997,4030,4007,4013,4014,4011,3994,4008,4002,4024,4035,4054,4018,3991,3999,4002,4012,4007,4015,4031,4005,4011,4004,3991,4003,4009,4015,4014,3997,3994,4004,4009,4006,4014,4016,4014,4004,4010,3993,4013,4015,4016,4067,4035,3998,4004,4000,3992,4009,4019,4024,4011,4012,4014,3992,4003,3999,4013,4021,3995,4000,3999,4003,4015,4006,4008,4018,4035,4000,4005,4016,4010,3999,4015,3998,3999,3997,4015,3991,3986,4006,4013,4017,4003,3996,4004,4002,3991,3990,3991,4008,4000,4033,4030,4004,3993,3996,4001,4023,3991,3986,3986,4004,4010,4019,4012,4019,4004,4006,3992,4010,3996,3999,4004,3988,3989,3986,4004,3988,4015,3993,3997,4023,4037,4025,4025,3999,3995,4011,4005,3987,3986,4005,4009,4017,4016,4003,4001,4006,3996,4000,3996,3988,3996,3989,4011,3991,4009,4030,4026,4039,4014,4003,3994,3995,3994,4004,4024,4039,4020,4027,4027,4006,3992,4013,3995,4004,4003,3995,3989,3989,3991,3986,4036,3987,3986,3999,3983,3985,4020,3994,3997,4004,4010,4005,4012,3996,4010
STAT,(NULL),MeminfoPre,189,189256,1004,992,1025,1002,1008,1009,1006,989,1003,997,1019,1030,1049,1013,986,994,997,1007,1002,1010,1026,1000,1006,999,986,998,1004,1010,1009,992,989,999,1004,1001,1009,1011,1009,999,1005,988,1008,1010,1011,1062,1030,993,999,995,987,1004,1014,1019,1006,1007,1009,987,998,994,1008,1016,990,995,994,998,1010,1001,1003,1013,1030,995,1000,1011,1005,994,1010,993,994,992,1010,986,981,1001,1008,1012,998,991,999,997,986,985,986,1003,995,1028,1025,999,988,991,996,1018,986,981,981,999,1005,1014,1007,1014,999,1001,987,1005,991,994,999,983,984,981,999,983,1010,988,992,1018,1032,1020,1020,994,990,1006,1000,982,981,1000,1004,1012,1011,998,996,1001,991,995,991,983,991,984,1006,986,1004,1025,1021,1034,1009,998,989,990,989,999,1019,1034,1015,1022,1022,1001,987,1008,990,999,998,990,984,984,986,981,1031,982,981,994,978,980,1015,989,992,999,1005,1000,1007,991,1005
STAT,(NULL),Partition,189,383,383,0,0,0,0,0,0,0,0,0,0,0,0,0,0,0,0,0,0,0,0,0,0,0,0,0,0,0,0,0,0,0,0,0,0,0,0,0,0,0,0,0,0,0,0,0,0,0,0,0,0,0,0,0,0,0,0,0,0,0,0,0,0,0,0,0,0,0,0,0,0,0,0,0,0,0,0,0,0,0,0,0,0,0,0,0,0,0,0,0,0,0,0,0,0,0,0,0,0,0,0,0,0,0,0,0,0,0,0,0,0,0,0,0,0,0,0,0,0,0,0,0,0,0,0,0,0,0,0,0,0,0,0,0,0,0,0,0,0,0,0,0,0,0,0,0,0,0,0,0,0,0,0,0,0,0,0,0,0,0,0,0,0,0,0,0,0,0,0,0,0,0,0,0,0,0,0,0,0,0,0,0,0,0,0,0,0,0,0
STAT,(NULL),Refine,189,2319,2319,0,0,0,0,0,0,0,0,0,0,0,0,0,0,0,0,0,0,0,0,0,0,0,0,0,0,0,0,0,0,0,0,0,0,0,0,0,0,0,0,0,0,0,0,0,0,0,0,0,0,0,0,0,0,0,0,0,0,0,0,0,0,0,0,0,0,0,0,0,0,0,0,0,0,0,0,0,0,0,0,0,0,0,0,0,0,0,0,0,0,0,0,0,0,0,0,0,0,0,0,0,0,0,0,0,0,0,0,0,0,0,0,0,0,0,0,0,0,0,0,0,0,0,0,0,0,0,0,0,0,0,0,0,0,0,0,0,0,0,0,0,0,0,0,0,0,0,0,0,0,0,0,0,0,0,0,0,0,0,0,0,0,0,0,0,0,0,0,0,0,0,0,0,0,0,0,0,0,0,0,0,0,0,0,0,0,0,0
STAT,(NULL),Threads,189,189,189,0,0,0,0,0,0,0,0,0,0,0,0,0,0,0,0,0,0,0,0,0,0,0,0,0,0,0,0,0,0,0,0,0,0,0,0,0,0,0,0,0,0,0,0,0,0,0,0,0,0,0,0,0,0,0,0,0,0,0,0,0,0,0,0,0,0,0,0,0,0,0,0,0,0,0,0,0,0,0,0,0,0,0,0,0,0,0,0,0,0,0,0,0,0,0,0,0,0,0,0,0,0,0,0,0,0,0,0,0,0,0,0,0,0,0,0,0,0,0,0,0,0,0,0,0,0,0,0,0,0,0,0,0,0,0,0,0,0,0,0,0,0,0,0,0,0,0,0,0,0,0,0,0,0,0,0,0,0,0,0,0,0,0,0,0,0,0,0,0,0,0,0,0,0,0,0,0,0,0,0,0,0,0,0,0,0,0,0
STAT,(NULL),Time,189,6560,6560,0,0,0,0,0,0,0,0,0,0,0,0,0,0,0,0,0,0,0,0,0,0,0,0,0,0,0,0,0,0,0,0,0,0,0,0,0,0,0,0,0,0,0,0,0,0,0,0,0,0,0,0,0,0,0,0,0,0,0,0,0,0,0,0,0,0,0,0,0,0,0,0,0,0,0,0,0,0,0,0,0,0,0,0,0,0,0,0,0,0,0,0,0,0,0,0,0,0,0,0,0,0,0,0,0,0,0,0,0,0,0,0,0,0,0,0,0,0,0,0,0,0,0,0,0,0,0,0,0,0,0,0,0,0,0,0,0,0,0,0,0,0,0,0,0,0,0,0,0,0,0,0,0,0,0,0,0,0,0,0,0,0,0,0,0,0,0,0,0,0,0,0,0,0,0,0,0,0,0,0,0,0,0,0,0,0,0,0
STAT,match,Conflicts,189,6516,55,51,48,54,55,53,54,56,51,47,48,48,46,49,48,50,50,49,43,43,49,46,52,48,42,42,41,51,44,40,41,40,41,44,35,39,35,38,48,42,48,39,49,36,40,44,49,43,37,37,37,36,43,40,37,45,36,37,39,43,41,32,32,30,28,27,33,26,34,28,32,27,34,32,24,32,26,30,30,27,21,34,28,39,34,35,25,30,25,24,28,35,31,32,25,37,36,32,23,39,33,31,31,36,28,35,29,29,36,28,38,22,35,32,32,34,28,28,22,32,28,37,31,22,25,26,28,24,30,29,31,31,33,19,33,28,25,39,35,30,30,33,29,27,30,23,32,29,25,25,28,28,31,27,28,31,26,28,28,28,27,23,28,26,34,29,30,33,34,34,26,35,26,27,37,31,34,30,27,26,30,30,28,30,21,33,27,34,28
STAT,match,Iterations,189,15025633,48093,55452,64350,55224,60912,48144,68908,68459,73764,76906,63896,68188,76461,68631,92015,70728,52995,59166,79261,66204,71323,75441,63902,61538,64224,55829,67120,61651,56953,74525,56481,75607,64869,70444,82778,75013,72493,58829,81071,51082,63939,75661,71085,78456,80120,72401,51850,79921,69650,88063,74346,72625,60372,71846,66963,60912,87969,53272,85969,65810,72486,70491,81816,81559,77096,85446,75457,90920,79768,105975,78803,91702,68905,78365,84972,83877,110870,77548,93335,92511,114899,93932,80943,96390,86560,97574,70972,70475,81394,100515,86408,68215,85955,74870,94530,68342,76275,74040,95454,82064,79223,85995,86987,69190,89073,68777,92437,79918,76058,86436,82388,106254,80173,85802,98881,82713,98337,105422,91991,74181,100869,86287,61459,72132,77105,90395,83768,81532,94041,89811,86541,86167,96341,96277,88427,104478,83084,98960,76435,86203,89084,65195,91121,100316,91041,102840,84197,77025,91981,72949,72325,83650,80495,87460,92364,81083,67954,90115,77665,67889,93565,93193,108038,89775,68986,80855,76522,98085,69021,89948,86248,85236,65468,101916,71935,87517,90733,74550,80448,70834,91980,77308,75196,81685,87673,82513,86443,76814,83982
STAT,popedge,Conflicts,189,0,0,0,0,0,0,0,0,0,0,0,0,0,0,0,0,0,0,0,0,0,0,0,0,0,0,0,0,0,0,0,0,0,0,0,0,0,0,0,0,0,0,0,0,0,0,0,0,0,0,0,0,0,0,0,0,0,0,0,0,0,0,0,0,0,0,0,0,0,0,0,0,0,0,0,0,0,0,0,0,0,0,0,0,0,0,0,0,0,0,0,0,0,0,0,0,0,0,0,0,0,0,0,0,0,0,0,0,0,0,0,0,0,0,0,0,0,0,0,0,0,0,0,0,0,0,0,0,0,0,0,0,0,0,0,0,0,0,0,0,0,0,0,0,0,0,0,0,0,0,0,0,0,0,0,0,0,0,0,0,0,0,0,0,0,0,0,0,0,0,0,0,0,0,0,0,0,0,0,0,0,0,0,0,0,0,0,0,0,0
STAT,popedge,Iterations,189,7360397,34868,35835,33107,33893,34665,33681,39916,37769,39138,37503,37437,37321,38932,37985,35015,38926,39676,39223,39533,39206,38189,38331,38498,39459,40193,39449,39432,38682,38976,39307,38428,39481,38038,38365,37850,38654,38885,40564,40191,39532,41671,41319,38141,39000,37834,39874,40787,38143,40142,40753,39229,39327,38402,40804,39637,39847,40349,41299,40334,41224,40639,34223,33310,35193,33578,33569,33509,37572,37887,36303,37566,38328,37547,38415,36385,36943,40865,39355,39360,39903,40379,38195,38211,37805,37627,38595,39556,39019,37840,38931,39707,40061,39433,39070,38666,40622,40013,39494,42575,40208,40182,43747,39195,41690,41283,39043,38826,41252,42513,38915,42233,37879,41641,39885,40365,40983,38341,41392,38807,41891,39871,41479,36271,34754,35110,33877,34533,33830,40016,41426,37575,39318,38312,42609,40343,37881,36907,38294,38591,38401,39374,39334,37626,39558,38544,40283,38537,40902,38155,38912,37626,39876,37824,38679,41226,40362,38891,39175,38645,41309,40184,39919,41153,40152,42344,42146,39438,41342,41057,40693,40590,42317,39311,40890,41856,42297,41214,41633,43197,41415,39717,40707,41916,34337,39097,35549,35563,33186,34172
STAT,refine,Conflicts,189,6101,115,107,112,105,100,94,99,99,78,84,80,89,100,80,79,78,63,39,62,63,70,56,69,53,76,75,68,64,57,57,50,61,38,38,27,33,39,29,47,35,44,44,43,48,45,48,28,33,38,36,38,44,43,30,27,44,33,40,47,31,29,19,14,18,18,20,7,21,20,18,13,20,27,33,29,29,17,16,14,15,20,29,13,24,26,24,20,24,14,20,20,22,25,21,20,17,15,18,20,24,19,14,24,25,29,28,29,18,15,25,20,20,26,23,20,13,23,17,19,28,14,16,18,17,15,18,12,21,22,17,20,17,26,18,24,17,27,26,20,11,8,24,15,21,24,19,32,23,25,10,16,15,18,27,16,23,14,24,20,11,17,20,24,17,17,21,20,27,9,21,18,17,15,16,27,15,17,15,13,21,28,17,13,13,10,22,28,25,17
STAT,refine,Iterations,189,43427,370,333,393,425,313,313,405,423,324,348,384,456,565,301,304,298,214,211,267,296,241,164,206,213,308,337,289,246,263,240,266,318,141,269,174,179,169,161,286,219,243,213,234,417,262,253,175,214,193,209,223,202,146,141,79,244,330,197,308,227,169,209,149,201,307,195,160,327,302,179,208,228,227,334,221,265,241,165,175,166,176,203,170,309,219,237,205,245,181,295,198,189,341,200,280,170,138,103,186,263,161,186,210,212,209,225,276,167,189,210,190,176,194,203,298,141,251,324,165,233,212,240,188,217,137,315,195,221,240,269,170,208,218,219,278,270,242,224,197,173,135,238,174,274,255,164,257,250,302,171,242,136,178,284,153,211,153,235,150,155,253,168,220,194,181,296,190,342,92,242,189,188,124,149,189,200,86,163,180,160,283,209,206,163,148,178,415,196,175
