Hello from MIC
Galois Benchmark Suite v2.2.0 (r0)
Copyright (C) 2013 The University of Texas at Austin
http://iss.ices.utexas.edu/galois/

application: GMetis
Partitions a graph into K parts and minimizing the graph cut
http://iss.ices.utexas.edu/?p=projects/galois/benchmarks/gMetis

INFO: CommandLine /work/02556/dpereira/MIC/apps/gmetis/gmetis -t=30 /work/02556/dpereira/Inputs/USA-road-d.W.gr 128
INFO: Hostname c557-901-mic0.stampede.tacc.utexas.edu
Created Graph with 6262104 nodes and 15248146 edges
Nodes 6262104| Edges 15248146 7624073

  Starting coarsening: 
Time coarsen:  3605 Size of final graph: 2966

  Sarting initial partitioning using GGGP:
Size in decade percentages:  -1,8 -0,118 1,2
Time clustering:  393

  Sarting refinnement with BKL2
Initial dist
Size in decade percentages:  -1,8 -0,118 1,2
Refined dist
Size in decade percentages:  -1,49 -0,30 1,49
Time refinement:  603


Time:  4778
Total edge cut : 7852

Part saved in : 0x7fff15032460
STATTYPE,LOOP,CATEGORY,n,sum,T0,T1,T2,T3,T4,T5,T6,T7,T8,T9,T10,T11,T12,T13,T14,T15,T16,T17,T18,T19,T20,T21,T22,T23,T24,T25,T26,T27,T28,T29
STAT,(NULL),Coarsen,30,3605,3605,0,0,0,0,0,0,0,0,0,0,0,0,0,0,0,0,0,0,0,0,0,0,0,0,0,0,0,0,0
STAT,(NULL),Conflicts,30,0,0,0,0,0,0,0,0,0,0,0,0,0,0,0,0,0,0,0,0,0,0,0,0,0,0,0,0,0,0,0
STAT,(NULL),Iterations,30,255,10,5,5,10,3,7,11,5,11,5,9,14,18,4,7,11,6,11,4,6,12,8,2,16,11,15,3,5,10,11
STAT,(NULL),MeminfoPost,30,756119,25231,25286,25200,25229,25189,25229,25278,25214,25222,25196,25246,25209,25157,25197,25193,25195,25179,25185,25125,25255,25181,25212,25139,25228,25197,25304,25169,25137,25133,25204
STAT,(NULL),MeminfoPre,30,189029,6328,6383,6297,6326,6286,6326,6375,6311,6319,6293,6343,6306,6254,6294,6290,6292,6276,6282,6222,6352,6278,6309,6236,6325,6294,6401,6266,6234,6230,6301
STAT,(NULL),Partition,30,393,393,0,0,0,0,0,0,0,0,0,0,0,0,0,0,0,0,0,0,0,0,0,0,0,0,0,0,0,0,0
STAT,(NULL),Refine,30,603,603,0,0,0,0,0,0,0,0,0,0,0,0,0,0,0,0,0,0,0,0,0,0,0,0,0,0,0,0,0
STAT,(NULL),Threads,30,30,30,0,0,0,0,0,0,0,0,0,0,0,0,0,0,0,0,0,0,0,0,0,0,0,0,0,0,0,0,0
STAT,(NULL),Time,30,4778,4778,0,0,0,0,0,0,0,0,0,0,0,0,0,0,0,0,0,0,0,0,0,0,0,0,0,0,0,0,0
STAT,match,Conflicts,30,5511,499,408,341,357,307,241,261,256,246,280,101,104,121,110,110,96,102,94,124,124,99,55,88,137,118,127,136,155,179,135
STAT,match,Iterations,30,14922962,449734,470948,480504,468449,485919,484125,462010,481601,486977,472624,494904,489481,509380,493549,484217,523503,501827,514756,536333,512788,498124,511541,521752,493729,509035,482938,524257,533095,526583,518279
STAT,popedge,Conflicts,30,0,0,0,0,0,0,0,0,0,0,0,0,0,0,0,0,0,0,0,0,0,0,0,0,0,0,0,0,0,0,0
STAT,popedge,Iterations,30,7309063,236839,243232,243815,240826,249069,238690,237556,239401,239841,229823,220756,221382,236062,234366,239503,249678,246462,249027,250565,247019,238586,241085,243069,240921,229995,260700,266521,265786,263524,264964
STAT,refine,Conflicts,30,1914,123,92,84,79,83,77,68,63,72,66,74,78,80,64,53,53,51,51,60,55,44,48,54,57,71,51,40,43,45,35
STAT,refine,Iterations,30,127741,3709,4801,4701,3650,5217,3687,5188,4882,3544,4545,4197,3887,3433,4082,4703,4329,3738,4219,4425,4694,4185,4306,4162,4587,3686,4730,4000,3738,3671,5045
