Hello from MIC
Galois Benchmark Suite v2.2.0 (r0)
Copyright (C) 2013 The University of Texas at Austin
http://iss.ices.utexas.edu/galois/

application: GMetis
Partitions a graph into K parts and minimizing the graph cut
http://iss.ices.utexas.edu/?p=projects/galois/benchmarks/gMetis

INFO: CommandLine /work/02556/dpereira/MIC/apps/gmetis/gmetis -t=205 /work/02556/dpereira/Inputs/USA-road-d.W.gr 16
INFO: Hostname c558-003-mic0.stampede.tacc.utexas.edu
Created Graph with 6262104 nodes and 15248146 edges
Nodes 6262104| Edges 15248146 7624073

  Starting coarsening: 
Time coarsen:  4059 Size of final graph: 441

  Sarting initial partitioning using GGGP:
Size in decade percentages:  -0,16
Time clustering:  369

  Sarting refinnement with BKL2
Initial dist
Size in decade percentages:  -0,16
Refined dist
Size in decade percentages:  -1,6 -0,2 1,8
Time refinement:  2580


Time:  7184
Total edge cut : 2113

Part saved in : 0x7fff7e8b0fe0
STATTYPE,LOOP,CATEGORY,n,sum,T0,T1,T2,T3,T4,T5,T6,T7,T8,T9,T10,T11,T12,T13,T14,T15,T16,T17,T18,T19,T20,T21,T22,T23,T24,T25,T26,T27,T28,T29,T30,T31,T32,T33,T34,T35,T36,T37,T38,T39,T40,T41,T42,T43,T44,T45,T46,T47,T48,T49,T50,T51,T52,T53,T54,T55,T56,T57,T58,T59,T60,T61,T62,T63,T64,T65,T66,T67,T68,T69,T70,T71,T72,T73,T74,T75,T76,T77,T78,T79,T80,T81,T82,T83,T84,T85,T86,T87,T88,T89,T90,T91,T92,T93,T94,T95,T96,T97,T98,T99,T100,T101,T102,T103,T104,T105,T106,T107,T108,T109,T110,T111,T112,T113,T114,T115,T116,T117,T118,T119,T120,T121,T122,T123,T124,T125,T126,T127,T128,T129,T130,T131,T132,T133,T134,T135,T136,T137,T138,T139,T140,T141,T142,T143,T144,T145,T146,T147,T148,T149,T150,T151,T152,T153,T154,T155,T156,T157,T158,T159,T160,T161,T162,T163,T164,T165,T166,T167,T168,T169,T170,T171,T172,T173,T174,T175,T176,T177,T178,T179,T180,T181,T182,T183,T184,T185,T186,T187,T188,T189,T190,T191,T192,T193,T194,T195,T196,T197,T198,T199,T200,T201,T202,T203,T204
STAT,(NULL),Coarsen,205,4059,4059,0,0,0,0,0,0,0,0,0,0,0,0,0,0,0,0,0,0,0,0,0,0,0,0,0,0,0,0,0,0,0,0,0,0,0,0,0,0,0,0,0,0,0,0,0,0,0,0,0,0,0,0,0,0,0,0,0,0,0,0,0,0,0,0,0,0,0,0,0,0,0,0,0,0,0,0,0,0,0,0,0,0,0,0,0,0,0,0,0,0,0,0,0,0,0,0,0,0,0,0,0,0,0,0,0,0,0,0,0,0,0,0,0,0,0,0,0,0,0,0,0,0,0,0,0,0,0,0,0,0,0,0,0,0,0,0,0,0,0,0,0,0,0,0,0,0,0,0,0,0,0,0,0,0,0,0,0,0,0,0,0,0,0,0,0,0,0,0,0,0,0,0,0,0,0,0,0,0,0,0,0,0,0,0,0,0,0,0,0,0,0,0,0,0,0,0,0,0,0,0,0,0,0,0
STAT,(NULL),Conflicts,205,0,0,0,0,0,0,0,0,0,0,0,0,0,0,0,0,0,0,0,0,0,0,0,0,0,0,0,0,0,0,0,0,0,0,0,0,0,0,0,0,0,0,0,0,0,0,0,0,0,0,0,0,0,0,0,0,0,0,0,0,0,0,0,0,0,0,0,0,0,0,0,0,0,0,0,0,0,0,0,0,0,0,0,0,0,0,0,0,0,0,0,0,0,0,0,0,0,0,0,0,0,0,0,0,0,0,0,0,0,0,0,0,0,0,0,0,0,0,0,0,0,0,0,0,0,0,0,0,0,0,0,0,0,0,0,0,0,0,0,0,0,0,0,0,0,0,0,0,0,0,0,0,0,0,0,0,0,0,0,0,0,0,0,0,0,0,0,0,0,0,0,0,0,0,0,0,0,0,0,0,0,0,0,0,0,0,0,0,0,0,0,0,0,0,0,0,0,0,0,0,0,0,0,0,0,0
STAT,(NULL),Iterations,205,31,5,0,0,0,0,0,0,0,0,0,0,0,0,0,0,0,0,0,0,0,0,0,1,0,0,0,0,0,0,0,0,0,0,0,0,0,0,0,1,0,0,0,0,0,0,0,0,0,0,0,0,0,0,0,0,0,0,0,0,0,0,4,0,0,0,2,3,0,0,0,0,0,0,0,0,0,0,0,0,0,1,0,0,0,0,0,0,0,1,0,0,0,0,0,0,0,0,0,0,0,0,0,0,0,0,0,0,0,0,0,0,0,1,0,0,0,0,2,0,0,0,0,0,0,0,0,0,0,0,0,0,0,0,0,0,0,0,0,0,0,0,0,0,0,0,0,0,0,0,0,0,0,0,0,1,0,0,0,0,0,0,0,0,0,0,3,0,0,0,0,0,0,0,0,0,0,0,0,0,0,0,0,2,0,0,0,0,1,0,0,0,0,0,0,0,0,1,0,0,0,0,0,0,0,2
STAT,(NULL),MeminfoPost,205,757085,3699,3683,3703,3711,3696,3695,3688,3697,3681,3702,3692,3710,3719,3744,3702,3680,3687,3694,3685,3697,3701,3709,3695,3701,3698,3692,3682,3685,3687,3705,3705,3688,3681,3685,3694,3695,3692,3700,3704,3705,3686,3705,3679,3690,3694,3709,3713,3746,3710,3686,3690,3686,3681,3704,3693,3702,3719,3687,3700,3699,3679,3686,3689,3700,3710,3682,3690,3680,3691,3697,3699,3691,3692,3720,3705,3687,3694,3704,3699,3685,3703,3685,3691,3681,3684,3702,3675,3677,3694,3700,3704,3690,3684,3693,3684,3684,3678,3686,3689,3681,3694,3716,3717,3691,3680,3686,3684,3712,3687,3678,3671,3677,3694,3697,3704,3698,3704,3693,3693,3687,3681,3696,3683,3689,3689,3673,3679,3675,3694,3674,3703,3682,3675,3707,3713,3721,3711,3706,3679,3684,3698,3693,3677,3671,3689,3694,3700,3702,3702,3687,3682,3698,3681,3688,3684,3677,3676,3685,3698,3680,3676,3707,3720,3714,3719,3698,3690,3683,3683,3679,3693,3699,3719,3719,3697,3717,3714,3685,3682,3697,3684,3690,3689,3691,3680,3669,3688,3680,3693,3701,3672,3674,3686,3675,3679,3702,3678,3684,3690,3696,3692,3694,3694,3687,3694
STAT,(NULL),MeminfoPre,205,189235,929,913,933,941,926,925,918,927,911,932,922,940,949,974,932,910,917,924,915,927,931,939,925,931,928,922,912,915,917,935,935,918,911,915,924,925,922,930,934,935,916,935,909,920,924,939,943,976,940,916,920,916,911,934,923,932,949,917,930,929,909,916,919,930,940,912,920,910,921,927,929,921,922,950,935,917,924,934,929,915,933,915,921,911,914,932,905,907,924,930,934,920,914,923,914,914,908,916,919,911,924,946,947,921,910,916,914,942,917,908,901,907,924,927,934,928,934,923,923,917,911,926,913,919,919,903,909,905,924,904,933,912,905,937,943,951,941,936,909,914,928,923,907,901,919,924,930,932,932,917,912,928,911,918,914,907,906,915,928,910,906,937,950,944,949,928,920,913,913,909,923,929,949,949,927,947,944,915,912,927,914,920,919,921,910,899,918,910,923,931,902,904,916,905,909,932,908,914,920,926,922,924,924,917,924
STAT,(NULL),Partition,205,369,369,0,0,0,0,0,0,0,0,0,0,0,0,0,0,0,0,0,0,0,0,0,0,0,0,0,0,0,0,0,0,0,0,0,0,0,0,0,0,0,0,0,0,0,0,0,0,0,0,0,0,0,0,0,0,0,0,0,0,0,0,0,0,0,0,0,0,0,0,0,0,0,0,0,0,0,0,0,0,0,0,0,0,0,0,0,0,0,0,0,0,0,0,0,0,0,0,0,0,0,0,0,0,0,0,0,0,0,0,0,0,0,0,0,0,0,0,0,0,0,0,0,0,0,0,0,0,0,0,0,0,0,0,0,0,0,0,0,0,0,0,0,0,0,0,0,0,0,0,0,0,0,0,0,0,0,0,0,0,0,0,0,0,0,0,0,0,0,0,0,0,0,0,0,0,0,0,0,0,0,0,0,0,0,0,0,0,0,0,0,0,0,0,0,0,0,0,0,0,0,0,0,0,0,0
STAT,(NULL),Refine,205,2580,2580,0,0,0,0,0,0,0,0,0,0,0,0,0,0,0,0,0,0,0,0,0,0,0,0,0,0,0,0,0,0,0,0,0,0,0,0,0,0,0,0,0,0,0,0,0,0,0,0,0,0,0,0,0,0,0,0,0,0,0,0,0,0,0,0,0,0,0,0,0,0,0,0,0,0,0,0,0,0,0,0,0,0,0,0,0,0,0,0,0,0,0,0,0,0,0,0,0,0,0,0,0,0,0,0,0,0,0,0,0,0,0,0,0,0,0,0,0,0,0,0,0,0,0,0,0,0,0,0,0,0,0,0,0,0,0,0,0,0,0,0,0,0,0,0,0,0,0,0,0,0,0,0,0,0,0,0,0,0,0,0,0,0,0,0,0,0,0,0,0,0,0,0,0,0,0,0,0,0,0,0,0,0,0,0,0,0,0,0,0,0,0,0,0,0,0,0,0,0,0,0,0,0,0,0
STAT,(NULL),Threads,205,205,205,0,0,0,0,0,0,0,0,0,0,0,0,0,0,0,0,0,0,0,0,0,0,0,0,0,0,0,0,0,0,0,0,0,0,0,0,0,0,0,0,0,0,0,0,0,0,0,0,0,0,0,0,0,0,0,0,0,0,0,0,0,0,0,0,0,0,0,0,0,0,0,0,0,0,0,0,0,0,0,0,0,0,0,0,0,0,0,0,0,0,0,0,0,0,0,0,0,0,0,0,0,0,0,0,0,0,0,0,0,0,0,0,0,0,0,0,0,0,0,0,0,0,0,0,0,0,0,0,0,0,0,0,0,0,0,0,0,0,0,0,0,0,0,0,0,0,0,0,0,0,0,0,0,0,0,0,0,0,0,0,0,0,0,0,0,0,0,0,0,0,0,0,0,0,0,0,0,0,0,0,0,0,0,0,0,0,0,0,0,0,0,0,0,0,0,0,0,0,0,0,0,0,0,0
STAT,(NULL),Time,205,7184,7184,0,0,0,0,0,0,0,0,0,0,0,0,0,0,0,0,0,0,0,0,0,0,0,0,0,0,0,0,0,0,0,0,0,0,0,0,0,0,0,0,0,0,0,0,0,0,0,0,0,0,0,0,0,0,0,0,0,0,0,0,0,0,0,0,0,0,0,0,0,0,0,0,0,0,0,0,0,0,0,0,0,0,0,0,0,0,0,0,0,0,0,0,0,0,0,0,0,0,0,0,0,0,0,0,0,0,0,0,0,0,0,0,0,0,0,0,0,0,0,0,0,0,0,0,0,0,0,0,0,0,0,0,0,0,0,0,0,0,0,0,0,0,0,0,0,0,0,0,0,0,0,0,0,0,0,0,0,0,0,0,0,0,0,0,0,0,0,0,0,0,0,0,0,0,0,0,0,0,0,0,0,0,0,0,0,0,0,0,0,0,0,0,0,0,0,0,0,0,0,0,0,0,0,0
STAT,match,Conflicts,205,6462,50,47,47,48,51,55,50,49,43,47,54,47,37,42,41,37,42,40,44,43,42,48,52,35,43,41,35,40,31,44,38,47,35,40,44,36,39,37,32,30,34,44,39,30,32,39,36,41,38,49,40,30,33,24,37,37,34,33,32,44,39,24,35,32,25,29,29,29,27,22,26,37,30,27,24,24,24,26,32,26,31,26,30,25,35,20,26,26,24,29,27,33,24,26,33,27,24,21,27,35,24,36,31,21,26,25,23,27,29,32,36,29,29,22,22,32,25,26,27,23,34,32,26,29,30,20,29,30,26,26,36,26,34,29,23,34,39,32,27,30,21,27,26,28,25,38,20,22,30,22,27,28,27,33,21,30,31,28,34,29,29,29,27,28,24,24,18,23,30,27,29,33,27,32,31,23,47,29,22,29,16,25,26,32,26,25,27,26,26,23,29,28,34,30,28,26,30,26,25,21,29,29,31,26,28
STAT,match,Iterations,205,15051813,61939,61152,58087,57332,49347,51921,49189,49314,50417,50359,49397,68067,65279,60522,63262,79350,63343,69299,65479,62657,52497,54036,68776,51614,62863,59539,73484,60817,57683,68165,46810,74320,68954,80835,59980,61098,79940,64839,73190,63363,71266,76684,66199,69551,66287,71257,72596,62025,59778,77407,58110,78856,66680,70387,71945,69731,72070,62616,69329,60770,44286,78652,84907,72879,56382,66920,74297,75068,80669,89918,82619,62813,78220,68889,68366,84459,87047,88386,73692,70062,66366,81534,58302,84015,64729,95445,71421,97145,76555,95275,82400,71702,98237,72453,65870,82551,77357,101207,102697,81563,62210,83854,80481,67814,71895,92772,68438,105956,86098,77327,91750,65613,77017,63650,90124,75337,82492,94274,86788,88430,61153,62227,79020,84798,72436,89034,58005,64281,81337,81963,64327,73587,86499,78090,79021,73186,58178,59320,66781,97976,74863,70755,86402,83625,91238,69637,84058,81958,59530,76589,72414,76402,74659,83152,78905,97296,82706,97987,91683,78761,73142,60093,86053,63921,75417,88315,94022,88544,72210,84950,76909,73624,86701,74471,54466,68986,80094,67555,84529,77543,90925,87920,73673,72382,60962,78695,64972,88035,66652,72787,71288,74060,69534,84976,66358,67894,66622,82803,56846,69116,79559,66402,67697,106001,80536
STAT,popedge,Conflicts,205,0,0,0,0,0,0,0,0,0,0,0,0,0,0,0,0,0,0,0,0,0,0,0,0,0,0,0,0,0,0,0,0,0,0,0,0,0,0,0,0,0,0,0,0,0,0,0,0,0,0,0,0,0,0,0,0,0,0,0,0,0,0,0,0,0,0,0,0,0,0,0,0,0,0,0,0,0,0,0,0,0,0,0,0,0,0,0,0,0,0,0,0,0,0,0,0,0,0,0,0,0,0,0,0,0,0,0,0,0,0,0,0,0,0,0,0,0,0,0,0,0,0,0,0,0,0,0,0,0,0,0,0,0,0,0,0,0,0,0,0,0,0,0,0,0,0,0,0,0,0,0,0,0,0,0,0,0,0,0,0,0,0,0,0,0,0,0,0,0,0,0,0,0,0,0,0,0,0,0,0,0,0,0,0,0,0,0,0,0,0,0,0,0,0,0,0,0,0,0,0,0,0,0,0,0,0
STAT,popedge,Iterations,205,7371823,32678,32577,33906,31510,33957,32542,34450,33140,32227,33355,34044,32933,34323,31227,32469,32569,32437,33742,31467,33320,33947,33563,38050,37761,37508,38849,36914,36370,38838,37007,39793,39024,35817,36400,38607,37337,38125,36853,37021,36371,36173,36628,37643,39190,37809,36887,37481,35757,37401,36254,37577,37123,38925,39224,37843,36181,36233,39087,37430,37960,40069,32256,33439,33923,33568,32157,32836,32206,33950,32301,31471,32402,31824,31999,31700,33370,32584,31418,32944,32357,33186,32728,31164,38105,38414,37914,35843,37636,37709,36601,36008,39467,37896,37398,39586,38712,37684,38295,35776,37642,37035,35872,35399,40785,38686,38546,39260,40659,38972,38550,34882,40275,40534,39557,38344,37840,36952,36123,40179,39109,39748,37640,33894,34204,35171,34497,34321,33243,33445,33435,32677,33449,33062,32327,35461,32392,33697,34109,32292,34749,33041,35357,33032,32457,37465,37655,38586,36918,37652,37178,39110,38466,38454,39295,37359,36722,38540,39052,40205,36338,38160,37399,36275,36345,35513,37070,37924,37960,38502,38576,38296,36492,40582,39674,38858,38767,38804,40438,39395,40169,38823,37778,39434,33377,35794,34552,34242,33182,32852,35582,34390,31874,34292,33683,34156,33858,33900,32748,34864,32361,35943,31703,34186,36191,34233
STAT,refine,Conflicts,205,6107,119,118,99,116,105,97,102,92,77,89,79,97,103,83,88,74,60,74,62,71,58,58,68,67,68,69,64,53,56,58,43,33,31,44,30,33,42,30,47,39,38,38,36,24,38,34,42,53,42,40,33,46,40,31,37,38,35,38,30,27,25,19,18,12,11,10,16,12,17,18,16,15,14,28,19,23,22,9,18,9,15,18,17,23,13,22,17,16,22,18,22,20,16,12,19,13,21,15,20,26,12,16,22,25,9,20,14,24,27,20,10,19,26,26,13,18,19,17,20,18,19,16,19,16,15,19,11,11,26,19,17,11,20,18,13,20,22,22,8,18,20,24,10,23,12,22,23,26,17,17,17,10,15,18,12,23,17,23,21,20,26,27,26,15,11,19,17,15,15,14,23,22,26,28,12,16,15,15,13,30,14,16,12,13,14,12,17,22,16,9,14,9,14,16,15,26,17,27,16,17,18,14,17,23,17
STAT,refine,Iterations,205,44637,379,398,316,377,383,321,361,391,242,329,293,291,546,384,416,350,218,424,214,348,257,273,304,320,224,250,238,210,319,277,180,206,183,235,169,247,225,183,223,264,206,183,260,130,174,128,276,426,396,199,270,296,221,125,190,159,298,241,114,153,129,158,157,162,199,156,161,197,230,188,212,174,162,320,209,262,272,231,196,106,231,220,149,248,230,181,160,237,117,232,185,193,245,140,195,137,299,214,321,226,174,196,197,255,80,221,152,260,287,231,181,222,215,155,123,177,185,212,182,150,177,127,144,143,153,209,164,170,182,287,208,178,170,234,259,237,199,198,133,237,162,270,157,226,267,197,176,277,121,156,206,189,178,209,122,230,161,228,267,239,207,194,143,212,157,164,188,179,214,314,210,270,247,293,178,110,158,170,222,227,137,149,126,178,139,81,126,170,155,231,219,161,226,201,139,322,243,286,159,185,208,151,170,274,188
