Hello from MIC
Galois Benchmark Suite v2.2.0 (r0)
Copyright (C) 2013 The University of Texas at Austin
http://iss.ices.utexas.edu/galois/

application: GMetis
Partitions a graph into K parts and minimizing the graph cut
http://iss.ices.utexas.edu/?p=projects/galois/benchmarks/gMetis

INFO: CommandLine /work/02556/dpereira/MIC/apps/gmetis/gmetis -t=202 /work/02556/dpereira/Inputs/USA-road-d.W.gr 16
INFO: Hostname c558-003-mic0.stampede.tacc.utexas.edu
Created Graph with 6262104 nodes and 15248146 edges
Nodes 6262104| Edges 15248146 7624073

  Starting coarsening: 
Time coarsen:  4012 Size of final graph: 443

  Sarting initial partitioning using GGGP:
Size in decade percentages:  -1,1 -0,14 1,1
Time clustering:  375

  Sarting refinnement with BKL2
Initial dist
Size in decade percentages:  -1,1 -0,14 1,1
Refined dist
Size in decade percentages:  -1,5 0,6 1,5
Time refinement:  2315


Time:  6880
Total edge cut : 1892

Part saved in : 0x7fff5c419860
STATTYPE,LOOP,CATEGORY,n,sum,T0,T1,T2,T3,T4,T5,T6,T7,T8,T9,T10,T11,T12,T13,T14,T15,T16,T17,T18,T19,T20,T21,T22,T23,T24,T25,T26,T27,T28,T29,T30,T31,T32,T33,T34,T35,T36,T37,T38,T39,T40,T41,T42,T43,T44,T45,T46,T47,T48,T49,T50,T51,T52,T53,T54,T55,T56,T57,T58,T59,T60,T61,T62,T63,T64,T65,T66,T67,T68,T69,T70,T71,T72,T73,T74,T75,T76,T77,T78,T79,T80,T81,T82,T83,T84,T85,T86,T87,T88,T89,T90,T91,T92,T93,T94,T95,T96,T97,T98,T99,T100,T101,T102,T103,T104,T105,T106,T107,T108,T109,T110,T111,T112,T113,T114,T115,T116,T117,T118,T119,T120,T121,T122,T123,T124,T125,T126,T127,T128,T129,T130,T131,T132,T133,T134,T135,T136,T137,T138,T139,T140,T141,T142,T143,T144,T145,T146,T147,T148,T149,T150,T151,T152,T153,T154,T155,T156,T157,T158,T159,T160,T161,T162,T163,T164,T165,T166,T167,T168,T169,T170,T171,T172,T173,T174,T175,T176,T177,T178,T179,T180,T181,T182,T183,T184,T185,T186,T187,T188,T189,T190,T191,T192,T193,T194,T195,T196,T197,T198,T199,T200,T201
STAT,(NULL),Coarsen,202,4012,4012,0,0,0,0,0,0,0,0,0,0,0,0,0,0,0,0,0,0,0,0,0,0,0,0,0,0,0,0,0,0,0,0,0,0,0,0,0,0,0,0,0,0,0,0,0,0,0,0,0,0,0,0,0,0,0,0,0,0,0,0,0,0,0,0,0,0,0,0,0,0,0,0,0,0,0,0,0,0,0,0,0,0,0,0,0,0,0,0,0,0,0,0,0,0,0,0,0,0,0,0,0,0,0,0,0,0,0,0,0,0,0,0,0,0,0,0,0,0,0,0,0,0,0,0,0,0,0,0,0,0,0,0,0,0,0,0,0,0,0,0,0,0,0,0,0,0,0,0,0,0,0,0,0,0,0,0,0,0,0,0,0,0,0,0,0,0,0,0,0,0,0,0,0,0,0,0,0,0,0,0,0,0,0,0,0,0,0,0,0,0,0,0,0,0,0,0,0,0,0,0,0
STAT,(NULL),Conflicts,202,0,0,0,0,0,0,0,0,0,0,0,0,0,0,0,0,0,0,0,0,0,0,0,0,0,0,0,0,0,0,0,0,0,0,0,0,0,0,0,0,0,0,0,0,0,0,0,0,0,0,0,0,0,0,0,0,0,0,0,0,0,0,0,0,0,0,0,0,0,0,0,0,0,0,0,0,0,0,0,0,0,0,0,0,0,0,0,0,0,0,0,0,0,0,0,0,0,0,0,0,0,0,0,0,0,0,0,0,0,0,0,0,0,0,0,0,0,0,0,0,0,0,0,0,0,0,0,0,0,0,0,0,0,0,0,0,0,0,0,0,0,0,0,0,0,0,0,0,0,0,0,0,0,0,0,0,0,0,0,0,0,0,0,0,0,0,0,0,0,0,0,0,0,0,0,0,0,0,0,0,0,0,0,0,0,0,0,0,0,0,0,0,0,0,0,0,0,0,0,0,0,0,0
STAT,(NULL),Iterations,202,31,5,0,0,0,0,0,0,0,0,0,2,0,0,0,0,0,0,0,0,0,0,0,0,0,0,0,0,0,0,0,0,0,2,0,0,0,0,0,0,1,0,0,0,2,0,0,0,0,0,0,0,0,0,0,0,1,0,0,0,0,0,4,0,0,1,0,0,0,0,0,0,0,0,0,0,0,0,0,0,0,0,0,0,0,0,0,0,3,0,0,0,0,0,0,0,0,0,0,0,0,0,0,0,0,0,0,0,0,0,0,0,0,0,0,1,0,0,0,1,0,0,0,0,0,0,0,0,0,0,0,0,0,0,0,0,0,0,0,0,0,0,0,0,0,0,0,0,1,0,0,0,0,0,2,0,0,0,0,0,0,0,0,0,0,0,0,0,0,0,0,0,0,0,1,0,0,0,0,0,1,0,0,0,0,0,0,0,0,0,0,0,0,0,0,0,0,0,0,3,0,0,0
STAT,(NULL),MeminfoPost,202,756796,3753,3736,3758,3761,3753,3746,3737,3756,3734,3753,3751,3760,3787,3779,3759,3732,3744,3738,3744,3758,3754,3756,3753,3752,3756,3732,3743,3737,3758,3756,3745,3737,3733,3744,3749,3734,3771,3749,3760,3744,3741,3750,3733,3757,3758,3754,3806,3771,3749,3735,3737,3743,3751,3747,3758,3760,3740,3767,3751,3728,3745,3739,3753,3765,3736,3743,3733,3745,3749,3754,3743,3747,3778,3753,3740,3752,3751,3755,3739,3756,3737,3743,3736,3745,3748,3726,3737,3746,3757,3756,3743,3734,3744,3741,3733,3728,3736,3748,3731,3766,3771,3757,3740,3736,3740,3750,3754,3733,3727,3727,3745,3747,3750,3755,3757,3760,3737,3744,3734,3753,3735,3739,3745,3727,3731,3731,3743,3726,3756,3736,3729,3759,3766,3775,3765,3757,3734,3738,3753,3744,3729,3725,3745,3747,3756,3754,3750,3746,3733,3747,3739,3742,3732,3733,3736,3730,3753,3732,3738,3767,3773,3771,3767,3744,3736,3742,3727,3741,3746,3763,3779,3760,3759,3771,3747,3733,3742,3749,3743,3746,3741,3729,3731,3738,3731,3727,3775,3730,3725,3733,3736,3732,3758,3724,3740,3743,3748,3747,3748,3747,3739,3746
STAT,(NULL),MeminfoPre,202,189176,943,926,948,951,943,936,927,946,924,943,941,950,977,969,949,922,934,928,934,948,944,946,943,942,946,922,933,927,948,946,935,927,923,934,939,924,961,939,950,934,931,940,923,947,948,944,996,961,939,925,927,933,941,937,948,950,930,957,941,918,935,929,943,955,926,933,923,935,939,944,933,937,968,943,930,942,941,945,929,946,927,933,926,935,938,916,927,936,947,946,933,924,934,931,923,918,926,938,921,956,961,947,930,926,930,940,944,923,917,917,935,937,940,945,947,950,927,934,924,943,925,929,935,917,921,921,933,916,946,926,919,949,956,965,955,947,924,928,943,934,919,915,935,937,946,944,940,936,923,937,929,932,922,923,926,920,943,922,928,957,963,961,957,934,926,932,917,931,936,953,969,950,949,961,937,923,932,939,933,936,931,919,921,928,921,917,965,920,915,923,926,922,948,914,930,933,938,937,938,937,929,936
STAT,(NULL),Partition,202,375,375,0,0,0,0,0,0,0,0,0,0,0,0,0,0,0,0,0,0,0,0,0,0,0,0,0,0,0,0,0,0,0,0,0,0,0,0,0,0,0,0,0,0,0,0,0,0,0,0,0,0,0,0,0,0,0,0,0,0,0,0,0,0,0,0,0,0,0,0,0,0,0,0,0,0,0,0,0,0,0,0,0,0,0,0,0,0,0,0,0,0,0,0,0,0,0,0,0,0,0,0,0,0,0,0,0,0,0,0,0,0,0,0,0,0,0,0,0,0,0,0,0,0,0,0,0,0,0,0,0,0,0,0,0,0,0,0,0,0,0,0,0,0,0,0,0,0,0,0,0,0,0,0,0,0,0,0,0,0,0,0,0,0,0,0,0,0,0,0,0,0,0,0,0,0,0,0,0,0,0,0,0,0,0,0,0,0,0,0,0,0,0,0,0,0,0,0,0,0,0,0,0
STAT,(NULL),Refine,202,2315,2315,0,0,0,0,0,0,0,0,0,0,0,0,0,0,0,0,0,0,0,0,0,0,0,0,0,0,0,0,0,0,0,0,0,0,0,0,0,0,0,0,0,0,0,0,0,0,0,0,0,0,0,0,0,0,0,0,0,0,0,0,0,0,0,0,0,0,0,0,0,0,0,0,0,0,0,0,0,0,0,0,0,0,0,0,0,0,0,0,0,0,0,0,0,0,0,0,0,0,0,0,0,0,0,0,0,0,0,0,0,0,0,0,0,0,0,0,0,0,0,0,0,0,0,0,0,0,0,0,0,0,0,0,0,0,0,0,0,0,0,0,0,0,0,0,0,0,0,0,0,0,0,0,0,0,0,0,0,0,0,0,0,0,0,0,0,0,0,0,0,0,0,0,0,0,0,0,0,0,0,0,0,0,0,0,0,0,0,0,0,0,0,0,0,0,0,0,0,0,0,0,0
STAT,(NULL),Threads,202,202,202,0,0,0,0,0,0,0,0,0,0,0,0,0,0,0,0,0,0,0,0,0,0,0,0,0,0,0,0,0,0,0,0,0,0,0,0,0,0,0,0,0,0,0,0,0,0,0,0,0,0,0,0,0,0,0,0,0,0,0,0,0,0,0,0,0,0,0,0,0,0,0,0,0,0,0,0,0,0,0,0,0,0,0,0,0,0,0,0,0,0,0,0,0,0,0,0,0,0,0,0,0,0,0,0,0,0,0,0,0,0,0,0,0,0,0,0,0,0,0,0,0,0,0,0,0,0,0,0,0,0,0,0,0,0,0,0,0,0,0,0,0,0,0,0,0,0,0,0,0,0,0,0,0,0,0,0,0,0,0,0,0,0,0,0,0,0,0,0,0,0,0,0,0,0,0,0,0,0,0,0,0,0,0,0,0,0,0,0,0,0,0,0,0,0,0,0,0,0,0,0,0
STAT,(NULL),Time,202,6880,6880,0,0,0,0,0,0,0,0,0,0,0,0,0,0,0,0,0,0,0,0,0,0,0,0,0,0,0,0,0,0,0,0,0,0,0,0,0,0,0,0,0,0,0,0,0,0,0,0,0,0,0,0,0,0,0,0,0,0,0,0,0,0,0,0,0,0,0,0,0,0,0,0,0,0,0,0,0,0,0,0,0,0,0,0,0,0,0,0,0,0,0,0,0,0,0,0,0,0,0,0,0,0,0,0,0,0,0,0,0,0,0,0,0,0,0,0,0,0,0,0,0,0,0,0,0,0,0,0,0,0,0,0,0,0,0,0,0,0,0,0,0,0,0,0,0,0,0,0,0,0,0,0,0,0,0,0,0,0,0,0,0,0,0,0,0,0,0,0,0,0,0,0,0,0,0,0,0,0,0,0,0,0,0,0,0,0,0,0,0,0,0,0,0,0,0,0,0,0,0,0,0
STAT,match,Conflicts,202,6196,58,47,45,51,42,48,56,46,39,48,49,50,50,45,46,50,43,44,36,45,32,37,52,47,37,48,39,49,43,44,44,42,34,44,33,38,32,27,34,38,35,38,44,40,39,37,37,37,31,40,39,33,40,44,30,46,38,30,30,38,44,25,26,24,25,26,28,27,21,21,21,24,26,23,22,27,29,33,19,22,25,27,27,24,22,23,27,27,26,20,17,25,29,24,22,29,32,28,31,24,24,29,31,33,28,32,30,29,35,26,21,30,27,21,29,24,32,28,18,21,27,24,24,20,26,32,28,22,23,24,31,26,24,30,22,26,20,21,27,27,22,16,22,22,22,23,28,26,25,29,23,28,27,28,29,27,29,33,24,27,24,21,28,23,33,32,28,30,31,36,24,33,18,26,28,27,19,29,31,18,27,29,35,23,27,30,28,27,27,31,28,29,30,26,27,28,23,29,23,25,24,19
STAT,match,Iterations,202,15042205,38101,53928,61997,46221,59757,58599,51967,45907,58841,49826,87688,58898,56375,64429,61362,54694,57197,58791,59898,52612,70212,65461,46529,66021,64558,60712,63183,60545,55629,65499,52836,59957,56936,69669,61503,75022,88393,76160,75957,73407,68578,68465,94415,76096,66910,65262,67527,87363,68388,65828,64007,39967,47940,54564,76908,52067,68545,50133,66652,60978,51653,72667,81695,63029,78519,77124,56795,92888,70482,94261,82912,78124,103889,61378,67778,71718,66207,52315,84532,76555,70327,74696,95132,71409,73518,65330,88317,85405,55165,89385,109113,92516,83123,90808,84235,81843,79564,86146,70865,79210,77313,94633,82609,86234,85326,89876,89265,88157,110747,79843,79313,87793,105052,85861,89460,65421,75090,86129,88255,79233,77057,68783,101728,95533,75665,63046,91002,71332,81068,85895,82618,92637,55470,85475,83716,70946,80644,76490,66167,65541,75831,93843,81447,87927,81142,84461,89332,82956,87138,67110,80411,96208,56574,86137,92126,77135,70812,86069,82478,79199,70170,89622,99824,68572,82885,85202,74375,93758,77083,69256,86847,64392,91354,84585,71813,67378,87243,62634,60265,63312,64864,91578,70028,74247,64741,68090,83858,64932,86019,71757,80771,70463,57569,57820,73778,93476,92252,88213,86743,77091,91666,80422
STAT,popedge,Conflicts,202,0,0,0,0,0,0,0,0,0,0,0,0,0,0,0,0,0,0,0,0,0,0,0,0,0,0,0,0,0,0,0,0,0,0,0,0,0,0,0,0,0,0,0,0,0,0,0,0,0,0,0,0,0,0,0,0,0,0,0,0,0,0,0,0,0,0,0,0,0,0,0,0,0,0,0,0,0,0,0,0,0,0,0,0,0,0,0,0,0,0,0,0,0,0,0,0,0,0,0,0,0,0,0,0,0,0,0,0,0,0,0,0,0,0,0,0,0,0,0,0,0,0,0,0,0,0,0,0,0,0,0,0,0,0,0,0,0,0,0,0,0,0,0,0,0,0,0,0,0,0,0,0,0,0,0,0,0,0,0,0,0,0,0,0,0,0,0,0,0,0,0,0,0,0,0,0,0,0,0,0,0,0,0,0,0,0,0,0,0,0,0,0,0,0,0,0,0,0,0,0,0,0,0
STAT,popedge,Iterations,202,7368343,32214,34964,31900,32974,33434,33858,34876,35146,33885,34524,32712,33708,34394,31497,32967,33004,34814,35268,31962,38265,37578,36849,38313,36700,37432,38103,38510,38906,38175,38516,38420,38903,36145,37250,37065,39167,36108,34605,40268,36834,38536,36708,37273,37875,37968,38302,36460,37189,39739,38886,40846,37216,37940,37556,39426,37875,37977,37448,36293,37584,40025,33413,32732,32049,32588,33509,34914,32887,32603,33753,35214,32496,36933,34025,31980,31648,31453,31932,34788,33377,37217,36839,36546,35365,36188,38851,37722,37066,35134,37737,38951,36496,37871,38243,36589,37660,39577,38815,37127,37479,37817,38218,37398,39691,38562,42244,39890,38956,42704,41416,37699,40451,37896,38191,38508,36963,39154,39395,37544,35989,38756,38238,34317,33301,33166,34542,33886,35394,32805,34197,32713,32530,32411,31662,35276,34121,33913,33516,33543,32829,33642,37841,38171,36246,37695,36670,36749,38232,38243,38347,38846,40864,37139,39352,38661,40146,38323,39338,38540,37717,39095,36047,40075,37911,41011,38647,36169,40171,39239,41202,38843,40316,37191,37754,38971,37824,39430,37181,40869,38971,38987,40943,38233,33979,35391,33149,32351,33532,33653,33060,34452,34478,35240,34896,33376,33304,36506,31459,34772,34324,33025,32650
STAT,refine,Conflicts,202,6044,134,119,108,117,107,101,89,94,82,92,86,89,100,74,80,75,61,64,56,63,56,57,66,63,76,61,62,62,52,50,49,36,36,46,39,42,38,37,41,36,42,35,39,30,38,48,52,51,50,54,35,35,27,37,32,42,38,45,27,42,27,19,9,8,12,19,13,12,19,10,17,10,19,18,13,12,17,11,16,13,14,11,19,14,19,27,20,22,15,14,16,25,22,9,17,12,30,17,22,21,12,19,17,26,15,20,22,25,20,32,30,28,20,21,14,23,28,16,23,23,19,19,13,9,19,8,17,13,21,10,9,20,19,10,21,18,12,12,17,9,3,17,18,20,22,18,17,23,18,25,25,20,26,22,23,21,16,17,18,16,28,14,28,16,18,12,18,21,26,16,20,32,14,9,17,12,11,16,12,21,14,29,12,16,15,11,13,17,12,19,10,12,8,18,15,20,10,11,19,11,8,14
STAT,refine,Iterations,202,40625,351,386,340,307,359,350,311,278,235,313,302,278,396,292,284,239,240,232,165,229,257,272,262,234,219,211,313,286,217,202,192,262,153,258,187,228,175,152,240,207,257,205,268,209,113,267,317,366,339,256,160,137,108,162,196,188,196,169,69,147,155,226,199,124,148,204,114,142,169,151,207,153,227,170,143,143,153,169,150,132,107,186,208,181,151,168,163,158,161,275,223,199,296,185,253,222,262,154,167,251,142,255,217,294,179,151,177,236,256,340,202,162,276,193,181,194,154,119,193,115,196,209,132,209,216,158,295,145,152,121,111,233,199,142,240,211,173,120,179,106,73,103,141,161,164,166,145,204,252,209,235,177,156,305,296,183,168,197,190,180,266,206,385,184,185,153,150,252,235,171,478,261,127,112,153,130,210,152,145,173,117,229,109,128,249,159,134,145,130,129,137,99,97,117,181,241,172,174,180,218,168,104
