Hello from MIC
Galois Benchmark Suite v2.2.0 (r0)
Copyright (C) 2013 The University of Texas at Austin
http://iss.ices.utexas.edu/galois/

application: GMetis
Partitions a graph into K parts and minimizing the graph cut
http://iss.ices.utexas.edu/?p=projects/galois/benchmarks/gMetis

INFO: CommandLine /work/02556/dpereira/MIC/apps/gmetis/gmetis -t=99 /work/02556/dpereira/Inputs/USA-road-d.W.gr 16
INFO: Hostname c557-903-mic0.stampede.tacc.utexas.edu
Created Graph with 6262104 nodes and 15248146 edges
Nodes 6262104| Edges 15248146 7624073

  Starting coarsening: 
Time coarsen:  2490 Size of final graph: 439

  Sarting initial partitioning using GGGP:
Size in decade percentages:  -0,16
Time clustering:  357

  Sarting refinnement with BKL2
Initial dist
Size in decade percentages:  -0,16
Refined dist
Size in decade percentages:  -1,5 -0,6 1,5
Time refinement:  1204


Time:  4225
Total edge cut : 1750

Part saved in : 0x7fff56626860
STATTYPE,LOOP,CATEGORY,n,sum,T0,T1,T2,T3,T4,T5,T6,T7,T8,T9,T10,T11,T12,T13,T14,T15,T16,T17,T18,T19,T20,T21,T22,T23,T24,T25,T26,T27,T28,T29,T30,T31,T32,T33,T34,T35,T36,T37,T38,T39,T40,T41,T42,T43,T44,T45,T46,T47,T48,T49,T50,T51,T52,T53,T54,T55,T56,T57,T58,T59,T60,T61,T62,T63,T64,T65,T66,T67,T68,T69,T70,T71,T72,T73,T74,T75,T76,T77,T78,T79,T80,T81,T82,T83,T84,T85,T86,T87,T88,T89,T90,T91,T92,T93,T94,T95,T96,T97,T98
STAT,(NULL),Coarsen,99,2490,2490,0,0,0,0,0,0,0,0,0,0,0,0,0,0,0,0,0,0,0,0,0,0,0,0,0,0,0,0,0,0,0,0,0,0,0,0,0,0,0,0,0,0,0,0,0,0,0,0,0,0,0,0,0,0,0,0,0,0,0,0,0,0,0,0,0,0,0,0,0,0,0,0,0,0,0,0,0,0,0,0,0,0,0,0,0,0,0,0,0,0,0,0,0,0,0,0,0,0
STAT,(NULL),Conflicts,99,0,0,0,0,0,0,0,0,0,0,0,0,0,0,0,0,0,0,0,0,0,0,0,0,0,0,0,0,0,0,0,0,0,0,0,0,0,0,0,0,0,0,0,0,0,0,0,0,0,0,0,0,0,0,0,0,0,0,0,0,0,0,0,0,0,0,0,0,0,0,0,0,0,0,0,0,0,0,0,0,0,0,0,0,0,0,0,0,0,0,0,0,0,0,0,0,0,0,0,0
STAT,(NULL),Iterations,99,31,5,0,0,0,0,1,0,0,0,0,0,0,0,0,0,0,2,1,0,0,0,0,0,0,0,1,0,0,0,0,2,0,0,0,0,0,2,0,0,0,0,0,0,0,0,0,0,1,0,0,1,1,0,3,0,0,3,0,0,0,0,0,0,0,0,0,0,0,0,0,0,0,0,0,0,0,0,1,0,0,0,0,0,0,1,0,0,0,0,0,0,0,2,0,4,0,0,0,0
STAT,(NULL),MeminfoPost,99,756337,7634,7665,7647,7637,7635,7661,7728,7626,7621,7651,7673,7644,7627,7627,7665,7620,7633,7640,7665,7632,7636,7655,7701,7674,7619,7642,7646,7661,7654,7615,7649,7641,7624,7643,7637,7686,7630,7656,7635,7633,7622,7631,7625,7657,7628,7630,7611,7629,7641,7676,7623,7640,7627,7601,7641,7656,7652,7632,7632,7623,7618,7611,7634,7614,7655,7685,7650,7629,7632,7613,7648,7652,7626,7632,7620,7617,7626,7624,7685,7682,7625,7616,7643,7689,7668,7651,7639,7624,7627,7604,7622,7640,7595,7621,7636,7620,7643,7643,7633
STAT,(NULL),MeminfoPre,99,189067,1904,1935,1917,1907,1905,1931,1998,1896,1891,1921,1943,1914,1897,1897,1935,1890,1903,1910,1935,1902,1906,1925,1971,1944,1889,1912,1916,1931,1924,1885,1919,1911,1894,1913,1907,1956,1900,1926,1905,1903,1892,1901,1895,1927,1898,1900,1881,1899,1911,1946,1893,1910,1897,1871,1911,1926,1922,1902,1902,1893,1888,1881,1904,1884,1925,1955,1920,1899,1902,1883,1918,1922,1896,1902,1890,1887,1896,1894,1955,1952,1895,1886,1913,1959,1938,1921,1909,1894,1897,1874,1892,1910,1865,1891,1906,1890,1913,1913,1903
STAT,(NULL),Partition,99,357,357,0,0,0,0,0,0,0,0,0,0,0,0,0,0,0,0,0,0,0,0,0,0,0,0,0,0,0,0,0,0,0,0,0,0,0,0,0,0,0,0,0,0,0,0,0,0,0,0,0,0,0,0,0,0,0,0,0,0,0,0,0,0,0,0,0,0,0,0,0,0,0,0,0,0,0,0,0,0,0,0,0,0,0,0,0,0,0,0,0,0,0,0,0,0,0,0,0,0
STAT,(NULL),Refine,99,1204,1204,0,0,0,0,0,0,0,0,0,0,0,0,0,0,0,0,0,0,0,0,0,0,0,0,0,0,0,0,0,0,0,0,0,0,0,0,0,0,0,0,0,0,0,0,0,0,0,0,0,0,0,0,0,0,0,0,0,0,0,0,0,0,0,0,0,0,0,0,0,0,0,0,0,0,0,0,0,0,0,0,0,0,0,0,0,0,0,0,0,0,0,0,0,0,0,0,0,0
STAT,(NULL),Threads,99,99,99,0,0,0,0,0,0,0,0,0,0,0,0,0,0,0,0,0,0,0,0,0,0,0,0,0,0,0,0,0,0,0,0,0,0,0,0,0,0,0,0,0,0,0,0,0,0,0,0,0,0,0,0,0,0,0,0,0,0,0,0,0,0,0,0,0,0,0,0,0,0,0,0,0,0,0,0,0,0,0,0,0,0,0,0,0,0,0,0,0,0,0,0,0,0,0,0,0,0
STAT,(NULL),Time,99,4225,4225,0,0,0,0,0,0,0,0,0,0,0,0,0,0,0,0,0,0,0,0,0,0,0,0,0,0,0,0,0,0,0,0,0,0,0,0,0,0,0,0,0,0,0,0,0,0,0,0,0,0,0,0,0,0,0,0,0,0,0,0,0,0,0,0,0,0,0,0,0,0,0,0,0,0,0,0,0,0,0,0,0,0,0,0,0,0,0,0,0,0,0,0,0,0,0,0,0,0
STAT,match,Conflicts,99,6126,123,102,113,92,96,95,86,81,106,96,89,89,80,79,82,74,56,74,89,66,67,71,73,80,77,80,71,69,93,85,55,67,74,61,65,56,71,49,45,43,53,50,42,51,44,45,60,53,49,54,56,51,50,40,60,59,48,54,50,51,56,46,49,50,63,50,46,50,43,47,64,53,56,34,42,39,49,34,47,42,49,48,52,72,65,63,57,56,32,72,64,43,56,58,51,47,45,60,36
STAT,match,Iterations,99,15019642,116883,123851,125441,133970,125222,130554,121518,141725,111469,129809,129547,135158,136442,148818,135407,136113,159131,130979,119019,158407,153752,152590,137080,132092,125007,146558,133089,130308,130157,152785,130820,153149,147332,133387,151529,139670,149027,151691,166169,178035,158795,159638,172879,173996,169700,167443,150735,166739,165639,143818,163627,163264,182947,178418,161069,165331,177189,161636,164987,177920,157613,153758,164261,166380,160985,142007,159468,176007,164254,159817,148749,173493,157280,172866,163044,164308,164534,148476,161502,160441,161949,162435,143978,126935,138432,161181,143159,154695,170720,150281,155162,143179,170537,161737,162287,158429,139195,156847,169801
STAT,popedge,Conflicts,99,0,0,0,0,0,0,0,0,0,0,0,0,0,0,0,0,0,0,0,0,0,0,0,0,0,0,0,0,0,0,0,0,0,0,0,0,0,0,0,0,0,0,0,0,0,0,0,0,0,0,0,0,0,0,0,0,0,0,0,0,0,0,0,0,0,0,0,0,0,0,0,0,0,0,0,0,0,0,0,0,0,0,0,0,0,0,0,0,0,0,0,0,0,0,0,0,0,0,0,0
STAT,popedge,Iterations,99,7364446,72579,71578,71968,72773,72790,70569,69732,73907,75116,71792,69628,74761,73888,71934,73785,75832,69916,73348,71221,70484,71121,70867,72842,73962,75892,74472,73300,70588,76901,73854,63857,74878,75230,67931,70234,66219,68646,65722,74338,73378,80615,81165,79709,78171,78535,78587,83473,78954,77622,80389,86231,82406,82559,83610,82137,81571,80533,83393,83323,84958,86071,72098,68714,69051,70084,72144,70685,66563,71014,71205,69977,68690,72434,74816,70988,72319,72879,72898,72500,70614,70092,72337,71596,77922,78668,75449,74832,75687,72745,79815,78004,67785,77269,74573,75918,71127,76893,73301,74915
STAT,refine,Conflicts,99,4524,147,145,137,121,115,125,108,101,85,82,88,94,79,86,87,78,56,71,68,53,55,60,73,58,60,52,52,55,58,48,50,53,30,15,46,36,57,37,27,45,32,38,43,44,50,36,33,33,47,42,17,33,36,34,36,46,25,39,15,29,23,20,20,24,30,24,35,22,29,7,21,31,24,17,22,28,24,32,22,26,26,26,16,30,26,16,21,17,17,25,22,29,39,14,18,20,27,33,20
STAT,refine,Iterations,99,36338,445,500,461,478,473,489,554,542,272,393,385,465,433,478,464,462,367,383,293,323,373,303,414,494,378,344,310,283,301,244,309,374,260,207,220,380,424,293,305,404,258,324,326,616,412,453,368,407,415,578,204,196,340,329,292,692,255,466,309,539,455,314,351,297,350,453,445,273,302,196,381,413,430,367,408,369,356,377,432,357,378,310,259,299,455,316,381,283,361,182,200,243,381,281,328,197,306,492,301
