Hello from MIC
Galois Benchmark Suite v2.2.0 (r0)
Copyright (C) 2013 The University of Texas at Austin
http://iss.ices.utexas.edu/galois/

application: GMetis
Partitions a graph into K parts and minimizing the graph cut
http://iss.ices.utexas.edu/?p=projects/galois/benchmarks/gMetis

INFO: CommandLine /work/02556/dpereira/MIC/apps/gmetis/gmetis -t=91 /work/02556/dpereira/Inputs/USA-road-d.W.gr 128
INFO: Hostname c557-903-mic0.stampede.tacc.utexas.edu
Created Graph with 6262104 nodes and 15248146 edges
Nodes 6262104| Edges 15248146 7624073

  Starting coarsening: 
Time coarsen:  2314 Size of final graph: 3079

  Sarting initial partitioning using GGGP:
Size in decade percentages:  -1,6 -0,118 1,4
Time clustering:  410

  Sarting refinnement with BKL2
Initial dist
Size in decade percentages:  -1,6 -0,118 1,4
Refined dist
Size in decade percentages:  -1,46 -0,37 1,45
Time refinement:  958


Time:  3858
Total edge cut : 7702

Part saved in : 0x7fff45cf54e0
STATTYPE,LOOP,CATEGORY,n,sum,T0,T1,T2,T3,T4,T5,T6,T7,T8,T9,T10,T11,T12,T13,T14,T15,T16,T17,T18,T19,T20,T21,T22,T23,T24,T25,T26,T27,T28,T29,T30,T31,T32,T33,T34,T35,T36,T37,T38,T39,T40,T41,T42,T43,T44,T45,T46,T47,T48,T49,T50,T51,T52,T53,T54,T55,T56,T57,T58,T59,T60,T61,T62,T63,T64,T65,T66,T67,T68,T69,T70,T71,T72,T73,T74,T75,T76,T77,T78,T79,T80,T81,T82,T83,T84,T85,T86,T87,T88,T89,T90
STAT,(NULL),Coarsen,91,2314,2314,0,0,0,0,0,0,0,0,0,0,0,0,0,0,0,0,0,0,0,0,0,0,0,0,0,0,0,0,0,0,0,0,0,0,0,0,0,0,0,0,0,0,0,0,0,0,0,0,0,0,0,0,0,0,0,0,0,0,0,0,0,0,0,0,0,0,0,0,0,0,0,0,0,0,0,0,0,0,0,0,0,0,0,0,0,0,0,0,0,0
STAT,(NULL),Conflicts,91,0,0,0,0,0,0,0,0,0,0,0,0,0,0,0,0,0,0,0,0,0,0,0,0,0,0,0,0,0,0,0,0,0,0,0,0,0,0,0,0,0,0,0,0,0,0,0,0,0,0,0,0,0,0,0,0,0,0,0,0,0,0,0,0,0,0,0,0,0,0,0,0,0,0,0,0,0,0,0,0,0,0,0,0,0,0,0,0,0,0,0,0
STAT,(NULL),Iterations,91,255,8,0,0,2,4,3,1,2,1,2,0,2,3,3,4,2,5,1,0,0,2,0,11,0,0,3,1,0,1,5,4,18,7,9,4,2,3,2,2,6,3,4,4,1,3,7,2,4,2,1,2,5,4,3,2,1,7,3,3,2,1,3,2,0,2,5,4,2,2,1,5,3,3,3,7,4,0,0,2,2,1,1,0,6,0,0,0,2,1,4,3
STAT,(NULL),MeminfoPost,91,756497,8306,8340,8320,8303,8328,8382,8328,8306,8316,8333,8325,8301,8307,8326,8291,8315,8334,8317,8309,8312,8358,8375,8292,8312,8337,8325,8306,8301,8335,8294,8306,8321,8350,8309,8330,8312,8299,8312,8275,8319,8323,8297,8287,8299,8310,8350,8293,8325,8281,8285,8327,8332,8311,8304,8291,8288,8287,8305,8281,8356,8360,8296,8316,8273,8313,8337,8298,8304,8290,8291,8296,8315,8368,8331,8288,8301,8358,8350,8329,8310,8303,8283,8288,8312,8281,8281,8304,8287,8311,8318,8306
STAT,(NULL),MeminfoPre,91,189112,2071,2105,2085,2068,2093,2147,2093,2071,2081,2098,2090,2066,2072,2091,2056,2080,2099,2082,2074,2077,2123,2140,2057,2077,2102,2090,2071,2066,2100,2059,2071,2086,2115,2074,2095,2077,2064,2077,2040,2084,2088,2062,2052,2064,2075,2115,2058,2090,2046,2050,2092,2097,2076,2069,2056,2053,2052,2070,2046,2121,2125,2061,2081,2038,2078,2102,2063,2069,2055,2056,2061,2080,2133,2096,2053,2066,2123,2115,2094,2075,2068,2048,2053,2077,2046,2046,2069,2052,2076,2083,2071
STAT,(NULL),Partition,91,410,410,0,0,0,0,0,0,0,0,0,0,0,0,0,0,0,0,0,0,0,0,0,0,0,0,0,0,0,0,0,0,0,0,0,0,0,0,0,0,0,0,0,0,0,0,0,0,0,0,0,0,0,0,0,0,0,0,0,0,0,0,0,0,0,0,0,0,0,0,0,0,0,0,0,0,0,0,0,0,0,0,0,0,0,0,0,0,0,0,0,0
STAT,(NULL),Refine,91,958,958,0,0,0,0,0,0,0,0,0,0,0,0,0,0,0,0,0,0,0,0,0,0,0,0,0,0,0,0,0,0,0,0,0,0,0,0,0,0,0,0,0,0,0,0,0,0,0,0,0,0,0,0,0,0,0,0,0,0,0,0,0,0,0,0,0,0,0,0,0,0,0,0,0,0,0,0,0,0,0,0,0,0,0,0,0,0,0,0,0,0
STAT,(NULL),Threads,91,91,91,0,0,0,0,0,0,0,0,0,0,0,0,0,0,0,0,0,0,0,0,0,0,0,0,0,0,0,0,0,0,0,0,0,0,0,0,0,0,0,0,0,0,0,0,0,0,0,0,0,0,0,0,0,0,0,0,0,0,0,0,0,0,0,0,0,0,0,0,0,0,0,0,0,0,0,0,0,0,0,0,0,0,0,0,0,0,0,0,0,0
STAT,(NULL),Time,91,3858,3858,0,0,0,0,0,0,0,0,0,0,0,0,0,0,0,0,0,0,0,0,0,0,0,0,0,0,0,0,0,0,0,0,0,0,0,0,0,0,0,0,0,0,0,0,0,0,0,0,0,0,0,0,0,0,0,0,0,0,0,0,0,0,0,0,0,0,0,0,0,0,0,0,0,0,0,0,0,0,0,0,0,0,0,0,0,0,0,0,0,0
STAT,match,Conflicts,91,6191,151,139,87,108,112,100,91,86,82,103,97,88,84,89,96,84,89,102,93,91,98,81,91,66,72,82,93,85,96,83,51,41,57,50,37,39,58,58,44,49,52,65,58,55,47,57,41,59,52,45,58,62,66,63,39,67,44,44,62,70,62,70,59,41,48,70,46,55,43,61,58,64,66,47,43,46,58,68,77,61,59,52,54,53,54,56,61,62,63,81,44
STAT,match,Iterations,91,15003165,119659,139657,118217,137442,130221,139267,146787,148937,142339,127833,137078,144692,135916,138511,142730,145204,125555,149686,160535,160431,149408,145771,165905,162858,166218,155566,147598,156479,152337,167651,187667,182420,159955,172897,188313,189755,171776,168723,191325,190944,175137,177921,177071,183718,179236,154882,208926,174909,186254,196796,178080,160492,178033,172806,193402,170770,207651,180106,169118,136883,170030,164853,178894,171581,168186,159456,178357,169996,190947,155411,161470,161451,155424,165984,173918,172462,152755,152605,157503,184339,166539,193182,159544,201310,172679,192983,170508,163640,169426,155168,186110
STAT,popedge,Conflicts,91,0,0,0,0,0,0,0,0,0,0,0,0,0,0,0,0,0,0,0,0,0,0,0,0,0,0,0,0,0,0,0,0,0,0,0,0,0,0,0,0,0,0,0,0,0,0,0,0,0,0,0,0,0,0,0,0,0,0,0,0,0,0,0,0,0,0,0,0,0,0,0,0,0,0,0,0,0,0,0,0,0,0,0,0,0,0,0,0,0,0,0,0
STAT,popedge,Iterations,91,7354536,78985,78005,71890,77075,77312,76099,75894,77802,76630,76231,79082,76714,76886,78700,79063,78063,79154,78302,79052,79882,79374,74401,77120,78599,76870,77825,79607,82039,79778,79888,83455,84719,81473,80541,82750,82583,84100,88037,89289,81637,82282,86877,85896,85042,84615,85629,87575,89078,93073,88445,89835,88576,89916,88051,89715,90592,85191,87861,92458,89600,87433,77789,69936,69273,75558,71966,74600,75321,73489,76971,74682,74234,72616,76740,75322,75513,80057,80927,80507,79119,81643,79688,83645,79253,82263,78063,79998,85728,82829,81439,82721
STAT,refine,Conflicts,91,4095,116,123,110,126,98,98,87,96,79,78,80,73,76,67,75,68,51,55,55,67,56,44,65,52,55,53,59,61,51,60,52,53,39,36,40,40,38,28,30,52,49,38,34,22,34,37,23,35,30,40,35,39,37,30,35,38,39,36,36,29,37,25,27,19,22,21,25,18,24,28,24,24,17,28,16,30,18,19,25,29,35,23,20,27,24,27,28,27,21,21,28
STAT,refine,Iterations,91,130139,1388,1820,1142,1240,1231,1583,1480,1096,1211,1083,1176,1271,1346,1087,1315,1430,1717,1176,1244,1422,1401,1757,1108,1276,1411,1268,1268,1433,1201,1539,1794,1788,1932,1500,1708,1514,1683,2014,1257,1877,1426,1601,1456,1627,1752,1925,1632,2007,1213,1520,1693,1926,1717,1457,1696,1581,1492,1427,1267,1387,2160,1454,1555,1055,1132,1136,1413,1295,1071,1342,1033,1200,1513,1512,1027,1381,1600,1605,1133,1465,1373,1324,1242,1026,1208,1142,1216,1392,1421,1160,1564
