Hello from MIC
Galois Benchmark Suite v2.2.0 (r0)
Copyright (C) 2013 The University of Texas at Austin
http://iss.ices.utexas.edu/galois/

application: GMetis
Partitions a graph into K parts and minimizing the graph cut
http://iss.ices.utexas.edu/?p=projects/galois/benchmarks/gMetis

INFO: CommandLine /work/02556/dpereira/MIC/apps/gmetis/gmetis -t=83 /work/02556/dpereira/Inputs/USA-road-d.W.gr 16
INFO: Hostname c557-903-mic0.stampede.tacc.utexas.edu
Created Graph with 6262104 nodes and 15248146 edges
Nodes 6262104| Edges 15248146 7624073

  Starting coarsening: 
Time coarsen:  2472 Size of final graph: 438

  Sarting initial partitioning using GGGP:
Size in decade percentages:  -0,15 1,1
Time clustering:  366

  Sarting refinnement with BKL2
Initial dist
Size in decade percentages:  -0,15 1,1
Refined dist
Size in decade percentages:  -1,6 -0,4 1,6
Time refinement:  1009


Time:  4022
Total edge cut : 1636

Part saved in : 0x7fffcef5aee0
STATTYPE,LOOP,CATEGORY,n,sum,T0,T1,T2,T3,T4,T5,T6,T7,T8,T9,T10,T11,T12,T13,T14,T15,T16,T17,T18,T19,T20,T21,T22,T23,T24,T25,T26,T27,T28,T29,T30,T31,T32,T33,T34,T35,T36,T37,T38,T39,T40,T41,T42,T43,T44,T45,T46,T47,T48,T49,T50,T51,T52,T53,T54,T55,T56,T57,T58,T59,T60,T61,T62,T63,T64,T65,T66,T67,T68,T69,T70,T71,T72,T73,T74,T75,T76,T77,T78,T79,T80,T81,T82
STAT,(NULL),Coarsen,83,2472,2472,0,0,0,0,0,0,0,0,0,0,0,0,0,0,0,0,0,0,0,0,0,0,0,0,0,0,0,0,0,0,0,0,0,0,0,0,0,0,0,0,0,0,0,0,0,0,0,0,0,0,0,0,0,0,0,0,0,0,0,0,0,0,0,0,0,0,0,0,0,0,0,0,0,0,0,0,0,0,0,0,0,0
STAT,(NULL),Conflicts,83,0,0,0,0,0,0,0,0,0,0,0,0,0,0,0,0,0,0,0,0,0,0,0,0,0,0,0,0,0,0,0,0,0,0,0,0,0,0,0,0,0,0,0,0,0,0,0,0,0,0,0,0,0,0,0,0,0,0,0,0,0,0,0,0,0,0,0,0,0,0,0,0,0,0,0,0,0,0,0,0,0,0,0,0
STAT,(NULL),Iterations,83,31,5,0,0,0,0,0,0,0,2,0,0,0,0,0,0,0,0,0,0,0,0,0,0,0,1,0,0,0,0,0,1,0,1,2,0,2,4,3,0,0,0,0,0,3,0,0,0,1,0,0,1,0,0,0,0,0,1,0,0,0,0,0,2,0,0,0,0,0,0,0,0,1,0,0,0,0,0,0,0,0,0,0,1
STAT,(NULL),MeminfoPost,83,756292,9113,9136,9117,9111,9121,9201,9091,9107,9133,9129,9097,9115,9120,9090,9115,9139,9120,9097,9140,9188,9092,9111,9136,9125,9099,9113,9115,9094,9121,9141,9116,9128,9108,9095,9105,9086,9131,9098,9087,9084,9111,9155,9088,9118,9072,9100,9132,9122,9094,9104,9085,9083,9100,9085,9167,9142,9091,9096,9095,9128,9110,9098,9090,9077,9096,9145,9168,9094,9086,9144,9152,9144,9106,9092,9087,9076,9115,9061,9079,9109,9110,9113,9107
STAT,(NULL),MeminfoPre,83,189070,2279,2302,2283,2277,2287,2367,2257,2273,2299,2295,2263,2281,2286,2256,2281,2305,2286,2263,2306,2354,2258,2277,2302,2291,2265,2279,2281,2260,2287,2307,2282,2294,2274,2261,2271,2252,2297,2264,2253,2250,2277,2321,2254,2284,2238,2266,2298,2288,2260,2270,2251,2249,2266,2251,2333,2308,2257,2262,2261,2294,2276,2264,2256,2243,2262,2311,2334,2260,2252,2310,2318,2310,2272,2258,2253,2242,2281,2227,2245,2275,2276,2279,2273
STAT,(NULL),Partition,83,366,366,0,0,0,0,0,0,0,0,0,0,0,0,0,0,0,0,0,0,0,0,0,0,0,0,0,0,0,0,0,0,0,0,0,0,0,0,0,0,0,0,0,0,0,0,0,0,0,0,0,0,0,0,0,0,0,0,0,0,0,0,0,0,0,0,0,0,0,0,0,0,0,0,0,0,0,0,0,0,0,0,0,0
STAT,(NULL),Refine,83,1009,1009,0,0,0,0,0,0,0,0,0,0,0,0,0,0,0,0,0,0,0,0,0,0,0,0,0,0,0,0,0,0,0,0,0,0,0,0,0,0,0,0,0,0,0,0,0,0,0,0,0,0,0,0,0,0,0,0,0,0,0,0,0,0,0,0,0,0,0,0,0,0,0,0,0,0,0,0,0,0,0,0,0,0
STAT,(NULL),Threads,83,83,83,0,0,0,0,0,0,0,0,0,0,0,0,0,0,0,0,0,0,0,0,0,0,0,0,0,0,0,0,0,0,0,0,0,0,0,0,0,0,0,0,0,0,0,0,0,0,0,0,0,0,0,0,0,0,0,0,0,0,0,0,0,0,0,0,0,0,0,0,0,0,0,0,0,0,0,0,0,0,0,0,0,0
STAT,(NULL),Time,83,4022,4022,0,0,0,0,0,0,0,0,0,0,0,0,0,0,0,0,0,0,0,0,0,0,0,0,0,0,0,0,0,0,0,0,0,0,0,0,0,0,0,0,0,0,0,0,0,0,0,0,0,0,0,0,0,0,0,0,0,0,0,0,0,0,0,0,0,0,0,0,0,0,0,0,0,0,0,0,0,0,0,0,0,0
STAT,match,Conflicts,83,6081,173,144,154,127,123,99,129,102,114,113,96,91,116,129,115,107,116,127,99,94,89,82,59,67,73,51,77,77,60,60,49,51,49,45,50,51,63,50,58,56,48,44,53,55,53,52,53,47,54,61,57,54,56,49,66,49,59,50,61,63,41,63,65,60,68,50,50,57,53,69,68,51,54,80,58,68,73,67,58,64,69,63,63
STAT,match,Iterations,83,15013292,139802,145785,145664,157822,143870,144101,155347,161326,157462,156714,166587,164529,161637,157167,156412,149573,167019,161789,150616,161921,183576,171093,194978,192308,204543,195492,196759,182742,172145,173966,207688,187774,210207,198633,194416,196088,194228,207263,200770,200476,198379,193648,200133,197322,204175,204866,175932,195423,187800,194154,199829,189979,198259,200194,182517,184748,181130,200405,183504,187052,188392,174194,159427,173908,178383,172255,174851,178761,183893,169815,181938,195116,189987,186221,204310,194516,174570,177120,193530,177126,183714,195263,176265
STAT,popedge,Conflicts,83,0,0,0,0,0,0,0,0,0,0,0,0,0,0,0,0,0,0,0,0,0,0,0,0,0,0,0,0,0,0,0,0,0,0,0,0,0,0,0,0,0,0,0,0,0,0,0,0,0,0,0,0,0,0,0,0,0,0,0,0,0,0,0,0,0,0,0,0,0,0,0,0,0,0,0,0,0,0,0,0,0,0,0,0
STAT,popedge,Iterations,83,7363212,85992,81774,84619,84498,83533,77249,82237,81876,79573,84859,85708,86669,87574,89733,87543,85046,86860,86745,88354,83926,86846,83393,91797,86323,92570,92502,96825,96998,86617,88490,91582,87260,89352,88907,94130,95858,88242,93338,96063,94145,90905,92844,97894,99362,101019,94571,99038,93530,100857,97806,96898,96451,93415,95583,90691,90448,98064,94173,92637,92169,91459,80088,81035,82324,81573,78158,75686,77640,78472,80548,85934,87223,88240,87454,88669,84727,84885,89945,88665,87541,83872,86014,89099
STAT,refine,Conflicts,83,4020,137,138,130,118,114,105,100,96,88,85,92,90,78,72,81,69,56,67,57,73,47,70,53,51,61,54,49,55,60,53,40,30,45,37,43,27,30,52,35,33,35,26,25,46,37,33,52,32,42,37,41,29,38,26,34,22,48,35,37,42,26,19,29,16,35,22,19,14,19,30,18,34,31,20,29,18,24,10,27,22,30,21,19
STAT,refine,Iterations,83,36106,515,511,624,607,438,579,417,447,331,334,461,395,431,394,436,295,457,583,347,696,361,471,346,256,348,224,401,359,604,427,501,325,358,402,720,354,607,733,425,724,423,354,413,720,324,364,675,559,653,385,541,634,582,303,319,241,447,420,262,511,473,345,354,463,446,270,330,253,322,378,245,407,331,418,360,334,251,281,494,359,740,429,449
