Hello from MIC
Galois Benchmark Suite v2.2.0 (r0)
Copyright (C) 2013 The University of Texas at Austin
http://iss.ices.utexas.edu/galois/

application: GMetis
Partitions a graph into K parts and minimizing the graph cut
http://iss.ices.utexas.edu/?p=projects/galois/benchmarks/gMetis

INFO: CommandLine /work/02556/dpereira/MIC/apps/gmetis/gmetis -t=93 /work/02556/dpereira/Inputs/USA-road-d.W.gr 16
INFO: Hostname c557-903-mic0.stampede.tacc.utexas.edu
Created Graph with 6262104 nodes and 15248146 edges
Nodes 6262104| Edges 15248146 7624073

  Starting coarsening: 
Time coarsen:  2431 Size of final graph: 436

  Sarting initial partitioning using GGGP:
Size in decade percentages:  -1,1 -0,14 1,1
Time clustering:  363

  Sarting refinnement with BKL2
Initial dist
Size in decade percentages:  -1,1 -0,14 1,1
Refined dist
Size in decade percentages:  -1,4 -0,9 1,3
Time refinement:  1017


Time:  3987
Total edge cut : 1839

Part saved in : 0x7fff67717760
STATTYPE,LOOP,CATEGORY,n,sum,T0,T1,T2,T3,T4,T5,T6,T7,T8,T9,T10,T11,T12,T13,T14,T15,T16,T17,T18,T19,T20,T21,T22,T23,T24,T25,T26,T27,T28,T29,T30,T31,T32,T33,T34,T35,T36,T37,T38,T39,T40,T41,T42,T43,T44,T45,T46,T47,T48,T49,T50,T51,T52,T53,T54,T55,T56,T57,T58,T59,T60,T61,T62,T63,T64,T65,T66,T67,T68,T69,T70,T71,T72,T73,T74,T75,T76,T77,T78,T79,T80,T81,T82,T83,T84,T85,T86,T87,T88,T89,T90,T91,T92
STAT,(NULL),Coarsen,93,2431,2431,0,0,0,0,0,0,0,0,0,0,0,0,0,0,0,0,0,0,0,0,0,0,0,0,0,0,0,0,0,0,0,0,0,0,0,0,0,0,0,0,0,0,0,0,0,0,0,0,0,0,0,0,0,0,0,0,0,0,0,0,0,0,0,0,0,0,0,0,0,0,0,0,0,0,0,0,0,0,0,0,0,0,0,0,0,0,0,0,0,0,0,0
STAT,(NULL),Conflicts,93,0,0,0,0,0,0,0,0,0,0,0,0,0,0,0,0,0,0,0,0,0,0,0,0,0,0,0,0,0,0,0,0,0,0,0,0,0,0,0,0,0,0,0,0,0,0,0,0,0,0,0,0,0,0,0,0,0,0,0,0,0,0,0,0,0,0,0,0,0,0,0,0,0,0,0,0,0,0,0,0,0,0,0,0,0,0,0,0,0,0,0,0,0,0
STAT,(NULL),Iterations,93,31,6,0,0,2,0,0,0,0,0,0,0,0,2,0,2,0,0,0,0,0,0,0,0,0,0,0,0,0,0,0,1,0,0,0,2,0,0,0,3,0,0,0,0,1,0,1,0,0,0,0,0,1,0,0,0,4,0,3,1,0,0,0,0,0,0,0,0,0,0,0,1,0,0,1,0,0,0,0,0,0,0,0,0,0,0,0,0,0,0,0,0,0,0
STAT,(NULL),MeminfoPost,93,756620,8128,8163,8146,8129,8137,8196,8172,8121,8129,8165,8145,8130,8125,8155,8119,8130,8142,8149,8148,8126,8151,8209,8136,8120,8145,8160,8147,8123,8134,8139,8122,8141,8134,8175,8132,8145,8139,8119,8134,8102,8148,8135,8123,8109,8120,8135,8173,8118,8144,8108,8103,8143,8155,8143,8115,8130,8114,8102,8113,8128,8141,8187,8146,8132,8110,8118,8152,8141,8126,8120,8101,8112,8118,8181,8183,8124,8114,8136,8189,8173,8126,8136,8127,8118,8098,8150,8090,8109,8126,8116,8131,8140,8128
STAT,(NULL),MeminfoPre,93,189134,2026,2061,2044,2027,2035,2094,2070,2019,2027,2063,2043,2028,2023,2053,2017,2028,2040,2047,2046,2024,2049,2107,2034,2018,2043,2058,2045,2021,2032,2037,2020,2039,2032,2073,2030,2043,2037,2017,2032,2000,2046,2033,2021,2007,2018,2033,2071,2016,2042,2006,2001,2041,2053,2041,2013,2028,2012,2000,2011,2026,2039,2085,2044,2030,2008,2016,2050,2039,2024,2018,1999,2010,2016,2079,2081,2022,2012,2034,2087,2071,2024,2034,2025,2016,1996,2048,1988,2007,2024,2014,2029,2038,2026
STAT,(NULL),Partition,93,363,363,0,0,0,0,0,0,0,0,0,0,0,0,0,0,0,0,0,0,0,0,0,0,0,0,0,0,0,0,0,0,0,0,0,0,0,0,0,0,0,0,0,0,0,0,0,0,0,0,0,0,0,0,0,0,0,0,0,0,0,0,0,0,0,0,0,0,0,0,0,0,0,0,0,0,0,0,0,0,0,0,0,0,0,0,0,0,0,0,0,0,0,0
STAT,(NULL),Refine,93,1017,1017,0,0,0,0,0,0,0,0,0,0,0,0,0,0,0,0,0,0,0,0,0,0,0,0,0,0,0,0,0,0,0,0,0,0,0,0,0,0,0,0,0,0,0,0,0,0,0,0,0,0,0,0,0,0,0,0,0,0,0,0,0,0,0,0,0,0,0,0,0,0,0,0,0,0,0,0,0,0,0,0,0,0,0,0,0,0,0,0,0,0,0,0
STAT,(NULL),Threads,93,93,93,0,0,0,0,0,0,0,0,0,0,0,0,0,0,0,0,0,0,0,0,0,0,0,0,0,0,0,0,0,0,0,0,0,0,0,0,0,0,0,0,0,0,0,0,0,0,0,0,0,0,0,0,0,0,0,0,0,0,0,0,0,0,0,0,0,0,0,0,0,0,0,0,0,0,0,0,0,0,0,0,0,0,0,0,0,0,0,0,0,0,0,0
STAT,(NULL),Time,93,3987,3987,0,0,0,0,0,0,0,0,0,0,0,0,0,0,0,0,0,0,0,0,0,0,0,0,0,0,0,0,0,0,0,0,0,0,0,0,0,0,0,0,0,0,0,0,0,0,0,0,0,0,0,0,0,0,0,0,0,0,0,0,0,0,0,0,0,0,0,0,0,0,0,0,0,0,0,0,0,0,0,0,0,0,0,0,0,0,0,0,0,0,0,0
STAT,match,Conflicts,93,6254,124,101,91,95,106,106,96,105,82,75,97,104,83,94,103,78,63,96,112,92,84,92,69,98,86,85,81,88,90,81,64,67,47,44,45,48,35,45,56,48,51,48,63,48,56,48,47,45,48,58,52,59,40,55,47,41,52,59,57,49,47,50,49,50,49,76,58,73,41,51,39,59,65,49,58,60,64,31,68,87,75,57,71,52,70,56,72,72,76,83,62,51,54
STAT,match,Iterations,93,15006901,126810,138723,132787,146301,133558,131460,156369,146333,130106,150196,137507,157312,145517,160006,154768,151582,142359,142932,137738,162054,143399,152482,166132,166854,148725,140539,159576,160393,146177,163124,150012,158012,168409,162163,173756,171704,177303,175587,165371,178627,177262,179185,181065,182502,172312,177360,161073,193683,152635,176411,174579,158817,176090,177344,171477,187589,173808,175469,175539,179737,177345,158009,149473,168569,175300,148432,152077,165358,181285,158257,188351,164169,167081,152042,158434,168765,167407,179755,152290,138407,175792,164626,172274,177756,153345,170196,149913,182444,150815,150545,152271,156046,163372
STAT,popedge,Conflicts,93,0,0,0,0,0,0,0,0,0,0,0,0,0,0,0,0,0,0,0,0,0,0,0,0,0,0,0,0,0,0,0,0,0,0,0,0,0,0,0,0,0,0,0,0,0,0,0,0,0,0,0,0,0,0,0,0,0,0,0,0,0,0,0,0,0,0,0,0,0,0,0,0,0,0,0,0,0,0,0,0,0,0,0,0,0,0,0,0,0,0,0,0,0,0
STAT,popedge,Iterations,93,7356004,77084,73662,75579,78176,76714,75004,70439,75555,74812,74024,75783,75173,75899,72272,74721,76773,74854,78440,79651,78091,79791,76783,76655,78385,76088,77753,78333,77512,80206,79096,78247,72013,78664,82231,77500,80320,78261,79677,86160,83704,83584,81508,84545,80933,84108,82869,80856,86785,82036,91772,88693,89977,84072,83758,87100,86238,88588,89697,87555,85004,85393,72677,74319,74773,77814,77099,74273,70682,71801,74821,72800,74065,74808,74911,73224,74953,72985,74362,78031,83389,80399,81179,76851,82183,83138,76787,85574,78061,82996,85656,82329,80677,73231
STAT,refine,Conflicts,93,3970,124,121,115,105,98,106,114,88,84,72,73,78,82,73,82,59,53,55,51,57,46,49,61,47,45,61,70,45,40,51,54,32,38,27,35,33,40,36,25,31,27,32,22,36,21,41,31,26,27,37,41,31,33,36,31,21,17,33,27,41,35,18,25,28,34,24,19,17,33,21,20,20,26,35,35,32,25,21,24,24,27,23,24,20,22,21,19,25,19,17,16,30,24
STAT,refine,Iterations,93,38486,484,441,393,480,424,664,614,507,374,457,374,458,465,525,411,386,330,426,291,401,373,588,445,411,306,354,445,255,454,481,348,451,331,620,465,336,441,416,498,174,423,515,364,416,361,651,423,413,420,196,215,304,483,435,532,320,408,446,378,507,592,449,370,424,292,340,518,432,482,306,407,318,504,513,490,368,279,419,456,248,428,393,526,358,285,272,227,538,192,366,569,303,515
