Hello from MIC
Galois Benchmark Suite v2.2.0 (r0)
Copyright (C) 2013 The University of Texas at Austin
http://iss.ices.utexas.edu/galois/

application: GMetis
Partitions a graph into K parts and minimizing the graph cut
http://iss.ices.utexas.edu/?p=projects/galois/benchmarks/gMetis

INFO: CommandLine /work/02556/dpereira/MIC/apps/gmetis/gmetis -t=53 /work/02556/dpereira/Inputs/USA-road-d.W.gr 128
INFO: Hostname c557-901-mic0.stampede.tacc.utexas.edu
Created Graph with 6262104 nodes and 15248146 edges
Nodes 6262104| Edges 15248146 7624073

  Starting coarsening: 
Time coarsen:  2531 Size of final graph: 3020

  Sarting initial partitioning using GGGP:
Size in decade percentages:  -1,4 -0,122 1,2
Time clustering:  398

  Sarting refinnement with BKL2
Initial dist
Size in decade percentages:  -1,4 -0,122 1,2
Refined dist
Size in decade percentages:  -1,40 0,44 1,44
Time refinement:  712


Time:  3817
Total edge cut : 8223

Part saved in : 0x7fff3f621be0
STATTYPE,LOOP,CATEGORY,n,sum,T0,T1,T2,T3,T4,T5,T6,T7,T8,T9,T10,T11,T12,T13,T14,T15,T16,T17,T18,T19,T20,T21,T22,T23,T24,T25,T26,T27,T28,T29,T30,T31,T32,T33,T34,T35,T36,T37,T38,T39,T40,T41,T42,T43,T44,T45,T46,T47,T48,T49,T50,T51,T52
STAT,(NULL),Coarsen,53,2531,2531,0,0,0,0,0,0,0,0,0,0,0,0,0,0,0,0,0,0,0,0,0,0,0,0,0,0,0,0,0,0,0,0,0,0,0,0,0,0,0,0,0,0,0,0,0,0,0,0,0,0,0,0
STAT,(NULL),Conflicts,53,0,0,0,0,0,0,0,0,0,0,0,0,0,0,0,0,0,0,0,0,0,0,0,0,0,0,0,0,0,0,0,0,0,0,0,0,0,0,0,0,0,0,0,0,0,0,0,0,0,0,0,0,0,0
STAT,(NULL),Iterations,53,255,10,2,2,2,3,2,5,8,7,8,6,5,6,1,8,1,5,5,6,4,5,4,2,2,6,5,2,7,3,3,5,5,0,3,5,6,3,3,5,6,5,4,5,3,4,4,10,4,2,6,12,16,4
STAT,(NULL),MeminfoPost,53,756334,14290,14289,14268,14356,14250,14302,14267,14283,14248,14284,14279,14287,14345,14257,14304,14265,14282,14243,14287,14299,14286,14238,14247,14277,14240,14233,14318,14266,14208,14293,14276,14248,14222,14247,14293,14302,14249,14255,14273,14252,14218,14278,14338,14231,14329,14312,14252,14231,14266,14214,14226,14262,14269
STAT,(NULL),MeminfoPre,53,189075,3587,3586,3565,3653,3547,3599,3564,3580,3545,3581,3576,3584,3642,3554,3601,3562,3579,3540,3584,3596,3583,3535,3544,3574,3537,3530,3615,3563,3505,3590,3573,3545,3519,3544,3590,3599,3546,3552,3570,3549,3515,3575,3635,3528,3626,3609,3549,3528,3563,3511,3523,3559,3566
STAT,(NULL),Partition,53,398,398,0,0,0,0,0,0,0,0,0,0,0,0,0,0,0,0,0,0,0,0,0,0,0,0,0,0,0,0,0,0,0,0,0,0,0,0,0,0,0,0,0,0,0,0,0,0,0,0,0,0,0,0
STAT,(NULL),Refine,53,712,712,0,0,0,0,0,0,0,0,0,0,0,0,0,0,0,0,0,0,0,0,0,0,0,0,0,0,0,0,0,0,0,0,0,0,0,0,0,0,0,0,0,0,0,0,0,0,0,0,0,0,0,0
STAT,(NULL),Threads,53,53,53,0,0,0,0,0,0,0,0,0,0,0,0,0,0,0,0,0,0,0,0,0,0,0,0,0,0,0,0,0,0,0,0,0,0,0,0,0,0,0,0,0,0,0,0,0,0,0,0,0,0,0,0
STAT,(NULL),Time,53,3817,3817,0,0,0,0,0,0,0,0,0,0,0,0,0,0,0,0,0,0,0,0,0,0,0,0,0,0,0,0,0,0,0,0,0,0,0,0,0,0,0,0,0,0,0,0,0,0,0,0,0,0,0,0
STAT,match,Conflicts,53,5145,229,161,144,114,131,136,116,87,99,129,123,116,97,103,112,91,97,95,80,79,79,85,104,102,96,103,75,62,76,80,87,68,88,83,79,82,52,69,92,62,58,65,57,93,70,87,85,84,91,123,152,161,56
STAT,match,Iterations,53,14965262,261793,267954,266314,258319,277328,265088,283558,281660,281106,275065,278877,280558,258161,297899,281097,290505,296531,292722,269139,268006,272854,287054,288543,269039,265823,284012,263237,282921,295944,280273,277957,291464,297844,294135,293193,265441,290453,287727,282770,287417,286574,268792,272571,294290,290081,289890,299180,295944,302822,298423,308307,278725,289882
STAT,popedge,Conflicts,53,0,0,0,0,0,0,0,0,0,0,0,0,0,0,0,0,0,0,0,0,0,0,0,0,0,0,0,0,0,0,0,0,0,0,0,0,0,0,0,0,0,0,0,0,0,0,0,0,0,0,0,0,0,0
STAT,popedge,Iterations,53,7333666,135096,137647,140272,133568,140776,132237,138800,137308,141414,136255,137565,135132,134241,138363,130561,136808,140569,135909,125804,123951,126249,132104,134414,134795,123637,139947,135615,141232,145838,139127,138803,141964,142330,141098,139177,136987,139961,138436,136293,134624,141540,136168,131052,131556,139309,149088,150626,150959,146566,153428,148245,151307,148915
STAT,refine,Conflicts,53,3152,109,110,98,97,91,94,86,72,75,72,78,79,78,71,72,63,73,58,58,64,65,55,64,69,64,63,59,30,49,46,40,46,46,53,46,44,45,42,43,46,37,50,47,32,41,37,44,45,46,41,38,39,42
STAT,refine,Iterations,53,134531,2607,2495,2783,3232,3045,2909,2327,2740,2278,2222,2118,2348,3088,2731,2276,2150,2522,2196,2194,2888,2221,2364,2291,2390,2037,2209,2749,2638,2172,2583,2395,2159,2778,2592,2830,2397,2432,2724,2312,2480,2718,2877,2875,2418,3351,2346,2633,2444,2053,2209,2910,2975,2820
