Hello from MIC
Galois Benchmark Suite v2.2.0 (r0)
Copyright (C) 2013 The University of Texas at Austin
http://iss.ices.utexas.edu/galois/

application: GMetis
Partitions a graph into K parts and minimizing the graph cut
http://iss.ices.utexas.edu/?p=projects/galois/benchmarks/gMetis

INFO: CommandLine /work/02556/dpereira/MIC/apps/gmetis/gmetis -t=111 /work/02556/dpereira/Inputs/USA-road-d.W.gr 1024
INFO: Hostname c558-401-mic0.stampede.tacc.utexas.edu
Created Graph with 6262104 nodes and 15248146 edges
Nodes 6262104| Edges 15248146 7624073

  Starting coarsening: 
Time coarsen:  2064 Size of final graph: 21578

  Sarting initial partitioning using GGGP:
Size in decade percentages:  -1,76 -0,871 1,77
Time clustering:  910

  Sarting refinnement with BKL2
Initial dist
Size in decade percentages:  -1,76 -0,871 1,77
Refined dist
Size in decade percentages:  -1,360 0,286 1,377 4,1
Time refinement:  1118


Time:  4270
Total edge cut : 31640

Part saved in : 0x7fff95514b60
STATTYPE,LOOP,CATEGORY,n,sum,T0,T1,T2,T3,T4,T5,T6,T7,T8,T9,T10,T11,T12,T13,T14,T15,T16,T17,T18,T19,T20,T21,T22,T23,T24,T25,T26,T27,T28,T29,T30,T31,T32,T33,T34,T35,T36,T37,T38,T39,T40,T41,T42,T43,T44,T45,T46,T47,T48,T49,T50,T51,T52,T53,T54,T55,T56,T57,T58,T59,T60,T61,T62,T63,T64,T65,T66,T67,T68,T69,T70,T71,T72,T73,T74,T75,T76,T77,T78,T79,T80,T81,T82,T83,T84,T85,T86,T87,T88,T89,T90,T91,T92,T93,T94,T95,T96,T97,T98,T99,T100,T101,T102,T103,T104,T105,T106,T107,T108,T109,T110
STAT,(NULL),Coarsen,111,2064,2064,0,0,0,0,0,0,0,0,0,0,0,0,0,0,0,0,0,0,0,0,0,0,0,0,0,0,0,0,0,0,0,0,0,0,0,0,0,0,0,0,0,0,0,0,0,0,0,0,0,0,0,0,0,0,0,0,0,0,0,0,0,0,0,0,0,0,0,0,0,0,0,0,0,0,0,0,0,0,0,0,0,0,0,0,0,0,0,0,0,0,0,0,0,0,0,0,0,0,0,0,0,0,0,0,0,0,0,0,0,0
STAT,(NULL),Conflicts,111,0,0,0,0,0,0,0,0,0,0,0,0,0,0,0,0,0,0,0,0,0,0,0,0,0,0,0,0,0,0,0,0,0,0,0,0,0,0,0,0,0,0,0,0,0,0,0,0,0,0,0,0,0,0,0,0,0,0,0,0,0,0,0,0,0,0,0,0,0,0,0,0,0,0,0,0,0,0,0,0,0,0,0,0,0,0,0,0,0,0,0,0,0,0,0,0,0,0,0,0,0,0,0,0,0,0,0,0,0,0,0,0
STAT,(NULL),Iterations,111,2047,11,23,18,22,20,22,16,18,23,22,21,11,20,25,25,10,15,18,18,21,17,20,13,28,18,14,19,21,15,16,26,16,18,9,14,4,14,17,15,15,17,8,10,17,16,15,15,9,14,15,22,19,28,23,32,22,25,29,40,30,35,17,14,28,24,14,22,21,23,10,22,21,21,24,22,17,9,14,16,23,25,21,18,21,19,21,17,23,9,14,13,23,22,18,16,19,19,18,18,13,13,15,17,13,15,21,17,20,13,15,10
STAT,(NULL),MeminfoPost,111,756563,6817,6827,6835,6814,6801,6826,6855,6879,6804,6798,6828,6832,6827,6821,6797,6822,6828,6795,6810,6820,6830,6824,6817,6813,6833,6885,6826,6801,6811,6826,6838,6827,6805,6807,6824,6819,6800,6819,6817,6834,6833,6825,6818,6822,6803,6798,6811,6795,6830,6819,6802,6801,6794,6803,6824,6849,6803,6801,6828,6785,6796,6819,6835,6823,6810,6808,6802,6799,6786,6796,6815,6788,6846,6855,6831,6799,6820,6780,6814,6829,6821,6803,6810,6801,6784,6811,6791,6844,6857,6837,6796,6796,6816,6866,6837,6846,6798,6813,6809,6797,6790,6803,6816,6780,6798,6810,6789,6809,6820,6819,6809
STAT,(NULL),MeminfoPre,111,189131,1705,1715,1723,1702,1689,1714,1743,1767,1692,1686,1716,1720,1715,1709,1685,1710,1716,1683,1698,1708,1718,1712,1705,1701,1721,1773,1714,1689,1699,1714,1726,1715,1693,1695,1712,1707,1688,1707,1705,1722,1721,1713,1706,1710,1691,1686,1699,1683,1718,1707,1690,1689,1682,1691,1712,1737,1691,1689,1716,1673,1684,1707,1723,1711,1698,1696,1690,1687,1674,1684,1703,1676,1734,1743,1719,1687,1708,1668,1702,1717,1709,1691,1698,1689,1672,1699,1679,1732,1745,1725,1684,1684,1704,1754,1725,1734,1686,1701,1697,1685,1678,1691,1704,1668,1686,1698,1677,1697,1708,1707,1697
STAT,(NULL),Partition,111,910,910,0,0,0,0,0,0,0,0,0,0,0,0,0,0,0,0,0,0,0,0,0,0,0,0,0,0,0,0,0,0,0,0,0,0,0,0,0,0,0,0,0,0,0,0,0,0,0,0,0,0,0,0,0,0,0,0,0,0,0,0,0,0,0,0,0,0,0,0,0,0,0,0,0,0,0,0,0,0,0,0,0,0,0,0,0,0,0,0,0,0,0,0,0,0,0,0,0,0,0,0,0,0,0,0,0,0,0,0,0,0
STAT,(NULL),Refine,111,1118,1118,0,0,0,0,0,0,0,0,0,0,0,0,0,0,0,0,0,0,0,0,0,0,0,0,0,0,0,0,0,0,0,0,0,0,0,0,0,0,0,0,0,0,0,0,0,0,0,0,0,0,0,0,0,0,0,0,0,0,0,0,0,0,0,0,0,0,0,0,0,0,0,0,0,0,0,0,0,0,0,0,0,0,0,0,0,0,0,0,0,0,0,0,0,0,0,0,0,0,0,0,0,0,0,0,0,0,0,0,0,0
STAT,(NULL),Threads,111,111,111,0,0,0,0,0,0,0,0,0,0,0,0,0,0,0,0,0,0,0,0,0,0,0,0,0,0,0,0,0,0,0,0,0,0,0,0,0,0,0,0,0,0,0,0,0,0,0,0,0,0,0,0,0,0,0,0,0,0,0,0,0,0,0,0,0,0,0,0,0,0,0,0,0,0,0,0,0,0,0,0,0,0,0,0,0,0,0,0,0,0,0,0,0,0,0,0,0,0,0,0,0,0,0,0,0,0,0,0,0,0
STAT,(NULL),Time,111,4270,4270,0,0,0,0,0,0,0,0,0,0,0,0,0,0,0,0,0,0,0,0,0,0,0,0,0,0,0,0,0,0,0,0,0,0,0,0,0,0,0,0,0,0,0,0,0,0,0,0,0,0,0,0,0,0,0,0,0,0,0,0,0,0,0,0,0,0,0,0,0,0,0,0,0,0,0,0,0,0,0,0,0,0,0,0,0,0,0,0,0,0,0,0,0,0,0,0,0,0,0,0,0,0,0,0,0,0,0,0,0,0
STAT,match,Conflicts,111,5584,97,72,77,87,79,77,63,77,76,66,71,73,64,67,60,66,51,55,43,68,56,58,74,69,40,52,47,63,51,53,63,49,78,47,68,53,65,51,41,64,54,49,58,44,69,56,62,57,64,47,34,36,47,43,42,46,33,43,46,40,40,32,39,44,46,36,33,40,42,33,41,31,39,37,37,37,45,41,33,37,55,31,30,50,46,27,40,33,42,41,36,58,45,68,41,48,41,40,45,34,43,43,42,36,41,41,36,48,43,45,51
STAT,match,Iterations,111,14949349,101963,119090,117450,116220,106054,98244,112656,109452,108712,123686,95799,98994,114338,116318,121102,119762,114691,124995,128249,121354,115917,110331,116984,133570,127364,126268,127753,137212,134469,128930,114769,136400,136246,128652,133118,135686,143815,136815,136143,110280,134071,115120,126523,125597,112668,130401,130460,126199,118421,151270,158776,145468,153531,160409,157069,142177,158816,148078,131325,150713,143505,139523,137052,119466,139647,136877,130142,153466,143894,143653,155243,151790,142532,133872,150698,144693,117587,141606,146432,139650,133226,143033,145675,140899,146247,158513,134949,143634,145933,157173,160829,141777,133886,146755,148131,142663,157553,156983,141817,152291,155260,143489,133145,162121,144897,133589,152815,147985,133944,140242,141624
STAT,popedge,Conflicts,111,0,0,0,0,0,0,0,0,0,0,0,0,0,0,0,0,0,0,0,0,0,0,0,0,0,0,0,0,0,0,0,0,0,0,0,0,0,0,0,0,0,0,0,0,0,0,0,0,0,0,0,0,0,0,0,0,0,0,0,0,0,0,0,0,0,0,0,0,0,0,0,0,0,0,0,0,0,0,0,0,0,0,0,0,0,0,0,0,0,0,0,0,0,0,0,0,0,0,0,0,0,0,0,0,0,0,0,0,0,0,0,0
STAT,popedge,Iterations,111,7324665,66326,63214,63618,64916,67621,67656,65440,65210,67202,66141,67417,65784,63371,64174,66517,65003,67023,67571,64705,63424,61851,66953,65551,64818,64118,63493,63489,62931,63409,63818,65878,62346,67768,61229,66440,68446,66782,61766,61099,63559,61784,59209,62449,64045,67209,66659,66843,68872,64676,64490,71051,73505,73455,72517,69505,70049,74558,75297,75966,77018,76702,60869,63535,65504,62336,64026,65644,60454,63529,63629,61951,65481,63438,64771,62640,64576,67789,68368,63896,66757,62868,61738,65027,63613,64419,63872,66934,63760,63955,65538,64687,65106,62992,70762,65381,67917,73350,69038,65356,66838,65799,65348,67959,67974,66787,67715,67758,66103,69681,66426,66835
STAT,refine,Conflicts,111,4524,94,85,92,77,82,74,82,71,57,70,55,69,69,58,66,77,54,46,50,57,55,52,56,54,54,57,44,50,64,40,62,35,31,38,37,42,37,33,52,38,44,58,35,38,43,47,52,29,39,49,33,35,32,35,45,35,33,35,31,23,26,25,29,31,28,27,23,32,30,25,26,27,29,24,23,38,22,27,22,31,27,20,27,36,30,30,19,27,37,44,30,39,18,28,34,26,28,25,27,27,28,30,28,22,20,35,33,41,24,23,29
STAT,refine,Iterations,111,426813,3192,3710,3624,2911,3018,3032,3477,3819,2692,3199,3211,3321,4022,3438,3184,3835,3418,3389,3566,3225,3187,3597,2981,3844,3463,5299,4016,4131,4610,3858,4473,3272,4296,4190,4153,3981,3906,2868,3866,3434,4302,3246,3663,3308,3083,3659,3486,3258,4395,3925,4025,4087,4773,5076,5452,5587,4328,3986,4161,3153,3772,3260,3918,3265,3393,3693,3072,3693,4657,3566,4093,3744,4648,4317,4090,3551,3709,3283,3861,4595,3566,3471,3800,3250,3977,4566,4341,5147,4809,5216,4271,4116,3268,5659,4965,4405,3898,4696,3210,3725,3616,3644,3510,3751,3368,3555,3958,3704,3642,3761,4107
