Hello from MIC
Galois Benchmark Suite v2.2.0 (r0)
Copyright (C) 2013 The University of Texas at Austin
http://iss.ices.utexas.edu/galois/

application: GMetis
Partitions a graph into K parts and minimizing the graph cut
http://iss.ices.utexas.edu/?p=projects/galois/benchmarks/gMetis

INFO: CommandLine /work/02556/dpereira/MIC/apps/gmetis/gmetis -t=154 /work/02556/dpereira/Inputs/USA-road-d.W.gr 128
INFO: Hostname c558-002-mic0.stampede.tacc.utexas.edu
Created Graph with 6262104 nodes and 15248146 edges
Nodes 6262104| Edges 15248146 7624073

  Starting coarsening: 
Time coarsen:  2693 Size of final graph: 3130

  Sarting initial partitioning using GGGP:
Size in decade percentages:  -1,5 -0,121 1,2
Time clustering:  459

  Sarting refinnement with BKL2
Initial dist
Size in decade percentages:  -1,5 -0,121 1,2
Refined dist
Size in decade percentages:  -1,51 -0,29 1,48
Time refinement:  1624


Time:  4952
Total edge cut : 8297

Part saved in : 0x7fff89580060
STATTYPE,LOOP,CATEGORY,n,sum,T0,T1,T2,T3,T4,T5,T6,T7,T8,T9,T10,T11,T12,T13,T14,T15,T16,T17,T18,T19,T20,T21,T22,T23,T24,T25,T26,T27,T28,T29,T30,T31,T32,T33,T34,T35,T36,T37,T38,T39,T40,T41,T42,T43,T44,T45,T46,T47,T48,T49,T50,T51,T52,T53,T54,T55,T56,T57,T58,T59,T60,T61,T62,T63,T64,T65,T66,T67,T68,T69,T70,T71,T72,T73,T74,T75,T76,T77,T78,T79,T80,T81,T82,T83,T84,T85,T86,T87,T88,T89,T90,T91,T92,T93,T94,T95,T96,T97,T98,T99,T100,T101,T102,T103,T104,T105,T106,T107,T108,T109,T110,T111,T112,T113,T114,T115,T116,T117,T118,T119,T120,T121,T122,T123,T124,T125,T126,T127,T128,T129,T130,T131,T132,T133,T134,T135,T136,T137,T138,T139,T140,T141,T142,T143,T144,T145,T146,T147,T148,T149,T150,T151,T152,T153
STAT,(NULL),Coarsen,154,2693,2693,0,0,0,0,0,0,0,0,0,0,0,0,0,0,0,0,0,0,0,0,0,0,0,0,0,0,0,0,0,0,0,0,0,0,0,0,0,0,0,0,0,0,0,0,0,0,0,0,0,0,0,0,0,0,0,0,0,0,0,0,0,0,0,0,0,0,0,0,0,0,0,0,0,0,0,0,0,0,0,0,0,0,0,0,0,0,0,0,0,0,0,0,0,0,0,0,0,0,0,0,0,0,0,0,0,0,0,0,0,0,0,0,0,0,0,0,0,0,0,0,0,0,0,0,0,0,0,0,0,0,0,0,0,0,0,0,0,0,0,0,0,0,0,0,0,0,0,0,0,0,0,0,0
STAT,(NULL),Conflicts,154,0,0,0,0,0,0,0,0,0,0,0,0,0,0,0,0,0,0,0,0,0,0,0,0,0,0,0,0,0,0,0,0,0,0,0,0,0,0,0,0,0,0,0,0,0,0,0,0,0,0,0,0,0,0,0,0,0,0,0,0,0,0,0,0,0,0,0,0,0,0,0,0,0,0,0,0,0,0,0,0,0,0,0,0,0,0,0,0,0,0,0,0,0,0,0,0,0,0,0,0,0,0,0,0,0,0,0,0,0,0,0,0,0,0,0,0,0,0,0,0,0,0,0,0,0,0,0,0,0,0,0,0,0,0,0,0,0,0,0,0,0,0,0,0,0,0,0,0,0,0,0,0,0,0,0
STAT,(NULL),Iterations,154,255,9,2,1,4,0,2,1,0,0,0,3,2,0,1,0,4,2,4,5,0,0,4,0,6,0,0,0,5,0,0,2,2,2,1,1,3,0,2,2,2,0,2,5,1,2,0,0,5,1,1,4,1,0,2,5,0,4,0,5,2,4,3,1,1,1,1,1,1,0,0,0,0,0,2,0,1,1,0,0,0,1,2,2,3,7,0,0,3,1,0,0,0,0,6,1,0,2,2,1,2,7,1,3,3,0,0,1,0,7,0,0,10,0,3,4,4,1,1,0,0,3,0,2,0,2,0,0,2,4,0,0,0,2,0,4,2,1,3,1,2,2,1,1,5,0,4,0,0,3,0,0,1,1,2
STAT,(NULL),MeminfoPost,154,756440,4917,4912,4930,4914,4914,4913,4894,4922,4932,4964,4943,4902,4906,4901,4919,4926,4932,4912,4921,4896,4904,4913,4934,4900,4898,4906,4917,4909,4926,4930,4904,4912,4905,4918,4929,4977,4938,4895,4906,4904,4923,4914,4932,4919,4919,4896,4903,4919,4923,4905,4897,4910,4919,4914,4914,4950,4904,4915,4924,4904,4922,4899,4904,4904,4910,4887,4912,4925,4914,4903,4906,4905,4890,4894,4911,4910,4946,4927,4893,4902,4922,4907,4888,4888,4910,4917,4922,4931,4909,4908,4897,4911,4903,4904,4894,4887,4900,4915,4897,4889,4932,4949,4943,4912,4901,4914,4903,4886,4903,4914,4924,4919,4911,4902,4903,4907,4894,4889,4895,4914,4892,4935,4941,4946,4917,4900,4900,4895,4912,4945,4940,4934,4936,4895,4905,4912,4913,4903,4898,4883,4897,4916,4908,4886,4900,4885,4917,4896,4905,4905,4916,4911,4906,4913
STAT,(NULL),MeminfoPre,154,189104,1233,1228,1246,1230,1230,1229,1210,1238,1248,1280,1259,1218,1222,1217,1235,1242,1248,1228,1237,1212,1220,1229,1250,1216,1214,1222,1233,1225,1242,1246,1220,1228,1221,1234,1245,1293,1254,1211,1222,1220,1239,1230,1248,1235,1235,1212,1219,1235,1239,1221,1213,1226,1235,1230,1230,1266,1220,1231,1240,1220,1238,1215,1220,1220,1226,1203,1228,1241,1230,1219,1222,1221,1206,1210,1227,1226,1262,1243,1209,1218,1238,1223,1204,1204,1226,1233,1238,1247,1225,1224,1213,1227,1219,1220,1210,1203,1216,1231,1213,1205,1248,1265,1259,1228,1217,1230,1219,1202,1219,1230,1240,1235,1227,1218,1219,1223,1210,1205,1211,1230,1208,1251,1257,1262,1233,1216,1216,1211,1228,1261,1256,1250,1252,1211,1221,1228,1229,1219,1214,1199,1213,1232,1224,1202,1216,1201,1233,1212,1221,1221,1232,1227,1222,1229
STAT,(NULL),Partition,154,459,459,0,0,0,0,0,0,0,0,0,0,0,0,0,0,0,0,0,0,0,0,0,0,0,0,0,0,0,0,0,0,0,0,0,0,0,0,0,0,0,0,0,0,0,0,0,0,0,0,0,0,0,0,0,0,0,0,0,0,0,0,0,0,0,0,0,0,0,0,0,0,0,0,0,0,0,0,0,0,0,0,0,0,0,0,0,0,0,0,0,0,0,0,0,0,0,0,0,0,0,0,0,0,0,0,0,0,0,0,0,0,0,0,0,0,0,0,0,0,0,0,0,0,0,0,0,0,0,0,0,0,0,0,0,0,0,0,0,0,0,0,0,0,0,0,0,0,0,0,0,0,0,0,0
STAT,(NULL),Refine,154,1624,1624,0,0,0,0,0,0,0,0,0,0,0,0,0,0,0,0,0,0,0,0,0,0,0,0,0,0,0,0,0,0,0,0,0,0,0,0,0,0,0,0,0,0,0,0,0,0,0,0,0,0,0,0,0,0,0,0,0,0,0,0,0,0,0,0,0,0,0,0,0,0,0,0,0,0,0,0,0,0,0,0,0,0,0,0,0,0,0,0,0,0,0,0,0,0,0,0,0,0,0,0,0,0,0,0,0,0,0,0,0,0,0,0,0,0,0,0,0,0,0,0,0,0,0,0,0,0,0,0,0,0,0,0,0,0,0,0,0,0,0,0,0,0,0,0,0,0,0,0,0,0,0,0,0
STAT,(NULL),Threads,154,154,154,0,0,0,0,0,0,0,0,0,0,0,0,0,0,0,0,0,0,0,0,0,0,0,0,0,0,0,0,0,0,0,0,0,0,0,0,0,0,0,0,0,0,0,0,0,0,0,0,0,0,0,0,0,0,0,0,0,0,0,0,0,0,0,0,0,0,0,0,0,0,0,0,0,0,0,0,0,0,0,0,0,0,0,0,0,0,0,0,0,0,0,0,0,0,0,0,0,0,0,0,0,0,0,0,0,0,0,0,0,0,0,0,0,0,0,0,0,0,0,0,0,0,0,0,0,0,0,0,0,0,0,0,0,0,0,0,0,0,0,0,0,0,0,0,0,0,0,0,0,0,0,0,0
STAT,(NULL),Time,154,4952,4952,0,0,0,0,0,0,0,0,0,0,0,0,0,0,0,0,0,0,0,0,0,0,0,0,0,0,0,0,0,0,0,0,0,0,0,0,0,0,0,0,0,0,0,0,0,0,0,0,0,0,0,0,0,0,0,0,0,0,0,0,0,0,0,0,0,0,0,0,0,0,0,0,0,0,0,0,0,0,0,0,0,0,0,0,0,0,0,0,0,0,0,0,0,0,0,0,0,0,0,0,0,0,0,0,0,0,0,0,0,0,0,0,0,0,0,0,0,0,0,0,0,0,0,0,0,0,0,0,0,0,0,0,0,0,0,0,0,0,0,0,0,0,0,0,0,0,0,0,0,0,0,0,0
STAT,match,Conflicts,154,6161,65,55,60,50,55,57,60,51,64,58,47,56,54,55,50,50,65,57,49,68,67,52,64,51,59,43,52,48,51,47,45,49,50,57,60,49,48,37,58,45,42,40,48,39,39,53,45,45,47,37,44,42,48,46,43,53,34,36,47,38,42,37,29,23,33,28,30,43,39,35,29,28,35,24,32,36,33,40,37,33,39,37,34,38,47,28,27,31,30,44,35,33,34,36,46,37,38,35,34,40,28,33,32,39,34,36,32,31,32,29,34,36,31,34,31,39,37,34,36,39,32,42,31,25,37,32,33,27,35,30,31,32,31,27,39,30,39,34,34,28,29,33,36,34,21,39,35,24,24,29,27,29,34,28
STAT,match,Iterations,154,15023769,63792,69738,70270,72446,71415,76235,75874,87378,63318,77387,82270,80309,76991,82884,85274,70840,79901,78639,78136,86349,83491,93183,64230,86570,68073,75956,84587,69956,88857,81648,78659,73199,93744,94881,106330,104743,102704,103342,81204,95491,96308,91754,85405,95563,111224,86318,107097,111364,92077,137686,90370,99133,102446,108992,106415,98239,116250,105399,107476,99173,88060,106878,91015,108322,88434,111490,96035,84076,91725,81476,98778,95561,106649,102512,108059,115273,91313,100167,95006,109948,101593,100490,88970,94353,89712,102211,97594,113234,110128,88120,78363,105440,88562,125345,104812,105203,114960,118096,122173,110416,114244,127274,115598,95048,130367,100833,125047,124938,133037,110154,114627,118901,125090,111997,141786,97744,102843,110678,112710,105448,108233,96901,105114,99545,85543,97768,83862,119724,96759,101041,116510,119791,86767,99164,80174,100729,89114,92700,112378,106798,110421,91516,100152,79765,108752,103768,103847,89522,115213,84440,95384,102088,83609,98778
STAT,popedge,Conflicts,154,0,0,0,0,0,0,0,0,0,0,0,0,0,0,0,0,0,0,0,0,0,0,0,0,0,0,0,0,0,0,0,0,0,0,0,0,0,0,0,0,0,0,0,0,0,0,0,0,0,0,0,0,0,0,0,0,0,0,0,0,0,0,0,0,0,0,0,0,0,0,0,0,0,0,0,0,0,0,0,0,0,0,0,0,0,0,0,0,0,0,0,0,0,0,0,0,0,0,0,0,0,0,0,0,0,0,0,0,0,0,0,0,0,0,0,0,0,0,0,0,0,0,0,0,0,0,0,0,0,0,0,0,0,0,0,0,0,0,0,0,0,0,0,0,0,0,0,0,0,0,0,0,0,0,0
STAT,popedge,Iterations,154,7364316,43589,43336,44314,43720,44815,44617,43718,44215,44473,43828,42283,45420,47308,46048,44123,44291,45768,46090,46653,46061,45957,46409,46166,48624,42297,45939,45986,46343,46194,45777,47056,47226,53905,51553,50895,51903,53040,50096,55741,52143,52060,48325,52288,52625,50599,54853,52309,52532,49600,51769,53442,52976,47272,53702,50347,49909,50184,47735,48720,50538,48351,42178,42699,41540,44799,40353,43528,45808,43893,42822,44343,44574,42993,43174,42824,45955,44742,43960,46990,45455,45016,50921,48180,46330,47387,42418,46148,43775,43823,46124,45891,46986,47034,53859,52973,52585,53693,53357,52054,52112,51124,52302,54380,54126,53234,52963,56478,53155,54970,51638,55617,53210,52332,50969,54872,52622,49342,49622,50419,50486,55267,50544,42528,42877,44101,42030,43124,42163,44317,47113,45533,48728,47478,46507,47624,45380,45283,45083,44040,46048,47414,48067,45605,50949,44476,45262,41510,47382,46846,49486,44780,46943,47752,46863
STAT,refine,Conflicts,154,5850,121,131,114,104,117,100,104,89,75,85,76,89,73,71,70,67,55,60,61,72,71,46,52,57,69,65,52,56,67,59,59,35,45,34,42,38,42,20,43,56,43,38,43,34,32,30,42,42,47,40,44,41,37,37,44,37,49,35,51,38,53,21,26,25,23,34,26,25,32,23,24,25,23,13,21,22,28,20,27,26,21,20,18,19,23,20,23,20,19,29,19,27,22,26,30,24,25,26,15,28,26,34,28,23,18,25,23,27,37,34,23,19,22,28,26,24,23,27,21,25,29,29,29,33,28,25,26,24,28,34,26,20,22,17,19,14,15,20,24,16,24,25,26,23,19,25,30,27,26,18,29,27,24,19
STAT,refine,Iterations,154,137955,922,906,884,731,811,853,809,1115,894,1054,895,682,617,710,737,838,717,732,726,817,872,819,704,830,907,729,828,764,1056,638,719,741,1008,1036,1281,1410,1041,762,836,973,955,978,1053,1007,1290,827,1184,1071,870,1505,1172,970,807,1169,1250,1360,1105,807,924,958,1162,840,643,801,650,775,918,802,1001,756,802,826,640,576,661,845,817,664,678,827,935,751,592,701,779,787,808,842,643,866,789,708,984,925,910,1086,1249,870,725,786,1107,1415,1378,1277,839,1116,1160,1060,1193,1151,1261,1035,1118,1119,1363,1133,1103,881,864,859,985,1102,1107,841,923,655,723,846,783,1100,796,1115,606,527,647,466,818,757,645,545,790,685,795,603,735,779,925,690,935,880,886,939,838,970
