Hello from MIC
Galois Benchmark Suite v2.2.0 (r0)
Copyright (C) 2013 The University of Texas at Austin
http://iss.ices.utexas.edu/galois/

application: GMetis
Partitions a graph into K parts and minimizing the graph cut
http://iss.ices.utexas.edu/?p=projects/galois/benchmarks/gMetis

INFO: CommandLine /work/02556/dpereira/MIC/apps/gmetis/gmetis -t=68 /work/02556/dpereira/Inputs/USA-road-d.W.gr 1024
INFO: Hostname c558-304-mic0.stampede.tacc.utexas.edu
Created Graph with 6262104 nodes and 15248146 edges
Nodes 6262104| Edges 15248146 7624073

  Starting coarsening: 
Time coarsen:  2121 Size of final graph: 40771

  Sarting initial partitioning using GGGP:
Size in decade percentages:  -0,1024
Time clustering:  1401

  Sarting refinnement with BKL2
Initial dist
Size in decade percentages:  -0,1024
Refined dist
Size in decade percentages:  -1,374 0,281 1,368 2,1
Time refinement:  878


Time:  4578
Total edge cut : 36426

Part saved in : 0x7fffefe184e0
STATTYPE,LOOP,CATEGORY,n,sum,T0,T1,T2,T3,T4,T5,T6,T7,T8,T9,T10,T11,T12,T13,T14,T15,T16,T17,T18,T19,T20,T21,T22,T23,T24,T25,T26,T27,T28,T29,T30,T31,T32,T33,T34,T35,T36,T37,T38,T39,T40,T41,T42,T43,T44,T45,T46,T47,T48,T49,T50,T51,T52,T53,T54,T55,T56,T57,T58,T59,T60,T61,T62,T63,T64,T65,T66,T67
STAT,(NULL),Coarsen,68,2121,2121,0,0,0,0,0,0,0,0,0,0,0,0,0,0,0,0,0,0,0,0,0,0,0,0,0,0,0,0,0,0,0,0,0,0,0,0,0,0,0,0,0,0,0,0,0,0,0,0,0,0,0,0,0,0,0,0,0,0,0,0,0,0,0,0,0,0,0
STAT,(NULL),Conflicts,68,0,0,0,0,0,0,0,0,0,0,0,0,0,0,0,0,0,0,0,0,0,0,0,0,0,0,0,0,0,0,0,0,0,0,0,0,0,0,0,0,0,0,0,0,0,0,0,0,0,0,0,0,0,0,0,0,0,0,0,0,0,0,0,0,0,0,0,0,0
STAT,(NULL),Iterations,68,2047,11,31,18,17,17,15,17,21,32,19,28,25,33,39,35,28,41,26,28,44,38,15,28,32,33,11,17,36,24,32,47,39,39,34,31,16,31,35,29,33,34,34,38,30,40,38,36,32,25,21,40,36,36,33,36,33,59,33,35,30,23,53,9,41,26,22,28,21
STAT,(NULL),MeminfoPost,68,756411,11130,11148,11110,11149,11206,11106,11128,11151,11111,11130,11115,11115,11148,11132,11115,11218,11120,11113,11154,11135,11100,11140,11105,11127,11165,11132,11124,11102,11100,11128,11118,11102,11095,11152,11117,11128,11071,11126,11155,11100,11114,11093,11079,11109,11169,11153,11121,11078,11139,11124,11105,11086,11106,11140,11181,11100,11114,11180,11163,11105,11115,11079,11120,11074,11101,11095,11127,11120
STAT,(NULL),MeminfoPre,68,189087,2787,2805,2767,2806,2863,2763,2785,2808,2768,2787,2772,2772,2805,2789,2772,2875,2777,2770,2811,2792,2757,2797,2762,2784,2822,2789,2781,2759,2757,2785,2775,2759,2752,2809,2774,2785,2728,2783,2812,2757,2771,2750,2736,2766,2826,2810,2778,2735,2796,2781,2762,2743,2763,2797,2838,2757,2771,2837,2820,2762,2772,2736,2777,2731,2758,2752,2784,2777
STAT,(NULL),Partition,68,1401,1401,0,0,0,0,0,0,0,0,0,0,0,0,0,0,0,0,0,0,0,0,0,0,0,0,0,0,0,0,0,0,0,0,0,0,0,0,0,0,0,0,0,0,0,0,0,0,0,0,0,0,0,0,0,0,0,0,0,0,0,0,0,0,0,0,0,0,0
STAT,(NULL),Refine,68,878,878,0,0,0,0,0,0,0,0,0,0,0,0,0,0,0,0,0,0,0,0,0,0,0,0,0,0,0,0,0,0,0,0,0,0,0,0,0,0,0,0,0,0,0,0,0,0,0,0,0,0,0,0,0,0,0,0,0,0,0,0,0,0,0,0,0,0,0
STAT,(NULL),Threads,68,68,68,0,0,0,0,0,0,0,0,0,0,0,0,0,0,0,0,0,0,0,0,0,0,0,0,0,0,0,0,0,0,0,0,0,0,0,0,0,0,0,0,0,0,0,0,0,0,0,0,0,0,0,0,0,0,0,0,0,0,0,0,0,0,0,0,0,0,0
STAT,(NULL),Time,68,4578,4578,0,0,0,0,0,0,0,0,0,0,0,0,0,0,0,0,0,0,0,0,0,0,0,0,0,0,0,0,0,0,0,0,0,0,0,0,0,0,0,0,0,0,0,0,0,0,0,0,0,0,0,0,0,0,0,0,0,0,0,0,0,0,0,0,0,0,0
STAT,match,Conflicts,68,5019,221,171,152,132,136,157,110,78,73,79,70,67,65,65,66,56,69,55,75,70,60,66,70,53,55,64,55,70,55,55,53,49,55,50,59,57,60,62,59,58,45,60,59,72,66,57,43,69,65,59,47,75,60,59,48,68,48,63,65,80,56,112,73,80,85,80,123,70
STAT,match,Iterations,68,14896618,179710,181578,202974,191880,185899,192270,188131,222261,217767,223550,228770,204665,213568,221502,226335,208245,234537,231815,217684,222329,238191,228924,226181,219015,198685,219645,231921,220270,227277,216522,236130,220070,222968,224546,237988,213807,226974,227002,213523,233007,231132,225957,229649,219720,227871,222900,234777,233610,213714,209237,217967,230350,228638,201774,214386,219655,224690,234598,238684,230630,242909,210705,215207,221272,217404,196624,213630,210812
STAT,popedge,Conflicts,68,0,0,0,0,0,0,0,0,0,0,0,0,0,0,0,0,0,0,0,0,0,0,0,0,0,0,0,0,0,0,0,0,0,0,0,0,0,0,0,0,0,0,0,0,0,0,0,0,0,0,0,0,0,0,0,0,0,0,0,0,0,0,0,0,0,0,0,0,0
STAT,popedge,Iterations,68,7300402,104631,98845,100315,97824,94431,101964,97202,106147,109751,110297,110592,105420,108100,109724,110866,106304,109601,106873,107588,108332,108304,110547,106913,99501,98478,98973,100547,108499,111732,107286,105936,109944,108543,104375,106619,115962,117767,110681,111733,110965,111001,112384,112269,113694,106890,106607,108146,113259,109655,110026,111974,111071,110878,108824,104156,105002,105852,117800,115256,119066,120271,100049,96826,108805,97567,100114,102028,102820
STAT,refine,Conflicts,68,3090,72,68,61,63,63,58,70,57,50,47,41,55,51,64,45,54,47,58,49,56,42,39,54,62,50,56,53,54,42,47,40,35,46,46,50,43,41,40,33,38,41,31,43,42,51,50,40,30,39,31,42,40,50,50,45,35,54,30,42,27,24,36,30,26,24,42,28,27
STAT,refine,Iterations,68,468938,5483,5416,5651,6138,7265,5752,6279,8182,7489,7717,6544,5898,7565,7072,6751,9502,7585,7675,7335,7133,6851,6544,5972,6863,7039,6742,6654,7316,6428,7230,6922,7272,7546,7307,6994,7748,5243,6988,6998,6468,6536,6957,6857,6647,7709,7650,7793,5495,7191,6631,6481,6276,7426,6684,8077,6261,7348,9514,7982,6182,7166,6235,5894,5792,6378,6780,6607,6832
