Hello from MIC
Galois Benchmark Suite v2.2.0 (r0)
Copyright (C) 2013 The University of Texas at Austin
http://iss.ices.utexas.edu/galois/

application: GMetis
Partitions a graph into K parts and minimizing the graph cut
http://iss.ices.utexas.edu/?p=projects/galois/benchmarks/gMetis

INFO: CommandLine /work/02556/dpereira/MIC/apps/gmetis/gmetis -t=243 /work/02556/dpereira/Inputs/USA-road-d.W.gr 16
INFO: Hostname c558-003-mic0.stampede.tacc.utexas.edu
Created Graph with 6262104 nodes and 15248146 edges
Nodes 6262104| Edges 15248146 7624073

  Starting coarsening: 
Time coarsen:  5244 Size of final graph: 443

  Sarting initial partitioning using GGGP:
Size in decade percentages:  -0,16
Time clustering:  380

  Sarting refinnement with BKL2
Initial dist
Size in decade percentages:  -0,16
Refined dist
Size in decade percentages:  -1,6 -0,3 1,7
Time refinement:  3437


Time:  9240
Total edge cut : 1805

Part saved in : 0x7fff90684260
STATTYPE,LOOP,CATEGORY,n,sum,T0,T1,T2,T3,T4,T5,T6,T7,T8,T9,T10,T11,T12,T13,T14,T15,T16,T17,T18,T19,T20,T21,T22,T23,T24,T25,T26,T27,T28,T29,T30,T31,T32,T33,T34,T35,T36,T37,T38,T39,T40,T41,T42,T43,T44,T45,T46,T47,T48,T49,T50,T51,T52,T53,T54,T55,T56,T57,T58,T59,T60,T61,T62,T63,T64,T65,T66,T67,T68,T69,T70,T71,T72,T73,T74,T75,T76,T77,T78,T79,T80,T81,T82,T83,T84,T85,T86,T87,T88,T89,T90,T91,T92,T93,T94,T95,T96,T97,T98,T99,T100,T101,T102,T103,T104,T105,T106,T107,T108,T109,T110,T111,T112,T113,T114,T115,T116,T117,T118,T119,T120,T121,T122,T123,T124,T125,T126,T127,T128,T129,T130,T131,T132,T133,T134,T135,T136,T137,T138,T139,T140,T141,T142,T143,T144,T145,T146,T147,T148,T149,T150,T151,T152,T153,T154,T155,T156,T157,T158,T159,T160,T161,T162,T163,T164,T165,T166,T167,T168,T169,T170,T171,T172,T173,T174,T175,T176,T177,T178,T179,T180,T181,T182,T183,T184,T185,T186,T187,T188,T189,T190,T191,T192,T193,T194,T195,T196,T197,T198,T199,T200,T201,T202,T203,T204,T205,T206,T207,T208,T209,T210,T211,T212,T213,T214,T215,T216,T217,T218,T219,T220,T221,T222,T223,T224,T225,T226,T227,T228,T229,T230,T231,T232,T233,T234,T235,T236,T237,T238,T239,T240,T241,T242
STAT,(NULL),Coarsen,243,5244,5244,0,0,0,0,0,0,0,0,0,0,0,0,0,0,0,0,0,0,0,0,0,0,0,0,0,0,0,0,0,0,0,0,0,0,0,0,0,0,0,0,0,0,0,0,0,0,0,0,0,0,0,0,0,0,0,0,0,0,0,0,0,0,0,0,0,0,0,0,0,0,0,0,0,0,0,0,0,0,0,0,0,0,0,0,0,0,0,0,0,0,0,0,0,0,0,0,0,0,0,0,0,0,0,0,0,0,0,0,0,0,0,0,0,0,0,0,0,0,0,0,0,0,0,0,0,0,0,0,0,0,0,0,0,0,0,0,0,0,0,0,0,0,0,0,0,0,0,0,0,0,0,0,0,0,0,0,0,0,0,0,0,0,0,0,0,0,0,0,0,0,0,0,0,0,0,0,0,0,0,0,0,0,0,0,0,0,0,0,0,0,0,0,0,0,0,0,0,0,0,0,0,0,0,0,0,0,0,0,0,0,0,0,0,0,0,0,0,0,0,0,0,0,0,0,0,0,0,0,0,0,0,0,0,0,0,0,0,0,0,0,0,0
STAT,(NULL),Conflicts,243,0,0,0,0,0,0,0,0,0,0,0,0,0,0,0,0,0,0,0,0,0,0,0,0,0,0,0,0,0,0,0,0,0,0,0,0,0,0,0,0,0,0,0,0,0,0,0,0,0,0,0,0,0,0,0,0,0,0,0,0,0,0,0,0,0,0,0,0,0,0,0,0,0,0,0,0,0,0,0,0,0,0,0,0,0,0,0,0,0,0,0,0,0,0,0,0,0,0,0,0,0,0,0,0,0,0,0,0,0,0,0,0,0,0,0,0,0,0,0,0,0,0,0,0,0,0,0,0,0,0,0,0,0,0,0,0,0,0,0,0,0,0,0,0,0,0,0,0,0,0,0,0,0,0,0,0,0,0,0,0,0,0,0,0,0,0,0,0,0,0,0,0,0,0,0,0,0,0,0,0,0,0,0,0,0,0,0,0,0,0,0,0,0,0,0,0,0,0,0,0,0,0,0,0,0,0,0,0,0,0,0,0,0,0,0,0,0,0,0,0,0,0,0,0,0,0,0,0,0,0,0,0,0,0,0,0,0,0,0,0,0,0,0,0
STAT,(NULL),Iterations,243,31,5,1,0,0,0,0,0,0,0,2,0,0,0,0,0,0,0,0,0,0,1,0,0,0,0,0,0,0,0,0,0,0,0,0,0,0,0,0,1,0,0,0,0,0,0,0,0,0,0,0,0,2,0,0,0,0,2,0,0,0,0,0,0,0,0,0,0,2,0,0,0,0,0,0,0,0,4,0,0,0,0,0,0,0,0,0,0,0,0,0,0,0,0,0,0,0,0,0,0,0,0,0,0,0,0,0,0,0,0,0,0,0,1,0,0,0,0,0,0,0,1,0,0,0,0,0,0,0,0,0,0,0,0,0,0,0,0,0,0,0,0,1,0,0,0,0,0,0,0,0,0,0,0,0,0,0,0,0,0,0,0,0,0,0,0,0,0,1,0,1,0,0,0,0,0,0,0,0,0,0,0,0,0,0,0,0,0,0,0,0,0,0,0,3,0,0,0,0,0,3,0,0,0,0,0,0,0,0,0,0,0,0,0,0,0,0,0,0,0,0,0,0,0,0,0,0,0,0,0,0,0,0,0,0,0,0,0,0,0,0,0,0,0
STAT,(NULL),MeminfoPost,243,756797,3119,3117,3111,3124,3118,3126,3115,3112,3124,3099,3104,3127,3114,3132,3129,3159,3134,3122,3100,3114,3112,3102,3120,3122,3115,3128,3130,3104,3127,3120,3103,3110,3106,3114,3124,3116,3128,3106,3101,3106,3112,3115,3109,3122,3123,3123,3121,3115,3112,3123,3106,3107,3116,3127,3126,3137,3164,3128,3111,3104,3113,3112,3102,3124,3113,3128,3121,3121,3123,3114,3121,3100,3110,3112,3107,3127,3129,3107,3110,3103,3109,3113,3117,3120,3118,3107,3123,3145,3114,3112,3114,3121,3120,3113,3110,3125,3109,3105,3110,3109,3110,3119,3101,3098,3111,3117,3122,3123,3111,3108,3117,3104,3110,3102,3103,3108,3100,3118,3101,3124,3138,3134,3116,3103,3106,3107,3110,3132,3111,3101,3098,3097,3103,3117,3118,3118,3123,3125,3121,3113,3113,3110,3102,3121,3108,3106,3111,3112,3101,3105,3096,3106,3108,3098,3128,3105,3102,3104,3129,3133,3139,3127,3134,3113,3103,3107,3115,3121,3104,3099,3098,3114,3115,3120,3123,3123,3111,3115,3103,3118,3106,3109,3113,3101,3100,3097,3115,3099,3121,3102,3105,3125,3139,3130,3138,3130,3115,3109,3103,3108,3100,3109,3116,3123,3137,3135,3124,3125,3135,3126,3107,3104,3109,3122,3105,3114,3106,3120,3094,3103,3100,3109,3108,3112,3125,3099,3101,3092,3117,3096,3104,3122,3103,3105,3108,3110,3119,3114,3113,3117,3113,3112,3115
STAT,(NULL),MeminfoPre,243,189149,783,781,775,788,782,790,779,776,788,763,768,791,778,796,793,823,798,786,764,778,776,766,784,786,779,792,794,768,791,784,767,774,770,778,788,780,792,770,765,770,776,779,773,786,787,787,785,779,776,787,770,771,780,791,790,801,828,792,775,768,777,776,766,788,777,792,785,785,787,778,785,764,774,776,771,791,793,771,774,767,773,777,781,784,782,771,787,809,778,776,778,785,784,777,774,789,773,769,774,773,774,783,765,762,775,781,786,787,775,772,781,768,774,766,767,772,764,782,765,788,802,798,780,767,770,771,774,796,775,765,762,761,767,781,782,782,787,789,785,777,777,774,766,785,772,770,775,776,765,769,760,770,772,762,792,769,766,768,793,797,803,791,798,777,767,771,779,785,768,763,762,778,779,784,787,787,775,779,767,782,770,773,777,765,764,761,779,763,785,766,769,789,803,794,802,794,779,773,767,772,764,773,780,787,801,799,788,789,799,790,771,768,773,786,769,778,770,784,758,767,764,773,772,776,789,763,765,756,781,760,768,786,767,769,772,774,783,778,777,781,777,776,779
STAT,(NULL),Partition,243,380,380,0,0,0,0,0,0,0,0,0,0,0,0,0,0,0,0,0,0,0,0,0,0,0,0,0,0,0,0,0,0,0,0,0,0,0,0,0,0,0,0,0,0,0,0,0,0,0,0,0,0,0,0,0,0,0,0,0,0,0,0,0,0,0,0,0,0,0,0,0,0,0,0,0,0,0,0,0,0,0,0,0,0,0,0,0,0,0,0,0,0,0,0,0,0,0,0,0,0,0,0,0,0,0,0,0,0,0,0,0,0,0,0,0,0,0,0,0,0,0,0,0,0,0,0,0,0,0,0,0,0,0,0,0,0,0,0,0,0,0,0,0,0,0,0,0,0,0,0,0,0,0,0,0,0,0,0,0,0,0,0,0,0,0,0,0,0,0,0,0,0,0,0,0,0,0,0,0,0,0,0,0,0,0,0,0,0,0,0,0,0,0,0,0,0,0,0,0,0,0,0,0,0,0,0,0,0,0,0,0,0,0,0,0,0,0,0,0,0,0,0,0,0,0,0,0,0,0,0,0,0,0,0,0,0,0,0,0,0,0,0,0,0
STAT,(NULL),Refine,243,3437,3437,0,0,0,0,0,0,0,0,0,0,0,0,0,0,0,0,0,0,0,0,0,0,0,0,0,0,0,0,0,0,0,0,0,0,0,0,0,0,0,0,0,0,0,0,0,0,0,0,0,0,0,0,0,0,0,0,0,0,0,0,0,0,0,0,0,0,0,0,0,0,0,0,0,0,0,0,0,0,0,0,0,0,0,0,0,0,0,0,0,0,0,0,0,0,0,0,0,0,0,0,0,0,0,0,0,0,0,0,0,0,0,0,0,0,0,0,0,0,0,0,0,0,0,0,0,0,0,0,0,0,0,0,0,0,0,0,0,0,0,0,0,0,0,0,0,0,0,0,0,0,0,0,0,0,0,0,0,0,0,0,0,0,0,0,0,0,0,0,0,0,0,0,0,0,0,0,0,0,0,0,0,0,0,0,0,0,0,0,0,0,0,0,0,0,0,0,0,0,0,0,0,0,0,0,0,0,0,0,0,0,0,0,0,0,0,0,0,0,0,0,0,0,0,0,0,0,0,0,0,0,0,0,0,0,0,0,0,0,0,0,0,0
STAT,(NULL),Threads,243,243,243,0,0,0,0,0,0,0,0,0,0,0,0,0,0,0,0,0,0,0,0,0,0,0,0,0,0,0,0,0,0,0,0,0,0,0,0,0,0,0,0,0,0,0,0,0,0,0,0,0,0,0,0,0,0,0,0,0,0,0,0,0,0,0,0,0,0,0,0,0,0,0,0,0,0,0,0,0,0,0,0,0,0,0,0,0,0,0,0,0,0,0,0,0,0,0,0,0,0,0,0,0,0,0,0,0,0,0,0,0,0,0,0,0,0,0,0,0,0,0,0,0,0,0,0,0,0,0,0,0,0,0,0,0,0,0,0,0,0,0,0,0,0,0,0,0,0,0,0,0,0,0,0,0,0,0,0,0,0,0,0,0,0,0,0,0,0,0,0,0,0,0,0,0,0,0,0,0,0,0,0,0,0,0,0,0,0,0,0,0,0,0,0,0,0,0,0,0,0,0,0,0,0,0,0,0,0,0,0,0,0,0,0,0,0,0,0,0,0,0,0,0,0,0,0,0,0,0,0,0,0,0,0,0,0,0,0,0,0,0,0,0,0
STAT,(NULL),Time,243,9240,9240,0,0,0,0,0,0,0,0,0,0,0,0,0,0,0,0,0,0,0,0,0,0,0,0,0,0,0,0,0,0,0,0,0,0,0,0,0,0,0,0,0,0,0,0,0,0,0,0,0,0,0,0,0,0,0,0,0,0,0,0,0,0,0,0,0,0,0,0,0,0,0,0,0,0,0,0,0,0,0,0,0,0,0,0,0,0,0,0,0,0,0,0,0,0,0,0,0,0,0,0,0,0,0,0,0,0,0,0,0,0,0,0,0,0,0,0,0,0,0,0,0,0,0,0,0,0,0,0,0,0,0,0,0,0,0,0,0,0,0,0,0,0,0,0,0,0,0,0,0,0,0,0,0,0,0,0,0,0,0,0,0,0,0,0,0,0,0,0,0,0,0,0,0,0,0,0,0,0,0,0,0,0,0,0,0,0,0,0,0,0,0,0,0,0,0,0,0,0,0,0,0,0,0,0,0,0,0,0,0,0,0,0,0,0,0,0,0,0,0,0,0,0,0,0,0,0,0,0,0,0,0,0,0,0,0,0,0,0,0,0,0,0
STAT,match,Conflicts,243,6486,42,37,39,39,36,41,42,42,37,29,43,41,42,43,32,40,46,35,33,42,36,38,38,33,42,43,40,38,39,39,39,36,30,36,26,29,24,43,32,27,29,36,32,32,32,30,25,34,33,30,31,28,25,32,36,31,30,31,26,32,39,18,24,24,26,21,19,23,28,30,25,28,20,27,19,18,24,24,25,18,24,29,27,24,21,21,28,28,21,22,21,23,30,30,24,17,23,21,22,20,27,28,28,26,24,22,26,22,18,22,21,26,22,26,21,24,31,22,19,28,25,25,24,26,23,23,25,28,22,28,29,26,27,29,26,28,23,26,22,28,18,32,22,21,26,23,22,29,24,22,19,20,20,25,21,22,28,21,25,24,21,24,24,25,25,24,25,19,25,26,24,23,23,26,21,24,20,19,24,19,27,21,20,23,18,17,23,22,26,18,28,21,19,29,26,28,30,19,27,27,26,26,22,20,26,28,21,20,27,27,25,28,25,19,26,21,26,23,22,18,29,32,25,25,23,24,26,22,25,21,19,23,29,25,28,19,23,26,20,20,24,25,27
STAT,match,Iterations,243,15052093,38719,44657,59820,63886,54288,42105,43499,55338,49632,48928,53442,39889,32479,47745,45331,57544,54158,45335,45697,58438,44562,51150,60755,48532,42562,48108,40276,43698,49206,47748,51040,59674,55051,55108,74726,55094,51101,37288,45668,55860,58315,54232,37489,58976,62270,48972,63413,51154,52565,51946,42299,50802,54368,48591,47855,56481,49849,53599,53610,60404,60380,80265,68783,63048,66905,47195,69504,55701,57839,76777,62318,53982,69618,63547,86227,73088,82566,62818,50120,74410,60501,66581,58169,65386,43757,59371,58214,63982,63916,63889,56774,56261,67027,55406,54485,48591,58902,75742,67674,76297,66375,48259,54212,71583,63786,50393,46042,84744,82032,54857,62479,50990,48032,62471,98080,54940,55568,65831,65147,49413,73277,56705,59168,66269,75354,57177,53046,62842,57767,64898,39679,74155,74370,59080,62671,65200,55808,83448,67991,54223,93571,63221,73725,76389,58637,71629,71639,60937,94636,78349,71623,63329,63456,63986,89349,49466,61193,69731,53167,64980,93758,72553,61043,78535,82057,52372,69455,61413,64169,56514,73816,55895,81869,69157,63706,51752,70067,76424,56671,67415,64094,71822,86676,47155,68083,70620,65727,69411,56817,62983,70550,73882,73160,78556,53333,67355,75920,54322,72450,58791,85324,63197,63740,71184,58257,63408,68043,68816,80577,50731,69040,50731,67073,75051,55978,66247,69431,58102,79063,71349,65920,58590,74032,67365,75092,81720,62734,75859,68045,63334,79299,59872,59642,50179,59341,70122,68455,52520,73866,55205,73518,72931,56044
STAT,popedge,Conflicts,243,0,0,0,0,0,0,0,0,0,0,0,0,0,0,0,0,0,0,0,0,0,0,0,0,0,0,0,0,0,0,0,0,0,0,0,0,0,0,0,0,0,0,0,0,0,0,0,0,0,0,0,0,0,0,0,0,0,0,0,0,0,0,0,0,0,0,0,0,0,0,0,0,0,0,0,0,0,0,0,0,0,0,0,0,0,0,0,0,0,0,0,0,0,0,0,0,0,0,0,0,0,0,0,0,0,0,0,0,0,0,0,0,0,0,0,0,0,0,0,0,0,0,0,0,0,0,0,0,0,0,0,0,0,0,0,0,0,0,0,0,0,0,0,0,0,0,0,0,0,0,0,0,0,0,0,0,0,0,0,0,0,0,0,0,0,0,0,0,0,0,0,0,0,0,0,0,0,0,0,0,0,0,0,0,0,0,0,0,0,0,0,0,0,0,0,0,0,0,0,0,0,0,0,0,0,0,0,0,0,0,0,0,0,0,0,0,0,0,0,0,0,0,0,0,0,0,0,0,0,0,0,0,0,0,0,0,0,0,0,0,0,0,0,0
STAT,popedge,Iterations,243,7371787,28046,29069,27932,29853,28522,29687,29272,29466,28088,29208,30591,29623,29683,30015,29264,32059,31013,29613,29629,29220,29978,30119,28232,28329,31054,29952,29132,30041,30390,29702,30412,30253,30283,29067,30841,30178,30029,30975,29486,30238,29165,29602,29325,29298,30567,29303,29903,29019,31050,30813,28978,30245,30832,29316,28854,28617,30338,28818,30532,29922,31704,29078,29503,28425,28764,30574,29550,29674,29220,28532,29528,33524,28367,30112,30968,28733,31142,28417,30694,29631,30861,29285,29060,27454,28796,29372,28199,31126,29321,30159,29220,30368,31649,31403,29645,29998,30142,30738,30993,32248,29639,31407,30550,29785,29952,30155,30011,30276,29327,31106,31659,30025,28402,29814,28473,29841,29867,30985,28625,31876,31388,33738,31100,29093,29281,29245,30564,28592,30447,30060,30479,31327,31904,29690,28111,29295,30178,33801,30545,29516,32586,30083,29625,31679,30586,29823,31459,29644,34443,30563,32276,30543,30381,30727,32005,31622,29977,30852,30833,28644,32887,29248,28750,30023,31406,32774,30594,30259,30934,31218,31513,29557,33688,30736,29692,30147,29767,29783,30629,29496,30291,31195,34324,30277,30007,28986,30147,30463,31442,30633,29876,31688,30934,32505,30349,30672,30927,29757,33214,30011,30336,29424,30769,30951,29362,29588,30735,30146,30754,31431,32254,30929,32105,30248,30531,30943,29508,32542,31945,31168,31682,31778,30963,30865,31521,29717,32185,32302,29974,31654,30320,31200,31167,31305,29889,31555,32420,30270,30329,31426,30403,32402,32294
STAT,refine,Conflicts,243,6098,108,98,98,99,91,101,85,99,78,83,85,82,71,71,82,66,58,65,58,60,69,50,58,63,58,52,51,50,62,67,46,41,30,32,34,36,35,42,41,44,48,35,31,23,49,37,32,35,43,40,28,37,37,42,31,32,36,34,38,37,34,7,19,4,18,16,16,13,22,12,27,20,18,17,16,25,16,5,8,12,9,20,9,6,18,10,7,10,19,8,17,12,20,16,18,9,16,16,17,12,19,16,13,10,9,17,13,16,9,11,17,17,13,19,14,15,6,12,23,19,17,18,17,10,16,18,11,12,24,13,18,16,10,19,16,17,10,21,13,16,14,9,17,16,12,9,10,8,15,13,11,15,11,12,18,20,15,17,26,10,19,20,22,11,9,16,19,20,17,22,12,17,9,21,14,23,18,19,13,14,17,27,23,20,11,5,11,14,14,7,14,13,15,20,18,15,18,14,12,13,10,20,12,11,12,12,15,14,11,20,10,13,16,11,22,9,15,16,17,15,20,10,21,22,16,27,16,15,23,12,16,18,10,19,18,15,8,15,19,21,15,12,17
STAT,refine,Iterations,243,40078,331,349,267,399,319,344,253,354,233,297,387,301,230,289,301,185,237,200,214,207,259,190,181,172,276,172,198,146,194,227,153,160,181,151,149,140,182,165,131,195,149,143,131,137,250,167,141,162,244,181,194,138,156,188,170,145,139,179,146,202,217,151,130,68,155,182,122,103,139,125,216,238,92,198,177,188,185,110,102,119,131,165,145,99,123,114,120,133,103,73,123,102,109,144,132,105,148,148,195,98,173,121,113,75,146,155,177,124,103,89,179,160,142,164,196,154,109,114,188,172,154,171,193,126,100,169,127,130,127,135,93,175,185,154,160,167,230,160,180,125,254,108,175,160,146,107,131,150,192,128,145,177,104,122,132,174,82,126,192,178,187,173,181,150,131,146,236,191,132,180,191,161,176,192,167,230,124,219,147,177,137,216,211,159,113,144,202,119,127,82,108,168,172,277,145,105,214,134,126,166,159,185,171,130,138,102,149,131,127,119,127,126,183,102,105,111,144,141,157,91,207,135,106,193,123,131,132,224,215,164,120,162,146,205,183,147,209,115,150,165,171,113,142
