Hello from MIC
Galois Benchmark Suite v2.2.0 (r0)
Copyright (C) 2013 The University of Texas at Austin
http://iss.ices.utexas.edu/galois/

application: GMetis
Partitions a graph into K parts and minimizing the graph cut
http://iss.ices.utexas.edu/?p=projects/galois/benchmarks/gMetis

INFO: CommandLine /work/02556/dpereira/MIC/apps/gmetis/gmetis -t=210 /work/02556/dpereira/Inputs/USA-road-d.W.gr 1024
INFO: Hostname c557-803-mic0.stampede.tacc.utexas.edu
Created Graph with 6262104 nodes and 15248146 edges
Nodes 6262104| Edges 15248146 7624073

  Starting coarsening: 
Time coarsen:  2982 Size of final graph: 22194

  Sarting initial partitioning using GGGP:
Size in decade percentages:  -1,74 -0,877 1,73
Time clustering:  1195

  Sarting refinnement with BKL2
Initial dist
Size in decade percentages:  -1,74 -0,877 1,73
Refined dist
Size in decade percentages:  -1,361 0,282 1,380 2,1
Time refinement:  2084


Time:  6441
Total edge cut : 31615

Part saved in : 0x7fff995b9be0
STATTYPE,LOOP,CATEGORY,n,sum,T0,T1,T2,T3,T4,T5,T6,T7,T8,T9,T10,T11,T12,T13,T14,T15,T16,T17,T18,T19,T20,T21,T22,T23,T24,T25,T26,T27,T28,T29,T30,T31,T32,T33,T34,T35,T36,T37,T38,T39,T40,T41,T42,T43,T44,T45,T46,T47,T48,T49,T50,T51,T52,T53,T54,T55,T56,T57,T58,T59,T60,T61,T62,T63,T64,T65,T66,T67,T68,T69,T70,T71,T72,T73,T74,T75,T76,T77,T78,T79,T80,T81,T82,T83,T84,T85,T86,T87,T88,T89,T90,T91,T92,T93,T94,T95,T96,T97,T98,T99,T100,T101,T102,T103,T104,T105,T106,T107,T108,T109,T110,T111,T112,T113,T114,T115,T116,T117,T118,T119,T120,T121,T122,T123,T124,T125,T126,T127,T128,T129,T130,T131,T132,T133,T134,T135,T136,T137,T138,T139,T140,T141,T142,T143,T144,T145,T146,T147,T148,T149,T150,T151,T152,T153,T154,T155,T156,T157,T158,T159,T160,T161,T162,T163,T164,T165,T166,T167,T168,T169,T170,T171,T172,T173,T174,T175,T176,T177,T178,T179,T180,T181,T182,T183,T184,T185,T186,T187,T188,T189,T190,T191,T192,T193,T194,T195,T196,T197,T198,T199,T200,T201,T202,T203,T204,T205,T206,T207,T208,T209
STAT,(NULL),Coarsen,210,2982,2982,0,0,0,0,0,0,0,0,0,0,0,0,0,0,0,0,0,0,0,0,0,0,0,0,0,0,0,0,0,0,0,0,0,0,0,0,0,0,0,0,0,0,0,0,0,0,0,0,0,0,0,0,0,0,0,0,0,0,0,0,0,0,0,0,0,0,0,0,0,0,0,0,0,0,0,0,0,0,0,0,0,0,0,0,0,0,0,0,0,0,0,0,0,0,0,0,0,0,0,0,0,0,0,0,0,0,0,0,0,0,0,0,0,0,0,0,0,0,0,0,0,0,0,0,0,0,0,0,0,0,0,0,0,0,0,0,0,0,0,0,0,0,0,0,0,0,0,0,0,0,0,0,0,0,0,0,0,0,0,0,0,0,0,0,0,0,0,0,0,0,0,0,0,0,0,0,0,0,0,0,0,0,0,0,0,0,0,0,0,0,0,0,0,0,0,0,0,0,0,0,0,0,0,0,0,0,0,0,0
STAT,(NULL),Conflicts,210,0,0,0,0,0,0,0,0,0,0,0,0,0,0,0,0,0,0,0,0,0,0,0,0,0,0,0,0,0,0,0,0,0,0,0,0,0,0,0,0,0,0,0,0,0,0,0,0,0,0,0,0,0,0,0,0,0,0,0,0,0,0,0,0,0,0,0,0,0,0,0,0,0,0,0,0,0,0,0,0,0,0,0,0,0,0,0,0,0,0,0,0,0,0,0,0,0,0,0,0,0,0,0,0,0,0,0,0,0,0,0,0,0,0,0,0,0,0,0,0,0,0,0,0,0,0,0,0,0,0,0,0,0,0,0,0,0,0,0,0,0,0,0,0,0,0,0,0,0,0,0,0,0,0,0,0,0,0,0,0,0,0,0,0,0,0,0,0,0,0,0,0,0,0,0,0,0,0,0,0,0,0,0,0,0,0,0,0,0,0,0,0,0,0,0,0,0,0,0,0,0,0,0,0,0,0,0,0,0,0,0
STAT,(NULL),Iterations,210,2047,11,8,17,5,13,9,9,10,10,15,5,2,7,8,6,9,5,2,4,8,5,8,4,6,8,8,1,8,12,16,19,10,10,10,18,10,9,17,11,9,7,14,14,4,7,9,8,20,8,14,1,15,14,12,13,7,12,12,9,20,14,9,13,15,5,8,10,3,7,9,11,3,12,8,6,6,6,10,10,11,7,2,12,16,11,13,5,9,6,14,10,9,10,18,11,16,8,14,17,11,15,5,15,19,5,6,12,8,17,8,14,13,18,9,5,22,10,18,5,8,13,13,8,11,17,7,7,10,13,12,7,6,10,6,17,11,7,7,4,9,15,8,6,5,5,10,16,7,2,7,12,10,16,16,12,8,17,8,10,13,12,20,4,8,17,2,2,16,3,26,6,14,6,17,9,7,5,6,6,8,15,10,14,8,1,10,18,4,6,8,8,3,7,5,6,9,5,11,7,8,10,12,2,15,13,5,7,11,6,2
STAT,(NULL),MeminfoPost,210,756835,3610,3594,3610,3622,3606,3610,3602,3610,3595,3607,3598,3621,3624,3655,3619,3598,3602,3594,3596,3613,3604,3616,3615,3602,3616,3612,3590,3601,3592,3610,3611,3618,3593,3592,3598,3605,3601,3607,3615,3611,3616,3598,3615,3589,3598,3608,3617,3616,3658,3633,3599,3594,3594,3604,3603,3610,3613,3612,3614,3608,3609,3595,3595,3601,3603,3612,3619,3597,3592,3597,3603,3611,3607,3598,3610,3635,3605,3598,3610,3611,3610,3596,3615,3596,3601,3593,3595,3612,3590,3586,3604,3608,3613,3606,3598,3604,3595,3597,3591,3590,3590,3607,3590,3624,3627,3615,3598,3593,3596,3600,3622,3595,3586,3583,3591,3607,3609,3608,3620,3613,3602,3603,3598,3592,3606,3594,3599,3602,3584,3590,3589,3600,3584,3617,3593,3587,3607,3623,3630,3622,3623,3598,3595,3597,3617,3590,3585,3588,3606,3606,3610,3619,3602,3605,3590,3605,3595,3598,3593,3586,3595,3589,3610,3591,3589,3619,3630,3623,3630,3610,3600,3593,3594,3591,3602,3611,3626,3627,3616,3623,3623,3603,3590,3599,3609,3596,3611,3593,3594,3587,3586,3595,3599,3620,3588,3586,3581,3612,3572,3586,3621,3591,3593,3602,3609,3604,3603,3607,3598,3602
STAT,(NULL),MeminfoPre,210,189205,907,891,907,919,903,907,899,907,892,904,895,918,921,952,916,895,899,891,893,910,901,913,912,899,913,909,887,898,889,907,908,915,890,889,895,902,898,904,912,908,913,895,912,886,895,905,914,913,955,930,896,891,891,901,900,907,910,909,911,905,906,892,892,898,900,909,916,894,889,894,900,908,904,895,907,932,902,895,907,908,907,893,912,893,898,890,892,909,887,883,901,905,910,903,895,901,892,894,888,887,887,904,887,921,924,912,895,890,893,897,919,892,883,880,888,904,906,905,917,910,899,900,895,889,903,891,896,899,881,887,886,897,881,914,890,884,904,920,927,919,920,895,892,894,914,887,882,885,903,903,907,916,899,902,887,902,892,895,890,883,892,886,907,888,886,916,927,920,927,907,897,890,891,888,899,908,923,924,913,920,920,900,887,896,906,893,908,890,891,884,883,892,896,917,885,883,878,909,869,883,918,888,890,899,906,901,900,904,895,899
STAT,(NULL),Partition,210,1195,1195,0,0,0,0,0,0,0,0,0,0,0,0,0,0,0,0,0,0,0,0,0,0,0,0,0,0,0,0,0,0,0,0,0,0,0,0,0,0,0,0,0,0,0,0,0,0,0,0,0,0,0,0,0,0,0,0,0,0,0,0,0,0,0,0,0,0,0,0,0,0,0,0,0,0,0,0,0,0,0,0,0,0,0,0,0,0,0,0,0,0,0,0,0,0,0,0,0,0,0,0,0,0,0,0,0,0,0,0,0,0,0,0,0,0,0,0,0,0,0,0,0,0,0,0,0,0,0,0,0,0,0,0,0,0,0,0,0,0,0,0,0,0,0,0,0,0,0,0,0,0,0,0,0,0,0,0,0,0,0,0,0,0,0,0,0,0,0,0,0,0,0,0,0,0,0,0,0,0,0,0,0,0,0,0,0,0,0,0,0,0,0,0,0,0,0,0,0,0,0,0,0,0,0,0,0,0,0,0,0
STAT,(NULL),Refine,210,2084,2084,0,0,0,0,0,0,0,0,0,0,0,0,0,0,0,0,0,0,0,0,0,0,0,0,0,0,0,0,0,0,0,0,0,0,0,0,0,0,0,0,0,0,0,0,0,0,0,0,0,0,0,0,0,0,0,0,0,0,0,0,0,0,0,0,0,0,0,0,0,0,0,0,0,0,0,0,0,0,0,0,0,0,0,0,0,0,0,0,0,0,0,0,0,0,0,0,0,0,0,0,0,0,0,0,0,0,0,0,0,0,0,0,0,0,0,0,0,0,0,0,0,0,0,0,0,0,0,0,0,0,0,0,0,0,0,0,0,0,0,0,0,0,0,0,0,0,0,0,0,0,0,0,0,0,0,0,0,0,0,0,0,0,0,0,0,0,0,0,0,0,0,0,0,0,0,0,0,0,0,0,0,0,0,0,0,0,0,0,0,0,0,0,0,0,0,0,0,0,0,0,0,0,0,0,0,0,0,0,0
STAT,(NULL),Threads,210,210,210,0,0,0,0,0,0,0,0,0,0,0,0,0,0,0,0,0,0,0,0,0,0,0,0,0,0,0,0,0,0,0,0,0,0,0,0,0,0,0,0,0,0,0,0,0,0,0,0,0,0,0,0,0,0,0,0,0,0,0,0,0,0,0,0,0,0,0,0,0,0,0,0,0,0,0,0,0,0,0,0,0,0,0,0,0,0,0,0,0,0,0,0,0,0,0,0,0,0,0,0,0,0,0,0,0,0,0,0,0,0,0,0,0,0,0,0,0,0,0,0,0,0,0,0,0,0,0,0,0,0,0,0,0,0,0,0,0,0,0,0,0,0,0,0,0,0,0,0,0,0,0,0,0,0,0,0,0,0,0,0,0,0,0,0,0,0,0,0,0,0,0,0,0,0,0,0,0,0,0,0,0,0,0,0,0,0,0,0,0,0,0,0,0,0,0,0,0,0,0,0,0,0,0,0,0,0,0,0,0
STAT,(NULL),Time,210,6441,6441,0,0,0,0,0,0,0,0,0,0,0,0,0,0,0,0,0,0,0,0,0,0,0,0,0,0,0,0,0,0,0,0,0,0,0,0,0,0,0,0,0,0,0,0,0,0,0,0,0,0,0,0,0,0,0,0,0,0,0,0,0,0,0,0,0,0,0,0,0,0,0,0,0,0,0,0,0,0,0,0,0,0,0,0,0,0,0,0,0,0,0,0,0,0,0,0,0,0,0,0,0,0,0,0,0,0,0,0,0,0,0,0,0,0,0,0,0,0,0,0,0,0,0,0,0,0,0,0,0,0,0,0,0,0,0,0,0,0,0,0,0,0,0,0,0,0,0,0,0,0,0,0,0,0,0,0,0,0,0,0,0,0,0,0,0,0,0,0,0,0,0,0,0,0,0,0,0,0,0,0,0,0,0,0,0,0,0,0,0,0,0,0,0,0,0,0,0,0,0,0,0,0,0,0,0,0,0,0,0
STAT,match,Conflicts,210,5974,50,49,38,42,42,45,37,38,40,41,46,41,40,38,31,38,37,40,45,46,34,47,39,46,39,45,46,44,41,38,36,28,38,35,36,34,36,33,35,32,34,33,35,26,33,29,31,32,29,40,35,36,27,31,34,31,31,26,36,34,25,29,20,28,24,27,22,29,28,28,24,24,27,27,26,22,26,28,28,29,22,21,25,23,26,22,26,20,31,32,25,29,27,26,22,26,24,20,32,27,19,21,30,28,25,25,25,24,21,27,20,29,20,25,22,28,29,26,24,30,23,27,24,27,22,20,22,23,33,28,29,25,27,22,26,21,21,21,21,24,22,25,27,23,26,24,27,29,21,27,22,19,28,26,33,27,27,18,32,29,22,31,21,23,24,29,23,30,22,25,23,22,19,26,27,20,22,22,26,27,26,20,26,21,29,23,20,24,24,26,23,29,25,26,26,19,26,29,25,23,24,21,24,25,30,18,31,24,26,25
STAT,match,Iterations,210,15007390,49138,57582,63493,57828,50910,55501,62744,46431,60356,53513,38196,51880,59916,58653,55334,46694,71126,56911,64335,46979,60117,46950,53541,56763,56305,74088,49177,52418,81039,82358,92897,66319,69406,54755,66542,60346,51604,98700,75270,62929,51518,57679,47716,79981,78297,76458,78076,76957,55446,62464,45755,59354,79699,63634,67891,65487,65426,68849,58244,74565,84929,53159,74243,77516,52945,63792,72917,64800,70069,83969,93548,55673,75109,62846,63542,79798,69744,71204,61906,65514,57004,83690,62677,64095,68234,79639,81771,49065,70937,73201,80199,72828,61249,81582,72879,84365,67737,84594,89539,63319,88778,86419,68486,73042,64885,68949,67021,64744,76909,77774,89493,82089,96838,91674,67756,73120,84095,87043,101220,72913,74707,67200,80404,59440,68585,53133,78174,54521,69150,67837,79732,81139,75021,70992,64236,71168,97115,90718,93447,78397,91160,74252,54784,90201,72752,93901,66223,74607,69637,90225,100431,81516,82177,76467,94729,55419,80274,71015,82777,88653,68644,64198,90005,85109,68024,57319,84174,66784,79351,87405,52459,75264,80620,96011,74055,66622,67690,61435,77569,103220,78440,66163,71937,80343,71704,79396,56804,74082,69785,100373,62329,79697,72232,64833,87323,89480,83513,80385,57512,72871,69064,96513,80623,72945,66300,71244,85823,76700,79800,75287
STAT,popedge,Conflicts,210,0,0,0,0,0,0,0,0,0,0,0,0,0,0,0,0,0,0,0,0,0,0,0,0,0,0,0,0,0,0,0,0,0,0,0,0,0,0,0,0,0,0,0,0,0,0,0,0,0,0,0,0,0,0,0,0,0,0,0,0,0,0,0,0,0,0,0,0,0,0,0,0,0,0,0,0,0,0,0,0,0,0,0,0,0,0,0,0,0,0,0,0,0,0,0,0,0,0,0,0,0,0,0,0,0,0,0,0,0,0,0,0,0,0,0,0,0,0,0,0,0,0,0,0,0,0,0,0,0,0,0,0,0,0,0,0,0,0,0,0,0,0,0,0,0,0,0,0,0,0,0,0,0,0,0,0,0,0,0,0,0,0,0,0,0,0,0,0,0,0,0,0,0,0,0,0,0,0,0,0,0,0,0,0,0,0,0,0,0,0,0,0,0,0,0,0,0,0,0,0,0,0,0,0,0,0,0,0,0,0,0
STAT,popedge,Iterations,210,7352806,31615,32608,31349,31725,33239,31491,33418,32688,34067,31144,33408,33284,32996,33451,32763,32612,32449,31867,33306,32998,32056,32809,30834,32687,33209,32953,33033,36955,36761,35785,36908,35734,37210,37193,38796,38701,36708,37012,36595,36090,37344,36621,36211,37198,35575,36442,36789,37423,35942,36045,37709,38860,37190,38858,34866,39030,36831,37086,37670,36390,38105,33104,32331,33122,32188,32325,30711,32992,33194,34233,30790,32928,32032,31109,34186,32430,33756,32717,31546,33318,32679,30214,34060,34309,33005,31968,32191,32744,37895,40222,36775,39616,36013,36781,35642,38397,36833,37147,36098,36047,37226,36927,36725,37373,35912,37363,39023,37461,38376,37392,37802,39961,38065,36908,36554,37354,36425,38942,36017,39560,36913,37047,32532,32110,33934,33964,33831,33318,32726,33031,33613,31666,32587,32254,33004,33032,34240,31485,34672,32766,35824,33722,32854,33895,32945,34233,32611,32251,31390,38624,38264,35082,39940,35751,37273,36514,38734,38286,37081,35038,37274,36389,38761,37995,37130,35594,36524,36282,35708,37326,35751,40380,36345,36086,37486,37610,36345,38245,39785,38984,39770,38831,39650,33384,31028,33642,32970,33998,32622,32492,32065,32447,30018,32935,32269,32503,32374,31699,35242,34684,31742,34356,32095,32975,34621,33405,37309,33233,33872,31832
STAT,refine,Conflicts,210,5957,92,92,89,77,82,73,74,61,67,75,75,65,63,62,68,54,54,52,54,51,45,59,49,52,48,51,50,54,45,51,43,35,31,32,36,22,35,45,34,41,34,31,45,32,41,46,28,39,37,32,32,30,31,29,46,21,38,32,31,39,30,14,16,21,17,14,18,25,9,20,20,17,21,13,34,25,22,28,23,25,21,16,24,19,22,17,22,17,21,22,27,21,20,17,16,20,14,21,18,14,27,14,18,21,20,14,20,16,16,15,20,18,22,21,16,24,18,16,22,13,20,20,27,20,33,14,23,24,20,14,20,17,21,24,16,17,27,18,21,20,28,13,16,25,19,23,17,26,14,23,15,19,26,16,26,13,23,7,18,24,18,24,15,20,22,20,25,24,23,23,26,22,18,22,17,19,28,18,20,16,20,14,23,25,17,28,17,26,20,26,15,20,19,16,23,24,23,35,19,19,16,22,19,14,20,21,26,11,31,17
STAT,refine,Iterations,210,430104,1786,1618,1985,1756,1598,1453,2004,1566,1550,1410,1738,1925,1681,2461,2666,1361,2064,1760,1718,1273,1436,1825,1508,1802,1732,1934,1376,2248,2099,2496,2564,1561,2007,1716,2030,1583,1545,2706,2921,1555,2276,1525,2166,2567,1975,2630,2204,2632,2070,2325,1415,1678,2092,2037,2265,2164,2026,2654,2007,1738,1837,1880,1574,2015,1295,1931,1416,1845,1658,1972,1994,2047,1966,1482,2477,2570,1870,2118,2029,2445,1688,1677,2273,2149,2129,1832,2017,1955,2236,2252,2360,2505,2116,1965,1689,2274,1926,2206,2618,2068,1998,2425,1914,2345,2586,2431,2513,2343,2451,2458,2410,2152,2217,2522,1496,2404,2442,2458,2658,2546,1507,2142,2205,1656,2205,1191,2164,1621,1738,1429,2324,2234,1922,1962,1904,1885,2303,2496,2578,2807,2714,1418,1660,2277,2265,2062,1360,1838,1515,2858,2771,1786,2764,1635,2606,1500,2541,1467,2135,2427,1813,2399,2449,1940,1890,2358,2742,2851,3004,2052,1702,2383,2041,2676,2046,1961,2836,2160,3238,2746,2015,1578,1696,1991,1734,2188,1306,1949,1858,2411,1136,1565,1859,1481,2041,1696,1950,2519,1564,2323,2284,2269,1841,1743,2258,1863,2559,1809,2150,1721
