Hello from MIC
Galois Benchmark Suite v2.2.0 (r0)
Copyright (C) 2013 The University of Texas at Austin
http://iss.ices.utexas.edu/galois/

application: GMetis
Partitions a graph into K parts and minimizing the graph cut
http://iss.ices.utexas.edu/?p=projects/galois/benchmarks/gMetis

INFO: CommandLine /work/02556/dpereira/MIC/apps/gmetis/gmetis -t=134 /work/02556/dpereira/Inputs/USA-road-d.W.gr 128
INFO: Hostname c558-001-mic0.stampede.tacc.utexas.edu
Created Graph with 6262104 nodes and 15248146 edges
Nodes 6262104| Edges 15248146 7624073

  Starting coarsening: 
Time coarsen:  2382 Size of final graph: 3081

  Sarting initial partitioning using GGGP:
Size in decade percentages:  -1,7 -0,119 1,2
Time clustering:  430

  Sarting refinnement with BKL2
Initial dist
Size in decade percentages:  -1,7 -0,119 1,2
Refined dist
Size in decade percentages:  -1,39 -0,49 1,40
Time refinement:  1362


Time:  4352
Total edge cut : 7539

Part saved in : 0x7fffbd7cf2e0
STATTYPE,LOOP,CATEGORY,n,sum,T0,T1,T2,T3,T4,T5,T6,T7,T8,T9,T10,T11,T12,T13,T14,T15,T16,T17,T18,T19,T20,T21,T22,T23,T24,T25,T26,T27,T28,T29,T30,T31,T32,T33,T34,T35,T36,T37,T38,T39,T40,T41,T42,T43,T44,T45,T46,T47,T48,T49,T50,T51,T52,T53,T54,T55,T56,T57,T58,T59,T60,T61,T62,T63,T64,T65,T66,T67,T68,T69,T70,T71,T72,T73,T74,T75,T76,T77,T78,T79,T80,T81,T82,T83,T84,T85,T86,T87,T88,T89,T90,T91,T92,T93,T94,T95,T96,T97,T98,T99,T100,T101,T102,T103,T104,T105,T106,T107,T108,T109,T110,T111,T112,T113,T114,T115,T116,T117,T118,T119,T120,T121,T122,T123,T124,T125,T126,T127,T128,T129,T130,T131,T132,T133
STAT,(NULL),Coarsen,134,2382,2382,0,0,0,0,0,0,0,0,0,0,0,0,0,0,0,0,0,0,0,0,0,0,0,0,0,0,0,0,0,0,0,0,0,0,0,0,0,0,0,0,0,0,0,0,0,0,0,0,0,0,0,0,0,0,0,0,0,0,0,0,0,0,0,0,0,0,0,0,0,0,0,0,0,0,0,0,0,0,0,0,0,0,0,0,0,0,0,0,0,0,0,0,0,0,0,0,0,0,0,0,0,0,0,0,0,0,0,0,0,0,0,0,0,0,0,0,0,0,0,0,0,0,0,0,0,0,0,0,0,0,0,0,0
STAT,(NULL),Conflicts,134,0,0,0,0,0,0,0,0,0,0,0,0,0,0,0,0,0,0,0,0,0,0,0,0,0,0,0,0,0,0,0,0,0,0,0,0,0,0,0,0,0,0,0,0,0,0,0,0,0,0,0,0,0,0,0,0,0,0,0,0,0,0,0,0,0,0,0,0,0,0,0,0,0,0,0,0,0,0,0,0,0,0,0,0,0,0,0,0,0,0,0,0,0,0,0,0,0,0,0,0,0,0,0,0,0,0,0,0,0,0,0,0,0,0,0,0,0,0,0,0,0,0,0,0,0,0,0,0,0,0,0,0,0,0,0
STAT,(NULL),Iterations,134,255,8,4,1,0,0,0,1,2,0,0,0,2,3,2,0,4,0,1,1,0,3,0,6,4,0,3,1,0,2,3,3,0,0,0,2,3,4,1,0,0,4,2,5,1,3,0,2,4,1,3,4,0,1,0,7,0,0,3,1,6,6,4,1,0,1,2,0,0,0,3,0,2,2,4,2,0,5,1,5,2,0,7,0,5,3,4,5,0,5,3,2,0,0,1,0,2,2,0,0,2,1,2,1,6,0,1,0,2,3,8,1,3,0,2,2,4,0,0,2,0,1,1,7,5,1,0,2,1,0,3,0,3,0,1
STAT,(NULL),MeminfoPost,134,756471,5651,5647,5657,5652,5657,5623,5650,5665,5719,5656,5634,5636,5642,5667,5655,5658,5645,5632,5637,5673,5635,5627,5645,5640,5670,5649,5646,5644,5646,5656,5685,5696,5635,5639,5637,5652,5664,5660,5653,5629,5636,5654,5655,5631,5636,5650,5649,5651,5676,5640,5657,5645,5651,5633,5636,5649,5620,5634,5655,5651,5634,5640,5629,5627,5636,5638,5680,5657,5627,5633,5660,5624,5614,5643,5652,5661,5661,5637,5630,5643,5633,5635,5620,5631,5624,5647,5620,5672,5684,5671,5632,5634,5652,5614,5637,5651,5664,5644,5630,5640,5639,5620,5629,5640,5622,5660,5680,5683,5645,5636,5622,5639,5677,5675,5671,5663,5629,5648,5633,5643,5631,5616,5630,5654,5618,5618,5626,5654,5625,5633,5647,5648,5642,5641
STAT,(NULL),MeminfoPre,134,189115,1417,1413,1423,1418,1423,1389,1416,1431,1485,1422,1400,1402,1408,1433,1421,1424,1411,1398,1403,1439,1401,1393,1411,1406,1436,1415,1412,1410,1412,1422,1451,1462,1401,1405,1403,1418,1430,1426,1419,1395,1402,1420,1421,1397,1402,1416,1415,1417,1442,1406,1423,1411,1417,1399,1402,1415,1386,1400,1421,1417,1400,1406,1395,1393,1402,1404,1446,1423,1393,1399,1426,1390,1380,1409,1418,1427,1427,1403,1396,1409,1399,1401,1386,1397,1390,1413,1386,1438,1450,1437,1398,1400,1418,1380,1403,1417,1430,1410,1396,1406,1405,1386,1395,1406,1388,1426,1446,1449,1411,1402,1388,1405,1443,1441,1437,1429,1395,1414,1399,1409,1397,1382,1396,1420,1384,1384,1392,1420,1391,1399,1413,1414,1408,1407
STAT,(NULL),Partition,134,430,430,0,0,0,0,0,0,0,0,0,0,0,0,0,0,0,0,0,0,0,0,0,0,0,0,0,0,0,0,0,0,0,0,0,0,0,0,0,0,0,0,0,0,0,0,0,0,0,0,0,0,0,0,0,0,0,0,0,0,0,0,0,0,0,0,0,0,0,0,0,0,0,0,0,0,0,0,0,0,0,0,0,0,0,0,0,0,0,0,0,0,0,0,0,0,0,0,0,0,0,0,0,0,0,0,0,0,0,0,0,0,0,0,0,0,0,0,0,0,0,0,0,0,0,0,0,0,0,0,0,0,0,0,0
STAT,(NULL),Refine,134,1362,1362,0,0,0,0,0,0,0,0,0,0,0,0,0,0,0,0,0,0,0,0,0,0,0,0,0,0,0,0,0,0,0,0,0,0,0,0,0,0,0,0,0,0,0,0,0,0,0,0,0,0,0,0,0,0,0,0,0,0,0,0,0,0,0,0,0,0,0,0,0,0,0,0,0,0,0,0,0,0,0,0,0,0,0,0,0,0,0,0,0,0,0,0,0,0,0,0,0,0,0,0,0,0,0,0,0,0,0,0,0,0,0,0,0,0,0,0,0,0,0,0,0,0,0,0,0,0,0,0,0,0,0,0,0
STAT,(NULL),Threads,134,134,134,0,0,0,0,0,0,0,0,0,0,0,0,0,0,0,0,0,0,0,0,0,0,0,0,0,0,0,0,0,0,0,0,0,0,0,0,0,0,0,0,0,0,0,0,0,0,0,0,0,0,0,0,0,0,0,0,0,0,0,0,0,0,0,0,0,0,0,0,0,0,0,0,0,0,0,0,0,0,0,0,0,0,0,0,0,0,0,0,0,0,0,0,0,0,0,0,0,0,0,0,0,0,0,0,0,0,0,0,0,0,0,0,0,0,0,0,0,0,0,0,0,0,0,0,0,0,0,0,0,0,0,0,0
STAT,(NULL),Time,134,4352,4352,0,0,0,0,0,0,0,0,0,0,0,0,0,0,0,0,0,0,0,0,0,0,0,0,0,0,0,0,0,0,0,0,0,0,0,0,0,0,0,0,0,0,0,0,0,0,0,0,0,0,0,0,0,0,0,0,0,0,0,0,0,0,0,0,0,0,0,0,0,0,0,0,0,0,0,0,0,0,0,0,0,0,0,0,0,0,0,0,0,0,0,0,0,0,0,0,0,0,0,0,0,0,0,0,0,0,0,0,0,0,0,0,0,0,0,0,0,0,0,0,0,0,0,0,0,0,0,0,0,0,0,0,0
STAT,match,Conflicts,134,6193,73,58,66,72,65,68,76,65,57,62,66,56,73,75,58,58,56,39,62,44,53,61,45,73,48,59,64,66,51,50,49,55,44,43,56,48,43,51,45,51,51,57,43,54,49,44,55,43,44,44,48,55,47,53,48,50,52,51,47,57,46,44,32,39,37,44,41,47,32,36,41,37,30,42,29,27,41,43,31,47,35,42,39,37,47,34,50,50,31,33,35,44,43,36,52,42,33,32,49,36,49,29,44,35,41,38,39,35,37,38,35,47,36,40,32,33,49,41,41,44,53,46,35,33,42,41,34,34,35,38,47,35,39,36
STAT,match,Iterations,134,14996087,75387,85291,77638,84164,87112,83398,60060,75198,97203,79970,88803,92709,99420,89563,102751,109128,109318,107112,126303,96789,109293,101417,122895,92123,112626,102472,109880,103235,94268,90744,127133,105060,121799,121699,104225,100462,120172,112198,97695,117683,119607,99334,115614,90138,100018,92695,99073,112765,120150,114892,110798,103356,111612,109075,120602,111335,113758,122655,99002,114110,105606,108408,99949,122917,104150,102066,96132,105925,109451,103106,102890,114285,119338,121974,139645,143465,129690,140834,121913,125323,117131,117238,126208,131094,141856,128344,124450,101581,135140,133924,131200,113801,111648,146487,111956,119538,115269,131380,122210,130792,123611,127756,119244,137924,134282,120442,116140,99104,126935,115927,113038,116438,123139,129023,137543,133603,98592,117076,117919,120250,112372,107305,120079,102558,105414,109315,111810,112298,124070,112448,110937,120466,111354,124376
STAT,popedge,Conflicts,134,0,0,0,0,0,0,0,0,0,0,0,0,0,0,0,0,0,0,0,0,0,0,0,0,0,0,0,0,0,0,0,0,0,0,0,0,0,0,0,0,0,0,0,0,0,0,0,0,0,0,0,0,0,0,0,0,0,0,0,0,0,0,0,0,0,0,0,0,0,0,0,0,0,0,0,0,0,0,0,0,0,0,0,0,0,0,0,0,0,0,0,0,0,0,0,0,0,0,0,0,0,0,0,0,0,0,0,0,0,0,0,0,0,0,0,0,0,0,0,0,0,0,0,0,0,0,0,0,0,0,0,0,0,0,0
STAT,popedge,Iterations,134,7346395,49821,48152,46836,47632,48969,47284,51153,49585,49925,50273,51544,49724,56397,61632,54629,55483,57949,56821,57543,51472,58708,62717,56893,58747,56665,59505,57205,57572,59372,58652,57367,55141,58720,55486,59487,57017,55120,54652,56412,57295,55064,58297,57543,59602,57868,52338,52461,53906,51740,52237,51019,54911,56268,55443,55724,55553,57436,57487,57336,55737,58659,49599,45293,47380,47829,46897,47827,47269,50058,49541,47176,52665,51423,54352,58566,56900,55509,57021,58844,58274,53919,58436,60161,59562,60675,54804,56761,56645,59830,59182,60940,59462,53480,54988,57904,59245,55592,54397,53531,56927,55472,54654,58999,54007,53103,56748,54879,54826,54749,55361,55841,51882,56031,60946,58973,58006,61570,59430,60163,62618,62842,61248,47841,46223,50535,51218,46775,46638,51313,48435,49982,49702,53256,51079
STAT,refine,Conflicts,134,5088,106,104,106,93,82,96,88,88,72,84,85,77,70,63,73,59,56,43,64,60,71,66,47,58,65,64,48,49,53,57,47,44,43,32,28,45,32,34,51,44,44,49,39,46,38,31,44,42,46,47,43,45,34,36,32,31,35,27,40,49,33,25,13,34,24,21,25,24,24,22,19,20,23,24,23,29,26,29,14,23,22,29,39,20,29,23,28,21,24,18,15,26,25,22,16,23,30,23,31,30,31,27,27,21,28,23,17,25,23,19,17,26,28,22,24,15,24,14,17,23,25,25,30,30,21,18,15,29,35,21,15,21,21,17
STAT,refine,Iterations,134,128604,802,830,1030,763,705,929,1044,771,1302,944,829,755,828,943,1222,792,1151,665,1075,1121,1015,1185,886,801,1287,1010,1041,937,1216,878,1238,1152,936,597,733,896,712,897,794,883,957,1030,1080,941,720,840,721,1157,1151,869,1043,998,874,916,987,796,893,984,819,1074,800,815,562,811,734,694,996,1340,1115,998,847,770,918,801,1043,1214,946,1322,865,1036,1070,1149,1191,927,1076,1003,977,1011,1352,1311,1043,1084,1154,908,849,1077,874,1064,1084,969,908,1078,912,1101,896,1038,1063,969,1131,917,1067,1019,1204,1064,1120,825,860,757,918,1026,1129,973,791,669,656,673,691,996,1233,927,1165,819,669,1095
