Hello from MIC
Galois Benchmark Suite v2.2.0 (r0)
Copyright (C) 2013 The University of Texas at Austin
http://iss.ices.utexas.edu/galois/

application: GMetis
Partitions a graph into K parts and minimizing the graph cut
http://iss.ices.utexas.edu/?p=projects/galois/benchmarks/gMetis

INFO: CommandLine /work/02556/dpereira/MIC/apps/gmetis/gmetis -t=199 /work/02556/dpereira/Inputs/USA-road-d.W.gr 128
INFO: Hostname c558-003-mic0.stampede.tacc.utexas.edu
Created Graph with 6262104 nodes and 15248146 edges
Nodes 6262104| Edges 15248146 7624073

  Starting coarsening: 
Time coarsen:  3220 Size of final graph: 3145

  Sarting initial partitioning using GGGP:
Size in decade percentages:  -1,4 -0,118 1,6
Time clustering:  453

  Sarting refinnement with BKL2
Initial dist
Size in decade percentages:  -1,4 -0,118 1,6
Refined dist
Size in decade percentages:  -1,46 -0,37 1,45
Time refinement:  2163


Time:  6015
Total edge cut : 8439

Part saved in : 0x7fff8e605de0
STATTYPE,LOOP,CATEGORY,n,sum,T0,T1,T2,T3,T4,T5,T6,T7,T8,T9,T10,T11,T12,T13,T14,T15,T16,T17,T18,T19,T20,T21,T22,T23,T24,T25,T26,T27,T28,T29,T30,T31,T32,T33,T34,T35,T36,T37,T38,T39,T40,T41,T42,T43,T44,T45,T46,T47,T48,T49,T50,T51,T52,T53,T54,T55,T56,T57,T58,T59,T60,T61,T62,T63,T64,T65,T66,T67,T68,T69,T70,T71,T72,T73,T74,T75,T76,T77,T78,T79,T80,T81,T82,T83,T84,T85,T86,T87,T88,T89,T90,T91,T92,T93,T94,T95,T96,T97,T98,T99,T100,T101,T102,T103,T104,T105,T106,T107,T108,T109,T110,T111,T112,T113,T114,T115,T116,T117,T118,T119,T120,T121,T122,T123,T124,T125,T126,T127,T128,T129,T130,T131,T132,T133,T134,T135,T136,T137,T138,T139,T140,T141,T142,T143,T144,T145,T146,T147,T148,T149,T150,T151,T152,T153,T154,T155,T156,T157,T158,T159,T160,T161,T162,T163,T164,T165,T166,T167,T168,T169,T170,T171,T172,T173,T174,T175,T176,T177,T178,T179,T180,T181,T182,T183,T184,T185,T186,T187,T188,T189,T190,T191,T192,T193,T194,T195,T196,T197,T198
STAT,(NULL),Coarsen,199,3220,3220,0,0,0,0,0,0,0,0,0,0,0,0,0,0,0,0,0,0,0,0,0,0,0,0,0,0,0,0,0,0,0,0,0,0,0,0,0,0,0,0,0,0,0,0,0,0,0,0,0,0,0,0,0,0,0,0,0,0,0,0,0,0,0,0,0,0,0,0,0,0,0,0,0,0,0,0,0,0,0,0,0,0,0,0,0,0,0,0,0,0,0,0,0,0,0,0,0,0,0,0,0,0,0,0,0,0,0,0,0,0,0,0,0,0,0,0,0,0,0,0,0,0,0,0,0,0,0,0,0,0,0,0,0,0,0,0,0,0,0,0,0,0,0,0,0,0,0,0,0,0,0,0,0,0,0,0,0,0,0,0,0,0,0,0,0,0,0,0,0,0,0,0,0,0,0,0,0,0,0,0,0,0,0,0,0,0,0,0,0,0,0,0,0,0,0,0,0,0
STAT,(NULL),Conflicts,199,0,0,0,0,0,0,0,0,0,0,0,0,0,0,0,0,0,0,0,0,0,0,0,0,0,0,0,0,0,0,0,0,0,0,0,0,0,0,0,0,0,0,0,0,0,0,0,0,0,0,0,0,0,0,0,0,0,0,0,0,0,0,0,0,0,0,0,0,0,0,0,0,0,0,0,0,0,0,0,0,0,0,0,0,0,0,0,0,0,0,0,0,0,0,0,0,0,0,0,0,0,0,0,0,0,0,0,0,0,0,0,0,0,0,0,0,0,0,0,0,0,0,0,0,0,0,0,0,0,0,0,0,0,0,0,0,0,0,0,0,0,0,0,0,0,0,0,0,0,0,0,0,0,0,0,0,0,0,0,0,0,0,0,0,0,0,0,0,0,0,0,0,0,0,0,0,0,0,0,0,0,0,0,0,0,0,0,0,0,0,0,0,0,0,0,0,0,0,0,0
STAT,(NULL),Iterations,199,255,8,0,0,1,0,0,0,4,1,4,0,0,0,0,3,4,1,2,3,1,0,1,0,0,0,1,0,0,2,3,1,0,0,1,0,0,3,0,0,0,5,0,0,1,2,1,0,0,0,3,2,0,3,0,0,2,6,0,0,0,2,6,4,0,0,5,4,3,2,0,6,0,1,0,1,2,1,3,5,1,3,0,4,2,2,0,0,0,1,0,3,1,0,0,3,0,0,0,1,0,0,5,0,0,0,1,2,2,2,1,6,0,1,1,0,0,0,0,0,3,3,0,7,4,3,0,1,0,1,0,0,0,0,0,2,1,1,0,0,1,1,3,1,0,2,0,2,1,0,3,0,4,3,1,0,0,0,0,0,0,5,0,1,0,2,2,0,0,0,0,0,3,4,0,3,0,3,0,1,1,0,1,2,7,0,0,4,2,0,0,3,0,2,0,0,4,0,1,0
STAT,(NULL),MeminfoPost,199,757206,3810,3794,3820,3817,3814,3801,3802,3807,3793,3816,3814,3812,3865,3829,3802,3796,3797,3798,3815,3804,3813,3830,3799,3813,3810,3790,3797,3802,3818,3814,3798,3796,3795,3805,3805,3807,3818,3811,3812,3803,3809,3793,3812,3804,3822,3835,3851,3814,3794,3802,3796,3802,3815,3811,3815,3812,3812,3813,3789,3802,3798,3812,3821,3795,3801,3791,3804,3806,3814,3802,3806,3838,3807,3799,3813,3814,3803,3800,3813,3798,3798,3796,3813,3794,3784,3800,3813,3811,3808,3800,3803,3796,3799,3786,3796,3801,3793,3804,3828,3829,3803,3791,3800,3795,3827,3793,3788,3783,3793,3807,3809,3814,3817,3815,3800,3806,3790,3811,3793,3799,3801,3791,3792,3786,3799,3785,3818,3793,3787,3817,3824,3834,3824,3815,3794,3796,3812,3801,3786,3786,3803,3806,3813,3819,3804,3806,3790,3806,3797,3801,3788,3790,3797,3788,3810,3787,3812,3830,3823,3837,3813,3801,3794,3794,3792,3804,3811,3831,3832,3813,3827,3821,3794,3797,3817,3790,3806,3799,3794,3786,3789,3795,3792,3834,3782,3784,3782,3801,3792,3811,3792,3791,3802,3805,3809,3806,3806,3796,3807
STAT,(NULL),MeminfoPre,199,189260,956,940,966,963,960,947,948,953,939,962,960,958,1011,975,948,942,943,944,961,950,959,976,945,959,956,936,943,948,964,960,944,942,941,951,951,953,964,957,958,949,955,939,958,950,968,981,997,960,940,948,942,948,961,957,961,958,958,959,935,948,944,958,967,941,947,937,950,952,960,948,952,984,953,945,959,960,949,946,959,944,944,942,959,940,930,946,959,957,954,946,949,942,945,932,942,947,939,950,974,975,949,937,946,941,973,939,934,929,939,953,955,960,963,961,946,952,936,957,939,945,947,937,938,932,945,931,964,939,933,963,970,980,970,961,940,942,958,947,932,932,949,952,959,965,950,952,936,952,943,947,934,936,943,934,956,933,958,976,969,983,959,947,940,940,938,950,957,977,978,959,973,967,940,943,963,936,952,945,940,932,935,941,938,980,928,930,928,947,938,957,938,937,948,951,955,952,952,942,953
STAT,(NULL),Partition,199,453,453,0,0,0,0,0,0,0,0,0,0,0,0,0,0,0,0,0,0,0,0,0,0,0,0,0,0,0,0,0,0,0,0,0,0,0,0,0,0,0,0,0,0,0,0,0,0,0,0,0,0,0,0,0,0,0,0,0,0,0,0,0,0,0,0,0,0,0,0,0,0,0,0,0,0,0,0,0,0,0,0,0,0,0,0,0,0,0,0,0,0,0,0,0,0,0,0,0,0,0,0,0,0,0,0,0,0,0,0,0,0,0,0,0,0,0,0,0,0,0,0,0,0,0,0,0,0,0,0,0,0,0,0,0,0,0,0,0,0,0,0,0,0,0,0,0,0,0,0,0,0,0,0,0,0,0,0,0,0,0,0,0,0,0,0,0,0,0,0,0,0,0,0,0,0,0,0,0,0,0,0,0,0,0,0,0,0,0,0,0,0,0,0,0,0,0,0,0,0
STAT,(NULL),Refine,199,2163,2163,0,0,0,0,0,0,0,0,0,0,0,0,0,0,0,0,0,0,0,0,0,0,0,0,0,0,0,0,0,0,0,0,0,0,0,0,0,0,0,0,0,0,0,0,0,0,0,0,0,0,0,0,0,0,0,0,0,0,0,0,0,0,0,0,0,0,0,0,0,0,0,0,0,0,0,0,0,0,0,0,0,0,0,0,0,0,0,0,0,0,0,0,0,0,0,0,0,0,0,0,0,0,0,0,0,0,0,0,0,0,0,0,0,0,0,0,0,0,0,0,0,0,0,0,0,0,0,0,0,0,0,0,0,0,0,0,0,0,0,0,0,0,0,0,0,0,0,0,0,0,0,0,0,0,0,0,0,0,0,0,0,0,0,0,0,0,0,0,0,0,0,0,0,0,0,0,0,0,0,0,0,0,0,0,0,0,0,0,0,0,0,0,0,0,0,0,0,0
STAT,(NULL),Threads,199,199,199,0,0,0,0,0,0,0,0,0,0,0,0,0,0,0,0,0,0,0,0,0,0,0,0,0,0,0,0,0,0,0,0,0,0,0,0,0,0,0,0,0,0,0,0,0,0,0,0,0,0,0,0,0,0,0,0,0,0,0,0,0,0,0,0,0,0,0,0,0,0,0,0,0,0,0,0,0,0,0,0,0,0,0,0,0,0,0,0,0,0,0,0,0,0,0,0,0,0,0,0,0,0,0,0,0,0,0,0,0,0,0,0,0,0,0,0,0,0,0,0,0,0,0,0,0,0,0,0,0,0,0,0,0,0,0,0,0,0,0,0,0,0,0,0,0,0,0,0,0,0,0,0,0,0,0,0,0,0,0,0,0,0,0,0,0,0,0,0,0,0,0,0,0,0,0,0,0,0,0,0,0,0,0,0,0,0,0,0,0,0,0,0,0,0,0,0,0,0
STAT,(NULL),Time,199,6015,6015,0,0,0,0,0,0,0,0,0,0,0,0,0,0,0,0,0,0,0,0,0,0,0,0,0,0,0,0,0,0,0,0,0,0,0,0,0,0,0,0,0,0,0,0,0,0,0,0,0,0,0,0,0,0,0,0,0,0,0,0,0,0,0,0,0,0,0,0,0,0,0,0,0,0,0,0,0,0,0,0,0,0,0,0,0,0,0,0,0,0,0,0,0,0,0,0,0,0,0,0,0,0,0,0,0,0,0,0,0,0,0,0,0,0,0,0,0,0,0,0,0,0,0,0,0,0,0,0,0,0,0,0,0,0,0,0,0,0,0,0,0,0,0,0,0,0,0,0,0,0,0,0,0,0,0,0,0,0,0,0,0,0,0,0,0,0,0,0,0,0,0,0,0,0,0,0,0,0,0,0,0,0,0,0,0,0,0,0,0,0,0,0,0,0,0,0,0,0
STAT,match,Conflicts,199,6170,49,45,40,49,48,58,43,46,45,38,48,45,45,45,43,44,47,37,38,41,46,41,43,40,43,45,37,40,34,42,41,45,42,36,33,36,37,35,32,36,36,41,47,45,43,41,37,30,35,43,30,42,41,28,44,33,39,35,37,27,32,33,36,20,32,33,30,28,24,19,30,23,26,31,29,24,23,27,29,25,30,30,26,22,25,31,30,29,26,24,20,24,32,30,27,29,24,31,25,23,29,25,25,45,28,23,34,27,31,23,28,25,24,29,28,27,25,24,25,22,27,30,26,28,28,27,24,27,18,27,18,32,21,20,29,23,24,26,25,22,28,30,25,25,22,28,31,32,25,30,32,29,30,30,31,22,27,29,27,22,29,25,25,25,33,28,26,31,27,30,28,27,25,32,24,29,27,26,27,29,34,25,31,25,23,23,27,28,26,26,23,25,24,22,24,21,30,29,23
STAT,match,Iterations,199,15034666,58135,57556,71816,63682,52555,57210,64253,60968,45210,63430,72911,67278,58670,59575,58747,51833,74636,74973,66320,66353,71759,56666,73617,105633,61960,58251,65902,64087,68372,60631,70747,57734,66171,80611,54731,62737,61665,59625,84272,77725,70969,65718,62214,69030,52636,62605,73002,84436,74761,63557,80751,69917,98112,68232,61595,63681,62498,70449,61331,60346,83658,84541,67244,77539,77847,57608,85745,69272,72242,90078,85155,69987,77552,75245,73942,71201,77297,99360,67517,77685,86546,65952,85677,89293,76113,88186,66790,98363,69890,79938,79195,92737,76831,88009,69410,89178,77557,76929,78160,90279,90668,94701,69031,86321,71842,100850,72724,77705,104196,87959,73507,74706,103269,81146,80374,85882,85411,78821,86632,103800,75908,89967,71224,84537,66990,89042,80301,70953,92949,82071,73586,59354,75217,81841,81699,69550,89725,60582,82073,107485,105418,76263,69654,95483,81352,89097,60983,88121,83741,71921,78824,80096,90760,77885,84825,89910,65157,55090,89618,70138,82321,80203,85235,99680,61473,83058,85461,70323,90405,67035,66601,84279,72881,85880,70988,63411,83815,68540,76615,88522,74840,87615,81021,67556,68590,77222,93687,80186,78583,83339,68102,53782,67356,70818,86459,89216,47218,64370,78450
STAT,popedge,Conflicts,199,0,0,0,0,0,0,0,0,0,0,0,0,0,0,0,0,0,0,0,0,0,0,0,0,0,0,0,0,0,0,0,0,0,0,0,0,0,0,0,0,0,0,0,0,0,0,0,0,0,0,0,0,0,0,0,0,0,0,0,0,0,0,0,0,0,0,0,0,0,0,0,0,0,0,0,0,0,0,0,0,0,0,0,0,0,0,0,0,0,0,0,0,0,0,0,0,0,0,0,0,0,0,0,0,0,0,0,0,0,0,0,0,0,0,0,0,0,0,0,0,0,0,0,0,0,0,0,0,0,0,0,0,0,0,0,0,0,0,0,0,0,0,0,0,0,0,0,0,0,0,0,0,0,0,0,0,0,0,0,0,0,0,0,0,0,0,0,0,0,0,0,0,0,0,0,0,0,0,0,0,0,0,0,0,0,0,0,0,0,0,0,0,0,0,0,0,0,0,0,0
STAT,popedge,Iterations,199,7365636,34846,34877,31669,34792,32524,34566,32853,33889,31771,34477,34887,33778,32939,32233,33168,33578,37222,37575,38118,38414,36907,37407,36157,37836,38397,39220,39534,36875,37442,39313,37796,39192,38906,37760,35963,37214,38226,38298,38607,35620,39476,39710,39283,36573,39160,40022,36632,39057,36303,40748,36810,40977,37842,38047,38765,39923,38918,39674,39181,38242,40686,32501,34513,31454,34272,34571,33955,32080,33799,33417,34765,31226,32169,33000,31002,32023,31567,35698,37411,38090,37017,37813,38045,36949,40083,36664,39426,36357,37765,36088,36565,38105,39144,37451,38259,33609,38121,38104,35985,37435,34052,41007,38024,38787,36647,38928,37222,41165,40854,37639,41297,36294,39321,39297,39068,38045,38762,37418,39654,38431,39206,41236,33076,34897,33030,32896,32547,34475,34695,35887,32798,34460,33528,35716,34651,34359,33540,33499,39257,39874,35473,38632,36934,36135,36015,39213,38421,39199,38277,37843,37020,38639,37207,39229,40602,40284,39826,37572,37561,36757,38392,36230,39804,38717,39114,36916,39093,40987,38394,39956,41804,39684,42835,38296,41632,39163,43722,40895,41384,42848,40316,39522,41396,33267,37834,35361,34911,32146,37151,33232,35873,34622,35598,34962,33335,35802,34804,36757,35130
STAT,refine,Conflicts,199,6545,108,99,111,112,93,98,103,90,86,84,88,83,88,81,79,60,57,67,61,70,49,65,63,60,63,61,66,61,55,67,41,40,33,45,54,43,48,49,42,41,35,21,45,40,43,45,36,43,38,45,52,44,49,32,53,30,37,40,37,47,42,23,19,14,20,15,32,15,13,15,18,25,20,25,23,28,20,25,23,27,16,17,29,14,15,22,18,33,22,20,24,23,25,15,23,22,20,27,25,26,24,18,16,26,18,20,33,18,20,23,23,13,28,29,12,27,19,20,22,19,22,27,23,23,17,19,20,14,23,25,17,22,26,24,18,25,19,15,30,27,19,26,19,19,21,25,24,20,16,24,26,32,15,18,18,18,18,28,24,21,23,22,15,15,13,20,26,13,19,21,27,22,20,27,20,21,22,12,25,24,13,22,19,32,11,21,19,17,21,25,25,21,18,15,21,24,22,24,19
STAT,refine,Iterations,199,140172,819,743,878,826,632,605,631,709,471,871,825,840,1106,855,794,600,602,719,719,670,525,832,690,808,502,757,650,569,698,766,669,670,599,756,579,623,874,701,642,790,720,478,708,590,687,873,868,905,545,585,733,767,1177,496,920,482,678,550,646,576,852,635,719,424,636,408,638,487,653,595,898,749,693,943,732,763,612,685,577,652,722,482,920,432,648,664,500,857,693,534,704,458,630,588,644,613,666,779,897,838,711,773,641,967,821,754,696,792,880,755,633,595,885,1076,615,804,462,556,663,655,494,998,637,775,592,721,591,571,731,810,567,722,829,925,902,687,796,639,650,636,700,712,577,810,775,799,516,729,590,654,491,774,586,746,765,782,625,760,925,840,738,844,520,604,741,763,966,681,643,761,687,506,698,957,1008,647,895,360,660,752,441,678,864,858,552,640,607,630,613,661,701,400,680,659,826,885,883,753,1028
