Hello from MIC
Galois Benchmark Suite v2.2.0 (r0)
Copyright (C) 2013 The University of Texas at Austin
http://iss.ices.utexas.edu/galois/

application: GMetis
Partitions a graph into K parts and minimizing the graph cut
http://iss.ices.utexas.edu/?p=projects/galois/benchmarks/gMetis

INFO: CommandLine /work/02556/dpereira/MIC/apps/gmetis/gmetis -t=133 /work/02556/dpereira/Inputs/USA-road-d.W.gr 1024
INFO: Hostname c558-401-mic0.stampede.tacc.utexas.edu
Created Graph with 6262104 nodes and 15248146 edges
Nodes 6262104| Edges 15248146 7624073

  Starting coarsening: 
Time coarsen:  2139 Size of final graph: 21703

  Sarting initial partitioning using GGGP:
Size in decade percentages:  -1,73 -0,881 1,70
Time clustering:  1007

  Sarting refinnement with BKL2
Initial dist
Size in decade percentages:  -1,73 -0,881 1,70
Refined dist
Size in decade percentages:  -1,370 0,283 1,370 4,1
Time refinement:  1226


Time:  4551
Total edge cut : 31192

Part saved in : 0x7fff7e8bcfe0
STATTYPE,LOOP,CATEGORY,n,sum,T0,T1,T2,T3,T4,T5,T6,T7,T8,T9,T10,T11,T12,T13,T14,T15,T16,T17,T18,T19,T20,T21,T22,T23,T24,T25,T26,T27,T28,T29,T30,T31,T32,T33,T34,T35,T36,T37,T38,T39,T40,T41,T42,T43,T44,T45,T46,T47,T48,T49,T50,T51,T52,T53,T54,T55,T56,T57,T58,T59,T60,T61,T62,T63,T64,T65,T66,T67,T68,T69,T70,T71,T72,T73,T74,T75,T76,T77,T78,T79,T80,T81,T82,T83,T84,T85,T86,T87,T88,T89,T90,T91,T92,T93,T94,T95,T96,T97,T98,T99,T100,T101,T102,T103,T104,T105,T106,T107,T108,T109,T110,T111,T112,T113,T114,T115,T116,T117,T118,T119,T120,T121,T122,T123,T124,T125,T126,T127,T128,T129,T130,T131,T132
STAT,(NULL),Coarsen,133,2139,2139,0,0,0,0,0,0,0,0,0,0,0,0,0,0,0,0,0,0,0,0,0,0,0,0,0,0,0,0,0,0,0,0,0,0,0,0,0,0,0,0,0,0,0,0,0,0,0,0,0,0,0,0,0,0,0,0,0,0,0,0,0,0,0,0,0,0,0,0,0,0,0,0,0,0,0,0,0,0,0,0,0,0,0,0,0,0,0,0,0,0,0,0,0,0,0,0,0,0,0,0,0,0,0,0,0,0,0,0,0,0,0,0,0,0,0,0,0,0,0,0,0,0,0,0,0,0,0,0,0,0,0,0
STAT,(NULL),Conflicts,133,0,0,0,0,0,0,0,0,0,0,0,0,0,0,0,0,0,0,0,0,0,0,0,0,0,0,0,0,0,0,0,0,0,0,0,0,0,0,0,0,0,0,0,0,0,0,0,0,0,0,0,0,0,0,0,0,0,0,0,0,0,0,0,0,0,0,0,0,0,0,0,0,0,0,0,0,0,0,0,0,0,0,0,0,0,0,0,0,0,0,0,0,0,0,0,0,0,0,0,0,0,0,0,0,0,0,0,0,0,0,0,0,0,0,0,0,0,0,0,0,0,0,0,0,0,0,0,0,0,0,0,0,0,0
STAT,(NULL),Iterations,133,2047,11,15,7,3,6,18,9,16,5,8,11,22,12,21,12,11,20,22,10,17,16,17,10,14,23,14,20,22,22,26,12,27,25,16,15,18,22,7,22,11,10,12,13,10,17,25,18,19,19,26,9,15,32,13,16,11,19,16,13,21,17,5,11,5,4,6,14,6,15,11,7,11,11,14,17,18,13,19,12,20,15,24,26,10,12,19,16,10,17,24,17,26,23,38,20,14,22,20,19,19,11,21,14,18,12,19,18,13,16,17,14,16,18,10,21,15,13,6,18,11,22,19,19,15,9,16,9,4,15,13,6,9,14
STAT,(NULL),MeminfoPost,133,756477,5693,5691,5701,5693,5700,5663,5693,5707,5764,5695,5675,5674,5697,5695,5706,5697,5683,5675,5689,5705,5680,5669,5689,5691,5700,5701,5680,5688,5683,5711,5749,5716,5675,5681,5688,5691,5717,5686,5691,5676,5676,5706,5684,5672,5685,5700,5680,5716,5699,5687,5701,5681,5694,5678,5673,5690,5659,5689,5704,5684,5679,5678,5662,5671,5680,5711,5712,5677,5675,5700,5676,5660,5671,5693,5700,5705,5685,5675,5691,5673,5681,5667,5655,5673,5693,5667,5694,5724,5725,5680,5676,5695,5662,5672,5689,5703,5691,5676,5683,5679,5672,5663,5673,5678,5687,5727,5724,5694,5674,5667,5684,5707,5727,5712,5709,5673,5697,5672,5680,5672,5660,5675,5704,5656,5655,5672,5693,5666,5679,5689,5691,5685,5685
STAT,(NULL),MeminfoPre,133,189099,1427,1425,1435,1427,1434,1397,1427,1441,1498,1429,1409,1408,1431,1429,1440,1431,1417,1409,1423,1439,1414,1403,1423,1425,1434,1435,1414,1422,1417,1445,1483,1450,1409,1415,1422,1425,1451,1420,1425,1410,1410,1440,1418,1406,1419,1434,1414,1450,1433,1421,1435,1415,1428,1412,1407,1424,1393,1423,1438,1418,1413,1412,1396,1405,1414,1445,1446,1411,1409,1434,1410,1394,1405,1427,1434,1439,1419,1409,1425,1407,1415,1401,1389,1407,1427,1401,1428,1458,1459,1414,1410,1429,1396,1406,1423,1437,1425,1410,1417,1413,1406,1397,1407,1412,1421,1461,1458,1428,1408,1401,1418,1441,1461,1446,1443,1407,1431,1406,1414,1406,1394,1409,1438,1390,1389,1406,1427,1400,1413,1423,1425,1419,1419
STAT,(NULL),Partition,133,1007,1007,0,0,0,0,0,0,0,0,0,0,0,0,0,0,0,0,0,0,0,0,0,0,0,0,0,0,0,0,0,0,0,0,0,0,0,0,0,0,0,0,0,0,0,0,0,0,0,0,0,0,0,0,0,0,0,0,0,0,0,0,0,0,0,0,0,0,0,0,0,0,0,0,0,0,0,0,0,0,0,0,0,0,0,0,0,0,0,0,0,0,0,0,0,0,0,0,0,0,0,0,0,0,0,0,0,0,0,0,0,0,0,0,0,0,0,0,0,0,0,0,0,0,0,0,0,0,0,0,0,0,0,0
STAT,(NULL),Refine,133,1226,1226,0,0,0,0,0,0,0,0,0,0,0,0,0,0,0,0,0,0,0,0,0,0,0,0,0,0,0,0,0,0,0,0,0,0,0,0,0,0,0,0,0,0,0,0,0,0,0,0,0,0,0,0,0,0,0,0,0,0,0,0,0,0,0,0,0,0,0,0,0,0,0,0,0,0,0,0,0,0,0,0,0,0,0,0,0,0,0,0,0,0,0,0,0,0,0,0,0,0,0,0,0,0,0,0,0,0,0,0,0,0,0,0,0,0,0,0,0,0,0,0,0,0,0,0,0,0,0,0,0,0,0,0
STAT,(NULL),Threads,133,133,133,0,0,0,0,0,0,0,0,0,0,0,0,0,0,0,0,0,0,0,0,0,0,0,0,0,0,0,0,0,0,0,0,0,0,0,0,0,0,0,0,0,0,0,0,0,0,0,0,0,0,0,0,0,0,0,0,0,0,0,0,0,0,0,0,0,0,0,0,0,0,0,0,0,0,0,0,0,0,0,0,0,0,0,0,0,0,0,0,0,0,0,0,0,0,0,0,0,0,0,0,0,0,0,0,0,0,0,0,0,0,0,0,0,0,0,0,0,0,0,0,0,0,0,0,0,0,0,0,0,0,0,0
STAT,(NULL),Time,133,4551,4551,0,0,0,0,0,0,0,0,0,0,0,0,0,0,0,0,0,0,0,0,0,0,0,0,0,0,0,0,0,0,0,0,0,0,0,0,0,0,0,0,0,0,0,0,0,0,0,0,0,0,0,0,0,0,0,0,0,0,0,0,0,0,0,0,0,0,0,0,0,0,0,0,0,0,0,0,0,0,0,0,0,0,0,0,0,0,0,0,0,0,0,0,0,0,0,0,0,0,0,0,0,0,0,0,0,0,0,0,0,0,0,0,0,0,0,0,0,0,0,0,0,0,0,0,0,0,0,0,0,0,0,0
STAT,match,Conflicts,133,5958,75,66,64,68,65,72,60,66,63,68,72,69,70,50,73,58,47,61,55,57,51,58,52,51,50,56,49,53,43,58,65,41,44,62,50,39,54,51,49,51,46,44,45,38,48,41,41,48,39,51,44,47,42,45,56,40,44,39,55,66,46,43,37,31,32,37,35,38,32,35,38,37,37,45,28,47,39,38,41,43,41,39,37,41,37,35,39,38,32,34,41,35,32,40,45,36,42,49,38,44,32,37,30,39,31,40,30,37,35,36,38,34,46,48,40,48,43,25,32,32,43,41,39,29,35,39,31,33,31,38,35,31,41
STAT,match,Iterations,133,14953384,75579,79843,85921,73278,95532,94011,72299,84991,90488,80908,73910,101119,86830,111397,93405,110888,116183,92202,105534,95493,117241,118303,99418,110225,97412,109689,109912,109423,107778,107873,83743,105098,110543,120268,90225,124535,106033,114070,116903,103553,124787,108751,111785,117615,102679,126229,113194,105611,111300,96344,117141,117605,116247,111066,114878,121120,124454,99568,115952,90895,103609,82125,94253,110107,91391,97730,112106,116384,104374,101807,107683,105489,131535,140131,122756,123987,139232,139050,110513,136551,126431,130615,139724,125212,135404,105291,135338,120344,131271,138393,138032,118985,142194,119733,135053,132087,117504,131754,127405,116914,118404,127872,126163,123174,136108,102268,121692,107479,132816,121435,116976,101109,123913,103331,129156,117419,124046,139495,129841,146182,114717,128768,117724,91731,130657,96618,106760,111943,106016,101938,113916,110070,105873
STAT,popedge,Conflicts,133,0,0,0,0,0,0,0,0,0,0,0,0,0,0,0,0,0,0,0,0,0,0,0,0,0,0,0,0,0,0,0,0,0,0,0,0,0,0,0,0,0,0,0,0,0,0,0,0,0,0,0,0,0,0,0,0,0,0,0,0,0,0,0,0,0,0,0,0,0,0,0,0,0,0,0,0,0,0,0,0,0,0,0,0,0,0,0,0,0,0,0,0,0,0,0,0,0,0,0,0,0,0,0,0,0,0,0,0,0,0,0,0,0,0,0,0,0,0,0,0,0,0,0,0,0,0,0,0,0,0,0,0,0,0
STAT,popedge,Iterations,133,7326455,49239,47722,49936,49130,47105,49127,52081,47686,48188,51531,51648,60396,59666,55489,58579,58733,57761,60633,59976,58008,57514,58723,57862,58868,55732,59156,55419,58630,55895,56927,55818,55407,51307,56952,56346,56437,55633,55161,57588,57841,55306,57168,57984,56517,55385,52782,52788,53961,52245,53687,53896,55502,57134,55642,56053,59019,58457,59521,55961,59970,59229,49211,48713,48233,48482,46537,47592,47888,49903,49178,49015,49741,59875,57740,55443,56599,55289,57658,57686,56482,60236,59607,57136,56645,56577,58540,58623,57833,57807,55808,56753,60110,59575,54092,56377,54885,59085,54134,54961,57302,56210,56626,55235,57438,56903,56557,55098,55259,55947,52040,53175,58528,57139,59780,61455,58319,58606,60015,61224,58621,58173,57347,46564,52126,47102,52608,50137,47756,50750,49889,48950,49254,50216
STAT,refine,Conflicts,133,4842,93,86,84,99,78,75,78,76,68,66,61,58,59,62,59,56,46,37,42,50,51,50,60,53,48,47,44,56,48,63,57,48,32,35,29,39,30,37,34,30,49,48,29,35,35,38,38,49,51,41,43,32,37,39,42,43,31,50,43,39,37,19,23,18,28,21,19,24,35,26,22,18,24,28,32,30,26,21,20,21,21,23,25,26,28,20,20,37,34,29,36,37,28,24,24,30,27,29,22,34,17,25,28,22,21,19,22,27,31,31,29,19,18,26,30,22,24,23,18,27,22,27,29,25,21,20,18,17,14,27,25,21,15
STAT,refine,Iterations,133,423955,2400,2452,2059,2011,3091,2280,2542,2889,3572,2414,2539,3243,3355,2415,3193,3054,3462,2251,2986,3108,3170,2986,2673,3749,3306,2946,3141,3743,3415,3611,3805,3865,3128,3325,2489,3681,2957,2929,2370,2624,3138,3118,3021,3380,3928,4265,2970,3383,4114,3330,3571,3352,3413,3340,2485,3320,2630,3409,3748,2738,2461,2259,2339,2322,2498,2818,3038,2874,2770,3463,2481,2150,3857,3800,3361,4191,3006,3790,2870,3182,3671,3728,3620,3521,4456,3308,3684,4300,4983,3711,4304,4156,3899,2963,3644,3504,3826,3401,3220,2793,3122,3224,3047,3634,3182,3710,3847,3615,3682,3186,3460,3909,3601,3363,4116,2395,4025,2769,3284,3687,2973,3152,3232,2122,2327,2267,2693,2529,2611,2722,3060,2863,2442
