Hello from MIC
Galois Benchmark Suite v2.2.0 (r0)
Copyright (C) 2013 The University of Texas at Austin
http://iss.ices.utexas.edu/galois/

application: GMetis
Partitions a graph into K parts and minimizing the graph cut
http://iss.ices.utexas.edu/?p=projects/galois/benchmarks/gMetis

INFO: CommandLine /work/02556/dpereira/MIC/apps/gmetis/gmetis -t=78 /work/02556/dpereira/Inputs/USA-road-d.W.gr 1024
INFO: Hostname c558-304-mic0.stampede.tacc.utexas.edu
Created Graph with 6262104 nodes and 15248146 edges
Nodes 6262104| Edges 15248146 7624073

  Starting coarsening: 
Time coarsen:  2129 Size of final graph: 40879

  Sarting initial partitioning using GGGP:
Size in decade percentages:  -1,1 -0,1023
Time clustering:  1524

  Sarting refinnement with BKL2
Initial dist
Size in decade percentages:  -1,1 -0,1023
Refined dist
Size in decade percentages:  -1,363 0,285 1,375 2,1
Time refinement:  914


Time:  4745
Total edge cut : 36853

Part saved in : 0x7fff82d9eae0
STATTYPE,LOOP,CATEGORY,n,sum,T0,T1,T2,T3,T4,T5,T6,T7,T8,T9,T10,T11,T12,T13,T14,T15,T16,T17,T18,T19,T20,T21,T22,T23,T24,T25,T26,T27,T28,T29,T30,T31,T32,T33,T34,T35,T36,T37,T38,T39,T40,T41,T42,T43,T44,T45,T46,T47,T48,T49,T50,T51,T52,T53,T54,T55,T56,T57,T58,T59,T60,T61,T62,T63,T64,T65,T66,T67,T68,T69,T70,T71,T72,T73,T74,T75,T76,T77
STAT,(NULL),Coarsen,78,2129,2129,0,0,0,0,0,0,0,0,0,0,0,0,0,0,0,0,0,0,0,0,0,0,0,0,0,0,0,0,0,0,0,0,0,0,0,0,0,0,0,0,0,0,0,0,0,0,0,0,0,0,0,0,0,0,0,0,0,0,0,0,0,0,0,0,0,0,0,0,0,0,0,0,0,0,0,0,0
STAT,(NULL),Conflicts,78,0,0,0,0,0,0,0,0,0,0,0,0,0,0,0,0,0,0,0,0,0,0,0,0,0,0,0,0,0,0,0,0,0,0,0,0,0,0,0,0,0,0,0,0,0,0,0,0,0,0,0,0,0,0,0,0,0,0,0,0,0,0,0,0,0,0,0,0,0,0,0,0,0,0,0,0,0,0,0
STAT,(NULL),Iterations,78,2047,11,17,24,16,21,26,19,22,24,15,19,27,29,16,29,23,19,21,40,40,19,24,21,15,29,30,19,35,22,41,40,31,48,33,34,37,13,21,38,24,40,25,29,21,27,41,34,26,33,29,21,23,13,19,35,26,38,33,20,35,29,17,21,28,17,23,26,31,24,24,28,22,26,18,43,27,21,22
STAT,(NULL),MeminfoPost,78,756385,9704,9720,9698,9687,9755,9734,9685,9705,9720,9700,9682,9715,9676,9695,9727,9707,9678,9744,9751,9682,9704,9713,9708,9681,9719,9674,9706,9700,9720,9717,9693,9679,9687,9675,9710,9683,9666,9679,9730,9693,9697,9673,9668,9714,9712,9682,9687,9667,9669,9682,9687,9752,9705,9696,9652,9709,9707,9685,9676,9667,9674,9725,9755,9682,9670,9743,9736,9701,9689,9691,9653,9696,9655,9661,9684,9687,9699,9695
STAT,(NULL),MeminfoPre,78,189091,2431,2447,2425,2414,2482,2461,2412,2432,2447,2427,2409,2442,2403,2422,2454,2434,2405,2471,2478,2409,2431,2440,2435,2408,2446,2401,2433,2427,2447,2444,2420,2406,2414,2402,2437,2410,2393,2406,2457,2420,2424,2400,2395,2441,2439,2409,2414,2394,2396,2409,2414,2479,2432,2423,2379,2436,2434,2412,2403,2394,2401,2452,2482,2409,2397,2470,2463,2428,2416,2418,2380,2423,2382,2388,2411,2414,2426,2422
STAT,(NULL),Partition,78,1524,1524,0,0,0,0,0,0,0,0,0,0,0,0,0,0,0,0,0,0,0,0,0,0,0,0,0,0,0,0,0,0,0,0,0,0,0,0,0,0,0,0,0,0,0,0,0,0,0,0,0,0,0,0,0,0,0,0,0,0,0,0,0,0,0,0,0,0,0,0,0,0,0,0,0,0,0,0,0
STAT,(NULL),Refine,78,914,914,0,0,0,0,0,0,0,0,0,0,0,0,0,0,0,0,0,0,0,0,0,0,0,0,0,0,0,0,0,0,0,0,0,0,0,0,0,0,0,0,0,0,0,0,0,0,0,0,0,0,0,0,0,0,0,0,0,0,0,0,0,0,0,0,0,0,0,0,0,0,0,0,0,0,0,0,0
STAT,(NULL),Threads,78,78,78,0,0,0,0,0,0,0,0,0,0,0,0,0,0,0,0,0,0,0,0,0,0,0,0,0,0,0,0,0,0,0,0,0,0,0,0,0,0,0,0,0,0,0,0,0,0,0,0,0,0,0,0,0,0,0,0,0,0,0,0,0,0,0,0,0,0,0,0,0,0,0,0,0,0,0,0,0
STAT,(NULL),Time,78,4745,4745,0,0,0,0,0,0,0,0,0,0,0,0,0,0,0,0,0,0,0,0,0,0,0,0,0,0,0,0,0,0,0,0,0,0,0,0,0,0,0,0,0,0,0,0,0,0,0,0,0,0,0,0,0,0,0,0,0,0,0,0,0,0,0,0,0,0,0,0,0,0,0,0,0,0,0,0,0
STAT,match,Conflicts,78,5607,148,117,120,116,91,107,155,140,134,106,103,111,79,115,113,122,101,57,67,67,56,76,55,63,51,52,71,58,57,53,55,51,73,50,56,44,43,53,46,51,55,64,47,62,69,54,58,43,43,69,49,56,60,41,52,58,61,43,40,61,63,64,37,58,65,51,72,110,84,84,88,72,60,53,67,72,78,61
STAT,match,Iterations,78,14897049,145730,152411,151596,164451,171176,181832,147629,164622,148008,182747,160623,178083,193767,158979,158356,174880,166420,193374,195138,214826,209329,199664,206538,212718,208026,192283,186357,189756,192369,194393,198585,210611,197431,206035,194981,207198,209166,203479,188699,217886,198885,211009,211858,197235,191172,194475,207174,215505,222068,191876,200262,178577,186162,205004,208617,188286,184877,202267,202160,199165,198551,180338,184843,184986,190793,174281,193711,189236,203752,194778,202420,186425,203978,218243,178404,192140,192278,201106
STAT,popedge,Conflicts,78,0,0,0,0,0,0,0,0,0,0,0,0,0,0,0,0,0,0,0,0,0,0,0,0,0,0,0,0,0,0,0,0,0,0,0,0,0,0,0,0,0,0,0,0,0,0,0,0,0,0,0,0,0,0,0,0,0,0,0,0,0,0,0,0,0,0,0,0,0,0,0,0,0,0,0,0,0,0,0
STAT,popedge,Iterations,78,7300579,86034,85599,86943,88754,85343,85592,94043,88467,88746,92710,91433,93875,92744,91840,86653,89645,89387,98329,94459,96991,99808,93262,98826,97170,97688,89970,93374,91116,89180,87833,92670,94851,96979,97971,95421,95762,97184,97629,95801,96905,101352,103548,102827,98488,100877,100949,101823,100235,100761,101396,102298,97740,99024,97203,97643,96917,95924,97629,98934,99816,96363,82651,81361,82624,85536,88897,88373,89758,87181,88051,96215,89966,90940,89267,90595,89089,88582,92759
STAT,refine,Conflicts,78,3345,72,66,68,80,67,71,54,59,55,72,60,53,47,55,49,63,50,53,45,46,37,41,68,62,51,43,45,52,39,56,39,28,40,49,38,42,43,40,40,44,45,24,31,45,27,36,48,42,44,25,45,33,36,34,20,31,36,41,36,49,32,29,34,29,33,32,29,27,37,30,27,25,28,29,25,29,29,31
STAT,refine,Iterations,78,474158,4716,5103,4469,5224,6889,6609,4734,5538,4666,5517,4987,5506,5479,5046,5556,5804,5739,8621,7922,7179,7254,6623,8376,6352,7229,5808,6502,6488,6454,6260,6155,6554,5722,6233,6105,5818,6085,7420,7205,6501,6869,5527,5478,6528,5002,5185,5879,5971,6170,6105,6593,7428,6242,6637,4740,5995,6389,5153,6114,7117,6210,5779,6212,5327,5555,7198,6650,5294,5927,5665,6022,5011,5300,5898,6003,6055,6194,6288
