Hello from MIC
Galois Benchmark Suite v2.2.0 (r0)
Copyright (C) 2013 The University of Texas at Austin
http://iss.ices.utexas.edu/galois/

application: GMetis
Partitions a graph into K parts and minimizing the graph cut
http://iss.ices.utexas.edu/?p=projects/galois/benchmarks/gMetis

INFO: CommandLine /work/02556/dpereira/MIC/apps/gmetis/gmetis -t=87 /work/02556/dpereira/Inputs/USA-road-d.W.gr 128
INFO: Hostname c557-903-mic0.stampede.tacc.utexas.edu
Created Graph with 6262104 nodes and 15248146 edges
Nodes 6262104| Edges 15248146 7624073

  Starting coarsening: 
Time coarsen:  2259 Size of final graph: 3065

  Sarting initial partitioning using GGGP:
Size in decade percentages:  -1,6 -0,118 1,4
Time clustering:  411

  Sarting refinnement with BKL2
Initial dist
Size in decade percentages:  -1,6 -0,118 1,4
Refined dist
Size in decade percentages:  -1,43 0,43 1,42
Time refinement:  930


Time:  3777
Total edge cut : 8324

Part saved in : 0x7fff1ad0a2e0
STATTYPE,LOOP,CATEGORY,n,sum,T0,T1,T2,T3,T4,T5,T6,T7,T8,T9,T10,T11,T12,T13,T14,T15,T16,T17,T18,T19,T20,T21,T22,T23,T24,T25,T26,T27,T28,T29,T30,T31,T32,T33,T34,T35,T36,T37,T38,T39,T40,T41,T42,T43,T44,T45,T46,T47,T48,T49,T50,T51,T52,T53,T54,T55,T56,T57,T58,T59,T60,T61,T62,T63,T64,T65,T66,T67,T68,T69,T70,T71,T72,T73,T74,T75,T76,T77,T78,T79,T80,T81,T82,T83,T84,T85,T86
STAT,(NULL),Coarsen,87,2259,2259,0,0,0,0,0,0,0,0,0,0,0,0,0,0,0,0,0,0,0,0,0,0,0,0,0,0,0,0,0,0,0,0,0,0,0,0,0,0,0,0,0,0,0,0,0,0,0,0,0,0,0,0,0,0,0,0,0,0,0,0,0,0,0,0,0,0,0,0,0,0,0,0,0,0,0,0,0,0,0,0,0,0,0,0,0,0
STAT,(NULL),Conflicts,87,0,0,0,0,0,0,0,0,0,0,0,0,0,0,0,0,0,0,0,0,0,0,0,0,0,0,0,0,0,0,0,0,0,0,0,0,0,0,0,0,0,0,0,0,0,0,0,0,0,0,0,0,0,0,0,0,0,0,0,0,0,0,0,0,0,0,0,0,0,0,0,0,0,0,0,0,0,0,0,0,0,0,0,0,0,0,0,0
STAT,(NULL),Iterations,87,255,9,5,0,0,6,0,3,0,1,0,3,6,2,5,1,1,1,1,4,1,5,5,0,4,1,4,4,4,1,3,6,1,2,3,3,2,1,3,2,5,4,8,0,3,6,6,4,1,0,7,3,2,0,5,6,4,2,2,8,5,3,8,6,0,1,2,8,0,0,3,1,3,4,1,4,2,3,0,1,0,5,7,0,4,0,1,4
STAT,(NULL),MeminfoPost,87,756295,8690,8718,8691,8687,8719,8766,8692,8677,8712,8703,8711,8671,8719,8672,8686,8702,8711,8692,8683,8738,8757,8672,8686,8718,8712,8682,8686,8704,8676,8701,8690,8730,8701,8688,8693,8675,8680,8683,8705,8680,8672,8674,8684,8734,8672,8702,8655,8673,8708,8716,8673,8685,8681,8656,8661,8690,8690,8747,8702,8697,8654,8683,8717,8680,8682,8670,8665,8677,8714,8746,8692,8668,8693,8746,8734,8679,8688,8687,8651,8670,8692,8664,8660,8679,8690,8697,8686
STAT,(NULL),MeminfoPre,87,189055,2170,2198,2171,2167,2199,2246,2172,2157,2192,2183,2191,2151,2199,2152,2166,2182,2191,2172,2163,2218,2237,2152,2166,2198,2192,2162,2166,2184,2156,2181,2170,2210,2181,2168,2173,2155,2160,2163,2185,2160,2152,2154,2164,2214,2152,2182,2135,2153,2188,2196,2153,2165,2161,2136,2141,2170,2170,2227,2182,2177,2134,2163,2197,2160,2162,2150,2145,2157,2194,2226,2172,2148,2173,2226,2214,2159,2168,2167,2131,2150,2172,2144,2140,2159,2170,2177,2166
STAT,(NULL),Partition,87,411,411,0,0,0,0,0,0,0,0,0,0,0,0,0,0,0,0,0,0,0,0,0,0,0,0,0,0,0,0,0,0,0,0,0,0,0,0,0,0,0,0,0,0,0,0,0,0,0,0,0,0,0,0,0,0,0,0,0,0,0,0,0,0,0,0,0,0,0,0,0,0,0,0,0,0,0,0,0,0,0,0,0,0,0,0,0,0
STAT,(NULL),Refine,87,930,930,0,0,0,0,0,0,0,0,0,0,0,0,0,0,0,0,0,0,0,0,0,0,0,0,0,0,0,0,0,0,0,0,0,0,0,0,0,0,0,0,0,0,0,0,0,0,0,0,0,0,0,0,0,0,0,0,0,0,0,0,0,0,0,0,0,0,0,0,0,0,0,0,0,0,0,0,0,0,0,0,0,0,0,0,0,0
STAT,(NULL),Threads,87,87,87,0,0,0,0,0,0,0,0,0,0,0,0,0,0,0,0,0,0,0,0,0,0,0,0,0,0,0,0,0,0,0,0,0,0,0,0,0,0,0,0,0,0,0,0,0,0,0,0,0,0,0,0,0,0,0,0,0,0,0,0,0,0,0,0,0,0,0,0,0,0,0,0,0,0,0,0,0,0,0,0,0,0,0,0,0,0
STAT,(NULL),Time,87,3777,3777,0,0,0,0,0,0,0,0,0,0,0,0,0,0,0,0,0,0,0,0,0,0,0,0,0,0,0,0,0,0,0,0,0,0,0,0,0,0,0,0,0,0,0,0,0,0,0,0,0,0,0,0,0,0,0,0,0,0,0,0,0,0,0,0,0,0,0,0,0,0,0,0,0,0,0,0,0,0,0,0,0,0,0,0,0,0
STAT,match,Conflicts,87,5858,140,110,120,89,105,101,100,104,64,84,91,74,67,115,106,104,97,79,97,80,100,94,112,55,107,68,58,57,55,44,68,42,49,42,52,53,54,47,49,54,46,48,50,68,68,47,52,62,51,56,63,50,43,69,65,58,44,44,41,41,55,60,40,70,49,65,36,53,54,38,51,60,41,60,92,71,69,61,72,60,68,62,73,88,36,78,43
STAT,match,Iterations,87,14989508,137673,143444,146050,159097,149753,133004,159271,149531,145991,148490,155318,157140,161664,155082,153184,162377,159391,172993,155964,160831,164839,153912,163119,174977,143241,176115,186659,183363,197943,184225,177370,163030,171471,183148,185073,187809,187255,186008,167118,189931,209671,176813,184974,165912,186144,186716,204172,167570,173455,185336,179736,182910,192649,188534,181939,163665,181333,169022,181634,183177,195970,165180,155497,168003,185938,166348,187921,181762,175059,161573,174452,176300,180974,179655,162182,179276,178338,177623,177950,182177,170080,187736,179150,170554,175688,155846,200060
STAT,popedge,Conflicts,87,0,0,0,0,0,0,0,0,0,0,0,0,0,0,0,0,0,0,0,0,0,0,0,0,0,0,0,0,0,0,0,0,0,0,0,0,0,0,0,0,0,0,0,0,0,0,0,0,0,0,0,0,0,0,0,0,0,0,0,0,0,0,0,0,0,0,0,0,0,0,0,0,0,0,0,0,0,0,0,0,0,0,0,0,0,0,0,0
STAT,popedge,Iterations,87,7345928,81023,76891,80865,79879,79507,77760,79043,79247,69727,76863,79264,81844,81720,84784,84226,81353,82984,80653,82919,79851,80524,83874,82102,77676,80801,81293,91468,93563,94820,84546,86336,83550,85168,84111,86412,90700,89532,88847,88354,90197,87155,89663,87774,89403,94538,91249,92943,96596,89978,91058,91896,91674,94916,94578,94128,94132,89209,89973,88309,90625,90982,80321,76377,77577,76185,80930,75377,76914,77108,70561,74597,77226,78611,84171,86464,81865,82815,81360,87377,83464,84624,79604,82119,86184,87572,86823,84646
STAT,refine,Conflicts,87,3972,118,110,112,100,100,100,78,83,81,82,86,71,67,61,66,53,65,52,63,66,57,60,63,50,55,44,36,51,48,50,42,36,49,37,33,47,29,28,47,43,48,32,51,28,36,29,37,29,37,35,35,32,27,34,37,37,33,34,37,30,26,22,24,25,26,26,29,24,28,28,37,33,29,26,25,27,34,32,24,45,31,26,28,21,24,28,27
STAT,refine,Iterations,87,137447,1402,1411,1554,1314,1380,1761,1406,1470,2061,1549,1341,1480,1816,1542,1166,1443,1582,1486,1310,1345,1902,1053,1572,2008,1113,1397,1599,2152,1937,1486,1872,1546,2323,1319,2053,1564,1408,1600,1865,1665,1779,1576,1519,2042,1302,1378,1437,1398,1765,1882,1870,1175,1555,1767,1447,1555,1658,2187,1916,1824,1258,1287,1323,1493,1377,1441,1648,1333,1607,2041,1756,1549,1480,2106,1480,1276,1596,1402,1460,1563,1394,1604,1256,1517,2062,1235,1618
