Hello from MIC
Galois Benchmark Suite v2.2.0 (r0)
Copyright (C) 2013 The University of Texas at Austin
http://iss.ices.utexas.edu/galois/

application: GMetis
Partitions a graph into K parts and minimizing the graph cut
http://iss.ices.utexas.edu/?p=projects/galois/benchmarks/gMetis

INFO: CommandLine /work/02556/dpereira/MIC/apps/gmetis/gmetis -t=92 /work/02556/dpereira/Inputs/USA-road-d.W.gr 1024
INFO: Hostname c558-304-mic0.stampede.tacc.utexas.edu
Created Graph with 6262104 nodes and 15248146 edges
Nodes 6262104| Edges 15248146 7624073

  Starting coarsening: 
Time coarsen:  2204 Size of final graph: 21622

  Sarting initial partitioning using GGGP:
Size in decade percentages:  -1,77 -0,892 1,55
Time clustering:  875

  Sarting refinnement with BKL2
Initial dist
Size in decade percentages:  -1,77 -0,892 1,55
Refined dist
Size in decade percentages:  -1,368 0,277 1,378 4,1
Time refinement:  1049


Time:  4306
Total edge cut : 31454

Part saved in : 0x7fff82584960
STATTYPE,LOOP,CATEGORY,n,sum,T0,T1,T2,T3,T4,T5,T6,T7,T8,T9,T10,T11,T12,T13,T14,T15,T16,T17,T18,T19,T20,T21,T22,T23,T24,T25,T26,T27,T28,T29,T30,T31,T32,T33,T34,T35,T36,T37,T38,T39,T40,T41,T42,T43,T44,T45,T46,T47,T48,T49,T50,T51,T52,T53,T54,T55,T56,T57,T58,T59,T60,T61,T62,T63,T64,T65,T66,T67,T68,T69,T70,T71,T72,T73,T74,T75,T76,T77,T78,T79,T80,T81,T82,T83,T84,T85,T86,T87,T88,T89,T90,T91
STAT,(NULL),Coarsen,92,2204,2204,0,0,0,0,0,0,0,0,0,0,0,0,0,0,0,0,0,0,0,0,0,0,0,0,0,0,0,0,0,0,0,0,0,0,0,0,0,0,0,0,0,0,0,0,0,0,0,0,0,0,0,0,0,0,0,0,0,0,0,0,0,0,0,0,0,0,0,0,0,0,0,0,0,0,0,0,0,0,0,0,0,0,0,0,0,0,0,0,0,0,0
STAT,(NULL),Conflicts,92,0,0,0,0,0,0,0,0,0,0,0,0,0,0,0,0,0,0,0,0,0,0,0,0,0,0,0,0,0,0,0,0,0,0,0,0,0,0,0,0,0,0,0,0,0,0,0,0,0,0,0,0,0,0,0,0,0,0,0,0,0,0,0,0,0,0,0,0,0,0,0,0,0,0,0,0,0,0,0,0,0,0,0,0,0,0,0,0,0,0,0,0,0
STAT,(NULL),Iterations,92,2047,11,19,19,27,23,25,18,25,12,13,11,19,30,21,25,18,14,16,21,22,17,15,22,12,19,15,15,15,10,17,9,33,45,31,23,27,14,29,16,21,28,27,27,16,18,24,19,32,15,44,29,32,36,13,21,32,43,17,23,28,39,35,28,22,9,21,23,23,20,20,33,15,23,25,21,25,26,16,29,13,20,30,13,13,26,10,17,31,19,23,26,35
STAT,(NULL),MeminfoPost,92,756593,8216,8251,8231,8215,8232,8296,8242,8212,8225,8242,8242,8212,8211,8253,8196,8223,8230,8242,8225,8219,8242,8308,8211,8210,8244,8235,8237,8207,8228,8223,8209,8235,8229,8250,8234,8221,8222,8207,8214,8206,8243,8214,8207,8194,8203,8264,8223,8207,8232,8181,8220,8237,8240,8210,8216,8213,8188,8198,8217,8205,8278,8255,8201,8221,8193,8232,8236,8208,8215,8200,8193,8213,8248,8276,8225,8199,8214,8280,8256,8231,8224,8211,8202,8192,8231,8183,8197,8214,8203,8219,8229,8215
STAT,(NULL),MeminfoPre,92,189137,2048,2083,2063,2047,2064,2128,2074,2044,2057,2074,2074,2044,2043,2085,2028,2055,2062,2074,2057,2051,2074,2140,2043,2042,2076,2067,2069,2039,2060,2055,2041,2067,2061,2082,2066,2053,2054,2039,2046,2038,2075,2046,2039,2026,2035,2096,2055,2039,2064,2013,2052,2069,2072,2042,2048,2045,2020,2030,2049,2037,2110,2087,2033,2053,2025,2064,2068,2040,2047,2032,2025,2045,2080,2108,2057,2031,2046,2112,2088,2063,2056,2043,2034,2024,2063,2015,2029,2046,2035,2051,2061,2047
STAT,(NULL),Partition,92,875,875,0,0,0,0,0,0,0,0,0,0,0,0,0,0,0,0,0,0,0,0,0,0,0,0,0,0,0,0,0,0,0,0,0,0,0,0,0,0,0,0,0,0,0,0,0,0,0,0,0,0,0,0,0,0,0,0,0,0,0,0,0,0,0,0,0,0,0,0,0,0,0,0,0,0,0,0,0,0,0,0,0,0,0,0,0,0,0,0,0,0,0
STAT,(NULL),Refine,92,1049,1049,0,0,0,0,0,0,0,0,0,0,0,0,0,0,0,0,0,0,0,0,0,0,0,0,0,0,0,0,0,0,0,0,0,0,0,0,0,0,0,0,0,0,0,0,0,0,0,0,0,0,0,0,0,0,0,0,0,0,0,0,0,0,0,0,0,0,0,0,0,0,0,0,0,0,0,0,0,0,0,0,0,0,0,0,0,0,0,0,0,0,0
STAT,(NULL),Threads,92,92,92,0,0,0,0,0,0,0,0,0,0,0,0,0,0,0,0,0,0,0,0,0,0,0,0,0,0,0,0,0,0,0,0,0,0,0,0,0,0,0,0,0,0,0,0,0,0,0,0,0,0,0,0,0,0,0,0,0,0,0,0,0,0,0,0,0,0,0,0,0,0,0,0,0,0,0,0,0,0,0,0,0,0,0,0,0,0,0,0,0,0,0
STAT,(NULL),Time,92,4306,4306,0,0,0,0,0,0,0,0,0,0,0,0,0,0,0,0,0,0,0,0,0,0,0,0,0,0,0,0,0,0,0,0,0,0,0,0,0,0,0,0,0,0,0,0,0,0,0,0,0,0,0,0,0,0,0,0,0,0,0,0,0,0,0,0,0,0,0,0,0,0,0,0,0,0,0,0,0,0,0,0,0,0,0,0,0,0,0,0,0,0,0
STAT,match,Conflicts,92,5319,129,85,79,89,74,67,84,86,76,72,80,68,72,77,72,77,92,77,95,79,80,51,60,80,73,56,95,69,93,86,76,41,43,40,36,42,44,34,46,52,38,48,42,39,42,41,51,44,41,38,50,37,68,44,32,41,47,54,39,43,62,59,32,37,44,43,44,54,45,54,52,44,40,52,51,46,55,55,56,61,51,52,33,43,51,61,47,81,44,64,44,56
STAT,match,Iterations,92,14963366,128036,130251,130056,134771,123488,120224,147608,140579,141005,146029,135568,133057,136237,136547,157222,135500,135300,162456,142024,144519,153811,129257,165482,140747,151760,145012,142223,158363,148532,151075,163549,169986,176152,192642,181799,187603,175966,196836,173323,190114,173166,198052,173322,195897,196890,166378,179027,193377,163360,186171,178248,179870,147573,181549,188072,194664,176226,165085,172879,181686,150018,172223,174578,161465,162212,160412,173180,177280,153457,175726,171699,171605,158731,164226,160987,182166,162271,156565,161778,164026,171487,164469,162767,181983,161155,159353,177136,155359,159090,167745,170218,171798
STAT,popedge,Conflicts,92,0,0,0,0,0,0,0,0,0,0,0,0,0,0,0,0,0,0,0,0,0,0,0,0,0,0,0,0,0,0,0,0,0,0,0,0,0,0,0,0,0,0,0,0,0,0,0,0,0,0,0,0,0,0,0,0,0,0,0,0,0,0,0,0,0,0,0,0,0,0,0,0,0,0,0,0,0,0,0,0,0,0,0,0,0,0,0,0,0,0,0,0,0
STAT,popedge,Iterations,92,7337507,74851,75619,67477,75437,77320,73607,75272,77063,75174,76077,76592,77830,75585,76409,78411,78595,78552,73659,81307,79266,78002,76455,79130,80562,78100,76284,80926,79667,79306,81249,75808,84198,79435,83332,78803,79899,83589,82623,88800,86862,83018,83206,85517,84536,84288,83237,87554,87842,91353,89542,90162,84443,90215,87809,85619,85722,87316,90274,89010,90280,84457,72774,71288,65936,75966,75701,70762,72687,77756,72474,73972,75792,75818,72947,73356,72148,74934,79475,80471,79088,78024,79842,76566,79437,78088,79976,78411,79497,83773,82277,84736,81002
STAT,refine,Conflicts,92,3958,101,94,76,86,70,85,72,67,62,62,74,68,57,58,53,55,59,46,50,48,47,58,35,54,44,54,63,48,49,55,36,59,42,47,43,50,45,34,42,27,36,50,38,34,44,39,41,28,47,27,47,39,30,46,28,45,29,30,26,34,32,30,29,22,24,24,37,30,25,26,38,33,39,23,34,22,28,36,29,23,30,29,30,23,29,26,30,39,26,37,35,27
STAT,refine,Iterations,92,426326,3618,4158,3661,3040,3955,4804,4356,3712,4155,4055,3975,3954,3923,4221,3293,4487,4156,4378,4012,4107,4361,5012,4134,3845,4271,4126,4909,3888,4480,4683,4196,5645,5362,6339,5242,6430,6098,5462,5617,5652,5612,5425,4990,5789,6810,6133,5619,4647,5863,3787,5568,4386,4960,5276,4939,5219,4148,4579,5575,4945,5583,4474,3611,4066,3304,4596,4559,4031,3476,3993,4589,4702,4575,4939,4629,3315,4521,5194,5756,3893,4839,4516,3828,4530,3917,4292,4147,5414,4418,5083,5031,4463
