Hello from MIC
Galois Benchmark Suite v2.2.0 (r0)
Copyright (C) 2013 The University of Texas at Austin
http://iss.ices.utexas.edu/galois/

application: GMetis
Partitions a graph into K parts and minimizing the graph cut
http://iss.ices.utexas.edu/?p=projects/galois/benchmarks/gMetis

INFO: CommandLine /work/02556/dpereira/MIC/apps/gmetis/gmetis -t=159 /work/02556/dpereira/Inputs/USA-road-d.W.gr 1024
INFO: Hostname c558-402-mic0.stampede.tacc.utexas.edu
Created Graph with 6262104 nodes and 15248146 edges
Nodes 6262104| Edges 15248146 7624073

  Starting coarsening: 
Time coarsen:  2378 Size of final graph: 21991

  Sarting initial partitioning using GGGP:
Size in decade percentages:  -1,80 -0,872 1,72
Time clustering:  1049

  Sarting refinnement with BKL2
Initial dist
Size in decade percentages:  -1,80 -0,872 1,72
Refined dist
Size in decade percentages:  -1,358 -0,293 1,372 2,1
Time refinement:  1469


Time:  5075
Total edge cut : 31639

Part saved in : 0x7fff0fc3db60
STATTYPE,LOOP,CATEGORY,n,sum,T0,T1,T2,T3,T4,T5,T6,T7,T8,T9,T10,T11,T12,T13,T14,T15,T16,T17,T18,T19,T20,T21,T22,T23,T24,T25,T26,T27,T28,T29,T30,T31,T32,T33,T34,T35,T36,T37,T38,T39,T40,T41,T42,T43,T44,T45,T46,T47,T48,T49,T50,T51,T52,T53,T54,T55,T56,T57,T58,T59,T60,T61,T62,T63,T64,T65,T66,T67,T68,T69,T70,T71,T72,T73,T74,T75,T76,T77,T78,T79,T80,T81,T82,T83,T84,T85,T86,T87,T88,T89,T90,T91,T92,T93,T94,T95,T96,T97,T98,T99,T100,T101,T102,T103,T104,T105,T106,T107,T108,T109,T110,T111,T112,T113,T114,T115,T116,T117,T118,T119,T120,T121,T122,T123,T124,T125,T126,T127,T128,T129,T130,T131,T132,T133,T134,T135,T136,T137,T138,T139,T140,T141,T142,T143,T144,T145,T146,T147,T148,T149,T150,T151,T152,T153,T154,T155,T156,T157,T158
STAT,(NULL),Coarsen,159,2378,2378,0,0,0,0,0,0,0,0,0,0,0,0,0,0,0,0,0,0,0,0,0,0,0,0,0,0,0,0,0,0,0,0,0,0,0,0,0,0,0,0,0,0,0,0,0,0,0,0,0,0,0,0,0,0,0,0,0,0,0,0,0,0,0,0,0,0,0,0,0,0,0,0,0,0,0,0,0,0,0,0,0,0,0,0,0,0,0,0,0,0,0,0,0,0,0,0,0,0,0,0,0,0,0,0,0,0,0,0,0,0,0,0,0,0,0,0,0,0,0,0,0,0,0,0,0,0,0,0,0,0,0,0,0,0,0,0,0,0,0,0,0,0,0,0,0,0,0,0,0,0,0,0,0,0,0,0,0,0
STAT,(NULL),Conflicts,159,0,0,0,0,0,0,0,0,0,0,0,0,0,0,0,0,0,0,0,0,0,0,0,0,0,0,0,0,0,0,0,0,0,0,0,0,0,0,0,0,0,0,0,0,0,0,0,0,0,0,0,0,0,0,0,0,0,0,0,0,0,0,0,0,0,0,0,0,0,0,0,0,0,0,0,0,0,0,0,0,0,0,0,0,0,0,0,0,0,0,0,0,0,0,0,0,0,0,0,0,0,0,0,0,0,0,0,0,0,0,0,0,0,0,0,0,0,0,0,0,0,0,0,0,0,0,0,0,0,0,0,0,0,0,0,0,0,0,0,0,0,0,0,0,0,0,0,0,0,0,0,0,0,0,0,0,0,0,0,0
STAT,(NULL),Iterations,159,2047,11,11,17,8,10,5,2,9,9,17,19,11,8,10,9,4,15,17,10,13,10,9,13,14,12,20,12,16,7,19,7,5,10,19,9,7,9,23,11,21,13,20,16,8,17,9,25,13,18,2,19,15,16,14,19,18,24,22,17,15,19,23,12,14,7,10,13,10,10,8,10,15,17,11,16,11,9,9,19,14,18,9,11,12,15,14,13,13,9,7,15,13,13,5,9,8,6,6,24,19,13,15,12,16,18,21,13,17,7,13,16,15,10,19,18,21,13,22,22,21,13,23,10,5,17,6,10,7,2,8,8,14,16,23,12,8,13,6,13,9,18,18,19,8,9,12,12,14,8,10,7,11,4,12,10,17,6,10,13
STAT,(NULL),MeminfoPost,159,756600,4764,4759,4772,4770,4760,4764,4738,4764,4772,4790,4805,4766,4751,4754,4751,4764,4776,4767,4770,4759,4744,4748,4769,4771,4752,4742,4759,4755,4764,4770,4775,4750,4758,4748,4764,4780,4816,4785,4749,4755,4745,4762,4768,4776,4765,4767,4750,4753,4749,4770,4768,4746,4748,4754,4773,4754,4766,4793,4749,4762,4770,4751,4769,4745,4750,4748,4762,4733,4757,4767,4765,4751,4754,4751,4740,4746,4750,4742,4787,4784,4752,4747,4746,4778,4741,4735,4738,4763,4763,4772,4771,4757,4753,4745,4758,4750,4751,4741,4734,4752,4735,4765,4738,4771,4789,4783,4782,4742,4747,4768,4739,4735,4760,4765,4771,4759,4749,4757,4749,4751,4738,4744,4741,4761,4741,4782,4786,4792,4765,4746,4745,4744,4757,4788,4789,4770,4788,4759,4743,4765,4750,4748,4752,4735,4747,4746,4778,4729,4732,4758,4728,4763,4740,4748,4759,4760,4759,4750,4762
STAT,(NULL),MeminfoPre,159,189129,1195,1190,1203,1201,1191,1195,1169,1195,1203,1221,1236,1197,1182,1185,1182,1195,1207,1198,1201,1190,1175,1179,1200,1202,1183,1173,1190,1186,1195,1201,1206,1181,1189,1179,1195,1211,1247,1216,1180,1186,1176,1193,1199,1207,1196,1198,1181,1184,1180,1201,1199,1177,1179,1185,1204,1185,1197,1224,1180,1193,1201,1182,1200,1176,1181,1179,1193,1164,1188,1198,1196,1182,1185,1182,1171,1177,1181,1173,1218,1215,1183,1178,1177,1209,1172,1166,1169,1194,1194,1203,1202,1188,1184,1176,1189,1181,1182,1172,1165,1183,1166,1196,1169,1202,1220,1214,1213,1173,1178,1199,1170,1166,1191,1196,1202,1190,1180,1188,1180,1182,1169,1175,1172,1192,1172,1213,1217,1223,1196,1177,1176,1175,1188,1219,1220,1201,1219,1190,1174,1196,1181,1179,1183,1166,1178,1177,1209,1160,1163,1189,1159,1194,1171,1179,1190,1191,1190,1181,1193
STAT,(NULL),Partition,159,1049,1049,0,0,0,0,0,0,0,0,0,0,0,0,0,0,0,0,0,0,0,0,0,0,0,0,0,0,0,0,0,0,0,0,0,0,0,0,0,0,0,0,0,0,0,0,0,0,0,0,0,0,0,0,0,0,0,0,0,0,0,0,0,0,0,0,0,0,0,0,0,0,0,0,0,0,0,0,0,0,0,0,0,0,0,0,0,0,0,0,0,0,0,0,0,0,0,0,0,0,0,0,0,0,0,0,0,0,0,0,0,0,0,0,0,0,0,0,0,0,0,0,0,0,0,0,0,0,0,0,0,0,0,0,0,0,0,0,0,0,0,0,0,0,0,0,0,0,0,0,0,0,0,0,0,0,0,0,0,0
STAT,(NULL),Refine,159,1469,1469,0,0,0,0,0,0,0,0,0,0,0,0,0,0,0,0,0,0,0,0,0,0,0,0,0,0,0,0,0,0,0,0,0,0,0,0,0,0,0,0,0,0,0,0,0,0,0,0,0,0,0,0,0,0,0,0,0,0,0,0,0,0,0,0,0,0,0,0,0,0,0,0,0,0,0,0,0,0,0,0,0,0,0,0,0,0,0,0,0,0,0,0,0,0,0,0,0,0,0,0,0,0,0,0,0,0,0,0,0,0,0,0,0,0,0,0,0,0,0,0,0,0,0,0,0,0,0,0,0,0,0,0,0,0,0,0,0,0,0,0,0,0,0,0,0,0,0,0,0,0,0,0,0,0,0,0,0,0
STAT,(NULL),Threads,159,159,159,0,0,0,0,0,0,0,0,0,0,0,0,0,0,0,0,0,0,0,0,0,0,0,0,0,0,0,0,0,0,0,0,0,0,0,0,0,0,0,0,0,0,0,0,0,0,0,0,0,0,0,0,0,0,0,0,0,0,0,0,0,0,0,0,0,0,0,0,0,0,0,0,0,0,0,0,0,0,0,0,0,0,0,0,0,0,0,0,0,0,0,0,0,0,0,0,0,0,0,0,0,0,0,0,0,0,0,0,0,0,0,0,0,0,0,0,0,0,0,0,0,0,0,0,0,0,0,0,0,0,0,0,0,0,0,0,0,0,0,0,0,0,0,0,0,0,0,0,0,0,0,0,0,0,0,0,0,0
STAT,(NULL),Time,159,5075,5075,0,0,0,0,0,0,0,0,0,0,0,0,0,0,0,0,0,0,0,0,0,0,0,0,0,0,0,0,0,0,0,0,0,0,0,0,0,0,0,0,0,0,0,0,0,0,0,0,0,0,0,0,0,0,0,0,0,0,0,0,0,0,0,0,0,0,0,0,0,0,0,0,0,0,0,0,0,0,0,0,0,0,0,0,0,0,0,0,0,0,0,0,0,0,0,0,0,0,0,0,0,0,0,0,0,0,0,0,0,0,0,0,0,0,0,0,0,0,0,0,0,0,0,0,0,0,0,0,0,0,0,0,0,0,0,0,0,0,0,0,0,0,0,0,0,0,0,0,0,0,0,0,0,0,0,0,0,0
STAT,match,Conflicts,159,5783,53,57,44,53,55,53,49,52,56,50,54,52,49,53,51,59,42,53,47,52,51,51,44,37,44,36,39,59,41,39,41,55,34,38,42,40,39,46,50,37,42,50,44,38,42,53,33,37,31,31,38,45,47,32,36,40,35,35,38,35,49,27,31,24,28,32,29,33,30,32,26,28,32,38,30,29,32,30,38,34,37,33,41,35,28,32,32,30,40,28,29,28,33,25,35,29,29,29,30,39,27,31,29,25,32,34,38,32,30,29,32,32,33,30,23,31,26,26,32,24,37,28,25,32,30,33,36,24,37,28,29,31,30,34,27,38,31,37,35,40,26,33,33,33,36,31,36,27,37,35,25,30,32,34,21,31,27,35,30
STAT,match,Iterations,159,14985194,75880,56241,69239,78906,85433,70380,95436,67701,76931,84184,69854,78527,86398,80392,78798,93507,80430,76971,78084,91521,88728,80085,87171,84268,72175,86518,101404,71318,65745,84217,71159,80328,84279,78283,70577,88280,88277,72245,94720,117768,87939,88763,80372,93739,93944,80782,95811,104901,95807,102485,97766,97900,89953,102706,99223,103085,98263,95263,92315,103813,82187,94525,97079,83729,101009,88885,105250,108330,106304,94331,102459,101432,100675,102248,95754,88476,100218,106604,88172,101364,104831,97391,83338,110499,80587,93336,114824,91156,108919,102863,102188,81112,91249,94348,79271,93872,88093,90038,104369,127714,112957,104395,119190,120750,116603,105914,91042,120491,131880,114941,94204,114301,121432,120966,103338,107078,105457,118336,106762,124788,113791,99051,95551,82378,89862,93312,99283,83111,92003,99560,91779,82602,107574,99537,96505,85446,96026,92622,98389,109773,98197,97862,91099,92146,82781,90175,114238,81782,84536,90751,95998,104168,90652,83057,92246,118755,91549,92020,93985
STAT,popedge,Conflicts,159,0,0,0,0,0,0,0,0,0,0,0,0,0,0,0,0,0,0,0,0,0,0,0,0,0,0,0,0,0,0,0,0,0,0,0,0,0,0,0,0,0,0,0,0,0,0,0,0,0,0,0,0,0,0,0,0,0,0,0,0,0,0,0,0,0,0,0,0,0,0,0,0,0,0,0,0,0,0,0,0,0,0,0,0,0,0,0,0,0,0,0,0,0,0,0,0,0,0,0,0,0,0,0,0,0,0,0,0,0,0,0,0,0,0,0,0,0,0,0,0,0,0,0,0,0,0,0,0,0,0,0,0,0,0,0,0,0,0,0,0,0,0,0,0,0,0,0,0,0,0,0,0,0,0,0,0,0,0,0,0
STAT,popedge,Iterations,159,7344881,42245,42560,41553,44278,43449,41822,43560,43398,45065,42485,44107,44556,44417,45366,43855,44175,44078,45058,43931,43075,44583,44730,44882,44951,45066,44888,44043,47276,45567,43155,46230,45155,43219,44519,45763,43432,42769,52379,51418,50678,48250,53169,50495,48646,51013,50999,52881,51001,49298,49831,54323,49908,51342,50403,47858,48171,51510,47121,49309,46644,49327,41518,39781,40710,40870,43487,41457,42120,41484,41554,41334,42919,43151,43396,45153,42976,43137,41775,43977,44199,43430,45919,45874,45400,46841,45634,44495,47673,43738,44102,43632,46532,45124,45942,46321,47680,43888,42877,52092,51520,54161,46969,50543,51800,48168,50364,51129,53814,52374,53238,48658,49804,51217,47442,49891,51573,48133,52011,52503,51600,49747,50214,41706,41954,39594,41077,45468,41300,43643,40707,44501,44565,42787,46284,44291,47581,43405,48489,45154,44050,46818,46552,46981,47660,48143,48751,44268,50312,47002,44796,43749,44836,44104,47189,47030,44875,47219,44721,45019
STAT,refine,Conflicts,159,5188,82,79,80,73,73,70,68,65,62,68,68,64,55,57,57,50,47,58,61,47,55,50,56,33,46,40,51,51,50,49,39,35,38,33,45,34,49,26,39,46,39,39,41,36,35,29,48,28,39,30,37,29,34,35,46,33,45,42,45,49,31,23,19,22,29,22,29,23,21,21,36,30,32,27,19,26,27,21,21,23,27,12,14,28,17,26,13,19,21,22,24,18,24,15,25,35,18,27,21,24,16,18,23,23,28,27,25,31,22,28,23,21,20,23,22,27,18,32,29,20,25,35,16,30,11,31,30,27,30,23,34,23,30,39,24,22,17,15,20,22,21,17,22,19,24,17,24,12,17,18,21,18,15,16,16,28,19,22,22
STAT,refine,Iterations,159,431154,2204,2070,2377,2550,2935,1829,2591,2261,2909,3130,3674,2560,2397,2596,2404,2782,2320,2695,2669,3001,2413,2283,2915,2270,2169,2087,2160,1794,2006,2330,1670,2061,2704,2060,2529,2207,2835,3058,2647,3423,3795,2374,3035,3163,3186,2868,3195,2681,3100,2565,3247,2798,2547,2679,2498,2350,3060,3788,3145,2799,2625,2230,2075,1873,2945,2735,2671,2719,2499,2761,3369,3096,2752,2755,2904,2526,2892,2626,2804,3044,3041,2344,2271,3400,2193,2487,1931,2096,2759,2631,2750,1696,2300,2164,2175,2509,2034,2347,3313,3339,2713,3639,3129,3431,3504,3408,3712,3087,3418,3919,2310,2879,2995,3374,2818,3300,2486,3823,3625,3363,3500,3295,2525,2390,1661,2929,3159,2309,2857,2068,3159,2752,3479,3418,2879,3027,2941,2681,3069,3200,2600,3050,2504,2143,2627,2410,2758,1881,1970,2189,1757,2612,1947,2643,2421,3028,2762,2402,3090
