Hello from MIC
Galois Benchmark Suite v2.2.0 (r0)
Copyright (C) 2013 The University of Texas at Austin
http://iss.ices.utexas.edu/galois/

application: GMetis
Partitions a graph into K parts and minimizing the graph cut
http://iss.ices.utexas.edu/?p=projects/galois/benchmarks/gMetis

INFO: CommandLine /work/02556/dpereira/MIC/apps/gmetis/gmetis -t=104 /work/02556/dpereira/Inputs/USA-road-d.W.gr 16
INFO: Hostname c558-001-mic0.stampede.tacc.utexas.edu
Created Graph with 6262104 nodes and 15248146 edges
Nodes 6262104| Edges 15248146 7624073

  Starting coarsening: 
Time coarsen:  2450 Size of final graph: 432

  Sarting initial partitioning using GGGP:
Size in decade percentages:  -1,1 -0,15
Time clustering:  363

  Sarting refinnement with BKL2
Initial dist
Size in decade percentages:  -1,1 -0,15
Refined dist
Size in decade percentages:  -1,5 -0,5 1,6
Time refinement:  1190


Time:  4181
Total edge cut : 1864

Part saved in : 0x7fff2d3c2160
STATTYPE,LOOP,CATEGORY,n,sum,T0,T1,T2,T3,T4,T5,T6,T7,T8,T9,T10,T11,T12,T13,T14,T15,T16,T17,T18,T19,T20,T21,T22,T23,T24,T25,T26,T27,T28,T29,T30,T31,T32,T33,T34,T35,T36,T37,T38,T39,T40,T41,T42,T43,T44,T45,T46,T47,T48,T49,T50,T51,T52,T53,T54,T55,T56,T57,T58,T59,T60,T61,T62,T63,T64,T65,T66,T67,T68,T69,T70,T71,T72,T73,T74,T75,T76,T77,T78,T79,T80,T81,T82,T83,T84,T85,T86,T87,T88,T89,T90,T91,T92,T93,T94,T95,T96,T97,T98,T99,T100,T101,T102,T103
STAT,(NULL),Coarsen,104,2450,2450,0,0,0,0,0,0,0,0,0,0,0,0,0,0,0,0,0,0,0,0,0,0,0,0,0,0,0,0,0,0,0,0,0,0,0,0,0,0,0,0,0,0,0,0,0,0,0,0,0,0,0,0,0,0,0,0,0,0,0,0,0,0,0,0,0,0,0,0,0,0,0,0,0,0,0,0,0,0,0,0,0,0,0,0,0,0,0,0,0,0,0,0,0,0,0,0,0,0,0,0,0,0,0
STAT,(NULL),Conflicts,104,0,0,0,0,0,0,0,0,0,0,0,0,0,0,0,0,0,0,0,0,0,0,0,0,0,0,0,0,0,0,0,0,0,0,0,0,0,0,0,0,0,0,0,0,0,0,0,0,0,0,0,0,0,0,0,0,0,0,0,0,0,0,0,0,0,0,0,0,0,0,0,0,0,0,0,0,0,0,0,0,0,0,0,0,0,0,0,0,0,0,0,0,0,0,0,0,0,0,0,0,0,0,0,0,0
STAT,(NULL),Iterations,104,31,5,0,0,0,0,1,0,0,0,0,0,0,0,0,0,0,1,0,0,0,0,0,0,0,0,0,0,1,0,0,0,0,0,0,0,0,0,0,0,0,0,0,0,0,0,0,0,0,0,1,0,1,0,0,1,0,0,2,4,2,0,4,0,0,0,0,0,0,0,0,0,3,0,0,0,0,0,0,2,0,0,0,0,0,0,0,0,0,0,0,0,1,0,0,0,0,0,0,0,0,2,0,0,0
STAT,(NULL),MeminfoPost,104,756395,7269,7299,7279,7274,7272,7285,7346,7274,7268,7267,7284,7291,7287,7255,7275,7280,7253,7272,7280,7294,7263,7270,7282,7314,7338,7256,7259,7285,7301,7279,7261,7262,7297,7260,7259,7284,7268,7315,7267,7289,7268,7266,7257,7269,7250,7286,7272,7261,7255,7243,7261,7316,7278,7254,7287,7244,7241,7281,7290,7282,7260,7270,7257,7248,7245,7252,7270,7271,7320,7304,7250,7279,7235,7269,7290,7275,7264,7258,7255,7250,7260,7262,7316,7316,7258,7250,7268,7320,7300,7304,7255,7269,7269,7245,7249,7278,7243,7251,7231,7275,7260,7278,7275,7267
STAT,(NULL),MeminfoPre,104,189075,1814,1844,1824,1819,1817,1830,1891,1819,1813,1812,1829,1836,1832,1800,1820,1825,1798,1817,1825,1839,1808,1815,1827,1859,1883,1801,1804,1830,1846,1824,1806,1807,1842,1805,1804,1829,1813,1860,1812,1834,1813,1811,1802,1814,1795,1831,1817,1806,1800,1788,1806,1861,1823,1799,1832,1789,1786,1826,1835,1827,1805,1815,1802,1793,1790,1797,1815,1816,1865,1849,1795,1824,1780,1814,1835,1820,1809,1803,1800,1795,1805,1807,1861,1861,1803,1795,1813,1865,1845,1849,1800,1814,1814,1790,1794,1823,1788,1796,1776,1820,1805,1823,1820,1812
STAT,(NULL),Partition,104,363,363,0,0,0,0,0,0,0,0,0,0,0,0,0,0,0,0,0,0,0,0,0,0,0,0,0,0,0,0,0,0,0,0,0,0,0,0,0,0,0,0,0,0,0,0,0,0,0,0,0,0,0,0,0,0,0,0,0,0,0,0,0,0,0,0,0,0,0,0,0,0,0,0,0,0,0,0,0,0,0,0,0,0,0,0,0,0,0,0,0,0,0,0,0,0,0,0,0,0,0,0,0,0,0
STAT,(NULL),Refine,104,1190,1190,0,0,0,0,0,0,0,0,0,0,0,0,0,0,0,0,0,0,0,0,0,0,0,0,0,0,0,0,0,0,0,0,0,0,0,0,0,0,0,0,0,0,0,0,0,0,0,0,0,0,0,0,0,0,0,0,0,0,0,0,0,0,0,0,0,0,0,0,0,0,0,0,0,0,0,0,0,0,0,0,0,0,0,0,0,0,0,0,0,0,0,0,0,0,0,0,0,0,0,0,0,0,0
STAT,(NULL),Threads,104,104,104,0,0,0,0,0,0,0,0,0,0,0,0,0,0,0,0,0,0,0,0,0,0,0,0,0,0,0,0,0,0,0,0,0,0,0,0,0,0,0,0,0,0,0,0,0,0,0,0,0,0,0,0,0,0,0,0,0,0,0,0,0,0,0,0,0,0,0,0,0,0,0,0,0,0,0,0,0,0,0,0,0,0,0,0,0,0,0,0,0,0,0,0,0,0,0,0,0,0,0,0,0,0,0
STAT,(NULL),Time,104,4181,4181,0,0,0,0,0,0,0,0,0,0,0,0,0,0,0,0,0,0,0,0,0,0,0,0,0,0,0,0,0,0,0,0,0,0,0,0,0,0,0,0,0,0,0,0,0,0,0,0,0,0,0,0,0,0,0,0,0,0,0,0,0,0,0,0,0,0,0,0,0,0,0,0,0,0,0,0,0,0,0,0,0,0,0,0,0,0,0,0,0,0,0,0,0,0,0,0,0,0,0,0,0,0,0
STAT,match,Conflicts,104,6380,101,109,92,96,85,89,94,96,77,83,93,94,76,83,85,74,63,86,68,69,69,85,76,74,60,74,85,75,85,115,79,69,69,77,59,64,76,65,74,61,47,45,80,56,46,53,49,51,45,48,48,49,38,49,65,41,51,39,46,43,44,33,44,45,44,36,31,47,50,67,46,59,38,39,53,50,57,41,75,39,47,35,61,43,54,45,49,47,43,54,78,47,64,53,61,61,50,55,54,62,51,33,41,61
STAT,match,Iterations,104,14984221,135318,109204,132291,128891,130929,120333,106315,124388,127748,136578,124003,118677,127541,129087,135108,135674,142022,125907,126213,130312,128165,117967,134544,125693,132136,147096,128532,131700,143580,117225,140389,138311,141489,134470,149000,149139,138540,135299,130656,134987,139262,142888,148093,159058,164115,148735,156112,161446,158568,159311,154434,141604,173443,163586,149224,163022,154977,159653,153768,157419,160171,157609,142645,148850,162665,156363,149906,134558,145894,133272,149438,147638,169464,144961,139046,147042,153583,153879,149128,160774,144342,153452,142914,136192,144523,159907,144153,157526,169150,146357,145291,159751,141669,156682,140257,146748,157532,159846,143364,148836,146871,161826,156198,159773
STAT,popedge,Conflicts,104,0,0,0,0,0,0,0,0,0,0,0,0,0,0,0,0,0,0,0,0,0,0,0,0,0,0,0,0,0,0,0,0,0,0,0,0,0,0,0,0,0,0,0,0,0,0,0,0,0,0,0,0,0,0,0,0,0,0,0,0,0,0,0,0,0,0,0,0,0,0,0,0,0,0,0,0,0,0,0,0,0,0,0,0,0,0,0,0,0,0,0,0,0,0,0,0,0,0,0,0,0,0,0,0,0
STAT,popedge,Iterations,104,7342008,69507,69410,69071,69874,70046,69866,70625,67399,68535,68672,68927,66994,68125,69780,68347,68903,70192,68437,70539,67691,69525,71681,66784,67317,64414,69525,71654,71506,67539,73658,70636,71424,74006,73008,67877,68707,65889,65370,67006,64454,65307,65993,70627,75037,74947,75467,75892,75927,75880,77012,76570,73012,75299,82524,80687,81565,83840,76274,75044,78843,78798,66383,69397,69902,65981,69340,66650,68285,65801,68390,66534,65852,66249,69153,68863,66384,66676,69459,67047,67986,65852,69459,67934,65269,67126,64949,70527,71656,72914,72492,72818,75302,72341,73616,75005,73484,69029,72696,66596,72228,69842,72873,74000,72203
STAT,refine,Conflicts,104,4571,137,123,118,115,112,97,108,100,84,87,93,76,72,90,84,73,72,58,78,65,59,70,65,49,61,56,57,66,50,51,54,47,52,45,39,40,44,47,44,37,40,43,54,24,27,23,34,30,18,32,38,30,31,47,35,33,14,20,18,20,31,27,15,17,29,19,20,34,29,21,22,28,20,24,28,23,23,29,25,31,21,22,35,33,20,14,35,19,23,21,35,29,27,24,20,26,11,23,28,38,16,22,30,18
STAT,refine,Iterations,104,38787,574,468,349,492,608,400,531,601,452,363,414,284,258,361,473,419,459,227,385,279,227,458,406,300,466,548,391,315,282,216,296,232,452,247,230,356,321,369,416,332,500,372,445,468,407,364,500,458,243,434,261,460,251,374,711,332,270,357,312,517,477,367,344,191,408,405,268,422,499,306,277,389,238,287,322,440,359,409,174,383,215,324,497,295,257,352,497,317,244,299,294,409,241,326,232,243,354,519,434,404,422,511,465,378
