Hello from MIC
Galois Benchmark Suite v2.2.0 (r0)
Copyright (C) 2013 The University of Texas at Austin
http://iss.ices.utexas.edu/galois/

application: GMetis
Partitions a graph into K parts and minimizing the graph cut
http://iss.ices.utexas.edu/?p=projects/galois/benchmarks/gMetis

INFO: CommandLine /work/02556/dpereira/MIC/apps/gmetis/gmetis -t=33 /work/02556/dpereira/Inputs/USA-road-d.W.gr 16
INFO: Hostname c557-901-mic0.stampede.tacc.utexas.edu
Created Graph with 6262104 nodes and 15248146 edges
Nodes 6262104| Edges 15248146 7624073

  Starting coarsening: 
Time coarsen:  3453 Size of final graph: 424

  Sarting initial partitioning using GGGP:
Size in decade percentages:  -0,15 1,1
Time clustering:  357

  Sarting refinnement with BKL2
Initial dist
Size in decade percentages:  -0,15 1,1
Refined dist
Size in decade percentages:  -1,5 0,7 1,4
Time refinement:  599


Time:  4584
Total edge cut : 1879

Part saved in : 0x7fffc2a87460
STATTYPE,LOOP,CATEGORY,n,sum,T0,T1,T2,T3,T4,T5,T6,T7,T8,T9,T10,T11,T12,T13,T14,T15,T16,T17,T18,T19,T20,T21,T22,T23,T24,T25,T26,T27,T28,T29,T30,T31,T32
STAT,(NULL),Coarsen,33,3453,3453,0,0,0,0,0,0,0,0,0,0,0,0,0,0,0,0,0,0,0,0,0,0,0,0,0,0,0,0,0,0,0,0
STAT,(NULL),Conflicts,33,0,0,0,0,0,0,0,0,0,0,0,0,0,0,0,0,0,0,0,0,0,0,0,0,0,0,0,0,0,0,0,0,0,0
STAT,(NULL),Iterations,33,31,5,2,0,0,1,0,0,0,3,0,2,1,0,0,3,0,0,0,1,1,1,0,0,0,4,0,0,0,1,0,3,0,3
STAT,(NULL),MeminfoPost,33,756177,22942,22927,22970,22963,22914,22888,22928,23026,22902,22924,22910,22961,22917,22881,22904,22864,22935,22864,22944,22883,22858,22948,22906,22908,22874,22862,22987,22944,22953,22850,22853,22873,22914
STAT,(NULL),MeminfoPre,33,189039,5756,5741,5784,5777,5728,5702,5742,5840,5716,5738,5724,5775,5731,5695,5718,5678,5749,5678,5758,5697,5672,5762,5720,5722,5688,5676,5801,5758,5767,5664,5667,5687,5728
STAT,(NULL),Partition,33,357,357,0,0,0,0,0,0,0,0,0,0,0,0,0,0,0,0,0,0,0,0,0,0,0,0,0,0,0,0,0,0,0,0
STAT,(NULL),Refine,33,599,599,0,0,0,0,0,0,0,0,0,0,0,0,0,0,0,0,0,0,0,0,0,0,0,0,0,0,0,0,0,0,0,0
STAT,(NULL),Threads,33,33,33,0,0,0,0,0,0,0,0,0,0,0,0,0,0,0,0,0,0,0,0,0,0,0,0,0,0,0,0,0,0,0,0
STAT,(NULL),Time,33,4584,4584,0,0,0,0,0,0,0,0,0,0,0,0,0,0,0,0,0,0,0,0,0,0,0,0,0,0,0,0,0,0,0,0
STAT,match,Conflicts,33,3987,281,175,165,172,142,130,115,154,123,80,94,105,72,89,102,103,91,85,99,72,92,104,113,82,74,88,114,110,80,114,157,216,194
STAT,match,Iterations,33,14977842,432010,447846,440074,432499,465441,448299,438999,432706,442408,455608,452892,424068,426597,451310,446464,451352,440238,472225,461321,457959,481133,432803,453546,454946,476907,483987,430624,454881,470374,488007,478185,489259,462874
STAT,popedge,Conflicts,33,0,0,0,0,0,0,0,0,0,0,0,0,0,0,0,0,0,0,0,0,0,0,0,0,0,0,0,0,0,0,0,0,0,0
STAT,popedge,Iterations,33,7341163,215730,221163,214191,213295,222413,223896,216456,213426,216157,217342,221889,200496,200501,215315,216662,217723,217989,228328,220228,228545,228784,225501,220424,220912,219872,223901,213288,224251,245036,245494,250522,240157,241276
STAT,refine,Conflicts,33,2046,159,106,91,103,74,76,81,93,63,60,69,49,69,63,76,63,49,48,42,45,53,52,34,44,43,56,43,35,35,29,49,40,54
STAT,refine,Iterations,33,36193,1101,895,1074,1150,784,1157,1065,842,1362,765,845,1018,1002,1181,1075,986,1384,897,1119,957,1113,1284,858,1087,812,1111,1186,1388,950,1140,882,1504,2219
