Hello from MIC
Galois Benchmark Suite v2.2.0 (r0)
Copyright (C) 2013 The University of Texas at Austin
http://iss.ices.utexas.edu/galois/

application: GMetis
Partitions a graph into K parts and minimizing the graph cut
http://iss.ices.utexas.edu/?p=projects/galois/benchmarks/gMetis

INFO: CommandLine /work/02556/dpereira/MIC/apps/gmetis/gmetis -t=230 /work/02556/dpereira/Inputs/USA-road-d.W.gr 128
INFO: Hostname c558-003-mic0.stampede.tacc.utexas.edu
Created Graph with 6262104 nodes and 15248146 edges
Nodes 6262104| Edges 15248146 7624073

  Starting coarsening: 
Time coarsen:  3980 Size of final graph: 3151

  Sarting initial partitioning using GGGP:
Size in decade percentages:  -1,3 -0,120 1,5
Time clustering:  452

  Sarting refinnement with BKL2
Initial dist
Size in decade percentages:  -1,3 -0,120 1,5
Refined dist
Size in decade percentages:  -1,45 -0,38 1,45
Time refinement:  2580


Time:  7191
Total edge cut : 8514

Part saved in : 0x7fff2b6db560
STATTYPE,LOOP,CATEGORY,n,sum,T0,T1,T2,T3,T4,T5,T6,T7,T8,T9,T10,T11,T12,T13,T14,T15,T16,T17,T18,T19,T20,T21,T22,T23,T24,T25,T26,T27,T28,T29,T30,T31,T32,T33,T34,T35,T36,T37,T38,T39,T40,T41,T42,T43,T44,T45,T46,T47,T48,T49,T50,T51,T52,T53,T54,T55,T56,T57,T58,T59,T60,T61,T62,T63,T64,T65,T66,T67,T68,T69,T70,T71,T72,T73,T74,T75,T76,T77,T78,T79,T80,T81,T82,T83,T84,T85,T86,T87,T88,T89,T90,T91,T92,T93,T94,T95,T96,T97,T98,T99,T100,T101,T102,T103,T104,T105,T106,T107,T108,T109,T110,T111,T112,T113,T114,T115,T116,T117,T118,T119,T120,T121,T122,T123,T124,T125,T126,T127,T128,T129,T130,T131,T132,T133,T134,T135,T136,T137,T138,T139,T140,T141,T142,T143,T144,T145,T146,T147,T148,T149,T150,T151,T152,T153,T154,T155,T156,T157,T158,T159,T160,T161,T162,T163,T164,T165,T166,T167,T168,T169,T170,T171,T172,T173,T174,T175,T176,T177,T178,T179,T180,T181,T182,T183,T184,T185,T186,T187,T188,T189,T190,T191,T192,T193,T194,T195,T196,T197,T198,T199,T200,T201,T202,T203,T204,T205,T206,T207,T208,T209,T210,T211,T212,T213,T214,T215,T216,T217,T218,T219,T220,T221,T222,T223,T224,T225,T226,T227,T228,T229
STAT,(NULL),Coarsen,230,3980,3980,0,0,0,0,0,0,0,0,0,0,0,0,0,0,0,0,0,0,0,0,0,0,0,0,0,0,0,0,0,0,0,0,0,0,0,0,0,0,0,0,0,0,0,0,0,0,0,0,0,0,0,0,0,0,0,0,0,0,0,0,0,0,0,0,0,0,0,0,0,0,0,0,0,0,0,0,0,0,0,0,0,0,0,0,0,0,0,0,0,0,0,0,0,0,0,0,0,0,0,0,0,0,0,0,0,0,0,0,0,0,0,0,0,0,0,0,0,0,0,0,0,0,0,0,0,0,0,0,0,0,0,0,0,0,0,0,0,0,0,0,0,0,0,0,0,0,0,0,0,0,0,0,0,0,0,0,0,0,0,0,0,0,0,0,0,0,0,0,0,0,0,0,0,0,0,0,0,0,0,0,0,0,0,0,0,0,0,0,0,0,0,0,0,0,0,0,0,0,0,0,0,0,0,0,0,0,0,0,0,0,0,0,0,0,0,0,0,0,0,0,0,0,0,0,0,0,0,0,0
STAT,(NULL),Conflicts,230,0,0,0,0,0,0,0,0,0,0,0,0,0,0,0,0,0,0,0,0,0,0,0,0,0,0,0,0,0,0,0,0,0,0,0,0,0,0,0,0,0,0,0,0,0,0,0,0,0,0,0,0,0,0,0,0,0,0,0,0,0,0,0,0,0,0,0,0,0,0,0,0,0,0,0,0,0,0,0,0,0,0,0,0,0,0,0,0,0,0,0,0,0,0,0,0,0,0,0,0,0,0,0,0,0,0,0,0,0,0,0,0,0,0,0,0,0,0,0,0,0,0,0,0,0,0,0,0,0,0,0,0,0,0,0,0,0,0,0,0,0,0,0,0,0,0,0,0,0,0,0,0,0,0,0,0,0,0,0,0,0,0,0,0,0,0,0,0,0,0,0,0,0,0,0,0,0,0,0,0,0,0,0,0,0,0,0,0,0,0,0,0,0,0,0,0,0,0,0,0,0,0,0,0,0,0,0,0,0,0,0,0,0,0,0,0,0,0,0,0,0,0,0,0,0,0,0,0,0,0,0
STAT,(NULL),Iterations,230,255,8,2,1,0,4,1,1,0,2,0,1,2,0,3,0,0,0,2,3,0,0,0,0,1,4,0,0,0,0,0,0,0,0,0,0,0,4,0,0,1,1,0,0,0,3,2,1,0,3,0,0,2,1,1,1,0,2,0,0,0,2,9,0,2,0,1,2,0,0,0,1,4,0,3,0,1,0,7,1,1,0,0,2,1,3,0,2,0,0,0,0,0,0,0,0,0,0,2,0,0,1,0,0,0,2,0,0,1,0,0,0,1,7,3,4,4,3,0,1,0,0,0,0,0,1,0,3,4,0,0,3,0,0,1,0,0,5,0,2,0,0,1,1,0,0,0,1,0,0,3,0,3,1,5,0,0,0,0,0,0,0,0,2,0,0,0,1,0,1,4,4,2,1,5,4,3,1,0,0,3,2,3,3,5,0,0,0,5,0,1,0,1,0,0,2,2,5,0,0,1,1,2,2,1,1,2,2,2,0,0,0,5,3,0,0,0,1,0,0,0,0,0,4,0,2,0,0,0,3,1
STAT,(NULL),MeminfoPost,230,756846,3296,3287,3293,3296,3300,3295,3294,3284,3299,3280,3300,3283,3305,3298,3347,3308,3301,3276,3290,3285,3280,3304,3288,3305,3296,3298,3296,3296,3291,3279,3287,3285,3300,3290,3308,3282,3277,3280,3293,3292,3277,3309,3306,3290,3295,3290,3300,3276,3281,3303,3293,3306,3314,3341,3302,3285,3285,3283,3288,3286,3299,3297,3297,3313,3279,3305,3294,3277,3283,3291,3283,3305,3301,3283,3285,3280,3286,3287,3301,3295,3288,3291,3314,3308,3283,3288,3302,3295,3288,3287,3299,3284,3285,3283,3283,3301,3279,3273,3282,3291,3297,3301,3288,3287,3289,3280,3286,3278,3279,3284,3289,3279,3283,3308,3313,3300,3290,3278,3286,3282,3305,3289,3279,3274,3272,3282,3293,3295,3301,3291,3301,3303,3284,3290,3278,3284,3295,3280,3286,3290,3276,3281,3271,3283,3280,3277,3303,3280,3275,3294,3309,3315,3310,3314,3290,3279,3282,3289,3299,3279,3273,3276,3291,3292,3300,3299,3300,3283,3287,3281,3293,3284,3285,3280,3278,3274,3288,3274,3297,3277,3285,3306,3316,3307,3315,3299,3288,3279,3288,3275,3282,3292,3296,3315,3313,3300,3303,3313,3296,3280,3283,3299,3281,3290,3287,3287,3280,3272,3274,3286,3283,3288,3302,3274,3273,3270,3301,3262,3274,3309,3276,3283,3288,3288,3293,3290,3291,3292,3288,3288
STAT,(NULL),MeminfoPre,230,189206,828,819,825,828,832,827,826,816,831,812,832,815,837,830,879,840,833,808,822,817,812,836,820,837,828,830,828,828,823,811,819,817,832,822,840,814,809,812,825,824,809,841,838,822,827,822,832,808,813,835,825,838,846,873,834,817,817,815,820,818,831,829,829,845,811,837,826,809,815,823,815,837,833,815,817,812,818,819,833,827,820,823,846,840,815,820,834,827,820,819,831,816,817,815,815,833,811,805,814,823,829,833,820,819,821,812,818,810,811,816,821,811,815,840,845,832,822,810,818,814,837,821,811,806,804,814,825,827,833,823,833,835,816,822,810,816,827,812,818,822,808,813,803,815,812,809,835,812,807,826,841,847,842,846,822,811,814,821,831,811,805,808,823,824,832,831,832,815,819,813,825,816,817,812,810,806,820,806,829,809,817,838,848,839,847,831,820,811,820,807,814,824,828,847,845,832,835,845,828,812,815,831,813,822,819,819,812,804,806,818,815,820,834,806,805,802,833,794,806,841,808,815,820,820,825,822,823,824,820,820
STAT,(NULL),Partition,230,452,452,0,0,0,0,0,0,0,0,0,0,0,0,0,0,0,0,0,0,0,0,0,0,0,0,0,0,0,0,0,0,0,0,0,0,0,0,0,0,0,0,0,0,0,0,0,0,0,0,0,0,0,0,0,0,0,0,0,0,0,0,0,0,0,0,0,0,0,0,0,0,0,0,0,0,0,0,0,0,0,0,0,0,0,0,0,0,0,0,0,0,0,0,0,0,0,0,0,0,0,0,0,0,0,0,0,0,0,0,0,0,0,0,0,0,0,0,0,0,0,0,0,0,0,0,0,0,0,0,0,0,0,0,0,0,0,0,0,0,0,0,0,0,0,0,0,0,0,0,0,0,0,0,0,0,0,0,0,0,0,0,0,0,0,0,0,0,0,0,0,0,0,0,0,0,0,0,0,0,0,0,0,0,0,0,0,0,0,0,0,0,0,0,0,0,0,0,0,0,0,0,0,0,0,0,0,0,0,0,0,0,0,0,0,0,0,0,0,0,0,0,0,0,0,0,0,0,0,0,0
STAT,(NULL),Refine,230,2580,2580,0,0,0,0,0,0,0,0,0,0,0,0,0,0,0,0,0,0,0,0,0,0,0,0,0,0,0,0,0,0,0,0,0,0,0,0,0,0,0,0,0,0,0,0,0,0,0,0,0,0,0,0,0,0,0,0,0,0,0,0,0,0,0,0,0,0,0,0,0,0,0,0,0,0,0,0,0,0,0,0,0,0,0,0,0,0,0,0,0,0,0,0,0,0,0,0,0,0,0,0,0,0,0,0,0,0,0,0,0,0,0,0,0,0,0,0,0,0,0,0,0,0,0,0,0,0,0,0,0,0,0,0,0,0,0,0,0,0,0,0,0,0,0,0,0,0,0,0,0,0,0,0,0,0,0,0,0,0,0,0,0,0,0,0,0,0,0,0,0,0,0,0,0,0,0,0,0,0,0,0,0,0,0,0,0,0,0,0,0,0,0,0,0,0,0,0,0,0,0,0,0,0,0,0,0,0,0,0,0,0,0,0,0,0,0,0,0,0,0,0,0,0,0,0,0,0,0,0,0
STAT,(NULL),Threads,230,230,230,0,0,0,0,0,0,0,0,0,0,0,0,0,0,0,0,0,0,0,0,0,0,0,0,0,0,0,0,0,0,0,0,0,0,0,0,0,0,0,0,0,0,0,0,0,0,0,0,0,0,0,0,0,0,0,0,0,0,0,0,0,0,0,0,0,0,0,0,0,0,0,0,0,0,0,0,0,0,0,0,0,0,0,0,0,0,0,0,0,0,0,0,0,0,0,0,0,0,0,0,0,0,0,0,0,0,0,0,0,0,0,0,0,0,0,0,0,0,0,0,0,0,0,0,0,0,0,0,0,0,0,0,0,0,0,0,0,0,0,0,0,0,0,0,0,0,0,0,0,0,0,0,0,0,0,0,0,0,0,0,0,0,0,0,0,0,0,0,0,0,0,0,0,0,0,0,0,0,0,0,0,0,0,0,0,0,0,0,0,0,0,0,0,0,0,0,0,0,0,0,0,0,0,0,0,0,0,0,0,0,0,0,0,0,0,0,0,0,0,0,0,0,0,0,0,0,0,0,0
STAT,(NULL),Time,230,7191,7191,0,0,0,0,0,0,0,0,0,0,0,0,0,0,0,0,0,0,0,0,0,0,0,0,0,0,0,0,0,0,0,0,0,0,0,0,0,0,0,0,0,0,0,0,0,0,0,0,0,0,0,0,0,0,0,0,0,0,0,0,0,0,0,0,0,0,0,0,0,0,0,0,0,0,0,0,0,0,0,0,0,0,0,0,0,0,0,0,0,0,0,0,0,0,0,0,0,0,0,0,0,0,0,0,0,0,0,0,0,0,0,0,0,0,0,0,0,0,0,0,0,0,0,0,0,0,0,0,0,0,0,0,0,0,0,0,0,0,0,0,0,0,0,0,0,0,0,0,0,0,0,0,0,0,0,0,0,0,0,0,0,0,0,0,0,0,0,0,0,0,0,0,0,0,0,0,0,0,0,0,0,0,0,0,0,0,0,0,0,0,0,0,0,0,0,0,0,0,0,0,0,0,0,0,0,0,0,0,0,0,0,0,0,0,0,0,0,0,0,0,0,0,0,0,0,0,0,0,0
STAT,match,Conflicts,230,6614,48,47,42,42,45,42,39,50,42,54,38,46,46,50,44,42,42,48,40,42,35,36,46,39,39,39,41,41,35,36,32,34,43,35,32,41,43,40,38,36,28,34,33,35,37,31,27,26,29,23,38,27,28,32,34,31,34,32,27,35,32,25,25,26,32,26,30,27,34,25,21,21,27,20,29,26,22,21,28,33,26,28,20,29,23,30,27,27,21,26,27,25,29,26,24,24,30,27,25,32,19,32,23,27,20,23,26,30,22,23,27,20,24,24,27,29,19,23,23,22,25,27,22,30,22,23,23,20,29,30,24,21,23,27,26,26,25,27,19,27,27,26,21,22,26,25,27,24,24,22,24,26,28,29,24,28,25,28,26,25,28,27,23,28,29,24,20,29,33,21,26,24,30,26,21,26,20,30,26,21,23,25,28,22,28,28,22,28,21,27,37,17,28,30,28,28,24,27,26,21,29,32,23,21,22,25,24,23,26,28,27,24,17,20,23,26,25,23,24,35,23,28,20,29,31,30,30,28,24,31
STAT,match,Iterations,230,15056902,54577,45001,37809,66488,44978,52104,61172,60312,38753,53646,65843,58754,37486,58270,51089,53504,62876,50186,46261,41429,61125,48743,66934,46289,57141,52513,52245,42042,49511,63487,59488,58485,34255,54812,66156,66073,58173,63642,46877,52675,67999,48121,72955,44349,47234,66618,65467,73468,76177,61313,55102,79128,49597,68508,56885,66916,56008,65836,80385,67338,50815,73924,76072,56266,61571,50547,66738,54158,73229,69198,88404,63464,66186,66446,80909,65992,69942,81207,67141,79222,88206,59694,68279,71859,47898,67476,62350,60277,76389,60026,92039,49386,66690,58308,85847,51005,76345,62769,73073,48893,70037,50259,81497,76133,64188,56051,75246,56658,70991,73092,58169,88438,73297,70443,60691,65084,72759,82328,84738,78884,93374,52399,77793,72738,77624,83062,68099,69139,53303,56975,54057,65459,61587,67470,80494,56495,59778,63970,49471,66530,88172,62398,72866,58161,91675,55302,78509,64967,98003,73947,61927,62344,68194,68152,64221,71709,64674,61043,58418,75918,51403,68208,70173,68551,64535,46805,62080,72564,62411,68226,78995,77586,68465,74531,66548,49283,85038,58442,82862,81279,79385,62095,73740,57517,59908,78908,77910,66123,111789,60323,70090,97349,80778,57646,77692,56256,75052,52828,72790,75207,70307,53782,55633,78102,64964,88169,63992,66587,56422,73073,53439,61061,83096,56470,87841,64975,71095,61945,75696,56579,70417,75767,72148,68209,49115,71118,62272,79542,65061,60406
STAT,popedge,Conflicts,230,0,0,0,0,0,0,0,0,0,0,0,0,0,0,0,0,0,0,0,0,0,0,0,0,0,0,0,0,0,0,0,0,0,0,0,0,0,0,0,0,0,0,0,0,0,0,0,0,0,0,0,0,0,0,0,0,0,0,0,0,0,0,0,0,0,0,0,0,0,0,0,0,0,0,0,0,0,0,0,0,0,0,0,0,0,0,0,0,0,0,0,0,0,0,0,0,0,0,0,0,0,0,0,0,0,0,0,0,0,0,0,0,0,0,0,0,0,0,0,0,0,0,0,0,0,0,0,0,0,0,0,0,0,0,0,0,0,0,0,0,0,0,0,0,0,0,0,0,0,0,0,0,0,0,0,0,0,0,0,0,0,0,0,0,0,0,0,0,0,0,0,0,0,0,0,0,0,0,0,0,0,0,0,0,0,0,0,0,0,0,0,0,0,0,0,0,0,0,0,0,0,0,0,0,0,0,0,0,0,0,0,0,0,0,0,0,0,0,0,0,0,0,0,0,0,0,0,0,0,0,0
STAT,popedge,Iterations,230,7375270,30682,31988,30481,30675,29746,31437,30060,31053,30235,30378,30169,30567,29748,31782,29648,31509,28936,30510,31106,31015,31831,31613,31463,30061,31948,30414,32755,30619,31156,30612,31085,33856,32928,32020,29764,30986,31538,30146,31711,31707,31624,30352,29894,29649,29748,31843,29309,34292,35083,35934,34727,34439,32855,32980,34565,36319,35993,33965,35314,34400,34596,28251,30731,30032,32560,30363,31598,32220,30448,29821,31852,30502,29441,32464,32372,31455,31851,31531,29938,29338,30998,32000,30842,30555,31014,30277,29431,31398,32969,29179,34185,31546,32888,31669,32146,32578,31611,32276,30639,31993,31618,32815,30772,30975,29818,31730,32149,31456,32981,34336,36751,37355,35509,33840,34737,32988,36732,36363,35402,38497,34846,36239,32481,31311,35087,33044,31393,31834,31689,32955,30965,33088,30922,30962,30739,33702,31747,31929,30782,30953,33937,29541,30855,29937,30578,33846,31820,28909,31846,31724,30713,31097,31525,31911,31517,31037,31856,31287,30515,30505,33666,32091,32772,29764,31024,30698,32412,29943,32832,35877,36511,33282,34962,35343,34592,35958,33380,36660,34073,34095,38822,34691,32971,30595,31113,30764,32246,28267,33437,30449,31479,33271,32568,32338,31312,31298,32193,32642,33385,30186,32270,32664,32574,31130,31795,33717,33549,33264,31856,32484,33538,29884,32408,31094,32674,32287,32500,32699,31290,32947,29964,31201,31208,32783,31379,30633,31061,31144,31011,31071
STAT,refine,Conflicts,230,7054,122,103,106,101,97,83,93,92,81,75,82,76,75,81,81,63,69,62,59,59,64,65,56,53,62,63,67,54,58,51,52,49,45,47,33,51,38,43,36,44,41,50,47,41,50,38,38,32,35,32,36,44,34,36,36,30,30,38,41,37,40,16,31,23,24,28,24,18,19,24,29,22,24,27,16,17,20,22,29,16,19,24,20,18,13,25,28,23,22,28,26,20,25,25,22,17,21,18,26,22,23,19,24,26,18,22,15,18,15,21,29,25,30,29,22,19,18,17,22,33,25,25,27,33,16,21,18,26,26,19,20,34,32,27,22,21,25,16,18,15,21,21,11,23,22,22,13,20,22,18,13,13,21,16,17,17,21,20,21,19,15,20,11,20,24,18,22,16,25,19,18,18,24,20,27,16,19,18,27,18,24,24,17,15,15,21,26,26,17,18,18,20,24,10,24,18,25,17,25,19,28,19,18,22,19,18,15,19,23,25,17,23,21,16,22,22,19,11,24,22,23,20,14,22,30,20,17,21,17,19
STAT,refine,Iterations,230,143087,661,762,634,903,817,701,720,765,625,869,742,858,638,668,878,660,576,635,365,490,654,747,765,408,689,545,646,427,561,704,503,658,495,615,542,702,627,441,385,569,597,526,776,452,471,475,521,558,544,549,514,1065,639,909,724,489,438,645,745,702,573,351,719,578,718,603,639,503,580,726,856,578,578,696,733,552,519,605,592,616,607,674,620,613,328,696,434,657,637,631,957,630,602,538,607,423,456,485,623,439,539,532,772,714,423,547,511,563,630,636,634,692,862,976,781,678,627,616,657,799,816,585,501,490,612,869,562,774,590,528,678,909,581,764,724,636,433,473,354,661,476,541,696,584,605,486,667,593,714,653,706,640,650,830,476,525,500,587,640,440,365,632,699,600,729,577,517,600,575,484,533,528,540,821,655,634,800,415,740,538,939,830,771,609,684,562,783,486,717,456,703,811,924,588,832,646,939,597,711,358,662,609,579,499,648,669,398,586,529,583,519,551,834,342,766,461,475,571,559,748,478,586,497,652,739,645,556,639,520,560
