Hello from MIC
Galois Benchmark Suite v2.2.0 (r0)
Copyright (C) 2013 The University of Texas at Austin
http://iss.ices.utexas.edu/galois/

application: GMetis
Partitions a graph into K parts and minimizing the graph cut
http://iss.ices.utexas.edu/?p=projects/galois/benchmarks/gMetis

INFO: CommandLine /work/02556/dpereira/MIC/apps/gmetis/gmetis -t=133 /work/02556/dpereira/Inputs/USA-road-d.W.gr 128
INFO: Hostname c558-001-mic0.stampede.tacc.utexas.edu
Created Graph with 6262104 nodes and 15248146 edges
Nodes 6262104| Edges 15248146 7624073

  Starting coarsening: 
Time coarsen:  2401 Size of final graph: 3094

  Sarting initial partitioning using GGGP:
Size in decade percentages:  -1,7 -0,117 1,4
Time clustering:  421

  Sarting refinnement with BKL2
Initial dist
Size in decade percentages:  -1,7 -0,117 1,4
Refined dist
Size in decade percentages:  -1,46 0,38 1,44
Time refinement:  1299


Time:  4295
Total edge cut : 7688

Part saved in : 0x7fff9e231b60
STATTYPE,LOOP,CATEGORY,n,sum,T0,T1,T2,T3,T4,T5,T6,T7,T8,T9,T10,T11,T12,T13,T14,T15,T16,T17,T18,T19,T20,T21,T22,T23,T24,T25,T26,T27,T28,T29,T30,T31,T32,T33,T34,T35,T36,T37,T38,T39,T40,T41,T42,T43,T44,T45,T46,T47,T48,T49,T50,T51,T52,T53,T54,T55,T56,T57,T58,T59,T60,T61,T62,T63,T64,T65,T66,T67,T68,T69,T70,T71,T72,T73,T74,T75,T76,T77,T78,T79,T80,T81,T82,T83,T84,T85,T86,T87,T88,T89,T90,T91,T92,T93,T94,T95,T96,T97,T98,T99,T100,T101,T102,T103,T104,T105,T106,T107,T108,T109,T110,T111,T112,T113,T114,T115,T116,T117,T118,T119,T120,T121,T122,T123,T124,T125,T126,T127,T128,T129,T130,T131,T132
STAT,(NULL),Coarsen,133,2401,2401,0,0,0,0,0,0,0,0,0,0,0,0,0,0,0,0,0,0,0,0,0,0,0,0,0,0,0,0,0,0,0,0,0,0,0,0,0,0,0,0,0,0,0,0,0,0,0,0,0,0,0,0,0,0,0,0,0,0,0,0,0,0,0,0,0,0,0,0,0,0,0,0,0,0,0,0,0,0,0,0,0,0,0,0,0,0,0,0,0,0,0,0,0,0,0,0,0,0,0,0,0,0,0,0,0,0,0,0,0,0,0,0,0,0,0,0,0,0,0,0,0,0,0,0,0,0,0,0,0,0,0,0
STAT,(NULL),Conflicts,133,0,0,0,0,0,0,0,0,0,0,0,0,0,0,0,0,0,0,0,0,0,0,0,0,0,0,0,0,0,0,0,0,0,0,0,0,0,0,0,0,0,0,0,0,0,0,0,0,0,0,0,0,0,0,0,0,0,0,0,0,0,0,0,0,0,0,0,0,0,0,0,0,0,0,0,0,0,0,0,0,0,0,0,0,0,0,0,0,0,0,0,0,0,0,0,0,0,0,0,0,0,0,0,0,0,0,0,0,0,0,0,0,0,0,0,0,0,0,0,0,0,0,0,0,0,0,0,0,0,0,0,0,0,0
STAT,(NULL),Iterations,133,255,8,5,0,2,3,0,0,0,0,0,0,0,5,4,0,2,1,3,1,2,1,0,1,2,0,0,2,2,4,0,0,0,0,0,0,4,2,0,2,6,3,4,1,3,2,1,1,2,1,2,3,0,0,4,4,0,0,4,0,3,3,7,1,0,0,0,0,0,2,0,2,1,0,1,7,2,0,2,1,0,2,1,0,0,0,0,2,7,2,0,0,3,2,3,6,0,1,2,0,1,16,9,2,0,6,4,3,5,5,2,1,1,1,2,0,0,4,2,8,3,2,3,3,0,1,0,4,0,1,0,0,1,5
STAT,(NULL),MeminfoPost,133,756477,5693,5691,5701,5693,5700,5663,5693,5707,5764,5695,5675,5674,5697,5695,5706,5697,5683,5675,5689,5705,5680,5669,5689,5691,5700,5701,5680,5688,5683,5711,5749,5716,5675,5681,5688,5691,5717,5686,5691,5676,5676,5706,5684,5672,5685,5700,5680,5716,5699,5687,5701,5681,5694,5678,5673,5690,5659,5689,5704,5684,5679,5678,5662,5671,5680,5711,5712,5677,5675,5700,5676,5660,5671,5693,5700,5705,5685,5675,5691,5673,5681,5667,5655,5673,5693,5667,5694,5724,5725,5680,5676,5695,5662,5672,5689,5703,5691,5676,5683,5679,5672,5663,5673,5678,5687,5727,5724,5694,5674,5667,5684,5707,5727,5712,5709,5673,5697,5672,5680,5672,5660,5675,5704,5656,5655,5672,5693,5666,5679,5689,5691,5685,5685
STAT,(NULL),MeminfoPre,133,189099,1427,1425,1435,1427,1434,1397,1427,1441,1498,1429,1409,1408,1431,1429,1440,1431,1417,1409,1423,1439,1414,1403,1423,1425,1434,1435,1414,1422,1417,1445,1483,1450,1409,1415,1422,1425,1451,1420,1425,1410,1410,1440,1418,1406,1419,1434,1414,1450,1433,1421,1435,1415,1428,1412,1407,1424,1393,1423,1438,1418,1413,1412,1396,1405,1414,1445,1446,1411,1409,1434,1410,1394,1405,1427,1434,1439,1419,1409,1425,1407,1415,1401,1389,1407,1427,1401,1428,1458,1459,1414,1410,1429,1396,1406,1423,1437,1425,1410,1417,1413,1406,1397,1407,1412,1421,1461,1458,1428,1408,1401,1418,1441,1461,1446,1443,1407,1431,1406,1414,1406,1394,1409,1438,1390,1389,1406,1427,1400,1413,1423,1425,1419,1419
STAT,(NULL),Partition,133,421,421,0,0,0,0,0,0,0,0,0,0,0,0,0,0,0,0,0,0,0,0,0,0,0,0,0,0,0,0,0,0,0,0,0,0,0,0,0,0,0,0,0,0,0,0,0,0,0,0,0,0,0,0,0,0,0,0,0,0,0,0,0,0,0,0,0,0,0,0,0,0,0,0,0,0,0,0,0,0,0,0,0,0,0,0,0,0,0,0,0,0,0,0,0,0,0,0,0,0,0,0,0,0,0,0,0,0,0,0,0,0,0,0,0,0,0,0,0,0,0,0,0,0,0,0,0,0,0,0,0,0,0,0
STAT,(NULL),Refine,133,1299,1299,0,0,0,0,0,0,0,0,0,0,0,0,0,0,0,0,0,0,0,0,0,0,0,0,0,0,0,0,0,0,0,0,0,0,0,0,0,0,0,0,0,0,0,0,0,0,0,0,0,0,0,0,0,0,0,0,0,0,0,0,0,0,0,0,0,0,0,0,0,0,0,0,0,0,0,0,0,0,0,0,0,0,0,0,0,0,0,0,0,0,0,0,0,0,0,0,0,0,0,0,0,0,0,0,0,0,0,0,0,0,0,0,0,0,0,0,0,0,0,0,0,0,0,0,0,0,0,0,0,0,0,0
STAT,(NULL),Threads,133,133,133,0,0,0,0,0,0,0,0,0,0,0,0,0,0,0,0,0,0,0,0,0,0,0,0,0,0,0,0,0,0,0,0,0,0,0,0,0,0,0,0,0,0,0,0,0,0,0,0,0,0,0,0,0,0,0,0,0,0,0,0,0,0,0,0,0,0,0,0,0,0,0,0,0,0,0,0,0,0,0,0,0,0,0,0,0,0,0,0,0,0,0,0,0,0,0,0,0,0,0,0,0,0,0,0,0,0,0,0,0,0,0,0,0,0,0,0,0,0,0,0,0,0,0,0,0,0,0,0,0,0,0,0
STAT,(NULL),Time,133,4295,4295,0,0,0,0,0,0,0,0,0,0,0,0,0,0,0,0,0,0,0,0,0,0,0,0,0,0,0,0,0,0,0,0,0,0,0,0,0,0,0,0,0,0,0,0,0,0,0,0,0,0,0,0,0,0,0,0,0,0,0,0,0,0,0,0,0,0,0,0,0,0,0,0,0,0,0,0,0,0,0,0,0,0,0,0,0,0,0,0,0,0,0,0,0,0,0,0,0,0,0,0,0,0,0,0,0,0,0,0,0,0,0,0,0,0,0,0,0,0,0,0,0,0,0,0,0,0,0,0,0,0,0,0
STAT,match,Conflicts,133,6307,79,65,73,67,65,69,74,62,64,60,64,58,78,63,70,54,61,73,54,55,55,69,64,58,56,54,63,68,69,67,54,46,60,56,52,43,54,54,52,67,37,62,60,46,55,59,45,48,51,41,47,49,49,51,73,48,48,58,46,55,61,39,33,32,39,28,34,37,41,27,42,30,35,53,39,44,43,33,45,40,35,38,38,40,35,48,32,42,36,31,41,38,43,45,38,43,41,37,48,38,45,43,45,47,32,33,37,37,42,41,32,36,38,37,39,54,38,38,38,35,37,32,36,33,37,34,31,38,32,43,31,40,37
STAT,match,Iterations,133,15011416,73807,68867,90920,73249,91583,86230,71081,82835,66889,82826,80125,88166,93324,111705,97373,102227,109671,100387,104927,99604,111115,95587,107058,105389,108360,119837,94026,101789,102192,96275,86312,116216,116107,116733,123982,122230,120421,108845,98816,111577,118617,115445,108013,119921,103674,115727,124073,102667,110863,115220,115500,109902,130028,112355,101209,121209,129993,106944,115880,100742,113432,93703,103079,114823,106336,104976,108538,114851,120625,118987,95768,113653,135760,120091,116547,109076,116340,133144,117879,119155,122148,112901,130757,114421,125105,104824,137533,127216,125374,147324,125488,120688,126984,120976,109922,137026,117011,126510,131355,128557,131594,126513,141733,117862,141472,114543,138819,109960,130587,122603,133452,119944,145836,124966,125918,124422,126793,137173,124148,145942,108097,126501,119856,93980,112066,102696,118494,118411,102927,98563,125071,110030,104916
STAT,popedge,Conflicts,133,0,0,0,0,0,0,0,0,0,0,0,0,0,0,0,0,0,0,0,0,0,0,0,0,0,0,0,0,0,0,0,0,0,0,0,0,0,0,0,0,0,0,0,0,0,0,0,0,0,0,0,0,0,0,0,0,0,0,0,0,0,0,0,0,0,0,0,0,0,0,0,0,0,0,0,0,0,0,0,0,0,0,0,0,0,0,0,0,0,0,0,0,0,0,0,0,0,0,0,0,0,0,0,0,0,0,0,0,0,0,0,0,0,0,0,0,0,0,0,0,0,0,0,0,0,0,0,0,0,0,0,0,0,0
STAT,popedge,Iterations,133,7358096,51583,47819,49918,50622,48091,51104,50156,47216,46531,50642,51500,57984,58349,56008,59511,59356,55113,58583,58865,58265,58428,58171,57835,58174,55787,56027,58673,57363,56761,56770,57865,57520,58309,57296,55862,57310,54999,56021,51702,57319,58866,58393,58063,58558,56982,53231,52021,53692,54255,53283,54958,56812,56344,54606,58056,58160,58905,57812,56480,59205,58087,48003,47489,47567,49378,47480,47912,49186,48337,48339,50226,50229,57709,56297,57392,58809,56332,55877,57652,58729,57093,60608,55745,59206,56949,58488,60240,55363,57661,58263,54875,60669,59373,60063,56542,55826,57439,54235,53947,50486,55235,59106,58167,59107,59349,55936,59165,55848,51300,54831,55184,60906,59998,63091,61888,58969,58899,60521,59055,58744,59248,59115,47366,50878,47962,50603,51228,48308,51095,50310,50452,48145,49896
STAT,refine,Conflicts,133,5105,111,108,104,103,89,93,92,75,74,73,75,72,74,72,69,61,52,50,59,65,58,62,61,62,61,60,57,60,56,54,45,35,32,41,38,39,43,40,43,46,39,43,38,43,43,40,36,39,42,57,49,43,46,45,44,45,38,37,30,42,37,17,17,27,26,17,16,18,21,22,28,17,17,28,17,27,26,24,25,17,18,22,30,20,20,22,27,36,28,26,30,15,21,25,24,20,21,34,27,20,31,30,21,27,22,21,25,18,27,24,29,27,23,27,24,18,33,22,21,24,14,24,20,26,25,22,17,26,19,23,24,15,23
STAT,refine,Iterations,133,129573,953,791,1020,935,917,722,847,890,972,749,587,798,796,1038,1104,919,744,730,840,1067,853,813,952,855,1069,1105,1037,927,1123,875,904,975,669,1192,943,1185,1101,850,922,914,1155,1286,918,1139,1243,1244,808,924,998,1235,1328,1129,1361,855,950,1102,852,792,1065,1113,775,758,703,919,929,802,772,876,1024,1163,681,559,763,787,1110,1062,959,738,929,729,841,804,967,945,1243,774,1224,1187,1110,1201,1124,892,959,1015,943,1121,1264,1141,996,1008,1090,1308,1392,1086,1483,1291,1222,836,990,1164,1225,1216,1470,1309,981,986,1011,873,962,1139,1064,727,725,806,788,933,796,711,758,938,948,832,536
