Hello from MIC
Galois Benchmark Suite v2.2.0 (r0)
Copyright (C) 2013 The University of Texas at Austin
http://iss.ices.utexas.edu/galois/

application: GMetis
Partitions a graph into K parts and minimizing the graph cut
http://iss.ices.utexas.edu/?p=projects/galois/benchmarks/gMetis

INFO: CommandLine /work/02556/dpereira/MIC/apps/gmetis/gmetis -t=138 /work/02556/dpereira/Inputs/USA-road-d.W.gr 1024
INFO: Hostname c558-401-mic0.stampede.tacc.utexas.edu
Created Graph with 6262104 nodes and 15248146 edges
Nodes 6262104| Edges 15248146 7624073

  Starting coarsening: 
Time coarsen:  2202 Size of final graph: 21856

  Sarting initial partitioning using GGGP:
Size in decade percentages:  -1,72 -0,874 1,78
Time clustering:  1031

  Sarting refinnement with BKL2
Initial dist
Size in decade percentages:  -1,72 -0,874 1,78
Refined dist
Size in decade percentages:  -1,377 0,269 1,377 4,1
Time refinement:  1303


Time:  4716
Total edge cut : 31360

Part saved in : 0x7fff94471b60
STATTYPE,LOOP,CATEGORY,n,sum,T0,T1,T2,T3,T4,T5,T6,T7,T8,T9,T10,T11,T12,T13,T14,T15,T16,T17,T18,T19,T20,T21,T22,T23,T24,T25,T26,T27,T28,T29,T30,T31,T32,T33,T34,T35,T36,T37,T38,T39,T40,T41,T42,T43,T44,T45,T46,T47,T48,T49,T50,T51,T52,T53,T54,T55,T56,T57,T58,T59,T60,T61,T62,T63,T64,T65,T66,T67,T68,T69,T70,T71,T72,T73,T74,T75,T76,T77,T78,T79,T80,T81,T82,T83,T84,T85,T86,T87,T88,T89,T90,T91,T92,T93,T94,T95,T96,T97,T98,T99,T100,T101,T102,T103,T104,T105,T106,T107,T108,T109,T110,T111,T112,T113,T114,T115,T116,T117,T118,T119,T120,T121,T122,T123,T124,T125,T126,T127,T128,T129,T130,T131,T132,T133,T134,T135,T136,T137
STAT,(NULL),Coarsen,138,2202,2202,0,0,0,0,0,0,0,0,0,0,0,0,0,0,0,0,0,0,0,0,0,0,0,0,0,0,0,0,0,0,0,0,0,0,0,0,0,0,0,0,0,0,0,0,0,0,0,0,0,0,0,0,0,0,0,0,0,0,0,0,0,0,0,0,0,0,0,0,0,0,0,0,0,0,0,0,0,0,0,0,0,0,0,0,0,0,0,0,0,0,0,0,0,0,0,0,0,0,0,0,0,0,0,0,0,0,0,0,0,0,0,0,0,0,0,0,0,0,0,0,0,0,0,0,0,0,0,0,0,0,0,0,0,0,0,0,0
STAT,(NULL),Conflicts,138,0,0,0,0,0,0,0,0,0,0,0,0,0,0,0,0,0,0,0,0,0,0,0,0,0,0,0,0,0,0,0,0,0,0,0,0,0,0,0,0,0,0,0,0,0,0,0,0,0,0,0,0,0,0,0,0,0,0,0,0,0,0,0,0,0,0,0,0,0,0,0,0,0,0,0,0,0,0,0,0,0,0,0,0,0,0,0,0,0,0,0,0,0,0,0,0,0,0,0,0,0,0,0,0,0,0,0,0,0,0,0,0,0,0,0,0,0,0,0,0,0,0,0,0,0,0,0,0,0,0,0,0,0,0,0,0,0,0,0
STAT,(NULL),Iterations,138,2047,11,30,7,15,3,11,4,14,8,14,12,10,7,1,14,3,16,5,24,15,10,21,14,21,10,16,16,18,24,17,24,29,41,23,17,17,22,13,14,24,21,13,7,10,16,25,13,10,16,18,11,12,9,15,10,18,2,12,17,17,14,14,12,12,19,6,10,13,4,16,15,5,7,22,13,8,11,27,13,12,18,23,30,12,11,15,17,19,20,21,19,14,29,16,28,17,17,20,15,21,17,25,11,9,13,13,15,16,22,17,16,14,15,10,23,9,9,16,19,19,17,11,16,8,12,18,2,8,9,5,19,18,14,11,13,10,11,15
STAT,(NULL),MeminfoPost,138,756934,5491,5483,5500,5494,5488,5472,5485,5507,5543,5517,5466,5479,5480,5494,5501,5496,5495,5470,5475,5493,5503,5468,5471,5487,5483,5500,5497,5478,5488,5486,5499,5531,5527,5474,5479,5475,5492,5507,5488,5496,5475,5480,5488,5497,5473,5473,5482,5496,5482,5523,5481,5489,5496,5477,5491,5475,5471,5489,5456,5483,5497,5488,5479,5473,5469,5467,5475,5480,5519,5496,5468,5474,5502,5465,5453,5480,5489,5496,5502,5482,5474,5487,5471,5479,5462,5461,5471,5487,5467,5476,5524,5510,5506,5468,5489,5473,5456,5483,5494,5499,5482,5471,5481,5480,5462,5469,5481,5463,5487,5523,5521,5492,5470,5468,5477,5499,5525,5498,5520,5476,5476,5483,5482,5478,5455,5469,5456,5509,5456,5472,5459,5487,5464,5478,5487,5487,5482,5483
STAT,(NULL),MeminfoPre,138,189202,1377,1369,1386,1380,1374,1358,1371,1393,1429,1403,1352,1365,1366,1380,1387,1382,1381,1356,1361,1379,1389,1354,1357,1373,1369,1386,1383,1364,1374,1372,1385,1417,1413,1360,1365,1361,1378,1393,1374,1382,1361,1366,1374,1383,1359,1359,1368,1382,1368,1409,1367,1375,1382,1363,1377,1361,1357,1375,1342,1369,1383,1374,1365,1359,1355,1353,1361,1366,1405,1382,1354,1360,1388,1351,1339,1366,1375,1382,1388,1368,1360,1373,1357,1365,1348,1347,1357,1373,1353,1362,1410,1396,1392,1354,1375,1359,1342,1369,1380,1385,1368,1357,1367,1366,1348,1355,1367,1349,1373,1409,1407,1378,1356,1354,1363,1385,1411,1384,1406,1362,1362,1369,1368,1364,1341,1355,1342,1395,1342,1358,1345,1373,1350,1364,1373,1373,1368,1369
STAT,(NULL),Partition,138,1031,1031,0,0,0,0,0,0,0,0,0,0,0,0,0,0,0,0,0,0,0,0,0,0,0,0,0,0,0,0,0,0,0,0,0,0,0,0,0,0,0,0,0,0,0,0,0,0,0,0,0,0,0,0,0,0,0,0,0,0,0,0,0,0,0,0,0,0,0,0,0,0,0,0,0,0,0,0,0,0,0,0,0,0,0,0,0,0,0,0,0,0,0,0,0,0,0,0,0,0,0,0,0,0,0,0,0,0,0,0,0,0,0,0,0,0,0,0,0,0,0,0,0,0,0,0,0,0,0,0,0,0,0,0,0,0,0,0,0
STAT,(NULL),Refine,138,1303,1303,0,0,0,0,0,0,0,0,0,0,0,0,0,0,0,0,0,0,0,0,0,0,0,0,0,0,0,0,0,0,0,0,0,0,0,0,0,0,0,0,0,0,0,0,0,0,0,0,0,0,0,0,0,0,0,0,0,0,0,0,0,0,0,0,0,0,0,0,0,0,0,0,0,0,0,0,0,0,0,0,0,0,0,0,0,0,0,0,0,0,0,0,0,0,0,0,0,0,0,0,0,0,0,0,0,0,0,0,0,0,0,0,0,0,0,0,0,0,0,0,0,0,0,0,0,0,0,0,0,0,0,0,0,0,0,0,0
STAT,(NULL),Threads,138,138,138,0,0,0,0,0,0,0,0,0,0,0,0,0,0,0,0,0,0,0,0,0,0,0,0,0,0,0,0,0,0,0,0,0,0,0,0,0,0,0,0,0,0,0,0,0,0,0,0,0,0,0,0,0,0,0,0,0,0,0,0,0,0,0,0,0,0,0,0,0,0,0,0,0,0,0,0,0,0,0,0,0,0,0,0,0,0,0,0,0,0,0,0,0,0,0,0,0,0,0,0,0,0,0,0,0,0,0,0,0,0,0,0,0,0,0,0,0,0,0,0,0,0,0,0,0,0,0,0,0,0,0,0,0,0,0,0,0
STAT,(NULL),Time,138,4716,4716,0,0,0,0,0,0,0,0,0,0,0,0,0,0,0,0,0,0,0,0,0,0,0,0,0,0,0,0,0,0,0,0,0,0,0,0,0,0,0,0,0,0,0,0,0,0,0,0,0,0,0,0,0,0,0,0,0,0,0,0,0,0,0,0,0,0,0,0,0,0,0,0,0,0,0,0,0,0,0,0,0,0,0,0,0,0,0,0,0,0,0,0,0,0,0,0,0,0,0,0,0,0,0,0,0,0,0,0,0,0,0,0,0,0,0,0,0,0,0,0,0,0,0,0,0,0,0,0,0,0,0,0,0,0,0,0,0
STAT,match,Conflicts,138,5427,68,63,58,57,48,60,60,54,61,59,54,57,52,50,68,54,46,47,39,37,44,44,44,42,51,54,40,45,46,50,54,34,49,38,31,41,37,42,44,45,41,40,35,46,42,42,49,36,39,43,40,35,39,33,38,39,47,48,53,40,33,36,34,28,33,34,36,32,28,41,36,42,36,24,31,26,39,39,38,41,32,27,28,36,39,38,29,33,29,45,37,44,28,37,24,29,34,29,35,28,38,23,25,33,34,39,35,32,26,30,35,32,35,38,36,36,33,52,36,36,31,39,33,26,37,32,32,39,27,35,41,33,33,34,23,29,42,37
STAT,match,Iterations,138,14964904,70859,86132,88581,85967,88063,90415,71984,96744,82375,80486,92761,85099,83773,99287,75017,78586,122164,102734,107725,116867,112989,84707,110830,116913,110884,80697,111906,130006,96721,92416,90823,96099,94915,116722,104638,103175,109032,102558,104339,96269,130439,101928,129289,91158,114923,109797,94790,119462,98091,94702,106565,122422,115011,85491,111686,119011,92682,111320,93944,100711,118597,107241,93447,110596,118699,100773,119712,101425,104846,97586,98820,105380,112618,123258,113448,115903,92552,125510,99087,123106,125341,115586,133200,125314,122320,106488,128645,111689,122909,97286,106805,117564,106946,127451,111519,130436,121072,130041,107415,126981,112250,133600,134998,130731,119115,108054,116947,109950,123842,114797,116299,110377,123145,119455,96928,116077,116382,103000,136855,122566,123169,117926,113999,102713,103300,98409,107815,107905,123345,109654,119513,123652,120980,99385,121146,108520,110583,114230
STAT,popedge,Conflicts,138,0,0,0,0,0,0,0,0,0,0,0,0,0,0,0,0,0,0,0,0,0,0,0,0,0,0,0,0,0,0,0,0,0,0,0,0,0,0,0,0,0,0,0,0,0,0,0,0,0,0,0,0,0,0,0,0,0,0,0,0,0,0,0,0,0,0,0,0,0,0,0,0,0,0,0,0,0,0,0,0,0,0,0,0,0,0,0,0,0,0,0,0,0,0,0,0,0,0,0,0,0,0,0,0,0,0,0,0,0,0,0,0,0,0,0,0,0,0,0,0,0,0,0,0,0,0,0,0,0,0,0,0,0,0,0,0,0,0,0
STAT,popedge,Iterations,138,7332076,48954,47605,48915,48868,49251,48117,51200,48773,50472,47915,50205,48434,49583,48606,49373,47863,57101,57382,58085,55492,54648,61080,57501,57580,56622,54935,55948,54271,57551,56740,54741,53832,55226,54168,57074,55904,54834,53828,54819,55883,53583,55219,56410,55323,56579,57659,53347,52214,52249,49872,48013,50190,50407,52733,54300,54959,54714,56716,58593,57204,56308,46063,47385,48151,45988,47723,45085,47558,48127,47564,47725,51319,48543,49733,51365,49812,49546,56430,58949,55456,56678,55262,58657,56096,54799,56613,54928,57175,56542,58539,55484,52715,56674,53058,54523,56863,58378,54949,54121,52215,57315,54877,57013,58812,54343,56580,53448,56033,54458,55284,52470,49323,53739,54289,54314,57336,56872,58958,60081,56313,56911,57706,48373,46661,46492,50763,47462,48204,49302,46555,48931,49385,49397,51700,51363,50670,47940,49641
STAT,refine,Conflicts,138,4895,86,84,77,86,69,75,75,74,60,60,63,65,59,62,68,65,39,44,49,57,52,50,54,44,57,48,56,48,53,50,42,43,58,30,30,35,34,40,39,39,44,46,41,36,35,44,36,28,53,37,41,34,34,29,43,40,38,47,27,34,32,35,16,31,18,23,25,17,21,22,19,12,27,24,27,17,25,17,11,29,24,20,31,33,23,20,22,34,20,34,29,30,34,30,20,20,25,26,21,20,25,24,26,24,19,32,31,22,25,29,29,25,28,19,15,24,31,21,22,18,23,25,28,30,28,19,28,21,26,24,30,26,24,26,25,26,19,28
STAT,refine,Iterations,138,424911,2604,2349,3230,2634,2651,2490,2519,3096,2904,2716,2269,2290,2523,2599,2884,2965,2954,2632,2874,3353,2945,2534,2822,2805,2720,2395,3429,3073,3097,3496,3108,3671,3953,2948,2949,3009,3316,3479,3021,3617,2782,3721,3314,2346,3035,3462,2902,3179,3317,3758,3589,2882,2600,2222,3445,3625,2201,3979,2081,2757,3866,2955,2271,3254,2681,2925,2762,2620,3260,3029,2324,2665,3281,2829,2526,2744,2928,3465,3397,3028,3435,2669,3384,3133,2626,3408,3661,4427,2950,3173,4018,4042,4389,3806,3270,2903,2365,3160,3292,3189,3781,3028,3705,3516,2924,3035,3296,2908,3332,4024,4235,3529,2499,3365,2449,4420,4548,2947,4089,2675,2882,3721,2971,2432,3060,2423,2538,2654,3133,2521,2621,3118,2803,3088,2914,2805,2986,3706
