Hello from MIC
Galois Benchmark Suite v2.2.0 (r0)
Copyright (C) 2013 The University of Texas at Austin
http://iss.ices.utexas.edu/galois/

application: GMetis
Partitions a graph into K parts and minimizing the graph cut
http://iss.ices.utexas.edu/?p=projects/galois/benchmarks/gMetis

INFO: CommandLine /work/02556/dpereira/MIC/apps/gmetis/gmetis -t=85 /work/02556/dpereira/Inputs/USA-road-d.W.gr 16
INFO: Hostname c557-903-mic0.stampede.tacc.utexas.edu
Created Graph with 6262104 nodes and 15248146 edges
Nodes 6262104| Edges 15248146 7624073

  Starting coarsening: 
Time coarsen:  2411 Size of final graph: 428

  Sarting initial partitioning using GGGP:
Size in decade percentages:  -0,16
Time clustering:  359

  Sarting refinnement with BKL2
Initial dist
Size in decade percentages:  -0,16
Refined dist
Size in decade percentages:  -1,6 0,4 1,6
Time refinement:  988


Time:  3934
Total edge cut : 1814

Part saved in : 0x7fff2e83a5e0
STATTYPE,LOOP,CATEGORY,n,sum,T0,T1,T2,T3,T4,T5,T6,T7,T8,T9,T10,T11,T12,T13,T14,T15,T16,T17,T18,T19,T20,T21,T22,T23,T24,T25,T26,T27,T28,T29,T30,T31,T32,T33,T34,T35,T36,T37,T38,T39,T40,T41,T42,T43,T44,T45,T46,T47,T48,T49,T50,T51,T52,T53,T54,T55,T56,T57,T58,T59,T60,T61,T62,T63,T64,T65,T66,T67,T68,T69,T70,T71,T72,T73,T74,T75,T76,T77,T78,T79,T80,T81,T82,T83,T84
STAT,(NULL),Coarsen,85,2411,2411,0,0,0,0,0,0,0,0,0,0,0,0,0,0,0,0,0,0,0,0,0,0,0,0,0,0,0,0,0,0,0,0,0,0,0,0,0,0,0,0,0,0,0,0,0,0,0,0,0,0,0,0,0,0,0,0,0,0,0,0,0,0,0,0,0,0,0,0,0,0,0,0,0,0,0,0,0,0,0,0,0,0,0,0
STAT,(NULL),Conflicts,85,0,0,0,0,0,0,0,0,0,0,0,0,0,0,0,0,0,0,0,0,0,0,0,0,0,0,0,0,0,0,0,0,0,0,0,0,0,0,0,0,0,0,0,0,0,0,0,0,0,0,0,0,0,0,0,0,0,0,0,0,0,0,0,0,0,0,0,0,0,0,0,0,0,0,0,0,0,0,0,0,0,0,0,0,0,0
STAT,(NULL),Iterations,85,31,5,0,0,0,0,1,0,1,0,0,0,0,0,0,0,0,1,0,0,0,0,0,0,0,2,0,0,0,0,0,0,0,0,0,0,0,0,0,0,0,0,0,0,3,4,1,1,2,0,0,0,0,0,0,0,0,3,0,0,0,0,4,2,0,0,0,0,0,0,0,0,0,0,0,0,0,0,0,0,0,1,0,0,0,0
STAT,(NULL),MeminfoPost,85,756384,8898,8922,8899,8895,8922,8982,8884,8886,8915,8921,8891,8887,8922,8872,8896,8916,8909,8888,8921,8978,8895,8882,8914,8912,8916,8876,8920,8879,8896,8898,8944,8892,8906,8899,8881,8888,8879,8913,8888,8877,8876,8890,8941,8879,8905,8858,8883,8913,8915,8882,8890,8884,8860,8872,8888,8930,8950,8880,8900,8858,8910,8910,8892,8883,8860,8888,8882,8949,8930,8876,8883,8949,8932,8901,8896,8890,8864,8875,8896,8862,8855,8895,8898,8900,8895
STAT,(NULL),MeminfoPre,85,189094,2224,2248,2225,2221,2248,2308,2210,2212,2241,2247,2217,2213,2248,2198,2222,2242,2235,2214,2247,2304,2221,2208,2240,2238,2242,2202,2246,2205,2222,2224,2270,2218,2232,2225,2207,2214,2205,2239,2214,2203,2202,2216,2267,2205,2231,2184,2209,2239,2241,2208,2216,2210,2186,2198,2214,2256,2276,2206,2226,2184,2236,2236,2218,2209,2186,2214,2208,2275,2256,2202,2209,2275,2258,2227,2222,2216,2190,2201,2222,2188,2181,2221,2224,2226,2221
STAT,(NULL),Partition,85,359,359,0,0,0,0,0,0,0,0,0,0,0,0,0,0,0,0,0,0,0,0,0,0,0,0,0,0,0,0,0,0,0,0,0,0,0,0,0,0,0,0,0,0,0,0,0,0,0,0,0,0,0,0,0,0,0,0,0,0,0,0,0,0,0,0,0,0,0,0,0,0,0,0,0,0,0,0,0,0,0,0,0,0,0,0
STAT,(NULL),Refine,85,988,988,0,0,0,0,0,0,0,0,0,0,0,0,0,0,0,0,0,0,0,0,0,0,0,0,0,0,0,0,0,0,0,0,0,0,0,0,0,0,0,0,0,0,0,0,0,0,0,0,0,0,0,0,0,0,0,0,0,0,0,0,0,0,0,0,0,0,0,0,0,0,0,0,0,0,0,0,0,0,0,0,0,0,0,0
STAT,(NULL),Threads,85,85,85,0,0,0,0,0,0,0,0,0,0,0,0,0,0,0,0,0,0,0,0,0,0,0,0,0,0,0,0,0,0,0,0,0,0,0,0,0,0,0,0,0,0,0,0,0,0,0,0,0,0,0,0,0,0,0,0,0,0,0,0,0,0,0,0,0,0,0,0,0,0,0,0,0,0,0,0,0,0,0,0,0,0,0,0
STAT,(NULL),Time,85,3934,3934,0,0,0,0,0,0,0,0,0,0,0,0,0,0,0,0,0,0,0,0,0,0,0,0,0,0,0,0,0,0,0,0,0,0,0,0,0,0,0,0,0,0,0,0,0,0,0,0,0,0,0,0,0,0,0,0,0,0,0,0,0,0,0,0,0,0,0,0,0,0,0,0,0,0,0,0,0,0,0,0,0,0,0,0
STAT,match,Conflicts,85,5871,132,112,112,118,109,115,110,85,83,99,126,103,125,111,80,83,70,88,112,110,110,86,93,103,48,65,53,62,63,60,45,47,63,49,47,47,61,73,43,55,46,55,64,57,57,42,48,49,45,56,37,51,71,54,57,52,49,52,39,53,57,58,47,58,69,65,29,61,51,42,52,73,68,63,69,44,55,52,66,83,63,69,59,60,68
STAT,match,Iterations,85,15002596,155906,148583,161041,160628,154350,138405,148498,158810,151386,145773,147136,163435,152497,151092,156094,156455,159416,162616,155713,150854,150704,168324,151331,158178,192625,189720,175154,196955,178176,185796,179078,193100,189134,190948,204384,196167,185945,178676,210116,198432,183730,181484,170117,212329,183989,200498,199392,191212,175919,200411,204246,191395,195999,210064,192512,201176,173285,194680,184191,191842,177543,167729,182365,188772,172079,179098,194841,156567,171896,182237,161656,166713,176721,173129,186533,180433,180490,193778,172987,164824,195512,178668,170632,161496,175795
STAT,popedge,Conflicts,85,0,0,0,0,0,0,0,0,0,0,0,0,0,0,0,0,0,0,0,0,0,0,0,0,0,0,0,0,0,0,0,0,0,0,0,0,0,0,0,0,0,0,0,0,0,0,0,0,0,0,0,0,0,0,0,0,0,0,0,0,0,0,0,0,0,0,0,0,0,0,0,0,0,0,0,0,0,0,0,0,0,0,0,0,0,0
STAT,popedge,Iterations,85,7355057,80673,80986,82287,82260,78686,78943,82161,80899,78118,81860,86882,84400,83976,87102,84609,83107,84225,83709,81953,80904,85944,83957,82349,80367,89268,94208,93528,92832,89522,85461,87202,88029,87788,86484,90374,90873,90615,90375,85366,89982,87139,91167,90844,96180,97530,97452,99555,91427,85478,94299,90831,95643,96873,94050,93329,91467,94077,89300,90174,97060,90347,78646,77354,79663,82656,79441,78323,77416,79246,76868,78867,85731,86360,88266,86841,87651,83099,83994,85903,88918,79685,84887,89821,87445,81490
STAT,refine,Conflicts,85,4129,148,140,139,125,129,113,116,114,97,92,88,74,84,78,69,55,68,62,59,62,61,52,62,62,53,55,53,50,48,50,43,37,46,55,25,51,31,36,50,26,25,34,37,34,36,17,31,50,43,32,26,42,26,22,38,23,49,26,49,28,21,17,34,22,20,31,22,28,30,31,25,36,23,21,21,28,17,22,19,28,25,25,13,25,19
STAT,refine,Iterations,85,36951,685,555,615,558,448,466,561,351,400,367,542,428,523,427,348,328,321,399,351,371,436,394,447,266,720,491,736,599,490,479,414,405,518,668,496,464,389,586,465,374,400,397,544,619,614,297,633,540,629,528,605,506,173,485,357,377,650,381,398,465,374,397,414,365,267,346,274,478,334,337,345,314,245,272,243,299,339,265,283,299,408,425,401,496,252
