Hello from MIC
Galois Benchmark Suite v2.2.0 (r0)
Copyright (C) 2013 The University of Texas at Austin
http://iss.ices.utexas.edu/galois/

application: GMetis
Partitions a graph into K parts and minimizing the graph cut
http://iss.ices.utexas.edu/?p=projects/galois/benchmarks/gMetis

INFO: CommandLine /work/02556/dpereira/MIC/apps/gmetis/gmetis -t=102 /work/02556/dpereira/Inputs/USA-road-d.W.gr 1024
INFO: Hostname c558-304-mic0.stampede.tacc.utexas.edu
Created Graph with 6262104 nodes and 15248146 edges
Nodes 6262104| Edges 15248146 7624073

  Starting coarsening: 
Time coarsen:  2070 Size of final graph: 21667

  Sarting initial partitioning using GGGP:
Size in decade percentages:  -1,69 -0,882 1,73
Time clustering:  861

  Sarting refinnement with BKL2
Initial dist
Size in decade percentages:  -1,69 -0,882 1,73
Refined dist
Size in decade percentages:  -2,3 -1,361 -0,290 1,369 2,1
Time refinement:  1025


Time:  4133
Total edge cut : 30771

Part saved in : 0x7fff3cf67160
STATTYPE,LOOP,CATEGORY,n,sum,T0,T1,T2,T3,T4,T5,T6,T7,T8,T9,T10,T11,T12,T13,T14,T15,T16,T17,T18,T19,T20,T21,T22,T23,T24,T25,T26,T27,T28,T29,T30,T31,T32,T33,T34,T35,T36,T37,T38,T39,T40,T41,T42,T43,T44,T45,T46,T47,T48,T49,T50,T51,T52,T53,T54,T55,T56,T57,T58,T59,T60,T61,T62,T63,T64,T65,T66,T67,T68,T69,T70,T71,T72,T73,T74,T75,T76,T77,T78,T79,T80,T81,T82,T83,T84,T85,T86,T87,T88,T89,T90,T91,T92,T93,T94,T95,T96,T97,T98,T99,T100,T101
STAT,(NULL),Coarsen,102,2070,2070,0,0,0,0,0,0,0,0,0,0,0,0,0,0,0,0,0,0,0,0,0,0,0,0,0,0,0,0,0,0,0,0,0,0,0,0,0,0,0,0,0,0,0,0,0,0,0,0,0,0,0,0,0,0,0,0,0,0,0,0,0,0,0,0,0,0,0,0,0,0,0,0,0,0,0,0,0,0,0,0,0,0,0,0,0,0,0,0,0,0,0,0,0,0,0,0,0,0,0,0,0
STAT,(NULL),Conflicts,102,0,0,0,0,0,0,0,0,0,0,0,0,0,0,0,0,0,0,0,0,0,0,0,0,0,0,0,0,0,0,0,0,0,0,0,0,0,0,0,0,0,0,0,0,0,0,0,0,0,0,0,0,0,0,0,0,0,0,0,0,0,0,0,0,0,0,0,0,0,0,0,0,0,0,0,0,0,0,0,0,0,0,0,0,0,0,0,0,0,0,0,0,0,0,0,0,0,0,0,0,0,0,0
STAT,(NULL),Iterations,102,2047,11,12,16,15,20,16,27,17,14,20,22,14,15,12,12,19,12,23,14,19,17,11,7,21,13,9,11,17,22,23,18,11,21,19,25,35,18,23,33,27,13,22,20,35,30,24,10,9,31,32,41,39,15,30,15,23,29,25,24,10,19,25,26,20,14,28,17,20,16,19,19,22,19,21,19,19,20,15,15,20,20,21,21,18,21,29,21,24,22,17,13,10,37,28,17,17,28,30,11,19,23,19
STAT,(NULL),MeminfoPost,102,756291,7411,7442,7421,7413,7411,7432,7491,7408,7409,7416,7435,7424,7413,7402,7423,7418,7396,7412,7434,7425,7418,7413,7426,7491,7414,7408,7407,7438,7429,7418,7396,7420,7421,7397,7418,7413,7454,7409,7431,7409,7414,7399,7411,7389,7425,7420,7398,7398,7384,7401,7459,7419,7397,7427,7382,7390,7421,7434,7420,7397,7411,7404,7389,7391,7406,7387,7433,7460,7426,7397,7415,7382,7425,7431,7404,7403,7403,7381,7400,7393,7450,7463,7419,7395,7398,7444,7449,7456,7396,7413,7407,7395,7389,7394,7410,7386,7384,7405,7404,7417,7417,7408
STAT,(NULL),MeminfoPre,102,189069,1850,1881,1860,1852,1850,1871,1930,1847,1848,1855,1874,1863,1852,1841,1862,1857,1835,1851,1873,1864,1857,1852,1865,1930,1853,1847,1846,1877,1868,1857,1835,1859,1860,1836,1857,1852,1893,1848,1870,1848,1853,1838,1850,1828,1864,1859,1837,1837,1823,1840,1898,1858,1836,1866,1821,1829,1860,1873,1859,1836,1850,1843,1828,1830,1845,1826,1872,1899,1865,1836,1854,1821,1864,1870,1843,1842,1842,1820,1839,1832,1889,1902,1858,1834,1837,1883,1888,1895,1835,1852,1846,1834,1828,1833,1849,1825,1823,1844,1843,1856,1856,1847
STAT,(NULL),Partition,102,861,861,0,0,0,0,0,0,0,0,0,0,0,0,0,0,0,0,0,0,0,0,0,0,0,0,0,0,0,0,0,0,0,0,0,0,0,0,0,0,0,0,0,0,0,0,0,0,0,0,0,0,0,0,0,0,0,0,0,0,0,0,0,0,0,0,0,0,0,0,0,0,0,0,0,0,0,0,0,0,0,0,0,0,0,0,0,0,0,0,0,0,0,0,0,0,0,0,0,0,0,0,0
STAT,(NULL),Refine,102,1025,1025,0,0,0,0,0,0,0,0,0,0,0,0,0,0,0,0,0,0,0,0,0,0,0,0,0,0,0,0,0,0,0,0,0,0,0,0,0,0,0,0,0,0,0,0,0,0,0,0,0,0,0,0,0,0,0,0,0,0,0,0,0,0,0,0,0,0,0,0,0,0,0,0,0,0,0,0,0,0,0,0,0,0,0,0,0,0,0,0,0,0,0,0,0,0,0,0,0,0,0,0,0
STAT,(NULL),Threads,102,102,102,0,0,0,0,0,0,0,0,0,0,0,0,0,0,0,0,0,0,0,0,0,0,0,0,0,0,0,0,0,0,0,0,0,0,0,0,0,0,0,0,0,0,0,0,0,0,0,0,0,0,0,0,0,0,0,0,0,0,0,0,0,0,0,0,0,0,0,0,0,0,0,0,0,0,0,0,0,0,0,0,0,0,0,0,0,0,0,0,0,0,0,0,0,0,0,0,0,0,0,0,0
STAT,(NULL),Time,102,4133,4133,0,0,0,0,0,0,0,0,0,0,0,0,0,0,0,0,0,0,0,0,0,0,0,0,0,0,0,0,0,0,0,0,0,0,0,0,0,0,0,0,0,0,0,0,0,0,0,0,0,0,0,0,0,0,0,0,0,0,0,0,0,0,0,0,0,0,0,0,0,0,0,0,0,0,0,0,0,0,0,0,0,0,0,0,0,0,0,0,0,0,0,0,0,0,0,0,0,0,0,0,0
STAT,match,Conflicts,102,5695,86,92,98,79,85,86,82,75,67,72,84,78,62,80,78,70,66,66,82,57,66,42,60,69,55,62,83,75,73,89,61,73,62,46,62,68,51,70,85,54,66,39,46,44,41,45,39,38,37,38,31,36,43,49,33,52,48,45,52,35,52,43,53,43,48,54,43,41,42,41,33,62,48,31,43,41,48,53,52,48,38,49,32,37,43,45,48,61,65,42,63,50,58,49,40,46,65,32,41,59,60,45
STAT,match,Iterations,102,14954063,119777,117679,133491,128747,122852,116261,122172,127835,143845,122646,136475,131296,117581,128315,129452,124936,135245,116668,131069,136583,143958,150087,124029,120615,130742,136550,123496,146465,112453,131066,142237,152088,139299,146853,143168,129161,132476,125504,133086,161672,139498,159655,162479,171490,155176,165078,166146,164508,177035,163401,152665,160579,163370,148851,176695,165574,172053,154983,168223,178001,151749,142798,156282,172184,152625,158117,152057,146919,149843,162356,160396,150295,148895,167412,156368,163012,149475,148764,148944,143933,145294,147731,141690,159780,138644,138719,136813,162694,163980,157977,150192,153620,143683,145327,164101,163690,143882,171927,165983,140019,141067,161436
STAT,popedge,Conflicts,102,0,0,0,0,0,0,0,0,0,0,0,0,0,0,0,0,0,0,0,0,0,0,0,0,0,0,0,0,0,0,0,0,0,0,0,0,0,0,0,0,0,0,0,0,0,0,0,0,0,0,0,0,0,0,0,0,0,0,0,0,0,0,0,0,0,0,0,0,0,0,0,0,0,0,0,0,0,0,0,0,0,0,0,0,0,0,0,0,0,0,0,0,0,0,0,0,0,0,0,0,0,0,0
STAT,popedge,Iterations,102,7330488,72384,66952,71820,68608,71809,70802,68787,69526,68374,69116,71042,69938,69552,74461,70783,74750,71767,73066,68726,69571,67950,66209,70793,67796,70522,72752,71251,70367,71277,72044,72827,69742,74553,72566,67988,68916,68613,67732,67382,66930,68356,78136,78160,77477,75927,76973,71087,77538,76477,79082,77382,78896,81395,81638,80801,83001,77206,78456,81906,78503,78926,74529,66097,67019,68009,72120,70278,67491,67425,68100,67607,69306,66336,68177,68854,68182,71732,70126,68894,67652,68738,68063,68612,67144,67442,70894,72959,74204,70294,71433,75433,74541,75786,72263,71594,71960,73358,76081,73043,69284,71200,70861
STAT,refine,Conflicts,102,4106,90,86,88,79,70,80,75,67,72,58,72,68,60,55,59,68,55,55,57,51,60,52,52,51,45,48,39,38,52,35,51,38,45,44,43,35,34,44,41,39,39,25,42,38,30,35,30,37,34,30,33,34,31,36,27,26,46,41,24,30,28,26,25,32,28,34,28,41,26,27,31,32,30,32,27,24,24,23,18,31,19,38,20,37,33,36,17,30,23,26,18,33,27,26,32,32,33,28,36,30,21,25
STAT,refine,Iterations,102,418006,3802,4068,3654,2958,4017,3261,4981,3687,3890,3597,3793,3642,3749,3870,3150,3662,3045,3405,4535,4007,4387,3905,3572,4782,4367,3809,3451,3792,3985,3511,3944,3896,3571,3743,3684,3549,4443,3663,3499,4085,3642,4093,4698,4469,4904,4937,4352,4684,5006,4999,6496,5331,5123,5286,3966,3929,5399,4597,4980,4515,3868,4173,3746,4106,3639,4218,4903,4996,4387,4074,3899,3784,4010,4332,4284,3650,3626,3024,3384,3497,4694,5124,3795,4038,4581,4882,4060,4876,3793,4008,4013,3795,3450,3405,3953,4077,3709,4228,4257,3801,3698,4352
