Hello from MIC
Galois Benchmark Suite v2.2.0 (r0)
Copyright (C) 2013 The University of Texas at Austin
http://iss.ices.utexas.edu/galois/

application: GMetis
Partitions a graph into K parts and minimizing the graph cut
http://iss.ices.utexas.edu/?p=projects/galois/benchmarks/gMetis

INFO: CommandLine /work/02556/dpereira/MIC/apps/gmetis/gmetis -t=244 /work/02556/dpereira/Inputs/USA-road-d.W.gr 1024
INFO: Hostname c557-803-mic0.stampede.tacc.utexas.edu
Created Graph with 6262104 nodes and 15248146 edges
Nodes 6262104| Edges 15248146 7624073

  Starting coarsening: 
Time coarsen:  3403 Size of final graph: 22264

  Sarting initial partitioning using GGGP:
Size in decade percentages:  -1,73 -0,883 1,68
Time clustering:  1145

  Sarting refinnement with BKL2
Initial dist
Size in decade percentages:  -1,73 -0,883 1,68
Refined dist
Size in decade percentages:  -1,366 -0,282 1,375 2,1
Time refinement:  2310


Time:  7039
Total edge cut : 31441

Part saved in : 0x7fff4bb03260
STATTYPE,LOOP,CATEGORY,n,sum,T0,T1,T2,T3,T4,T5,T6,T7,T8,T9,T10,T11,T12,T13,T14,T15,T16,T17,T18,T19,T20,T21,T22,T23,T24,T25,T26,T27,T28,T29,T30,T31,T32,T33,T34,T35,T36,T37,T38,T39,T40,T41,T42,T43,T44,T45,T46,T47,T48,T49,T50,T51,T52,T53,T54,T55,T56,T57,T58,T59,T60,T61,T62,T63,T64,T65,T66,T67,T68,T69,T70,T71,T72,T73,T74,T75,T76,T77,T78,T79,T80,T81,T82,T83,T84,T85,T86,T87,T88,T89,T90,T91,T92,T93,T94,T95,T96,T97,T98,T99,T100,T101,T102,T103,T104,T105,T106,T107,T108,T109,T110,T111,T112,T113,T114,T115,T116,T117,T118,T119,T120,T121,T122,T123,T124,T125,T126,T127,T128,T129,T130,T131,T132,T133,T134,T135,T136,T137,T138,T139,T140,T141,T142,T143,T144,T145,T146,T147,T148,T149,T150,T151,T152,T153,T154,T155,T156,T157,T158,T159,T160,T161,T162,T163,T164,T165,T166,T167,T168,T169,T170,T171,T172,T173,T174,T175,T176,T177,T178,T179,T180,T181,T182,T183,T184,T185,T186,T187,T188,T189,T190,T191,T192,T193,T194,T195,T196,T197,T198,T199,T200,T201,T202,T203,T204,T205,T206,T207,T208,T209,T210,T211,T212,T213,T214,T215,T216,T217,T218,T219,T220,T221,T222,T223,T224,T225,T226,T227,T228,T229,T230,T231,T232,T233,T234,T235,T236,T237,T238,T239,T240,T241,T242,T243
STAT,(NULL),Coarsen,244,3403,3403,0,0,0,0,0,0,0,0,0,0,0,0,0,0,0,0,0,0,0,0,0,0,0,0,0,0,0,0,0,0,0,0,0,0,0,0,0,0,0,0,0,0,0,0,0,0,0,0,0,0,0,0,0,0,0,0,0,0,0,0,0,0,0,0,0,0,0,0,0,0,0,0,0,0,0,0,0,0,0,0,0,0,0,0,0,0,0,0,0,0,0,0,0,0,0,0,0,0,0,0,0,0,0,0,0,0,0,0,0,0,0,0,0,0,0,0,0,0,0,0,0,0,0,0,0,0,0,0,0,0,0,0,0,0,0,0,0,0,0,0,0,0,0,0,0,0,0,0,0,0,0,0,0,0,0,0,0,0,0,0,0,0,0,0,0,0,0,0,0,0,0,0,0,0,0,0,0,0,0,0,0,0,0,0,0,0,0,0,0,0,0,0,0,0,0,0,0,0,0,0,0,0,0,0,0,0,0,0,0,0,0,0,0,0,0,0,0,0,0,0,0,0,0,0,0,0,0,0,0,0,0,0,0,0,0,0,0,0,0,0,0,0,0
STAT,(NULL),Conflicts,244,0,0,0,0,0,0,0,0,0,0,0,0,0,0,0,0,0,0,0,0,0,0,0,0,0,0,0,0,0,0,0,0,0,0,0,0,0,0,0,0,0,0,0,0,0,0,0,0,0,0,0,0,0,0,0,0,0,0,0,0,0,0,0,0,0,0,0,0,0,0,0,0,0,0,0,0,0,0,0,0,0,0,0,0,0,0,0,0,0,0,0,0,0,0,0,0,0,0,0,0,0,0,0,0,0,0,0,0,0,0,0,0,0,0,0,0,0,0,0,0,0,0,0,0,0,0,0,0,0,0,0,0,0,0,0,0,0,0,0,0,0,0,0,0,0,0,0,0,0,0,0,0,0,0,0,0,0,0,0,0,0,0,0,0,0,0,0,0,0,0,0,0,0,0,0,0,0,0,0,0,0,0,0,0,0,0,0,0,0,0,0,0,0,0,0,0,0,0,0,0,0,0,0,0,0,0,0,0,0,0,0,0,0,0,0,0,0,0,0,0,0,0,0,0,0,0,0,0,0,0,0,0,0,0,0,0,0,0,0,0,0,0,0,0,0
STAT,(NULL),Iterations,244,2047,11,11,5,14,8,5,9,8,10,6,2,3,3,13,11,13,9,3,18,9,8,7,6,7,8,7,7,2,6,6,17,6,4,9,6,10,3,4,11,11,6,3,5,5,12,9,3,4,11,6,5,7,6,4,4,13,15,10,15,17,3,9,11,8,4,4,0,13,15,16,7,3,10,8,6,17,8,9,11,8,1,13,12,6,0,4,5,11,5,12,5,7,18,16,7,12,0,3,7,6,9,5,10,11,2,10,3,8,11,12,12,7,9,5,8,3,13,14,14,3,12,14,9,7,13,10,7,3,4,13,7,2,11,7,4,3,8,10,5,7,8,8,8,5,11,9,7,5,14,7,17,2,12,10,1,8,14,4,2,9,10,6,9,10,15,4,15,12,5,4,9,12,8,10,4,13,4,9,5,4,14,17,11,15,17,10,15,4,8,8,7,11,13,5,8,16,4,13,9,4,7,6,9,7,6,11,6,2,2,11,5,6,6,11,10,0,10,18,8,5,19,4,11,10,6,8,6,9,6,12,10,18,6,11,6,4,14,11,10,7,6,15,31,2
STAT,(NULL),MeminfoPost,244,756724,3106,3104,3097,3112,3104,3112,3102,3099,3111,3086,3095,3111,3100,3117,3113,3153,3116,3109,3090,3101,3095,3092,3105,3110,3104,3110,3121,3083,3118,3107,3098,3090,3095,3099,3111,3102,3116,3090,3093,3095,3098,3104,3097,3107,3105,3109,3115,3100,3098,3114,3088,3090,3112,3103,3117,3121,3144,3123,3103,3090,3099,3099,3089,3109,3107,3101,3117,3114,3096,3112,3105,3090,3097,3093,3101,3110,3103,3116,3091,3089,3094,3101,3100,3108,3103,3098,3104,3121,3123,3094,3098,3109,3102,3111,3093,3104,3102,3094,3100,3093,3094,3112,3090,3085,3093,3102,3107,3108,3104,3102,3089,3100,3095,3097,3089,3085,3093,3104,3092,3097,3123,3119,3110,3102,3089,3095,3094,3106,3113,3093,3088,3082,3087,3100,3101,3104,3108,3110,3109,3114,3094,3101,3091,3094,3108,3091,3097,3095,3097,3084,3090,3089,3098,3085,3092,3114,3091,3087,3103,3113,3129,3121,3115,3113,3095,3095,3094,3110,3099,3089,3083,3088,3102,3102,3110,3111,3108,3097,3103,3086,3106,3092,3095,3099,3085,3090,3091,3092,3100,3098,3088,3097,3116,3122,3117,3128,3116,3098,3092,3094,3093,3092,3096,3099,3115,3122,3124,3110,3113,3122,3108,3094,3092,3100,3099,3097,3104,3090,3104,3084,3088,3090,3092,3099,3104,3107,3084,3087,3081,3108,3079,3091,3112,3090,3088,3099,3095,3106,3101,3100,3104,3100,3099,3097
STAT,(NULL),MeminfoPre,244,189180,780,778,771,786,778,786,776,773,785,760,769,785,774,791,787,827,790,783,764,775,769,766,779,784,778,784,795,757,792,781,772,764,769,773,785,776,790,764,767,769,772,778,771,781,779,783,789,774,772,788,762,764,786,777,791,795,818,797,777,764,773,773,763,783,781,775,791,788,770,786,779,764,771,767,775,784,777,790,765,763,768,775,774,782,777,772,778,795,797,768,772,783,776,785,767,778,776,768,774,767,768,786,764,759,767,776,781,782,778,776,763,774,769,771,763,759,767,778,766,771,797,793,784,776,763,769,768,780,787,767,762,756,761,774,775,778,782,784,783,788,768,775,765,768,782,765,771,769,771,758,764,763,772,759,766,788,765,761,777,787,803,795,789,787,769,769,768,784,773,763,757,762,776,776,784,785,782,771,777,760,780,766,769,773,759,764,765,766,774,772,762,771,790,796,791,802,790,772,766,768,767,766,770,773,789,796,798,784,787,796,782,768,766,774,773,771,778,764,778,758,762,764,766,773,778,781,758,761,755,782,753,765,786,764,762,773,769,780,775,774,778,774,773,771
STAT,(NULL),Partition,244,1145,1145,0,0,0,0,0,0,0,0,0,0,0,0,0,0,0,0,0,0,0,0,0,0,0,0,0,0,0,0,0,0,0,0,0,0,0,0,0,0,0,0,0,0,0,0,0,0,0,0,0,0,0,0,0,0,0,0,0,0,0,0,0,0,0,0,0,0,0,0,0,0,0,0,0,0,0,0,0,0,0,0,0,0,0,0,0,0,0,0,0,0,0,0,0,0,0,0,0,0,0,0,0,0,0,0,0,0,0,0,0,0,0,0,0,0,0,0,0,0,0,0,0,0,0,0,0,0,0,0,0,0,0,0,0,0,0,0,0,0,0,0,0,0,0,0,0,0,0,0,0,0,0,0,0,0,0,0,0,0,0,0,0,0,0,0,0,0,0,0,0,0,0,0,0,0,0,0,0,0,0,0,0,0,0,0,0,0,0,0,0,0,0,0,0,0,0,0,0,0,0,0,0,0,0,0,0,0,0,0,0,0,0,0,0,0,0,0,0,0,0,0,0,0,0,0,0,0,0,0,0,0,0,0,0,0,0,0,0,0,0,0,0,0,0
STAT,(NULL),Refine,244,2310,2310,0,0,0,0,0,0,0,0,0,0,0,0,0,0,0,0,0,0,0,0,0,0,0,0,0,0,0,0,0,0,0,0,0,0,0,0,0,0,0,0,0,0,0,0,0,0,0,0,0,0,0,0,0,0,0,0,0,0,0,0,0,0,0,0,0,0,0,0,0,0,0,0,0,0,0,0,0,0,0,0,0,0,0,0,0,0,0,0,0,0,0,0,0,0,0,0,0,0,0,0,0,0,0,0,0,0,0,0,0,0,0,0,0,0,0,0,0,0,0,0,0,0,0,0,0,0,0,0,0,0,0,0,0,0,0,0,0,0,0,0,0,0,0,0,0,0,0,0,0,0,0,0,0,0,0,0,0,0,0,0,0,0,0,0,0,0,0,0,0,0,0,0,0,0,0,0,0,0,0,0,0,0,0,0,0,0,0,0,0,0,0,0,0,0,0,0,0,0,0,0,0,0,0,0,0,0,0,0,0,0,0,0,0,0,0,0,0,0,0,0,0,0,0,0,0,0,0,0,0,0,0,0,0,0,0,0,0,0,0,0,0,0,0
STAT,(NULL),Threads,244,244,244,0,0,0,0,0,0,0,0,0,0,0,0,0,0,0,0,0,0,0,0,0,0,0,0,0,0,0,0,0,0,0,0,0,0,0,0,0,0,0,0,0,0,0,0,0,0,0,0,0,0,0,0,0,0,0,0,0,0,0,0,0,0,0,0,0,0,0,0,0,0,0,0,0,0,0,0,0,0,0,0,0,0,0,0,0,0,0,0,0,0,0,0,0,0,0,0,0,0,0,0,0,0,0,0,0,0,0,0,0,0,0,0,0,0,0,0,0,0,0,0,0,0,0,0,0,0,0,0,0,0,0,0,0,0,0,0,0,0,0,0,0,0,0,0,0,0,0,0,0,0,0,0,0,0,0,0,0,0,0,0,0,0,0,0,0,0,0,0,0,0,0,0,0,0,0,0,0,0,0,0,0,0,0,0,0,0,0,0,0,0,0,0,0,0,0,0,0,0,0,0,0,0,0,0,0,0,0,0,0,0,0,0,0,0,0,0,0,0,0,0,0,0,0,0,0,0,0,0,0,0,0,0,0,0,0,0,0,0,0,0,0,0,0
STAT,(NULL),Time,244,7039,7039,0,0,0,0,0,0,0,0,0,0,0,0,0,0,0,0,0,0,0,0,0,0,0,0,0,0,0,0,0,0,0,0,0,0,0,0,0,0,0,0,0,0,0,0,0,0,0,0,0,0,0,0,0,0,0,0,0,0,0,0,0,0,0,0,0,0,0,0,0,0,0,0,0,0,0,0,0,0,0,0,0,0,0,0,0,0,0,0,0,0,0,0,0,0,0,0,0,0,0,0,0,0,0,0,0,0,0,0,0,0,0,0,0,0,0,0,0,0,0,0,0,0,0,0,0,0,0,0,0,0,0,0,0,0,0,0,0,0,0,0,0,0,0,0,0,0,0,0,0,0,0,0,0,0,0,0,0,0,0,0,0,0,0,0,0,0,0,0,0,0,0,0,0,0,0,0,0,0,0,0,0,0,0,0,0,0,0,0,0,0,0,0,0,0,0,0,0,0,0,0,0,0,0,0,0,0,0,0,0,0,0,0,0,0,0,0,0,0,0,0,0,0,0,0,0,0,0,0,0,0,0,0,0,0,0,0,0,0,0,0,0,0,0
STAT,match,Conflicts,244,5839,42,31,34,36,36,35,37,30,37,32,30,37,34,34,37,31,28,35,33,30,28,37,37,32,30,38,41,36,40,34,35,25,31,31,31,28,34,31,30,31,28,31,28,27,27,34,23,28,31,25,30,35,31,31,27,35,25,31,30,29,30,18,22,22,23,18,27,21,23,19,20,18,22,21,24,23,18,19,19,19,18,20,19,22,16,23,18,19,34,24,23,22,19,22,21,27,24,25,22,21,20,20,20,27,18,22,23,18,25,20,20,23,24,18,25,30,21,21,20,26,20,22,23,17,27,23,17,19,19,18,22,20,22,19,21,22,19,19,16,19,19,25,17,18,17,21,20,21,24,16,27,15,19,18,20,29,21,18,21,22,19,20,18,22,26,19,20,25,19,24,19,23,20,25,26,29,25,24,23,25,24,24,22,25,21,28,22,16,20,21,22,15,22,20,16,20,20,16,22,21,24,16,21,21,23,18,20,20,19,18,29,16,18,20,19,27,26,23,29,23,21,19,20,22,21,24,18,14,29,18,23,22,19,19,20,19,25,16,26,22,23,16,23,19
STAT,match,Iterations,244,15003743,43509,56489,72663,67144,50696,47801,44866,68013,32756,42136,40212,34172,62484,57632,51673,47195,55618,32984,43455,66024,55559,47458,48761,34864,44729,45749,60780,53877,45407,49335,50205,54300,46774,53294,61198,53310,54076,52417,44241,56678,48185,51894,72987,50804,53933,62149,60673,42693,70513,28242,42059,48876,54739,51704,47528,43459,59380,47155,48358,66719,55476,60353,63364,72998,59234,59422,46870,74745,75790,55072,63498,70107,50712,65216,77423,49353,58429,61612,59606,65598,73338,71421,59110,49509,72568,71111,66736,55982,55398,55631,48566,54718,56110,42779,67123,66456,51582,70265,52072,85783,50549,59013,57051,52408,62069,65113,73942,64047,48770,59568,65829,83483,55931,80145,68023,78066,62234,63905,61233,72498,76033,53426,56056,50070,54200,73114,59611,75196,58176,68653,66137,70255,54567,72477,80462,54545,55570,84427,57908,79228,58910,56894,77900,62216,52310,56417,70534,79223,69664,92814,55389,65861,66392,72939,72108,56122,71799,63895,65682,86598,64088,62281,89131,62216,79324,77111,47423,72863,63352,75124,70427,53243,75927,65319,54751,62767,52854,65022,54468,61968,53978,46675,80894,73174,64723,67004,53738,64346,88194,59198,71788,82670,56764,64655,76870,54548,59006,83191,60200,57523,49531,72855,72268,55364,68542,78495,59851,59853,59071,70364,48915,78499,67073,69635,74253,38449,66289,59707,42482,74294,61563,78025,62191,50674,67385,85983,65153,71625,53795,79716,64430,87059,45440,49310,64119,75321,75309,86451,81455,69734,45468,78842,56692,62040
STAT,popedge,Conflicts,244,0,0,0,0,0,0,0,0,0,0,0,0,0,0,0,0,0,0,0,0,0,0,0,0,0,0,0,0,0,0,0,0,0,0,0,0,0,0,0,0,0,0,0,0,0,0,0,0,0,0,0,0,0,0,0,0,0,0,0,0,0,0,0,0,0,0,0,0,0,0,0,0,0,0,0,0,0,0,0,0,0,0,0,0,0,0,0,0,0,0,0,0,0,0,0,0,0,0,0,0,0,0,0,0,0,0,0,0,0,0,0,0,0,0,0,0,0,0,0,0,0,0,0,0,0,0,0,0,0,0,0,0,0,0,0,0,0,0,0,0,0,0,0,0,0,0,0,0,0,0,0,0,0,0,0,0,0,0,0,0,0,0,0,0,0,0,0,0,0,0,0,0,0,0,0,0,0,0,0,0,0,0,0,0,0,0,0,0,0,0,0,0,0,0,0,0,0,0,0,0,0,0,0,0,0,0,0,0,0,0,0,0,0,0,0,0,0,0,0,0,0,0,0,0,0,0,0,0,0,0,0,0,0,0,0,0,0,0,0,0,0,0,0,0,0
STAT,popedge,Iterations,244,7347822,27918,29760,30834,29015,28758,31238,28891,29777,29957,30501,28389,29436,29334,28181,28980,28784,28454,30242,29280,28357,29688,30780,31199,30229,29621,30258,28959,30207,29961,30321,29861,29694,29949,29412,30733,30866,30948,27922,30126,29792,30889,29202,30263,28769,28965,29774,30684,29726,31470,30805,31648,28931,28815,30545,29760,29337,30688,27693,29466,29870,29875,29108,28631,30096,30027,28755,30522,29074,30503,29604,28932,29577,29277,28724,29144,29396,29277,28920,29249,28930,27621,29402,31719,28777,30849,29802,30241,29757,30859,31838,29538,27646,29340,31189,28529,29913,30538,30246,30517,31675,29280,30160,30011,32228,29359,29369,31620,28328,28732,31048,28484,29828,30342,33402,29622,29970,31736,30000,29963,31198,28221,29776,29996,29788,30941,29983,28002,31662,29307,31769,29193,30348,30005,29848,32728,30263,29827,31655,29838,29595,30542,28975,29676,30310,29579,31056,32943,30100,30905,29647,31096,31618,30781,29158,31046,30370,30155,29373,31052,29843,29622,29796,33623,28862,30632,29722,29582,30718,29451,32316,32230,28981,32755,31179,28642,29869,28923,31749,30671,29501,30504,30130,28675,30119,29274,30663,31318,28281,33338,28371,29888,30831,29012,28671,27581,30819,29028,33001,30156,29540,31008,30096,30414,29208,31187,30109,30610,28969,30794,30713,29623,31958,30322,28970,30310,31815,31869,30706,30104,32525,30700,31870,32207,32030,32491,33910,31288,29612,32494,29409,31951,32082,31550,31302,29113,30139,29454,30276,31027,30332,29849,28945,29950,29328
STAT,refine,Conflicts,244,6600,75,77,74,75,77,64,72,72,69,61,59,69,60,61,70,56,57,53,46,47,49,54,61,48,46,47,53,62,57,51,52,46,31,46,38,41,43,35,41,29,34,42,42,36,47,43,35,42,32,28,42,38,34,41,29,44,32,48,32,36,40,13,9,18,19,24,23,27,21,19,19,21,20,26,28,21,13,17,15,12,25,12,24,23,19,20,17,25,14,17,25,30,23,18,27,19,20,15,24,19,22,16,14,30,20,21,20,15,20,14,12,28,14,23,16,16,30,23,19,21,23,17,18,17,21,25,24,17,16,20,19,23,14,17,26,22,27,25,22,16,14,23,13,20,16,21,22,20,27,22,24,17,27,22,18,25,20,12,23,22,20,21,26,26,21,19,18,26,16,15,20,22,21,26,20,19,15,24,16,19,21,19,19,22,15,15,21,18,27,16,12,20,23,20,13,19,22,25,23,22,18,15,19,15,18,33,15,18,17,24,14,14,13,20,24,14,12,20,19,15,16,17,15,24,21,21,13,17,14,16,21,19,15,18,16,19,16,15,21,19,26,22,11,16
STAT,refine,Iterations,244,428812,1318,1785,1751,2385,1703,1927,1555,1959,1361,1582,1428,1663,1878,1950,1507,1796,1825,1390,1295,1692,1344,1892,2089,1337,1098,1586,1950,1612,1835,1481,1909,1660,1528,1696,1920,1884,1546,983,1626,1406,1488,1891,1825,1568,1827,2155,1394,1506,1501,968,1125,1594,1733,1942,1576,1819,2435,1510,1727,1371,1522,1384,1527,1811,1843,1812,1752,2347,2062,1254,1453,1561,1703,1903,2430,1497,1486,1775,1461,1404,1797,1363,1983,1992,2177,1767,1978,2408,1499,2009,1571,1816,1697,1234,2146,1720,1648,1826,1529,1571,1599,1980,1695,1945,1173,1672,2538,1389,1196,1683,1710,2485,1477,2108,1831,2125,2181,2476,1752,2023,1911,1544,1423,1481,1329,2157,1463,2079,1793,1440,1302,1831,1366,1531,2504,1712,1457,2346,1566,1313,1596,1835,1432,2036,1558,1897,1910,1912,2466,1966,1948,1852,2535,1881,1948,2114,1867,1531,1869,2183,1798,2416,2418,1826,2201,1526,1484,2231,1487,1647,1596,1635,2013,2455,2029,2008,1539,1916,1706,1873,1317,1417,1670,2015,1491,1592,1825,1186,2845,1758,1675,1705,1621,1970,1837,1695,2033,2311,1643,1497,1395,1368,2110,1848,2133,2598,1582,1547,1796,2520,1527,1683,1341,1864,2232,1259,1641,1745,1284,1658,1426,1529,1684,1844,2356,2213,1167,1412,1719,1472,1732,2079,1396,1586,1424,2297,2090,2031,2596,2276,1711,2038,1247,1722
