Hello from MIC
Galois Benchmark Suite v2.2.0 (r0)
Copyright (C) 2013 The University of Texas at Austin
http://iss.ices.utexas.edu/galois/

application: GMetis
Partitions a graph into K parts and minimizing the graph cut
http://iss.ices.utexas.edu/?p=projects/galois/benchmarks/gMetis

INFO: CommandLine /work/02556/dpereira/MIC/apps/gmetis/gmetis -t=115 /work/02556/dpereira/Inputs/USA-road-d.W.gr 16
INFO: Hostname c558-001-mic0.stampede.tacc.utexas.edu
Created Graph with 6262104 nodes and 15248146 edges
Nodes 6262104| Edges 15248146 7624073

  Starting coarsening: 
Time coarsen:  2581 Size of final graph: 439

  Sarting initial partitioning using GGGP:
Size in decade percentages:  -1,1 -0,14 1,1
Time clustering:  365

  Sarting refinnement with BKL2
Initial dist
Size in decade percentages:  -1,1 -0,14 1,1
Refined dist
Size in decade percentages:  -1,7 0,2 1,7
Time refinement:  1432


Time:  4555
Total edge cut : 1972

Part saved in : 0x7fff11b96260
STATTYPE,LOOP,CATEGORY,n,sum,T0,T1,T2,T3,T4,T5,T6,T7,T8,T9,T10,T11,T12,T13,T14,T15,T16,T17,T18,T19,T20,T21,T22,T23,T24,T25,T26,T27,T28,T29,T30,T31,T32,T33,T34,T35,T36,T37,T38,T39,T40,T41,T42,T43,T44,T45,T46,T47,T48,T49,T50,T51,T52,T53,T54,T55,T56,T57,T58,T59,T60,T61,T62,T63,T64,T65,T66,T67,T68,T69,T70,T71,T72,T73,T74,T75,T76,T77,T78,T79,T80,T81,T82,T83,T84,T85,T86,T87,T88,T89,T90,T91,T92,T93,T94,T95,T96,T97,T98,T99,T100,T101,T102,T103,T104,T105,T106,T107,T108,T109,T110,T111,T112,T113,T114
STAT,(NULL),Coarsen,115,2581,2581,0,0,0,0,0,0,0,0,0,0,0,0,0,0,0,0,0,0,0,0,0,0,0,0,0,0,0,0,0,0,0,0,0,0,0,0,0,0,0,0,0,0,0,0,0,0,0,0,0,0,0,0,0,0,0,0,0,0,0,0,0,0,0,0,0,0,0,0,0,0,0,0,0,0,0,0,0,0,0,0,0,0,0,0,0,0,0,0,0,0,0,0,0,0,0,0,0,0,0,0,0,0,0,0,0,0,0,0,0,0,0,0,0,0
STAT,(NULL),Conflicts,115,0,0,0,0,0,0,0,0,0,0,0,0,0,0,0,0,0,0,0,0,0,0,0,0,0,0,0,0,0,0,0,0,0,0,0,0,0,0,0,0,0,0,0,0,0,0,0,0,0,0,0,0,0,0,0,0,0,0,0,0,0,0,0,0,0,0,0,0,0,0,0,0,0,0,0,0,0,0,0,0,0,0,0,0,0,0,0,0,0,0,0,0,0,0,0,0,0,0,0,0,0,0,0,0,0,0,0,0,0,0,0,0,0,0,0,0
STAT,(NULL),Iterations,115,31,5,0,0,1,0,0,0,0,0,0,0,0,0,0,0,0,0,0,0,1,0,0,0,0,0,1,2,0,0,0,0,0,0,0,0,0,0,0,0,0,0,0,0,0,0,0,0,0,0,0,0,0,0,0,2,0,2,0,0,0,0,4,0,0,0,0,0,0,0,0,0,3,0,0,0,0,0,0,0,0,0,1,1,0,0,0,0,0,0,0,0,0,0,0,0,0,0,3,1,0,1,0,0,2,0,0,0,1,0,0,0,0,0,0,0
STAT,(NULL),MeminfoPost,115,756674,6582,6588,6593,6576,6578,6582,6601,6654,6575,6573,6582,6592,6593,6591,6568,6570,6588,6588,6556,6583,6585,6595,6583,6575,6583,6598,6653,6585,6567,6572,6594,6609,6582,6570,6572,6586,6583,6564,6571,6594,6577,6621,6570,6595,6574,6582,6567,6583,6551,6572,6597,6573,6568,6563,6561,6567,6590,6611,6566,6566,6592,6552,6552,6587,6590,6603,6573,6560,6573,6574,6555,6553,6556,6581,6567,6623,6622,6568,6569,6576,6548,6581,6597,6581,6566,6575,6564,6550,6561,6573,6590,6621,6613,6566,6561,6573,6610,6612,6614,6575,6581,6569,6573,6551,6559,6569,6574,6541,6561,6582,6557,6574,6582,6582,6574
STAT,(NULL),MeminfoPre,115,189149,1647,1653,1658,1641,1643,1647,1666,1719,1640,1638,1647,1657,1658,1656,1633,1635,1653,1653,1621,1648,1650,1660,1648,1640,1648,1663,1718,1650,1632,1637,1659,1674,1647,1635,1637,1651,1648,1629,1636,1659,1642,1686,1635,1660,1639,1647,1632,1648,1616,1637,1662,1638,1633,1628,1626,1632,1655,1676,1631,1631,1657,1617,1617,1652,1655,1668,1638,1625,1638,1639,1620,1618,1621,1646,1632,1688,1687,1633,1634,1641,1613,1646,1662,1646,1631,1640,1629,1615,1626,1638,1655,1686,1678,1631,1626,1638,1675,1677,1679,1640,1646,1634,1638,1616,1624,1634,1639,1606,1626,1647,1622,1639,1647,1647,1639
STAT,(NULL),Partition,115,365,365,0,0,0,0,0,0,0,0,0,0,0,0,0,0,0,0,0,0,0,0,0,0,0,0,0,0,0,0,0,0,0,0,0,0,0,0,0,0,0,0,0,0,0,0,0,0,0,0,0,0,0,0,0,0,0,0,0,0,0,0,0,0,0,0,0,0,0,0,0,0,0,0,0,0,0,0,0,0,0,0,0,0,0,0,0,0,0,0,0,0,0,0,0,0,0,0,0,0,0,0,0,0,0,0,0,0,0,0,0,0,0,0,0,0
STAT,(NULL),Refine,115,1432,1432,0,0,0,0,0,0,0,0,0,0,0,0,0,0,0,0,0,0,0,0,0,0,0,0,0,0,0,0,0,0,0,0,0,0,0,0,0,0,0,0,0,0,0,0,0,0,0,0,0,0,0,0,0,0,0,0,0,0,0,0,0,0,0,0,0,0,0,0,0,0,0,0,0,0,0,0,0,0,0,0,0,0,0,0,0,0,0,0,0,0,0,0,0,0,0,0,0,0,0,0,0,0,0,0,0,0,0,0,0,0,0,0,0,0
STAT,(NULL),Threads,115,115,115,0,0,0,0,0,0,0,0,0,0,0,0,0,0,0,0,0,0,0,0,0,0,0,0,0,0,0,0,0,0,0,0,0,0,0,0,0,0,0,0,0,0,0,0,0,0,0,0,0,0,0,0,0,0,0,0,0,0,0,0,0,0,0,0,0,0,0,0,0,0,0,0,0,0,0,0,0,0,0,0,0,0,0,0,0,0,0,0,0,0,0,0,0,0,0,0,0,0,0,0,0,0,0,0,0,0,0,0,0,0,0,0,0,0
STAT,(NULL),Time,115,4555,4555,0,0,0,0,0,0,0,0,0,0,0,0,0,0,0,0,0,0,0,0,0,0,0,0,0,0,0,0,0,0,0,0,0,0,0,0,0,0,0,0,0,0,0,0,0,0,0,0,0,0,0,0,0,0,0,0,0,0,0,0,0,0,0,0,0,0,0,0,0,0,0,0,0,0,0,0,0,0,0,0,0,0,0,0,0,0,0,0,0,0,0,0,0,0,0,0,0,0,0,0,0,0,0,0,0,0,0,0,0,0,0,0,0,0
STAT,match,Conflicts,115,5971,92,91,94,99,94,66,73,80,64,77,65,79,80,74,77,74,73,73,56,72,61,58,57,68,46,86,70,60,68,61,63,53,64,39,45,42,59,51,52,47,62,42,56,63,45,53,63,43,56,47,53,55,66,67,39,35,41,42,43,48,45,51,41,45,38,53,33,34,41,33,41,27,52,46,51,34,38,48,52,40,40,36,46,47,33,30,40,44,48,39,39,40,30,38,31,38,31,41,46,40,41,50,36,34,46,43,41,46,33,42,36,42,49,35,55
STAT,match,Iterations,115,15003968,106199,94701,105158,118557,123357,108496,121200,114483,112024,115716,122165,136462,110046,84600,132530,123478,132915,111528,141745,114724,117508,120567,109500,121673,127205,117923,127839,132190,125455,122467,103319,121796,118641,131237,133023,113352,116260,122083,118937,122351,119469,129262,115434,106763,137708,140367,128658,120025,122937,112977,121841,135217,123019,135528,162722,146281,152170,154218,137113,150646,138344,132827,135195,135919,137553,140475,143521,138437,145262,137935,155394,139460,143741,152861,147701,141802,148117,144383,123868,133521,128538,134557,128810,116378,155428,135339,142609,116382,140277,129927,140170,124033,136737,145936,134923,140281,145029,139210,147126,152425,138118,151223,127540,142726,153826,132860,122131,150226,145188,120652,125116,125117,129291,140619,143139
STAT,popedge,Conflicts,115,0,0,0,0,0,0,0,0,0,0,0,0,0,0,0,0,0,0,0,0,0,0,0,0,0,0,0,0,0,0,0,0,0,0,0,0,0,0,0,0,0,0,0,0,0,0,0,0,0,0,0,0,0,0,0,0,0,0,0,0,0,0,0,0,0,0,0,0,0,0,0,0,0,0,0,0,0,0,0,0,0,0,0,0,0,0,0,0,0,0,0,0,0,0,0,0,0,0,0,0,0,0,0,0,0,0,0,0,0,0,0,0,0,0,0,0
STAT,popedge,Iterations,115,7354603,66896,63253,64951,64955,62329,62427,61575,62420,62347,65834,61605,64945,65602,65140,66091,63300,60345,64326,64728,64578,64772,62780,63195,62275,63411,63427,62135,61298,63085,64812,62391,61982,62009,60545,61849,63501,65012,65601,64034,59621,59038,61822,61288,59467,59228,59542,64467,65430,67785,64319,63770,61438,63163,63430,68468,70280,70953,68163,73674,75314,72428,66189,63353,63210,62261,61223,61946,62152,63121,62961,64289,62408,61327,60289,62115,64392,61063,62048,66724,67843,63689,63438,62238,62502,64373,62865,62601,63821,62576,62270,64793,62101,61922,59109,60067,62862,64351,66124,66391,62822,67603,65214,66553,66375,63917,65544,69193,66219,63069,66726,63306,68106,67236,65147,61717
STAT,refine,Conflicts,115,4617,120,118,117,112,111,103,89,92,76,77,91,75,80,58,78,83,77,43,71,79,70,49,59,53,71,54,37,42,43,47,62,50,46,40,29,43,30,49,39,43,43,26,22,21,36,41,44,26,30,41,22,34,27,37,31,29,33,42,32,38,24,31,21,26,17,25,27,27,28,22,24,29,20,20,19,35,21,16,19,30,24,22,28,31,23,35,26,13,13,17,19,35,26,35,20,21,19,17,28,22,26,33,13,17,16,19,21,29,14,22,30,17,13,15,16
STAT,refine,Iterations,115,40130,477,515,492,454,544,432,387,527,272,254,380,503,453,253,377,426,415,219,477,478,467,490,365,384,329,265,328,242,265,281,545,481,337,252,234,216,323,403,425,471,391,360,175,270,267,327,285,260,176,292,335,405,268,312,357,302,300,641,264,470,202,295,278,286,339,500,302,394,314,186,231,364,389,336,255,375,440,276,292,308,260,312,544,411,459,289,264,270,257,224,267,639,402,460,245,281,300,330,391,394,581,580,400,197,259,315,279,223,253,233,256,366,342,296,294
