Hello from MIC
Galois Benchmark Suite v2.2.0 (r0)
Copyright (C) 2013 The University of Texas at Austin
http://iss.ices.utexas.edu/galois/

application: GMetis
Partitions a graph into K parts and minimizing the graph cut
http://iss.ices.utexas.edu/?p=projects/galois/benchmarks/gMetis

INFO: CommandLine /work/02556/dpereira/MIC/apps/gmetis/gmetis -t=91 /work/02556/dpereira/Inputs/USA-road-d.W.gr 1024
INFO: Hostname c558-304-mic0.stampede.tacc.utexas.edu
Created Graph with 6262104 nodes and 15248146 edges
Nodes 6262104| Edges 15248146 7624073

  Starting coarsening: 
Time coarsen:  2119 Size of final graph: 21521

  Sarting initial partitioning using GGGP:
Size in decade percentages:  -1,68 -0,882 1,74
Time clustering:  835

  Sarting refinnement with BKL2
Initial dist
Size in decade percentages:  -1,68 -0,882 1,74
Refined dist
Size in decade percentages:  -2,1 -1,360 -0,293 1,369 3,1
Time refinement:  984


Time:  4113
Total edge cut : 31231

Part saved in : 0x7fff23ac1fe0
STATTYPE,LOOP,CATEGORY,n,sum,T0,T1,T2,T3,T4,T5,T6,T7,T8,T9,T10,T11,T12,T13,T14,T15,T16,T17,T18,T19,T20,T21,T22,T23,T24,T25,T26,T27,T28,T29,T30,T31,T32,T33,T34,T35,T36,T37,T38,T39,T40,T41,T42,T43,T44,T45,T46,T47,T48,T49,T50,T51,T52,T53,T54,T55,T56,T57,T58,T59,T60,T61,T62,T63,T64,T65,T66,T67,T68,T69,T70,T71,T72,T73,T74,T75,T76,T77,T78,T79,T80,T81,T82,T83,T84,T85,T86,T87,T88,T89,T90
STAT,(NULL),Coarsen,91,2119,2119,0,0,0,0,0,0,0,0,0,0,0,0,0,0,0,0,0,0,0,0,0,0,0,0,0,0,0,0,0,0,0,0,0,0,0,0,0,0,0,0,0,0,0,0,0,0,0,0,0,0,0,0,0,0,0,0,0,0,0,0,0,0,0,0,0,0,0,0,0,0,0,0,0,0,0,0,0,0,0,0,0,0,0,0,0,0,0,0,0,0
STAT,(NULL),Conflicts,91,0,0,0,0,0,0,0,0,0,0,0,0,0,0,0,0,0,0,0,0,0,0,0,0,0,0,0,0,0,0,0,0,0,0,0,0,0,0,0,0,0,0,0,0,0,0,0,0,0,0,0,0,0,0,0,0,0,0,0,0,0,0,0,0,0,0,0,0,0,0,0,0,0,0,0,0,0,0,0,0,0,0,0,0,0,0,0,0,0,0,0,0
STAT,(NULL),Iterations,91,2047,11,25,37,16,17,18,19,20,8,25,20,14,17,25,17,17,25,23,21,15,17,10,14,18,20,31,17,9,31,11,19,40,28,36,23,31,15,15,39,40,43,17,37,19,20,28,25,31,25,34,33,23,27,7,34,24,20,48,21,41,22,44,18,13,18,27,23,14,18,18,15,17,18,24,23,19,15,28,11,14,13,23,22,20,40,24,18,21,20,26,10
STAT,(NULL),MeminfoPost,91,756497,8306,8340,8320,8303,8328,8382,8328,8306,8316,8333,8325,8301,8307,8326,8291,8315,8334,8317,8309,8312,8358,8375,8292,8312,8337,8325,8306,8301,8335,8294,8306,8321,8350,8309,8330,8312,8299,8312,8275,8319,8323,8297,8287,8299,8310,8350,8293,8325,8281,8285,8327,8332,8311,8304,8291,8288,8287,8305,8281,8356,8360,8296,8316,8273,8313,8337,8298,8304,8290,8291,8296,8315,8368,8331,8288,8301,8358,8350,8329,8310,8303,8283,8288,8312,8281,8281,8304,8287,8311,8318,8306
STAT,(NULL),MeminfoPre,91,189112,2071,2105,2085,2068,2093,2147,2093,2071,2081,2098,2090,2066,2072,2091,2056,2080,2099,2082,2074,2077,2123,2140,2057,2077,2102,2090,2071,2066,2100,2059,2071,2086,2115,2074,2095,2077,2064,2077,2040,2084,2088,2062,2052,2064,2075,2115,2058,2090,2046,2050,2092,2097,2076,2069,2056,2053,2052,2070,2046,2121,2125,2061,2081,2038,2078,2102,2063,2069,2055,2056,2061,2080,2133,2096,2053,2066,2123,2115,2094,2075,2068,2048,2053,2077,2046,2046,2069,2052,2076,2083,2071
STAT,(NULL),Partition,91,835,835,0,0,0,0,0,0,0,0,0,0,0,0,0,0,0,0,0,0,0,0,0,0,0,0,0,0,0,0,0,0,0,0,0,0,0,0,0,0,0,0,0,0,0,0,0,0,0,0,0,0,0,0,0,0,0,0,0,0,0,0,0,0,0,0,0,0,0,0,0,0,0,0,0,0,0,0,0,0,0,0,0,0,0,0,0,0,0,0,0,0
STAT,(NULL),Refine,91,984,984,0,0,0,0,0,0,0,0,0,0,0,0,0,0,0,0,0,0,0,0,0,0,0,0,0,0,0,0,0,0,0,0,0,0,0,0,0,0,0,0,0,0,0,0,0,0,0,0,0,0,0,0,0,0,0,0,0,0,0,0,0,0,0,0,0,0,0,0,0,0,0,0,0,0,0,0,0,0,0,0,0,0,0,0,0,0,0,0,0,0
STAT,(NULL),Threads,91,91,91,0,0,0,0,0,0,0,0,0,0,0,0,0,0,0,0,0,0,0,0,0,0,0,0,0,0,0,0,0,0,0,0,0,0,0,0,0,0,0,0,0,0,0,0,0,0,0,0,0,0,0,0,0,0,0,0,0,0,0,0,0,0,0,0,0,0,0,0,0,0,0,0,0,0,0,0,0,0,0,0,0,0,0,0,0,0,0,0,0,0
STAT,(NULL),Time,91,4113,4113,0,0,0,0,0,0,0,0,0,0,0,0,0,0,0,0,0,0,0,0,0,0,0,0,0,0,0,0,0,0,0,0,0,0,0,0,0,0,0,0,0,0,0,0,0,0,0,0,0,0,0,0,0,0,0,0,0,0,0,0,0,0,0,0,0,0,0,0,0,0,0,0,0,0,0,0,0,0,0,0,0,0,0,0,0,0,0,0,0,0
STAT,match,Conflicts,91,5563,152,124,104,86,95,85,81,76,74,78,108,81,64,63,85,63,89,91,73,86,80,71,88,59,77,71,73,76,85,55,40,41,51,52,45,36,40,49,52,47,57,40,53,53,45,43,43,46,40,47,61,50,49,41,50,55,38,61,47,50,42,68,61,43,53,48,48,45,46,54,49,67,46,44,38,36,57,74,76,60,57,60,44,61,40,44,55,58,62,74,38
STAT,match,Iterations,91,14960117,131448,144084,145583,137062,146180,152493,144448,152713,135956,128407,131369,158433,144440,148225,154705,135356,143030,152738,149398,147637,154472,138379,158552,168974,131273,141570,156007,152556,148429,157339,190848,164692,154417,169255,163850,193277,179463,173065,175592,183227,162638,187150,181129,177869,180437,163381,191632,172328,183837,199342,162699,162018,175614,183458,177244,179963,188782,176680,175764,153387,166621,153780,183469,189817,167976,172623,190365,164749,192955,158029,155345,154511,163019,168473,178798,167950,154427,144708,158378,192855,160513,185305,179235,184933,186255,191334,167006,151009,160525,165883,174977
STAT,popedge,Conflicts,91,0,0,0,0,0,0,0,0,0,0,0,0,0,0,0,0,0,0,0,0,0,0,0,0,0,0,0,0,0,0,0,0,0,0,0,0,0,0,0,0,0,0,0,0,0,0,0,0,0,0,0,0,0,0,0,0,0,0,0,0,0,0,0,0,0,0,0,0,0,0,0,0,0,0,0,0,0,0,0,0,0,0,0,0,0,0,0,0,0,0,0,0
STAT,popedge,Iterations,91,7331187,79813,74723,78986,76072,75670,75996,75420,78389,75050,66891,75711,77088,76585,75488,76658,79700,76236,77453,79905,80648,80357,75812,78700,77091,78677,79435,79169,80692,78337,79136,87409,80817,79995,80804,79715,82182,82506,86611,89865,81336,83450,87408,85323,84396,81377,85150,85549,88568,93433,87727,91113,87953,89197,87772,93848,87992,85130,90752,93409,88107,87697,77624,71764,77699,77717,74578,75337,76788,73863,74970,67103,76008,73378,76582,75196,75283,77971,81322,80738,77546,81990,78346,80971,79127,80034,76344,79649,87420,86109,80876,82375
STAT,refine,Conflicts,91,3900,82,79,80,84,64,62,73,71,66,60,64,57,58,55,67,53,54,42,48,52,46,46,53,47,56,55,53,49,49,61,42,40,38,38,40,48,39,30,25,47,42,47,46,35,41,34,28,33,33,23,47,34,41,40,37,40,43,42,29,46,46,33,26,32,24,36,32,29,31,38,30,30,33,39,33,35,23,40,28,31,34,28,35,34,28,31,29,27,20,25,26
STAT,refine,Iterations,91,424110,3645,4291,3971,3572,4421,5512,4393,4446,3731,4294,3933,4573,4530,3943,4536,4017,5047,4166,3845,4518,4765,5386,3858,4332,4409,3847,4093,4110,4275,4213,4902,4911,6199,4581,5303,5511,4460,5025,3735,5236,4898,4827,4316,4604,4794,6299,4001,5299,4187,3756,5412,5126,5596,5620,4353,4484,5138,6288,5191,5944,6066,4388,4708,4297,4422,5200,5368,4236,4325,4105,4566,4875,5607,4712,4407,5312,5089,5632,4297,4649,4147,4736,4953,4672,4249,4010,4559,4171,4939,4527,4218
