Hello from MIC
Galois Benchmark Suite v2.2.0 (r0)
Copyright (C) 2013 The University of Texas at Austin
http://iss.ices.utexas.edu/galois/

application: GMetis
Partitions a graph into K parts and minimizing the graph cut
http://iss.ices.utexas.edu/?p=projects/galois/benchmarks/gMetis

INFO: CommandLine /work/02556/dpereira/MIC/apps/gmetis/gmetis -t=36 /work/02556/dpereira/Inputs/USA-road-d.W.gr 1024
INFO: Hostname c558-003-mic0.stampede.tacc.utexas.edu
Created Graph with 6262104 nodes and 15248146 edges
Nodes 6262104| Edges 15248146 7624073

  Starting coarsening: 
Time coarsen:  3084 Size of final graph: 40150

  Sarting initial partitioning using GGGP:
Size in decade percentages:  -1,1 -0,1023
Time clustering:  1287

  Sarting refinnement with BKL2
Initial dist
Size in decade percentages:  -1,1 -0,1023
Refined dist
Size in decade percentages:  -1,372 0,272 1,380
Time refinement:  914


Time:  5465
Total edge cut : 36666

Part saved in : 0x7fffd0e3ce60
STATTYPE,LOOP,CATEGORY,n,sum,T0,T1,T2,T3,T4,T5,T6,T7,T8,T9,T10,T11,T12,T13,T14,T15,T16,T17,T18,T19,T20,T21,T22,T23,T24,T25,T26,T27,T28,T29,T30,T31,T32,T33,T34,T35
STAT,(NULL),Coarsen,36,3084,3084,0,0,0,0,0,0,0,0,0,0,0,0,0,0,0,0,0,0,0,0,0,0,0,0,0,0,0,0,0,0,0,0,0,0,0
STAT,(NULL),Conflicts,36,0,0,0,0,0,0,0,0,0,0,0,0,0,0,0,0,0,0,0,0,0,0,0,0,0,0,0,0,0,0,0,0,0,0,0,0,0
STAT,(NULL),Iterations,36,2047,11,44,53,46,53,14,64,74,52,73,71,59,44,64,60,17,57,58,17,48,66,77,79,76,80,56,58,66,50,73,58,67,38,60,86,78
STAT,(NULL),MeminfoPost,36,756138,21038,21005,21078,21035,20986,20998,21033,21004,21087,21030,20986,21002,21037,21019,20989,20987,20961,21012,21006,20945,21033,20966,20945,21044,21003,20985,20984,20952,21068,20969,21102,20986,20942,20953,20961,21007
STAT,(NULL),MeminfoPre,36,189030,5285,5252,5325,5282,5233,5245,5280,5251,5334,5277,5233,5249,5284,5266,5236,5234,5208,5259,5253,5192,5280,5213,5192,5291,5250,5232,5231,5199,5315,5216,5349,5233,5189,5200,5208,5254
STAT,(NULL),Partition,36,1287,1287,0,0,0,0,0,0,0,0,0,0,0,0,0,0,0,0,0,0,0,0,0,0,0,0,0,0,0,0,0,0,0,0,0,0,0
STAT,(NULL),Refine,36,914,914,0,0,0,0,0,0,0,0,0,0,0,0,0,0,0,0,0,0,0,0,0,0,0,0,0,0,0,0,0,0,0,0,0,0,0
STAT,(NULL),Threads,36,36,36,0,0,0,0,0,0,0,0,0,0,0,0,0,0,0,0,0,0,0,0,0,0,0,0,0,0,0,0,0,0,0,0,0,0,0
STAT,(NULL),Time,36,5465,5465,0,0,0,0,0,0,0,0,0,0,0,0,0,0,0,0,0,0,0,0,0,0,0,0,0,0,0,0,0,0,0,0,0,0,0
STAT,match,Conflicts,36,4926,345,308,262,249,268,147,199,207,170,213,234,124,89,86,101,86,96,86,92,81,82,101,85,98,94,85,75,98,102,85,102,81,74,78,114,129
STAT,match,Iterations,36,14863546,372444,401902,370233,383117,398321,368522,391235,400844,381079,400444,420706,402589,408471,414144,409844,420113,417891,405310,415081,436302,423247,432910,439073,417860,441743,429248,423977,417817,397864,432794,399910,439813,436283,440331,446320,425764
STAT,popedge,Conflicts,36,0,0,0,0,0,0,0,0,0,0,0,0,0,0,0,0,0,0,0,0,0,0,0,0,0,0,0,0,0,0,0,0,0,0,0,0,0
STAT,popedge,Iterations,36,7281902,200180,204635,197916,195839,203522,184525,197827,201557,196282,196269,203164,205397,182954,181239,192309,197207,196991,198140,203777,206742,200806,209540,204726,202956,198290,199778,200599,200667,195711,195752,213564,220533,224201,224576,223904,219827
STAT,refine,Conflicts,36,1980,74,79,73,72,66,60,68,78,54,67,60,56,60,57,63,70,64,45,53,51,43,40,53,44,51,50,55,54,48,55,35,31,45,29,42,35
STAT,refine,Iterations,36,469072,12237,12000,14325,13780,13692,11713,12313,11958,14320,13291,12543,13106,12287,12493,13596,12561,12429,14690,13779,12108,13606,11878,13030,15303,13014,12539,11844,12540,14169,11950,15260,13692,11650,12799,12531,14046
