Hello from MIC
Galois Benchmark Suite v2.2.0 (r0)
Copyright (C) 2013 The University of Texas at Austin
http://iss.ices.utexas.edu/galois/

application: GMetis
Partitions a graph into K parts and minimizing the graph cut
http://iss.ices.utexas.edu/?p=projects/galois/benchmarks/gMetis

INFO: CommandLine /work/02556/dpereira/MIC/apps/gmetis/gmetis -t=121 /work/02556/dpereira/Inputs/USA-road-d.W.gr 16
INFO: Hostname c558-001-mic0.stampede.tacc.utexas.edu
Created Graph with 6262104 nodes and 15248146 edges
Nodes 6262104| Edges 15248146 7624073

  Starting coarsening: 
Time coarsen:  2602 Size of final graph: 431

  Sarting initial partitioning using GGGP:
Size in decade percentages:  -0,16
Time clustering:  367

  Sarting refinnement with BKL2
Initial dist
Size in decade percentages:  -0,16
Refined dist
Size in decade percentages:  -1,6 -0,4 1,6
Time refinement:  1383


Time:  4530
Total edge cut : 1915

Part saved in : 0x7fffea689260
STATTYPE,LOOP,CATEGORY,n,sum,T0,T1,T2,T3,T4,T5,T6,T7,T8,T9,T10,T11,T12,T13,T14,T15,T16,T17,T18,T19,T20,T21,T22,T23,T24,T25,T26,T27,T28,T29,T30,T31,T32,T33,T34,T35,T36,T37,T38,T39,T40,T41,T42,T43,T44,T45,T46,T47,T48,T49,T50,T51,T52,T53,T54,T55,T56,T57,T58,T59,T60,T61,T62,T63,T64,T65,T66,T67,T68,T69,T70,T71,T72,T73,T74,T75,T76,T77,T78,T79,T80,T81,T82,T83,T84,T85,T86,T87,T88,T89,T90,T91,T92,T93,T94,T95,T96,T97,T98,T99,T100,T101,T102,T103,T104,T105,T106,T107,T108,T109,T110,T111,T112,T113,T114,T115,T116,T117,T118,T119,T120
STAT,(NULL),Coarsen,121,2602,2602,0,0,0,0,0,0,0,0,0,0,0,0,0,0,0,0,0,0,0,0,0,0,0,0,0,0,0,0,0,0,0,0,0,0,0,0,0,0,0,0,0,0,0,0,0,0,0,0,0,0,0,0,0,0,0,0,0,0,0,0,0,0,0,0,0,0,0,0,0,0,0,0,0,0,0,0,0,0,0,0,0,0,0,0,0,0,0,0,0,0,0,0,0,0,0,0,0,0,0,0,0,0,0,0,0,0,0,0,0,0,0,0,0,0,0,0,0,0,0,0
STAT,(NULL),Conflicts,121,0,0,0,0,0,0,0,0,0,0,0,0,0,0,0,0,0,0,0,0,0,0,0,0,0,0,0,0,0,0,0,0,0,0,0,0,0,0,0,0,0,0,0,0,0,0,0,0,0,0,0,0,0,0,0,0,0,0,0,0,0,0,0,0,0,0,0,0,0,0,0,0,0,0,0,0,0,0,0,0,0,0,0,0,0,0,0,0,0,0,0,0,0,0,0,0,0,0,0,0,0,0,0,0,0,0,0,0,0,0,0,0,0,0,0,0,0,0,0,0,0,0
STAT,(NULL),Iterations,121,31,5,0,3,0,0,0,0,0,0,0,0,0,0,0,0,0,0,0,0,0,0,0,0,0,0,1,0,0,0,2,0,0,0,1,0,0,0,0,0,0,0,0,0,0,0,1,0,0,0,1,0,0,0,0,0,0,0,0,0,2,0,0,1,4,0,1,0,0,0,0,0,2,0,0,0,0,0,0,0,0,0,0,0,0,0,2,0,0,0,0,0,0,0,1,0,0,1,0,0,0,0,0,0,0,0,3,0,0,0,0,0,0,0,0,0,0,0,0,0,0,0
STAT,(NULL),MeminfoPost,121,756778,6261,6260,6270,6252,6250,6255,6274,6315,6277,6241,6240,6268,6274,6259,6270,6233,6245,6283,6242,6235,6258,6253,6273,6261,6255,6248,6268,6293,6309,6239,6244,6250,6268,6278,6261,6244,6242,6263,6259,6241,6247,6267,6250,6299,6242,6268,6254,6261,6245,6236,6255,6226,6258,6266,6245,6247,6238,6229,6247,6270,6282,6243,6240,6270,6230,6222,6254,6262,6273,6258,6242,6252,6242,6243,6224,6240,6250,6234,6251,6292,6294,6245,6240,6261,6220,6251,6261,6267,6245,6250,6243,6235,6233,6246,6228,6289,6294,6273,6243,6235,6246,6283,6287,6282,6267,6235,6255,6248,6235,6229,6240,6263,6227,6234,6226,6250,6238,6254,6253,6256,6252
STAT,(NULL),MeminfoPre,121,189167,1570,1569,1579,1561,1559,1564,1583,1624,1586,1550,1549,1577,1583,1568,1579,1542,1554,1592,1551,1544,1567,1562,1582,1570,1564,1557,1577,1602,1618,1548,1553,1559,1577,1587,1570,1553,1551,1572,1568,1550,1556,1576,1559,1608,1551,1577,1563,1570,1554,1545,1564,1535,1567,1575,1554,1556,1547,1538,1556,1579,1591,1552,1549,1579,1539,1531,1563,1571,1582,1567,1551,1561,1551,1552,1533,1549,1559,1543,1560,1601,1603,1554,1549,1570,1529,1560,1570,1576,1554,1559,1552,1544,1542,1555,1537,1598,1603,1582,1552,1544,1555,1592,1596,1591,1576,1544,1564,1557,1544,1538,1549,1572,1536,1543,1535,1559,1547,1563,1562,1565,1561
STAT,(NULL),Partition,121,367,367,0,0,0,0,0,0,0,0,0,0,0,0,0,0,0,0,0,0,0,0,0,0,0,0,0,0,0,0,0,0,0,0,0,0,0,0,0,0,0,0,0,0,0,0,0,0,0,0,0,0,0,0,0,0,0,0,0,0,0,0,0,0,0,0,0,0,0,0,0,0,0,0,0,0,0,0,0,0,0,0,0,0,0,0,0,0,0,0,0,0,0,0,0,0,0,0,0,0,0,0,0,0,0,0,0,0,0,0,0,0,0,0,0,0,0,0,0,0,0,0
STAT,(NULL),Refine,121,1383,1383,0,0,0,0,0,0,0,0,0,0,0,0,0,0,0,0,0,0,0,0,0,0,0,0,0,0,0,0,0,0,0,0,0,0,0,0,0,0,0,0,0,0,0,0,0,0,0,0,0,0,0,0,0,0,0,0,0,0,0,0,0,0,0,0,0,0,0,0,0,0,0,0,0,0,0,0,0,0,0,0,0,0,0,0,0,0,0,0,0,0,0,0,0,0,0,0,0,0,0,0,0,0,0,0,0,0,0,0,0,0,0,0,0,0,0,0,0,0,0,0
STAT,(NULL),Threads,121,121,121,0,0,0,0,0,0,0,0,0,0,0,0,0,0,0,0,0,0,0,0,0,0,0,0,0,0,0,0,0,0,0,0,0,0,0,0,0,0,0,0,0,0,0,0,0,0,0,0,0,0,0,0,0,0,0,0,0,0,0,0,0,0,0,0,0,0,0,0,0,0,0,0,0,0,0,0,0,0,0,0,0,0,0,0,0,0,0,0,0,0,0,0,0,0,0,0,0,0,0,0,0,0,0,0,0,0,0,0,0,0,0,0,0,0,0,0,0,0,0,0
STAT,(NULL),Time,121,4530,4530,0,0,0,0,0,0,0,0,0,0,0,0,0,0,0,0,0,0,0,0,0,0,0,0,0,0,0,0,0,0,0,0,0,0,0,0,0,0,0,0,0,0,0,0,0,0,0,0,0,0,0,0,0,0,0,0,0,0,0,0,0,0,0,0,0,0,0,0,0,0,0,0,0,0,0,0,0,0,0,0,0,0,0,0,0,0,0,0,0,0,0,0,0,0,0,0,0,0,0,0,0,0,0,0,0,0,0,0,0,0,0,0,0,0,0,0,0,0,0,0
STAT,match,Conflicts,121,5883,82,63,72,65,72,74,53,67,64,71,66,78,55,57,55,52,66,51,73,68,49,50,60,63,59,58,60,55,55,53,53,46,44,44,52,46,50,42,39,46,53,60,62,51,67,47,53,64,46,64,39,70,48,55,51,45,60,53,48,55,39,35,40,38,32,34,48,27,28,46,41,42,54,36,37,33,38,48,39,38,53,31,30,44,44,51,37,45,35,35,34,42,37,31,39,37,32,31,38,36,35,38,30,48,47,59,41,36,51,40,49,43,61,40,37,45,41,49,43,51,45
STAT,match,Iterations,121,14987431,93014,107480,93424,97927,91021,115448,116925,100778,111170,104310,108623,112594,89430,111486,121470,138625,109535,116975,104167,114313,116049,118163,101890,100327,116852,121556,123586,117297,115512,117715,128966,130469,119164,106796,105980,113454,131737,113975,135787,113545,107027,109111,129584,127319,114854,130759,121704,127967,118752,110549,131069,136726,124139,106046,123488,131165,122324,110022,126318,103740,129800,139812,125237,130154,144517,135667,143387,144584,133599,145113,145397,134834,127936,140631,126082,134600,136171,103039,135550,150797,123052,127052,148121,129279,120864,123315,124868,115734,123237,131469,153807,131927,120227,136061,126145,120888,131248,146672,127064,142061,118328,141561,142040,137237,125371,125854,151569,140530,139767,147180,121332,124200,132278,118275,150491,113383,148165,130947,110127,123013,115587
STAT,popedge,Conflicts,121,0,0,0,0,0,0,0,0,0,0,0,0,0,0,0,0,0,0,0,0,0,0,0,0,0,0,0,0,0,0,0,0,0,0,0,0,0,0,0,0,0,0,0,0,0,0,0,0,0,0,0,0,0,0,0,0,0,0,0,0,0,0,0,0,0,0,0,0,0,0,0,0,0,0,0,0,0,0,0,0,0,0,0,0,0,0,0,0,0,0,0,0,0,0,0,0,0,0,0,0,0,0,0,0,0,0,0,0,0,0,0,0,0,0,0,0,0,0,0,0,0,0
STAT,popedge,Iterations,121,7341382,61586,61572,56294,63029,62258,63146,59479,58956,58473,63484,61849,61165,61335,60771,57905,58898,62473,61629,61919,61449,59436,61266,60130,62016,58574,60933,59090,57870,56987,61847,58237,60045,56900,60684,59161,59721,61754,60276,59780,61330,62468,55618,57161,58743,60261,58457,56981,57808,59259,62718,58408,60334,59419,60687,57960,60069,62292,62160,59834,61111,63958,59654,61116,55882,61607,60938,57525,62053,60958,56616,60472,58385,62986,59902,61167,60060,62044,61622,63740,58292,61095,61192,57532,60079,63790,58912,61048,59721,59338,58080,63902,59464,62290,55890,64729,59633,58925,62101,57073,59532,59689,62674,62189,63327,58540,62981,60720,63931,65934,58467,67684,61438,62983,70096,60002,65579,63535,62869,65947,63863,60176
STAT,refine,Conflicts,121,4919,130,131,110,116,102,109,100,97,91,99,75,90,84,92,97,49,67,58,57,61,63,55,50,49,72,64,59,78,75,57,29,37,36,48,40,37,47,41,47,44,39,37,39,47,43,25,40,36,38,28,26,39,38,27,45,35,33,59,29,29,21,24,20,21,13,15,31,28,17,37,18,23,28,26,21,25,21,25,12,19,18,22,13,29,15,14,19,21,26,25,26,17,23,26,21,24,22,28,13,35,25,23,18,20,28,24,18,20,19,27,21,19,24,21,17,30,18,22,28,20,20
STAT,refine,Iterations,121,39650,373,423,400,335,387,493,474,373,483,555,371,388,282,220,384,310,355,293,355,291,249,262,242,204,416,538,254,430,372,519,292,463,213,235,267,228,516,255,469,352,320,265,328,344,414,285,269,258,230,197,208,269,558,277,427,255,391,325,376,200,181,196,219,223,136,187,383,518,363,370,566,259,366,370,223,324,348,304,141,307,225,264,241,271,158,309,427,263,369,354,444,311,433,255,354,263,246,522,205,404,355,473,412,349,425,350,337,289,275,286,190,271,254,362,237,330,247,432,271,429,257
