Hello from MIC
Galois Benchmark Suite v2.2.0 (r0)
Copyright (C) 2013 The University of Texas at Austin
http://iss.ices.utexas.edu/galois/

application: GMetis
Partitions a graph into K parts and minimizing the graph cut
http://iss.ices.utexas.edu/?p=projects/galois/benchmarks/gMetis

INFO: CommandLine /work/02556/dpereira/MIC/apps/gmetis/gmetis -t=139 /work/02556/dpereira/Inputs/USA-road-d.W.gr 16
INFO: Hostname c558-001-mic0.stampede.tacc.utexas.edu
Created Graph with 6262104 nodes and 15248146 edges
Nodes 6262104| Edges 15248146 7624073

  Starting coarsening: 
Time coarsen:  2827 Size of final graph: 443

  Sarting initial partitioning using GGGP:
Size in decade percentages:  -0,16
Time clustering:  368

  Sarting refinnement with BKL2
Initial dist
Size in decade percentages:  -0,16
Refined dist
Size in decade percentages:  -1,7 0,3 1,6
Time refinement:  1625


Time:  4997
Total edge cut : 2204

Part saved in : 0x7fffd0b36ae0
STATTYPE,LOOP,CATEGORY,n,sum,T0,T1,T2,T3,T4,T5,T6,T7,T8,T9,T10,T11,T12,T13,T14,T15,T16,T17,T18,T19,T20,T21,T22,T23,T24,T25,T26,T27,T28,T29,T30,T31,T32,T33,T34,T35,T36,T37,T38,T39,T40,T41,T42,T43,T44,T45,T46,T47,T48,T49,T50,T51,T52,T53,T54,T55,T56,T57,T58,T59,T60,T61,T62,T63,T64,T65,T66,T67,T68,T69,T70,T71,T72,T73,T74,T75,T76,T77,T78,T79,T80,T81,T82,T83,T84,T85,T86,T87,T88,T89,T90,T91,T92,T93,T94,T95,T96,T97,T98,T99,T100,T101,T102,T103,T104,T105,T106,T107,T108,T109,T110,T111,T112,T113,T114,T115,T116,T117,T118,T119,T120,T121,T122,T123,T124,T125,T126,T127,T128,T129,T130,T131,T132,T133,T134,T135,T136,T137,T138
STAT,(NULL),Coarsen,139,2827,2827,0,0,0,0,0,0,0,0,0,0,0,0,0,0,0,0,0,0,0,0,0,0,0,0,0,0,0,0,0,0,0,0,0,0,0,0,0,0,0,0,0,0,0,0,0,0,0,0,0,0,0,0,0,0,0,0,0,0,0,0,0,0,0,0,0,0,0,0,0,0,0,0,0,0,0,0,0,0,0,0,0,0,0,0,0,0,0,0,0,0,0,0,0,0,0,0,0,0,0,0,0,0,0,0,0,0,0,0,0,0,0,0,0,0,0,0,0,0,0,0,0,0,0,0,0,0,0,0,0,0,0,0,0,0,0,0,0,0
STAT,(NULL),Conflicts,139,0,0,0,0,0,0,0,0,0,0,0,0,0,0,0,0,0,0,0,0,0,0,0,0,0,0,0,0,0,0,0,0,0,0,0,0,0,0,0,0,0,0,0,0,0,0,0,0,0,0,0,0,0,0,0,0,0,0,0,0,0,0,0,0,0,0,0,0,0,0,0,0,0,0,0,0,0,0,0,0,0,0,0,0,0,0,0,0,0,0,0,0,0,0,0,0,0,0,0,0,0,0,0,0,0,0,0,0,0,0,0,0,0,0,0,0,0,0,0,0,0,0,0,0,0,0,0,0,0,0,0,0,0,0,0,0,0,0,0,0
STAT,(NULL),Iterations,139,31,5,0,0,0,0,0,1,0,0,0,0,0,0,0,0,0,0,0,0,0,0,0,0,2,0,0,0,0,0,0,3,0,0,0,0,0,0,0,0,0,1,0,0,0,0,0,0,0,0,0,0,0,0,0,0,0,0,0,0,0,0,3,0,1,0,0,0,0,0,0,0,0,0,0,0,0,0,0,0,0,1,0,0,1,2,0,4,0,0,0,0,0,0,0,0,0,0,0,1,0,0,0,0,0,2,0,0,0,0,0,0,0,0,0,0,1,0,0,0,0,0,0,0,1,0,0,0,0,0,0,0,0,0,0,2,0,0,0,0
STAT,(NULL),MeminfoPost,139,756695,5450,5441,5459,5454,5443,5436,5444,5463,5493,5481,5430,5440,5433,5453,5465,5444,5460,5430,5438,5452,5453,5433,5428,5444,5447,5464,5447,5443,5440,5451,5452,5474,5500,5437,5439,5432,5458,5449,5463,5451,5439,5437,5436,5469,5434,5426,5442,5452,5439,5457,5469,5439,5454,5446,5450,5433,5434,5449,5421,5428,5451,5454,5433,5439,5434,5420,5431,5432,5469,5469,5434,5433,5448,5442,5416,5420,5448,5454,5458,5448,5444,5427,5441,5432,5437,5417,5427,5421,5450,5422,5454,5482,5479,5439,5432,5452,5422,5417,5447,5455,5458,5437,5438,5431,5436,5418,5427,5440,5422,5460,5478,5479,5446,5430,5427,5437,5460,5486,5459,5476,5426,5446,5435,5440,5432,5416,5429,5418,5465,5415,5432,5418,5446,5422,5438,5447,5445,5441,5441
STAT,(NULL),MeminfoPre,139,189158,1367,1358,1376,1371,1360,1353,1361,1380,1410,1398,1347,1357,1350,1370,1382,1361,1377,1347,1355,1369,1370,1350,1345,1361,1364,1381,1364,1360,1357,1368,1369,1391,1417,1354,1356,1349,1375,1366,1380,1368,1356,1354,1353,1386,1351,1343,1359,1369,1356,1374,1386,1356,1371,1363,1367,1350,1351,1366,1338,1345,1368,1371,1350,1356,1351,1337,1348,1349,1386,1386,1351,1350,1365,1359,1333,1337,1365,1371,1375,1365,1361,1344,1358,1349,1354,1334,1344,1338,1367,1339,1371,1399,1396,1356,1349,1369,1339,1334,1364,1372,1375,1354,1355,1348,1353,1335,1344,1357,1339,1377,1395,1396,1363,1347,1344,1354,1377,1403,1376,1393,1343,1363,1352,1357,1349,1333,1346,1335,1382,1332,1349,1335,1363,1339,1355,1364,1362,1358,1358
STAT,(NULL),Partition,139,368,368,0,0,0,0,0,0,0,0,0,0,0,0,0,0,0,0,0,0,0,0,0,0,0,0,0,0,0,0,0,0,0,0,0,0,0,0,0,0,0,0,0,0,0,0,0,0,0,0,0,0,0,0,0,0,0,0,0,0,0,0,0,0,0,0,0,0,0,0,0,0,0,0,0,0,0,0,0,0,0,0,0,0,0,0,0,0,0,0,0,0,0,0,0,0,0,0,0,0,0,0,0,0,0,0,0,0,0,0,0,0,0,0,0,0,0,0,0,0,0,0,0,0,0,0,0,0,0,0,0,0,0,0,0,0,0,0,0,0
STAT,(NULL),Refine,139,1625,1625,0,0,0,0,0,0,0,0,0,0,0,0,0,0,0,0,0,0,0,0,0,0,0,0,0,0,0,0,0,0,0,0,0,0,0,0,0,0,0,0,0,0,0,0,0,0,0,0,0,0,0,0,0,0,0,0,0,0,0,0,0,0,0,0,0,0,0,0,0,0,0,0,0,0,0,0,0,0,0,0,0,0,0,0,0,0,0,0,0,0,0,0,0,0,0,0,0,0,0,0,0,0,0,0,0,0,0,0,0,0,0,0,0,0,0,0,0,0,0,0,0,0,0,0,0,0,0,0,0,0,0,0,0,0,0,0,0,0
STAT,(NULL),Threads,139,139,139,0,0,0,0,0,0,0,0,0,0,0,0,0,0,0,0,0,0,0,0,0,0,0,0,0,0,0,0,0,0,0,0,0,0,0,0,0,0,0,0,0,0,0,0,0,0,0,0,0,0,0,0,0,0,0,0,0,0,0,0,0,0,0,0,0,0,0,0,0,0,0,0,0,0,0,0,0,0,0,0,0,0,0,0,0,0,0,0,0,0,0,0,0,0,0,0,0,0,0,0,0,0,0,0,0,0,0,0,0,0,0,0,0,0,0,0,0,0,0,0,0,0,0,0,0,0,0,0,0,0,0,0,0,0,0,0,0,0
STAT,(NULL),Time,139,4997,4997,0,0,0,0,0,0,0,0,0,0,0,0,0,0,0,0,0,0,0,0,0,0,0,0,0,0,0,0,0,0,0,0,0,0,0,0,0,0,0,0,0,0,0,0,0,0,0,0,0,0,0,0,0,0,0,0,0,0,0,0,0,0,0,0,0,0,0,0,0,0,0,0,0,0,0,0,0,0,0,0,0,0,0,0,0,0,0,0,0,0,0,0,0,0,0,0,0,0,0,0,0,0,0,0,0,0,0,0,0,0,0,0,0,0,0,0,0,0,0,0,0,0,0,0,0,0,0,0,0,0,0,0,0,0,0,0,0,0
STAT,match,Conflicts,139,6419,67,60,70,66,72,63,70,75,61,68,71,56,69,72,58,67,63,60,71,67,62,53,66,44,65,56,70,58,59,62,58,52,53,54,56,51,43,58,52,64,40,60,49,45,51,52,45,56,45,48,45,43,53,40,46,50,51,52,47,37,42,36,31,38,32,39,29,37,40,34,37,44,36,30,42,27,46,49,44,51,40,38,40,38,35,41,29,41,45,41,45,48,36,47,38,39,40,32,39,29,49,34,47,36,41,37,37,42,34,26,37,31,39,40,33,45,31,37,44,48,31,35,32,38,33,42,33,33,36,40,38,29,33,39,47,47,32,34,37
STAT,match,Iterations,139,15025951,61892,70132,84452,68759,82283,87424,79098,70332,86383,87860,80668,72590,91006,69271,80573,92178,82369,110875,96192,114063,101609,107505,99618,120505,93319,104404,89345,105074,117800,90713,107129,85225,79823,90034,92033,104471,95620,105164,111897,90244,108377,96624,96982,106292,121009,86059,109583,102246,95535,103902,98811,107895,115524,129919,105728,86444,123339,89859,103220,121381,105081,104677,111295,108787,102861,103136,122360,95478,102247,108172,104456,115828,98640,117363,117802,129379,114805,100837,125806,137075,127538,133669,117821,142157,120513,139239,139688,136211,114883,147964,124431,120641,123947,123130,147273,119919,133235,122640,136315,117501,102003,142112,106275,129594,131711,133814,118070,117347,132310,122422,124520,116479,120902,106627,119031,103403,127173,128583,104832,112671,127303,108777,114402,104668,114137,99558,110421,93887,89628,129446,106801,125046,127100,108656,81250,97435,115788,96874,91434
STAT,popedge,Conflicts,139,0,0,0,0,0,0,0,0,0,0,0,0,0,0,0,0,0,0,0,0,0,0,0,0,0,0,0,0,0,0,0,0,0,0,0,0,0,0,0,0,0,0,0,0,0,0,0,0,0,0,0,0,0,0,0,0,0,0,0,0,0,0,0,0,0,0,0,0,0,0,0,0,0,0,0,0,0,0,0,0,0,0,0,0,0,0,0,0,0,0,0,0,0,0,0,0,0,0,0,0,0,0,0,0,0,0,0,0,0,0,0,0,0,0,0,0,0,0,0,0,0,0,0,0,0,0,0,0,0,0,0,0,0,0,0,0,0,0,0,0
STAT,popedge,Iterations,139,7363975,46873,49756,46378,48813,48377,47617,48193,47882,48219,46168,50914,50046,48944,49036,49884,50232,50075,55793,60008,55091,59208,55272,58836,57096,56539,55264,56988,57679,55420,56402,56895,55730,55149,58652,55932,58002,55938,55924,51026,57187,54486,59581,56453,58972,54493,58441,54915,52273,52199,51136,52547,51172,50714,52919,51799,53483,55829,49015,54939,55520,55019,46532,44600,47243,45790,47204,44786,47293,47159,46653,47231,48649,50153,49860,48102,49250,46895,47583,55196,54299,56649,58047,56600,58948,58974,55816,56343,54981,55851,57666,58820,56265,54204,58698,57581,54521,54858,58046,56774,54741,55667,55302,54954,55609,54900,54906,54963,56898,54066,54584,52942,53355,52000,53220,51535,53302,56000,59342,54502,55156,59667,60020,47439,48873,47274,53886,49575,51281,48950,47603,47587,47890,50780,50476,50678,50484,50334,47581,48190
STAT,refine,Conflicts,139,5309,123,126,125,116,113,115,108,104,95,91,86,79,88,77,85,80,71,66,51,68,62,38,59,57,69,83,63,60,69,52,57,55,40,31,34,43,38,40,56,34,22,45,27,37,28,34,39,29,40,41,43,49,23,38,29,26,39,43,35,19,35,23,23,20,19,14,18,17,23,28,12,25,24,23,16,18,17,25,30,21,33,20,10,23,17,25,32,27,31,34,29,20,40,23,22,33,24,18,20,33,20,19,24,15,21,21,26,21,24,22,30,21,32,16,28,15,11,25,34,15,11,28,18,19,14,9,12,13,14,12,28,18,21,20,19,18,14,23,20
STAT,refine,Iterations,139,44530,371,529,399,341,424,434,323,371,581,339,342,225,406,301,307,246,392,402,280,417,431,210,281,331,520,368,442,508,463,397,402,447,427,224,249,275,250,361,334,414,216,347,276,292,293,212,439,288,369,381,347,337,229,289,304,266,373,325,258,182,386,253,275,204,162,208,221,191,276,365,286,199,220,261,222,255,159,349,415,261,442,359,242,246,228,409,330,470,396,416,427,404,526,492,292,282,246,226,329,401,377,307,355,177,268,326,293,458,354,410,448,419,421,243,248,261,380,276,489,282,295,384,215,326,255,151,258,140,183,212,315,183,202,248,185,337,200,178,353
