Hello from MIC
Galois Benchmark Suite v2.2.0 (r0)
Copyright (C) 2013 The University of Texas at Austin
http://iss.ices.utexas.edu/galois/

application: GMetis
Partitions a graph into K parts and minimizing the graph cut
http://iss.ices.utexas.edu/?p=projects/galois/benchmarks/gMetis

INFO: CommandLine /work/02556/dpereira/MIC/apps/gmetis/gmetis -t=117 /work/02556/dpereira/Inputs/USA-road-d.W.gr 16
INFO: Hostname c558-001-mic0.stampede.tacc.utexas.edu
Created Graph with 6262104 nodes and 15248146 edges
Nodes 6262104| Edges 15248146 7624073

  Starting coarsening: 
Time coarsen:  2663 Size of final graph: 441

  Sarting initial partitioning using GGGP:
Size in decade percentages:  -1,1 -0,14 1,1
Time clustering:  366

  Sarting refinnement with BKL2
Initial dist
Size in decade percentages:  -1,1 -0,14 1,1
Refined dist
Size in decade percentages:  -1,6 0,4 1,6
Time refinement:  1443


Time:  4650
Total edge cut : 1949

Part saved in : 0x7ffffcf3a5e0
STATTYPE,LOOP,CATEGORY,n,sum,T0,T1,T2,T3,T4,T5,T6,T7,T8,T9,T10,T11,T12,T13,T14,T15,T16,T17,T18,T19,T20,T21,T22,T23,T24,T25,T26,T27,T28,T29,T30,T31,T32,T33,T34,T35,T36,T37,T38,T39,T40,T41,T42,T43,T44,T45,T46,T47,T48,T49,T50,T51,T52,T53,T54,T55,T56,T57,T58,T59,T60,T61,T62,T63,T64,T65,T66,T67,T68,T69,T70,T71,T72,T73,T74,T75,T76,T77,T78,T79,T80,T81,T82,T83,T84,T85,T86,T87,T88,T89,T90,T91,T92,T93,T94,T95,T96,T97,T98,T99,T100,T101,T102,T103,T104,T105,T106,T107,T108,T109,T110,T111,T112,T113,T114,T115,T116
STAT,(NULL),Coarsen,117,2663,2663,0,0,0,0,0,0,0,0,0,0,0,0,0,0,0,0,0,0,0,0,0,0,0,0,0,0,0,0,0,0,0,0,0,0,0,0,0,0,0,0,0,0,0,0,0,0,0,0,0,0,0,0,0,0,0,0,0,0,0,0,0,0,0,0,0,0,0,0,0,0,0,0,0,0,0,0,0,0,0,0,0,0,0,0,0,0,0,0,0,0,0,0,0,0,0,0,0,0,0,0,0,0,0,0,0,0,0,0,0,0,0,0,0,0,0,0
STAT,(NULL),Conflicts,117,0,0,0,0,0,0,0,0,0,0,0,0,0,0,0,0,0,0,0,0,0,0,0,0,0,0,0,0,0,0,0,0,0,0,0,0,0,0,0,0,0,0,0,0,0,0,0,0,0,0,0,0,0,0,0,0,0,0,0,0,0,0,0,0,0,0,0,0,0,0,0,0,0,0,0,0,0,0,0,0,0,0,0,0,0,0,0,0,0,0,0,0,0,0,0,0,0,0,0,0,0,0,0,0,0,0,0,0,0,0,0,0,0,0,0,0,0,0
STAT,(NULL),Iterations,117,31,5,0,0,0,3,0,0,0,0,0,0,1,0,0,0,0,0,2,0,0,0,0,0,0,0,3,0,0,0,0,0,0,0,0,0,2,0,0,0,0,0,3,0,0,0,0,0,0,0,0,0,0,0,0,1,0,0,2,0,0,0,0,0,0,0,0,0,0,0,1,1,0,0,0,0,0,0,0,0,4,0,0,0,0,1,0,0,0,0,1,0,0,0,0,0,0,1,0,0,0,0,0,0,0,0,0,0,0,0,0,0,0,0,0,0,0,0
STAT,(NULL),MeminfoPost,117,756599,6469,6474,6486,6461,6466,6464,6486,6545,6463,6456,6462,6478,6497,6471,6458,6457,6474,6472,6450,6461,6466,6484,6479,6477,6442,6484,6502,6529,6454,6456,6468,6478,6476,6487,6452,6455,6493,6455,6450,6467,6474,6471,6497,6465,6480,6461,6461,6456,6468,6436,6463,6484,6456,6459,6449,6446,6456,6479,6497,6454,6454,6478,6442,6435,6472,6480,6483,6463,6452,6460,6456,6443,6440,6447,6470,6440,6500,6505,6483,6450,6473,6435,6456,6476,6483,6456,6459,6455,6446,6447,6455,6446,6503,6510,6477,6455,6440,6463,6515,6487,6506,6450,6471,6454,6461,6432,6447,6476,6442,6432,6449,6465,6448,6463,6468,6467,6462
STAT,(NULL),MeminfoPre,117,189149,1619,1624,1636,1611,1616,1614,1636,1695,1613,1606,1612,1628,1647,1621,1608,1607,1624,1622,1600,1611,1616,1634,1629,1627,1592,1634,1652,1679,1604,1606,1618,1628,1626,1637,1602,1605,1643,1605,1600,1617,1624,1621,1647,1615,1630,1611,1611,1606,1618,1586,1613,1634,1606,1609,1599,1596,1606,1629,1647,1604,1604,1628,1592,1585,1622,1630,1633,1613,1602,1610,1606,1593,1590,1597,1620,1590,1650,1655,1633,1600,1623,1585,1606,1626,1633,1606,1609,1605,1596,1597,1605,1596,1653,1660,1627,1605,1590,1613,1665,1637,1656,1600,1621,1604,1611,1582,1597,1626,1592,1582,1599,1615,1598,1613,1618,1617,1612
STAT,(NULL),Partition,117,366,366,0,0,0,0,0,0,0,0,0,0,0,0,0,0,0,0,0,0,0,0,0,0,0,0,0,0,0,0,0,0,0,0,0,0,0,0,0,0,0,0,0,0,0,0,0,0,0,0,0,0,0,0,0,0,0,0,0,0,0,0,0,0,0,0,0,0,0,0,0,0,0,0,0,0,0,0,0,0,0,0,0,0,0,0,0,0,0,0,0,0,0,0,0,0,0,0,0,0,0,0,0,0,0,0,0,0,0,0,0,0,0,0,0,0,0,0
STAT,(NULL),Refine,117,1443,1443,0,0,0,0,0,0,0,0,0,0,0,0,0,0,0,0,0,0,0,0,0,0,0,0,0,0,0,0,0,0,0,0,0,0,0,0,0,0,0,0,0,0,0,0,0,0,0,0,0,0,0,0,0,0,0,0,0,0,0,0,0,0,0,0,0,0,0,0,0,0,0,0,0,0,0,0,0,0,0,0,0,0,0,0,0,0,0,0,0,0,0,0,0,0,0,0,0,0,0,0,0,0,0,0,0,0,0,0,0,0,0,0,0,0,0,0
STAT,(NULL),Threads,117,117,117,0,0,0,0,0,0,0,0,0,0,0,0,0,0,0,0,0,0,0,0,0,0,0,0,0,0,0,0,0,0,0,0,0,0,0,0,0,0,0,0,0,0,0,0,0,0,0,0,0,0,0,0,0,0,0,0,0,0,0,0,0,0,0,0,0,0,0,0,0,0,0,0,0,0,0,0,0,0,0,0,0,0,0,0,0,0,0,0,0,0,0,0,0,0,0,0,0,0,0,0,0,0,0,0,0,0,0,0,0,0,0,0,0,0,0,0
STAT,(NULL),Time,117,4650,4650,0,0,0,0,0,0,0,0,0,0,0,0,0,0,0,0,0,0,0,0,0,0,0,0,0,0,0,0,0,0,0,0,0,0,0,0,0,0,0,0,0,0,0,0,0,0,0,0,0,0,0,0,0,0,0,0,0,0,0,0,0,0,0,0,0,0,0,0,0,0,0,0,0,0,0,0,0,0,0,0,0,0,0,0,0,0,0,0,0,0,0,0,0,0,0,0,0,0,0,0,0,0,0,0,0,0,0,0,0,0,0,0,0,0,0,0
STAT,match,Conflicts,117,6195,88,79,77,77,77,90,71,68,75,86,59,70,61,74,75,59,57,71,86,66,65,62,63,53,63,60,53,80,66,62,59,45,66,64,58,59,54,53,58,48,58,66,57,59,56,61,49,62,54,59,50,43,65,56,56,69,40,51,39,50,44,39,39,50,47,48,41,42,33,39,34,38,36,36,54,54,39,52,31,56,58,41,48,45,32,34,43,31,48,38,43,55,34,32,55,43,40,37,44,39,40,36,49,34,43,41,51,36,52,42,45,40,42,42,53,53,47
STAT,match,Iterations,117,14997477,100965,130668,118883,124870,113068,109615,113825,116263,124139,116131,123425,106754,109512,117969,120961,99389,130343,118901,127764,120666,132802,111409,117690,121479,115138,118607,118242,110507,110189,117117,116357,121507,109765,134849,119125,120658,120772,116544,110459,121985,111980,108921,112936,133112,110120,99760,99888,116716,125052,136203,132449,125114,116122,120163,116503,122273,137065,131009,141505,128801,150134,122186,144408,128546,137494,126758,155364,126397,154777,148396,156684,129516,150824,157895,141222,128225,131247,126047,145264,132659,139667,138450,139755,149345,131222,151078,136648,144940,139063,140979,144971,141394,135490,145565,114909,134064,144896,127862,136650,135227,134060,146753,130974,152019,140748,130548,122979,144775,136701,141937,141397,132968,124164,129468,129686,104848,152230
STAT,popedge,Conflicts,117,0,0,0,0,0,0,0,0,0,0,0,0,0,0,0,0,0,0,0,0,0,0,0,0,0,0,0,0,0,0,0,0,0,0,0,0,0,0,0,0,0,0,0,0,0,0,0,0,0,0,0,0,0,0,0,0,0,0,0,0,0,0,0,0,0,0,0,0,0,0,0,0,0,0,0,0,0,0,0,0,0,0,0,0,0,0,0,0,0,0,0,0,0,0,0,0,0,0,0,0,0,0,0,0,0,0,0,0,0,0,0,0,0,0,0,0,0,0
STAT,popedge,Iterations,117,7349217,62757,62765,63168,61910,61791,62001,61275,60441,62980,63382,63675,63312,63333,61189,66280,63317,62123,62454,64405,60710,61466,62680,62024,61096,63215,61623,61578,62294,61764,62215,62469,60919,60446,58893,63128,62626,62392,64069,64873,59229,59713,57069,58482,58614,62577,62215,62939,64084,65811,61785,61158,62296,64266,63723,64464,63352,71249,69518,68067,73765,72389,62696,64019,63863,60453,61451,59854,61605,65369,62841,61409,61160,60341,62343,61015,65301,61228,64032,59972,65135,58996,61708,63338,60211,60116,61496,62331,68748,61997,59626,62077,62853,60295,61027,59717,61959,58593,61490,65684,64893,63136,64731,59693,63120,61314,65975,64774,61163,65378,64999,63580,63452,66130,63991,65440,69957,61339
STAT,refine,Conflicts,117,4714,105,109,122,110,110,95,107,97,96,79,82,72,82,80,78,77,75,72,63,61,60,68,56,61,72,49,69,67,61,46,51,46,41,44,33,53,25,39,31,21,36,29,29,48,41,28,26,29,45,38,40,27,47,35,33,38,46,34,40,30,32,21,20,15,19,24,27,22,20,24,19,22,12,16,10,25,25,29,29,26,22,25,25,22,19,21,21,29,16,18,19,21,27,20,25,20,31,19,29,21,17,23,16,16,23,24,16,24,12,27,21,27,16,28,20,14,19
STAT,refine,Iterations,117,39256,428,363,555,613,595,400,473,468,504,389,486,463,450,263,460,321,539,357,312,226,349,364,428,316,431,365,325,382,419,493,414,395,286,284,243,232,262,211,181,192,343,298,301,362,258,282,165,211,305,295,263,302,338,407,241,419,295,454,513,284,371,293,251,251,446,406,277,253,558,446,385,311,348,359,167,291,383,474,314,255,210,200,425,383,277,423,294,344,348,290,312,297,415,461,239,240,189,335,249,215,198,322,343,247,295,196,335,192,192,276,267,249,307,323,355,267,334
