Hello from MIC
Galois Benchmark Suite v2.2.0 (r0)
Copyright (C) 2013 The University of Texas at Austin
http://iss.ices.utexas.edu/galois/

application: GMetis
Partitions a graph into K parts and minimizing the graph cut
http://iss.ices.utexas.edu/?p=projects/galois/benchmarks/gMetis

INFO: CommandLine /work/02556/dpereira/MIC/apps/gmetis/gmetis -t=60 /work/02556/dpereira/Inputs/USA-road-d.W.gr 1024
INFO: Hostname c558-304-mic0.stampede.tacc.utexas.edu
Created Graph with 6262104 nodes and 15248146 edges
Nodes 6262104| Edges 15248146 7624073

  Starting coarsening: 
Time coarsen:  2229 Size of final graph: 40644

  Sarting initial partitioning using GGGP:
Size in decade percentages:  -1,2 -0,1021 1,1
Time clustering:  1303

  Sarting refinnement with BKL2
Initial dist
Size in decade percentages:  -1,2 -0,1021 1,1
Refined dist
Size in decade percentages:  -1,362 0,296 1,366
Time refinement:  840


Time:  4552
Total edge cut : 36360

Part saved in : 0x7fff65a330e0
STATTYPE,LOOP,CATEGORY,n,sum,T0,T1,T2,T3,T4,T5,T6,T7,T8,T9,T10,T11,T12,T13,T14,T15,T16,T17,T18,T19,T20,T21,T22,T23,T24,T25,T26,T27,T28,T29,T30,T31,T32,T33,T34,T35,T36,T37,T38,T39,T40,T41,T42,T43,T44,T45,T46,T47,T48,T49,T50,T51,T52,T53,T54,T55,T56,T57,T58,T59
STAT,(NULL),Coarsen,60,2229,2229,0,0,0,0,0,0,0,0,0,0,0,0,0,0,0,0,0,0,0,0,0,0,0,0,0,0,0,0,0,0,0,0,0,0,0,0,0,0,0,0,0,0,0,0,0,0,0,0,0,0,0,0,0,0,0,0,0,0,0
STAT,(NULL),Conflicts,60,0,0,0,0,0,0,0,0,0,0,0,0,0,0,0,0,0,0,0,0,0,0,0,0,0,0,0,0,0,0,0,0,0,0,0,0,0,0,0,0,0,0,0,0,0,0,0,0,0,0,0,0,0,0,0,0,0,0,0,0,0
STAT,(NULL),Iterations,60,2047,11,45,10,20,29,22,34,30,51,41,45,27,61,57,48,41,17,25,33,44,23,32,51,27,42,43,31,31,36,36,39,24,42,35,35,26,38,45,35,40,26,48,25,42,37,50,30,25,22,45,37,31,36,32,27,26,46,25,26,9
STAT,(NULL),MeminfoPost,60,756223,12616,12619,12601,12688,12604,12600,12637,12596,12617,12576,12618,12615,12601,12680,12617,12600,12632,12593,12624,12575,12615,12634,12615,12598,12590,12570,12619,12582,12569,12628,12593,12605,12555,12628,12612,12576,12576,12552,12585,12674,12604,12581,12596,12620,12578,12565,12573,12658,12626,12574,12663,12645,12586,12586,12556,12584,12556,12580,12604,12603
STAT,(NULL),MeminfoPre,60,189043,3163,3166,3148,3235,3151,3147,3184,3143,3164,3123,3165,3162,3148,3227,3164,3147,3179,3140,3171,3122,3162,3181,3162,3145,3137,3117,3166,3129,3116,3175,3140,3152,3102,3175,3159,3123,3123,3099,3132,3221,3151,3128,3143,3167,3125,3112,3120,3205,3173,3121,3210,3192,3133,3133,3103,3131,3103,3127,3151,3150
STAT,(NULL),Partition,60,1303,1303,0,0,0,0,0,0,0,0,0,0,0,0,0,0,0,0,0,0,0,0,0,0,0,0,0,0,0,0,0,0,0,0,0,0,0,0,0,0,0,0,0,0,0,0,0,0,0,0,0,0,0,0,0,0,0,0,0,0,0
STAT,(NULL),Refine,60,840,840,0,0,0,0,0,0,0,0,0,0,0,0,0,0,0,0,0,0,0,0,0,0,0,0,0,0,0,0,0,0,0,0,0,0,0,0,0,0,0,0,0,0,0,0,0,0,0,0,0,0,0,0,0,0,0,0,0,0,0
STAT,(NULL),Threads,60,60,60,0,0,0,0,0,0,0,0,0,0,0,0,0,0,0,0,0,0,0,0,0,0,0,0,0,0,0,0,0,0,0,0,0,0,0,0,0,0,0,0,0,0,0,0,0,0,0,0,0,0,0,0,0,0,0,0,0,0,0
STAT,(NULL),Time,60,4552,4552,0,0,0,0,0,0,0,0,0,0,0,0,0,0,0,0,0,0,0,0,0,0,0,0,0,0,0,0,0,0,0,0,0,0,0,0,0,0,0,0,0,0,0,0,0,0,0,0,0,0,0,0,0,0,0,0,0,0,0
STAT,match,Conflicts,60,4919,205,140,131,128,134,121,145,130,134,129,87,85,92,73,95,89,105,101,120,101,62,56,64,67,68,73,59,82,99,87,58,66,46,55,61,71,59,61,53,79,53,55,45,52,57,52,48,68,45,56,58,44,46,68,62,68,68,124,71,108
STAT,match,Iterations,60,14880771,219586,232519,239326,218516,248810,243665,239291,242506,242278,249813,244003,238472,238476,235968,231961,241034,247848,254839,227391,252739,240403,253178,243377,246682,263708,262421,239446,248004,247081,225797,251477,250755,275422,244590,251313,242421,262039,266384,252893,226828,251309,252969,248297,262225,256901,257268,252944,243594,245639,248507,245495,260723,267088,253220,267697,253854,280439,257555,257630,234157
STAT,popedge,Conflicts,60,0,0,0,0,0,0,0,0,0,0,0,0,0,0,0,0,0,0,0,0,0,0,0,0,0,0,0,0,0,0,0,0,0,0,0,0,0,0,0,0,0,0,0,0,0,0,0,0,0,0,0,0,0,0,0,0,0,0,0,0,0
STAT,popedge,Iterations,60,7293979,121975,122461,121394,118025,119949,119800,116958,122909,122554,124639,121284,120263,121420,118752,120457,118201,116815,119990,113131,123467,110374,114505,110521,112267,115785,119535,117260,117478,118596,118174,123279,123025,124396,122598,122429,128265,123613,127296,124708,119201,119564,120558,119719,118684,121691,119399,120407,115780,114349,115833,127270,130035,131968,135892,134395,125171,130252,133053,129886,132324
STAT,refine,Conflicts,60,2796,88,68,72,62,59,60,59,53,62,53,67,65,63,58,49,68,47,50,56,43,60,49,46,48,39,45,45,51,36,56,58,37,29,34,42,33,29,43,31,53,43,33,31,54,46,43,38,44,35,33,34,23,28,36,41,32,36,25,30,45
STAT,refine,Iterations,60,465384,6529,6084,7375,9183,7596,6831,7817,6883,7864,6926,7944,7226,7016,10157,8167,7237,9116,7360,8294,7149,7109,9351,7893,7996,6720,6589,7649,6581,7395,8155,7859,7759,7173,9183,7925,6724,7687,8396,8562,10147,8144,7894,8293,8207,7192,7173,8160,8701,7850,7261,10239,8680,8468,6429,6759,6787,6160,7857,7101,8422
