Hello from MIC
Galois Benchmark Suite v2.2.0 (r0)
Copyright (C) 2013 The University of Texas at Austin
http://iss.ices.utexas.edu/galois/

application: GMetis
Partitions a graph into K parts and minimizing the graph cut
http://iss.ices.utexas.edu/?p=projects/galois/benchmarks/gMetis

INFO: CommandLine /work/02556/dpereira/MIC/apps/gmetis/gmetis -t=79 /work/02556/dpereira/Inputs/USA-road-d.W.gr 128
INFO: Hostname c557-903-mic0.stampede.tacc.utexas.edu
Created Graph with 6262104 nodes and 15248146 edges
Nodes 6262104| Edges 15248146 7624073

  Starting coarsening: 
Time coarsen:  2314 Size of final graph: 3052

  Sarting initial partitioning using GGGP:
Size in decade percentages:  -1,6 -0,117 1,5
Time clustering:  408

  Sarting refinnement with BKL2
Initial dist
Size in decade percentages:  -1,6 -0,117 1,5
Refined dist
Size in decade percentages:  -1,42 -0,42 1,44
Time refinement:  881


Time:  3779
Total edge cut : 8255

Part saved in : 0x7fff2f049fe0
STATTYPE,LOOP,CATEGORY,n,sum,T0,T1,T2,T3,T4,T5,T6,T7,T8,T9,T10,T11,T12,T13,T14,T15,T16,T17,T18,T19,T20,T21,T22,T23,T24,T25,T26,T27,T28,T29,T30,T31,T32,T33,T34,T35,T36,T37,T38,T39,T40,T41,T42,T43,T44,T45,T46,T47,T48,T49,T50,T51,T52,T53,T54,T55,T56,T57,T58,T59,T60,T61,T62,T63,T64,T65,T66,T67,T68,T69,T70,T71,T72,T73,T74,T75,T76,T77,T78
STAT,(NULL),Coarsen,79,2314,2314,0,0,0,0,0,0,0,0,0,0,0,0,0,0,0,0,0,0,0,0,0,0,0,0,0,0,0,0,0,0,0,0,0,0,0,0,0,0,0,0,0,0,0,0,0,0,0,0,0,0,0,0,0,0,0,0,0,0,0,0,0,0,0,0,0,0,0,0,0,0,0,0,0,0,0,0,0,0
STAT,(NULL),Conflicts,79,0,0,0,0,0,0,0,0,0,0,0,0,0,0,0,0,0,0,0,0,0,0,0,0,0,0,0,0,0,0,0,0,0,0,0,0,0,0,0,0,0,0,0,0,0,0,0,0,0,0,0,0,0,0,0,0,0,0,0,0,0,0,0,0,0,0,0,0,0,0,0,0,0,0,0,0,0,0,0,0
STAT,(NULL),Iterations,79,255,12,5,5,6,1,0,6,1,1,1,3,1,4,4,1,0,3,8,0,2,1,10,5,5,3,1,1,6,2,4,0,5,1,4,12,2,1,0,1,3,5,7,6,3,3,5,4,4,6,1,3,4,2,1,1,5,7,6,8,4,4,0,5,3,0,1,3,8,0,1,1,5,1,0,2,1,1,3,0
STAT,(NULL),MeminfoPost,79,756290,9580,9598,9577,9557,9620,9625,9558,9578,9598,9583,9553,9599,9543,9565,9599,9576,9579,9587,9663,9551,9576,9607,9578,9550,9596,9550,9568,9580,9608,9583,9569,9570,9567,9536,9587,9562,9557,9537,9572,9621,9545,9581,9525,9573,9596,9578,9558,9556,9538,9538,9566,9592,9630,9555,9568,9541,9593,9571,9558,9552,9533,9554,9625,9614,9555,9553,9627,9616,9563,9567,9564,9536,9572,9524,9542,9560,9563,9575,9570
STAT,(NULL),MeminfoPre,79,189070,2400,2418,2397,2377,2440,2445,2378,2398,2418,2403,2373,2419,2363,2385,2419,2396,2399,2407,2483,2371,2396,2427,2398,2370,2416,2370,2388,2400,2428,2403,2389,2390,2387,2356,2407,2382,2377,2357,2392,2441,2365,2401,2345,2393,2416,2398,2378,2376,2358,2358,2386,2412,2450,2375,2388,2361,2413,2391,2378,2372,2353,2374,2445,2434,2375,2373,2447,2436,2383,2387,2384,2356,2392,2344,2362,2380,2383,2395,2390
STAT,(NULL),Partition,79,408,408,0,0,0,0,0,0,0,0,0,0,0,0,0,0,0,0,0,0,0,0,0,0,0,0,0,0,0,0,0,0,0,0,0,0,0,0,0,0,0,0,0,0,0,0,0,0,0,0,0,0,0,0,0,0,0,0,0,0,0,0,0,0,0,0,0,0,0,0,0,0,0,0,0,0,0,0,0,0
STAT,(NULL),Refine,79,881,881,0,0,0,0,0,0,0,0,0,0,0,0,0,0,0,0,0,0,0,0,0,0,0,0,0,0,0,0,0,0,0,0,0,0,0,0,0,0,0,0,0,0,0,0,0,0,0,0,0,0,0,0,0,0,0,0,0,0,0,0,0,0,0,0,0,0,0,0,0,0,0,0,0,0,0,0,0,0
STAT,(NULL),Threads,79,79,79,0,0,0,0,0,0,0,0,0,0,0,0,0,0,0,0,0,0,0,0,0,0,0,0,0,0,0,0,0,0,0,0,0,0,0,0,0,0,0,0,0,0,0,0,0,0,0,0,0,0,0,0,0,0,0,0,0,0,0,0,0,0,0,0,0,0,0,0,0,0,0,0,0,0,0,0,0,0
STAT,(NULL),Time,79,3779,3779,0,0,0,0,0,0,0,0,0,0,0,0,0,0,0,0,0,0,0,0,0,0,0,0,0,0,0,0,0,0,0,0,0,0,0,0,0,0,0,0,0,0,0,0,0,0,0,0,0,0,0,0,0,0,0,0,0,0,0,0,0,0,0,0,0,0,0,0,0,0,0,0,0,0,0,0,0,0
STAT,match,Conflicts,79,5755,144,125,109,127,112,111,141,102,122,141,100,118,96,90,93,96,102,86,73,69,67,77,64,52,64,73,67,68,49,55,59,56,56,49,65,54,47,48,58,45,64,62,48,58,68,63,57,52,67,69,69,46,44,62,58,55,58,61,43,44,64,49,52,67,56,58,59,104,51,80,101,83,72,75,74,48,58,70,56
STAT,match,Iterations,79,14983974,152509,162685,162752,174202,160141,183644,143109,181411,162492,173723,181520,177034,184945,177461,157405,169158,168292,173212,183634,217732,200656,190156,202881,213004,193750,191435,182224,189089,184470,205645,191231,205807,195801,207885,186346,210842,198498,213538,189436,181333,204722,184493,215625,202940,191239,191741,189496,208364,211500,189204,187744,199256,200990,209873,199334,204162,183087,185431,211656,208414,214098,198820,181553,180113,189431,178629,176761,175567,195260,181463,189107,188977,198475,203336,181302,196502,208916,187291,198014
STAT,popedge,Conflicts,79,0,0,0,0,0,0,0,0,0,0,0,0,0,0,0,0,0,0,0,0,0,0,0,0,0,0,0,0,0,0,0,0,0,0,0,0,0,0,0,0,0,0,0,0,0,0,0,0,0,0,0,0,0,0,0,0,0,0,0,0,0,0,0,0,0,0,0,0,0,0,0,0,0,0,0,0,0,0,0,0
STAT,popedge,Iterations,79,7342768,85331,83927,83304,85967,85085,84561,90601,88125,85086,88106,91007,89114,93701,89013,87238,87578,88611,86317,93201,97857,99318,95335,98237,98347,99811,100319,93324,90036,91238,89459,90142,84433,97338,98493,94502,95931,98739,95775,98143,92020,101832,102159,103826,101643,102918,99539,102268,99420,101584,102986,100895,98138,93141,95907,95743,101604,96087,97835,96772,95697,101881,80115,82737,79488,81277,83403,88311,90900,93831,88955,89390,95641,88708,94220,95161,87363,88840,88508,89375
STAT,refine,Conflicts,79,3789,125,123,106,102,93,100,87,87,66,65,72,84,72,75,78,67,55,53,54,46,44,56,56,61,68,53,51,41,54,47,43,39,34,40,39,29,44,39,40,32,34,32,36,49,35,34,35,47,45,33,32,39,35,45,28,31,44,36,41,36,32,35,33,32,25,27,20,28,38,26,32,24,23,25,24,25,22,23,28
STAT,refine,Iterations,79,135680,1433,1942,1655,1567,1954,1991,1618,1444,1377,1251,1479,1800,1486,1279,1919,2101,1437,2014,2440,1882,2103,2050,1535,1789,2262,1758,1472,1645,2337,1619,1477,1927,1719,1507,1558,1719,1710,2006,2058,2013,1559,1851,1354,2038,1520,1795,1620,1326,1792,1592,1942,2236,1874,1958,1423,1399,1701,1967,1844,1533,2138,1474,2015,1683,1460,1549,1933,1822,1596,1586,1166,1394,1701,1440,1273,1625,1965,1350,1853
