Hello from MIC
Galois Benchmark Suite v2.2.0 (r0)
Copyright (C) 2013 The University of Texas at Austin
http://iss.ices.utexas.edu/galois/

application: GMetis
Partitions a graph into K parts and minimizing the graph cut
http://iss.ices.utexas.edu/?p=projects/galois/benchmarks/gMetis

INFO: CommandLine /work/02556/dpereira/MIC/apps/gmetis/gmetis -t=44 /work/02556/dpereira/Inputs/USA-road-d.W.gr 1024
INFO: Hostname c557-803-mic0.stampede.tacc.utexas.edu
Created Graph with 6262104 nodes and 15248146 edges
Nodes 6262104| Edges 15248146 7624073

  Starting coarsening: 
Time coarsen:  2692 Size of final graph: 40661

  Sarting initial partitioning using GGGP:
Size in decade percentages:  -0,1023 1,1
Time clustering:  1296

  Sarting refinnement with BKL2
Initial dist
Size in decade percentages:  -0,1023 1,1
Refined dist
Size in decade percentages:  -1,358 0,300 1,365 3,1
Time refinement:  867


Time:  5031
Total edge cut : 36769

Part saved in : 0x7fff66151360
STATTYPE,LOOP,CATEGORY,n,sum,T0,T1,T2,T3,T4,T5,T6,T7,T8,T9,T10,T11,T12,T13,T14,T15,T16,T17,T18,T19,T20,T21,T22,T23,T24,T25,T26,T27,T28,T29,T30,T31,T32,T33,T34,T35,T36,T37,T38,T39,T40,T41,T42,T43
STAT,(NULL),Coarsen,44,2692,2692,0,0,0,0,0,0,0,0,0,0,0,0,0,0,0,0,0,0,0,0,0,0,0,0,0,0,0,0,0,0,0,0,0,0,0,0,0,0,0,0,0,0,0
STAT,(NULL),Conflicts,44,0,0,0,0,0,0,0,0,0,0,0,0,0,0,0,0,0,0,0,0,0,0,0,0,0,0,0,0,0,0,0,0,0,0,0,0,0,0,0,0,0,0,0,0,0
STAT,(NULL),Iterations,44,2047,11,74,30,14,59,59,67,53,68,48,64,22,35,80,46,51,48,49,42,64,56,53,68,55,36,49,58,46,30,23,43,30,52,52,48,49,55,23,48,46,47,33,10,53
STAT,(NULL),MeminfoPost,44,756261,17210,17177,17294,17166,17225,17177,17197,17173,17223,17191,17261,17188,17210,17193,17164,17236,17192,17172,17152,17194,17148,17205,17169,17149,17214,17172,17160,17147,17195,17219,17145,17210,17163,17130,17212,17226,17174,17280,17162,17139,17159,17141,17161,17186
STAT,(NULL),MeminfoPre,44,189057,4319,4286,4403,4275,4334,4286,4306,4282,4332,4300,4370,4297,4319,4302,4273,4345,4301,4281,4261,4303,4257,4314,4278,4258,4323,4281,4269,4256,4304,4328,4254,4319,4272,4239,4321,4335,4283,4389,4271,4248,4268,4250,4270,4295
STAT,(NULL),Partition,44,1296,1296,0,0,0,0,0,0,0,0,0,0,0,0,0,0,0,0,0,0,0,0,0,0,0,0,0,0,0,0,0,0,0,0,0,0,0,0,0,0,0,0,0,0,0
STAT,(NULL),Refine,44,867,867,0,0,0,0,0,0,0,0,0,0,0,0,0,0,0,0,0,0,0,0,0,0,0,0,0,0,0,0,0,0,0,0,0,0,0,0,0,0,0,0,0,0,0
STAT,(NULL),Threads,44,44,44,0,0,0,0,0,0,0,0,0,0,0,0,0,0,0,0,0,0,0,0,0,0,0,0,0,0,0,0,0,0,0,0,0,0,0,0,0,0,0,0,0,0,0
STAT,(NULL),Time,44,5031,5031,0,0,0,0,0,0,0,0,0,0,0,0,0,0,0,0,0,0,0,0,0,0,0,0,0,0,0,0,0,0,0,0,0,0,0,0,0,0,0,0,0,0,0
STAT,match,Conflicts,44,4194,211,152,172,124,116,147,114,76,100,111,113,80,74,45,53,70,71,75,89,66,108,83,64,81,90,49,57,71,88,54,78,68,74,88,86,72,67,105,46,135,180,194,124,73
STAT,match,Iterations,44,14897774,324771,334952,320391,338471,343214,328736,343274,342337,315804,329046,317467,336261,332233,349098,340994,326146,319960,336153,337074,329894,332501,331552,349739,359697,326026,308397,349230,364561,343563,335291,343598,337250,340344,356660,329526,325814,342311,334234,363840,357822,363925,343698,352225,359694
STAT,popedge,Conflicts,44,0,0,0,0,0,0,0,0,0,0,0,0,0,0,0,0,0,0,0,0,0,0,0,0,0,0,0,0,0,0,0,0,0,0,0,0,0,0,0,0,0,0,0,0,0
STAT,popedge,Iterations,44,7303876,162718,162557,159206,162782,156688,166425,165407,164962,160226,163825,160359,161099,160372,168093,164159,149684,148565,157396,167299,160383,165285,161550,167257,170924,169464,149583,171771,170087,169974,162295,168444,162453,168500,166416,163491,159533,166299,179157,184363,180098,177306,185662,182815,178944
STAT,refine,Conflicts,44,2120,49,48,78,48,65,52,50,52,58,53,57,57,49,43,43,56,50,46,54,54,47,51,58,54,50,52,48,49,38,50,39,42,41,46,43,43,43,42,29,32,41,41,42,37
STAT,refine,Iterations,44,471360,9849,8643,12169,9328,10890,9771,10198,10003,10107,11146,12264,11608,10691,12006,10606,11906,11313,10954,10553,12038,11256,13290,11123,10224,11535,8916,10113,11242,11427,11649,9106,10734,9163,10184,11278,10860,10215,12649,10009,9410,9211,9144,10415,12164
