Hello from MIC
Galois Benchmark Suite v2.2.0 (r0)
Copyright (C) 2013 The University of Texas at Austin
http://iss.ices.utexas.edu/galois/

application: GMetis
Partitions a graph into K parts and minimizing the graph cut
http://iss.ices.utexas.edu/?p=projects/galois/benchmarks/gMetis

INFO: CommandLine /work/02556/dpereira/MIC/apps/gmetis/gmetis -t=95 /work/02556/dpereira/Inputs/USA-road-d.W.gr 16
INFO: Hostname c557-903-mic0.stampede.tacc.utexas.edu
Created Graph with 6262104 nodes and 15248146 edges
Nodes 6262104| Edges 15248146 7624073

  Starting coarsening: 
Time coarsen:  2438 Size of final graph: 437

  Sarting initial partitioning using GGGP:
Size in decade percentages:  -0,15 1,1
Time clustering:  361

  Sarting refinnement with BKL2
Initial dist
Size in decade percentages:  -0,15 1,1
Refined dist
Size in decade percentages:  -1,7 -0,2 1,7
Time refinement:  1127


Time:  4103
Total edge cut : 2185

Part saved in : 0x7fffffbb5960
STATTYPE,LOOP,CATEGORY,n,sum,T0,T1,T2,T3,T4,T5,T6,T7,T8,T9,T10,T11,T12,T13,T14,T15,T16,T17,T18,T19,T20,T21,T22,T23,T24,T25,T26,T27,T28,T29,T30,T31,T32,T33,T34,T35,T36,T37,T38,T39,T40,T41,T42,T43,T44,T45,T46,T47,T48,T49,T50,T51,T52,T53,T54,T55,T56,T57,T58,T59,T60,T61,T62,T63,T64,T65,T66,T67,T68,T69,T70,T71,T72,T73,T74,T75,T76,T77,T78,T79,T80,T81,T82,T83,T84,T85,T86,T87,T88,T89,T90,T91,T92,T93,T94
STAT,(NULL),Coarsen,95,2438,2438,0,0,0,0,0,0,0,0,0,0,0,0,0,0,0,0,0,0,0,0,0,0,0,0,0,0,0,0,0,0,0,0,0,0,0,0,0,0,0,0,0,0,0,0,0,0,0,0,0,0,0,0,0,0,0,0,0,0,0,0,0,0,0,0,0,0,0,0,0,0,0,0,0,0,0,0,0,0,0,0,0,0,0,0,0,0,0,0,0,0,0,0,0,0
STAT,(NULL),Conflicts,95,0,0,0,0,0,0,0,0,0,0,0,0,0,0,0,0,0,0,0,0,0,0,0,0,0,0,0,0,0,0,0,0,0,0,0,0,0,0,0,0,0,0,0,0,0,0,0,0,0,0,0,0,0,0,0,0,0,0,0,0,0,0,0,0,0,0,0,0,0,0,0,0,0,0,0,0,0,0,0,0,0,0,0,0,0,0,0,0,0,0,0,0,0,0,0,0
STAT,(NULL),Iterations,95,31,5,0,0,0,0,0,0,1,0,0,0,0,0,0,1,0,0,0,0,0,0,0,0,0,0,0,0,0,0,0,0,0,0,0,1,0,0,0,2,0,0,0,0,0,0,0,3,2,1,0,0,0,0,3,0,0,0,0,0,0,0,4,0,0,0,0,0,0,0,2,0,0,0,0,0,0,0,0,0,0,0,0,3,0,0,0,0,0,2,0,0,0,0,0,1
STAT,(NULL),MeminfoPost,95,756565,7957,7988,7979,7956,7959,8008,8025,7948,7958,7974,7984,7973,7946,7971,7965,7945,7959,7987,7972,7959,7967,8018,8011,7944,7968,7973,7986,7962,7948,7980,7957,7949,7973,7967,7993,7970,7963,7965,7949,7960,7934,7977,7958,7953,7937,7951,7963,8000,7948,7968,7945,7924,7972,7986,7968,7948,7954,7952,7930,7935,7962,7950,8015,7994,7943,7964,7926,7976,7981,7946,7955,7943,7940,7949,7953,8014,7996,7952,7936,7985,8008,8006,7943,7961,7956,7935,7935,7975,7919,7935,7958,7943,7966,7968,7958
STAT,(NULL),MeminfoPre,95,189130,1984,2015,2006,1983,1986,2035,2052,1975,1985,2001,2011,2000,1973,1998,1992,1972,1986,2014,1999,1986,1994,2045,2038,1971,1995,2000,2013,1989,1975,2007,1984,1976,2000,1994,2020,1997,1990,1992,1976,1987,1961,2004,1985,1980,1964,1978,1990,2027,1975,1995,1972,1951,1999,2013,1995,1975,1981,1979,1957,1962,1989,1977,2042,2021,1970,1991,1953,2003,2008,1973,1982,1970,1967,1976,1980,2041,2023,1979,1963,2012,2035,2033,1970,1988,1983,1962,1962,2002,1946,1962,1985,1970,1993,1995,1985
STAT,(NULL),Partition,95,361,361,0,0,0,0,0,0,0,0,0,0,0,0,0,0,0,0,0,0,0,0,0,0,0,0,0,0,0,0,0,0,0,0,0,0,0,0,0,0,0,0,0,0,0,0,0,0,0,0,0,0,0,0,0,0,0,0,0,0,0,0,0,0,0,0,0,0,0,0,0,0,0,0,0,0,0,0,0,0,0,0,0,0,0,0,0,0,0,0,0,0,0,0,0,0
STAT,(NULL),Refine,95,1127,1127,0,0,0,0,0,0,0,0,0,0,0,0,0,0,0,0,0,0,0,0,0,0,0,0,0,0,0,0,0,0,0,0,0,0,0,0,0,0,0,0,0,0,0,0,0,0,0,0,0,0,0,0,0,0,0,0,0,0,0,0,0,0,0,0,0,0,0,0,0,0,0,0,0,0,0,0,0,0,0,0,0,0,0,0,0,0,0,0,0,0,0,0,0,0
STAT,(NULL),Threads,95,95,95,0,0,0,0,0,0,0,0,0,0,0,0,0,0,0,0,0,0,0,0,0,0,0,0,0,0,0,0,0,0,0,0,0,0,0,0,0,0,0,0,0,0,0,0,0,0,0,0,0,0,0,0,0,0,0,0,0,0,0,0,0,0,0,0,0,0,0,0,0,0,0,0,0,0,0,0,0,0,0,0,0,0,0,0,0,0,0,0,0,0,0,0,0,0
STAT,(NULL),Time,95,4103,4103,0,0,0,0,0,0,0,0,0,0,0,0,0,0,0,0,0,0,0,0,0,0,0,0,0,0,0,0,0,0,0,0,0,0,0,0,0,0,0,0,0,0,0,0,0,0,0,0,0,0,0,0,0,0,0,0,0,0,0,0,0,0,0,0,0,0,0,0,0,0,0,0,0,0,0,0,0,0,0,0,0,0,0,0,0,0,0,0,0,0,0,0,0,0
STAT,match,Conflicts,95,6049,137,110,102,90,91,110,99,96,73,80,94,90,86,108,78,80,66,79,68,76,84,102,81,74,76,103,81,104,78,78,82,66,66,57,44,44,42,52,43,57,58,40,47,43,52,54,52,37,54,49,56,68,52,46,45,50,46,40,53,52,59,77,47,52,46,43,52,59,49,41,51,44,46,45,63,45,43,40,50,45,52,56,59,59,58,46,67,51,57,44,65,57,53,54,53
STAT,match,Iterations,95,15007961,119644,113876,149299,149162,136674,129217,133192,145969,154582,134224,130093,148332,148767,136442,137831,137874,148184,133620,140077,127968,146935,136459,138655,155899,160561,129627,154909,139023,143761,150355,157795,134245,131334,167418,176138,162242,172242,166665,189119,160337,162864,181355,194547,176062,187803,169680,156265,179673,188869,169680,176947,171302,167299,157825,188539,186897,171809,173515,183403,163584,179806,144284,140075,148987,179762,158744,163348,170994,160899,162535,160341,163363,160692,157014,156067,166466,157513,167465,158196,159970,162441,151426,156521,150995,173508,171782,153351,176447,184380,167924,171792,170454,158867,147655,157233
STAT,popedge,Conflicts,95,0,0,0,0,0,0,0,0,0,0,0,0,0,0,0,0,0,0,0,0,0,0,0,0,0,0,0,0,0,0,0,0,0,0,0,0,0,0,0,0,0,0,0,0,0,0,0,0,0,0,0,0,0,0,0,0,0,0,0,0,0,0,0,0,0,0,0,0,0,0,0,0,0,0,0,0,0,0,0,0,0,0,0,0,0,0,0,0,0,0,0,0,0,0,0,0
STAT,popedge,Iterations,95,7356774,75997,67006,72404,73562,73604,76268,72376,75750,70705,73638,73203,72691,74338,73291,72758,77233,73508,72173,74208,77559,77564,74931,74023,77677,75253,80069,73037,79160,78945,78224,78277,77667,69928,70289,77726,78299,79076,79174,83913,84150,89156,78056,84166,82807,80594,85768,83736,83422,83402,86001,90601,90570,87903,84742,84828,87608,85332,87310,84953,88895,83410,76075,65793,74480,70049,74622,73855,68422,72545,72611,71703,72631,70628,72952,70809,71834,70625,70062,70942,74407,77995,78991,74286,78077,76910,80295,81311,75012,77396,80315,79943,78220,81602,77799,80663
STAT,refine,Conflicts,95,4606,158,155,138,123,109,121,103,104,81,92,78,93,75,96,86,62,74,66,51,51,44,56,68,66,56,66,76,67,64,66,44,56,55,43,39,49,38,45,19,25,15,39,41,42,46,44,54,48,30,28,38,33,47,41,37,45,36,28,41,19,26,28,27,28,25,21,31,21,24,28,31,23,24,30,24,19,16,23,23,23,23,18,22,27,36,21,24,31,32,30,29,22,30,35,21
STAT,refine,Iterations,95,43011,582,668,546,611,455,732,556,480,397,482,449,418,318,663,498,358,426,480,373,435,338,630,569,441,377,472,511,353,299,810,389,411,520,477,740,464,356,561,320,353,339,440,550,495,500,583,416,539,267,331,359,346,338,523,741,424,449,320,497,531,464,423,449,395,377,281,450,405,501,377,408,405,385,374,454,434,254,343,459,505,425,297,504,475,426,465,355,544,391,331,647,261,361,624,456
