Hello from MIC
Galois Benchmark Suite v2.2.0 (r0)
Copyright (C) 2013 The University of Texas at Austin
http://iss.ices.utexas.edu/galois/

application: GMetis
Partitions a graph into K parts and minimizing the graph cut
http://iss.ices.utexas.edu/?p=projects/galois/benchmarks/gMetis

INFO: CommandLine /work/02556/dpereira/MIC/apps/gmetis/gmetis -t=241 /work/02556/dpereira/Inputs/USA-road-d.W.gr 16
INFO: Hostname c558-003-mic0.stampede.tacc.utexas.edu
Created Graph with 6262104 nodes and 15248146 edges
Nodes 6262104| Edges 15248146 7624073

  Starting coarsening: 
Time coarsen:  5232 Size of final graph: 442

  Sarting initial partitioning using GGGP:
Size in decade percentages:  -0,16
Time clustering:  379

  Sarting refinnement with BKL2
Initial dist
Size in decade percentages:  -0,16
Refined dist
Size in decade percentages:  -1,6 0,4 1,6
Time refinement:  3358


Time:  9149
Total edge cut : 1689

Part saved in : 0x7fff54b93a60
STATTYPE,LOOP,CATEGORY,n,sum,T0,T1,T2,T3,T4,T5,T6,T7,T8,T9,T10,T11,T12,T13,T14,T15,T16,T17,T18,T19,T20,T21,T22,T23,T24,T25,T26,T27,T28,T29,T30,T31,T32,T33,T34,T35,T36,T37,T38,T39,T40,T41,T42,T43,T44,T45,T46,T47,T48,T49,T50,T51,T52,T53,T54,T55,T56,T57,T58,T59,T60,T61,T62,T63,T64,T65,T66,T67,T68,T69,T70,T71,T72,T73,T74,T75,T76,T77,T78,T79,T80,T81,T82,T83,T84,T85,T86,T87,T88,T89,T90,T91,T92,T93,T94,T95,T96,T97,T98,T99,T100,T101,T102,T103,T104,T105,T106,T107,T108,T109,T110,T111,T112,T113,T114,T115,T116,T117,T118,T119,T120,T121,T122,T123,T124,T125,T126,T127,T128,T129,T130,T131,T132,T133,T134,T135,T136,T137,T138,T139,T140,T141,T142,T143,T144,T145,T146,T147,T148,T149,T150,T151,T152,T153,T154,T155,T156,T157,T158,T159,T160,T161,T162,T163,T164,T165,T166,T167,T168,T169,T170,T171,T172,T173,T174,T175,T176,T177,T178,T179,T180,T181,T182,T183,T184,T185,T186,T187,T188,T189,T190,T191,T192,T193,T194,T195,T196,T197,T198,T199,T200,T201,T202,T203,T204,T205,T206,T207,T208,T209,T210,T211,T212,T213,T214,T215,T216,T217,T218,T219,T220,T221,T222,T223,T224,T225,T226,T227,T228,T229,T230,T231,T232,T233,T234,T235,T236,T237,T238,T239,T240
STAT,(NULL),Coarsen,241,5232,5232,0,0,0,0,0,0,0,0,0,0,0,0,0,0,0,0,0,0,0,0,0,0,0,0,0,0,0,0,0,0,0,0,0,0,0,0,0,0,0,0,0,0,0,0,0,0,0,0,0,0,0,0,0,0,0,0,0,0,0,0,0,0,0,0,0,0,0,0,0,0,0,0,0,0,0,0,0,0,0,0,0,0,0,0,0,0,0,0,0,0,0,0,0,0,0,0,0,0,0,0,0,0,0,0,0,0,0,0,0,0,0,0,0,0,0,0,0,0,0,0,0,0,0,0,0,0,0,0,0,0,0,0,0,0,0,0,0,0,0,0,0,0,0,0,0,0,0,0,0,0,0,0,0,0,0,0,0,0,0,0,0,0,0,0,0,0,0,0,0,0,0,0,0,0,0,0,0,0,0,0,0,0,0,0,0,0,0,0,0,0,0,0,0,0,0,0,0,0,0,0,0,0,0,0,0,0,0,0,0,0,0,0,0,0,0,0,0,0,0,0,0,0,0,0,0,0,0,0,0,0,0,0,0,0,0,0,0,0,0,0
STAT,(NULL),Conflicts,241,0,0,0,0,0,0,0,0,0,0,0,0,0,0,0,0,0,0,0,0,0,0,0,0,0,0,0,0,0,0,0,0,0,0,0,0,0,0,0,0,0,0,0,0,0,0,0,0,0,0,0,0,0,0,0,0,0,0,0,0,0,0,0,0,0,0,0,0,0,0,0,0,0,0,0,0,0,0,0,0,0,0,0,0,0,0,0,0,0,0,0,0,0,0,0,0,0,0,0,0,0,0,0,0,0,0,0,0,0,0,0,0,0,0,0,0,0,0,0,0,0,0,0,0,0,0,0,0,0,0,0,0,0,0,0,0,0,0,0,0,0,0,0,0,0,0,0,0,0,0,0,0,0,0,0,0,0,0,0,0,0,0,0,0,0,0,0,0,0,0,0,0,0,0,0,0,0,0,0,0,0,0,0,0,0,0,0,0,0,0,0,0,0,0,0,0,0,0,0,0,0,0,0,0,0,0,0,0,0,0,0,0,0,0,0,0,0,0,0,0,0,0,0,0,0,0,0,0,0,0,0,0,0,0,0,0,0,0,0,0,0,0
STAT,(NULL),Iterations,241,31,5,0,0,0,0,0,0,0,0,0,0,0,0,0,0,0,0,0,0,0,0,0,0,0,0,0,0,0,0,0,0,0,0,0,0,0,0,0,0,0,0,0,0,0,0,0,0,0,0,0,0,0,0,0,0,1,0,0,0,0,0,0,0,0,0,0,0,0,0,0,0,0,0,0,0,1,0,0,0,0,0,0,0,0,0,0,0,0,0,0,2,0,0,0,0,0,0,0,0,0,0,0,0,0,0,0,0,0,0,0,0,0,0,0,0,0,0,0,0,0,0,0,0,0,0,0,0,0,0,0,0,0,0,0,0,0,0,0,0,0,0,0,0,0,0,0,1,0,0,0,0,0,0,0,0,0,1,0,0,0,0,0,0,0,0,0,0,3,0,0,0,0,0,0,0,0,0,0,0,0,0,0,0,1,0,2,0,1,0,0,0,0,1,0,0,0,0,0,2,0,0,0,0,0,0,0,0,3,4,0,1,0,0,0,0,0,0,0,0,0,0,0,0,0,0,0,0,0,0,0,0,2,0,0,0,0,0,0,0,0,0
STAT,(NULL),MeminfoPost,241,757341,3147,3144,3141,3150,3147,3155,3142,3140,3154,3129,3131,3154,3144,3157,3164,3187,3162,3140,3131,3138,3140,3131,3155,3142,3152,3154,3145,3150,3145,3153,3125,3137,3140,3136,3155,3157,3135,3138,3130,3139,3144,3141,3130,3159,3157,3142,3155,3140,3137,3142,3133,3155,3134,3158,3148,3194,3163,3157,3129,3143,3135,3139,3140,3150,3148,3148,3164,3126,3158,3147,3139,3133,3134,3142,3153,3140,3160,3131,3131,3136,3142,3141,3150,3144,3138,3147,3167,3157,3134,3144,3145,3152,3145,3136,3146,3144,3134,3139,3135,3134,3152,3131,3125,3139,3143,3148,3154,3140,3138,3142,3133,3138,3133,3129,3136,3128,3144,3129,3152,3167,3163,3144,3131,3134,3135,3137,3163,3137,3129,3125,3125,3135,3144,3146,3150,3146,3155,3149,3140,3143,3135,3132,3150,3132,3137,3136,3139,3126,3135,3128,3135,3130,3131,3155,3132,3128,3143,3153,3170,3162,3157,3154,3135,3137,3135,3153,3138,3128,3126,3132,3144,3143,3151,3150,3152,3134,3140,3134,3144,3135,3137,3140,3130,3123,3138,3126,3151,3132,3127,3149,3159,3164,3162,3161,3149,3142,3131,3140,3127,3133,3143,3149,3158,3167,3155,3149,3160,3164,3139,3127,3140,3157,3127,3138,3141,3140,3130,3126,3126,3138,3136,3126,3168,3130,3126,3125,3142,3128,3129,3145,3136,3137,3131,3140,3145,3143,3142,3145,3142,3141,3141
STAT,(NULL),MeminfoPre,241,189304,790,787,784,793,790,798,785,783,797,772,774,797,787,800,807,830,805,783,774,781,783,774,798,785,795,797,788,793,788,796,768,780,783,779,798,800,778,781,773,782,787,784,773,802,800,785,798,783,780,785,776,798,777,801,791,837,806,800,772,786,778,782,783,793,791,791,807,769,801,790,782,776,777,785,796,783,803,774,774,779,785,784,793,787,781,790,810,800,777,787,788,795,788,779,789,787,777,782,778,777,795,774,768,782,786,791,797,783,781,785,776,781,776,772,779,771,787,772,795,810,806,787,774,777,778,780,806,780,772,768,768,778,787,789,793,789,798,792,783,786,778,775,793,775,780,779,782,769,778,771,778,773,774,798,775,771,786,796,813,805,800,797,778,780,778,796,781,771,769,775,787,786,794,793,795,777,783,777,787,778,780,783,773,766,781,769,794,775,770,792,802,807,805,804,792,785,774,783,770,776,786,792,801,810,798,792,803,807,782,770,783,800,770,781,784,783,773,769,769,781,779,769,811,773,769,768,785,771,772,788,779,780,774,783,788,786,785,788,785,784,784
STAT,(NULL),Partition,241,379,379,0,0,0,0,0,0,0,0,0,0,0,0,0,0,0,0,0,0,0,0,0,0,0,0,0,0,0,0,0,0,0,0,0,0,0,0,0,0,0,0,0,0,0,0,0,0,0,0,0,0,0,0,0,0,0,0,0,0,0,0,0,0,0,0,0,0,0,0,0,0,0,0,0,0,0,0,0,0,0,0,0,0,0,0,0,0,0,0,0,0,0,0,0,0,0,0,0,0,0,0,0,0,0,0,0,0,0,0,0,0,0,0,0,0,0,0,0,0,0,0,0,0,0,0,0,0,0,0,0,0,0,0,0,0,0,0,0,0,0,0,0,0,0,0,0,0,0,0,0,0,0,0,0,0,0,0,0,0,0,0,0,0,0,0,0,0,0,0,0,0,0,0,0,0,0,0,0,0,0,0,0,0,0,0,0,0,0,0,0,0,0,0,0,0,0,0,0,0,0,0,0,0,0,0,0,0,0,0,0,0,0,0,0,0,0,0,0,0,0,0,0,0,0,0,0,0,0,0,0,0,0,0,0,0,0,0,0,0,0,0
STAT,(NULL),Refine,241,3358,3358,0,0,0,0,0,0,0,0,0,0,0,0,0,0,0,0,0,0,0,0,0,0,0,0,0,0,0,0,0,0,0,0,0,0,0,0,0,0,0,0,0,0,0,0,0,0,0,0,0,0,0,0,0,0,0,0,0,0,0,0,0,0,0,0,0,0,0,0,0,0,0,0,0,0,0,0,0,0,0,0,0,0,0,0,0,0,0,0,0,0,0,0,0,0,0,0,0,0,0,0,0,0,0,0,0,0,0,0,0,0,0,0,0,0,0,0,0,0,0,0,0,0,0,0,0,0,0,0,0,0,0,0,0,0,0,0,0,0,0,0,0,0,0,0,0,0,0,0,0,0,0,0,0,0,0,0,0,0,0,0,0,0,0,0,0,0,0,0,0,0,0,0,0,0,0,0,0,0,0,0,0,0,0,0,0,0,0,0,0,0,0,0,0,0,0,0,0,0,0,0,0,0,0,0,0,0,0,0,0,0,0,0,0,0,0,0,0,0,0,0,0,0,0,0,0,0,0,0,0,0,0,0,0,0,0,0,0,0,0,0
STAT,(NULL),Threads,241,241,241,0,0,0,0,0,0,0,0,0,0,0,0,0,0,0,0,0,0,0,0,0,0,0,0,0,0,0,0,0,0,0,0,0,0,0,0,0,0,0,0,0,0,0,0,0,0,0,0,0,0,0,0,0,0,0,0,0,0,0,0,0,0,0,0,0,0,0,0,0,0,0,0,0,0,0,0,0,0,0,0,0,0,0,0,0,0,0,0,0,0,0,0,0,0,0,0,0,0,0,0,0,0,0,0,0,0,0,0,0,0,0,0,0,0,0,0,0,0,0,0,0,0,0,0,0,0,0,0,0,0,0,0,0,0,0,0,0,0,0,0,0,0,0,0,0,0,0,0,0,0,0,0,0,0,0,0,0,0,0,0,0,0,0,0,0,0,0,0,0,0,0,0,0,0,0,0,0,0,0,0,0,0,0,0,0,0,0,0,0,0,0,0,0,0,0,0,0,0,0,0,0,0,0,0,0,0,0,0,0,0,0,0,0,0,0,0,0,0,0,0,0,0,0,0,0,0,0,0,0,0,0,0,0,0,0,0,0,0,0,0
STAT,(NULL),Time,241,9149,9149,0,0,0,0,0,0,0,0,0,0,0,0,0,0,0,0,0,0,0,0,0,0,0,0,0,0,0,0,0,0,0,0,0,0,0,0,0,0,0,0,0,0,0,0,0,0,0,0,0,0,0,0,0,0,0,0,0,0,0,0,0,0,0,0,0,0,0,0,0,0,0,0,0,0,0,0,0,0,0,0,0,0,0,0,0,0,0,0,0,0,0,0,0,0,0,0,0,0,0,0,0,0,0,0,0,0,0,0,0,0,0,0,0,0,0,0,0,0,0,0,0,0,0,0,0,0,0,0,0,0,0,0,0,0,0,0,0,0,0,0,0,0,0,0,0,0,0,0,0,0,0,0,0,0,0,0,0,0,0,0,0,0,0,0,0,0,0,0,0,0,0,0,0,0,0,0,0,0,0,0,0,0,0,0,0,0,0,0,0,0,0,0,0,0,0,0,0,0,0,0,0,0,0,0,0,0,0,0,0,0,0,0,0,0,0,0,0,0,0,0,0,0,0,0,0,0,0,0,0,0,0,0,0,0,0,0,0,0,0,0
STAT,match,Conflicts,241,6370,48,37,45,36,39,34,42,40,38,41,39,32,39,40,35,34,38,39,43,36,36,39,32,36,40,37,43,37,37,34,42,25,32,32,36,26,31,37,37,32,33,32,29,30,30,32,25,34,25,35,30,37,33,37,31,30,36,33,33,28,38,19,22,26,21,27,26,26,24,32,26,22,24,24,27,17,30,26,23,27,23,18,22,22,24,22,27,21,22,25,20,27,21,26,23,24,25,24,28,22,28,22,21,24,18,17,19,22,32,22,20,27,25,25,21,27,26,26,26,24,21,27,29,17,26,20,28,22,28,18,22,20,25,17,27,23,21,23,19,27,30,26,22,27,23,20,17,25,21,22,27,23,26,26,28,26,25,18,17,22,31,21,23,21,25,26,25,24,26,24,27,28,25,28,23,25,24,22,25,27,22,23,27,29,22,25,15,31,22,27,21,19,20,20,21,19,27,22,21,24,27,20,28,23,23,20,14,23,20,22,25,28,24,18,20,22,24,27,14,22,25,22,19,19,22,22,23,20,27,25,25,24,22,19,28,21,24,27,20,30,20
STAT,match,Iterations,241,15058597,49223,46244,63453,45223,55032,49909,76918,49314,58843,34040,44586,51925,54845,75312,52979,54355,39306,62466,54777,54510,61232,35601,45469,35147,52134,46875,52854,40927,51679,55732,47709,52546,50766,58296,50700,37531,51297,46661,44588,64846,47816,50589,58016,65094,43794,48355,67647,62573,60680,50661,47565,42574,47933,67728,74091,54213,55351,41131,60952,35394,60160,76469,46271,68538,50158,61740,55937,52785,77287,67491,80994,72911,53120,61312,75386,87428,67305,53993,81035,63120,73324,69346,81323,60005,68578,85059,61304,50694,69146,65017,65063,75693,60306,60812,65586,74390,59375,56872,82119,73244,70231,57295,54943,61102,71022,57478,78042,66595,50555,57285,67612,85528,56764,74002,75943,80118,68834,69501,54637,69090,79030,83944,64816,53317,70573,53213,84290,48828,67940,55676,61137,64779,60782,47960,49951,61694,62738,55617,48850,65962,55719,69117,55038,52636,75287,49649,57952,73757,82748,60391,69740,67371,65750,45537,96304,51881,77349,69946,59844,65481,50946,59809,56215,76748,70539,60190,67819,58562,84244,75414,48495,61030,71561,77286,53297,70412,46576,60289,77837,65430,57710,61381,74230,66535,73867,78181,77547,67002,70227,71732,52978,79535,52233,71631,82497,89287,52975,46700,65600,76460,53929,79966,59722,42440,68742,78003,76596,56037,63671,66945,70682,65427,64960,73222,64119,62593,58007,56009,76561,58924,79606,66610,55862,91886,62739,63090,56966,54780,65280,45086,66149,60744,62266,75578,84946,77805,63075,70571,74006,64051,82065
STAT,popedge,Conflicts,241,0,0,0,0,0,0,0,0,0,0,0,0,0,0,0,0,0,0,0,0,0,0,0,0,0,0,0,0,0,0,0,0,0,0,0,0,0,0,0,0,0,0,0,0,0,0,0,0,0,0,0,0,0,0,0,0,0,0,0,0,0,0,0,0,0,0,0,0,0,0,0,0,0,0,0,0,0,0,0,0,0,0,0,0,0,0,0,0,0,0,0,0,0,0,0,0,0,0,0,0,0,0,0,0,0,0,0,0,0,0,0,0,0,0,0,0,0,0,0,0,0,0,0,0,0,0,0,0,0,0,0,0,0,0,0,0,0,0,0,0,0,0,0,0,0,0,0,0,0,0,0,0,0,0,0,0,0,0,0,0,0,0,0,0,0,0,0,0,0,0,0,0,0,0,0,0,0,0,0,0,0,0,0,0,0,0,0,0,0,0,0,0,0,0,0,0,0,0,0,0,0,0,0,0,0,0,0,0,0,0,0,0,0,0,0,0,0,0,0,0,0,0,0,0,0,0,0,0,0,0,0,0,0,0,0,0,0,0,0,0,0,0
STAT,popedge,Iterations,241,7375411,28853,31662,30324,28233,30305,29110,28578,29635,30331,29733,28930,29959,29893,30690,29225,30698,29694,30599,30647,31059,28752,29861,29349,31105,29053,28936,29956,28645,30668,29495,29439,29459,30240,29439,30643,30061,30558,31728,30781,31047,32350,29836,30311,28787,29366,30204,29827,28597,29376,30456,31030,28793,30402,29576,28382,30749,28618,29364,33392,35439,34145,30343,29789,30494,29715,29283,28973,30162,27881,31045,28380,29943,29370,30331,30748,31102,30572,30788,30184,29881,31005,30091,31380,32078,28918,34071,29187,30152,29345,30535,29730,31980,28958,29811,30165,31014,29809,29997,30271,30564,30461,31659,31301,31411,32822,29384,30733,30053,30884,31050,31128,31703,31340,28979,29770,29517,32070,31371,29839,33238,36596,35936,30239,29369,30520,30709,31951,30660,30753,30229,30637,29926,30125,30663,30586,31908,28830,30988,29947,30385,31373,30368,31415,30428,30333,31004,30141,28181,33423,29638,31585,29864,29615,29761,31795,31988,30010,28636,32205,32021,31453,31113,31343,31496,29911,29825,30262,30390,32470,29897,29927,31561,30878,31309,30841,30830,30339,31824,30939,28552,35315,34098,33610,29641,29315,30582,29616,30874,28396,32495,30443,30467,28605,30764,31257,30330,31196,29922,30611,30725,31326,29244,30631,29681,30785,30248,30388,30981,31562,30736,31664,31545,30781,31220,30414,33032,30251,32169,32072,30683,30305,29320,31269,31113,29669,31566,29253,30394,32632,31849,31693,32667,30420,32429,30335,32540,31286,31951,30344,31433,32236
STAT,refine,Conflicts,241,6710,113,114,118,105,96,107,102,93,89,92,90,90,83,93,88,78,70,75,65,62,64,73,60,76,66,68,66,67,75,61,57,28,31,43,43,30,31,32,34,41,41,44,43,36,34,38,48,52,39,40,42,48,44,59,53,42,45,48,41,41,37,20,16,17,11,22,18,18,8,14,17,12,8,14,18,15,9,18,17,13,19,13,25,11,15,20,14,8,18,26,15,13,6,12,19,15,16,8,11,12,19,15,17,24,28,21,14,17,26,15,21,18,20,14,18,20,19,18,18,19,19,20,16,12,14,18,21,9,15,15,17,14,10,10,16,23,26,30,13,23,11,11,11,12,10,16,17,11,23,15,12,13,13,18,13,16,17,21,14,21,11,14,18,13,21,16,21,18,26,17,21,24,13,22,11,19,18,18,9,12,22,20,21,18,14,19,13,32,10,21,15,12,7,11,13,15,11,20,16,8,26,25,12,14,12,25,14,13,19,17,15,10,11,23,14,12,12,20,14,17,17,11,15,9,11,10,13,15,10,17,14,21,13,19,13,24,27,26,17,20,21
STAT,refine,Iterations,241,38471,342,339,364,272,402,292,329,300,287,242,211,235,283,297,338,261,233,368,293,178,162,232,210,290,225,248,200,248,218,155,202,88,130,122,141,107,114,149,160,187,151,147,176,150,126,136,211,235,138,186,196,237,167,231,283,197,161,210,205,120,147,136,95,140,160,193,83,111,113,158,111,104,63,136,181,192,117,152,195,139,137,73,147,134,160,158,176,122,156,135,133,113,64,83,107,164,122,62,137,131,209,110,109,154,150,155,129,154,191,209,198,222,257,250,146,194,192,128,139,166,234,177,123,90,125,112,245,117,129,100,112,151,107,60,113,196,203,180,125,195,175,176,66,90,142,115,112,170,197,161,95,80,137,92,120,115,144,85,93,145,119,117,96,75,141,185,159,96,175,180,138,134,152,208,139,129,199,215,136,196,128,196,182,192,111,124,164,176,85,154,117,129,121,89,117,139,109,131,133,131,213,180,93,80,95,102,128,78,191,130,134,78,84,199,78,86,66,132,88,99,113,107,98,106,107,92,128,114,121,123,170,114,146,198,258,194,188,288,240,145,147
