Hello from MIC
Galois Benchmark Suite v2.2.0 (r0)
Copyright (C) 2013 The University of Texas at Austin
http://iss.ices.utexas.edu/galois/

application: GMetis
Partitions a graph into K parts and minimizing the graph cut
http://iss.ices.utexas.edu/?p=projects/galois/benchmarks/gMetis

INFO: CommandLine /work/02556/dpereira/MIC/apps/gmetis/gmetis -t=168 /work/02556/dpereira/Inputs/USA-road-d.W.gr 16
INFO: Hostname c558-002-mic0.stampede.tacc.utexas.edu
Created Graph with 6262104 nodes and 15248146 edges
Nodes 6262104| Edges 15248146 7624073

  Starting coarsening: 
Time coarsen:  3236 Size of final graph: 444

  Sarting initial partitioning using GGGP:
Size in decade percentages:  -0,15 1,1
Time clustering:  372

  Sarting refinnement with BKL2
Initial dist
Size in decade percentages:  -0,15 1,1
Refined dist
Size in decade percentages:  -1,7 -0,1 1,8
Time refinement:  1952


Time:  5739
Total edge cut : 2264

Part saved in : 0x7fffcd2aede0
STATTYPE,LOOP,CATEGORY,n,sum,T0,T1,T2,T3,T4,T5,T6,T7,T8,T9,T10,T11,T12,T13,T14,T15,T16,T17,T18,T19,T20,T21,T22,T23,T24,T25,T26,T27,T28,T29,T30,T31,T32,T33,T34,T35,T36,T37,T38,T39,T40,T41,T42,T43,T44,T45,T46,T47,T48,T49,T50,T51,T52,T53,T54,T55,T56,T57,T58,T59,T60,T61,T62,T63,T64,T65,T66,T67,T68,T69,T70,T71,T72,T73,T74,T75,T76,T77,T78,T79,T80,T81,T82,T83,T84,T85,T86,T87,T88,T89,T90,T91,T92,T93,T94,T95,T96,T97,T98,T99,T100,T101,T102,T103,T104,T105,T106,T107,T108,T109,T110,T111,T112,T113,T114,T115,T116,T117,T118,T119,T120,T121,T122,T123,T124,T125,T126,T127,T128,T129,T130,T131,T132,T133,T134,T135,T136,T137,T138,T139,T140,T141,T142,T143,T144,T145,T146,T147,T148,T149,T150,T151,T152,T153,T154,T155,T156,T157,T158,T159,T160,T161,T162,T163,T164,T165,T166,T167
STAT,(NULL),Coarsen,168,3236,3236,0,0,0,0,0,0,0,0,0,0,0,0,0,0,0,0,0,0,0,0,0,0,0,0,0,0,0,0,0,0,0,0,0,0,0,0,0,0,0,0,0,0,0,0,0,0,0,0,0,0,0,0,0,0,0,0,0,0,0,0,0,0,0,0,0,0,0,0,0,0,0,0,0,0,0,0,0,0,0,0,0,0,0,0,0,0,0,0,0,0,0,0,0,0,0,0,0,0,0,0,0,0,0,0,0,0,0,0,0,0,0,0,0,0,0,0,0,0,0,0,0,0,0,0,0,0,0,0,0,0,0,0,0,0,0,0,0,0,0,0,0,0,0,0,0,0,0,0,0,0,0,0,0,0,0,0,0,0,0,0,0,0,0,0,0,0,0
STAT,(NULL),Conflicts,168,0,0,0,0,0,0,0,0,0,0,0,0,0,0,0,0,0,0,0,0,0,0,0,0,0,0,0,0,0,0,0,0,0,0,0,0,0,0,0,0,0,0,0,0,0,0,0,0,0,0,0,0,0,0,0,0,0,0,0,0,0,0,0,0,0,0,0,0,0,0,0,0,0,0,0,0,0,0,0,0,0,0,0,0,0,0,0,0,0,0,0,0,0,0,0,0,0,0,0,0,0,0,0,0,0,0,0,0,0,0,0,0,0,0,0,0,0,0,0,0,0,0,0,0,0,0,0,0,0,0,0,0,0,0,0,0,0,0,0,0,0,0,0,0,0,0,0,0,0,0,0,0,0,0,0,0,0,0,0,0,0,0,0,0,0,0,0,0,0
STAT,(NULL),Iterations,168,31,5,0,0,0,0,0,0,0,0,0,0,0,0,0,0,0,0,0,0,0,0,0,1,0,0,0,0,0,2,1,0,0,0,0,0,0,0,0,0,0,0,0,0,0,0,0,0,2,0,0,0,0,1,0,0,0,0,0,0,0,3,0,0,0,0,0,0,0,0,0,0,0,0,0,0,0,0,0,1,0,0,0,0,0,1,0,0,0,0,0,0,0,1,0,0,0,0,0,0,0,0,0,0,0,0,0,0,0,0,0,0,0,0,0,0,0,0,0,0,0,0,0,4,0,0,0,1,0,2,0,1,0,0,0,0,0,0,0,0,0,0,0,0,0,0,2,0,0,0,0,0,0,0,0,0,0,0,0,0,0,3,0,0,0,0,0,0,0
STAT,(NULL),MeminfoPost,168,756647,4509,4499,4516,4515,4508,4500,4505,4505,4501,4521,4563,4527,4492,4501,4496,4508,4505,4524,4509,4512,4510,4488,4499,4503,4526,4491,4495,4494,4503,4496,4521,4516,4511,4496,4504,4501,4508,4525,4551,4544,4494,4498,4497,4502,4506,4517,4517,4512,4514,4488,4494,4503,4512,4510,4493,4496,4497,4519,4501,4507,4539,4498,4504,4513,4505,4505,4504,4498,4491,4506,4494,4480,4504,4513,4510,4497,4501,4494,4490,4488,4495,4493,4510,4535,4516,4492,4495,4495,4519,4489,4478,4486,4509,4509,4516,4519,4502,4505,4485,4505,4494,4498,4490,4483,4486,4491,4513,4488,4482,4519,4537,4526,4525,4492,4493,4515,4487,4478,4499,4506,4518,4514,4497,4492,4501,4495,4496,4483,4495,4483,4508,4484,4525,4533,4536,4513,4497,4498,4485,4496,4511,4541,4521,4525,4527,4493,4494,4505,4501,4494,4501,4482,4488,4489,4514,4492,4481,4484,4491,4478,4516,4488,4502,4507,4502,4506,4494,4507
STAT,(NULL),MeminfoPre,168,189143,1131,1121,1138,1137,1130,1122,1127,1127,1123,1143,1185,1149,1114,1123,1118,1130,1127,1146,1131,1134,1132,1110,1121,1125,1148,1113,1117,1116,1125,1118,1143,1138,1133,1118,1126,1123,1130,1147,1173,1166,1116,1120,1119,1124,1128,1139,1139,1134,1136,1110,1116,1125,1134,1132,1115,1118,1119,1141,1123,1129,1161,1120,1126,1135,1127,1127,1126,1120,1113,1128,1116,1102,1126,1135,1132,1119,1123,1116,1112,1110,1117,1115,1132,1157,1138,1114,1117,1117,1141,1111,1100,1108,1131,1131,1138,1141,1124,1127,1107,1127,1116,1120,1112,1105,1108,1113,1135,1110,1104,1141,1159,1148,1147,1114,1115,1137,1109,1100,1121,1128,1140,1136,1119,1114,1123,1117,1118,1105,1117,1105,1130,1106,1147,1155,1158,1135,1119,1120,1107,1118,1133,1163,1143,1147,1149,1115,1116,1127,1123,1116,1123,1104,1110,1111,1136,1114,1103,1106,1113,1100,1138,1110,1124,1129,1124,1128,1116,1129
STAT,(NULL),Partition,168,372,372,0,0,0,0,0,0,0,0,0,0,0,0,0,0,0,0,0,0,0,0,0,0,0,0,0,0,0,0,0,0,0,0,0,0,0,0,0,0,0,0,0,0,0,0,0,0,0,0,0,0,0,0,0,0,0,0,0,0,0,0,0,0,0,0,0,0,0,0,0,0,0,0,0,0,0,0,0,0,0,0,0,0,0,0,0,0,0,0,0,0,0,0,0,0,0,0,0,0,0,0,0,0,0,0,0,0,0,0,0,0,0,0,0,0,0,0,0,0,0,0,0,0,0,0,0,0,0,0,0,0,0,0,0,0,0,0,0,0,0,0,0,0,0,0,0,0,0,0,0,0,0,0,0,0,0,0,0,0,0,0,0,0,0,0,0,0,0
STAT,(NULL),Refine,168,1952,1952,0,0,0,0,0,0,0,0,0,0,0,0,0,0,0,0,0,0,0,0,0,0,0,0,0,0,0,0,0,0,0,0,0,0,0,0,0,0,0,0,0,0,0,0,0,0,0,0,0,0,0,0,0,0,0,0,0,0,0,0,0,0,0,0,0,0,0,0,0,0,0,0,0,0,0,0,0,0,0,0,0,0,0,0,0,0,0,0,0,0,0,0,0,0,0,0,0,0,0,0,0,0,0,0,0,0,0,0,0,0,0,0,0,0,0,0,0,0,0,0,0,0,0,0,0,0,0,0,0,0,0,0,0,0,0,0,0,0,0,0,0,0,0,0,0,0,0,0,0,0,0,0,0,0,0,0,0,0,0,0,0,0,0,0,0,0,0
STAT,(NULL),Threads,168,168,168,0,0,0,0,0,0,0,0,0,0,0,0,0,0,0,0,0,0,0,0,0,0,0,0,0,0,0,0,0,0,0,0,0,0,0,0,0,0,0,0,0,0,0,0,0,0,0,0,0,0,0,0,0,0,0,0,0,0,0,0,0,0,0,0,0,0,0,0,0,0,0,0,0,0,0,0,0,0,0,0,0,0,0,0,0,0,0,0,0,0,0,0,0,0,0,0,0,0,0,0,0,0,0,0,0,0,0,0,0,0,0,0,0,0,0,0,0,0,0,0,0,0,0,0,0,0,0,0,0,0,0,0,0,0,0,0,0,0,0,0,0,0,0,0,0,0,0,0,0,0,0,0,0,0,0,0,0,0,0,0,0,0,0,0,0,0,0
STAT,(NULL),Time,168,5739,5739,0,0,0,0,0,0,0,0,0,0,0,0,0,0,0,0,0,0,0,0,0,0,0,0,0,0,0,0,0,0,0,0,0,0,0,0,0,0,0,0,0,0,0,0,0,0,0,0,0,0,0,0,0,0,0,0,0,0,0,0,0,0,0,0,0,0,0,0,0,0,0,0,0,0,0,0,0,0,0,0,0,0,0,0,0,0,0,0,0,0,0,0,0,0,0,0,0,0,0,0,0,0,0,0,0,0,0,0,0,0,0,0,0,0,0,0,0,0,0,0,0,0,0,0,0,0,0,0,0,0,0,0,0,0,0,0,0,0,0,0,0,0,0,0,0,0,0,0,0,0,0,0,0,0,0,0,0,0,0,0,0,0,0,0,0,0,0
STAT,match,Conflicts,168,6475,73,69,68,63,64,60,59,49,54,58,59,50,48,47,56,62,63,43,54,54,57,58,51,55,45,51,49,46,51,50,46,53,43,48,37,46,42,47,44,42,41,39,44,44,43,35,48,44,44,50,48,46,37,41,46,49,49,49,41,43,46,32,26,32,30,34,30,31,32,26,27,36,24,35,23,25,39,25,26,30,32,38,38,33,34,27,34,27,30,29,37,35,29,31,35,33,28,29,34,28,28,41,29,38,28,24,32,41,42,38,30,39,41,29,42,39,33,39,35,27,26,42,33,31,36,27,32,29,25,26,26,34,25,30,34,29,32,29,37,30,36,30,36,49,32,32,39,32,29,29,30,34,41,36,30,25,29,36,31,35,33,33,33,34,29,21,37,31
STAT,match,Iterations,168,15027288,55183,47763,66535,54952,71616,63007,65673,69267,73759,50761,77832,73902,66853,80009,80419,66269,69201,79294,71419,65779,97031,88784,70329,72505,92320,67809,59954,67469,72006,77435,70200,65225,66473,63550,86692,96788,69532,67983,65451,93049,67474,89993,55862,62433,81766,83555,102656,110703,91350,94554,91661,102612,101484,98260,67825,98114,92240,90958,83385,83338,102852,107039,83914,103087,99203,106311,83155,104473,98563,99927,99057,86218,82885,91698,107353,111533,78775,114379,88295,109790,97809,91132,97258,70520,103050,111457,81028,89163,94293,102912,98756,94735,95373,76635,90571,78528,105325,75506,99876,84760,82124,97124,110704,84431,102164,85615,89720,104359,100037,93754,121383,111110,100243,134160,101738,113258,119405,98194,111235,119818,123440,105933,92230,89511,73933,92715,93138,102635,101480,88678,100231,101110,100605,97855,81137,73814,99584,117587,80307,90800,98538,93888,97274,95568,96712,95342,75780,84172,96545,107535,111479,104746,91305,88511,91515,85540,106988,79407,89157,84211,85503,84233,96773,91128,114550,101591,92469,92034
STAT,popedge,Conflicts,168,0,0,0,0,0,0,0,0,0,0,0,0,0,0,0,0,0,0,0,0,0,0,0,0,0,0,0,0,0,0,0,0,0,0,0,0,0,0,0,0,0,0,0,0,0,0,0,0,0,0,0,0,0,0,0,0,0,0,0,0,0,0,0,0,0,0,0,0,0,0,0,0,0,0,0,0,0,0,0,0,0,0,0,0,0,0,0,0,0,0,0,0,0,0,0,0,0,0,0,0,0,0,0,0,0,0,0,0,0,0,0,0,0,0,0,0,0,0,0,0,0,0,0,0,0,0,0,0,0,0,0,0,0,0,0,0,0,0,0,0,0,0,0,0,0,0,0,0,0,0,0,0,0,0,0,0,0,0,0,0,0,0,0,0,0,0,0,0,0
STAT,popedge,Iterations,168,7363317,41727,42263,39915,40897,40128,42719,39909,42754,41118,42304,42118,40948,41847,41365,40436,42211,42101,40645,41631,44051,41328,41802,42592,42807,43183,43633,44965,45661,45385,44831,43288,42953,42272,42368,44140,43764,42888,43452,43083,42350,43700,42964,43887,41970,43069,41458,48086,49889,44124,50151,49848,50232,50090,49817,49982,50783,48392,50610,47757,47072,46408,40292,38577,40594,38958,40592,40053,40278,40016,40154,41789,40767,40708,39877,39613,41439,40562,42379,40636,43077,42658,42812,42282,44009,41075,43843,43956,44876,42880,42688,44030,43539,43070,46156,41219,44198,45212,43655,41033,41777,45649,43823,42584,44681,41979,42806,44806,48530,51474,46735,50057,51103,50254,51564,50346,49058,52083,49064,48969,51590,51759,49942,40031,40022,40313,39722,40630,41536,42782,40031,40072,40779,41434,40212,40470,41470,42603,39916,45359,42878,42270,43866,45027,42502,43434,44740,48144,45177,45992,43342,43681,43916,44423,45068,43212,42558,45659,45854,44156,44388,44216,44882,44610,43317,43700,45715,42765,44137
STAT,refine,Conflicts,168,6236,138,124,124,125,117,111,113,112,85,91,95,99,86,106,94,76,75,80,78,72,69,76,66,67,69,64,69,64,65,53,56,42,42,44,58,60,58,41,30,38,33,55,34,55,37,39,39,33,46,32,49,46,44,35,34,40,39,35,38,38,36,31,15,28,14,29,11,14,19,13,13,16,23,17,28,18,27,30,21,20,21,19,17,22,19,10,19,23,17,18,24,29,28,21,26,27,22,24,15,14,24,19,18,20,26,25,20,23,25,31,35,33,31,35,27,28,29,24,26,20,30,31,28,10,20,7,19,16,23,19,15,13,24,20,19,24,20,25,14,20,15,24,17,19,21,17,17,10,14,16,25,15,19,12,19,16,24,29,32,22,12,13,19,23,24,30,29,16
STAT,refine,Iterations,168,46892,455,367,520,373,472,452,424,418,335,270,323,371,289,385,400,343,364,365,239,247,309,266,222,349,268,198,223,309,307,258,304,212,275,240,255,328,221,249,161,262,266,303,245,302,291,327,267,211,250,246,350,331,483,249,299,312,290,308,374,257,382,306,197,338,156,358,201,271,227,235,209,173,187,313,261,300,307,385,305,248,271,228,208,223,294,169,168,246,202,265,238,242,145,281,294,241,389,185,221,194,289,286,226,256,275,320,284,271,269,240,351,413,357,463,264,385,324,227,349,446,470,449,268,184,310,158,343,266,308,158,297,215,225,238,247,272,250,286,335,219,219,229,288,242,224,211,178,125,174,182,294,157,303,156,216,241,216,355,232,236,163,190,297,182,291,318,326,202
