Hello from MIC
Galois Benchmark Suite v2.2.0 (r0)
Copyright (C) 2013 The University of Texas at Austin
http://iss.ices.utexas.edu/galois/

application: GMetis
Partitions a graph into K parts and minimizing the graph cut
http://iss.ices.utexas.edu/?p=projects/galois/benchmarks/gMetis

INFO: CommandLine /work/02556/dpereira/MIC/apps/gmetis/gmetis -t=116 /work/02556/dpereira/Inputs/USA-road-d.W.gr 16
INFO: Hostname c558-001-mic0.stampede.tacc.utexas.edu
Created Graph with 6262104 nodes and 15248146 edges
Nodes 6262104| Edges 15248146 7624073

  Starting coarsening: 
Time coarsen:  2490 Size of final graph: 435

  Sarting initial partitioning using GGGP:
Size in decade percentages:  -1,1 -0,14 1,1
Time clustering:  365

  Sarting refinnement with BKL2
Initial dist
Size in decade percentages:  -1,1 -0,14 1,1
Refined dist
Size in decade percentages:  -1,5 0,7 1,4
Time refinement:  1394


Time:  4426
Total edge cut : 2005

Part saved in : 0x7fff4501ff60
STATTYPE,LOOP,CATEGORY,n,sum,T0,T1,T2,T3,T4,T5,T6,T7,T8,T9,T10,T11,T12,T13,T14,T15,T16,T17,T18,T19,T20,T21,T22,T23,T24,T25,T26,T27,T28,T29,T30,T31,T32,T33,T34,T35,T36,T37,T38,T39,T40,T41,T42,T43,T44,T45,T46,T47,T48,T49,T50,T51,T52,T53,T54,T55,T56,T57,T58,T59,T60,T61,T62,T63,T64,T65,T66,T67,T68,T69,T70,T71,T72,T73,T74,T75,T76,T77,T78,T79,T80,T81,T82,T83,T84,T85,T86,T87,T88,T89,T90,T91,T92,T93,T94,T95,T96,T97,T98,T99,T100,T101,T102,T103,T104,T105,T106,T107,T108,T109,T110,T111,T112,T113,T114,T115
STAT,(NULL),Coarsen,116,2490,2490,0,0,0,0,0,0,0,0,0,0,0,0,0,0,0,0,0,0,0,0,0,0,0,0,0,0,0,0,0,0,0,0,0,0,0,0,0,0,0,0,0,0,0,0,0,0,0,0,0,0,0,0,0,0,0,0,0,0,0,0,0,0,0,0,0,0,0,0,0,0,0,0,0,0,0,0,0,0,0,0,0,0,0,0,0,0,0,0,0,0,0,0,0,0,0,0,0,0,0,0,0,0,0,0,0,0,0,0,0,0,0,0,0,0,0
STAT,(NULL),Conflicts,116,0,0,0,0,0,0,0,0,0,0,0,0,0,0,0,0,0,0,0,0,0,0,0,0,0,0,0,0,0,0,0,0,0,0,0,0,0,0,0,0,0,0,0,0,0,0,0,0,0,0,0,0,0,0,0,0,0,0,0,0,0,0,0,0,0,0,0,0,0,0,0,0,0,0,0,0,0,0,0,0,0,0,0,0,0,0,0,0,0,0,0,0,0,0,0,0,0,0,0,0,0,0,0,0,0,0,0,0,0,0,0,0,0,0,0,0,0
STAT,(NULL),Iterations,116,31,5,0,0,0,0,0,0,0,0,0,0,0,0,0,3,0,3,0,0,0,0,0,0,0,0,2,0,0,0,0,0,0,2,0,0,0,0,0,0,0,0,0,0,0,0,0,0,0,0,0,0,3,0,0,0,0,0,1,3,1,0,0,0,0,0,0,0,0,0,0,0,0,0,0,0,0,0,0,0,0,1,0,4,0,1,0,0,0,0,0,0,0,0,0,0,0,0,0,0,2,0,0,0,0,0,0,0,0,0,0,0,0,0,0,0,0
STAT,(NULL),MeminfoPost,116,756457,6524,6529,6538,6514,6523,6520,6539,6595,6522,6515,6518,6532,6537,6533,6512,6510,6529,6525,6507,6521,6521,6537,6531,6523,6521,6528,6585,6549,6507,6505,6532,6539,6537,6527,6505,6516,6541,6502,6513,6531,6514,6562,6517,6533,6520,6527,6510,6504,6520,6496,6528,6530,6516,6507,6495,6514,6503,6560,6530,6503,6527,6508,6489,6512,6534,6534,6526,6509,6519,6508,6508,6493,6505,6515,6498,6528,6568,6549,6504,6530,6494,6500,6530,6535,6518,6514,6504,6502,6500,6514,6493,6554,6561,6540,6507,6503,6512,6560,6547,6559,6508,6531,6503,6517,6492,6498,6524,6503,6482,6503,6523,6500,6516,6523,6523,6518
STAT,(NULL),MeminfoPre,116,189101,1633,1638,1647,1623,1632,1629,1648,1704,1631,1624,1627,1641,1646,1642,1621,1619,1638,1634,1616,1630,1630,1646,1640,1632,1630,1637,1694,1658,1616,1614,1641,1648,1646,1636,1614,1625,1650,1611,1622,1640,1623,1671,1626,1642,1629,1636,1619,1613,1629,1605,1637,1639,1625,1616,1604,1623,1612,1669,1639,1612,1636,1617,1598,1621,1643,1643,1635,1618,1628,1617,1617,1602,1614,1624,1607,1637,1677,1658,1613,1639,1603,1609,1639,1644,1627,1623,1613,1611,1609,1623,1602,1663,1670,1649,1616,1612,1621,1669,1656,1668,1617,1640,1612,1626,1601,1607,1633,1612,1591,1612,1632,1609,1625,1632,1632,1627
STAT,(NULL),Partition,116,365,365,0,0,0,0,0,0,0,0,0,0,0,0,0,0,0,0,0,0,0,0,0,0,0,0,0,0,0,0,0,0,0,0,0,0,0,0,0,0,0,0,0,0,0,0,0,0,0,0,0,0,0,0,0,0,0,0,0,0,0,0,0,0,0,0,0,0,0,0,0,0,0,0,0,0,0,0,0,0,0,0,0,0,0,0,0,0,0,0,0,0,0,0,0,0,0,0,0,0,0,0,0,0,0,0,0,0,0,0,0,0,0,0,0,0,0
STAT,(NULL),Refine,116,1394,1394,0,0,0,0,0,0,0,0,0,0,0,0,0,0,0,0,0,0,0,0,0,0,0,0,0,0,0,0,0,0,0,0,0,0,0,0,0,0,0,0,0,0,0,0,0,0,0,0,0,0,0,0,0,0,0,0,0,0,0,0,0,0,0,0,0,0,0,0,0,0,0,0,0,0,0,0,0,0,0,0,0,0,0,0,0,0,0,0,0,0,0,0,0,0,0,0,0,0,0,0,0,0,0,0,0,0,0,0,0,0,0,0,0,0,0
STAT,(NULL),Threads,116,116,116,0,0,0,0,0,0,0,0,0,0,0,0,0,0,0,0,0,0,0,0,0,0,0,0,0,0,0,0,0,0,0,0,0,0,0,0,0,0,0,0,0,0,0,0,0,0,0,0,0,0,0,0,0,0,0,0,0,0,0,0,0,0,0,0,0,0,0,0,0,0,0,0,0,0,0,0,0,0,0,0,0,0,0,0,0,0,0,0,0,0,0,0,0,0,0,0,0,0,0,0,0,0,0,0,0,0,0,0,0,0,0,0,0,0,0
STAT,(NULL),Time,116,4426,4426,0,0,0,0,0,0,0,0,0,0,0,0,0,0,0,0,0,0,0,0,0,0,0,0,0,0,0,0,0,0,0,0,0,0,0,0,0,0,0,0,0,0,0,0,0,0,0,0,0,0,0,0,0,0,0,0,0,0,0,0,0,0,0,0,0,0,0,0,0,0,0,0,0,0,0,0,0,0,0,0,0,0,0,0,0,0,0,0,0,0,0,0,0,0,0,0,0,0,0,0,0,0,0,0,0,0,0,0,0,0,0,0,0,0,0
STAT,match,Conflicts,116,6240,94,88,77,73,86,78,75,92,80,74,75,69,66,68,69,78,72,56,66,62,65,63,61,72,61,70,52,57,71,46,58,44,55,60,52,58,52,67,60,64,57,60,60,58,75,58,50,55,60,68,50,64,55,68,52,45,50,46,48,46,44,43,39,56,35,44,31,36,47,52,54,44,38,37,41,36,49,52,34,43,54,36,32,43,51,47,46,39,47,38,35,41,42,31,37,35,44,43,37,49,57,43,44,43,48,59,44,45,37,49,54,34,47,36,61,46
STAT,match,Iterations,116,14984547,109119,111500,103897,123583,97116,124598,106460,101750,105721,124009,121080,114600,121881,116634,109351,115180,116763,130707,107494,128109,116957,100503,122372,117271,130687,117490,118430,124186,113044,127307,110917,128186,125327,115945,126952,118850,120624,119592,122645,111034,132883,115303,126520,121220,102040,135838,126915,125557,125607,110903,136467,120169,115956,120085,142875,152610,135442,136773,139625,142330,143511,130379,134689,125479,158594,127707,157117,152979,126838,127590,133153,150377,139688,150714,142668,138168,147530,140974,149322,139204,136153,138207,135521,140444,126471,142502,130379,143130,131891,131961,155710,116614,133982,134922,143301,129944,134469,131741,143895,131479,131594,143058,136261,157095,137529,124252,152409,134019,136398,146700,121310,149649,141105,125070,130427,145285
STAT,popedge,Conflicts,116,0,0,0,0,0,0,0,0,0,0,0,0,0,0,0,0,0,0,0,0,0,0,0,0,0,0,0,0,0,0,0,0,0,0,0,0,0,0,0,0,0,0,0,0,0,0,0,0,0,0,0,0,0,0,0,0,0,0,0,0,0,0,0,0,0,0,0,0,0,0,0,0,0,0,0,0,0,0,0,0,0,0,0,0,0,0,0,0,0,0,0,0,0,0,0,0,0,0,0,0,0,0,0,0,0,0,0,0,0,0,0,0,0,0,0,0,0
STAT,popedge,Iterations,116,7339602,64260,64415,62691,62202,66012,63206,61923,59879,62932,63645,63776,62485,58695,62807,65252,62828,62787,63087,66363,63815,62794,63369,60053,63689,62209,62900,60638,60109,65028,63197,61722,58667,59312,64197,61801,61862,65438,63075,66907,62215,59835,59824,59732,62662,63094,60480,63174,62507,63781,64503,61930,64192,61781,65002,62836,68011,69649,68417,72487,72507,71980,62214,66323,64033,62942,61288,62809,59474,59473,65316,61212,62640,63202,59444,66674,61583,63318,61891,61541,63585,61932,63406,62877,62487,61382,60321,61694,58985,61237,62766,61889,62358,61248,59949,60660,61639,61071,65101,65397,66298,64541,58909,66279,61814,61791,64899,63032,64438,69693,64540,67802,65432,67048,66975,67192,62932
STAT,refine,Conflicts,116,5139,132,129,127,127,107,100,124,110,91,84,81,82,99,82,85,77,66,70,64,57,61,51,65,69,76,74,67,64,55,77,50,36,40,37,39,59,51,28,38,40,28,47,46,29,23,52,56,24,46,43,50,51,59,49,42,25,27,32,29,27,37,23,20,22,28,24,26,28,22,26,18,34,23,39,21,27,25,28,22,27,22,28,15,28,22,21,31,25,29,27,32,16,21,24,27,18,30,30,25,24,20,15,32,16,17,20,23,23,17,22,24,28,35,21,29,26
STAT,refine,Iterations,116,42029,446,493,407,688,403,479,642,702,422,537,474,435,384,394,291,394,516,449,287,336,264,271,493,333,368,450,375,382,323,604,306,188,273,243,320,581,415,251,258,244,318,322,401,221,135,398,408,119,316,311,341,545,473,608,359,507,304,358,245,175,224,232,326,319,383,325,421,408,485,537,466,369,413,494,339,261,359,369,238,217,283,341,256,455,406,339,424,321,340,367,335,304,254,275,307,233,431,394,284,255,287,268,378,258,186,158,436,391,112,265,201,268,542,407,671,427
