Hello from MIC
Galois Benchmark Suite v2.2.0 (r0)
Copyright (C) 2013 The University of Texas at Austin
http://iss.ices.utexas.edu/galois/

application: GMetis
Partitions a graph into K parts and minimizing the graph cut
http://iss.ices.utexas.edu/?p=projects/galois/benchmarks/gMetis

INFO: CommandLine /work/02556/dpereira/MIC/apps/gmetis/gmetis -t=209 /work/02556/dpereira/Inputs/USA-road-d.W.gr 16
INFO: Hostname c558-003-mic0.stampede.tacc.utexas.edu
Created Graph with 6262104 nodes and 15248146 edges
Nodes 6262104| Edges 15248146 7624073

  Starting coarsening: 
Time coarsen:  4356 Size of final graph: 442

  Sarting initial partitioning using GGGP:
Size in decade percentages:  -0,16
Time clustering:  371

  Sarting refinnement with BKL2
Initial dist
Size in decade percentages:  -0,16
Refined dist
Size in decade percentages:  -1,6 -0,3 1,7
Time refinement:  2876


Time:  7780
Total edge cut : 2010

Part saved in : 0x7fff60410060
STATTYPE,LOOP,CATEGORY,n,sum,T0,T1,T2,T3,T4,T5,T6,T7,T8,T9,T10,T11,T12,T13,T14,T15,T16,T17,T18,T19,T20,T21,T22,T23,T24,T25,T26,T27,T28,T29,T30,T31,T32,T33,T34,T35,T36,T37,T38,T39,T40,T41,T42,T43,T44,T45,T46,T47,T48,T49,T50,T51,T52,T53,T54,T55,T56,T57,T58,T59,T60,T61,T62,T63,T64,T65,T66,T67,T68,T69,T70,T71,T72,T73,T74,T75,T76,T77,T78,T79,T80,T81,T82,T83,T84,T85,T86,T87,T88,T89,T90,T91,T92,T93,T94,T95,T96,T97,T98,T99,T100,T101,T102,T103,T104,T105,T106,T107,T108,T109,T110,T111,T112,T113,T114,T115,T116,T117,T118,T119,T120,T121,T122,T123,T124,T125,T126,T127,T128,T129,T130,T131,T132,T133,T134,T135,T136,T137,T138,T139,T140,T141,T142,T143,T144,T145,T146,T147,T148,T149,T150,T151,T152,T153,T154,T155,T156,T157,T158,T159,T160,T161,T162,T163,T164,T165,T166,T167,T168,T169,T170,T171,T172,T173,T174,T175,T176,T177,T178,T179,T180,T181,T182,T183,T184,T185,T186,T187,T188,T189,T190,T191,T192,T193,T194,T195,T196,T197,T198,T199,T200,T201,T202,T203,T204,T205,T206,T207,T208
STAT,(NULL),Coarsen,209,4356,4356,0,0,0,0,0,0,0,0,0,0,0,0,0,0,0,0,0,0,0,0,0,0,0,0,0,0,0,0,0,0,0,0,0,0,0,0,0,0,0,0,0,0,0,0,0,0,0,0,0,0,0,0,0,0,0,0,0,0,0,0,0,0,0,0,0,0,0,0,0,0,0,0,0,0,0,0,0,0,0,0,0,0,0,0,0,0,0,0,0,0,0,0,0,0,0,0,0,0,0,0,0,0,0,0,0,0,0,0,0,0,0,0,0,0,0,0,0,0,0,0,0,0,0,0,0,0,0,0,0,0,0,0,0,0,0,0,0,0,0,0,0,0,0,0,0,0,0,0,0,0,0,0,0,0,0,0,0,0,0,0,0,0,0,0,0,0,0,0,0,0,0,0,0,0,0,0,0,0,0,0,0,0,0,0,0,0,0,0,0,0,0,0,0,0,0,0,0,0,0,0,0,0,0,0,0,0,0,0
STAT,(NULL),Conflicts,209,0,0,0,0,0,0,0,0,0,0,0,0,0,0,0,0,0,0,0,0,0,0,0,0,0,0,0,0,0,0,0,0,0,0,0,0,0,0,0,0,0,0,0,0,0,0,0,0,0,0,0,0,0,0,0,0,0,0,0,0,0,0,0,0,0,0,0,0,0,0,0,0,0,0,0,0,0,0,0,0,0,0,0,0,0,0,0,0,0,0,0,0,0,0,0,0,0,0,0,0,0,0,0,0,0,0,0,0,0,0,0,0,0,0,0,0,0,0,0,0,0,0,0,0,0,0,0,0,0,0,0,0,0,0,0,0,0,0,0,0,0,0,0,0,0,0,0,0,0,0,0,0,0,0,0,0,0,0,0,0,0,0,0,0,0,0,0,0,0,0,0,0,0,0,0,0,0,0,0,0,0,0,0,0,0,0,0,0,0,0,0,0,0,0,0,0,0,0,0,0,0,0,0,0,0,0,0,0,0,0
STAT,(NULL),Iterations,209,31,5,0,0,0,0,0,0,0,0,0,0,0,0,0,0,0,0,0,0,0,0,0,0,0,0,0,0,0,0,0,0,0,0,0,0,0,0,0,0,0,0,0,0,0,0,0,0,0,0,0,0,3,0,0,0,0,0,1,0,0,0,0,0,0,0,0,0,0,0,0,0,0,0,1,0,0,0,1,0,0,0,0,0,0,0,0,0,0,0,0,0,0,0,0,0,2,0,0,0,0,0,0,0,0,0,0,0,0,0,0,0,0,0,0,0,0,1,0,0,0,0,0,0,0,0,4,0,0,0,0,0,0,0,0,0,0,0,0,0,0,0,3,0,0,0,0,0,2,0,2,0,0,1,0,0,0,0,0,0,0,0,0,1,0,0,0,0,0,0,0,0,0,0,0,0,0,0,0,0,2,0,1,0,0,0,0,0,0,0,0,0,0,0,0,0,1,0,0,0,0,0,0,0,0,0,0,0,0,0
STAT,(NULL),MeminfoPost,209,757073,3629,3612,3629,3640,3624,3628,3620,3627,3613,3628,3614,3642,3644,3674,3635,3613,3621,3615,3611,3634,3621,3630,3642,3611,3645,3629,3604,3619,3615,3633,3628,3627,3614,3608,3616,3627,3613,3631,3642,3625,3627,3620,3628,3612,3628,3615,3642,3644,3674,3636,3614,3620,3615,3612,3634,3619,3630,3643,3613,3643,3628,3604,3620,3615,3631,3629,3626,3614,3610,3617,3622,3632,3622,3623,3630,3657,3616,3620,3630,3629,3620,3621,3627,3616,3616,3615,3623,3619,3602,3614,3622,3630,3633,3617,3613,3619,3616,3612,3607,3614,3621,3610,3625,3646,3646,3621,3610,3613,3615,3637,3620,3608,3602,3604,3621,3626,3626,3630,3633,3635,3615,3624,3604,3631,3610,3617,3616,3611,3611,3604,3614,3604,3634,3612,3608,3615,3635,3651,3645,3647,3619,3611,3614,3634,3615,3603,3604,3620,3623,3632,3630,3626,3621,3612,3626,3610,3618,3614,3609,3601,3617,3626,3611,3602,3633,3649,3639,3652,3633,3619,3612,3614,3609,3616,3619,3647,3654,3634,3635,3646,3625,3608,3619,3632,3610,3628,3610,3614,3603,3607,3612,3620,3636,3608,3604,3603,3623,3596,3605,3640,3609,3611,3620,3628,3622,3621,3625,3616,3619
STAT,(NULL),MeminfoPre,209,189220,912,895,912,923,907,911,903,910,896,911,897,925,927,957,918,896,904,898,894,917,904,913,925,894,928,912,887,902,898,916,911,910,897,891,899,910,896,914,925,908,910,903,911,895,911,898,925,927,957,919,897,903,898,895,917,902,913,926,896,926,911,887,903,898,914,912,909,897,893,900,905,915,905,906,913,940,899,903,913,912,903,904,910,899,899,898,906,902,885,897,905,913,916,900,896,902,899,895,890,897,904,893,908,929,929,904,893,896,898,920,903,891,885,887,904,909,909,913,916,918,898,907,887,914,893,900,899,894,894,887,897,887,917,895,891,898,918,934,928,930,902,894,897,917,898,886,887,903,906,915,913,909,904,895,909,893,901,897,892,884,900,909,894,885,916,932,922,935,916,902,895,897,892,899,902,930,937,917,918,929,908,891,902,915,893,911,893,897,886,890,895,903,919,891,887,886,906,879,888,923,892,894,903,911,905,904,908,899,902
STAT,(NULL),Partition,209,371,371,0,0,0,0,0,0,0,0,0,0,0,0,0,0,0,0,0,0,0,0,0,0,0,0,0,0,0,0,0,0,0,0,0,0,0,0,0,0,0,0,0,0,0,0,0,0,0,0,0,0,0,0,0,0,0,0,0,0,0,0,0,0,0,0,0,0,0,0,0,0,0,0,0,0,0,0,0,0,0,0,0,0,0,0,0,0,0,0,0,0,0,0,0,0,0,0,0,0,0,0,0,0,0,0,0,0,0,0,0,0,0,0,0,0,0,0,0,0,0,0,0,0,0,0,0,0,0,0,0,0,0,0,0,0,0,0,0,0,0,0,0,0,0,0,0,0,0,0,0,0,0,0,0,0,0,0,0,0,0,0,0,0,0,0,0,0,0,0,0,0,0,0,0,0,0,0,0,0,0,0,0,0,0,0,0,0,0,0,0,0,0,0,0,0,0,0,0,0,0,0,0,0,0,0,0,0,0,0
STAT,(NULL),Refine,209,2876,2876,0,0,0,0,0,0,0,0,0,0,0,0,0,0,0,0,0,0,0,0,0,0,0,0,0,0,0,0,0,0,0,0,0,0,0,0,0,0,0,0,0,0,0,0,0,0,0,0,0,0,0,0,0,0,0,0,0,0,0,0,0,0,0,0,0,0,0,0,0,0,0,0,0,0,0,0,0,0,0,0,0,0,0,0,0,0,0,0,0,0,0,0,0,0,0,0,0,0,0,0,0,0,0,0,0,0,0,0,0,0,0,0,0,0,0,0,0,0,0,0,0,0,0,0,0,0,0,0,0,0,0,0,0,0,0,0,0,0,0,0,0,0,0,0,0,0,0,0,0,0,0,0,0,0,0,0,0,0,0,0,0,0,0,0,0,0,0,0,0,0,0,0,0,0,0,0,0,0,0,0,0,0,0,0,0,0,0,0,0,0,0,0,0,0,0,0,0,0,0,0,0,0,0,0,0,0,0,0
STAT,(NULL),Threads,209,209,209,0,0,0,0,0,0,0,0,0,0,0,0,0,0,0,0,0,0,0,0,0,0,0,0,0,0,0,0,0,0,0,0,0,0,0,0,0,0,0,0,0,0,0,0,0,0,0,0,0,0,0,0,0,0,0,0,0,0,0,0,0,0,0,0,0,0,0,0,0,0,0,0,0,0,0,0,0,0,0,0,0,0,0,0,0,0,0,0,0,0,0,0,0,0,0,0,0,0,0,0,0,0,0,0,0,0,0,0,0,0,0,0,0,0,0,0,0,0,0,0,0,0,0,0,0,0,0,0,0,0,0,0,0,0,0,0,0,0,0,0,0,0,0,0,0,0,0,0,0,0,0,0,0,0,0,0,0,0,0,0,0,0,0,0,0,0,0,0,0,0,0,0,0,0,0,0,0,0,0,0,0,0,0,0,0,0,0,0,0,0,0,0,0,0,0,0,0,0,0,0,0,0,0,0,0,0,0,0
STAT,(NULL),Time,209,7780,7780,0,0,0,0,0,0,0,0,0,0,0,0,0,0,0,0,0,0,0,0,0,0,0,0,0,0,0,0,0,0,0,0,0,0,0,0,0,0,0,0,0,0,0,0,0,0,0,0,0,0,0,0,0,0,0,0,0,0,0,0,0,0,0,0,0,0,0,0,0,0,0,0,0,0,0,0,0,0,0,0,0,0,0,0,0,0,0,0,0,0,0,0,0,0,0,0,0,0,0,0,0,0,0,0,0,0,0,0,0,0,0,0,0,0,0,0,0,0,0,0,0,0,0,0,0,0,0,0,0,0,0,0,0,0,0,0,0,0,0,0,0,0,0,0,0,0,0,0,0,0,0,0,0,0,0,0,0,0,0,0,0,0,0,0,0,0,0,0,0,0,0,0,0,0,0,0,0,0,0,0,0,0,0,0,0,0,0,0,0,0,0,0,0,0,0,0,0,0,0,0,0,0,0,0,0,0,0,0
STAT,match,Conflicts,209,6761,47,54,39,47,50,46,54,57,46,47,49,52,46,38,50,45,48,45,54,40,43,40,49,47,43,45,33,45,40,43,48,36,35,39,42,43,32,41,39,37,43,38,41,40,37,40,40,29,38,42,40,40,39,40,35,31,41,40,33,39,36,26,30,24,26,28,30,24,30,30,25,29,29,25,26,31,28,30,30,32,30,26,27,21,25,36,30,27,27,33,37,32,27,29,26,28,28,31,32,36,27,26,28,33,26,28,34,23,26,24,45,33,25,30,32,28,25,22,31,33,28,29,26,34,26,31,23,32,25,28,22,29,25,28,27,22,27,27,24,25,30,23,26,27,31,27,27,22,23,29,24,27,30,30,24,37,31,30,26,31,28,30,28,22,33,39,34,34,25,27,30,25,29,28,29,31,27,26,30,25,37,36,28,23,26,26,34,26,29,31,27,34,30,30,27,25,26,33,26,27,29,26,20,23,24,29,25,25,30
STAT,match,Iterations,209,15061521,36835,51872,56900,53273,54829,68564,55260,54029,55873,55266,60998,64412,52020,59371,65103,57124,44812,60664,41549,65185,61652,70407,63326,50267,53915,60595,63145,70680,61258,58689,61911,78906,69248,59632,63413,66839,72012,61297,55840,67386,71833,74009,55774,78601,72135,65468,74336,70544,69471,59168,63611,94247,68612,63650,65098,63710,72302,67376,91890,66334,72154,66556,72217,57022,78380,79328,61110,74952,81437,79814,93524,64745,68994,75737,79726,78905,74527,67542,75227,71957,74967,77936,74614,85466,76187,63068,75736,88179,68026,86227,67017,69212,56716,82546,97254,75459,89756,76956,77145,73950,86872,82115,79919,62188,99418,69652,75024,64955,70689,79939,76606,81015,84984,76937,75649,83550,80333,73073,76667,93933,78920,74947,59635,65227,56688,68454,72713,72191,66796,77725,68979,72835,65981,70458,77276,84671,74355,80455,77528,79870,87643,82521,72201,65558,78662,69347,70768,82450,72804,93428,92677,84324,89338,106076,73894,89037,87648,88650,74613,66747,85122,66598,81059,81750,72961,76995,73332,73631,81123,71376,70716,92706,85768,77641,68262,68680,73819,91349,74548,86282,66967,80926,87067,64158,88500,73162,70836,66613,79753,66358,89339,62962,71640,59585,70792,60907,56534,56684,57470,81156,72961,60946,95012,70482,60887,73169,76001,69367,67164
STAT,popedge,Conflicts,209,0,0,0,0,0,0,0,0,0,0,0,0,0,0,0,0,0,0,0,0,0,0,0,0,0,0,0,0,0,0,0,0,0,0,0,0,0,0,0,0,0,0,0,0,0,0,0,0,0,0,0,0,0,0,0,0,0,0,0,0,0,0,0,0,0,0,0,0,0,0,0,0,0,0,0,0,0,0,0,0,0,0,0,0,0,0,0,0,0,0,0,0,0,0,0,0,0,0,0,0,0,0,0,0,0,0,0,0,0,0,0,0,0,0,0,0,0,0,0,0,0,0,0,0,0,0,0,0,0,0,0,0,0,0,0,0,0,0,0,0,0,0,0,0,0,0,0,0,0,0,0,0,0,0,0,0,0,0,0,0,0,0,0,0,0,0,0,0,0,0,0,0,0,0,0,0,0,0,0,0,0,0,0,0,0,0,0,0,0,0,0,0,0,0,0,0,0,0,0,0,0,0,0,0,0,0,0,0,0,0
STAT,popedge,Iterations,209,7380634,32070,32997,32281,32951,31589,32354,32217,32793,33556,31597,31115,33220,32304,31032,32181,31918,32736,33420,33145,32675,32720,31855,32775,32791,33342,33077,38659,37308,37988,38092,37186,36766,37168,37322,38453,37598,38621,36460,39093,37552,36531,37385,38021,36979,36930,38713,37083,37797,36086,37691,38034,37001,38228,38211,35710,37408,36827,34649,35230,39076,36675,32940,33174,31747,32883,33132,33474,31944,34278,32524,33988,31730,31518,32752,34778,32329,33707,32169,31109,31762,33330,31774,32093,32053,31479,33297,33618,37286,36345,37059,36759,36504,36442,36266,38896,36904,38342,37120,36351,37158,36171,37873,37032,34829,36671,39198,38195,36428,38470,40784,36024,39971,40564,38112,38238,39027,37617,37613,35054,36792,37178,37311,34007,33112,34470,33176,32021,33764,31160,33697,33094,31834,31424,32313,32519,33490,32061,33745,34183,35011,32112,34327,31738,32781,34745,32091,32689,34491,36730,36382,38884,39409,37235,36868,37826,38552,36774,39563,40854,40234,39347,37360,38278,35646,36480,36489,38657,38059,37002,36716,36831,36554,39513,39522,38254,39599,40022,38233,39256,36652,39922,40521,39593,32639,34537,31587,33829,34446,31094,33429,33943,33324,32703,32566,32571,34738,33637,34032,34183,32154,31611,34128,33500,32420,34010,35696,34816,34254,33507
STAT,refine,Conflicts,209,6362,126,130,112,120,116,98,108,105,87,94,82,84,82,76,97,69,66,65,73,61,56,60,69,60,69,56,74,58,65,75,53,37,43,28,36,47,46,49,38,41,33,28,37,51,34,45,44,24,45,41,30,31,32,48,32,45,35,36,41,35,42,9,15,13,19,24,20,17,20,13,18,12,10,21,14,22,16,17,10,11,19,18,18,17,16,13,15,20,15,19,24,22,27,27,18,24,29,17,32,18,29,17,23,17,17,18,21,9,6,20,22,26,18,19,30,15,16,22,18,30,22,20,26,14,16,14,25,14,14,18,12,24,23,14,14,13,14,28,21,12,15,13,13,16,15,18,20,17,24,21,17,25,14,18,16,25,16,23,19,21,27,25,16,14,21,25,17,23,34,18,27,25,18,19,17,16,16,22,22,7,22,14,11,16,15,14,14,16,13,11,14,17,17,13,18,3,11,22,13,15,16,19,17,21,15,13,17,14,6
STAT,refine,Iterations,209,42793,351,429,312,400,328,335,296,310,286,298,278,306,225,232,402,299,274,294,303,239,207,276,273,191,225,188,229,339,229,247,323,231,186,198,232,189,257,178,196,211,197,167,189,231,178,197,320,158,203,222,209,308,262,319,174,246,179,225,235,154,131,88,201,93,234,200,181,145,197,184,196,123,101,156,157,222,211,234,174,179,134,160,170,183,181,123,205,216,163,176,210,300,207,256,197,223,196,164,216,186,276,182,267,197,189,208,210,189,129,211,208,169,241,275,249,190,235,193,166,294,265,152,154,172,132,159,171,133,106,142,181,171,187,117,201,139,259,265,268,191,186,136,123,141,243,158,180,148,153,225,186,259,263,215,168,200,188,152,166,163,207,243,239,145,267,220,161,175,264,105,196,243,212,202,268,154,179,279,260,165,198,188,109,114,214,105,161,160,111,108,114,179,211,123,157,116,88,200,182,226,190,211,151,135,153,243,152,157,209
