Hello from MIC
Galois Benchmark Suite v2.2.0 (r0)
Copyright (C) 2013 The University of Texas at Austin
http://iss.ices.utexas.edu/galois/

application: GMetis
Partitions a graph into K parts and minimizing the graph cut
http://iss.ices.utexas.edu/?p=projects/galois/benchmarks/gMetis

INFO: CommandLine /work/02556/dpereira/MIC/apps/gmetis/gmetis -t=51 /work/02556/dpereira/Inputs/USA-road-d.W.gr 128
INFO: Hostname c557-901-mic0.stampede.tacc.utexas.edu
Created Graph with 6262104 nodes and 15248146 edges
Nodes 6262104| Edges 15248146 7624073

  Starting coarsening: 
Time coarsen:  2535 Size of final graph: 3010

  Sarting initial partitioning using GGGP:
Size in decade percentages:  -1,8 -0,111 1,9
Time clustering:  396

  Sarting refinnement with BKL2
Initial dist
Size in decade percentages:  -1,8 -0,111 1,9
Refined dist
Size in decade percentages:  -1,40 0,49 1,39
Time refinement:  686


Time:  3793
Total edge cut : 7881

Part saved in : 0x7fff96881e60
STATTYPE,LOOP,CATEGORY,n,sum,T0,T1,T2,T3,T4,T5,T6,T7,T8,T9,T10,T11,T12,T13,T14,T15,T16,T17,T18,T19,T20,T21,T22,T23,T24,T25,T26,T27,T28,T29,T30,T31,T32,T33,T34,T35,T36,T37,T38,T39,T40,T41,T42,T43,T44,T45,T46,T47,T48,T49,T50
STAT,(NULL),Coarsen,51,2535,2535,0,0,0,0,0,0,0,0,0,0,0,0,0,0,0,0,0,0,0,0,0,0,0,0,0,0,0,0,0,0,0,0,0,0,0,0,0,0,0,0,0,0,0,0,0,0,0,0,0,0
STAT,(NULL),Conflicts,51,0,0,0,0,0,0,0,0,0,0,0,0,0,0,0,0,0,0,0,0,0,0,0,0,0,0,0,0,0,0,0,0,0,0,0,0,0,0,0,0,0,0,0,0,0,0,0,0,0,0,0,0
STAT,(NULL),Iterations,51,255,8,3,3,5,5,6,6,3,6,6,1,5,3,1,8,4,4,7,8,2,9,3,5,3,3,2,8,5,5,5,2,7,4,5,3,6,9,3,6,9,5,7,6,4,0,11,6,4,6,5,5
STAT,(NULL),MeminfoPost,51,756216,14851,14832,14841,14898,14824,14858,14812,14839,14807,14858,14829,14916,14820,14844,14846,14814,14817,14829,14862,14838,14812,14798,14843,14795,14784,14876,14822,14771,14853,14816,14813,14778,14792,14891,14822,14796,14854,14806,14783,14792,14911,14813,14840,14904,14807,14800,14781,14796,14788,14819,14825
STAT,(NULL),MeminfoPre,51,189045,3730,3711,3720,3777,3703,3737,3691,3718,3686,3737,3708,3795,3699,3723,3725,3693,3696,3708,3741,3717,3691,3677,3722,3674,3663,3755,3701,3650,3732,3695,3692,3657,3671,3770,3701,3675,3733,3685,3662,3671,3790,3692,3719,3783,3686,3679,3660,3675,3667,3698,3704
STAT,(NULL),Partition,51,396,396,0,0,0,0,0,0,0,0,0,0,0,0,0,0,0,0,0,0,0,0,0,0,0,0,0,0,0,0,0,0,0,0,0,0,0,0,0,0,0,0,0,0,0,0,0,0,0,0,0,0
STAT,(NULL),Refine,51,686,686,0,0,0,0,0,0,0,0,0,0,0,0,0,0,0,0,0,0,0,0,0,0,0,0,0,0,0,0,0,0,0,0,0,0,0,0,0,0,0,0,0,0,0,0,0,0,0,0,0,0
STAT,(NULL),Threads,51,51,51,0,0,0,0,0,0,0,0,0,0,0,0,0,0,0,0,0,0,0,0,0,0,0,0,0,0,0,0,0,0,0,0,0,0,0,0,0,0,0,0,0,0,0,0,0,0,0,0,0,0
STAT,(NULL),Time,51,3793,3793,0,0,0,0,0,0,0,0,0,0,0,0,0,0,0,0,0,0,0,0,0,0,0,0,0,0,0,0,0,0,0,0,0,0,0,0,0,0,0,0,0,0,0,0,0,0,0,0,0,0
STAT,match,Conflicts,51,4592,203,144,124,130,109,104,107,84,91,87,105,116,109,78,64,78,83,75,87,87,82,69,77,78,83,95,71,76,71,48,54,73,110,83,68,71,60,58,58,60,80,77,80,85,68,106,166,93,108,94,125
STAT,match,Iterations,51,14954868,259992,266282,278863,262757,300613,278630,291981,297168,301841,266264,303993,273486,306468,290920,308375,307652,306480,288999,287174,286032,283413,306049,285263,300036,296246,288293,299541,313475,275999,308677,301267,313024,297412,275910,291913,303263,283076,303640,308965,303662,259613,295124,289163,291860,305398,309558,310304,314519,294212,298503,283520
STAT,popedge,Conflicts,51,0,0,0,0,0,0,0,0,0,0,0,0,0,0,0,0,0,0,0,0,0,0,0,0,0,0,0,0,0,0,0,0,0,0,0,0,0,0,0,0,0,0,0,0,0,0,0,0,0,0,0,0
STAT,popedge,Iterations,51,7327850,141430,145174,141558,135880,141352,135883,146107,142941,146434,127420,142934,138333,142543,139149,139172,143711,147195,129473,126899,128408,135196,145180,136858,141278,142235,139237,145213,151804,145493,144665,146139,148251,149992,140956,142380,149365,142109,142299,143899,142068,138200,136909,144196,154819,158126,154574,156232,157545,158209,155837,156590
STAT,refine,Conflicts,51,2939,122,103,97,81,100,84,82,71,80,78,71,67,78,67,64,49,54,77,66,55,65,57,62,46,64,53,43,49,58,53,35,39,38,33,55,35,46,39,49,44,52,31,45,34,36,37,33,32,40,45,45
STAT,refine,Iterations,51,129371,2779,2262,3293,3212,3213,2272,2532,2139,2230,2251,2453,3419,2857,2683,2546,1986,2728,2315,3143,2283,2369,2489,2805,2529,2986,2921,2334,2080,2638,2157,2280,2526,2862,2950,2672,2110,2387,2593,2692,2914,3180,2014,2674,2750,2165,1967,1815,1882,2424,1909,2701
