Hello from MIC
Galois Benchmark Suite v2.2.0 (r0)
Copyright (C) 2013 The University of Texas at Austin
http://iss.ices.utexas.edu/galois/

application: GMetis
Partitions a graph into K parts and minimizing the graph cut
http://iss.ices.utexas.edu/?p=projects/galois/benchmarks/gMetis

INFO: CommandLine /work/02556/dpereira/MIC/apps/gmetis/gmetis -t=142 /work/02556/dpereira/Inputs/USA-road-d.W.gr 128
INFO: Hostname c558-001-mic0.stampede.tacc.utexas.edu
Created Graph with 6262104 nodes and 15248146 edges
Nodes 6262104| Edges 15248146 7624073

  Starting coarsening: 
Time coarsen:  2470 Size of final graph: 3147

  Sarting initial partitioning using GGGP:
Size in decade percentages:  -1,6 -0,122
Time clustering:  434

  Sarting refinnement with BKL2
Initial dist
Size in decade percentages:  -1,6 -0,122
Refined dist
Size in decade percentages:  -1,44 -0,38 1,46
Time refinement:  1417


Time:  4497
Total edge cut : 8703

Part saved in : 0x7fffa9351c60
STATTYPE,LOOP,CATEGORY,n,sum,T0,T1,T2,T3,T4,T5,T6,T7,T8,T9,T10,T11,T12,T13,T14,T15,T16,T17,T18,T19,T20,T21,T22,T23,T24,T25,T26,T27,T28,T29,T30,T31,T32,T33,T34,T35,T36,T37,T38,T39,T40,T41,T42,T43,T44,T45,T46,T47,T48,T49,T50,T51,T52,T53,T54,T55,T56,T57,T58,T59,T60,T61,T62,T63,T64,T65,T66,T67,T68,T69,T70,T71,T72,T73,T74,T75,T76,T77,T78,T79,T80,T81,T82,T83,T84,T85,T86,T87,T88,T89,T90,T91,T92,T93,T94,T95,T96,T97,T98,T99,T100,T101,T102,T103,T104,T105,T106,T107,T108,T109,T110,T111,T112,T113,T114,T115,T116,T117,T118,T119,T120,T121,T122,T123,T124,T125,T126,T127,T128,T129,T130,T131,T132,T133,T134,T135,T136,T137,T138,T139,T140,T141
STAT,(NULL),Coarsen,142,2470,2470,0,0,0,0,0,0,0,0,0,0,0,0,0,0,0,0,0,0,0,0,0,0,0,0,0,0,0,0,0,0,0,0,0,0,0,0,0,0,0,0,0,0,0,0,0,0,0,0,0,0,0,0,0,0,0,0,0,0,0,0,0,0,0,0,0,0,0,0,0,0,0,0,0,0,0,0,0,0,0,0,0,0,0,0,0,0,0,0,0,0,0,0,0,0,0,0,0,0,0,0,0,0,0,0,0,0,0,0,0,0,0,0,0,0,0,0,0,0,0,0,0,0,0,0,0,0,0,0,0,0,0,0,0,0,0,0,0,0,0,0,0
STAT,(NULL),Conflicts,142,0,0,0,0,0,0,0,0,0,0,0,0,0,0,0,0,0,0,0,0,0,0,0,0,0,0,0,0,0,0,0,0,0,0,0,0,0,0,0,0,0,0,0,0,0,0,0,0,0,0,0,0,0,0,0,0,0,0,0,0,0,0,0,0,0,0,0,0,0,0,0,0,0,0,0,0,0,0,0,0,0,0,0,0,0,0,0,0,0,0,0,0,0,0,0,0,0,0,0,0,0,0,0,0,0,0,0,0,0,0,0,0,0,0,0,0,0,0,0,0,0,0,0,0,0,0,0,0,0,0,0,0,0,0,0,0,0,0,0,0,0,0,0
STAT,(NULL),Iterations,142,255,8,3,0,4,1,2,0,2,0,0,0,0,4,0,2,0,0,0,5,1,4,0,0,2,1,0,4,4,3,4,3,0,0,5,1,0,0,0,1,5,1,3,1,2,0,2,4,2,0,3,2,0,0,2,3,3,0,2,2,1,2,1,0,1,5,0,2,3,0,0,2,0,0,1,3,1,0,3,0,5,2,2,0,0,0,1,2,2,0,6,2,0,2,1,0,2,4,0,1,3,4,4,5,7,2,2,0,8,6,3,2,5,0,0,0,6,5,0,1,1,3,2,7,0,0,4,0,3,2,0,0,0,2,0,0,0,1,0,0,2,4,3
STAT,(NULL),MeminfoPost,142,756369,5333,5323,5341,5338,5321,5328,5326,5336,5359,5385,5315,5320,5316,5341,5331,5343,5339,5325,5314,5316,5338,5329,5315,5321,5326,5340,5334,5333,5334,5308,5329,5349,5379,5361,5313,5321,5320,5330,5349,5330,5340,5317,5317,5327,5348,5318,5308,5325,5336,5323,5333,5357,5322,5337,5327,5328,5320,5318,5318,5324,5301,5329,5342,5325,5316,5316,5307,5310,5321,5321,5360,5338,5308,5317,5345,5306,5299,5314,5330,5338,5340,5329,5322,5312,5324,5318,5313,5303,5314,5303,5333,5304,5338,5365,5361,5323,5313,5337,5305,5300,5328,5335,5342,5322,5312,5322,5322,5306,5309,5316,5313,5325,5360,5361,5340,5316,5312,5311,5334,5363,5347,5351,5341,5313,5333,5315,5322,5306,5300,5313,5338,5313,5297,5320,5297,5325,5309,5321,5331,5327,5322,5327
STAT,(NULL),MeminfoPre,142,189079,1338,1328,1346,1343,1326,1333,1331,1341,1364,1390,1320,1325,1321,1346,1336,1348,1344,1330,1319,1321,1343,1334,1320,1326,1331,1345,1339,1338,1339,1313,1334,1354,1384,1366,1318,1326,1325,1335,1354,1335,1345,1322,1322,1332,1353,1323,1313,1330,1341,1328,1338,1362,1327,1342,1332,1333,1325,1323,1323,1329,1306,1334,1347,1330,1321,1321,1312,1315,1326,1326,1365,1343,1313,1322,1350,1311,1304,1319,1335,1343,1345,1334,1327,1317,1329,1323,1318,1308,1319,1308,1338,1309,1343,1370,1366,1328,1318,1342,1310,1305,1333,1340,1347,1327,1317,1327,1327,1311,1314,1321,1318,1330,1365,1366,1345,1321,1317,1316,1339,1368,1352,1356,1346,1318,1338,1320,1327,1311,1305,1318,1343,1318,1302,1325,1302,1330,1314,1326,1336,1332,1327,1332
STAT,(NULL),Partition,142,434,434,0,0,0,0,0,0,0,0,0,0,0,0,0,0,0,0,0,0,0,0,0,0,0,0,0,0,0,0,0,0,0,0,0,0,0,0,0,0,0,0,0,0,0,0,0,0,0,0,0,0,0,0,0,0,0,0,0,0,0,0,0,0,0,0,0,0,0,0,0,0,0,0,0,0,0,0,0,0,0,0,0,0,0,0,0,0,0,0,0,0,0,0,0,0,0,0,0,0,0,0,0,0,0,0,0,0,0,0,0,0,0,0,0,0,0,0,0,0,0,0,0,0,0,0,0,0,0,0,0,0,0,0,0,0,0,0,0,0,0,0,0
STAT,(NULL),Refine,142,1417,1417,0,0,0,0,0,0,0,0,0,0,0,0,0,0,0,0,0,0,0,0,0,0,0,0,0,0,0,0,0,0,0,0,0,0,0,0,0,0,0,0,0,0,0,0,0,0,0,0,0,0,0,0,0,0,0,0,0,0,0,0,0,0,0,0,0,0,0,0,0,0,0,0,0,0,0,0,0,0,0,0,0,0,0,0,0,0,0,0,0,0,0,0,0,0,0,0,0,0,0,0,0,0,0,0,0,0,0,0,0,0,0,0,0,0,0,0,0,0,0,0,0,0,0,0,0,0,0,0,0,0,0,0,0,0,0,0,0,0,0,0,0
STAT,(NULL),Threads,142,142,142,0,0,0,0,0,0,0,0,0,0,0,0,0,0,0,0,0,0,0,0,0,0,0,0,0,0,0,0,0,0,0,0,0,0,0,0,0,0,0,0,0,0,0,0,0,0,0,0,0,0,0,0,0,0,0,0,0,0,0,0,0,0,0,0,0,0,0,0,0,0,0,0,0,0,0,0,0,0,0,0,0,0,0,0,0,0,0,0,0,0,0,0,0,0,0,0,0,0,0,0,0,0,0,0,0,0,0,0,0,0,0,0,0,0,0,0,0,0,0,0,0,0,0,0,0,0,0,0,0,0,0,0,0,0,0,0,0,0,0,0,0
STAT,(NULL),Time,142,4497,4497,0,0,0,0,0,0,0,0,0,0,0,0,0,0,0,0,0,0,0,0,0,0,0,0,0,0,0,0,0,0,0,0,0,0,0,0,0,0,0,0,0,0,0,0,0,0,0,0,0,0,0,0,0,0,0,0,0,0,0,0,0,0,0,0,0,0,0,0,0,0,0,0,0,0,0,0,0,0,0,0,0,0,0,0,0,0,0,0,0,0,0,0,0,0,0,0,0,0,0,0,0,0,0,0,0,0,0,0,0,0,0,0,0,0,0,0,0,0,0,0,0,0,0,0,0,0,0,0,0,0,0,0,0,0,0,0,0,0,0,0,0
STAT,match,Conflicts,142,6353,78,63,60,66,70,62,55,74,77,69,49,59,59,76,78,70,68,43,48,57,66,60,55,54,55,37,49,47,46,55,62,59,40,53,62,56,41,39,43,50,50,56,46,53,51,47,47,41,36,50,41,43,51,42,36,48,47,48,63,47,44,45,41,31,34,32,34,36,47,37,45,38,41,38,40,45,44,39,32,33,44,46,37,33,35,37,39,41,38,36,40,33,32,45,37,39,46,38,35,35,46,38,34,37,42,29,41,37,28,30,37,26,45,36,36,35,38,32,40,53,32,40,33,32,35,37,30,31,18,47,45,31,39,31,31,48,45,49,41,38,36,49
STAT,match,Iterations,142,15018724,71408,91275,79158,68447,65344,80961,75189,77457,73284,82860,96329,83604,89757,84270,80327,92547,67325,98294,96000,86099,102005,107805,96819,99206,107518,106194,104448,105906,95918,97503,97070,85198,95914,102894,102896,97015,117739,106550,107258,111674,105705,115812,107991,91992,107689,125843,100187,117137,110896,111547,91361,110665,89611,115646,109201,122682,91833,98541,115996,102856,110052,85237,91790,117758,96587,86717,111517,113667,97423,97950,79415,126122,96776,120354,112056,119259,99626,94176,109443,95766,96040,109204,129421,129183,122533,131215,116538,142514,122620,108697,130658,126678,109673,116619,130043,119116,110753,117381,122705,118885,108682,116553,120287,121562,113774,111349,124306,109376,116642,120669,113376,127504,99976,118397,101140,112634,130279,128842,99621,118323,128721,122655,101290,89588,100503,106211,110903,119585,124003,107107,86342,112926,114255,123084,124308,90374,98287,125706,91262,101838,119732,103929
STAT,popedge,Conflicts,142,0,0,0,0,0,0,0,0,0,0,0,0,0,0,0,0,0,0,0,0,0,0,0,0,0,0,0,0,0,0,0,0,0,0,0,0,0,0,0,0,0,0,0,0,0,0,0,0,0,0,0,0,0,0,0,0,0,0,0,0,0,0,0,0,0,0,0,0,0,0,0,0,0,0,0,0,0,0,0,0,0,0,0,0,0,0,0,0,0,0,0,0,0,0,0,0,0,0,0,0,0,0,0,0,0,0,0,0,0,0,0,0,0,0,0,0,0,0,0,0,0,0,0,0,0,0,0,0,0,0,0,0,0,0,0,0,0,0,0,0,0,0,0
STAT,popedge,Iterations,142,7359042,46069,46625,49214,47729,48976,49023,50832,47912,42437,48841,48060,48970,49514,49792,49106,47753,49544,46989,47961,49587,55837,55462,61561,56840,55133,55552,54520,57556,55031,56932,58456,57891,54547,53847,55767,56339,56602,53863,55110,51411,55604,53850,54006,57267,53441,54595,54687,52421,50908,50235,53070,49794,52484,50313,50368,50537,55138,55423,53420,54858,55278,45669,46180,44712,43878,45913,44174,45063,48687,41092,46800,46260,50667,48967,47699,46974,50254,48325,48567,48458,49478,55560,56272,57916,54987,55887,55650,55548,56369,55900,53501,55954,59071,55765,53332,54480,55978,55878,54143,58993,55313,54824,55283,54261,57308,54963,54323,55779,54459,50498,49758,52870,52194,53914,53225,52508,55044,51844,54472,56517,58331,59258,45600,51351,48551,49708,47484,47141,46908,46319,42284,46651,48898,48607,47107,50487,50840,47408,49834,50650,46782,49597
STAT,refine,Conflicts,142,5436,135,115,116,113,100,95,103,96,84,79,78,78,72,79,88,61,63,61,54,63,60,66,59,64,58,55,65,57,52,67,51,41,46,40,41,44,39,39,31,42,36,39,38,37,40,34,38,37,40,36,38,35,39,45,33,38,43,40,43,40,36,15,27,21,19,17,26,21,28,26,19,28,27,16,24,27,24,30,33,26,20,31,28,17,27,23,22,30,32,18,24,25,29,27,17,26,18,23,25,17,19,25,30,31,12,18,22,33,23,27,24,26,26,15,25,20,23,20,21,25,25,20,22,16,19,24,27,25,28,21,17,24,20,20,20,21,21,21,24,23,20,25
STAT,refine,Iterations,142,143380,778,822,967,901,806,921,1116,1092,1124,1087,1075,855,1040,1156,799,1168,707,793,865,829,1218,1148,1518,829,1023,1175,1109,1209,783,1173,1385,1185,1623,1299,1035,882,1309,1214,963,1184,891,991,893,963,1014,906,792,1011,1007,1009,1204,1134,901,924,1015,970,1013,1028,1161,744,956,598,742,836,752,786,795,1128,1038,1166,1096,1084,828,896,1317,882,941,855,794,820,892,1195,1291,1335,941,912,1247,1374,1100,776,1365,1223,1287,1447,1209,1285,828,1775,1011,997,1014,938,1021,1135,992,1036,1082,1026,1012,1065,1029,1328,1324,1043,741,850,984,898,899,1237,1029,973,760,740,842,845,919,786,925,887,864,818,1044,750,759,951,802,985,932,990,834,755
