Hello from MIC
Galois Benchmark Suite v2.2.0 (r0)
Copyright (C) 2013 The University of Texas at Austin
http://iss.ices.utexas.edu/galois/

application: GMetis
Partitions a graph into K parts and minimizing the graph cut
http://iss.ices.utexas.edu/?p=projects/galois/benchmarks/gMetis

INFO: CommandLine /work/02556/dpereira/MIC/apps/gmetis/gmetis -t=143 /work/02556/dpereira/Inputs/USA-road-d.W.gr 1024
INFO: Hostname c558-401-mic0.stampede.tacc.utexas.edu
Created Graph with 6262104 nodes and 15248146 edges
Nodes 6262104| Edges 15248146 7624073

  Starting coarsening: 
Time coarsen:  2285 Size of final graph: 21954

  Sarting initial partitioning using GGGP:
Size in decade percentages:  -1,83 -0,866 1,75
Time clustering:  1060

  Sarting refinnement with BKL2
Initial dist
Size in decade percentages:  -1,83 -0,866 1,75
Refined dist
Size in decade percentages:  -1,352 -0,299 1,372 2,1
Time refinement:  1329


Time:  4854
Total edge cut : 31710

Part saved in : 0x7fff38e8cae0
STATTYPE,LOOP,CATEGORY,n,sum,T0,T1,T2,T3,T4,T5,T6,T7,T8,T9,T10,T11,T12,T13,T14,T15,T16,T17,T18,T19,T20,T21,T22,T23,T24,T25,T26,T27,T28,T29,T30,T31,T32,T33,T34,T35,T36,T37,T38,T39,T40,T41,T42,T43,T44,T45,T46,T47,T48,T49,T50,T51,T52,T53,T54,T55,T56,T57,T58,T59,T60,T61,T62,T63,T64,T65,T66,T67,T68,T69,T70,T71,T72,T73,T74,T75,T76,T77,T78,T79,T80,T81,T82,T83,T84,T85,T86,T87,T88,T89,T90,T91,T92,T93,T94,T95,T96,T97,T98,T99,T100,T101,T102,T103,T104,T105,T106,T107,T108,T109,T110,T111,T112,T113,T114,T115,T116,T117,T118,T119,T120,T121,T122,T123,T124,T125,T126,T127,T128,T129,T130,T131,T132,T133,T134,T135,T136,T137,T138,T139,T140,T141,T142
STAT,(NULL),Coarsen,143,2285,2285,0,0,0,0,0,0,0,0,0,0,0,0,0,0,0,0,0,0,0,0,0,0,0,0,0,0,0,0,0,0,0,0,0,0,0,0,0,0,0,0,0,0,0,0,0,0,0,0,0,0,0,0,0,0,0,0,0,0,0,0,0,0,0,0,0,0,0,0,0,0,0,0,0,0,0,0,0,0,0,0,0,0,0,0,0,0,0,0,0,0,0,0,0,0,0,0,0,0,0,0,0,0,0,0,0,0,0,0,0,0,0,0,0,0,0,0,0,0,0,0,0,0,0,0,0,0,0,0,0,0,0,0,0,0,0,0,0,0,0,0,0,0
STAT,(NULL),Conflicts,143,0,0,0,0,0,0,0,0,0,0,0,0,0,0,0,0,0,0,0,0,0,0,0,0,0,0,0,0,0,0,0,0,0,0,0,0,0,0,0,0,0,0,0,0,0,0,0,0,0,0,0,0,0,0,0,0,0,0,0,0,0,0,0,0,0,0,0,0,0,0,0,0,0,0,0,0,0,0,0,0,0,0,0,0,0,0,0,0,0,0,0,0,0,0,0,0,0,0,0,0,0,0,0,0,0,0,0,0,0,0,0,0,0,0,0,0,0,0,0,0,0,0,0,0,0,0,0,0,0,0,0,0,0,0,0,0,0,0,0,0,0,0,0,0
STAT,(NULL),Iterations,143,2047,11,7,11,7,14,12,12,7,25,13,14,12,23,15,13,9,8,11,12,18,14,14,27,20,17,12,17,13,16,15,18,9,26,14,15,11,23,18,6,11,15,12,13,19,33,7,24,15,12,21,18,4,9,9,11,19,15,11,18,9,20,19,3,12,7,16,5,12,6,19,9,5,5,7,23,10,28,9,17,12,12,25,15,19,13,26,17,20,23,21,13,17,34,20,15,22,11,27,25,7,14,16,18,13,13,7,10,18,21,15,12,15,7,17,9,20,14,6,15,15,14,18,10,4,16,11,8,8,16,5,18,8,18,11,12,18,12,13,10,14,10,14,14
STAT,(NULL),MeminfoPost,143,756537,5297,5286,5305,5305,5280,5294,5291,5304,5318,5344,5286,5286,5276,5302,5300,5304,5299,5295,5276,5284,5299,5298,5278,5281,5294,5289,5306,5301,5284,5293,5290,5301,5322,5350,5280,5286,5277,5303,5295,5309,5302,5291,5279,5279,5303,5294,5280,5281,5298,5295,5287,5332,5281,5295,5303,5280,5297,5282,5275,5296,5264,5284,5301,5295,5281,5284,5278,5267,5288,5270,5316,5316,5282,5281,5285,5298,5267,5263,5289,5297,5307,5305,5284,5276,5293,5278,5286,5264,5272,5279,5288,5273,5272,5316,5329,5314,5281,5277,5300,5264,5274,5292,5306,5295,5286,5287,5277,5284,5264,5279,5284,5270,5296,5328,5326,5299,5277,5275,5278,5297,5330,5308,5322,5298,5273,5290,5283,5288,5273,5265,5275,5304,5271,5262,5281,5265,5290,5275,5284,5295,5291,5285,5293
STAT,(NULL),MeminfoPre,143,189113,1329,1318,1337,1337,1312,1326,1323,1336,1350,1376,1318,1318,1308,1334,1332,1336,1331,1327,1308,1316,1331,1330,1310,1313,1326,1321,1338,1333,1316,1325,1322,1333,1354,1382,1312,1318,1309,1335,1327,1341,1334,1323,1311,1311,1335,1326,1312,1313,1330,1327,1319,1364,1313,1327,1335,1312,1329,1314,1307,1328,1296,1316,1333,1327,1313,1316,1310,1299,1320,1302,1348,1348,1314,1313,1317,1330,1299,1295,1321,1329,1339,1337,1316,1308,1325,1310,1318,1296,1304,1311,1320,1305,1304,1348,1361,1346,1313,1309,1332,1296,1306,1324,1338,1327,1318,1319,1309,1316,1296,1311,1316,1302,1328,1360,1358,1331,1309,1307,1310,1329,1362,1340,1354,1330,1305,1322,1315,1320,1305,1297,1307,1336,1303,1294,1313,1297,1322,1307,1316,1327,1323,1317,1325
STAT,(NULL),Partition,143,1060,1060,0,0,0,0,0,0,0,0,0,0,0,0,0,0,0,0,0,0,0,0,0,0,0,0,0,0,0,0,0,0,0,0,0,0,0,0,0,0,0,0,0,0,0,0,0,0,0,0,0,0,0,0,0,0,0,0,0,0,0,0,0,0,0,0,0,0,0,0,0,0,0,0,0,0,0,0,0,0,0,0,0,0,0,0,0,0,0,0,0,0,0,0,0,0,0,0,0,0,0,0,0,0,0,0,0,0,0,0,0,0,0,0,0,0,0,0,0,0,0,0,0,0,0,0,0,0,0,0,0,0,0,0,0,0,0,0,0,0,0,0,0,0
STAT,(NULL),Refine,143,1329,1329,0,0,0,0,0,0,0,0,0,0,0,0,0,0,0,0,0,0,0,0,0,0,0,0,0,0,0,0,0,0,0,0,0,0,0,0,0,0,0,0,0,0,0,0,0,0,0,0,0,0,0,0,0,0,0,0,0,0,0,0,0,0,0,0,0,0,0,0,0,0,0,0,0,0,0,0,0,0,0,0,0,0,0,0,0,0,0,0,0,0,0,0,0,0,0,0,0,0,0,0,0,0,0,0,0,0,0,0,0,0,0,0,0,0,0,0,0,0,0,0,0,0,0,0,0,0,0,0,0,0,0,0,0,0,0,0,0,0,0,0,0,0
STAT,(NULL),Threads,143,143,143,0,0,0,0,0,0,0,0,0,0,0,0,0,0,0,0,0,0,0,0,0,0,0,0,0,0,0,0,0,0,0,0,0,0,0,0,0,0,0,0,0,0,0,0,0,0,0,0,0,0,0,0,0,0,0,0,0,0,0,0,0,0,0,0,0,0,0,0,0,0,0,0,0,0,0,0,0,0,0,0,0,0,0,0,0,0,0,0,0,0,0,0,0,0,0,0,0,0,0,0,0,0,0,0,0,0,0,0,0,0,0,0,0,0,0,0,0,0,0,0,0,0,0,0,0,0,0,0,0,0,0,0,0,0,0,0,0,0,0,0,0,0
STAT,(NULL),Time,143,4854,4854,0,0,0,0,0,0,0,0,0,0,0,0,0,0,0,0,0,0,0,0,0,0,0,0,0,0,0,0,0,0,0,0,0,0,0,0,0,0,0,0,0,0,0,0,0,0,0,0,0,0,0,0,0,0,0,0,0,0,0,0,0,0,0,0,0,0,0,0,0,0,0,0,0,0,0,0,0,0,0,0,0,0,0,0,0,0,0,0,0,0,0,0,0,0,0,0,0,0,0,0,0,0,0,0,0,0,0,0,0,0,0,0,0,0,0,0,0,0,0,0,0,0,0,0,0,0,0,0,0,0,0,0,0,0,0,0,0,0,0,0,0,0
STAT,match,Conflicts,143,5716,58,63,68,58,63,68,59,60,54,57,60,58,51,53,57,50,68,54,48,50,50,50,56,53,42,48,48,44,61,48,52,44,48,49,41,50,42,41,43,38,45,42,39,37,42,50,46,47,39,47,33,49,45,37,40,34,50,41,44,53,47,33,33,30,33,41,35,29,31,27,28,33,35,34,25,32,38,38,38,28,28,37,29,31,30,31,46,41,31,35,28,32,34,41,34,36,30,25,34,43,37,28,33,32,32,36,34,26,37,32,27,26,32,35,33,32,35,32,31,36,52,40,36,33,33,43,36,36,32,32,32,23,37,31,26,30,31,20,34,24,29,42,29
STAT,match,Iterations,143,14991492,75298,72837,80322,94444,90002,75444,75627,85533,90621,66549,96715,87317,74028,70522,77448,85170,78673,110523,79116,86413,81502,121055,97612,113368,113561,88691,106782,112082,96996,99996,75687,103813,108108,103732,107012,103337,101004,99339,109948,109582,91366,109485,118779,127384,99085,88412,103354,95654,105173,103020,96501,85979,104646,98666,103333,117869,102333,108538,95705,103601,102101,96509,93612,123807,116264,109055,111620,117761,94511,115779,92476,116280,110888,117779,111610,97840,99463,83620,107413,107403,88362,89280,116644,120236,113398,125354,110154,108216,120568,113828,120427,113103,119021,105719,111172,127067,117041,137101,103219,120762,99292,126588,105047,113599,126710,124728,102180,124918,130312,110972,119195,113062,115755,127809,128886,116256,119612,118113,118764,116455,119495,119349,109620,91961,115737,97858,109896,95169,121082,110442,91904,92471,103420,86541,106886,122260,90967,118083,115313,119362,104818,99851,119599
STAT,popedge,Conflicts,143,0,0,0,0,0,0,0,0,0,0,0,0,0,0,0,0,0,0,0,0,0,0,0,0,0,0,0,0,0,0,0,0,0,0,0,0,0,0,0,0,0,0,0,0,0,0,0,0,0,0,0,0,0,0,0,0,0,0,0,0,0,0,0,0,0,0,0,0,0,0,0,0,0,0,0,0,0,0,0,0,0,0,0,0,0,0,0,0,0,0,0,0,0,0,0,0,0,0,0,0,0,0,0,0,0,0,0,0,0,0,0,0,0,0,0,0,0,0,0,0,0,0,0,0,0,0,0,0,0,0,0,0,0,0,0,0,0,0,0,0,0,0,0,0
STAT,popedge,Iterations,143,7349200,46626,49561,47992,45840,48836,47992,48177,47196,46980,45960,50002,47159,48108,49270,48620,48152,50529,46713,47606,49758,49205,56478,55397,57964,56801,55720,54627,56332,54306,55275,56318,55469,51666,52433,53611,54467,56473,55708,52134,54648,55159,54609,52255,54687,54279,48198,54429,55534,50669,50448,50897,52779,52301,49932,50892,50389,51528,51979,55089,53808,56123,46210,47489,47025,45009,47564,45461,44814,47443,45441,45191,47853,46338,47730,49774,48586,47523,48889,45717,48694,47696,48994,53788,56759,55170,57007,57007,54668,55991,56164,53279,56415,54240,54617,54410,52728,52984,55652,53550,54531,53508,56672,54284,54976,55588,52726,45025,54158,54149,53839,51336,56149,53207,55768,52845,52105,50381,52706,52612,55139,59207,59739,48404,48506,50269,47274,49560,46159,48845,47227,50605,46853,46848,53025,49477,48642,47820,49355,48926,48640,49752,50113,46287
STAT,refine,Conflicts,143,4574,66,73,75,77,62,66,68,64,68,53,54,59,57,58,49,48,46,42,49,48,45,48,55,48,48,43,42,51,49,43,45,33,43,38,37,22,32,22,42,31,39,35,32,31,38,45,34,34,34,29,32,38,30,26,38,39,40,32,31,41,30,18,21,26,28,18,16,26,20,23,25,25,22,17,25,27,27,27,26,14,21,17,22,22,29,24,13,25,24,27,25,25,19,30,26,22,16,30,19,24,20,34,18,23,23,22,26,31,17,30,22,16,31,27,23,20,26,29,21,29,25,20,18,27,29,23,17,19,14,21,33,22,21,17,26,14,17,16,16,19,16,22,16
STAT,refine,Iterations,143,429462,2707,2475,3447,2746,2274,2387,2162,2644,3232,3077,2917,2519,2634,2438,2887,3090,2197,2371,2159,2024,2155,3112,2557,3764,3214,3009,2762,3369,2107,2857,2511,3003,3835,4000,3102,2758,3475,3636,3157,3469,3224,2767,2734,3208,2840,3461,3226,2718,3236,2943,3085,3945,3454,3012,3216,3022,3062,2686,3317,3281,3043,2710,2684,3257,3095,2342,2686,2588,2555,2677,3001,3485,2681,2718,2951,3477,2907,2489,2691,2758,2490,2157,2886,2963,3362,3011,2373,2995,3274,3302,2943,3633,2976,3543,3870,3967,3457,4050,3155,3047,2978,4056,3474,3430,3153,3058,2395,3325,2999,3228,3312,3533,4626,4938,4563,3190,3016,3169,3388,3568,4128,3647,3285,2315,3201,2999,2530,2317,2370,3005,2756,2480,2354,2035,2948,2570,2745,2692,2681,2754,2338,2586,2402
