Hello from MIC
Galois Benchmark Suite v2.2.0 (r0)
Copyright (C) 2013 The University of Texas at Austin
http://iss.ices.utexas.edu/galois/

application: GMetis
Partitions a graph into K parts and minimizing the graph cut
http://iss.ices.utexas.edu/?p=projects/galois/benchmarks/gMetis

INFO: CommandLine /work/02556/dpereira/MIC/apps/gmetis/gmetis -t=65 /work/02556/dpereira/Inputs/USA-road-d.W.gr 1024
INFO: Hostname c558-304-mic0.stampede.tacc.utexas.edu
Created Graph with 6262104 nodes and 15248146 edges
Nodes 6262104| Edges 15248146 7624073

  Starting coarsening: 
Time coarsen:  2144 Size of final graph: 40724

  Sarting initial partitioning using GGGP:
Size in decade percentages:  -1,1 -0,1023
Time clustering:  1457

  Sarting refinnement with BKL2
Initial dist
Size in decade percentages:  -1,1 -0,1023
Refined dist
Size in decade percentages:  -1,350 -0,305 1,369
Time refinement:  835


Time:  4612
Total edge cut : 36155

Part saved in : 0x7fffd0fbd9e0
STATTYPE,LOOP,CATEGORY,n,sum,T0,T1,T2,T3,T4,T5,T6,T7,T8,T9,T10,T11,T12,T13,T14,T15,T16,T17,T18,T19,T20,T21,T22,T23,T24,T25,T26,T27,T28,T29,T30,T31,T32,T33,T34,T35,T36,T37,T38,T39,T40,T41,T42,T43,T44,T45,T46,T47,T48,T49,T50,T51,T52,T53,T54,T55,T56,T57,T58,T59,T60,T61,T62,T63,T64
STAT,(NULL),Coarsen,65,2144,2144,0,0,0,0,0,0,0,0,0,0,0,0,0,0,0,0,0,0,0,0,0,0,0,0,0,0,0,0,0,0,0,0,0,0,0,0,0,0,0,0,0,0,0,0,0,0,0,0,0,0,0,0,0,0,0,0,0,0,0,0,0,0,0,0
STAT,(NULL),Conflicts,65,0,0,0,0,0,0,0,0,0,0,0,0,0,0,0,0,0,0,0,0,0,0,0,0,0,0,0,0,0,0,0,0,0,0,0,0,0,0,0,0,0,0,0,0,0,0,0,0,0,0,0,0,0,0,0,0,0,0,0,0,0,0,0,0,0,0
STAT,(NULL),Iterations,65,2047,11,16,15,22,41,10,18,46,32,23,27,36,23,31,43,33,42,28,23,38,40,34,34,25,9,20,10,31,44,37,47,31,32,59,47,47,35,42,39,30,33,42,23,24,35,36,41,40,37,23,27,32,40,20,46,32,33,39,37,35,24,34,20,17,26
STAT,(NULL),MeminfoPost,65,756415,11650,11652,11623,11675,11701,11620,11669,11654,11611,11655,11616,11645,11655,11639,11675,11687,11623,11666,11654,11611,11650,11619,11643,11672,11655,11630,11616,11611,11652,11621,11605,11619,11682,11606,11628,11609,11660,11638,11617,11607,11597,11620,11678,11667,11633,11594,11657,11627,11624,11597,11603,11697,11663,11604,11683,11690,11623,11630,11593,11633,11582,11604,11625,11639,11631
STAT,(NULL),MeminfoPre,65,189095,2922,2924,2895,2947,2973,2892,2941,2926,2883,2927,2888,2917,2927,2911,2947,2959,2895,2938,2926,2883,2922,2891,2915,2944,2927,2902,2888,2883,2924,2893,2877,2891,2954,2878,2900,2881,2932,2910,2889,2879,2869,2892,2950,2939,2905,2866,2929,2899,2896,2869,2875,2969,2935,2876,2955,2962,2895,2902,2865,2905,2854,2876,2897,2911,2903
STAT,(NULL),Partition,65,1457,1457,0,0,0,0,0,0,0,0,0,0,0,0,0,0,0,0,0,0,0,0,0,0,0,0,0,0,0,0,0,0,0,0,0,0,0,0,0,0,0,0,0,0,0,0,0,0,0,0,0,0,0,0,0,0,0,0,0,0,0,0,0,0,0,0
STAT,(NULL),Refine,65,835,835,0,0,0,0,0,0,0,0,0,0,0,0,0,0,0,0,0,0,0,0,0,0,0,0,0,0,0,0,0,0,0,0,0,0,0,0,0,0,0,0,0,0,0,0,0,0,0,0,0,0,0,0,0,0,0,0,0,0,0,0,0,0,0,0
STAT,(NULL),Threads,65,65,65,0,0,0,0,0,0,0,0,0,0,0,0,0,0,0,0,0,0,0,0,0,0,0,0,0,0,0,0,0,0,0,0,0,0,0,0,0,0,0,0,0,0,0,0,0,0,0,0,0,0,0,0,0,0,0,0,0,0,0,0,0,0,0,0
STAT,(NULL),Time,65,4612,4612,0,0,0,0,0,0,0,0,0,0,0,0,0,0,0,0,0,0,0,0,0,0,0,0,0,0,0,0,0,0,0,0,0,0,0,0,0,0,0,0,0,0,0,0,0,0,0,0,0,0,0,0,0,0,0,0,0,0,0,0,0,0,0,0
STAT,match,Conflicts,65,4671,238,164,111,131,114,82,78,94,77,85,74,77,104,91,84,98,72,52,60,72,82,71,58,47,68,67,67,62,55,58,59,51,48,47,52,43,65,46,56,43,63,61,61,69,51,60,67,45,51,36,66,52,48,74,60,69,77,49,78,52,88,110,93,42,46
STAT,match,Iterations,65,14889474,176674,196998,207395,182168,217658,238745,229236,225765,234948,221879,236238,228479,209738,221671,216456,224222,233248,221392,230625,241259,236126,241382,220127,209086,233446,236756,222757,238738,227686,230075,236092,234838,218994,251358,237684,254687,227448,230207,246531,235535,250389,234996,210175,224213,235820,240975,217753,245481,246411,228450,231372,223464,233055,229366,218549,235670,245919,235587,253419,247483,245781,214589,220588,227562,228060
STAT,popedge,Conflicts,65,0,0,0,0,0,0,0,0,0,0,0,0,0,0,0,0,0,0,0,0,0,0,0,0,0,0,0,0,0,0,0,0,0,0,0,0,0,0,0,0,0,0,0,0,0,0,0,0,0,0,0,0,0,0,0,0,0,0,0,0,0,0,0,0,0,0
STAT,popedge,Iterations,65,7297568,102151,104253,103138,103643,111155,114278,108859,111216,113847,115065,115216,111078,114463,117825,113214,109667,111590,110670,109873,114069,115862,109115,104787,104037,101326,105666,113540,115623,109906,111626,112100,111123,110260,117099,118385,114508,113802,116091,116189,118568,119343,116049,114930,110451,111409,115919,112235,112346,112080,102571,113471,109548,107580,108355,117240,124083,122842,124609,124892,119741,125452,100462,105613,107042,104422
STAT,refine,Conflicts,65,3059,90,69,67,67,73,58,53,57,53,50,50,49,54,53,54,67,46,59,45,44,48,55,61,62,41,45,46,43,59,48,33,49,45,49,54,45,38,31,37,39,37,53,59,44,42,49,49,33,31,33,39,38,41,59,34,39,29,27,30,40,25,35,37,36,34
STAT,refine,Iterations,65,467813,5448,6220,5661,6843,8806,6107,7704,7454,7402,7232,6798,6729,6514,7044,8153,8943,6542,8388,7822,7003,6843,6899,7002,8083,7390,6214,6423,6748,7976,7112,7129,7828,8603,6973,8460,7226,7640,7178,6776,6902,6970,6722,8160,7210,7167,6245,7439,6922,6144,7322,6655,9296,8089,6583,7883,8711,7765,7424,6448,6683,6849,6246,6832,6622,7208
