Hello from MIC
Galois Benchmark Suite v2.2.0 (r0)
Copyright (C) 2013 The University of Texas at Austin
http://iss.ices.utexas.edu/galois/

application: GMetis
Partitions a graph into K parts and minimizing the graph cut
http://iss.ices.utexas.edu/?p=projects/galois/benchmarks/gMetis

INFO: CommandLine /work/02556/dpereira/MIC/apps/gmetis/gmetis -t=80 /work/02556/dpereira/Inputs/USA-road-d.W.gr 16
INFO: Hostname c557-903-mic0.stampede.tacc.utexas.edu
Created Graph with 6262104 nodes and 15248146 edges
Nodes 6262104| Edges 15248146 7624073

  Starting coarsening: 
Time coarsen:  2428 Size of final graph: 435

  Sarting initial partitioning using GGGP:
Size in decade percentages:  -0,15 1,1
Time clustering:  359

  Sarting refinnement with BKL2
Initial dist
Size in decade percentages:  -0,15 1,1
Refined dist
Size in decade percentages:  -1,6 0,5 1,5
Time refinement:  958


Time:  3921
Total edge cut : 1934

Part saved in : 0x7fff47513f60
STATTYPE,LOOP,CATEGORY,n,sum,T0,T1,T2,T3,T4,T5,T6,T7,T8,T9,T10,T11,T12,T13,T14,T15,T16,T17,T18,T19,T20,T21,T22,T23,T24,T25,T26,T27,T28,T29,T30,T31,T32,T33,T34,T35,T36,T37,T38,T39,T40,T41,T42,T43,T44,T45,T46,T47,T48,T49,T50,T51,T52,T53,T54,T55,T56,T57,T58,T59,T60,T61,T62,T63,T64,T65,T66,T67,T68,T69,T70,T71,T72,T73,T74,T75,T76,T77,T78,T79
STAT,(NULL),Coarsen,80,2428,2428,0,0,0,0,0,0,0,0,0,0,0,0,0,0,0,0,0,0,0,0,0,0,0,0,0,0,0,0,0,0,0,0,0,0,0,0,0,0,0,0,0,0,0,0,0,0,0,0,0,0,0,0,0,0,0,0,0,0,0,0,0,0,0,0,0,0,0,0,0,0,0,0,0,0,0,0,0,0,0
STAT,(NULL),Conflicts,80,0,0,0,0,0,0,0,0,0,0,0,0,0,0,0,0,0,0,0,0,0,0,0,0,0,0,0,0,0,0,0,0,0,0,0,0,0,0,0,0,0,0,0,0,0,0,0,0,0,0,0,0,0,0,0,0,0,0,0,0,0,0,0,0,0,0,0,0,0,0,0,0,0,0,0,0,0,0,0,0,0
STAT,(NULL),Iterations,80,31,5,0,0,0,0,0,0,0,0,0,0,1,3,0,0,0,0,0,0,0,0,0,1,2,0,0,0,0,0,0,1,1,0,0,1,0,0,1,0,0,0,0,0,0,2,0,0,0,0,3,0,0,1,0,0,3,2,0,0,0,0,0,0,0,0,0,0,0,0,0,0,0,0,4,0,0,0,0,0,0
STAT,(NULL),MeminfoPost,80,756370,9460,9479,9463,9440,9495,9514,9439,9452,9480,9470,9431,9476,9432,9452,9472,9461,9442,9481,9537,9445,9448,9478,9468,9440,9459,9459,9436,9467,9487,9450,9465,9453,9435,9439,9448,9464,9438,9421,9439,9488,9452,9449,9436,9423,9467,9480,9432,9444,9436,9415,9448,9421,9512,9485,9441,9428,9441,9478,9439,9443,9425,9440,9428,9511,9486,9431,9436,9517,9499,9437,9450,9439,9418,9456,9406,9424,9442,9444,9457,9451
STAT,(NULL),MeminfoPre,80,189090,2369,2388,2372,2349,2404,2423,2348,2361,2389,2379,2340,2385,2341,2361,2381,2370,2351,2390,2446,2354,2357,2387,2377,2349,2368,2368,2345,2376,2396,2359,2374,2362,2344,2348,2357,2373,2347,2330,2348,2397,2361,2358,2345,2332,2376,2389,2341,2353,2345,2324,2357,2330,2421,2394,2350,2337,2350,2387,2348,2352,2334,2349,2337,2420,2395,2340,2345,2426,2408,2346,2359,2348,2327,2365,2315,2333,2351,2353,2366,2360
STAT,(NULL),Partition,80,359,359,0,0,0,0,0,0,0,0,0,0,0,0,0,0,0,0,0,0,0,0,0,0,0,0,0,0,0,0,0,0,0,0,0,0,0,0,0,0,0,0,0,0,0,0,0,0,0,0,0,0,0,0,0,0,0,0,0,0,0,0,0,0,0,0,0,0,0,0,0,0,0,0,0,0,0,0,0,0,0
STAT,(NULL),Refine,80,958,958,0,0,0,0,0,0,0,0,0,0,0,0,0,0,0,0,0,0,0,0,0,0,0,0,0,0,0,0,0,0,0,0,0,0,0,0,0,0,0,0,0,0,0,0,0,0,0,0,0,0,0,0,0,0,0,0,0,0,0,0,0,0,0,0,0,0,0,0,0,0,0,0,0,0,0,0,0,0,0
STAT,(NULL),Threads,80,80,80,0,0,0,0,0,0,0,0,0,0,0,0,0,0,0,0,0,0,0,0,0,0,0,0,0,0,0,0,0,0,0,0,0,0,0,0,0,0,0,0,0,0,0,0,0,0,0,0,0,0,0,0,0,0,0,0,0,0,0,0,0,0,0,0,0,0,0,0,0,0,0,0,0,0,0,0,0,0,0
STAT,(NULL),Time,80,3921,3921,0,0,0,0,0,0,0,0,0,0,0,0,0,0,0,0,0,0,0,0,0,0,0,0,0,0,0,0,0,0,0,0,0,0,0,0,0,0,0,0,0,0,0,0,0,0,0,0,0,0,0,0,0,0,0,0,0,0,0,0,0,0,0,0,0,0,0,0,0,0,0,0,0,0,0,0,0,0,0
STAT,match,Conflicts,80,5959,155,127,120,109,120,106,106,113,158,119,82,91,85,91,80,120,110,122,96,64,62,60,70,72,58,79,76,71,66,55,56,42,58,69,54,73,67,59,77,71,58,67,61,57,61,66,61,80,53,65,65,75,60,60,49,59,60,57,57,53,56,45,79,56,70,66,44,55,51,104,72,45,61,65,80,52,60,71,75,59
STAT,match,Iterations,80,14982030,141860,156779,168791,147872,165045,152309,162913,153160,161335,158717,175365,168452,181860,175454,168755,161890,133619,152159,168485,200853,204717,193486,196607,210151,217777,198773,195686,175833,184428,206930,196001,207825,206245,191618,200240,180032,207042,208593,196849,180633,215214,203030,200213,199724,203938,194379,221723,184052,207789,214880,205825,200745,188077,180817,209117,201244,193159,180274,206780,201735,200921,190191,185932,189852,172243,182833,188481,193668,185747,170130,201756,200494,197897,177011,191313,198210,204674,158339,179346,185138
STAT,popedge,Conflicts,80,0,0,0,0,0,0,0,0,0,0,0,0,0,0,0,0,0,0,0,0,0,0,0,0,0,0,0,0,0,0,0,0,0,0,0,0,0,0,0,0,0,0,0,0,0,0,0,0,0,0,0,0,0,0,0,0,0,0,0,0,0,0,0,0,0,0,0,0,0,0,0,0,0,0,0,0,0,0,0,0,0
STAT,popedge,Iterations,80,7341390,87224,84294,81355,85649,84151,81164,88895,88431,87960,86667,89622,90038,88693,91488,87269,87776,80744,89201,83632,97329,96744,94919,93707,96588,95112,95467,99016,89137,89678,90655,89370,87982,93962,97549,94655,96023,94823,96888,94858,95423,94583,102071,103064,106090,98786,96955,98339,102348,99918,101624,98656,99842,94838,96618,93337,100847,98643,93901,97575,97925,97422,84375,84477,79666,80028,80461,79491,91028,88091,86658,86379,90899,88751,89747,93902,87160,88718,81330,93065,89644
STAT,refine,Conflicts,80,4343,173,165,153,141,123,121,113,107,97,89,79,70,92,96,96,86,70,75,56,60,37,59,50,60,62,61,62,51,59,72,48,30,46,47,44,58,36,45,35,31,32,20,44,44,26,48,44,49,46,33,34,51,49,47,32,25,38,37,19,39,37,19,16,25,29,32,38,23,20,26,24,19,18,34,30,30,38,26,20,27
STAT,refine,Iterations,80,39425,691,717,720,687,404,499,638,506,459,418,398,291,478,414,524,449,401,533,355,542,335,548,370,342,381,648,638,488,402,532,413,404,562,384,431,571,521,713,636,926,593,395,467,584,403,459,443,495,742,482,720,517,1085,780,396,305,440,505,362,503,548,536,454,738,501,261,436,619,456,327,415,306,252,274,306,327,326,455,419,424
