Hello from MIC
Galois Benchmark Suite v2.2.0 (r0)
Copyright (C) 2013 The University of Texas at Austin
http://iss.ices.utexas.edu/galois/

application: GMetis
Partitions a graph into K parts and minimizing the graph cut
http://iss.ices.utexas.edu/?p=projects/galois/benchmarks/gMetis

INFO: CommandLine /work/02556/dpereira/MIC/apps/gmetis/gmetis -t=160 /work/02556/dpereira/Inputs/USA-road-d.W.gr 16
INFO: Hostname c558-002-mic0.stampede.tacc.utexas.edu
Created Graph with 6262104 nodes and 15248146 edges
Nodes 6262104| Edges 15248146 7624073

  Starting coarsening: 
Time coarsen:  3269 Size of final graph: 442

  Sarting initial partitioning using GGGP:
Size in decade percentages:  -0,16
Time clustering:  364

  Sarting refinnement with BKL2
Initial dist
Size in decade percentages:  -0,16
Refined dist
Size in decade percentages:  -1,5 -0,5 1,6
Time refinement:  1929


Time:  5738
Total edge cut : 1953

Part saved in : 0x7fff33da3c60
STATTYPE,LOOP,CATEGORY,n,sum,T0,T1,T2,T3,T4,T5,T6,T7,T8,T9,T10,T11,T12,T13,T14,T15,T16,T17,T18,T19,T20,T21,T22,T23,T24,T25,T26,T27,T28,T29,T30,T31,T32,T33,T34,T35,T36,T37,T38,T39,T40,T41,T42,T43,T44,T45,T46,T47,T48,T49,T50,T51,T52,T53,T54,T55,T56,T57,T58,T59,T60,T61,T62,T63,T64,T65,T66,T67,T68,T69,T70,T71,T72,T73,T74,T75,T76,T77,T78,T79,T80,T81,T82,T83,T84,T85,T86,T87,T88,T89,T90,T91,T92,T93,T94,T95,T96,T97,T98,T99,T100,T101,T102,T103,T104,T105,T106,T107,T108,T109,T110,T111,T112,T113,T114,T115,T116,T117,T118,T119,T120,T121,T122,T123,T124,T125,T126,T127,T128,T129,T130,T131,T132,T133,T134,T135,T136,T137,T138,T139,T140,T141,T142,T143,T144,T145,T146,T147,T148,T149,T150,T151,T152,T153,T154,T155,T156,T157,T158,T159
STAT,(NULL),Coarsen,160,3269,3269,0,0,0,0,0,0,0,0,0,0,0,0,0,0,0,0,0,0,0,0,0,0,0,0,0,0,0,0,0,0,0,0,0,0,0,0,0,0,0,0,0,0,0,0,0,0,0,0,0,0,0,0,0,0,0,0,0,0,0,0,0,0,0,0,0,0,0,0,0,0,0,0,0,0,0,0,0,0,0,0,0,0,0,0,0,0,0,0,0,0,0,0,0,0,0,0,0,0,0,0,0,0,0,0,0,0,0,0,0,0,0,0,0,0,0,0,0,0,0,0,0,0,0,0,0,0,0,0,0,0,0,0,0,0,0,0,0,0,0,0,0,0,0,0,0,0,0,0,0,0,0,0,0,0,0,0,0,0,0
STAT,(NULL),Conflicts,160,0,0,0,0,0,0,0,0,0,0,0,0,0,0,0,0,0,0,0,0,0,0,0,0,0,0,0,0,0,0,0,0,0,0,0,0,0,0,0,0,0,0,0,0,0,0,0,0,0,0,0,0,0,0,0,0,0,0,0,0,0,0,0,0,0,0,0,0,0,0,0,0,0,0,0,0,0,0,0,0,0,0,0,0,0,0,0,0,0,0,0,0,0,0,0,0,0,0,0,0,0,0,0,0,0,0,0,0,0,0,0,0,0,0,0,0,0,0,0,0,0,0,0,0,0,0,0,0,0,0,0,0,0,0,0,0,0,0,0,0,0,0,0,0,0,0,0,0,0,0,0,0,0,0,0,0,0,0,0,0,0
STAT,(NULL),Iterations,160,31,5,0,0,0,0,0,0,0,0,0,0,0,0,0,0,0,3,0,1,0,0,0,0,0,0,0,0,0,0,0,0,0,0,0,0,0,0,0,0,0,0,0,0,1,1,1,2,0,0,0,0,0,0,1,1,1,0,0,0,0,0,0,0,0,0,0,0,0,0,0,0,0,0,0,0,0,0,0,0,0,0,0,0,0,0,0,0,2,0,0,0,0,0,0,2,0,0,0,0,0,0,0,0,0,0,0,0,0,2,0,0,3,0,0,0,0,0,1,0,0,0,0,0,0,0,0,0,0,0,0,0,4,0,0,0,0,0,0,0,0,0,0,0,0,0,0,0,0,0,0,0,0,0,0,0,0,0,0,0,0
STAT,(NULL),MeminfoPost,160,756646,4735,4729,4742,4740,4730,4737,4708,4735,4740,4759,4781,4736,4721,4721,4720,4736,4742,4742,4736,4737,4713,4721,4740,4740,4722,4713,4723,4732,4727,4748,4732,4732,4733,4713,4736,4749,4762,4779,4726,4723,4720,4731,4730,4751,4736,4735,4731,4712,4725,4737,4740,4722,4714,4726,4736,4736,4722,4768,4726,4727,4736,4733,4730,4727,4723,4715,4736,4707,4717,4734,4742,4726,4722,4719,4717,4708,4717,4726,4730,4762,4743,4713,4717,4735,4732,4708,4703,4724,4733,4738,4742,4741,4721,4715,4735,4713,4723,4717,4708,4710,4715,4737,4714,4710,4750,4765,4758,4730,4715,4729,4728,4704,4714,4730,4737,4744,4727,4715,4728,4718,4719,4709,4717,4727,4712,4720,4758,4756,4760,4730,4715,4719,4713,4727,4765,4756,4744,4758,4723,4718,4728,4726,4721,4721,4702,4720,4718,4741,4705,4704,4724,4703,4733,4714,4717,4730,4730,4730,4720,4731
STAT,(NULL),MeminfoPre,160,189126,1188,1182,1195,1193,1183,1190,1161,1188,1193,1212,1234,1189,1174,1174,1173,1189,1195,1195,1189,1190,1166,1174,1193,1193,1175,1166,1176,1185,1180,1201,1185,1185,1186,1166,1189,1202,1215,1232,1179,1176,1173,1184,1183,1204,1189,1188,1184,1165,1178,1190,1193,1175,1167,1179,1189,1189,1175,1221,1179,1180,1189,1186,1183,1180,1176,1168,1189,1160,1170,1187,1195,1179,1175,1172,1170,1161,1170,1179,1183,1215,1196,1166,1170,1188,1185,1161,1156,1177,1186,1191,1195,1194,1174,1168,1188,1166,1176,1170,1161,1163,1168,1190,1167,1163,1203,1218,1211,1183,1168,1182,1181,1157,1167,1183,1190,1197,1180,1168,1181,1171,1172,1162,1170,1180,1165,1173,1211,1209,1213,1183,1168,1172,1166,1180,1218,1209,1197,1211,1176,1171,1181,1179,1174,1174,1155,1173,1171,1194,1158,1157,1177,1156,1186,1167,1170,1183,1183,1183,1173,1184
STAT,(NULL),Partition,160,364,364,0,0,0,0,0,0,0,0,0,0,0,0,0,0,0,0,0,0,0,0,0,0,0,0,0,0,0,0,0,0,0,0,0,0,0,0,0,0,0,0,0,0,0,0,0,0,0,0,0,0,0,0,0,0,0,0,0,0,0,0,0,0,0,0,0,0,0,0,0,0,0,0,0,0,0,0,0,0,0,0,0,0,0,0,0,0,0,0,0,0,0,0,0,0,0,0,0,0,0,0,0,0,0,0,0,0,0,0,0,0,0,0,0,0,0,0,0,0,0,0,0,0,0,0,0,0,0,0,0,0,0,0,0,0,0,0,0,0,0,0,0,0,0,0,0,0,0,0,0,0,0,0,0,0,0,0,0,0,0
STAT,(NULL),Refine,160,1929,1929,0,0,0,0,0,0,0,0,0,0,0,0,0,0,0,0,0,0,0,0,0,0,0,0,0,0,0,0,0,0,0,0,0,0,0,0,0,0,0,0,0,0,0,0,0,0,0,0,0,0,0,0,0,0,0,0,0,0,0,0,0,0,0,0,0,0,0,0,0,0,0,0,0,0,0,0,0,0,0,0,0,0,0,0,0,0,0,0,0,0,0,0,0,0,0,0,0,0,0,0,0,0,0,0,0,0,0,0,0,0,0,0,0,0,0,0,0,0,0,0,0,0,0,0,0,0,0,0,0,0,0,0,0,0,0,0,0,0,0,0,0,0,0,0,0,0,0,0,0,0,0,0,0,0,0,0,0,0,0
STAT,(NULL),Threads,160,160,160,0,0,0,0,0,0,0,0,0,0,0,0,0,0,0,0,0,0,0,0,0,0,0,0,0,0,0,0,0,0,0,0,0,0,0,0,0,0,0,0,0,0,0,0,0,0,0,0,0,0,0,0,0,0,0,0,0,0,0,0,0,0,0,0,0,0,0,0,0,0,0,0,0,0,0,0,0,0,0,0,0,0,0,0,0,0,0,0,0,0,0,0,0,0,0,0,0,0,0,0,0,0,0,0,0,0,0,0,0,0,0,0,0,0,0,0,0,0,0,0,0,0,0,0,0,0,0,0,0,0,0,0,0,0,0,0,0,0,0,0,0,0,0,0,0,0,0,0,0,0,0,0,0,0,0,0,0,0,0
STAT,(NULL),Time,160,5738,5738,0,0,0,0,0,0,0,0,0,0,0,0,0,0,0,0,0,0,0,0,0,0,0,0,0,0,0,0,0,0,0,0,0,0,0,0,0,0,0,0,0,0,0,0,0,0,0,0,0,0,0,0,0,0,0,0,0,0,0,0,0,0,0,0,0,0,0,0,0,0,0,0,0,0,0,0,0,0,0,0,0,0,0,0,0,0,0,0,0,0,0,0,0,0,0,0,0,0,0,0,0,0,0,0,0,0,0,0,0,0,0,0,0,0,0,0,0,0,0,0,0,0,0,0,0,0,0,0,0,0,0,0,0,0,0,0,0,0,0,0,0,0,0,0,0,0,0,0,0,0,0,0,0,0,0,0,0,0,0
STAT,match,Conflicts,160,6473,61,63,58,62,60,55,56,64,73,59,56,47,62,69,57,57,48,62,65,63,58,64,53,49,57,65,43,50,55,42,46,51,44,40,54,49,53,49,47,36,37,38,31,48,40,45,36,49,40,36,45,40,44,42,35,35,40,43,41,43,37,27,21,31,31,28,28,30,39,36,26,40,28,34,32,32,32,37,37,32,42,34,30,38,39,45,44,37,30,33,38,32,34,42,35,44,41,38,33,44,32,36,34,27,37,41,41,31,37,36,29,42,35,40,32,30,31,36,31,27,39,37,28,32,32,34,25,40,35,30,38,31,35,30,41,32,36,29,40,32,32,41,32,37,35,33,38,41,48,31,34,33,37,35,32,33,37,30,44,28
STAT,match,Iterations,160,15036765,61800,79383,69995,67002,70398,78072,82896,72347,80014,66080,78030,74635,80938,65304,79799,72689,93092,86032,66865,73512,75552,74733,94718,75178,73553,71627,89102,86397,75445,91079,83414,68179,84678,92718,78822,74476,81905,83977,96193,116140,77169,92671,117608,91676,101853,90386,115665,89406,106107,92787,97146,108389,95292,85869,98346,95164,96581,82275,99422,105218,99568,95132,90494,69718,91478,82733,97688,108039,73706,99758,103042,102079,95749,84773,121440,81065,93522,102117,94794,107211,103932,108255,117737,93537,105175,91246,89228,83036,103629,97121,78466,107981,114866,95830,97048,84736,91886,102431,111557,125361,106929,123873,91694,121196,97935,101572,87035,117496,112455,107026,106044,83986,111460,110838,107629,112317,87413,102629,116771,127675,108461,94889,80751,86729,102154,89543,116413,68655,95475,101184,104898,96322,87781,92365,83738,108400,102047,119160,85920,112147,82357,103620,134070,109574,100660,86696,115205,93797,96530,100898,99385,92657,87902,92562,83299,91751,100022,93160,91805,106847
STAT,popedge,Conflicts,160,0,0,0,0,0,0,0,0,0,0,0,0,0,0,0,0,0,0,0,0,0,0,0,0,0,0,0,0,0,0,0,0,0,0,0,0,0,0,0,0,0,0,0,0,0,0,0,0,0,0,0,0,0,0,0,0,0,0,0,0,0,0,0,0,0,0,0,0,0,0,0,0,0,0,0,0,0,0,0,0,0,0,0,0,0,0,0,0,0,0,0,0,0,0,0,0,0,0,0,0,0,0,0,0,0,0,0,0,0,0,0,0,0,0,0,0,0,0,0,0,0,0,0,0,0,0,0,0,0,0,0,0,0,0,0,0,0,0,0,0,0,0,0,0,0,0,0,0,0,0,0,0,0,0,0,0,0,0,0,0,0
STAT,popedge,Iterations,160,7368642,40044,42270,41690,42767,44277,40368,44146,44128,43373,43032,42943,42255,45013,45426,44196,45066,41787,42749,43751,46982,46438,46310,47235,46082,47250,45470,46924,46787,44925,43736,46722,45977,44670,43931,44469,45005,43936,44687,52734,52205,53198,53202,48514,52198,47991,49619,50641,51152,49970,50018,51598,50987,50303,49061,47252,47847,49331,47535,46504,45870,46835,40782,41088,42189,40721,43485,37780,43973,41240,42050,41433,42106,41471,44557,41909,42332,45102,42481,45036,43342,45310,45557,46380,46007,46352,46187,44898,46033,44839,45445,44439,43897,44147,46521,43458,46309,43841,46207,42477,49575,52380,50944,52725,53991,51864,50590,53572,49698,52052,49537,48813,51576,52571,48327,50562,50304,49896,47915,50417,53853,51393,49918,41057,40712,39837,41497,41880,40173,43241,42862,43287,43371,43784,44447,44733,45614,45452,47403,44345,46865,45405,46299,48212,45560,45997,47469,45711,45365,47395,45952,45144,47766,45200,49099,46711,45079,45706,44774,44172,45830
STAT,refine,Conflicts,160,5480,123,119,99,124,113,103,113,114,96,87,92,86,82,79,83,77,69,65,75,56,63,63,52,72,65,48,57,48,58,61,52,48,43,40,25,36,51,50,35,34,36,36,40,40,36,32,38,47,35,33,27,30,35,39,30,30,32,39,28,36,39,7,10,11,28,17,19,21,19,22,14,22,15,14,19,25,20,28,20,17,17,21,13,20,30,13,18,15,7,16,15,21,25,17,19,12,14,18,20,29,16,15,22,33,32,26,19,28,31,24,16,7,24,19,23,15,19,22,30,19,25,22,15,13,13,11,20,22,24,17,24,19,12,16,19,16,23,24,18,30,17,17,23,14,15,19,10,20,20,26,16,22,13,21,27,17,15,13,17,13
STAT,refine,Iterations,160,40737,330,352,381,373,466,325,427,352,460,286,391,364,272,297,312,356,449,404,310,268,331,283,269,278,281,233,271,221,176,311,236,288,172,198,181,265,287,301,271,218,257,304,330,378,219,282,292,190,198,222,186,261,308,248,229,215,138,202,217,208,304,129,136,142,229,182,227,211,259,323,267,320,175,135,299,220,250,409,299,226,281,332,136,205,284,129,180,224,245,214,294,312,331,143,186,148,151,247,255,351,200,367,325,366,365,324,216,236,243,168,156,126,318,251,303,244,312,127,289,183,254,285,120,166,255,130,318,236,262,179,314,247,193,271,154,171,307,264,290,372,217,293,293,239,176,194,125,179,268,231,185,187,162,203,172,188,251,236,274,237
