Hello from MIC
Galois Benchmark Suite v2.2.0 (r0)
Copyright (C) 2013 The University of Texas at Austin
http://iss.ices.utexas.edu/galois/

application: GMetis
Partitions a graph into K parts and minimizing the graph cut
http://iss.ices.utexas.edu/?p=projects/galois/benchmarks/gMetis

INFO: CommandLine /work/02556/dpereira/MIC/apps/gmetis/gmetis -t=77 /work/02556/dpereira/Inputs/USA-road-d.W.gr 128
INFO: Hostname c557-903-mic0.stampede.tacc.utexas.edu
Created Graph with 6262104 nodes and 15248146 edges
Nodes 6262104| Edges 15248146 7624073

  Starting coarsening: 
Time coarsen:  2310 Size of final graph: 3070

  Sarting initial partitioning using GGGP:
Size in decade percentages:  -1,6 -0,115 1,7
Time clustering:  407

  Sarting refinnement with BKL2
Initial dist
Size in decade percentages:  -1,6 -0,115 1,7
Refined dist
Size in decade percentages:  -1,44 0,40 1,44
Time refinement:  841


Time:  3734
Total edge cut : 7998

Part saved in : 0x7fff97838f60
STATTYPE,LOOP,CATEGORY,n,sum,T0,T1,T2,T3,T4,T5,T6,T7,T8,T9,T10,T11,T12,T13,T14,T15,T16,T17,T18,T19,T20,T21,T22,T23,T24,T25,T26,T27,T28,T29,T30,T31,T32,T33,T34,T35,T36,T37,T38,T39,T40,T41,T42,T43,T44,T45,T46,T47,T48,T49,T50,T51,T52,T53,T54,T55,T56,T57,T58,T59,T60,T61,T62,T63,T64,T65,T66,T67,T68,T69,T70,T71,T72,T73,T74,T75,T76
STAT,(NULL),Coarsen,77,2310,2310,0,0,0,0,0,0,0,0,0,0,0,0,0,0,0,0,0,0,0,0,0,0,0,0,0,0,0,0,0,0,0,0,0,0,0,0,0,0,0,0,0,0,0,0,0,0,0,0,0,0,0,0,0,0,0,0,0,0,0,0,0,0,0,0,0,0,0,0,0,0,0,0,0,0,0,0
STAT,(NULL),Conflicts,77,0,0,0,0,0,0,0,0,0,0,0,0,0,0,0,0,0,0,0,0,0,0,0,0,0,0,0,0,0,0,0,0,0,0,0,0,0,0,0,0,0,0,0,0,0,0,0,0,0,0,0,0,0,0,0,0,0,0,0,0,0,0,0,0,0,0,0,0,0,0,0,0,0,0,0,0,0,0
STAT,(NULL),Iterations,77,255,8,3,2,3,3,0,5,1,0,1,5,0,0,3,1,0,2,3,7,1,7,5,2,3,2,0,2,4,5,9,3,0,5,7,7,2,0,4,4,6,7,5,4,0,6,7,4,3,2,1,2,6,4,3,6,0,5,3,3,4,7,5,1,6,3,6,2,2,2,3,5,0,0,2,4,7,0
STAT,(NULL),MeminfoPost,77,756327,9828,9842,9826,9815,9894,9843,9805,9844,9843,9816,9816,9833,9803,9825,9854,9814,9821,9904,9833,9808,9836,9850,9813,9822,9827,9805,9831,9862,9817,9827,9820,9807,9795,9835,9815,9809,9782,9819,9871,9794,9828,9774,9825,9851,9815,9808,9806,9780,9813,9785,9879,9853,9814,9788,9815,9841,9811,9810,9781,9808,9826,9885,9816,9793,9856,9873,9829,9816,9814,9779,9811,9793,9783,9811,9808,9825,9820
STAT,(NULL),MeminfoPre,77,189068,2461,2475,2459,2448,2527,2476,2438,2477,2476,2449,2449,2466,2436,2458,2487,2447,2454,2537,2466,2441,2469,2483,2446,2455,2460,2438,2464,2495,2450,2460,2453,2440,2428,2468,2448,2442,2415,2452,2504,2427,2461,2407,2458,2484,2448,2441,2439,2413,2446,2418,2512,2486,2447,2421,2448,2474,2444,2443,2414,2441,2459,2518,2449,2426,2489,2506,2462,2449,2447,2412,2444,2426,2416,2444,2441,2458,2453
STAT,(NULL),Partition,77,407,407,0,0,0,0,0,0,0,0,0,0,0,0,0,0,0,0,0,0,0,0,0,0,0,0,0,0,0,0,0,0,0,0,0,0,0,0,0,0,0,0,0,0,0,0,0,0,0,0,0,0,0,0,0,0,0,0,0,0,0,0,0,0,0,0,0,0,0,0,0,0,0,0,0,0,0,0
STAT,(NULL),Refine,77,841,841,0,0,0,0,0,0,0,0,0,0,0,0,0,0,0,0,0,0,0,0,0,0,0,0,0,0,0,0,0,0,0,0,0,0,0,0,0,0,0,0,0,0,0,0,0,0,0,0,0,0,0,0,0,0,0,0,0,0,0,0,0,0,0,0,0,0,0,0,0,0,0,0,0,0,0,0
STAT,(NULL),Threads,77,77,77,0,0,0,0,0,0,0,0,0,0,0,0,0,0,0,0,0,0,0,0,0,0,0,0,0,0,0,0,0,0,0,0,0,0,0,0,0,0,0,0,0,0,0,0,0,0,0,0,0,0,0,0,0,0,0,0,0,0,0,0,0,0,0,0,0,0,0,0,0,0,0,0,0,0,0,0
STAT,(NULL),Time,77,3734,3734,0,0,0,0,0,0,0,0,0,0,0,0,0,0,0,0,0,0,0,0,0,0,0,0,0,0,0,0,0,0,0,0,0,0,0,0,0,0,0,0,0,0,0,0,0,0,0,0,0,0,0,0,0,0,0,0,0,0,0,0,0,0,0,0,0,0,0,0,0,0,0,0,0,0,0,0
STAT,match,Conflicts,77,5795,172,134,142,109,152,152,126,109,110,97,160,107,120,103,89,92,58,79,73,83,60,72,78,70,80,69,73,61,54,66,59,64,46,67,59,68,57,52,51,44,45,70,70,47,51,50,65,52,68,51,69,52,69,59,64,63,50,54,52,50,55,68,58,50,49,81,95,65,49,69,51,106,78,78,80,55,40
STAT,match,Iterations,77,14992837,145455,162485,175774,162816,152047,169708,179818,166387,175401,182476,170643,163566,168121,184862,161969,180550,202114,187906,205107,200731,208613,189369,203337,201185,211231,207275,172252,185094,208077,199850,193281,212574,206445,190026,206539,203938,211094,217164,187211,213157,215034,223028,194522,207558,217035,213952,209910,215435,200151,220959,199744,205514,204332,193178,196365,201697,196522,216335,216711,215720,189109,160512,195623,199889,194664,190729,195501,201267,194859,195712,205264,190107,200448,196244,209171,184356,200032
STAT,popedge,Conflicts,77,0,0,0,0,0,0,0,0,0,0,0,0,0,0,0,0,0,0,0,0,0,0,0,0,0,0,0,0,0,0,0,0,0,0,0,0,0,0,0,0,0,0,0,0,0,0,0,0,0,0,0,0,0,0,0,0,0,0,0,0,0,0,0,0,0,0,0,0,0,0,0,0,0,0,0,0,0,0
STAT,popedge,Iterations,77,7349868,88298,87018,85489,90003,87786,89602,93284,88957,89225,90834,94146,91677,92008,93152,89210,87909,99258,97267,97244,101665,96475,98110,99720,99996,98709,98707,91366,90627,90907,92822,94850,97112,101322,97357,96113,98382,101318,96620,87992,105468,98954,107515,103020,98409,100629,100924,106712,103085,102999,99996,98939,96494,102809,103501,101900,96436,99434,100735,96652,97813,98373,85140,83419,83753,89427,90524,91712,91657,93095,95646,95772,95539,97986,93219,92207,94130,93308
STAT,refine,Conflicts,77,3847,136,133,122,117,103,89,99,91,73,84,76,77,74,71,82,52,48,69,50,67,52,52,56,47,56,60,47,50,51,51,41,32,44,39,32,38,23,33,46,32,24,37,30,34,42,44,30,33,34,32,32,34,34,42,42,34,38,44,42,43,34,37,29,33,30,29,34,35,16,26,28,30,35,28,36,39,28
STAT,refine,Iterations,77,134293,1876,1547,1726,1592,2087,1231,1704,1453,1512,1277,1366,1563,1317,1599,1845,1584,1597,2040,1569,2006,1942,1577,1304,1527,2018,1709,1727,1840,1610,1770,1517,1764,1655,2076,1786,1924,1944,2190,2329,2018,1765,1910,1690,1864,2386,1648,1989,1950,1577,1521,2568,1899,1818,1754,1828,1718,1729,1942,1605,1736,1611,2229,1486,1676,2079,2146,1240,1727,1316,1385,1457,1504,1499,1621,1871,1945,1886
