Hello from MIC
Galois Benchmark Suite v2.2.0 (r0)
Copyright (C) 2013 The University of Texas at Austin
http://iss.ices.utexas.edu/galois/

application: GMetis
Partitions a graph into K parts and minimizing the graph cut
http://iss.ices.utexas.edu/?p=projects/galois/benchmarks/gMetis

INFO: CommandLine /work/02556/dpereira/MIC/apps/gmetis/gmetis -t=187 /work/02556/dpereira/Inputs/USA-road-d.W.gr 128
INFO: Hostname c558-002-mic0.stampede.tacc.utexas.edu
Created Graph with 6262104 nodes and 15248146 edges
Nodes 6262104| Edges 15248146 7624073

  Starting coarsening: 
Time coarsen:  3023 Size of final graph: 3138

  Sarting initial partitioning using GGGP:
Size in decade percentages:  -1,7 -0,116 1,5
Time clustering:  442

  Sarting refinnement with BKL2
Initial dist
Size in decade percentages:  -1,7 -0,116 1,5
Refined dist
Size in decade percentages:  -1,46 0,36 1,46
Time refinement:  2045


Time:  5686
Total edge cut : 8288

Part saved in : 0x7fff0d4a3760
STATTYPE,LOOP,CATEGORY,n,sum,T0,T1,T2,T3,T4,T5,T6,T7,T8,T9,T10,T11,T12,T13,T14,T15,T16,T17,T18,T19,T20,T21,T22,T23,T24,T25,T26,T27,T28,T29,T30,T31,T32,T33,T34,T35,T36,T37,T38,T39,T40,T41,T42,T43,T44,T45,T46,T47,T48,T49,T50,T51,T52,T53,T54,T55,T56,T57,T58,T59,T60,T61,T62,T63,T64,T65,T66,T67,T68,T69,T70,T71,T72,T73,T74,T75,T76,T77,T78,T79,T80,T81,T82,T83,T84,T85,T86,T87,T88,T89,T90,T91,T92,T93,T94,T95,T96,T97,T98,T99,T100,T101,T102,T103,T104,T105,T106,T107,T108,T109,T110,T111,T112,T113,T114,T115,T116,T117,T118,T119,T120,T121,T122,T123,T124,T125,T126,T127,T128,T129,T130,T131,T132,T133,T134,T135,T136,T137,T138,T139,T140,T141,T142,T143,T144,T145,T146,T147,T148,T149,T150,T151,T152,T153,T154,T155,T156,T157,T158,T159,T160,T161,T162,T163,T164,T165,T166,T167,T168,T169,T170,T171,T172,T173,T174,T175,T176,T177,T178,T179,T180,T181,T182,T183,T184,T185,T186
STAT,(NULL),Coarsen,187,3023,3023,0,0,0,0,0,0,0,0,0,0,0,0,0,0,0,0,0,0,0,0,0,0,0,0,0,0,0,0,0,0,0,0,0,0,0,0,0,0,0,0,0,0,0,0,0,0,0,0,0,0,0,0,0,0,0,0,0,0,0,0,0,0,0,0,0,0,0,0,0,0,0,0,0,0,0,0,0,0,0,0,0,0,0,0,0,0,0,0,0,0,0,0,0,0,0,0,0,0,0,0,0,0,0,0,0,0,0,0,0,0,0,0,0,0,0,0,0,0,0,0,0,0,0,0,0,0,0,0,0,0,0,0,0,0,0,0,0,0,0,0,0,0,0,0,0,0,0,0,0,0,0,0,0,0,0,0,0,0,0,0,0,0,0,0,0,0,0,0,0,0,0,0,0,0,0,0,0,0,0,0,0,0,0,0,0,0
STAT,(NULL),Conflicts,187,0,0,0,0,0,0,0,0,0,0,0,0,0,0,0,0,0,0,0,0,0,0,0,0,0,0,0,0,0,0,0,0,0,0,0,0,0,0,0,0,0,0,0,0,0,0,0,0,0,0,0,0,0,0,0,0,0,0,0,0,0,0,0,0,0,0,0,0,0,0,0,0,0,0,0,0,0,0,0,0,0,0,0,0,0,0,0,0,0,0,0,0,0,0,0,0,0,0,0,0,0,0,0,0,0,0,0,0,0,0,0,0,0,0,0,0,0,0,0,0,0,0,0,0,0,0,0,0,0,0,0,0,0,0,0,0,0,0,0,0,0,0,0,0,0,0,0,0,0,0,0,0,0,0,0,0,0,0,0,0,0,0,0,0,0,0,0,0,0,0,0,0,0,0,0,0,0,0,0,0,0,0,0,0,0,0,0,0
STAT,(NULL),Iterations,187,255,8,2,0,0,1,2,0,0,2,0,0,0,5,3,0,3,0,5,0,3,3,0,3,2,3,0,0,0,1,2,2,2,0,3,1,0,2,4,4,0,0,5,1,2,0,0,3,5,3,0,1,2,0,1,4,2,1,1,0,3,0,0,0,0,2,0,0,1,0,0,3,1,0,0,2,2,0,0,2,0,0,2,0,0,2,6,2,0,0,6,1,0,0,1,1,0,0,0,0,5,1,4,0,1,0,7,0,3,0,4,0,0,1,0,1,1,2,2,2,0,1,0,7,0,0,1,2,4,0,2,0,0,0,0,3,5,1,2,4,0,2,3,2,0,0,1,1,0,0,2,2,0,3,0,2,0,3,0,3,3,5,0,2,4,1,1,1,0,3,1,1,1,1,0,0,0,2,4,0,0,0,0,0,0,0,1,0
STAT,(NULL),MeminfoPost,187,756935,4050,4038,4072,4050,4055,4052,4056,4033,4054,4041,4067,4084,4085,4055,4036,4040,4039,4055,4054,4062,4054,4056,4055,4038,4043,4040,4056,4064,4035,4040,4039,4048,4046,4051,4067,4056,4045,4046,4044,4042,4053,4065,4074,4101,4059,4034,4045,4039,4048,4050,4055,4076,4046,4053,4047,4035,4041,4049,4055,4056,4038,4036,4045,4052,4055,4040,4059,4082,4040,4047,4062,4052,4037,4056,4039,4043,4037,4054,4036,4025,4046,4055,4059,4047,4037,4044,4041,4036,4031,4035,4046,4041,4075,4071,4045,4035,4037,4046,4062,4032,4026,4029,4047,4051,4054,4062,4057,4046,4048,4030,4056,4035,4040,4045,4026,4034,4036,4032,4056,4035,4032,4049,4072,4075,4070,4057,4034,4039,4061,4032,4026,4035,4050,4051,4061,4051,4047,4035,4048,4039,4043,4034,4026,4039,4051,4032,4035,4065,4076,4074,4070,4043,4037,4037,4032,4047,4057,4077,4069,4061,4073,4050,4036,4046,4046,4043,4040,4046,4029,4028,4037,4031,4072,4029,4027,4038,4029,4025,4062,4037,4038,4043,4051,4047,4053,4037,4048
STAT,(NULL),MeminfoPre,187,189203,1014,1002,1036,1014,1019,1016,1020,997,1018,1005,1031,1048,1049,1019,1000,1004,1003,1019,1018,1026,1018,1020,1019,1002,1007,1004,1020,1028,999,1004,1003,1012,1010,1015,1031,1020,1009,1010,1008,1006,1017,1029,1038,1065,1023,998,1009,1003,1012,1014,1019,1040,1010,1017,1011,999,1005,1013,1019,1020,1002,1000,1009,1016,1019,1004,1023,1046,1004,1011,1026,1016,1001,1020,1003,1007,1001,1018,1000,989,1010,1019,1023,1011,1001,1008,1005,1000,995,999,1010,1005,1039,1035,1009,999,1001,1010,1026,996,990,993,1011,1015,1018,1026,1021,1010,1012,994,1020,999,1004,1009,990,998,1000,996,1020,999,996,1013,1036,1039,1034,1021,998,1003,1025,996,990,999,1014,1015,1025,1015,1011,999,1012,1003,1007,998,990,1003,1015,996,999,1029,1040,1038,1034,1007,1001,1001,996,1011,1021,1041,1033,1025,1037,1014,1000,1010,1010,1007,1004,1010,993,992,1001,995,1036,993,991,1002,993,989,1026,1001,1002,1007,1015,1011,1017,1001,1012
STAT,(NULL),Partition,187,442,442,0,0,0,0,0,0,0,0,0,0,0,0,0,0,0,0,0,0,0,0,0,0,0,0,0,0,0,0,0,0,0,0,0,0,0,0,0,0,0,0,0,0,0,0,0,0,0,0,0,0,0,0,0,0,0,0,0,0,0,0,0,0,0,0,0,0,0,0,0,0,0,0,0,0,0,0,0,0,0,0,0,0,0,0,0,0,0,0,0,0,0,0,0,0,0,0,0,0,0,0,0,0,0,0,0,0,0,0,0,0,0,0,0,0,0,0,0,0,0,0,0,0,0,0,0,0,0,0,0,0,0,0,0,0,0,0,0,0,0,0,0,0,0,0,0,0,0,0,0,0,0,0,0,0,0,0,0,0,0,0,0,0,0,0,0,0,0,0,0,0,0,0,0,0,0,0,0,0,0,0,0,0,0,0,0,0
STAT,(NULL),Refine,187,2045,2045,0,0,0,0,0,0,0,0,0,0,0,0,0,0,0,0,0,0,0,0,0,0,0,0,0,0,0,0,0,0,0,0,0,0,0,0,0,0,0,0,0,0,0,0,0,0,0,0,0,0,0,0,0,0,0,0,0,0,0,0,0,0,0,0,0,0,0,0,0,0,0,0,0,0,0,0,0,0,0,0,0,0,0,0,0,0,0,0,0,0,0,0,0,0,0,0,0,0,0,0,0,0,0,0,0,0,0,0,0,0,0,0,0,0,0,0,0,0,0,0,0,0,0,0,0,0,0,0,0,0,0,0,0,0,0,0,0,0,0,0,0,0,0,0,0,0,0,0,0,0,0,0,0,0,0,0,0,0,0,0,0,0,0,0,0,0,0,0,0,0,0,0,0,0,0,0,0,0,0,0,0,0,0,0,0,0
STAT,(NULL),Threads,187,187,187,0,0,0,0,0,0,0,0,0,0,0,0,0,0,0,0,0,0,0,0,0,0,0,0,0,0,0,0,0,0,0,0,0,0,0,0,0,0,0,0,0,0,0,0,0,0,0,0,0,0,0,0,0,0,0,0,0,0,0,0,0,0,0,0,0,0,0,0,0,0,0,0,0,0,0,0,0,0,0,0,0,0,0,0,0,0,0,0,0,0,0,0,0,0,0,0,0,0,0,0,0,0,0,0,0,0,0,0,0,0,0,0,0,0,0,0,0,0,0,0,0,0,0,0,0,0,0,0,0,0,0,0,0,0,0,0,0,0,0,0,0,0,0,0,0,0,0,0,0,0,0,0,0,0,0,0,0,0,0,0,0,0,0,0,0,0,0,0,0,0,0,0,0,0,0,0,0,0,0,0,0,0,0,0,0,0
STAT,(NULL),Time,187,5686,5686,0,0,0,0,0,0,0,0,0,0,0,0,0,0,0,0,0,0,0,0,0,0,0,0,0,0,0,0,0,0,0,0,0,0,0,0,0,0,0,0,0,0,0,0,0,0,0,0,0,0,0,0,0,0,0,0,0,0,0,0,0,0,0,0,0,0,0,0,0,0,0,0,0,0,0,0,0,0,0,0,0,0,0,0,0,0,0,0,0,0,0,0,0,0,0,0,0,0,0,0,0,0,0,0,0,0,0,0,0,0,0,0,0,0,0,0,0,0,0,0,0,0,0,0,0,0,0,0,0,0,0,0,0,0,0,0,0,0,0,0,0,0,0,0,0,0,0,0,0,0,0,0,0,0,0,0,0,0,0,0,0,0,0,0,0,0,0,0,0,0,0,0,0,0,0,0,0,0,0,0,0,0,0,0,0,0
STAT,match,Conflicts,187,6489,57,65,56,58,56,56,54,53,46,55,50,63,47,47,54,51,45,38,40,50,46,44,53,44,51,41,56,43,46,41,44,40,35,34,40,26,39,46,43,44,54,38,35,40,43,42,39,34,47,45,31,40,38,32,42,45,44,37,50,32,43,27,28,27,27,27,31,33,25,29,30,29,28,31,23,27,31,23,27,29,27,23,26,29,26,25,26,32,28,30,29,36,31,30,31,31,28,37,32,31,23,32,31,27,37,29,30,31,33,31,32,28,33,27,32,31,34,33,36,26,32,33,28,33,29,23,26,27,37,28,35,30,30,27,23,33,31,32,28,36,24,32,34,26,32,36,25,24,28,28,24,30,23,29,28,25,30,27,31,30,32,28,31,30,34,30,33,30,31,36,28,35,37,26,26,27,37,27,31,40,27,32,30,28,27,32,33
STAT,match,Iterations,187,15006713,58393,64407,48407,62880,79533,61833,66903,74385,64968,80617,65128,72834,72140,81344,66624,63531,57642,94719,56263,57817,70405,58711,67538,82148,63484,73178,74735,62220,66630,77943,66834,77123,91102,75936,68177,77914,64371,69434,58307,60295,64558,71401,67939,78636,75826,65855,78883,83188,70326,61247,84386,75830,71194,64929,67807,80492,67975,93746,82145,81595,78414,63160,78122,75709,81803,86812,67659,76182,88726,89425,90916,80450,83869,78710,95282,85120,87568,80072,86922,76645,87864,94484,84767,90544,93427,74777,74832,85850,97227,91008,83049,69990,78006,78926,87331,78436,86112,73487,71233,93144,100089,75024,76127,91299,87641,108698,89181,79347,89148,82102,107551,75719,81886,84221,72227,94616,81010,76165,103944,90666,77406,84567,83913,90962,72053,98350,90475,97386,89822,91566,78308,93471,72489,98515,93095,80188,77065,90875,86569,80017,87884,81846,82855,72506,83093,76454,78354,87461,97323,75248,71235,84794,96964,105646,85314,89884,94943,88304,72679,92611,89249,81376,85411,87753,92301,88523,85898,72740,84042,98312,93065,66113,75448,94757,85689,120127,71735,105847,86699,62067,64790,76726,77907,65883,97171,87722,79340
STAT,popedge,Conflicts,187,0,0,0,0,0,0,0,0,0,0,0,0,0,0,0,0,0,0,0,0,0,0,0,0,0,0,0,0,0,0,0,0,0,0,0,0,0,0,0,0,0,0,0,0,0,0,0,0,0,0,0,0,0,0,0,0,0,0,0,0,0,0,0,0,0,0,0,0,0,0,0,0,0,0,0,0,0,0,0,0,0,0,0,0,0,0,0,0,0,0,0,0,0,0,0,0,0,0,0,0,0,0,0,0,0,0,0,0,0,0,0,0,0,0,0,0,0,0,0,0,0,0,0,0,0,0,0,0,0,0,0,0,0,0,0,0,0,0,0,0,0,0,0,0,0,0,0,0,0,0,0,0,0,0,0,0,0,0,0,0,0,0,0,0,0,0,0,0,0,0,0,0,0,0,0,0,0,0,0,0,0,0,0,0,0,0,0,0
STAT,popedge,Iterations,187,7348373,35191,34288,35286,35178,38571,39411,36949,39496,39159,37661,38119,36849,38360,36767,38700,38110,37862,38463,41694,38435,37504,37749,39742,39816,40139,38882,37990,40275,41543,36135,40904,39581,38981,38154,42175,39669,40875,41610,41145,40919,40910,40769,39801,38941,39491,39200,40462,40473,40736,41665,39411,40071,39238,42270,39098,38482,40585,39303,39021,39925,41637,36064,34645,35350,33715,38875,37127,37941,39125,37971,36227,37748,37693,37937,39005,37155,38140,39751,39038,41293,38238,38131,37212,37499,39419,39447,38311,36857,38968,38386,35794,41338,39391,39494,39081,40356,39387,41713,41842,41229,40961,41505,40211,40209,38275,41631,39354,40307,39367,41320,38622,42976,41393,39800,40635,38604,40796,39830,39574,42725,39472,42737,34315,34492,35198,33223,39572,38697,36570,39852,38939,38594,39185,38183,39160,39317,38285,39332,39501,41889,39248,37506,38398,41717,38273,38493,39296,41039,39288,39563,38661,35710,39336,38882,39333,38330,42315,40411,41472,41022,40858,41807,43212,42354,38473,41962,40231,42720,40242,41975,39852,42432,39740,45016,40972,40000,39565,40809,43068,43823,41702,43190,42244,35598,36279,34871,35758
STAT,refine,Conflicts,187,6343,112,107,105,109,97,101,88,89,78,74,89,81,83,88,84,71,64,56,57,70,57,66,65,57,62,71,64,66,58,60,55,46,43,48,34,35,36,43,49,42,41,41,53,48,45,36,48,44,41,49,33,45,38,42,55,45,47,29,32,33,42,18,11,18,25,26,17,19,21,20,17,21,27,19,17,29,20,22,30,13,23,17,25,32,25,22,17,21,21,20,26,25,15,22,22,20,18,20,22,18,24,25,25,24,26,17,22,27,22,19,28,23,16,14,26,21,31,17,12,20,23,19,21,19,17,17,16,22,26,21,22,18,29,27,17,15,24,18,30,16,20,30,15,17,19,25,25,31,27,20,20,20,26,25,26,17,17,15,18,17,22,17,23,17,25,21,23,17,22,20,18,26,19,24,30,15,22,31,38,26,22,17,19,14,24,16,21
STAT,refine,Iterations,187,139922,764,800,704,838,851,767,759,708,904,833,823,890,1131,810,652,550,620,859,517,777,936,700,764,698,637,797,903,754,538,788,646,820,922,747,732,851,547,654,708,498,606,932,1034,788,709,600,708,730,666,690,793,803,555,602,666,750,702,683,771,839,864,548,749,532,724,814,632,996,569,1003,779,760,860,963,714,555,750,565,774,563,642,909,689,834,705,599,775,915,879,678,776,815,839,928,638,756,772,613,738,773,586,731,947,860,806,896,717,714,843,685,748,651,887,482,463,757,906,744,867,861,789,832,691,960,646,714,824,701,891,532,771,841,877,844,946,605,774,631,650,716,549,953,895,700,802,568,616,869,1029,843,644,722,628,812,787,656,924,946,753,756,705,616,651,810,859,660,759,522,510,892,689,763,623,688,667,478,733,885,1113,694,621,781,719,554,889,598,794
