Hello from MIC
Galois Benchmark Suite v2.2.0 (r0)
Copyright (C) 2013 The University of Texas at Austin
http://iss.ices.utexas.edu/galois/

application: GMetis
Partitions a graph into K parts and minimizing the graph cut
http://iss.ices.utexas.edu/?p=projects/galois/benchmarks/gMetis

INFO: CommandLine /work/02556/dpereira/MIC/apps/gmetis/gmetis -t=79 /work/02556/dpereira/Inputs/USA-road-d.W.gr 1024
INFO: Hostname c558-304-mic0.stampede.tacc.utexas.edu
Created Graph with 6262104 nodes and 15248146 edges
Nodes 6262104| Edges 15248146 7624073

  Starting coarsening: 
Time coarsen:  2107 Size of final graph: 40925

  Sarting initial partitioning using GGGP:
Size in decade percentages:  -0,1024
Time clustering:  1482

  Sarting refinnement with BKL2
Initial dist
Size in decade percentages:  -0,1024
Refined dist
Size in decade percentages:  -1,351 0,315 1,357 2,1
Time refinement:  890


Time:  4658
Total edge cut : 36545

Part saved in : 0x7fff7e5c2ae0
STATTYPE,LOOP,CATEGORY,n,sum,T0,T1,T2,T3,T4,T5,T6,T7,T8,T9,T10,T11,T12,T13,T14,T15,T16,T17,T18,T19,T20,T21,T22,T23,T24,T25,T26,T27,T28,T29,T30,T31,T32,T33,T34,T35,T36,T37,T38,T39,T40,T41,T42,T43,T44,T45,T46,T47,T48,T49,T50,T51,T52,T53,T54,T55,T56,T57,T58,T59,T60,T61,T62,T63,T64,T65,T66,T67,T68,T69,T70,T71,T72,T73,T74,T75,T76,T77,T78
STAT,(NULL),Coarsen,79,2107,2107,0,0,0,0,0,0,0,0,0,0,0,0,0,0,0,0,0,0,0,0,0,0,0,0,0,0,0,0,0,0,0,0,0,0,0,0,0,0,0,0,0,0,0,0,0,0,0,0,0,0,0,0,0,0,0,0,0,0,0,0,0,0,0,0,0,0,0,0,0,0,0,0,0,0,0,0,0,0
STAT,(NULL),Conflicts,79,0,0,0,0,0,0,0,0,0,0,0,0,0,0,0,0,0,0,0,0,0,0,0,0,0,0,0,0,0,0,0,0,0,0,0,0,0,0,0,0,0,0,0,0,0,0,0,0,0,0,0,0,0,0,0,0,0,0,0,0,0,0,0,0,0,0,0,0,0,0,0,0,0,0,0,0,0,0,0,0
STAT,(NULL),Iterations,79,2047,11,12,27,21,14,20,10,26,20,18,20,24,22,18,18,12,17,12,27,27,29,41,31,30,29,27,24,23,31,10,22,31,24,34,26,31,35,29,23,16,31,25,23,20,26,26,15,33,28,54,69,54,38,63,36,26,22,38,31,20,24,26,22,27,30,16,19,33,23,31,21,17,20,24,25,24,16,25,24
STAT,(NULL),MeminfoPost,79,756290,9580,9598,9577,9557,9620,9625,9558,9578,9598,9583,9553,9599,9543,9565,9599,9576,9579,9587,9663,9551,9576,9607,9578,9550,9596,9550,9568,9580,9608,9583,9569,9570,9567,9536,9587,9562,9557,9537,9572,9621,9545,9581,9525,9573,9596,9578,9558,9556,9538,9538,9566,9592,9630,9555,9568,9541,9593,9571,9558,9552,9533,9554,9625,9614,9555,9553,9627,9616,9563,9567,9564,9536,9572,9524,9542,9560,9563,9575,9570
STAT,(NULL),MeminfoPre,79,189070,2400,2418,2397,2377,2440,2445,2378,2398,2418,2403,2373,2419,2363,2385,2419,2396,2399,2407,2483,2371,2396,2427,2398,2370,2416,2370,2388,2400,2428,2403,2389,2390,2387,2356,2407,2382,2377,2357,2392,2441,2365,2401,2345,2393,2416,2398,2378,2376,2358,2358,2386,2412,2450,2375,2388,2361,2413,2391,2378,2372,2353,2374,2445,2434,2375,2373,2447,2436,2383,2387,2384,2356,2392,2344,2362,2380,2383,2395,2390
STAT,(NULL),Partition,79,1482,1482,0,0,0,0,0,0,0,0,0,0,0,0,0,0,0,0,0,0,0,0,0,0,0,0,0,0,0,0,0,0,0,0,0,0,0,0,0,0,0,0,0,0,0,0,0,0,0,0,0,0,0,0,0,0,0,0,0,0,0,0,0,0,0,0,0,0,0,0,0,0,0,0,0,0,0,0,0,0
STAT,(NULL),Refine,79,890,890,0,0,0,0,0,0,0,0,0,0,0,0,0,0,0,0,0,0,0,0,0,0,0,0,0,0,0,0,0,0,0,0,0,0,0,0,0,0,0,0,0,0,0,0,0,0,0,0,0,0,0,0,0,0,0,0,0,0,0,0,0,0,0,0,0,0,0,0,0,0,0,0,0,0,0,0,0,0
STAT,(NULL),Threads,79,79,79,0,0,0,0,0,0,0,0,0,0,0,0,0,0,0,0,0,0,0,0,0,0,0,0,0,0,0,0,0,0,0,0,0,0,0,0,0,0,0,0,0,0,0,0,0,0,0,0,0,0,0,0,0,0,0,0,0,0,0,0,0,0,0,0,0,0,0,0,0,0,0,0,0,0,0,0,0,0
STAT,(NULL),Time,79,4658,4658,0,0,0,0,0,0,0,0,0,0,0,0,0,0,0,0,0,0,0,0,0,0,0,0,0,0,0,0,0,0,0,0,0,0,0,0,0,0,0,0,0,0,0,0,0,0,0,0,0,0,0,0,0,0,0,0,0,0,0,0,0,0,0,0,0,0,0,0,0,0,0,0,0,0,0,0,0,0
STAT,match,Conflicts,79,5235,130,141,113,100,87,91,125,77,109,93,92,103,94,89,76,82,100,76,63,68,48,73,67,46,65,70,63,49,72,53,42,51,52,70,47,52,55,45,66,45,60,54,47,60,55,63,48,51,44,48,47,49,41,50,39,55,60,57,44,46,46,43,78,75,57,59,56,92,36,72,76,63,67,60,73,36,53,68,67
STAT,match,Iterations,79,14901544,151464,140575,157182,176991,149202,163293,155299,172466,151902,185761,163762,177611,184515,164880,151773,171782,165221,163765,174515,215205,206585,192936,188009,222340,203313,194295,189523,181028,170695,205491,196679,223669,201043,203573,200464,211286,202495,209188,212122,184442,203366,180220,226497,186449,191974,184546,201838,195034,231852,205022,206792,194746,195670,212402,204273,213919,197909,181125,210548,210938,194844,185632,156942,182527,185237,164863,182725,176951,195376,195962,187634,172235,196624,197697,190090,201979,195439,192247,175080
STAT,popedge,Conflicts,79,0,0,0,0,0,0,0,0,0,0,0,0,0,0,0,0,0,0,0,0,0,0,0,0,0,0,0,0,0,0,0,0,0,0,0,0,0,0,0,0,0,0,0,0,0,0,0,0,0,0,0,0,0,0,0,0,0,0,0,0,0,0,0,0,0,0,0,0,0,0,0,0,0,0,0,0,0,0,0,0
STAT,popedge,Iterations,79,7304549,87565,84391,83411,83796,84072,83333,89626,87132,84913,88177,81237,89612,92600,88106,87557,87579,88772,87390,94242,96650,95624,94069,97076,94979,96809,100226,92094,89365,90279,91735,90636,90087,98246,99124,92488,94679,95706,94573,98229,93895,100805,102732,101969,102223,101832,101016,101418,100069,99292,102070,100587,98424,95146,99092,96537,99658,95982,96852,96404,93762,102688,82290,81001,80929,82861,83674,85415,90804,92869,85930,89492,87425,88111,93209,93231,88234,88776,88302,93358
STAT,refine,Conflicts,79,3305,95,80,74,61,68,71,64,56,42,65,46,58,59,53,58,49,47,56,41,42,53,42,50,47,49,52,45,46,48,52,41,31,38,29,44,28,37,50,41,42,30,40,37,27,40,35,22,45,37,44,42,35,34,36,26,28,32,36,35,24,35,37,30,33,32,28,33,30,20,30,29,23,27,26,28,33,28,31,37
STAT,refine,Iterations,79,471941,4524,4861,4329,4864,5053,6497,4950,5352,5293,5733,4840,5468,4557,4572,5562,4573,5591,6181,8068,5733,6825,6741,5764,5978,7480,6085,6171,5886,7031,7066,5691,6137,6688,5243,6403,5379,6185,5750,7120,7030,6162,7467,6237,6311,7144,6495,6477,5621,7196,6032,8007,7465,7865,7137,6334,5952,6916,5697,5442,5554,5390,5206,6257,5747,5449,4877,6963,6153,5876,5501,5484,4718,5428,5274,4879,5942,5854,5830,6348
