Hello from MIC
Galois Benchmark Suite v2.2.0 (r0)
Copyright (C) 2013 The University of Texas at Austin
http://iss.ices.utexas.edu/galois/

application: GMetis
Partitions a graph into K parts and minimizing the graph cut
http://iss.ices.utexas.edu/?p=projects/galois/benchmarks/gMetis

INFO: CommandLine /work/02556/dpereira/MIC/apps/gmetis/gmetis -t=177 /work/02556/dpereira/Inputs/USA-road-d.W.gr 16
INFO: Hostname c558-002-mic0.stampede.tacc.utexas.edu
Created Graph with 6262104 nodes and 15248146 edges
Nodes 6262104| Edges 15248146 7624073

  Starting coarsening: 
Time coarsen:  3559 Size of final graph: 438

  Sarting initial partitioning using GGGP:
Size in decade percentages:  -0,15 1,1
Time clustering:  374

  Sarting refinnement with BKL2
Initial dist
Size in decade percentages:  -0,15 1,1
Refined dist
Size in decade percentages:  -1,6 -0,5 1,5
Time refinement:  2269


Time:  6381
Total edge cut : 1758

Part saved in : 0x7fffaaae60e0
STATTYPE,LOOP,CATEGORY,n,sum,T0,T1,T2,T3,T4,T5,T6,T7,T8,T9,T10,T11,T12,T13,T14,T15,T16,T17,T18,T19,T20,T21,T22,T23,T24,T25,T26,T27,T28,T29,T30,T31,T32,T33,T34,T35,T36,T37,T38,T39,T40,T41,T42,T43,T44,T45,T46,T47,T48,T49,T50,T51,T52,T53,T54,T55,T56,T57,T58,T59,T60,T61,T62,T63,T64,T65,T66,T67,T68,T69,T70,T71,T72,T73,T74,T75,T76,T77,T78,T79,T80,T81,T82,T83,T84,T85,T86,T87,T88,T89,T90,T91,T92,T93,T94,T95,T96,T97,T98,T99,T100,T101,T102,T103,T104,T105,T106,T107,T108,T109,T110,T111,T112,T113,T114,T115,T116,T117,T118,T119,T120,T121,T122,T123,T124,T125,T126,T127,T128,T129,T130,T131,T132,T133,T134,T135,T136,T137,T138,T139,T140,T141,T142,T143,T144,T145,T146,T147,T148,T149,T150,T151,T152,T153,T154,T155,T156,T157,T158,T159,T160,T161,T162,T163,T164,T165,T166,T167,T168,T169,T170,T171,T172,T173,T174,T175,T176
STAT,(NULL),Coarsen,177,3559,3559,0,0,0,0,0,0,0,0,0,0,0,0,0,0,0,0,0,0,0,0,0,0,0,0,0,0,0,0,0,0,0,0,0,0,0,0,0,0,0,0,0,0,0,0,0,0,0,0,0,0,0,0,0,0,0,0,0,0,0,0,0,0,0,0,0,0,0,0,0,0,0,0,0,0,0,0,0,0,0,0,0,0,0,0,0,0,0,0,0,0,0,0,0,0,0,0,0,0,0,0,0,0,0,0,0,0,0,0,0,0,0,0,0,0,0,0,0,0,0,0,0,0,0,0,0,0,0,0,0,0,0,0,0,0,0,0,0,0,0,0,0,0,0,0,0,0,0,0,0,0,0,0,0,0,0,0,0,0,0,0,0,0,0,0,0,0,0,0,0,0,0,0,0,0,0,0
STAT,(NULL),Conflicts,177,0,0,0,0,0,0,0,0,0,0,0,0,0,0,0,0,0,0,0,0,0,0,0,0,0,0,0,0,0,0,0,0,0,0,0,0,0,0,0,0,0,0,0,0,0,0,0,0,0,0,0,0,0,0,0,0,0,0,0,0,0,0,0,0,0,0,0,0,0,0,0,0,0,0,0,0,0,0,0,0,0,0,0,0,0,0,0,0,0,0,0,0,0,0,0,0,0,0,0,0,0,0,0,0,0,0,0,0,0,0,0,0,0,0,0,0,0,0,0,0,0,0,0,0,0,0,0,0,0,0,0,0,0,0,0,0,0,0,0,0,0,0,0,0,0,0,0,0,0,0,0,0,0,0,0,0,0,0,0,0,0,0,0,0,0,0,0,0,0,0,0,0,0,0,0,0,0,0
STAT,(NULL),Iterations,177,31,5,0,0,0,0,0,0,0,0,0,0,0,0,0,0,0,0,0,0,0,0,0,0,0,0,0,0,0,0,1,0,0,0,0,0,0,0,0,0,0,0,0,0,0,0,0,0,0,2,0,0,1,0,0,0,0,0,0,0,0,0,0,0,0,0,0,0,0,0,0,0,2,0,0,0,0,0,0,0,0,0,0,0,0,0,0,0,0,0,0,0,0,0,0,2,0,0,0,0,2,0,0,0,0,0,0,0,0,0,0,0,0,0,0,0,0,0,1,0,0,1,0,0,0,1,0,0,0,3,0,0,0,0,0,0,1,0,0,0,0,0,0,0,4,0,0,0,0,0,0,0,0,0,0,0,0,0,0,0,0,0,0,1,0,0,0,3,1,0,0,0,0,0,0,0,0,0
STAT,(NULL),MeminfoPost,177,757077,4281,4269,4291,4289,4284,4275,4280,4261,4284,4293,4303,4333,4286,4264,4270,4270,4285,4283,4296,4281,4283,4290,4259,4268,4274,4289,4291,4264,4265,4275,4280,4276,4294,4285,4276,4278,4275,4274,4279,4296,4315,4319,4280,4272,4267,4271,4285,4285,4290,4277,4291,4279,4265,4270,4284,4295,4264,4268,4271,4271,4290,4279,4272,4311,4282,4273,4287,4285,4269,4286,4267,4271,4266,4286,4260,4257,4279,4288,4282,4273,4273,4268,4265,4259,4263,4279,4267,4304,4301,4275,4261,4270,4285,4279,4260,4253,4262,4281,4282,4286,4293,4279,4276,4263,4283,4264,4269,4272,4259,4258,4271,4254,4287,4264,4259,4294,4312,4298,4297,4266,4268,4289,4262,4255,4265,4279,4286,4288,4278,4273,4269,4273,4270,4267,4259,4267,4258,4282,4255,4297,4306,4304,4299,4271,4265,4269,4260,4275,4297,4312,4289,4299,4296,4262,4271,4279,4276,4270,4273,4254,4260,4263,4259,4307,4251,4254,4279,4249,4283,4258,4268,4272,4282,4277,4283,4264,4279
STAT,(NULL),MeminfoPre,177,189261,1073,1061,1083,1081,1076,1067,1072,1053,1076,1085,1095,1125,1078,1056,1062,1062,1077,1075,1088,1073,1075,1082,1051,1060,1066,1081,1083,1056,1057,1067,1072,1068,1086,1077,1068,1070,1067,1066,1071,1088,1107,1111,1072,1064,1059,1063,1077,1077,1082,1069,1083,1071,1057,1062,1076,1087,1056,1060,1063,1063,1082,1071,1064,1103,1074,1065,1079,1077,1061,1078,1059,1063,1058,1078,1052,1049,1071,1080,1074,1065,1065,1060,1057,1051,1055,1071,1059,1096,1093,1067,1053,1062,1077,1071,1052,1045,1054,1073,1074,1078,1085,1071,1068,1055,1075,1056,1061,1064,1051,1050,1063,1046,1079,1056,1051,1086,1104,1090,1089,1058,1060,1081,1054,1047,1057,1071,1078,1080,1070,1065,1061,1065,1062,1059,1051,1059,1050,1074,1047,1089,1098,1096,1091,1063,1057,1061,1052,1067,1089,1104,1081,1091,1088,1054,1063,1071,1068,1062,1065,1046,1052,1055,1051,1099,1043,1046,1071,1041,1075,1050,1060,1064,1074,1069,1075,1056,1071
STAT,(NULL),Partition,177,374,374,0,0,0,0,0,0,0,0,0,0,0,0,0,0,0,0,0,0,0,0,0,0,0,0,0,0,0,0,0,0,0,0,0,0,0,0,0,0,0,0,0,0,0,0,0,0,0,0,0,0,0,0,0,0,0,0,0,0,0,0,0,0,0,0,0,0,0,0,0,0,0,0,0,0,0,0,0,0,0,0,0,0,0,0,0,0,0,0,0,0,0,0,0,0,0,0,0,0,0,0,0,0,0,0,0,0,0,0,0,0,0,0,0,0,0,0,0,0,0,0,0,0,0,0,0,0,0,0,0,0,0,0,0,0,0,0,0,0,0,0,0,0,0,0,0,0,0,0,0,0,0,0,0,0,0,0,0,0,0,0,0,0,0,0,0,0,0,0,0,0,0,0,0,0,0,0
STAT,(NULL),Refine,177,2269,2269,0,0,0,0,0,0,0,0,0,0,0,0,0,0,0,0,0,0,0,0,0,0,0,0,0,0,0,0,0,0,0,0,0,0,0,0,0,0,0,0,0,0,0,0,0,0,0,0,0,0,0,0,0,0,0,0,0,0,0,0,0,0,0,0,0,0,0,0,0,0,0,0,0,0,0,0,0,0,0,0,0,0,0,0,0,0,0,0,0,0,0,0,0,0,0,0,0,0,0,0,0,0,0,0,0,0,0,0,0,0,0,0,0,0,0,0,0,0,0,0,0,0,0,0,0,0,0,0,0,0,0,0,0,0,0,0,0,0,0,0,0,0,0,0,0,0,0,0,0,0,0,0,0,0,0,0,0,0,0,0,0,0,0,0,0,0,0,0,0,0,0,0,0,0,0,0
STAT,(NULL),Threads,177,177,177,0,0,0,0,0,0,0,0,0,0,0,0,0,0,0,0,0,0,0,0,0,0,0,0,0,0,0,0,0,0,0,0,0,0,0,0,0,0,0,0,0,0,0,0,0,0,0,0,0,0,0,0,0,0,0,0,0,0,0,0,0,0,0,0,0,0,0,0,0,0,0,0,0,0,0,0,0,0,0,0,0,0,0,0,0,0,0,0,0,0,0,0,0,0,0,0,0,0,0,0,0,0,0,0,0,0,0,0,0,0,0,0,0,0,0,0,0,0,0,0,0,0,0,0,0,0,0,0,0,0,0,0,0,0,0,0,0,0,0,0,0,0,0,0,0,0,0,0,0,0,0,0,0,0,0,0,0,0,0,0,0,0,0,0,0,0,0,0,0,0,0,0,0,0,0,0
STAT,(NULL),Time,177,6381,6381,0,0,0,0,0,0,0,0,0,0,0,0,0,0,0,0,0,0,0,0,0,0,0,0,0,0,0,0,0,0,0,0,0,0,0,0,0,0,0,0,0,0,0,0,0,0,0,0,0,0,0,0,0,0,0,0,0,0,0,0,0,0,0,0,0,0,0,0,0,0,0,0,0,0,0,0,0,0,0,0,0,0,0,0,0,0,0,0,0,0,0,0,0,0,0,0,0,0,0,0,0,0,0,0,0,0,0,0,0,0,0,0,0,0,0,0,0,0,0,0,0,0,0,0,0,0,0,0,0,0,0,0,0,0,0,0,0,0,0,0,0,0,0,0,0,0,0,0,0,0,0,0,0,0,0,0,0,0,0,0,0,0,0,0,0,0,0,0,0,0,0,0,0,0,0,0
STAT,match,Conflicts,177,6358,53,51,62,45,47,53,51,51,49,46,44,59,58,46,49,39,44,46,51,40,44,49,57,41,43,40,45,57,54,42,46,41,39,37,48,47,39,47,38,41,36,45,42,38,45,42,45,37,40,38,45,44,50,37,41,56,41,38,28,33,37,37,31,29,32,27,32,26,29,28,26,29,28,30,33,32,35,34,23,36,23,28,31,35,31,35,31,32,34,33,29,35,36,32,28,31,37,26,39,33,35,26,37,25,27,35,34,32,33,35,22,36,26,27,27,41,34,28,29,28,30,28,37,31,34,28,28,25,32,31,25,31,23,25,33,27,32,30,26,28,33,29,30,30,37,37,31,24,38,31,38,31,33,35,28,28,31,27,38,32,28,28,39,39,38,34,29,31,30,28,34,32,30,34,38,31,40
STAT,match,Iterations,177,15020059,59199,61472,59581,83476,62848,73428,65860,70644,80141,71550,65516,54820,61884,68070,66129,75740,55207,66933,79164,67920,56195,68884,69526,68570,66315,68262,82598,77195,78683,66940,68214,77309,78286,76086,71481,62075,91750,70059,76212,65956,82970,76445,62130,91373,66840,89818,69733,86123,76767,49140,73793,71097,77336,84039,80700,70558,88546,101114,123211,100641,92550,97677,100783,89187,78490,80470,102192,98157,87975,84031,86205,92013,85752,91504,86969,94569,70711,87394,94854,91627,92061,92222,92434,100678,90964,80323,71317,91545,79322,98489,80486,90387,82739,91913,100735,96310,86734,92502,89922,91542,90976,93765,90315,84974,97275,85847,90640,95936,75246,68069,76798,100164,106875,101856,94600,79988,108540,104885,116746,104393,102567,110069,88758,96956,102784,93462,99850,91092,84626,103885,90737,82992,104385,90128,88615,90000,97448,92302,84236,85170,91232,80156,86181,84610,99328,96625,92425,91267,71430,85812,74826,89226,93929,77854,110074,90749,80965,107048,89005,102739,86422,81381,82738,77032,83293,90248,96457,98088,102349,93936,97825,68181,79885,94753,69432,73180,103141
STAT,popedge,Conflicts,177,0,0,0,0,0,0,0,0,0,0,0,0,0,0,0,0,0,0,0,0,0,0,0,0,0,0,0,0,0,0,0,0,0,0,0,0,0,0,0,0,0,0,0,0,0,0,0,0,0,0,0,0,0,0,0,0,0,0,0,0,0,0,0,0,0,0,0,0,0,0,0,0,0,0,0,0,0,0,0,0,0,0,0,0,0,0,0,0,0,0,0,0,0,0,0,0,0,0,0,0,0,0,0,0,0,0,0,0,0,0,0,0,0,0,0,0,0,0,0,0,0,0,0,0,0,0,0,0,0,0,0,0,0,0,0,0,0,0,0,0,0,0,0,0,0,0,0,0,0,0,0,0,0,0,0,0,0,0,0,0,0,0,0,0,0,0,0,0,0,0,0,0,0,0,0,0,0,0
STAT,popedge,Iterations,177,7358172,41396,41538,39804,38720,39774,38320,40188,39373,38158,39489,40345,42324,39395,41950,41868,39726,41436,41095,38982,39093,41588,42027,40177,42704,41207,40648,41218,40567,43262,43201,41402,42211,41769,42342,43322,42062,42009,42386,41275,41779,39520,40907,41572,40879,43035,42884,39795,40893,39794,40812,42104,41632,39041,41563,40908,48726,41748,47519,47988,47582,44391,38629,38505,40526,37431,37035,38596,37370,38760,38644,38716,39837,38760,39712,39782,39392,39255,40886,39583,38932,46496,41344,40659,39366,41028,40587,42721,41079,41575,41309,43406,42331,40639,42625,41148,42626,43556,45117,41405,43829,40559,41677,40397,40670,44078,41588,42707,41256,44331,41706,42456,41699,41715,41736,43389,40227,47571,43522,49985,50349,49932,46178,40328,40040,39454,38368,41187,40985,39045,39613,40137,40892,40155,39856,39068,39488,41817,40012,40531,39863,39944,40326,42981,41155,38462,40299,40492,42119,43658,41441,43190,42252,42922,43354,44923,42181,45211,42450,42700,42610,43758,42673,41177,41364,43033,45720,40713,43794,41448,40948,39934,42379,42469,43570,42781,42702,41852
STAT,refine,Conflicts,177,5704,109,109,114,102,107,101,102,98,81,84,95,98,88,82,80,78,64,63,56,58,68,50,83,56,53,77,68,59,56,51,43,37,18,38,42,41,43,28,40,32,36,49,30,43,43,44,36,31,30,32,38,40,35,37,42,16,30,23,39,29,36,22,25,20,11,23,25,24,18,19,18,20,25,24,15,22,18,22,19,13,20,12,18,21,14,23,18,24,19,14,13,18,14,12,18,16,10,26,16,27,19,15,24,15,20,25,18,18,19,19,16,23,13,21,15,25,13,24,18,28,25,13,21,15,22,24,21,25,4,22,20,12,20,23,22,16,25,23,27,19,25,16,25,7,23,10,30,13,18,24,17,16,19,19,8,11,19,24,14,13,29,23,20,28,22,21,22,11,19,17,14,12,20,21,20,20,20
STAT,refine,Iterations,177,37098,331,381,389,371,334,461,338,346,225,246,288,346,314,321,287,436,180,303,277,168,248,193,319,193,226,319,252,237,263,233,174,135,159,133,249,212,238,126,175,130,181,239,172,273,281,249,164,201,149,75,288,240,228,173,224,242,178,198,294,246,173,160,170,226,181,216,295,208,262,138,122,189,157,198,153,272,205,187,248,174,219,139,207,160,203,201,162,303,184,154,134,159,119,209,123,166,179,243,132,208,244,176,216,129,269,233,207,191,176,133,109,234,267,170,155,296,162,154,190,258,234,205,175,171,205,191,185,315,126,217,242,152,220,143,141,135,278,227,198,299,210,149,201,140,188,175,204,191,149,232,147,209,142,201,227,93,210,181,152,135,177,187,128,163,158,204,318,136,150,198,157,164,235,252,149,167,202
