Hello from MIC
Galois Benchmark Suite v2.2.0 (r0)
Copyright (C) 2013 The University of Texas at Austin
http://iss.ices.utexas.edu/galois/

application: GMetis
Partitions a graph into K parts and minimizing the graph cut
http://iss.ices.utexas.edu/?p=projects/galois/benchmarks/gMetis

INFO: CommandLine /work/02556/dpereira/MIC/apps/gmetis/gmetis -t=192 /work/02556/dpereira/Inputs/USA-road-d.W.gr 128
INFO: Hostname c558-002-mic0.stampede.tacc.utexas.edu
Created Graph with 6262104 nodes and 15248146 edges
Nodes 6262104| Edges 15248146 7624073

  Starting coarsening: 
Time coarsen:  3246 Size of final graph: 3137

  Sarting initial partitioning using GGGP:
Size in decade percentages:  -1,5 -0,119 1,4
Time clustering:  445

  Sarting refinnement with BKL2
Initial dist
Size in decade percentages:  -1,5 -0,119 1,4
Refined dist
Size in decade percentages:  -1,45 0,33 1,50
Time refinement:  2069


Time:  5939
Total edge cut : 8209

Part saved in : 0x7fff7b773660
STATTYPE,LOOP,CATEGORY,n,sum,T0,T1,T2,T3,T4,T5,T6,T7,T8,T9,T10,T11,T12,T13,T14,T15,T16,T17,T18,T19,T20,T21,T22,T23,T24,T25,T26,T27,T28,T29,T30,T31,T32,T33,T34,T35,T36,T37,T38,T39,T40,T41,T42,T43,T44,T45,T46,T47,T48,T49,T50,T51,T52,T53,T54,T55,T56,T57,T58,T59,T60,T61,T62,T63,T64,T65,T66,T67,T68,T69,T70,T71,T72,T73,T74,T75,T76,T77,T78,T79,T80,T81,T82,T83,T84,T85,T86,T87,T88,T89,T90,T91,T92,T93,T94,T95,T96,T97,T98,T99,T100,T101,T102,T103,T104,T105,T106,T107,T108,T109,T110,T111,T112,T113,T114,T115,T116,T117,T118,T119,T120,T121,T122,T123,T124,T125,T126,T127,T128,T129,T130,T131,T132,T133,T134,T135,T136,T137,T138,T139,T140,T141,T142,T143,T144,T145,T146,T147,T148,T149,T150,T151,T152,T153,T154,T155,T156,T157,T158,T159,T160,T161,T162,T163,T164,T165,T166,T167,T168,T169,T170,T171,T172,T173,T174,T175,T176,T177,T178,T179,T180,T181,T182,T183,T184,T185,T186,T187,T188,T189,T190,T191
STAT,(NULL),Coarsen,192,3246,3246,0,0,0,0,0,0,0,0,0,0,0,0,0,0,0,0,0,0,0,0,0,0,0,0,0,0,0,0,0,0,0,0,0,0,0,0,0,0,0,0,0,0,0,0,0,0,0,0,0,0,0,0,0,0,0,0,0,0,0,0,0,0,0,0,0,0,0,0,0,0,0,0,0,0,0,0,0,0,0,0,0,0,0,0,0,0,0,0,0,0,0,0,0,0,0,0,0,0,0,0,0,0,0,0,0,0,0,0,0,0,0,0,0,0,0,0,0,0,0,0,0,0,0,0,0,0,0,0,0,0,0,0,0,0,0,0,0,0,0,0,0,0,0,0,0,0,0,0,0,0,0,0,0,0,0,0,0,0,0,0,0,0,0,0,0,0,0,0,0,0,0,0,0,0,0,0,0,0,0,0,0,0,0,0,0,0,0,0,0,0,0
STAT,(NULL),Conflicts,192,0,0,0,0,0,0,0,0,0,0,0,0,0,0,0,0,0,0,0,0,0,0,0,0,0,0,0,0,0,0,0,0,0,0,0,0,0,0,0,0,0,0,0,0,0,0,0,0,0,0,0,0,0,0,0,0,0,0,0,0,0,0,0,0,0,0,0,0,0,0,0,0,0,0,0,0,0,0,0,0,0,0,0,0,0,0,0,0,0,0,0,0,0,0,0,0,0,0,0,0,0,0,0,0,0,0,0,0,0,0,0,0,0,0,0,0,0,0,0,0,0,0,0,0,0,0,0,0,0,0,0,0,0,0,0,0,0,0,0,0,0,0,0,0,0,0,0,0,0,0,0,0,0,0,0,0,0,0,0,0,0,0,0,0,0,0,0,0,0,0,0,0,0,0,0,0,0,0,0,0,0,0,0,0,0,0,0,0,0,0,0,0,0
STAT,(NULL),Iterations,192,255,10,0,0,0,0,0,0,2,1,2,1,0,1,1,6,2,0,5,0,0,3,2,2,5,1,2,5,0,0,1,5,3,5,3,2,2,0,0,3,1,0,6,0,5,0,0,0,2,4,0,3,0,0,3,4,3,0,0,0,0,0,0,1,0,0,0,0,0,0,2,0,1,1,0,0,0,2,2,1,1,0,0,2,2,2,3,0,7,3,0,3,2,3,4,3,1,1,3,0,1,0,0,2,0,2,2,0,0,2,2,0,4,0,0,7,0,0,3,0,0,3,0,1,3,0,0,0,0,1,1,0,0,0,1,0,0,1,0,0,0,4,1,2,6,1,1,2,2,0,0,1,1,3,0,1,0,0,0,3,1,2,1,0,1,1,2,0,0,0,0,0,0,4,5,1,6,1,4,3,1,0,0,1,1,0,0,0,0,0,0,0,0
STAT,(NULL),MeminfoPost,192,756729,3944,3932,3963,3943,3949,3948,3945,3932,3935,3944,3959,3967,3993,3953,3926,3938,3935,3937,3954,3949,3951,3937,3961,3944,3928,3932,3937,3953,3952,3937,3929,3932,3944,3931,3953,3956,3952,3937,3937,3939,3934,3949,3956,3962,3998,3959,3926,3939,3939,3934,3948,3946,3952,3953,3947,3950,3922,3940,3934,3950,3952,3932,3935,3933,3938,3950,3940,3943,3947,3976,3935,3940,3951,3949,3930,3951,3933,3938,3931,3944,3933,3919,3937,3947,3949,3944,3933,3941,3933,3931,3925,3929,3940,3926,3957,3968,3950,3934,3933,3932,3954,3939,3926,3918,3925,3942,3946,3950,3953,3953,3936,3943,3922,3949,3929,3933,3938,3921,3926,3927,3933,3928,3948,3926,3934,3959,3971,3960,3961,3933,3932,3943,3943,3924,3919,3940,3942,3949,3956,3938,3937,3931,3940,3934,3938,3924,3919,3933,3945,3927,3930,3961,3968,3967,3964,3937,3930,3933,3926,3937,3947,3968,3968,3950,3964,3955,3928,3936,3950,3926,3948,3931,3923,3923,3936,3926,3941,3945,3922,3921,3942,3910,3924,3953,3928,3935,3940,3945,3940,3947,3931,3941
STAT,(NULL),MeminfoPre,192,189177,988,976,1007,987,993,992,989,976,979,988,1003,1011,1037,997,970,982,979,981,998,993,995,981,1005,988,972,976,981,997,996,981,973,976,988,975,997,1000,996,981,981,983,978,993,1000,1006,1042,1003,970,983,983,978,992,990,996,997,991,994,966,984,978,994,996,976,979,977,982,994,984,987,991,1020,979,984,995,993,974,995,977,982,975,988,977,963,981,991,993,988,977,985,977,975,969,973,984,970,1001,1012,994,978,977,976,998,983,970,962,969,986,990,994,997,997,980,987,966,993,973,977,982,965,970,971,977,972,992,970,978,1003,1015,1004,1005,977,976,987,987,968,963,984,986,993,1000,982,981,975,984,978,982,968,963,977,989,971,974,1005,1012,1011,1008,981,974,977,970,981,991,1012,1012,994,1008,999,972,980,994,970,992,975,967,967,980,970,985,989,966,965,986,954,968,997,972,979,984,989,984,991,975,985
STAT,(NULL),Partition,192,445,445,0,0,0,0,0,0,0,0,0,0,0,0,0,0,0,0,0,0,0,0,0,0,0,0,0,0,0,0,0,0,0,0,0,0,0,0,0,0,0,0,0,0,0,0,0,0,0,0,0,0,0,0,0,0,0,0,0,0,0,0,0,0,0,0,0,0,0,0,0,0,0,0,0,0,0,0,0,0,0,0,0,0,0,0,0,0,0,0,0,0,0,0,0,0,0,0,0,0,0,0,0,0,0,0,0,0,0,0,0,0,0,0,0,0,0,0,0,0,0,0,0,0,0,0,0,0,0,0,0,0,0,0,0,0,0,0,0,0,0,0,0,0,0,0,0,0,0,0,0,0,0,0,0,0,0,0,0,0,0,0,0,0,0,0,0,0,0,0,0,0,0,0,0,0,0,0,0,0,0,0,0,0,0,0,0,0,0,0,0,0,0
STAT,(NULL),Refine,192,2069,2069,0,0,0,0,0,0,0,0,0,0,0,0,0,0,0,0,0,0,0,0,0,0,0,0,0,0,0,0,0,0,0,0,0,0,0,0,0,0,0,0,0,0,0,0,0,0,0,0,0,0,0,0,0,0,0,0,0,0,0,0,0,0,0,0,0,0,0,0,0,0,0,0,0,0,0,0,0,0,0,0,0,0,0,0,0,0,0,0,0,0,0,0,0,0,0,0,0,0,0,0,0,0,0,0,0,0,0,0,0,0,0,0,0,0,0,0,0,0,0,0,0,0,0,0,0,0,0,0,0,0,0,0,0,0,0,0,0,0,0,0,0,0,0,0,0,0,0,0,0,0,0,0,0,0,0,0,0,0,0,0,0,0,0,0,0,0,0,0,0,0,0,0,0,0,0,0,0,0,0,0,0,0,0,0,0,0,0,0,0,0,0
STAT,(NULL),Threads,192,192,192,0,0,0,0,0,0,0,0,0,0,0,0,0,0,0,0,0,0,0,0,0,0,0,0,0,0,0,0,0,0,0,0,0,0,0,0,0,0,0,0,0,0,0,0,0,0,0,0,0,0,0,0,0,0,0,0,0,0,0,0,0,0,0,0,0,0,0,0,0,0,0,0,0,0,0,0,0,0,0,0,0,0,0,0,0,0,0,0,0,0,0,0,0,0,0,0,0,0,0,0,0,0,0,0,0,0,0,0,0,0,0,0,0,0,0,0,0,0,0,0,0,0,0,0,0,0,0,0,0,0,0,0,0,0,0,0,0,0,0,0,0,0,0,0,0,0,0,0,0,0,0,0,0,0,0,0,0,0,0,0,0,0,0,0,0,0,0,0,0,0,0,0,0,0,0,0,0,0,0,0,0,0,0,0,0,0,0,0,0,0,0
STAT,(NULL),Time,192,5939,5939,0,0,0,0,0,0,0,0,0,0,0,0,0,0,0,0,0,0,0,0,0,0,0,0,0,0,0,0,0,0,0,0,0,0,0,0,0,0,0,0,0,0,0,0,0,0,0,0,0,0,0,0,0,0,0,0,0,0,0,0,0,0,0,0,0,0,0,0,0,0,0,0,0,0,0,0,0,0,0,0,0,0,0,0,0,0,0,0,0,0,0,0,0,0,0,0,0,0,0,0,0,0,0,0,0,0,0,0,0,0,0,0,0,0,0,0,0,0,0,0,0,0,0,0,0,0,0,0,0,0,0,0,0,0,0,0,0,0,0,0,0,0,0,0,0,0,0,0,0,0,0,0,0,0,0,0,0,0,0,0,0,0,0,0,0,0,0,0,0,0,0,0,0,0,0,0,0,0,0,0,0,0,0,0,0,0,0,0,0,0,0
STAT,match,Conflicts,192,6193,63,47,58,51,55,47,49,50,52,46,51,48,44,41,40,49,40,41,38,47,40,45,47,40,40,35,42,45,45,42,40,36,36,40,43,31,35,40,44,58,40,42,35,42,42,41,48,38,43,31,31,33,34,39,41,40,28,31,32,32,38,32,30,25,37,27,29,26,30,30,36,29,31,25,20,24,28,26,25,25,28,30,29,20,22,31,29,27,32,31,31,29,27,35,27,31,29,27,26,31,33,28,30,18,33,28,35,27,29,29,24,32,32,28,23,24,27,24,28,20,31,35,27,29,32,29,23,25,29,27,24,22,21,29,24,24,25,27,32,27,23,32,21,25,29,26,30,21,28,28,29,26,34,33,25,28,28,29,30,32,24,32,26,30,32,25,29,26,27,28,26,26,20,31,30,24,31,28,24,32,23,25,30,27,31,32,20,24,19,32,30,29
STAT,match,Iterations,192,15021903,48325,49178,52959,60582,45813,55855,64174,53350,65207,62599,60763,56552,73613,61933,62061,65047,83796,76462,75726,69179,55458,68999,40428,57859,65478,84691,63148,65853,65042,70548,66923,62616,73079,65615,62459,71885,73314,76275,64575,60721,77202,59728,83345,53066,89863,53351,64991,67445,62740,62073,58105,88239,69008,73791,66174,65641,62598,76986,62663,83388,66717,85966,74402,73501,77808,74291,77204,80562,64711,79432,78494,94742,71620,84971,92033,102610,84770,89032,80920,80097,87632,75433,80509,98324,97911,82966,86241,93963,85205,75281,85923,99265,70023,86189,80785,88177,75408,89171,71645,99415,101938,82988,84970,78590,87397,100981,75796,102730,90136,76605,83902,72821,90526,80993,91649,95870,86810,66431,79620,92604,90454,85032,88173,75715,59618,84287,75829,74408,73103,50642,94205,93011,97575,80951,111538,81038,80909,65772,82404,61044,85258,82797,82293,74894,64047,89527,99124,107455,68876,95564,94793,83139,97833,57401,104198,92779,75949,71131,75233,92114,85517,102169,79804,115170,84925,111236,86855,78722,101128,78107,98406,85720,97507,66333,85761,76755,72002,77066,90164,71225,83687,62724,100695,62934,58063,71632,90556,93147,99676,92474,95353,81034
STAT,popedge,Conflicts,192,0,0,0,0,0,0,0,0,0,0,0,0,0,0,0,0,0,0,0,0,0,0,0,0,0,0,0,0,0,0,0,0,0,0,0,0,0,0,0,0,0,0,0,0,0,0,0,0,0,0,0,0,0,0,0,0,0,0,0,0,0,0,0,0,0,0,0,0,0,0,0,0,0,0,0,0,0,0,0,0,0,0,0,0,0,0,0,0,0,0,0,0,0,0,0,0,0,0,0,0,0,0,0,0,0,0,0,0,0,0,0,0,0,0,0,0,0,0,0,0,0,0,0,0,0,0,0,0,0,0,0,0,0,0,0,0,0,0,0,0,0,0,0,0,0,0,0,0,0,0,0,0,0,0,0,0,0,0,0,0,0,0,0,0,0,0,0,0,0,0,0,0,0,0,0,0,0,0,0,0,0,0,0,0,0,0,0,0,0,0,0,0,0
STAT,popedge,Iterations,192,7359535,35030,35278,36526,33819,34341,34449,34152,33533,34899,40230,34840,38110,37060,38273,40223,39585,37370,38465,38077,39708,40412,37689,40263,39949,38719,40215,40244,39278,39109,38876,38296,38611,40368,38057,39281,36669,40703,38544,39981,39952,38638,39966,41368,40212,39900,40409,41011,41634,42430,38160,38485,39560,38093,40247,40036,39372,38685,37795,40778,38390,39377,34585,34141,34904,32905,35877,31912,33965,33536,34612,37456,34045,35671,37250,36408,35981,36907,38387,38524,37964,38185,39127,37762,38826,39515,37627,39291,38028,40882,39026,36939,38594,38441,38152,36833,38049,38094,39224,39757,38750,39702,40621,40730,40496,41995,40851,37323,39552,39635,41258,40125,40024,38843,40246,41416,37461,39723,41127,39187,38581,36632,37429,33064,33457,35603,33958,33003,32716,34194,34061,33312,37672,39336,39730,43059,36600,40987,36706,39741,38461,38048,37943,38173,40598,39079,39574,37433,39680,38250,39159,38334,39080,38231,40266,42676,38848,38028,36300,39511,42410,38513,41163,41455,44145,40544,40035,39489,40074,39668,40264,42862,39848,41025,42649,41434,38677,40667,37261,40275,43373,39970,40215,38638,35220,35098,36463,34861,36545,34236,34720,36120,33928
STAT,refine,Conflicts,192,6339,110,114,106,111,90,87,96,82,79,78,75,72,79,85,69,59,57,57,53,64,60,59,59,50,53,72,66,63,52,59,55,41,31,48,52,44,34,38,41,47,43,50,40,48,46,34,46,41,40,34,47,47,48,34,32,33,37,36,43,38,45,14,18,14,35,30,20,14,18,29,19,19,20,25,19,23,22,20,24,19,17,16,19,21,17,15,31,30,25,17,24,24,24,22,28,23,26,13,14,24,39,17,20,18,27,27,22,21,18,23,16,24,25,29,25,25,15,18,19,13,22,25,24,20,24,22,24,27,26,23,24,20,25,23,16,27,22,20,13,17,16,22,17,27,17,20,22,22,20,19,19,24,21,20,19,30,28,23,19,23,21,27,26,25,17,26,27,21,22,16,23,15,19,19,26,10,15,19,21,20,27,18,33,28,16,17,29,22,22,18,18,22
STAT,refine,Iterations,192,137288,815,667,902,832,756,744,799,626,734,580,941,776,875,781,745,621,671,653,715,674,510,547,572,771,600,919,539,714,800,800,661,563,760,781,861,750,706,694,639,727,598,706,815,785,1091,480,816,662,762,631,702,972,713,449,416,533,417,621,649,623,826,736,497,696,824,849,619,634,557,740,711,875,717,624,617,736,621,676,569,788,664,470,511,755,710,611,876,730,703,755,774,932,581,825,988,975,1010,666,569,855,1142,553,794,551,777,795,647,925,667,886,612,736,739,959,538,644,574,513,655,685,568,768,786,485,739,727,848,758,802,543,693,698,852,592,805,689,904,539,609,546,554,616,491,556,637,642,734,1023,505,870,717,806,833,690,825,846,747,728,712,994,754,1241,739,962,744,962,768,633,873,549,959,626,476,676,736,377,539,467,698,603,631,683,1080,755,549,725,770,868,775,805,565,697
