Hello from MIC
Galois Benchmark Suite v2.2.0 (r0)
Copyright (C) 2013 The University of Texas at Austin
http://iss.ices.utexas.edu/galois/

application: GMetis
Partitions a graph into K parts and minimizing the graph cut
http://iss.ices.utexas.edu/?p=projects/galois/benchmarks/gMetis

INFO: CommandLine /work/02556/dpereira/MIC/apps/gmetis/gmetis -t=37 /work/02556/dpereira/Inputs/USA-road-d.W.gr 1024
INFO: Hostname c558-003-mic0.stampede.tacc.utexas.edu
Created Graph with 6262104 nodes and 15248146 edges
Nodes 6262104| Edges 15248146 7624073

  Starting coarsening: 
Time coarsen:  2993 Size of final graph: 40281

  Sarting initial partitioning using GGGP:
Size in decade percentages:  -0,1024
Time clustering:  1293

  Sarting refinnement with BKL2
Initial dist
Size in decade percentages:  -0,1024
Refined dist
Size in decade percentages:  -1,341 0,327 1,355 3,1
Time refinement:  931


Time:  5396
Total edge cut : 36886

Part saved in : 0x7fff973e6860
STATTYPE,LOOP,CATEGORY,n,sum,T0,T1,T2,T3,T4,T5,T6,T7,T8,T9,T10,T11,T12,T13,T14,T15,T16,T17,T18,T19,T20,T21,T22,T23,T24,T25,T26,T27,T28,T29,T30,T31,T32,T33,T34,T35,T36
STAT,(NULL),Coarsen,37,2993,2993,0,0,0,0,0,0,0,0,0,0,0,0,0,0,0,0,0,0,0,0,0,0,0,0,0,0,0,0,0,0,0,0,0,0,0,0
STAT,(NULL),Conflicts,37,0,0,0,0,0,0,0,0,0,0,0,0,0,0,0,0,0,0,0,0,0,0,0,0,0,0,0,0,0,0,0,0,0,0,0,0,0,0
STAT,(NULL),Iterations,37,2047,11,16,82,49,16,70,55,29,68,64,90,74,72,88,18,17,37,48,74,33,44,64,53,71,69,26,67,68,47,35,36,88,55,83,101,67,62
STAT,(NULL),MeminfoPost,37,756274,20471,20434,20530,20451,20438,20437,20452,20446,20536,20430,20462,20442,20428,20484,20435,20396,20443,20389,20467,20406,20442,20433,20380,20390,20525,20392,20456,20406,20379,20530,20400,20542,20413,20381,20387,20400,20441
STAT,(NULL),MeminfoPre,37,189064,5141,5104,5200,5121,5108,5107,5122,5116,5206,5100,5132,5112,5098,5154,5105,5066,5113,5059,5137,5076,5112,5103,5050,5060,5195,5062,5126,5076,5049,5200,5070,5212,5083,5051,5057,5070,5111
STAT,(NULL),Partition,37,1293,1293,0,0,0,0,0,0,0,0,0,0,0,0,0,0,0,0,0,0,0,0,0,0,0,0,0,0,0,0,0,0,0,0,0,0,0,0
STAT,(NULL),Refine,37,931,931,0,0,0,0,0,0,0,0,0,0,0,0,0,0,0,0,0,0,0,0,0,0,0,0,0,0,0,0,0,0,0,0,0,0,0,0
STAT,(NULL),Threads,37,37,37,0,0,0,0,0,0,0,0,0,0,0,0,0,0,0,0,0,0,0,0,0,0,0,0,0,0,0,0,0,0,0,0,0,0,0,0
STAT,(NULL),Time,37,5396,5396,0,0,0,0,0,0,0,0,0,0,0,0,0,0,0,0,0,0,0,0,0,0,0,0,0,0,0,0,0,0,0,0,0,0,0,0
STAT,match,Conflicts,37,4084,284,169,193,120,153,137,111,96,146,103,84,100,81,88,85,93,102,100,65,81,72,64,65,87,63,91,64,67,71,67,85,169,155,122,199,153,99
STAT,match,Iterations,37,14869985,358797,391963,360945,401354,394009,402117,396835,401348,379353,402689,406897,393197,394490,397787,403994,420999,382541,409338,393493,421653,386049,405718,416875,428164,379647,404452,403072,422276,424071,348168,422301,389994,418512,432534,430436,424838,419079
STAT,popedge,Conflicts,37,0,0,0,0,0,0,0,0,0,0,0,0,0,0,0,0,0,0,0,0,0,0,0,0,0,0,0,0,0,0,0,0,0,0,0,0,0,0
STAT,popedge,Iterations,37,7286418,191597,195173,188830,193335,195470,197300,192432,192404,192270,194529,191315,198485,185991,175808,181996,194912,189574,193930,189960,206380,203743,196094,203622,204778,193319,199022,194463,199223,197467,172048,190668,214759,216976,218920,214004,216356,209265
STAT,refine,Conflicts,37,1957,68,68,63,52,68,57,60,59,67,67,56,54,54,65,60,66,50,54,57,54,40,51,42,57,44,47,45,40,62,55,45,54,33,42,43,27,31
STAT,refine,Iterations,37,472154,11747,12191,15684,12844,13570,13683,11844,11705,15291,11455,13739,12696,10980,12878,11743,11377,12325,12149,14428,12133,13503,12831,12006,13075,15089,12338,12637,11525,12184,12998,11742,15897,12160,11173,11252,13511,13771
