Hello from MIC
Galois Benchmark Suite v2.2.0 (r0)
Copyright (C) 2013 The University of Texas at Austin
http://iss.ices.utexas.edu/galois/

application: GMetis
Partitions a graph into K parts and minimizing the graph cut
http://iss.ices.utexas.edu/?p=projects/galois/benchmarks/gMetis

INFO: CommandLine /work/02556/dpereira/MIC/apps/gmetis/gmetis -t=149 /work/02556/dpereira/Inputs/USA-road-d.W.gr 16
INFO: Hostname c558-001-mic0.stampede.tacc.utexas.edu
Created Graph with 6262104 nodes and 15248146 edges
Nodes 6262104| Edges 15248146 7624073

  Starting coarsening: 
Time coarsen:  3045 Size of final graph: 438

  Sarting initial partitioning using GGGP:
Size in decade percentages:  -0,16
Time clustering:  369

  Sarting refinnement with BKL2
Initial dist
Size in decade percentages:  -0,16
Refined dist
Size in decade percentages:  -1,6 -0,5 1,5
Time refinement:  1900


Time:  5491
Total edge cut : 2350

Part saved in : 0x7fff7a4dbde0
STATTYPE,LOOP,CATEGORY,n,sum,T0,T1,T2,T3,T4,T5,T6,T7,T8,T9,T10,T11,T12,T13,T14,T15,T16,T17,T18,T19,T20,T21,T22,T23,T24,T25,T26,T27,T28,T29,T30,T31,T32,T33,T34,T35,T36,T37,T38,T39,T40,T41,T42,T43,T44,T45,T46,T47,T48,T49,T50,T51,T52,T53,T54,T55,T56,T57,T58,T59,T60,T61,T62,T63,T64,T65,T66,T67,T68,T69,T70,T71,T72,T73,T74,T75,T76,T77,T78,T79,T80,T81,T82,T83,T84,T85,T86,T87,T88,T89,T90,T91,T92,T93,T94,T95,T96,T97,T98,T99,T100,T101,T102,T103,T104,T105,T106,T107,T108,T109,T110,T111,T112,T113,T114,T115,T116,T117,T118,T119,T120,T121,T122,T123,T124,T125,T126,T127,T128,T129,T130,T131,T132,T133,T134,T135,T136,T137,T138,T139,T140,T141,T142,T143,T144,T145,T146,T147,T148
STAT,(NULL),Coarsen,149,3045,3045,0,0,0,0,0,0,0,0,0,0,0,0,0,0,0,0,0,0,0,0,0,0,0,0,0,0,0,0,0,0,0,0,0,0,0,0,0,0,0,0,0,0,0,0,0,0,0,0,0,0,0,0,0,0,0,0,0,0,0,0,0,0,0,0,0,0,0,0,0,0,0,0,0,0,0,0,0,0,0,0,0,0,0,0,0,0,0,0,0,0,0,0,0,0,0,0,0,0,0,0,0,0,0,0,0,0,0,0,0,0,0,0,0,0,0,0,0,0,0,0,0,0,0,0,0,0,0,0,0,0,0,0,0,0,0,0,0,0,0,0,0,0,0,0,0,0,0,0
STAT,(NULL),Conflicts,149,0,0,0,0,0,0,0,0,0,0,0,0,0,0,0,0,0,0,0,0,0,0,0,0,0,0,0,0,0,0,0,0,0,0,0,0,0,0,0,0,0,0,0,0,0,0,0,0,0,0,0,0,0,0,0,0,0,0,0,0,0,0,0,0,0,0,0,0,0,0,0,0,0,0,0,0,0,0,0,0,0,0,0,0,0,0,0,0,0,0,0,0,0,0,0,0,0,0,0,0,0,0,0,0,0,0,0,0,0,0,0,0,0,0,0,0,0,0,0,0,0,0,0,0,0,0,0,0,0,0,0,0,0,0,0,0,0,0,0,0,0,0,0,0,0,0,0,0,0,0
STAT,(NULL),Iterations,149,31,5,0,0,0,0,0,0,0,0,0,0,0,2,0,0,0,0,0,0,0,0,0,0,0,0,0,0,0,0,0,0,0,2,0,0,0,0,2,0,0,0,0,0,0,0,0,0,0,0,0,0,0,0,0,0,0,0,0,0,0,0,0,0,0,0,0,0,2,0,0,0,0,0,0,0,0,0,0,0,0,0,0,0,0,0,0,0,0,0,1,0,0,0,0,3,0,0,1,0,0,0,0,0,0,0,0,0,0,0,0,1,0,0,0,1,0,0,0,0,0,1,0,4,0,0,0,2,0,0,0,0,0,0,0,3,0,0,0,0,0,0,1,0,0,0,0,0,0,0
STAT,(NULL),MeminfoPost,149,756517,5082,5077,5094,5084,5076,5075,5071,5083,5093,5151,5089,5064,5071,5070,5085,5099,5079,5089,5071,5070,5068,5090,5082,5066,5068,5081,5075,5092,5092,5071,5074,5077,5081,5092,5152,5091,5065,5070,5070,5082,5101,5076,5093,5069,5071,5067,5088,5081,5069,5068,5082,5079,5077,5117,5072,5079,5090,5074,5084,5066,5068,5075,5069,5054,5079,5090,5078,5072,5065,5061,5062,5071,5058,5105,5103,5069,5066,5067,5092,5061,5047,5071,5082,5089,5090,5080,5077,5059,5076,5067,5070,5059,5047,5068,5083,5060,5064,5105,5112,5100,5068,5067,5086,5057,5052,5080,5086,5090,5075,5066,5073,5068,5059,5058,5061,5079,5054,5102,5107,5112,5082,5063,5063,5066,5084,5115,5097,5099,5095,5060,5087,5060,5074,5067,5051,5065,5060,5094,5050,5047,5069,5051,5088,5060,5074,5083,5074,5073,5080
STAT,(NULL),MeminfoPre,149,189125,1274,1269,1286,1276,1268,1267,1263,1275,1285,1343,1281,1256,1263,1262,1277,1291,1271,1281,1263,1262,1260,1282,1274,1258,1260,1273,1267,1284,1284,1263,1266,1269,1273,1284,1344,1283,1257,1262,1262,1274,1293,1268,1285,1261,1263,1259,1280,1273,1261,1260,1274,1271,1269,1309,1264,1271,1282,1266,1276,1258,1260,1267,1261,1246,1271,1282,1270,1264,1257,1253,1254,1263,1250,1297,1295,1261,1258,1259,1284,1253,1239,1263,1274,1281,1282,1272,1269,1251,1268,1259,1262,1251,1239,1260,1275,1252,1256,1297,1304,1292,1260,1259,1278,1249,1244,1272,1278,1282,1267,1258,1265,1260,1251,1250,1253,1271,1246,1294,1299,1304,1274,1255,1255,1258,1276,1307,1289,1291,1287,1252,1279,1252,1266,1259,1243,1257,1252,1286,1242,1239,1261,1243,1280,1252,1266,1275,1266,1265,1272
STAT,(NULL),Partition,149,369,369,0,0,0,0,0,0,0,0,0,0,0,0,0,0,0,0,0,0,0,0,0,0,0,0,0,0,0,0,0,0,0,0,0,0,0,0,0,0,0,0,0,0,0,0,0,0,0,0,0,0,0,0,0,0,0,0,0,0,0,0,0,0,0,0,0,0,0,0,0,0,0,0,0,0,0,0,0,0,0,0,0,0,0,0,0,0,0,0,0,0,0,0,0,0,0,0,0,0,0,0,0,0,0,0,0,0,0,0,0,0,0,0,0,0,0,0,0,0,0,0,0,0,0,0,0,0,0,0,0,0,0,0,0,0,0,0,0,0,0,0,0,0,0,0,0,0,0,0
STAT,(NULL),Refine,149,1900,1900,0,0,0,0,0,0,0,0,0,0,0,0,0,0,0,0,0,0,0,0,0,0,0,0,0,0,0,0,0,0,0,0,0,0,0,0,0,0,0,0,0,0,0,0,0,0,0,0,0,0,0,0,0,0,0,0,0,0,0,0,0,0,0,0,0,0,0,0,0,0,0,0,0,0,0,0,0,0,0,0,0,0,0,0,0,0,0,0,0,0,0,0,0,0,0,0,0,0,0,0,0,0,0,0,0,0,0,0,0,0,0,0,0,0,0,0,0,0,0,0,0,0,0,0,0,0,0,0,0,0,0,0,0,0,0,0,0,0,0,0,0,0,0,0,0,0,0,0
STAT,(NULL),Threads,149,149,149,0,0,0,0,0,0,0,0,0,0,0,0,0,0,0,0,0,0,0,0,0,0,0,0,0,0,0,0,0,0,0,0,0,0,0,0,0,0,0,0,0,0,0,0,0,0,0,0,0,0,0,0,0,0,0,0,0,0,0,0,0,0,0,0,0,0,0,0,0,0,0,0,0,0,0,0,0,0,0,0,0,0,0,0,0,0,0,0,0,0,0,0,0,0,0,0,0,0,0,0,0,0,0,0,0,0,0,0,0,0,0,0,0,0,0,0,0,0,0,0,0,0,0,0,0,0,0,0,0,0,0,0,0,0,0,0,0,0,0,0,0,0,0,0,0,0,0,0
STAT,(NULL),Time,149,5491,5491,0,0,0,0,0,0,0,0,0,0,0,0,0,0,0,0,0,0,0,0,0,0,0,0,0,0,0,0,0,0,0,0,0,0,0,0,0,0,0,0,0,0,0,0,0,0,0,0,0,0,0,0,0,0,0,0,0,0,0,0,0,0,0,0,0,0,0,0,0,0,0,0,0,0,0,0,0,0,0,0,0,0,0,0,0,0,0,0,0,0,0,0,0,0,0,0,0,0,0,0,0,0,0,0,0,0,0,0,0,0,0,0,0,0,0,0,0,0,0,0,0,0,0,0,0,0,0,0,0,0,0,0,0,0,0,0,0,0,0,0,0,0,0,0,0,0,0,0
STAT,match,Conflicts,149,6372,77,62,60,62,67,55,63,65,59,61,66,49,56,61,60,58,59,75,71,47,63,58,59,52,60,51,54,59,60,50,52,48,43,57,54,55,42,53,45,45,47,44,52,51,54,52,46,44,36,50,40,50,47,39,39,46,33,49,45,44,42,38,32,33,32,30,33,45,37,36,37,30,34,37,32,30,43,32,36,37,32,35,29,36,36,49,31,42,26,56,38,40,34,45,48,40,25,39,41,35,37,38,44,35,36,44,31,33,29,39,37,35,41,31,28,34,32,34,28,35,40,31,34,33,35,39,34,30,38,30,33,35,35,33,33,37,31,38,39,38,36,32,37,43,36,30,32,29,36
STAT,match,Iterations,149,15032205,51948,69674,72970,73095,54762,75281,67982,71831,93330,73799,80518,83593,88176,77432,80238,71216,77760,77385,77671,76676,97817,83641,78948,118632,77426,82525,76016,81967,107340,93401,108574,91848,119254,87316,99915,96727,118459,91730,104213,98479,98469,109287,102440,72254,100997,100106,108012,77344,96933,92082,101565,106086,91821,103942,102146,92432,104664,97028,104550,107466,90779,95771,105913,101638,99269,100228,102485,94060,98554,102812,92827,125286,84257,111504,94861,99888,87560,114706,121688,125107,103471,111758,120292,85201,95859,105113,109234,115039,143086,96603,116428,115775,131042,112587,100187,118806,128292,129967,111988,121750,113959,126571,80011,123264,98428,117557,115613,124485,119439,118709,123631,103345,102035,132109,127138,119124,95194,118492,117914,134747,115154,109500,103891,94798,83833,94840,101591,98178,96146,113659,112707,108048,119377,104152,86347,96524,112185,85795,97282,101911,106232,127837,108574,80834,119667,101731,126085,95951,116751
STAT,popedge,Conflicts,149,0,0,0,0,0,0,0,0,0,0,0,0,0,0,0,0,0,0,0,0,0,0,0,0,0,0,0,0,0,0,0,0,0,0,0,0,0,0,0,0,0,0,0,0,0,0,0,0,0,0,0,0,0,0,0,0,0,0,0,0,0,0,0,0,0,0,0,0,0,0,0,0,0,0,0,0,0,0,0,0,0,0,0,0,0,0,0,0,0,0,0,0,0,0,0,0,0,0,0,0,0,0,0,0,0,0,0,0,0,0,0,0,0,0,0,0,0,0,0,0,0,0,0,0,0,0,0,0,0,0,0,0,0,0,0,0,0,0,0,0,0,0,0,0,0,0,0,0,0,0
STAT,popedge,Iterations,149,7367419,47191,45707,46072,46236,46613,46184,46458,48571,45511,47084,46008,49292,46093,47477,47600,46564,45544,49097,46675,49321,46200,46240,49185,45752,47375,46647,48349,54336,55101,54486,54874,56961,53722,54055,52545,53922,53895,52275,53181,51872,52723,50350,53883,53797,55370,51882,53085,51705,52759,52694,49385,49620,49620,48934,48461,53640,51795,49616,49568,53558,53013,45132,43977,42762,45050,42829,43893,45963,45479,46387,44723,44030,44998,43582,45113,45538,46534,46129,48968,44321,50659,45732,45956,46595,47350,47080,45051,49331,56739,58411,53663,54810,55331,53410,53628,53334,53473,52990,49997,52652,54230,54712,53274,52782,54337,49299,53589,53845,52682,51327,52199,51265,52238,51860,51802,48268,52332,50468,51824,50561,54182,52713,43864,44002,44736,47397,46852,44600,46969,47286,44885,44734,49158,46766,48936,49900,45810,49050,48023,49189,48723,48702,49842,51399,46848,49183,45928,48812,48707
STAT,refine,Conflicts,149,5684,139,137,137,134,112,122,111,104,91,84,100,86,80,87,96,63,59,62,53,72,75,67,70,49,68,67,74,66,56,62,42,36,39,48,49,46,25,48,53,33,50,42,34,22,49,34,37,35,44,21,39,39,43,47,41,38,42,38,40,38,39,19,21,14,27,21,19,10,34,21,13,14,16,17,13,19,14,25,16,10,23,27,25,25,13,26,11,24,25,27,21,24,12,19,29,27,21,24,25,35,31,28,15,23,19,29,26,24,23,29,14,20,33,18,26,29,24,29,29,28,26,24,15,19,16,20,23,22,19,25,12,21,21,20,16,16,27,14,21,15,14,20,20,26,19,20,15,22,19
STAT,refine,Iterations,149,46750,404,385,403,453,388,358,401,368,418,357,375,242,328,450,275,299,302,296,188,295,340,411,360,383,339,323,331,371,385,419,273,282,353,435,450,421,251,595,492,289,356,353,208,113,376,302,433,253,360,265,238,349,301,393,307,484,420,224,347,335,303,228,202,163,326,259,250,291,359,289,173,232,206,244,265,189,186,305,228,196,243,271,407,360,226,346,270,388,409,351,346,318,318,238,353,378,396,383,512,381,369,306,229,225,194,303,407,392,302,440,235,268,406,341,367,291,521,352,439,271,351,206,183,206,231,257,216,208,189,244,225,249,277,157,166,252,215,185,261,225,157,345,272,339,346,464,308,227,438
