Hello from MIC
Galois Benchmark Suite v2.2.0 (r0)
Copyright (C) 2013 The University of Texas at Austin
http://iss.ices.utexas.edu/galois/

application: GMetis
Partitions a graph into K parts and minimizing the graph cut
http://iss.ices.utexas.edu/?p=projects/galois/benchmarks/gMetis

INFO: CommandLine /work/02556/dpereira/MIC/apps/gmetis/gmetis -t=169 /work/02556/dpereira/Inputs/USA-road-d.W.gr 128
INFO: Hostname c558-002-mic0.stampede.tacc.utexas.edu
Created Graph with 6262104 nodes and 15248146 edges
Nodes 6262104| Edges 15248146 7624073

  Starting coarsening: 
Time coarsen:  2797 Size of final graph: 3126

  Sarting initial partitioning using GGGP:
Size in decade percentages:  -1,6 -0,117 1,5
Time clustering:  446

  Sarting refinnement with BKL2
Initial dist
Size in decade percentages:  -1,6 -0,117 1,5
Refined dist
Size in decade percentages:  -1,45 0,37 1,46
Time refinement:  1625


Time:  5047
Total edge cut : 8156

Part saved in : 0x7fff87fd0d60
STATTYPE,LOOP,CATEGORY,n,sum,T0,T1,T2,T3,T4,T5,T6,T7,T8,T9,T10,T11,T12,T13,T14,T15,T16,T17,T18,T19,T20,T21,T22,T23,T24,T25,T26,T27,T28,T29,T30,T31,T32,T33,T34,T35,T36,T37,T38,T39,T40,T41,T42,T43,T44,T45,T46,T47,T48,T49,T50,T51,T52,T53,T54,T55,T56,T57,T58,T59,T60,T61,T62,T63,T64,T65,T66,T67,T68,T69,T70,T71,T72,T73,T74,T75,T76,T77,T78,T79,T80,T81,T82,T83,T84,T85,T86,T87,T88,T89,T90,T91,T92,T93,T94,T95,T96,T97,T98,T99,T100,T101,T102,T103,T104,T105,T106,T107,T108,T109,T110,T111,T112,T113,T114,T115,T116,T117,T118,T119,T120,T121,T122,T123,T124,T125,T126,T127,T128,T129,T130,T131,T132,T133,T134,T135,T136,T137,T138,T139,T140,T141,T142,T143,T144,T145,T146,T147,T148,T149,T150,T151,T152,T153,T154,T155,T156,T157,T158,T159,T160,T161,T162,T163,T164,T165,T166,T167,T168
STAT,(NULL),Coarsen,169,2797,2797,0,0,0,0,0,0,0,0,0,0,0,0,0,0,0,0,0,0,0,0,0,0,0,0,0,0,0,0,0,0,0,0,0,0,0,0,0,0,0,0,0,0,0,0,0,0,0,0,0,0,0,0,0,0,0,0,0,0,0,0,0,0,0,0,0,0,0,0,0,0,0,0,0,0,0,0,0,0,0,0,0,0,0,0,0,0,0,0,0,0,0,0,0,0,0,0,0,0,0,0,0,0,0,0,0,0,0,0,0,0,0,0,0,0,0,0,0,0,0,0,0,0,0,0,0,0,0,0,0,0,0,0,0,0,0,0,0,0,0,0,0,0,0,0,0,0,0,0,0,0,0,0,0,0,0,0,0,0,0,0,0,0,0,0,0,0,0,0
STAT,(NULL),Conflicts,169,0,0,0,0,0,0,0,0,0,0,0,0,0,0,0,0,0,0,0,0,0,0,0,0,0,0,0,0,0,0,0,0,0,0,0,0,0,0,0,0,0,0,0,0,0,0,0,0,0,0,0,0,0,0,0,0,0,0,0,0,0,0,0,0,0,0,0,0,0,0,0,0,0,0,0,0,0,0,0,0,0,0,0,0,0,0,0,0,0,0,0,0,0,0,0,0,0,0,0,0,0,0,0,0,0,0,0,0,0,0,0,0,0,0,0,0,0,0,0,0,0,0,0,0,0,0,0,0,0,0,0,0,0,0,0,0,0,0,0,0,0,0,0,0,0,0,0,0,0,0,0,0,0,0,0,0,0,0,0,0,0,0,0,0,0,0,0,0,0,0
STAT,(NULL),Iterations,169,255,8,3,0,1,0,0,0,2,0,2,1,2,0,0,0,1,0,0,6,0,0,0,1,4,7,2,2,0,2,2,3,0,2,6,0,0,2,0,0,0,0,2,5,4,0,2,0,3,4,3,0,2,0,0,0,0,1,1,4,5,1,1,0,0,0,0,1,1,0,0,0,5,0,2,0,1,0,0,0,3,2,3,0,0,3,2,2,2,4,2,0,1,2,0,2,0,2,0,0,0,2,3,1,1,0,0,2,1,4,4,8,5,6,1,3,2,1,1,4,0,3,1,7,0,0,6,0,0,0,1,2,1,3,3,1,0,0,0,0,0,0,3,1,0,0,1,4,1,2,0,1,4,0,0,1,3,0,3,2,4,0,3,1,2,1,1,2,0,1
STAT,(NULL),MeminfoPost,169,757066,4484,4474,4492,4491,4487,4472,4481,4478,4481,4498,4534,4514,4465,4473,4474,4481,4483,4493,4490,4488,4491,4462,4470,4479,4488,4488,4468,4469,4482,4469,4503,4484,4492,4474,4483,4462,4490,4498,4506,4530,4491,4471,4469,4476,4487,4487,4503,4480,4479,4473,4475,4470,4490,4497,4464,4467,4476,4485,4481,4480,4505,4491,4474,4489,4489,4470,4489,4469,4471,4469,4487,4456,4471,4483,4495,4476,4468,4476,4474,4458,4465,4477,4468,4507,4504,4477,4465,4470,4495,4471,4459,4454,4476,4484,4486,4496,4490,4470,4475,4469,4477,4472,4475,4456,4463,4472,4456,4490,4465,4468,4501,4513,4506,4484,4467,4469,4491,4460,4457,4480,4486,4490,4483,4480,4464,4478,4472,4465,4461,4473,4476,4463,4469,4508,4500,4513,4487,4469,4471,4462,4475,4492,4513,4496,4504,4499,4465,4472,4482,4475,4471,4474,4459,4469,4464,4492,4465,4455,4465,4462,4456,4491,4464,4477,4482,4478,4482,4470,4485
STAT,(NULL),MeminfoPre,169,189226,1124,1114,1132,1131,1127,1112,1121,1118,1121,1138,1174,1154,1105,1113,1114,1121,1123,1133,1130,1128,1131,1102,1110,1119,1128,1128,1108,1109,1122,1109,1143,1124,1132,1114,1123,1102,1130,1138,1146,1170,1131,1111,1109,1116,1127,1127,1143,1120,1119,1113,1115,1110,1130,1137,1104,1107,1116,1125,1121,1120,1145,1131,1114,1129,1129,1110,1129,1109,1111,1109,1127,1096,1111,1123,1135,1116,1108,1116,1114,1098,1105,1117,1108,1147,1144,1117,1105,1110,1135,1111,1099,1094,1116,1124,1126,1136,1130,1110,1115,1109,1117,1112,1115,1096,1103,1112,1096,1130,1105,1108,1141,1153,1146,1124,1107,1109,1131,1100,1097,1120,1126,1130,1123,1120,1104,1118,1112,1105,1101,1113,1116,1103,1109,1148,1140,1153,1127,1109,1111,1102,1115,1132,1153,1136,1144,1139,1105,1112,1122,1115,1111,1114,1099,1109,1104,1132,1105,1095,1105,1102,1096,1131,1104,1117,1122,1118,1122,1110,1125
STAT,(NULL),Partition,169,446,446,0,0,0,0,0,0,0,0,0,0,0,0,0,0,0,0,0,0,0,0,0,0,0,0,0,0,0,0,0,0,0,0,0,0,0,0,0,0,0,0,0,0,0,0,0,0,0,0,0,0,0,0,0,0,0,0,0,0,0,0,0,0,0,0,0,0,0,0,0,0,0,0,0,0,0,0,0,0,0,0,0,0,0,0,0,0,0,0,0,0,0,0,0,0,0,0,0,0,0,0,0,0,0,0,0,0,0,0,0,0,0,0,0,0,0,0,0,0,0,0,0,0,0,0,0,0,0,0,0,0,0,0,0,0,0,0,0,0,0,0,0,0,0,0,0,0,0,0,0,0,0,0,0,0,0,0,0,0,0,0,0,0,0,0,0,0,0,0
STAT,(NULL),Refine,169,1625,1625,0,0,0,0,0,0,0,0,0,0,0,0,0,0,0,0,0,0,0,0,0,0,0,0,0,0,0,0,0,0,0,0,0,0,0,0,0,0,0,0,0,0,0,0,0,0,0,0,0,0,0,0,0,0,0,0,0,0,0,0,0,0,0,0,0,0,0,0,0,0,0,0,0,0,0,0,0,0,0,0,0,0,0,0,0,0,0,0,0,0,0,0,0,0,0,0,0,0,0,0,0,0,0,0,0,0,0,0,0,0,0,0,0,0,0,0,0,0,0,0,0,0,0,0,0,0,0,0,0,0,0,0,0,0,0,0,0,0,0,0,0,0,0,0,0,0,0,0,0,0,0,0,0,0,0,0,0,0,0,0,0,0,0,0,0,0,0,0
STAT,(NULL),Threads,169,169,169,0,0,0,0,0,0,0,0,0,0,0,0,0,0,0,0,0,0,0,0,0,0,0,0,0,0,0,0,0,0,0,0,0,0,0,0,0,0,0,0,0,0,0,0,0,0,0,0,0,0,0,0,0,0,0,0,0,0,0,0,0,0,0,0,0,0,0,0,0,0,0,0,0,0,0,0,0,0,0,0,0,0,0,0,0,0,0,0,0,0,0,0,0,0,0,0,0,0,0,0,0,0,0,0,0,0,0,0,0,0,0,0,0,0,0,0,0,0,0,0,0,0,0,0,0,0,0,0,0,0,0,0,0,0,0,0,0,0,0,0,0,0,0,0,0,0,0,0,0,0,0,0,0,0,0,0,0,0,0,0,0,0,0,0,0,0,0,0
STAT,(NULL),Time,169,5047,5047,0,0,0,0,0,0,0,0,0,0,0,0,0,0,0,0,0,0,0,0,0,0,0,0,0,0,0,0,0,0,0,0,0,0,0,0,0,0,0,0,0,0,0,0,0,0,0,0,0,0,0,0,0,0,0,0,0,0,0,0,0,0,0,0,0,0,0,0,0,0,0,0,0,0,0,0,0,0,0,0,0,0,0,0,0,0,0,0,0,0,0,0,0,0,0,0,0,0,0,0,0,0,0,0,0,0,0,0,0,0,0,0,0,0,0,0,0,0,0,0,0,0,0,0,0,0,0,0,0,0,0,0,0,0,0,0,0,0,0,0,0,0,0,0,0,0,0,0,0,0,0,0,0,0,0,0,0,0,0,0,0,0,0,0,0,0,0,0
STAT,match,Conflicts,169,6660,65,54,54,59,59,60,71,53,52,55,51,55,63,48,51,49,49,52,50,49,42,50,57,49,53,66,60,49,53,68,43,44,48,55,52,51,49,49,49,54,51,48,56,44,50,48,50,48,39,37,37,46,49,43,43,38,43,46,45,41,39,29,27,29,29,39,31,31,25,34,33,31,32,30,34,29,30,33,27,36,33,32,35,35,32,35,39,30,43,35,35,37,31,40,46,36,41,31,39,35,37,50,31,33,31,35,40,31,39,32,34,33,32,29,37,31,28,35,28,36,27,34,26,35,36,29,30,27,35,29,25,36,37,30,24,30,31,36,26,31,35,29,35,28,30,30,29,28,31,42,33,37,42,37,34,32,36,30,40,32,35,33,34,33,39,41,30,38,21
STAT,match,Iterations,169,15022399,46819,77101,56193,72694,66365,59177,70656,57389,75381,85949,66080,67677,71042,65828,69616,68561,75400,78880,70550,65279,79195,77506,81909,80302,78789,79858,63984,69612,76168,74441,89088,83439,75688,66519,91627,85209,89810,83273,82782,64496,61056,64106,76412,79339,73913,79710,48546,86258,101830,100483,87984,110180,92245,90225,99685,103774,86517,93358,95053,99355,77288,78804,99572,82720,96826,87547,96163,97515,101459,98288,94258,101643,87629,86658,88883,85672,91534,84254,97507,93420,103766,83619,91423,87209,115899,70295,101345,90258,89652,97445,89470,101903,91811,100052,83494,84789,83673,110450,86678,100707,81964,85391,96725,92655,81862,67796,97007,89925,111353,125870,114067,104427,106033,115332,108320,109349,115063,101974,121619,121113,113077,89662,88326,85056,79023,94436,87583,105595,95850,87884,96024,95076,83105,85539,115319,94935,99878,87843,96244,97029,94550,82129,91647,100733,78671,84452,90836,99590,110582,82446,95163,99391,104070,82921,109828,106404,84904,99990,81241,91645,84857,96057,106127,96588,101531,92640,89401,98209,98528
STAT,popedge,Conflicts,169,0,0,0,0,0,0,0,0,0,0,0,0,0,0,0,0,0,0,0,0,0,0,0,0,0,0,0,0,0,0,0,0,0,0,0,0,0,0,0,0,0,0,0,0,0,0,0,0,0,0,0,0,0,0,0,0,0,0,0,0,0,0,0,0,0,0,0,0,0,0,0,0,0,0,0,0,0,0,0,0,0,0,0,0,0,0,0,0,0,0,0,0,0,0,0,0,0,0,0,0,0,0,0,0,0,0,0,0,0,0,0,0,0,0,0,0,0,0,0,0,0,0,0,0,0,0,0,0,0,0,0,0,0,0,0,0,0,0,0,0,0,0,0,0,0,0,0,0,0,0,0,0,0,0,0,0,0,0,0,0,0,0,0,0,0,0,0,0,0,0
STAT,popedge,Iterations,169,7361254,40852,42674,40590,40679,40684,41336,40374,42959,41033,41884,41941,43288,41182,37396,40585,41322,43120,41528,41786,43536,40662,42189,42709,43783,45323,43769,44593,45545,44509,43891,44663,41991,43497,44800,42624,42856,42238,41264,42923,42542,44453,44422,43617,44760,42717,43397,44213,48979,50328,50137,47305,48805,49334,50325,48752,49659,48747,47155,46572,45634,47037,38137,40210,40387,39108,39590,38591,39581,40558,41805,40165,39987,41034,39829,36068,40119,40383,41863,40672,40622,40281,42705,45790,41042,40567,43874,44397,44022,43348,44526,43697,45218,44504,44644,44014,42934,42613,42670,43114,42360,42208,44055,42501,43597,44295,43050,41885,42990,48485,52011,49917,49047,52006,52061,49583,51708,51229,48951,49066,50470,48320,47069,39306,40413,40834,41464,39271,39519,38061,39957,41702,41517,41913,41098,40400,37358,42203,40171,40710,40087,40911,41954,43164,42462,43547,45784,45511,45597,44646,44273,48553,44321,43071,47003,42361,43911,44971,45146,46691,41724,45927,43911,45999,44113,43926,43056,45091,44001,42644
STAT,refine,Conflicts,169,5992,119,115,113,106,91,109,92,92,84,74,82,86,81,73,82,54,60,76,56,58,65,61,67,54,57,55,67,51,62,70,57,35,30,33,44,48,43,43,49,35,45,37,47,45,46,49,45,32,38,41,46,43,45,30,36,28,46,42,29,52,45,22,25,17,23,29,25,16,17,21,22,21,26,20,14,22,19,15,20,24,17,20,22,26,22,12,25,23,17,27,27,25,21,15,23,28,19,30,23,21,19,23,21,21,18,15,29,23,23,22,30,21,27,24,17,18,24,16,21,23,32,20,23,16,33,24,25,21,21,20,24,16,24,24,29,32,24,18,25,32,29,17,23,21,22,14,15,17,19,21,24,24,21,16,17,23,27,28,17,22,27,20,16,17,36,29,21,26,28
STAT,refine,Iterations,169,136738,751,773,882,811,763,659,722,1019,743,1107,934,1062,851,817,930,675,708,1104,727,641,660,683,783,825,809,848,709,709,815,734,649,565,603,707,649,759,836,853,959,957,737,550,874,752,908,966,654,704,930,996,842,921,900,965,850,819,795,764,819,871,1254,794,863,866,727,793,770,770,964,819,842,850,864,615,807,834,666,534,827,773,843,635,734,680,897,686,824,672,619,831,692,690,659,682,848,897,762,980,993,854,850,722,689,977,762,810,944,770,774,892,1103,971,1177,1194,996,752,803,853,844,1086,1064,1250,760,754,780,683,763,732,811,808,693,637,660,812,918,988,773,677,725,877,840,741,615,757,877,718,507,799,751,755,784,893,649,600,566,782,782,802,732,824,725,974,652,892,1032,896,824,922,795
