Hello from MIC
Galois Benchmark Suite v2.2.0 (r0)
Copyright (C) 2013 The University of Texas at Austin
http://iss.ices.utexas.edu/galois/

application: GMetis
Partitions a graph into K parts and minimizing the graph cut
http://iss.ices.utexas.edu/?p=projects/galois/benchmarks/gMetis

INFO: CommandLine /work/02556/dpereira/MIC/apps/gmetis/gmetis -t=167 /work/02556/dpereira/Inputs/USA-road-d.W.gr 1024
INFO: Hostname c558-402-mic0.stampede.tacc.utexas.edu
Created Graph with 6262104 nodes and 15248146 edges
Nodes 6262104| Edges 15248146 7624073

  Starting coarsening: 
Time coarsen:  2426 Size of final graph: 22022

  Sarting initial partitioning using GGGP:
Size in decade percentages:  -1,78 -0,880 1,66
Time clustering:  1051

  Sarting refinnement with BKL2
Initial dist
Size in decade percentages:  -1,78 -0,880 1,66
Refined dist
Size in decade percentages:  -1,371 0,285 1,367 2,1
Time refinement:  1511


Time:  5169
Total edge cut : 31938

Part saved in : 0x7fffc948abe0
STATTYPE,LOOP,CATEGORY,n,sum,T0,T1,T2,T3,T4,T5,T6,T7,T8,T9,T10,T11,T12,T13,T14,T15,T16,T17,T18,T19,T20,T21,T22,T23,T24,T25,T26,T27,T28,T29,T30,T31,T32,T33,T34,T35,T36,T37,T38,T39,T40,T41,T42,T43,T44,T45,T46,T47,T48,T49,T50,T51,T52,T53,T54,T55,T56,T57,T58,T59,T60,T61,T62,T63,T64,T65,T66,T67,T68,T69,T70,T71,T72,T73,T74,T75,T76,T77,T78,T79,T80,T81,T82,T83,T84,T85,T86,T87,T88,T89,T90,T91,T92,T93,T94,T95,T96,T97,T98,T99,T100,T101,T102,T103,T104,T105,T106,T107,T108,T109,T110,T111,T112,T113,T114,T115,T116,T117,T118,T119,T120,T121,T122,T123,T124,T125,T126,T127,T128,T129,T130,T131,T132,T133,T134,T135,T136,T137,T138,T139,T140,T141,T142,T143,T144,T145,T146,T147,T148,T149,T150,T151,T152,T153,T154,T155,T156,T157,T158,T159,T160,T161,T162,T163,T164,T165,T166
STAT,(NULL),Coarsen,167,2426,2426,0,0,0,0,0,0,0,0,0,0,0,0,0,0,0,0,0,0,0,0,0,0,0,0,0,0,0,0,0,0,0,0,0,0,0,0,0,0,0,0,0,0,0,0,0,0,0,0,0,0,0,0,0,0,0,0,0,0,0,0,0,0,0,0,0,0,0,0,0,0,0,0,0,0,0,0,0,0,0,0,0,0,0,0,0,0,0,0,0,0,0,0,0,0,0,0,0,0,0,0,0,0,0,0,0,0,0,0,0,0,0,0,0,0,0,0,0,0,0,0,0,0,0,0,0,0,0,0,0,0,0,0,0,0,0,0,0,0,0,0,0,0,0,0,0,0,0,0,0,0,0,0,0,0,0,0,0,0,0,0,0,0,0,0,0,0
STAT,(NULL),Conflicts,167,0,0,0,0,0,0,0,0,0,0,0,0,0,0,0,0,0,0,0,0,0,0,0,0,0,0,0,0,0,0,0,0,0,0,0,0,0,0,0,0,0,0,0,0,0,0,0,0,0,0,0,0,0,0,0,0,0,0,0,0,0,0,0,0,0,0,0,0,0,0,0,0,0,0,0,0,0,0,0,0,0,0,0,0,0,0,0,0,0,0,0,0,0,0,0,0,0,0,0,0,0,0,0,0,0,0,0,0,0,0,0,0,0,0,0,0,0,0,0,0,0,0,0,0,0,0,0,0,0,0,0,0,0,0,0,0,0,0,0,0,0,0,0,0,0,0,0,0,0,0,0,0,0,0,0,0,0,0,0,0,0,0,0,0,0,0,0,0
STAT,(NULL),Iterations,167,2047,11,10,8,9,12,15,7,12,8,4,6,7,18,6,17,8,9,10,13,10,26,13,21,10,9,4,9,15,10,15,10,13,21,8,7,13,8,5,13,7,12,15,9,15,8,21,14,19,9,11,6,16,10,17,6,16,13,13,18,6,10,20,11,10,11,2,16,16,17,10,12,10,2,14,18,11,12,13,15,20,12,14,15,16,6,12,9,17,13,11,11,12,21,9,11,4,18,7,4,5,8,9,8,28,10,6,16,21,22,16,19,16,22,13,19,9,16,18,18,19,19,11,27,5,9,11,9,15,6,12,10,11,15,10,12,15,10,7,20,9,13,12,25,19,10,3,11,9,10,5,19,18,10,14,19,8,10,13,9,6,11,5,12,7,16,19,10
STAT,(NULL),MeminfoPost,167,756844,4537,4527,4544,4543,4534,4534,4529,4536,4529,4547,4592,4558,4519,4529,4524,4537,4535,4550,4537,4542,4532,4520,4522,4543,4545,4520,4521,4524,4536,4529,4545,4544,4532,4536,4526,4538,4529,4546,4594,4560,4519,4529,4519,4537,4539,4547,4539,4541,4533,4519,4523,4542,4544,4523,4520,4525,4537,4537,4525,4544,4566,4522,4539,4543,4526,4540,4521,4525,4522,4537,4513,4518,4539,4540,4532,4520,4528,4525,4512,4518,4529,4519,4560,4557,4528,4517,4523,4548,4522,4509,4507,4532,4535,4542,4544,4545,4526,4518,4535,4519,4524,4525,4515,4509,4525,4509,4541,4515,4533,4558,4563,4555,4522,4522,4540,4522,4509,4521,4532,4540,4548,4527,4522,4531,4523,4525,4515,4513,4514,4536,4511,4546,4564,4561,4552,4525,4524,4514,4522,4540,4557,4559,4547,4559,4529,4519,4541,4518,4529,4526,4508,4516,4517,4537,4529,4511,4505,4526,4504,4543,4517,4528,4535,4531,4534,4522,4536
STAT,(NULL),MeminfoPre,167,189211,1138,1128,1145,1144,1135,1135,1130,1137,1130,1148,1193,1159,1120,1130,1125,1138,1136,1151,1138,1143,1133,1121,1123,1144,1146,1121,1122,1125,1137,1130,1146,1145,1133,1137,1127,1139,1130,1147,1195,1161,1120,1130,1120,1138,1140,1148,1140,1142,1134,1120,1124,1143,1145,1124,1121,1126,1138,1138,1126,1145,1167,1123,1140,1144,1127,1141,1122,1126,1123,1138,1114,1119,1140,1141,1133,1121,1129,1126,1113,1119,1130,1120,1161,1158,1129,1118,1124,1149,1123,1110,1108,1133,1136,1143,1145,1146,1127,1119,1136,1120,1125,1126,1116,1110,1126,1110,1142,1116,1134,1159,1164,1156,1123,1123,1141,1123,1110,1122,1133,1141,1149,1128,1123,1132,1124,1126,1116,1114,1115,1137,1112,1147,1165,1162,1153,1126,1125,1115,1123,1141,1158,1160,1148,1160,1130,1120,1142,1119,1130,1127,1109,1117,1118,1138,1130,1112,1106,1127,1105,1144,1118,1129,1136,1132,1135,1123,1137
STAT,(NULL),Partition,167,1051,1051,0,0,0,0,0,0,0,0,0,0,0,0,0,0,0,0,0,0,0,0,0,0,0,0,0,0,0,0,0,0,0,0,0,0,0,0,0,0,0,0,0,0,0,0,0,0,0,0,0,0,0,0,0,0,0,0,0,0,0,0,0,0,0,0,0,0,0,0,0,0,0,0,0,0,0,0,0,0,0,0,0,0,0,0,0,0,0,0,0,0,0,0,0,0,0,0,0,0,0,0,0,0,0,0,0,0,0,0,0,0,0,0,0,0,0,0,0,0,0,0,0,0,0,0,0,0,0,0,0,0,0,0,0,0,0,0,0,0,0,0,0,0,0,0,0,0,0,0,0,0,0,0,0,0,0,0,0,0,0,0,0,0,0,0,0,0
STAT,(NULL),Refine,167,1511,1511,0,0,0,0,0,0,0,0,0,0,0,0,0,0,0,0,0,0,0,0,0,0,0,0,0,0,0,0,0,0,0,0,0,0,0,0,0,0,0,0,0,0,0,0,0,0,0,0,0,0,0,0,0,0,0,0,0,0,0,0,0,0,0,0,0,0,0,0,0,0,0,0,0,0,0,0,0,0,0,0,0,0,0,0,0,0,0,0,0,0,0,0,0,0,0,0,0,0,0,0,0,0,0,0,0,0,0,0,0,0,0,0,0,0,0,0,0,0,0,0,0,0,0,0,0,0,0,0,0,0,0,0,0,0,0,0,0,0,0,0,0,0,0,0,0,0,0,0,0,0,0,0,0,0,0,0,0,0,0,0,0,0,0,0,0,0
STAT,(NULL),Threads,167,167,167,0,0,0,0,0,0,0,0,0,0,0,0,0,0,0,0,0,0,0,0,0,0,0,0,0,0,0,0,0,0,0,0,0,0,0,0,0,0,0,0,0,0,0,0,0,0,0,0,0,0,0,0,0,0,0,0,0,0,0,0,0,0,0,0,0,0,0,0,0,0,0,0,0,0,0,0,0,0,0,0,0,0,0,0,0,0,0,0,0,0,0,0,0,0,0,0,0,0,0,0,0,0,0,0,0,0,0,0,0,0,0,0,0,0,0,0,0,0,0,0,0,0,0,0,0,0,0,0,0,0,0,0,0,0,0,0,0,0,0,0,0,0,0,0,0,0,0,0,0,0,0,0,0,0,0,0,0,0,0,0,0,0,0,0,0,0
STAT,(NULL),Time,167,5169,5169,0,0,0,0,0,0,0,0,0,0,0,0,0,0,0,0,0,0,0,0,0,0,0,0,0,0,0,0,0,0,0,0,0,0,0,0,0,0,0,0,0,0,0,0,0,0,0,0,0,0,0,0,0,0,0,0,0,0,0,0,0,0,0,0,0,0,0,0,0,0,0,0,0,0,0,0,0,0,0,0,0,0,0,0,0,0,0,0,0,0,0,0,0,0,0,0,0,0,0,0,0,0,0,0,0,0,0,0,0,0,0,0,0,0,0,0,0,0,0,0,0,0,0,0,0,0,0,0,0,0,0,0,0,0,0,0,0,0,0,0,0,0,0,0,0,0,0,0,0,0,0,0,0,0,0,0,0,0,0,0,0,0,0,0,0,0
STAT,match,Conflicts,167,5542,50,52,43,48,53,47,58,52,54,46,52,48,55,47,41,43,40,42,51,40,40,51,42,34,49,45,49,31,40,43,50,38,38,35,35,29,42,39,51,45,35,39,31,38,38,47,46,36,38,51,40,35,40,35,33,38,38,34,33,34,36,21,24,26,24,23,26,23,28,18,29,25,22,29,28,26,30,23,22,35,32,30,26,26,35,32,28,29,36,27,28,38,31,32,28,21,24,26,35,38,29,23,30,31,22,30,31,23,34,27,31,33,27,30,31,33,30,27,31,28,29,31,24,22,30,27,25,21,23,25,27,28,28,27,28,32,26,31,30,31,29,28,28,28,29,25,28,30,21,28,32,32,18,22,22,26,25,26,25,25,50,26,28,26,27,26,39
STAT,match,Iterations,167,14977771,64986,59631,87951,78188,83193,62645,64168,71067,57150,59142,69982,69874,62186,69878,72482,68751,85837,73953,62270,86603,67865,86718,91870,93388,64541,66996,85697,95849,77140,65651,81015,80678,71153,78817,61987,78759,81881,74745,60568,83385,79118,73423,80932,61185,71904,90897,68817,109835,75997,87039,88269,100094,85841,96876,111914,109213,91895,91876,112861,84045,79267,98128,94708,107174,101449,93298,84036,102523,103839,101684,95426,103388,124687,106015,93099,101232,94218,93110,95169,87521,81715,81568,93161,87483,81649,70886,86670,90138,76449,86441,105625,79716,105237,74808,99282,104477,96403,97753,69914,96534,86953,111539,84365,63789,95288,93148,114569,117440,92140,118029,110085,109189,117742,84260,108168,92683,134002,97060,83330,112341,115580,104327,90461,93019,67497,102753,100029,102040,90629,102971,91577,80735,91033,87104,96487,89994,100469,91165,85759,83789,112030,120521,83920,89869,84361,92709,104090,105638,107532,114200,78208,89648,109097,115005,103905,88823,88432,98881,101304,96004,82660,104481,84587,83786,87657,103460,96874
STAT,popedge,Conflicts,167,0,0,0,0,0,0,0,0,0,0,0,0,0,0,0,0,0,0,0,0,0,0,0,0,0,0,0,0,0,0,0,0,0,0,0,0,0,0,0,0,0,0,0,0,0,0,0,0,0,0,0,0,0,0,0,0,0,0,0,0,0,0,0,0,0,0,0,0,0,0,0,0,0,0,0,0,0,0,0,0,0,0,0,0,0,0,0,0,0,0,0,0,0,0,0,0,0,0,0,0,0,0,0,0,0,0,0,0,0,0,0,0,0,0,0,0,0,0,0,0,0,0,0,0,0,0,0,0,0,0,0,0,0,0,0,0,0,0,0,0,0,0,0,0,0,0,0,0,0,0,0,0,0,0,0,0,0,0,0,0,0,0,0,0,0,0,0,0
STAT,popedge,Iterations,167,7337225,40480,41121,39833,41210,40930,43721,43347,41595,44010,42442,42149,40213,42895,42561,41086,43468,42329,41678,43399,41377,38738,42370,42513,43376,44555,44650,44729,42839,43544,46209,43664,42727,44512,43350,42519,44009,42436,43393,43238,44088,42774,42459,43937,44051,42431,48747,50679,47688,48769,50308,52458,49018,49431,49571,47479,50794,47418,46485,47235,46197,47489,38672,39279,39405,41043,38952,40643,41240,41223,41874,38784,40708,41557,39999,40741,40621,40316,43285,39801,43024,45757,38523,43133,41336,44558,44410,45677,45220,42949,45163,44934,43811,45149,43125,44443,42951,42232,43953,41756,45359,42706,44668,42310,45456,43228,42909,49872,51906,50451,51105,49366,49311,47462,48685,51186,50761,51008,50277,50366,49008,51760,48624,42052,40509,42218,40603,42190,40632,41549,40617,40272,40585,41719,41319,42371,41070,39891,41264,43634,42231,43564,46361,41710,42307,45946,46868,44135,42614,43189,42987,46763,45249,44220,42837,41638,44829,41873,44727,43009,42860,43770,43983,44969,42099,45537,42245,41458
STAT,refine,Conflicts,167,5196,85,74,71,77,69,63,76,73,59,71,66,52,61,60,60,53,58,52,52,49,51,54,50,46,45,48,47,45,46,43,43,35,31,38,32,47,43,50,37,44,45,32,37,30,45,37,33,34,32,30,34,30,26,28,34,30,36,40,34,39,34,23,26,27,30,22,19,29,24,18,30,22,26,18,18,22,28,23,15,25,24,21,28,22,22,18,16,34,20,13,15,24,22,17,15,19,27,28,21,29,19,29,22,20,15,23,19,28,37,25,25,30,22,11,13,17,19,26,26,24,17,29,20,18,34,23,21,25,17,22,25,23,21,18,25,32,12,15,25,18,20,21,26,30,28,15,24,18,21,23,17,26,20,22,20,18,15,18,24,28,20,21,18,14,12,16,15
STAT,refine,Iterations,167,430440,1835,2024,2671,2184,2495,1880,1911,2355,2317,2420,3312,2957,2129,1873,2117,2105,2672,2165,2750,3017,2809,2386,1975,2697,2033,1729,2521,1970,1357,1793,1862,2426,1824,2046,1985,2787,1801,2703,2559,2479,2446,1878,2332,1822,2420,3175,2681,3460,2719,2736,2717,3081,2272,2640,3328,2761,2492,2992,3330,3419,3313,2338,2471,3129,2753,2590,2454,2704,2928,2160,2770,2992,3638,2637,2554,2493,2650,2694,2415,3027,3264,2651,2940,2157,2329,2127,2201,2526,1822,1702,2318,2594,2980,1994,2201,2668,2936,2352,2408,3293,2539,2855,1910,2106,2515,2535,3287,3933,3454,4287,3672,3806,2899,2193,3338,2605,3235,2918,3422,3424,3953,3094,2274,2579,2609,2595,2727,2867,2422,2587,2216,2535,3069,3358,3230,2220,2161,2116,3064,2285,3810,3241,2887,2566,2632,2308,2647,1933,2199,2172,1643,2593,2135,2698,2554,2280,1633,2443,2173,2834,2649,2479,2469,1809,2463,2196,2295
