Hello from MIC
Galois Benchmark Suite v2.2.0 (r0)
Copyright (C) 2013 The University of Texas at Austin
http://iss.ices.utexas.edu/galois/

application: GMetis
Partitions a graph into K parts and minimizing the graph cut
http://iss.ices.utexas.edu/?p=projects/galois/benchmarks/gMetis

INFO: CommandLine /work/02556/dpereira/MIC/apps/gmetis/gmetis -t=137 /work/02556/dpereira/Inputs/USA-road-d.W.gr 1024
INFO: Hostname c558-401-mic0.stampede.tacc.utexas.edu
Created Graph with 6262104 nodes and 15248146 edges
Nodes 6262104| Edges 15248146 7624073

  Starting coarsening: 
Time coarsen:  2415 Size of final graph: 21847

  Sarting initial partitioning using GGGP:
Size in decade percentages:  -1,74 -0,874 1,76
Time clustering:  1033

  Sarting refinnement with BKL2
Initial dist
Size in decade percentages:  -1,74 -0,874 1,76
Refined dist
Size in decade percentages:  -1,371 0,272 1,380 4,1
Time refinement:  1507


Time:  5134
Total edge cut : 31827

Part saved in : 0x7fffd57224e0
STATTYPE,LOOP,CATEGORY,n,sum,T0,T1,T2,T3,T4,T5,T6,T7,T8,T9,T10,T11,T12,T13,T14,T15,T16,T17,T18,T19,T20,T21,T22,T23,T24,T25,T26,T27,T28,T29,T30,T31,T32,T33,T34,T35,T36,T37,T38,T39,T40,T41,T42,T43,T44,T45,T46,T47,T48,T49,T50,T51,T52,T53,T54,T55,T56,T57,T58,T59,T60,T61,T62,T63,T64,T65,T66,T67,T68,T69,T70,T71,T72,T73,T74,T75,T76,T77,T78,T79,T80,T81,T82,T83,T84,T85,T86,T87,T88,T89,T90,T91,T92,T93,T94,T95,T96,T97,T98,T99,T100,T101,T102,T103,T104,T105,T106,T107,T108,T109,T110,T111,T112,T113,T114,T115,T116,T117,T118,T119,T120,T121,T122,T123,T124,T125,T126,T127,T128,T129,T130,T131,T132,T133,T134,T135,T136
STAT,(NULL),Coarsen,137,2415,2415,0,0,0,0,0,0,0,0,0,0,0,0,0,0,0,0,0,0,0,0,0,0,0,0,0,0,0,0,0,0,0,0,0,0,0,0,0,0,0,0,0,0,0,0,0,0,0,0,0,0,0,0,0,0,0,0,0,0,0,0,0,0,0,0,0,0,0,0,0,0,0,0,0,0,0,0,0,0,0,0,0,0,0,0,0,0,0,0,0,0,0,0,0,0,0,0,0,0,0,0,0,0,0,0,0,0,0,0,0,0,0,0,0,0,0,0,0,0,0,0,0,0,0,0,0,0,0,0,0,0,0,0,0,0,0,0
STAT,(NULL),Conflicts,137,0,0,0,0,0,0,0,0,0,0,0,0,0,0,0,0,0,0,0,0,0,0,0,0,0,0,0,0,0,0,0,0,0,0,0,0,0,0,0,0,0,0,0,0,0,0,0,0,0,0,0,0,0,0,0,0,0,0,0,0,0,0,0,0,0,0,0,0,0,0,0,0,0,0,0,0,0,0,0,0,0,0,0,0,0,0,0,0,0,0,0,0,0,0,0,0,0,0,0,0,0,0,0,0,0,0,0,0,0,0,0,0,0,0,0,0,0,0,0,0,0,0,0,0,0,0,0,0,0,0,0,0,0,0,0,0,0,0
STAT,(NULL),Iterations,137,2047,11,11,10,5,6,6,6,13,9,16,5,9,7,10,8,12,14,14,14,26,16,15,11,13,15,15,20,20,16,9,11,21,19,9,17,17,16,20,11,18,9,16,27,17,28,18,20,21,17,12,15,28,34,30,16,15,15,13,13,10,12,15,8,10,20,10,12,11,11,14,20,4,11,11,16,8,16,15,14,17,16,14,25,4,22,10,13,14,28,11,18,23,9,21,14,19,15,10,7,12,26,18,18,16,16,11,15,21,16,14,21,10,34,9,15,54,26,18,19,15,24,16,11,17,10,12,7,17,15,9,6,14,4,1,8,14,15
STAT,(NULL),MeminfoPost,137,756416,5527,5521,5536,5530,5527,5503,5524,5542,5581,5549,5505,5517,5518,5531,5536,5530,5533,5503,5511,5531,5533,5505,5511,5525,5523,5534,5531,5529,5501,5527,5543,5581,5546,5511,5515,5518,5523,5544,5529,5533,5501,5513,5528,5529,5509,5512,5528,5525,5523,5558,5512,5537,5519,5521,5516,5512,5518,5510,5502,5523,5538,5509,5515,5512,5496,5504,5514,5546,5546,5512,5510,5528,5518,5492,5498,5528,5528,5537,5527,5520,5503,5518,5512,5508,5498,5508,5497,5528,5496,5548,5561,5546,5510,5508,5530,5493,5510,5529,5531,5524,5509,5518,5512,5505,5498,5502,5520,5516,5556,5556,5534,5511,5510,5505,5530,5563,5536,5555,5519,5507,5522,5524,5508,5495,5505,5497,5538,5496,5503,5495,5524,5499,5515,5522,5523,5518,5521
STAT,(NULL),MeminfoPre,137,189099,1386,1380,1395,1389,1386,1362,1383,1401,1440,1408,1364,1376,1377,1390,1395,1389,1392,1362,1370,1390,1392,1364,1370,1384,1382,1393,1390,1388,1360,1386,1402,1440,1405,1370,1374,1377,1382,1403,1388,1392,1360,1372,1387,1388,1368,1371,1387,1384,1382,1417,1371,1396,1378,1380,1375,1371,1377,1369,1361,1382,1397,1368,1374,1371,1355,1363,1373,1405,1405,1371,1369,1387,1377,1351,1357,1387,1387,1396,1386,1379,1362,1377,1371,1367,1357,1367,1356,1387,1355,1407,1420,1405,1369,1367,1389,1352,1369,1388,1390,1383,1368,1377,1371,1364,1357,1361,1379,1375,1415,1415,1393,1370,1369,1364,1389,1422,1395,1414,1378,1366,1381,1383,1367,1354,1364,1356,1397,1355,1362,1354,1383,1358,1374,1381,1382,1377,1380
STAT,(NULL),Partition,137,1033,1033,0,0,0,0,0,0,0,0,0,0,0,0,0,0,0,0,0,0,0,0,0,0,0,0,0,0,0,0,0,0,0,0,0,0,0,0,0,0,0,0,0,0,0,0,0,0,0,0,0,0,0,0,0,0,0,0,0,0,0,0,0,0,0,0,0,0,0,0,0,0,0,0,0,0,0,0,0,0,0,0,0,0,0,0,0,0,0,0,0,0,0,0,0,0,0,0,0,0,0,0,0,0,0,0,0,0,0,0,0,0,0,0,0,0,0,0,0,0,0,0,0,0,0,0,0,0,0,0,0,0,0,0,0,0,0,0
STAT,(NULL),Refine,137,1507,1507,0,0,0,0,0,0,0,0,0,0,0,0,0,0,0,0,0,0,0,0,0,0,0,0,0,0,0,0,0,0,0,0,0,0,0,0,0,0,0,0,0,0,0,0,0,0,0,0,0,0,0,0,0,0,0,0,0,0,0,0,0,0,0,0,0,0,0,0,0,0,0,0,0,0,0,0,0,0,0,0,0,0,0,0,0,0,0,0,0,0,0,0,0,0,0,0,0,0,0,0,0,0,0,0,0,0,0,0,0,0,0,0,0,0,0,0,0,0,0,0,0,0,0,0,0,0,0,0,0,0,0,0,0,0,0,0
STAT,(NULL),Threads,137,137,137,0,0,0,0,0,0,0,0,0,0,0,0,0,0,0,0,0,0,0,0,0,0,0,0,0,0,0,0,0,0,0,0,0,0,0,0,0,0,0,0,0,0,0,0,0,0,0,0,0,0,0,0,0,0,0,0,0,0,0,0,0,0,0,0,0,0,0,0,0,0,0,0,0,0,0,0,0,0,0,0,0,0,0,0,0,0,0,0,0,0,0,0,0,0,0,0,0,0,0,0,0,0,0,0,0,0,0,0,0,0,0,0,0,0,0,0,0,0,0,0,0,0,0,0,0,0,0,0,0,0,0,0,0,0,0,0
STAT,(NULL),Time,137,5134,5134,0,0,0,0,0,0,0,0,0,0,0,0,0,0,0,0,0,0,0,0,0,0,0,0,0,0,0,0,0,0,0,0,0,0,0,0,0,0,0,0,0,0,0,0,0,0,0,0,0,0,0,0,0,0,0,0,0,0,0,0,0,0,0,0,0,0,0,0,0,0,0,0,0,0,0,0,0,0,0,0,0,0,0,0,0,0,0,0,0,0,0,0,0,0,0,0,0,0,0,0,0,0,0,0,0,0,0,0,0,0,0,0,0,0,0,0,0,0,0,0,0,0,0,0,0,0,0,0,0,0,0,0,0,0,0,0
STAT,match,Conflicts,137,5700,66,54,61,60,65,68,69,62,66,57,64,52,62,66,60,40,60,58,56,50,65,60,67,48,52,46,56,45,48,57,37,35,46,46,48,45,48,38,49,39,49,47,46,43,48,45,38,37,51,42,38,45,42,34,43,43,52,50,42,39,42,38,29,40,27,41,51,33,36,34,33,30,43,38,32,37,29,34,35,25,32,46,46,39,30,28,34,40,34,30,39,30,34,35,30,35,28,28,32,33,27,34,27,29,32,32,34,23,37,33,34,36,31,25,32,39,41,33,35,31,41,26,34,33,36,27,35,48,41,37,43,32,36,42,27,41,41
STAT,match,Iterations,137,14963995,62247,97073,76205,86535,94063,70808,85434,82714,90670,101625,91567,89936,87066,92069,89839,123176,86278,93184,96525,101430,98822,112832,92935,117692,72803,121805,104917,112159,104277,89598,107126,109723,95121,138179,97621,94451,116604,107921,76759,117101,98522,117126,79576,109087,134229,111013,103246,107067,82038,104264,111293,105366,96474,112142,105038,115718,96166,115888,100063,107591,89805,114917,111418,111501,98045,105081,90963,107524,92998,128829,84558,108636,115396,102866,97426,121177,128179,129131,133842,163321,119497,131133,110089,119853,136317,126501,113488,119317,128856,119627,133127,100256,119794,101208,127912,114709,131030,108051,99460,136511,130763,132342,143352,122740,126069,110084,103760,131321,113748,105435,121230,120475,120017,114569,97259,116140,109508,119126,133076,136233,107835,142405,97602,114599,118415,117437,115401,104240,133380,104690,108465,122415,110236,99691,115986,118479,94326
STAT,popedge,Conflicts,137,0,0,0,0,0,0,0,0,0,0,0,0,0,0,0,0,0,0,0,0,0,0,0,0,0,0,0,0,0,0,0,0,0,0,0,0,0,0,0,0,0,0,0,0,0,0,0,0,0,0,0,0,0,0,0,0,0,0,0,0,0,0,0,0,0,0,0,0,0,0,0,0,0,0,0,0,0,0,0,0,0,0,0,0,0,0,0,0,0,0,0,0,0,0,0,0,0,0,0,0,0,0,0,0,0,0,0,0,0,0,0,0,0,0,0,0,0,0,0,0,0,0,0,0,0,0,0,0,0,0,0,0,0,0,0,0,0,0
STAT,popedge,Iterations,137,7331766,48501,46738,49080,47583,47835,49931,49561,50093,49593,46722,49338,49427,49675,48344,49587,54150,57208,59085,58101,56300,57503,57494,55782,57588,54838,57161,55984,58828,57089,54932,56142,53975,56546,55944,55913,55261,55232,53908,56152,56384,56948,55212,58578,56985,53748,56957,52180,51158,54449,52003,50877,50784,52024,53545,55653,56753,56460,56011,57271,55653,57617,46490,46006,45429,47261,47808,47831,48155,48202,47193,51501,49753,49830,49189,50854,48349,54575,58478,55887,55731,56407,55935,61551,56265,58143,52401,59106,56991,55491,58844,56195,57138,56159,55069,57363,55905,58400,56109,55708,55127,56068,56383,56769,56034,54166,53961,56392,57271,52621,53660,51857,51757,52008,53118,56141,57192,56912,58108,53686,59316,56013,60801,49868,48024,49122,48376,47731,50557,48948,47944,48142,47970,50261,50981,50077,51239,49089
STAT,refine,Conflicts,137,4646,91,91,74,71,70,72,64,63,59,55,58,67,55,63,56,56,47,37,58,52,41,49,45,54,42,44,54,47,44,45,39,34,53,45,21,33,34,26,45,43,34,44,34,34,37,39,34,38,25,36,41,34,42,37,40,37,38,31,31,30,36,27,19,24,29,26,30,24,22,33,20,26,19,22,22,25,26,20,22,26,22,17,28,20,27,24,23,28,28,30,30,18,23,39,25,21,25,21,17,25,29,25,24,21,14,14,24,18,21,24,30,26,27,24,14,31,22,25,23,20,26,22,27,29,22,17,28,26,23,27,20,11,21,23,23,19,24
STAT,refine,Iterations,137,431547,2155,2371,2917,2315,2836,2163,2619,2690,3869,2817,2844,2783,2542,2575,2847,3596,3037,2570,3478,2945,2691,2885,2615,3191,3030,3061,3650,2973,3442,3421,3857,4189,3692,3769,2401,2679,3690,3240,2922,3114,2823,3206,2828,3539,3309,3106,2938,3229,3018,3592,2832,3200,2992,3009,3561,3274,3426,3156,2440,3107,3795,2857,2704,2646,2540,3124,2834,3216,3393,3662,2390,3299,2947,2251,2883,3415,3116,3884,3203,3748,3028,2831,3387,2922,3320,3533,3138,3965,3333,3928,4722,3450,3735,3837,3543,2624,3193,3172,2906,3674,3060,3488,3127,3137,2753,2485,3052,3317,3786,4184,4339,2668,3434,3466,3100,4134,3792,3880,3093,3155,3083,4539,2709,2591,2903,2482,3002,2399,3188,3119,2951,2360,3177,2462,2867,3398,3653
