Hello from MIC
Galois Benchmark Suite v2.2.0 (r0)
Copyright (C) 2013 The University of Texas at Austin
http://iss.ices.utexas.edu/galois/

application: GMetis
Partitions a graph into K parts and minimizing the graph cut
http://iss.ices.utexas.edu/?p=projects/galois/benchmarks/gMetis

INFO: CommandLine /work/02556/dpereira/MIC/apps/gmetis/gmetis -t=34 /work/02556/dpereira/Inputs/USA-road-d.W.gr 128
INFO: Hostname c557-901-mic0.stampede.tacc.utexas.edu
Created Graph with 6262104 nodes and 15248146 edges
Nodes 6262104| Edges 15248146 7624073

  Starting coarsening: 
Time coarsen:  3313 Size of final graph: 2977

  Sarting initial partitioning using GGGP:
Size in decade percentages:  -1,4 -0,118 1,6
Time clustering:  395

  Sarting refinnement with BKL2
Initial dist
Size in decade percentages:  -1,4 -0,118 1,6
Refined dist
Size in decade percentages:  -1,43 0,44 1,41
Time refinement:  635


Time:  4519
Total edge cut : 8283

Part saved in : 0x7fff84f859e0
STATTYPE,LOOP,CATEGORY,n,sum,T0,T1,T2,T3,T4,T5,T6,T7,T8,T9,T10,T11,T12,T13,T14,T15,T16,T17,T18,T19,T20,T21,T22,T23,T24,T25,T26,T27,T28,T29,T30,T31,T32,T33
STAT,(NULL),Coarsen,34,3313,3313,0,0,0,0,0,0,0,0,0,0,0,0,0,0,0,0,0,0,0,0,0,0,0,0,0,0,0,0,0,0,0,0,0
STAT,(NULL),Conflicts,34,0,0,0,0,0,0,0,0,0,0,0,0,0,0,0,0,0,0,0,0,0,0,0,0,0,0,0,0,0,0,0,0,0,0,0
STAT,(NULL),Iterations,34,255,12,4,7,5,10,12,4,4,8,7,4,7,12,10,10,19,6,6,4,9,4,9,8,4,11,12,4,9,8,8,3,3,5,7
STAT,(NULL),MeminfoPost,34,756157,22270,22251,22305,22271,22233,22222,22273,22326,22225,22282,22233,22224,22290,22218,22220,22212,22240,22238,22189,22247,22200,22180,22314,22191,22256,22184,22239,22273,22287,22261,22187,22187,22189,22240
STAT,(NULL),MeminfoPre,34,189037,5590,5571,5625,5591,5553,5542,5593,5646,5545,5602,5553,5544,5610,5538,5540,5532,5560,5558,5509,5567,5520,5500,5634,5511,5576,5504,5559,5593,5607,5581,5507,5507,5509,5560
STAT,(NULL),Partition,34,395,395,0,0,0,0,0,0,0,0,0,0,0,0,0,0,0,0,0,0,0,0,0,0,0,0,0,0,0,0,0,0,0,0,0
STAT,(NULL),Refine,34,635,635,0,0,0,0,0,0,0,0,0,0,0,0,0,0,0,0,0,0,0,0,0,0,0,0,0,0,0,0,0,0,0,0,0
STAT,(NULL),Threads,34,34,34,0,0,0,0,0,0,0,0,0,0,0,0,0,0,0,0,0,0,0,0,0,0,0,0,0,0,0,0,0,0,0,0,0
STAT,(NULL),Time,34,4519,4519,0,0,0,0,0,0,0,0,0,0,0,0,0,0,0,0,0,0,0,0,0,0,0,0,0,0,0,0,0,0,0,0,0
STAT,match,Conflicts,34,3693,246,208,155,122,132,125,113,117,127,136,105,105,71,102,87,112,98,73,84,87,78,76,70,86,55,62,116,86,67,64,114,133,111,170
STAT,match,Iterations,34,14947591,407224,416586,410858,427953,429187,445049,429441,417101,446582,440893,445779,435244,427882,436023,455493,434662,396493,437804,473457,447036,465898,445915,423227,440704,416925,453180,428698,432772,440308,463701,478893,484643,470110,441870
STAT,popedge,Conflicts,34,0,0,0,0,0,0,0,0,0,0,0,0,0,0,0,0,0,0,0,0,0,0,0,0,0,0,0,0,0,0,0,0,0,0,0
STAT,popedge,Iterations,34,7324479,209692,216864,206275,206477,212962,218103,211642,209837,209396,207135,215612,201548,193454,202613,211172,212552,190200,218290,226014,215471,224041,222974,212229,215917,209619,218264,218712,204437,220232,235861,240482,240181,233983,232238
STAT,refine,Conflicts,34,2290,148,117,108,103,95,80,90,77,78,73,64,68,82,70,63,61,73,46,54,60,58,43,47,42,62,46,50,59,48,36,51,43,49,46
STAT,refine,Iterations,34,133303,3464,3924,4158,3893,3376,3725,3064,4900,3615,3597,3397,3570,4048,3619,3457,3489,3903,4210,3159,3568,4010,4331,5736,3661,4099,4228,4973,4212,4748,3597,3371,3387,4544,4270
