Hello from MIC
Galois Benchmark Suite v2.2.0 (r0)
Copyright (C) 2013 The University of Texas at Austin
http://iss.ices.utexas.edu/galois/

application: GMetis
Partitions a graph into K parts and minimizing the graph cut
http://iss.ices.utexas.edu/?p=projects/galois/benchmarks/gMetis

INFO: CommandLine /work/02556/dpereira/MIC/apps/gmetis/gmetis -t=122 /work/02556/dpereira/Inputs/USA-road-d.W.gr 16
INFO: Hostname c558-001-mic0.stampede.tacc.utexas.edu
Created Graph with 6262104 nodes and 15248146 edges
Nodes 6262104| Edges 15248146 7624073

  Starting coarsening: 
Time coarsen:  2545 Size of final graph: 429

  Sarting initial partitioning using GGGP:
Size in decade percentages:  -0,16
Time clustering:  366

  Sarting refinnement with BKL2
Initial dist
Size in decade percentages:  -0,16
Refined dist
Size in decade percentages:  -1,5 -0,4 1,7
Time refinement:  1444


Time:  4534
Total edge cut : 1774

Part saved in : 0x7fffec57c1e0
STATTYPE,LOOP,CATEGORY,n,sum,T0,T1,T2,T3,T4,T5,T6,T7,T8,T9,T10,T11,T12,T13,T14,T15,T16,T17,T18,T19,T20,T21,T22,T23,T24,T25,T26,T27,T28,T29,T30,T31,T32,T33,T34,T35,T36,T37,T38,T39,T40,T41,T42,T43,T44,T45,T46,T47,T48,T49,T50,T51,T52,T53,T54,T55,T56,T57,T58,T59,T60,T61,T62,T63,T64,T65,T66,T67,T68,T69,T70,T71,T72,T73,T74,T75,T76,T77,T78,T79,T80,T81,T82,T83,T84,T85,T86,T87,T88,T89,T90,T91,T92,T93,T94,T95,T96,T97,T98,T99,T100,T101,T102,T103,T104,T105,T106,T107,T108,T109,T110,T111,T112,T113,T114,T115,T116,T117,T118,T119,T120,T121
STAT,(NULL),Coarsen,122,2545,2545,0,0,0,0,0,0,0,0,0,0,0,0,0,0,0,0,0,0,0,0,0,0,0,0,0,0,0,0,0,0,0,0,0,0,0,0,0,0,0,0,0,0,0,0,0,0,0,0,0,0,0,0,0,0,0,0,0,0,0,0,0,0,0,0,0,0,0,0,0,0,0,0,0,0,0,0,0,0,0,0,0,0,0,0,0,0,0,0,0,0,0,0,0,0,0,0,0,0,0,0,0,0,0,0,0,0,0,0,0,0,0,0,0,0,0,0,0,0,0,0,0
STAT,(NULL),Conflicts,122,0,0,0,0,0,0,0,0,0,0,0,0,0,0,0,0,0,0,0,0,0,0,0,0,0,0,0,0,0,0,0,0,0,0,0,0,0,0,0,0,0,0,0,0,0,0,0,0,0,0,0,0,0,0,0,0,0,0,0,0,0,0,0,0,0,0,0,0,0,0,0,0,0,0,0,0,0,0,0,0,0,0,0,0,0,0,0,0,0,0,0,0,0,0,0,0,0,0,0,0,0,0,0,0,0,0,0,0,0,0,0,0,0,0,0,0,0,0,0,0,0,0,0
STAT,(NULL),Iterations,122,31,6,0,0,0,0,0,0,0,0,0,0,0,0,0,0,1,0,0,0,0,0,0,0,0,0,0,0,0,0,0,0,0,0,0,0,1,0,0,1,1,0,0,0,0,0,0,0,2,0,0,0,0,0,0,0,0,0,0,0,0,0,4,0,0,0,0,0,0,0,2,0,3,2,0,0,0,0,0,0,0,0,0,0,0,0,1,0,0,0,0,0,0,3,0,0,0,0,0,0,0,0,0,0,0,0,2,0,0,0,0,0,0,0,0,1,0,0,1,0,0,0,0
STAT,(NULL),MeminfoPost,122,756550,6209,6208,6215,6200,6195,6205,6216,6264,6224,6189,6186,6213,6213,6203,6224,6187,6193,6211,6204,6186,6201,6203,6213,6214,6211,6176,6214,6236,6266,6192,6197,6197,6207,6229,6206,6193,6188,6209,6218,6179,6194,6207,6199,6224,6216,6205,6212,6196,6195,6191,6204,6173,6194,6214,6204,6188,6191,6172,6195,6187,6241,6210,6183,6198,6204,6169,6185,6204,6216,6221,6193,6184,6198,6190,6180,6178,6181,6204,6176,6214,6248,6227,6188,6202,6186,6170,6203,6219,6204,6188,6197,6193,6173,6182,6196,6184,6237,6243,6212,6185,6183,6193,6236,6233,6234,6201,6191,6195,6192,6186,6176,6189,6210,6169,6187,6169,6200,6185,6199,6200,6203,6198
STAT,(NULL),MeminfoPre,122,189128,1558,1557,1564,1549,1544,1554,1565,1613,1573,1538,1535,1562,1562,1552,1573,1536,1542,1560,1553,1535,1550,1552,1562,1563,1560,1525,1563,1585,1615,1541,1546,1546,1556,1578,1555,1542,1537,1558,1567,1528,1543,1556,1548,1573,1565,1554,1561,1545,1544,1540,1553,1522,1543,1563,1553,1537,1540,1521,1544,1536,1590,1559,1532,1547,1553,1518,1534,1553,1565,1570,1542,1533,1547,1539,1529,1527,1530,1553,1525,1563,1597,1576,1537,1551,1535,1519,1552,1568,1553,1537,1546,1542,1522,1531,1545,1533,1586,1592,1561,1534,1532,1542,1585,1582,1583,1550,1540,1544,1541,1535,1525,1538,1559,1518,1536,1518,1549,1534,1548,1549,1552,1547
STAT,(NULL),Partition,122,366,366,0,0,0,0,0,0,0,0,0,0,0,0,0,0,0,0,0,0,0,0,0,0,0,0,0,0,0,0,0,0,0,0,0,0,0,0,0,0,0,0,0,0,0,0,0,0,0,0,0,0,0,0,0,0,0,0,0,0,0,0,0,0,0,0,0,0,0,0,0,0,0,0,0,0,0,0,0,0,0,0,0,0,0,0,0,0,0,0,0,0,0,0,0,0,0,0,0,0,0,0,0,0,0,0,0,0,0,0,0,0,0,0,0,0,0,0,0,0,0,0,0
STAT,(NULL),Refine,122,1444,1444,0,0,0,0,0,0,0,0,0,0,0,0,0,0,0,0,0,0,0,0,0,0,0,0,0,0,0,0,0,0,0,0,0,0,0,0,0,0,0,0,0,0,0,0,0,0,0,0,0,0,0,0,0,0,0,0,0,0,0,0,0,0,0,0,0,0,0,0,0,0,0,0,0,0,0,0,0,0,0,0,0,0,0,0,0,0,0,0,0,0,0,0,0,0,0,0,0,0,0,0,0,0,0,0,0,0,0,0,0,0,0,0,0,0,0,0,0,0,0,0,0
STAT,(NULL),Threads,122,122,122,0,0,0,0,0,0,0,0,0,0,0,0,0,0,0,0,0,0,0,0,0,0,0,0,0,0,0,0,0,0,0,0,0,0,0,0,0,0,0,0,0,0,0,0,0,0,0,0,0,0,0,0,0,0,0,0,0,0,0,0,0,0,0,0,0,0,0,0,0,0,0,0,0,0,0,0,0,0,0,0,0,0,0,0,0,0,0,0,0,0,0,0,0,0,0,0,0,0,0,0,0,0,0,0,0,0,0,0,0,0,0,0,0,0,0,0,0,0,0,0,0
STAT,(NULL),Time,122,4534,4534,0,0,0,0,0,0,0,0,0,0,0,0,0,0,0,0,0,0,0,0,0,0,0,0,0,0,0,0,0,0,0,0,0,0,0,0,0,0,0,0,0,0,0,0,0,0,0,0,0,0,0,0,0,0,0,0,0,0,0,0,0,0,0,0,0,0,0,0,0,0,0,0,0,0,0,0,0,0,0,0,0,0,0,0,0,0,0,0,0,0,0,0,0,0,0,0,0,0,0,0,0,0,0,0,0,0,0,0,0,0,0,0,0,0,0,0,0,0,0,0,0
STAT,match,Conflicts,122,6228,75,88,84,89,78,70,72,71,64,80,71,67,74,67,82,58,75,68,62,76,51,59,46,58,62,57,65,60,52,61,61,54,47,57,55,31,41,56,54,48,53,58,35,46,50,43,50,52,53,62,69,49,67,56,52,47,57,54,48,49,33,42,44,46,55,46,46,43,48,47,54,40,54,47,32,53,42,51,49,43,49,41,38,43,44,39,34,59,32,36,39,49,42,30,40,40,34,39,38,42,43,38,40,27,48,41,42,35,39,35,47,49,35,45,36,48,53,54,38,42,41,33
STAT,match,Iterations,122,14975196,90322,108387,106679,99212,92827,112654,107782,110014,113200,120764,91950,123259,119822,113649,93171,109070,109123,108163,111987,110247,122627,112379,112189,132702,113145,124546,103630,115668,105550,122462,129242,110415,117126,105910,103203,132100,122483,107034,127725,118224,111693,100668,133450,108787,103633,116971,107358,118444,112175,117070,109688,107068,102705,126008,123069,114274,123179,106251,108127,124857,121073,148953,129032,134658,139656,115953,147753,139242,137982,114027,124347,143617,140307,143995,153149,151319,138808,136394,140009,137162,117517,125084,149078,122877,127634,140764,134739,126092,151584,133267,117301,131045,125798,132925,116165,126753,125714,110519,137645,133072,130632,118108,116788,131588,104662,142923,138874,140613,124742,142676,148272,137234,140159,121154,144459,129987,121362,138079,120937,127735,138861,126225
STAT,popedge,Conflicts,122,0,0,0,0,0,0,0,0,0,0,0,0,0,0,0,0,0,0,0,0,0,0,0,0,0,0,0,0,0,0,0,0,0,0,0,0,0,0,0,0,0,0,0,0,0,0,0,0,0,0,0,0,0,0,0,0,0,0,0,0,0,0,0,0,0,0,0,0,0,0,0,0,0,0,0,0,0,0,0,0,0,0,0,0,0,0,0,0,0,0,0,0,0,0,0,0,0,0,0,0,0,0,0,0,0,0,0,0,0,0,0,0,0,0,0,0,0,0,0,0,0,0,0
STAT,popedge,Iterations,122,7333166,59707,61918,60315,64989,61693,63461,58474,58812,56591,62086,62555,60174,61834,60036,62620,62583,63704,61611,63086,59786,56419,61506,59816,58592,60987,57751,61060,57723,57166,59171,58235,60716,57916,57506,59606,58645,58922,59859,57537,59271,59567,52503,57955,56747,59551,57324,55424,57164,59246,61107,60919,62089,57836,60245,62011,61752,61860,61017,60094,61473,57806,60248,60355,58172,63612,61188,62070,59182,58577,58536,62009,59187,60847,60218,59192,60003,59776,60653,59623,59604,59462,59346,58113,60015,61207,59970,59265,59343,60691,57428,58741,58084,60325,59183,60464,59950,62431,58760,57957,56496,59222,59477,57000,61553,64026,59522,60181,59160,62451,63284,61376,62394,60512,61940,61687,61536,63569,61363,64606,61400,65476,63019
STAT,refine,Conflicts,122,5050,110,114,114,106,97,112,90,98,92,89,86,97,82,81,81,65,65,73,64,56,60,72,68,76,68,56,62,63,65,60,57,40,40,47,30,42,51,39,33,54,39,49,36,53,48,46,31,34,33,38,22,28,27,30,40,42,44,45,31,38,27,28,17,22,16,19,27,21,25,26,28,24,17,29,18,23,23,29,31,14,20,19,30,12,28,20,32,31,24,22,23,26,18,20,35,14,28,26,20,19,28,20,24,20,26,30,18,19,31,28,30,15,16,22,30,26,23,24,14,19,29,18
STAT,refine,Iterations,122,38845,470,429,429,384,299,530,297,465,383,454,405,497,475,327,411,275,328,430,428,290,316,381,272,345,253,308,397,282,263,368,373,316,467,274,237,183,216,317,314,250,262,282,348,329,291,317,217,232,299,297,224,196,172,285,243,339,397,297,272,468,283,344,274,235,242,212,325,193,305,347,350,349,336,464,314,352,346,349,416,365,225,324,348,234,282,226,259,302,264,291,246,354,330,343,314,272,328,305,294,235,212,311,297,371,267,325,211,335,199,295,320,213,301,195,408,300,354,415,244,250,608,332
