Hello from MIC
Galois Benchmark Suite v2.2.0 (r0)
Copyright (C) 2013 The University of Texas at Austin
http://iss.ices.utexas.edu/galois/

application: GMetis
Partitions a graph into K parts and minimizing the graph cut
http://iss.ices.utexas.edu/?p=projects/galois/benchmarks/gMetis

INFO: CommandLine /work/02556/dpereira/MIC/apps/gmetis/gmetis -t=45 /work/02556/dpereira/Inputs/USA-road-d.W.gr 16
INFO: Hostname c557-901-mic0.stampede.tacc.utexas.edu
Created Graph with 6262104 nodes and 15248146 edges
Nodes 6262104| Edges 15248146 7624073

  Starting coarsening: 
Time coarsen:  2843 Size of final graph: 432

  Sarting initial partitioning using GGGP:
Size in decade percentages:  -1,1 -0,15
Time clustering:  356

  Sarting refinnement with BKL2
Initial dist
Size in decade percentages:  -1,1 -0,15
Refined dist
Size in decade percentages:  -1,7 -0,2 1,7
Time refinement:  653


Time:  4028
Total edge cut : 1786

Part saved in : 0x7fff6ce3ae60
STATTYPE,LOOP,CATEGORY,n,sum,T0,T1,T2,T3,T4,T5,T6,T7,T8,T9,T10,T11,T12,T13,T14,T15,T16,T17,T18,T19,T20,T21,T22,T23,T24,T25,T26,T27,T28,T29,T30,T31,T32,T33,T34,T35,T36,T37,T38,T39,T40,T41,T42,T43,T44
STAT,(NULL),Coarsen,45,2843,2843,0,0,0,0,0,0,0,0,0,0,0,0,0,0,0,0,0,0,0,0,0,0,0,0,0,0,0,0,0,0,0,0,0,0,0,0,0,0,0,0,0,0,0,0
STAT,(NULL),Conflicts,45,0,0,0,0,0,0,0,0,0,0,0,0,0,0,0,0,0,0,0,0,0,0,0,0,0,0,0,0,0,0,0,0,0,0,0,0,0,0,0,0,0,0,0,0,0,0
STAT,(NULL),Iterations,45,31,5,1,0,3,3,0,0,1,0,0,0,2,0,0,0,0,0,4,0,2,0,0,0,1,0,2,0,0,0,0,0,0,0,1,0,0,0,1,2,2,0,0,0,1,0
STAT,(NULL),MeminfoPost,45,756169,16823,16802,16896,16797,16842,16795,16806,16776,16839,16808,16890,16797,16837,16794,16790,16807,16844,16808,16781,16796,16779,16754,16841,16796,16757,16831,16779,16756,16769,16858,16813,16758,16825,16772,16758,16841,16819,16813,16872,16784,16758,16768,16764,16773,16803
STAT,(NULL),MeminfoPre,45,189034,4220,4199,4293,4194,4239,4192,4203,4173,4236,4205,4287,4194,4234,4191,4187,4204,4241,4205,4178,4193,4176,4151,4238,4193,4154,4228,4176,4153,4166,4255,4210,4155,4222,4169,4155,4238,4216,4210,4269,4181,4155,4165,4161,4170,4200
STAT,(NULL),Partition,45,356,356,0,0,0,0,0,0,0,0,0,0,0,0,0,0,0,0,0,0,0,0,0,0,0,0,0,0,0,0,0,0,0,0,0,0,0,0,0,0,0,0,0,0,0,0
STAT,(NULL),Refine,45,653,653,0,0,0,0,0,0,0,0,0,0,0,0,0,0,0,0,0,0,0,0,0,0,0,0,0,0,0,0,0,0,0,0,0,0,0,0,0,0,0,0,0,0,0,0
STAT,(NULL),Threads,45,45,45,0,0,0,0,0,0,0,0,0,0,0,0,0,0,0,0,0,0,0,0,0,0,0,0,0,0,0,0,0,0,0,0,0,0,0,0,0,0,0,0,0,0,0,0
STAT,(NULL),Time,45,4028,4028,0,0,0,0,0,0,0,0,0,0,0,0,0,0,0,0,0,0,0,0,0,0,0,0,0,0,0,0,0,0,0,0,0,0,0,0,0,0,0,0,0,0,0,0
STAT,match,Conflicts,45,5006,224,168,155,127,119,136,114,111,95,110,110,118,127,109,91,113,87,82,114,104,80,118,89,88,105,99,92,84,104,98,92,94,107,72,100,90,76,96,143,112,90,87,168,213,95
STAT,match,Iterations,45,14968723,286902,316834,283645,325377,312238,318944,331850,338073,323207,349520,313342,354606,322229,340071,358314,322305,328576,324436,320906,320766,326642,340950,325711,356026,345331,330160,326669,356297,352752,323036,335352,337952,327510,353609,339274,319620,341887,343280,317432,345111,352612,356076,356251,326397,340645
STAT,popedge,Conflicts,45,0,0,0,0,0,0,0,0,0,0,0,0,0,0,0,0,0,0,0,0,0,0,0,0,0,0,0,0,0,0,0,0,0,0,0,0,0,0,0,0,0,0,0,0,0,0
STAT,popedge,Iterations,45,7334562,161160,162265,158747,160924,155426,162214,164673,164024,155590,161347,154154,158165,154476,163565,161708,148395,146716,146366,157669,160489,159323,159951,161229,169141,164792,164518,170030,169298,167304,163222,159082,168489,160346,165426,160981,160542,155804,161743,178454,174656,179811,170934,178858,179171,173384
STAT,refine,Conflicts,45,2720,130,120,102,90,104,96,84,86,69,73,74,75,45,62,68,58,68,76,62,63,63,56,48,42,31,49,36,47,65,38,43,48,33,68,49,39,55,44,42,32,38,53,38,32,26
STAT,refine,Iterations,45,36179,832,715,915,1103,910,827,1117,966,553,476,895,1154,435,937,906,584,962,838,812,907,765,751,782,759,592,910,724,692,803,845,716,598,748,723,898,681,927,930,778,979,419,904,516,733,1162
