Hello from MIC
Galois Benchmark Suite v2.2.0 (r0)
Copyright (C) 2013 The University of Texas at Austin
http://iss.ices.utexas.edu/galois/

application: GMetis
Partitions a graph into K parts and minimizing the graph cut
http://iss.ices.utexas.edu/?p=projects/galois/benchmarks/gMetis

INFO: CommandLine /work/02556/dpereira/MIC/apps/gmetis/gmetis -t=138 /work/02556/dpereira/Inputs/USA-road-d.W.gr 128
INFO: Hostname c558-001-mic0.stampede.tacc.utexas.edu
Created Graph with 6262104 nodes and 15248146 edges
Nodes 6262104| Edges 15248146 7624073

  Starting coarsening: 
Time coarsen:  2494 Size of final graph: 3106

  Sarting initial partitioning using GGGP:
Size in decade percentages:  -1,5 -0,115 1,8
Time clustering:  428

  Sarting refinnement with BKL2
Initial dist
Size in decade percentages:  -1,5 -0,115 1,8
Refined dist
Size in decade percentages:  -1,41 0,44 1,43
Time refinement:  1428


Time:  4526
Total edge cut : 8392

Part saved in : 0x7fff5fbcb760
STATTYPE,LOOP,CATEGORY,n,sum,T0,T1,T2,T3,T4,T5,T6,T7,T8,T9,T10,T11,T12,T13,T14,T15,T16,T17,T18,T19,T20,T21,T22,T23,T24,T25,T26,T27,T28,T29,T30,T31,T32,T33,T34,T35,T36,T37,T38,T39,T40,T41,T42,T43,T44,T45,T46,T47,T48,T49,T50,T51,T52,T53,T54,T55,T56,T57,T58,T59,T60,T61,T62,T63,T64,T65,T66,T67,T68,T69,T70,T71,T72,T73,T74,T75,T76,T77,T78,T79,T80,T81,T82,T83,T84,T85,T86,T87,T88,T89,T90,T91,T92,T93,T94,T95,T96,T97,T98,T99,T100,T101,T102,T103,T104,T105,T106,T107,T108,T109,T110,T111,T112,T113,T114,T115,T116,T117,T118,T119,T120,T121,T122,T123,T124,T125,T126,T127,T128,T129,T130,T131,T132,T133,T134,T135,T136,T137
STAT,(NULL),Coarsen,138,2494,2494,0,0,0,0,0,0,0,0,0,0,0,0,0,0,0,0,0,0,0,0,0,0,0,0,0,0,0,0,0,0,0,0,0,0,0,0,0,0,0,0,0,0,0,0,0,0,0,0,0,0,0,0,0,0,0,0,0,0,0,0,0,0,0,0,0,0,0,0,0,0,0,0,0,0,0,0,0,0,0,0,0,0,0,0,0,0,0,0,0,0,0,0,0,0,0,0,0,0,0,0,0,0,0,0,0,0,0,0,0,0,0,0,0,0,0,0,0,0,0,0,0,0,0,0,0,0,0,0,0,0,0,0,0,0,0,0,0
STAT,(NULL),Conflicts,138,0,0,0,0,0,0,0,0,0,0,0,0,0,0,0,0,0,0,0,0,0,0,0,0,0,0,0,0,0,0,0,0,0,0,0,0,0,0,0,0,0,0,0,0,0,0,0,0,0,0,0,0,0,0,0,0,0,0,0,0,0,0,0,0,0,0,0,0,0,0,0,0,0,0,0,0,0,0,0,0,0,0,0,0,0,0,0,0,0,0,0,0,0,0,0,0,0,0,0,0,0,0,0,0,0,0,0,0,0,0,0,0,0,0,0,0,0,0,0,0,0,0,0,0,0,0,0,0,0,0,0,0,0,0,0,0,0,0,0
STAT,(NULL),Iterations,138,255,13,0,3,6,3,1,0,4,6,0,6,6,0,0,1,2,3,3,1,3,1,0,0,1,0,2,2,2,4,3,2,0,1,0,1,1,0,2,4,0,0,4,0,0,2,1,3,0,0,0,1,6,2,2,0,0,3,5,0,3,1,2,0,1,6,1,4,0,3,0,2,9,0,0,0,0,1,3,0,0,0,0,0,0,3,2,0,4,3,6,2,2,1,4,3,1,0,0,0,3,3,0,1,2,3,1,1,4,0,2,1,0,0,7,4,3,1,5,1,0,1,0,8,1,0,3,4,0,0,3,2,1,3,0,0,1,3,0
STAT,(NULL),MeminfoPost,138,756934,5491,5483,5500,5494,5488,5472,5485,5507,5543,5517,5466,5479,5480,5494,5501,5496,5495,5470,5475,5493,5503,5468,5471,5487,5483,5500,5497,5478,5488,5486,5499,5531,5527,5474,5479,5475,5492,5507,5488,5496,5475,5480,5488,5497,5473,5473,5482,5496,5482,5523,5481,5489,5496,5477,5491,5475,5471,5489,5456,5483,5497,5488,5479,5473,5469,5467,5475,5480,5519,5496,5468,5474,5502,5465,5453,5480,5489,5496,5502,5482,5474,5487,5471,5479,5462,5461,5471,5487,5467,5476,5524,5510,5506,5468,5489,5473,5456,5483,5494,5499,5482,5471,5481,5480,5462,5469,5481,5463,5487,5523,5521,5492,5470,5468,5477,5499,5525,5498,5520,5476,5476,5483,5482,5478,5455,5469,5456,5509,5456,5472,5459,5487,5464,5478,5487,5487,5482,5483
STAT,(NULL),MeminfoPre,138,189202,1377,1369,1386,1380,1374,1358,1371,1393,1429,1403,1352,1365,1366,1380,1387,1382,1381,1356,1361,1379,1389,1354,1357,1373,1369,1386,1383,1364,1374,1372,1385,1417,1413,1360,1365,1361,1378,1393,1374,1382,1361,1366,1374,1383,1359,1359,1368,1382,1368,1409,1367,1375,1382,1363,1377,1361,1357,1375,1342,1369,1383,1374,1365,1359,1355,1353,1361,1366,1405,1382,1354,1360,1388,1351,1339,1366,1375,1382,1388,1368,1360,1373,1357,1365,1348,1347,1357,1373,1353,1362,1410,1396,1392,1354,1375,1359,1342,1369,1380,1385,1368,1357,1367,1366,1348,1355,1367,1349,1373,1409,1407,1378,1356,1354,1363,1385,1411,1384,1406,1362,1362,1369,1368,1364,1341,1355,1342,1395,1342,1358,1345,1373,1350,1364,1373,1373,1368,1369
STAT,(NULL),Partition,138,428,428,0,0,0,0,0,0,0,0,0,0,0,0,0,0,0,0,0,0,0,0,0,0,0,0,0,0,0,0,0,0,0,0,0,0,0,0,0,0,0,0,0,0,0,0,0,0,0,0,0,0,0,0,0,0,0,0,0,0,0,0,0,0,0,0,0,0,0,0,0,0,0,0,0,0,0,0,0,0,0,0,0,0,0,0,0,0,0,0,0,0,0,0,0,0,0,0,0,0,0,0,0,0,0,0,0,0,0,0,0,0,0,0,0,0,0,0,0,0,0,0,0,0,0,0,0,0,0,0,0,0,0,0,0,0,0,0,0
STAT,(NULL),Refine,138,1428,1428,0,0,0,0,0,0,0,0,0,0,0,0,0,0,0,0,0,0,0,0,0,0,0,0,0,0,0,0,0,0,0,0,0,0,0,0,0,0,0,0,0,0,0,0,0,0,0,0,0,0,0,0,0,0,0,0,0,0,0,0,0,0,0,0,0,0,0,0,0,0,0,0,0,0,0,0,0,0,0,0,0,0,0,0,0,0,0,0,0,0,0,0,0,0,0,0,0,0,0,0,0,0,0,0,0,0,0,0,0,0,0,0,0,0,0,0,0,0,0,0,0,0,0,0,0,0,0,0,0,0,0,0,0,0,0,0,0
STAT,(NULL),Threads,138,138,138,0,0,0,0,0,0,0,0,0,0,0,0,0,0,0,0,0,0,0,0,0,0,0,0,0,0,0,0,0,0,0,0,0,0,0,0,0,0,0,0,0,0,0,0,0,0,0,0,0,0,0,0,0,0,0,0,0,0,0,0,0,0,0,0,0,0,0,0,0,0,0,0,0,0,0,0,0,0,0,0,0,0,0,0,0,0,0,0,0,0,0,0,0,0,0,0,0,0,0,0,0,0,0,0,0,0,0,0,0,0,0,0,0,0,0,0,0,0,0,0,0,0,0,0,0,0,0,0,0,0,0,0,0,0,0,0,0
STAT,(NULL),Time,138,4526,4526,0,0,0,0,0,0,0,0,0,0,0,0,0,0,0,0,0,0,0,0,0,0,0,0,0,0,0,0,0,0,0,0,0,0,0,0,0,0,0,0,0,0,0,0,0,0,0,0,0,0,0,0,0,0,0,0,0,0,0,0,0,0,0,0,0,0,0,0,0,0,0,0,0,0,0,0,0,0,0,0,0,0,0,0,0,0,0,0,0,0,0,0,0,0,0,0,0,0,0,0,0,0,0,0,0,0,0,0,0,0,0,0,0,0,0,0,0,0,0,0,0,0,0,0,0,0,0,0,0,0,0,0,0,0,0,0,0
STAT,match,Conflicts,138,6093,57,58,64,61,68,64,52,62,63,61,63,62,57,63,68,65,58,54,59,52,57,52,59,58,55,51,49,58,56,58,58,63,50,46,43,57,49,51,47,53,52,38,39,61,54,52,46,52,32,43,43,41,47,48,48,42,45,64,51,45,50,31,42,36,29,37,38,30,31,39,40,44,36,27,36,31,41,38,38,40,33,35,31,30,45,51,31,38,38,42,36,32,43,43,39,31,39,39,37,33,32,38,34,33,39,39,38,45,36,36,25,41,36,42,34,36,41,39,38,55,39,37,35,32,34,34,36,38,25,35,51,35,40,24,31,33,31,42
STAT,match,Iterations,138,15006054,88297,84693,89809,80553,71253,79462,94358,83246,81049,83296,93499,74798,84786,87067,66395,77874,114241,92713,94646,105464,99357,99270,97319,96462,116592,100957,95982,107000,95298,96265,100583,102875,119615,113749,82412,99013,114445,102361,95662,99662,120077,125298,110181,103581,129289,109718,92244,97236,143118,96219,100105,125079,111011,101990,117310,108540,104754,106556,105049,106800,111688,101266,91662,104918,116893,103937,113891,114357,109381,87178,90421,108436,102275,135492,105819,96621,100860,118059,121881,127173,120687,136093,135485,130058,132216,98206,126999,103756,128699,116020,114628,120001,113322,138071,120881,120638,131600,128731,122649,126844,125079,126673,128216,136176,133104,130155,135922,96217,110177,113831,126676,114072,123342,107146,125342,112617,131201,114405,120975,115288,115764,128283,102249,108596,116406,100518,105704,109216,117710,115504,102800,108295,116078,100095,116810,107774,108684,94629
STAT,popedge,Conflicts,138,0,0,0,0,0,0,0,0,0,0,0,0,0,0,0,0,0,0,0,0,0,0,0,0,0,0,0,0,0,0,0,0,0,0,0,0,0,0,0,0,0,0,0,0,0,0,0,0,0,0,0,0,0,0,0,0,0,0,0,0,0,0,0,0,0,0,0,0,0,0,0,0,0,0,0,0,0,0,0,0,0,0,0,0,0,0,0,0,0,0,0,0,0,0,0,0,0,0,0,0,0,0,0,0,0,0,0,0,0,0,0,0,0,0,0,0,0,0,0,0,0,0,0,0,0,0,0,0,0,0,0,0,0,0,0,0,0,0,0
STAT,popedge,Iterations,138,7352107,46932,45506,47496,47985,48915,48327,47953,48493,47716,48084,50699,46927,50932,49541,49943,50585,56633,59193,56591,57954,59599,57397,57182,58827,54711,54443,50634,56430,57676,56733,53875,53907,55779,54240,56636,56812,55912,53728,56163,55558,55987,55670,55094,55653,54784,57021,54233,52097,56080,52513,52536,52287,54728,54330,54012,55828,54270,55968,57904,57497,54777,46547,48175,47683,45235,46932,45860,46979,47209,46610,49286,48245,49332,49330,50658,48775,48171,54092,56852,56769,56070,56222,57934,57294,54404,58386,54130,52539,56744,58393,56584,54578,54808,56762,56009,55517,57423,56301,53232,55627,54956,56847,58472,57235,55490,55412,56714,57984,54242,57081,57152,54141,55303,55461,55355,58560,57175,59120,56594,59479,58230,58190,48758,46746,46857,50429,47649,48005,50002,47345,47195,47040,47646,50337,51002,50134,47408,48748
STAT,refine,Conflicts,138,5576,115,118,122,115,97,99,99,98,83,79,87,83,86,78,80,62,59,57,58,56,48,69,57,57,59,65,67,60,60,58,59,39,55,36,34,36,41,51,51,29,36,43,42,53,42,49,45,40,58,44,54,45,48,55,44,44,51,38,35,38,37,30,21,20,36,16,27,29,34,26,18,18,22,21,17,24,31,22,26,21,23,15,16,21,18,25,29,32,29,28,20,31,28,31,25,18,26,33,38,36,17,23,27,24,23,31,35,23,30,26,31,30,19,33,25,25,25,23,27,27,28,23,14,15,33,22,20,23,22,20,28,22,12,20,15,17,20,14
STAT,refine,Iterations,138,138710,979,879,1086,936,775,851,749,999,1055,918,893,841,940,734,734,876,1051,1007,824,910,917,1062,774,890,940,1215,1281,747,1006,765,1005,1237,1452,935,714,1089,1114,1006,1060,715,1120,1014,938,1254,1117,1278,898,1126,1183,1113,1033,1182,1078,1228,1193,1158,993,1039,678,1032,1151,1013,660,816,930,891,839,930,1024,850,751,818,1051,870,758,747,973,1070,1280,773,903,869,808,915,1027,1069,1221,1182,851,1123,1104,1226,1482,1482,1193,693,1031,1319,1307,1273,1032,978,942,1106,1088,1245,1522,767,1253,1413,1504,1041,1091,1089,1283,1544,1461,1162,1129,734,1131,1096,904,647,1052,679,716,1047,880,855,794,836,596,730,965,856,739,914
