Hello from MIC
Galois Benchmark Suite v2.2.0 (r0)
Copyright (C) 2013 The University of Texas at Austin
http://iss.ices.utexas.edu/galois/

application: GMetis
Partitions a graph into K parts and minimizing the graph cut
http://iss.ices.utexas.edu/?p=projects/galois/benchmarks/gMetis

INFO: CommandLine /work/02556/dpereira/MIC/apps/gmetis/gmetis -t=207 /work/02556/dpereira/Inputs/USA-road-d.W.gr 128
INFO: Hostname c558-003-mic0.stampede.tacc.utexas.edu
Created Graph with 6262104 nodes and 15248146 edges
Nodes 6262104| Edges 15248146 7624073

  Starting coarsening: 
Time coarsen:  3467 Size of final graph: 3160

  Sarting initial partitioning using GGGP:
Size in decade percentages:  -1,8 -0,115 1,5
Time clustering:  456

  Sarting refinnement with BKL2
Initial dist
Size in decade percentages:  -1,8 -0,115 1,5
Refined dist
Size in decade percentages:  -1,49 -0,34 1,45
Time refinement:  2263


Time:  6363
Total edge cut : 8004

Part saved in : 0x7fffd17f28e0
STATTYPE,LOOP,CATEGORY,n,sum,T0,T1,T2,T3,T4,T5,T6,T7,T8,T9,T10,T11,T12,T13,T14,T15,T16,T17,T18,T19,T20,T21,T22,T23,T24,T25,T26,T27,T28,T29,T30,T31,T32,T33,T34,T35,T36,T37,T38,T39,T40,T41,T42,T43,T44,T45,T46,T47,T48,T49,T50,T51,T52,T53,T54,T55,T56,T57,T58,T59,T60,T61,T62,T63,T64,T65,T66,T67,T68,T69,T70,T71,T72,T73,T74,T75,T76,T77,T78,T79,T80,T81,T82,T83,T84,T85,T86,T87,T88,T89,T90,T91,T92,T93,T94,T95,T96,T97,T98,T99,T100,T101,T102,T103,T104,T105,T106,T107,T108,T109,T110,T111,T112,T113,T114,T115,T116,T117,T118,T119,T120,T121,T122,T123,T124,T125,T126,T127,T128,T129,T130,T131,T132,T133,T134,T135,T136,T137,T138,T139,T140,T141,T142,T143,T144,T145,T146,T147,T148,T149,T150,T151,T152,T153,T154,T155,T156,T157,T158,T159,T160,T161,T162,T163,T164,T165,T166,T167,T168,T169,T170,T171,T172,T173,T174,T175,T176,T177,T178,T179,T180,T181,T182,T183,T184,T185,T186,T187,T188,T189,T190,T191,T192,T193,T194,T195,T196,T197,T198,T199,T200,T201,T202,T203,T204,T205,T206
STAT,(NULL),Coarsen,207,3467,3467,0,0,0,0,0,0,0,0,0,0,0,0,0,0,0,0,0,0,0,0,0,0,0,0,0,0,0,0,0,0,0,0,0,0,0,0,0,0,0,0,0,0,0,0,0,0,0,0,0,0,0,0,0,0,0,0,0,0,0,0,0,0,0,0,0,0,0,0,0,0,0,0,0,0,0,0,0,0,0,0,0,0,0,0,0,0,0,0,0,0,0,0,0,0,0,0,0,0,0,0,0,0,0,0,0,0,0,0,0,0,0,0,0,0,0,0,0,0,0,0,0,0,0,0,0,0,0,0,0,0,0,0,0,0,0,0,0,0,0,0,0,0,0,0,0,0,0,0,0,0,0,0,0,0,0,0,0,0,0,0,0,0,0,0,0,0,0,0,0,0,0,0,0,0,0,0,0,0,0,0,0,0,0,0,0,0,0,0,0,0,0,0,0,0,0,0,0,0,0,0,0,0,0,0,0,0
STAT,(NULL),Conflicts,207,0,0,0,0,0,0,0,0,0,0,0,0,0,0,0,0,0,0,0,0,0,0,0,0,0,0,0,0,0,0,0,0,0,0,0,0,0,0,0,0,0,0,0,0,0,0,0,0,0,0,0,0,0,0,0,0,0,0,0,0,0,0,0,0,0,0,0,0,0,0,0,0,0,0,0,0,0,0,0,0,0,0,0,0,0,0,0,0,0,0,0,0,0,0,0,0,0,0,0,0,0,0,0,0,0,0,0,0,0,0,0,0,0,0,0,0,0,0,0,0,0,0,0,0,0,0,0,0,0,0,0,0,0,0,0,0,0,0,0,0,0,0,0,0,0,0,0,0,0,0,0,0,0,0,0,0,0,0,0,0,0,0,0,0,0,0,0,0,0,0,0,0,0,0,0,0,0,0,0,0,0,0,0,0,0,0,0,0,0,0,0,0,0,0,0,0,0,0,0,0,0,0,0,0,0,0,0,0
STAT,(NULL),Iterations,207,255,8,0,2,0,0,0,2,1,0,5,1,0,2,2,0,0,1,1,0,1,1,1,0,0,0,3,1,0,1,0,3,0,0,1,3,3,2,5,3,0,0,0,0,0,1,1,2,0,0,2,2,1,4,4,3,1,0,5,0,7,4,2,0,0,0,0,0,1,6,0,4,0,0,0,0,0,2,0,0,1,0,0,0,0,2,0,1,0,0,0,0,1,0,0,0,0,0,0,6,0,0,2,0,3,1,4,2,0,0,0,0,2,0,5,3,0,3,0,2,6,0,2,1,1,1,3,2,1,0,0,0,0,2,4,0,3,0,0,0,0,2,0,0,0,2,0,0,2,3,0,0,0,0,0,0,0,0,3,0,0,0,0,5,1,0,3,1,2,0,1,2,1,0,4,1,0,3,5,6,2,3,1,4,7,0,0,3,0,0,1,3,0,0,4,1,0,1,0,4,1,0,0,1,0,1,2,0
STAT,(NULL),MeminfoPost,207,757041,3664,3647,3666,3676,3660,3660,3655,3660,3646,3668,3651,3675,3683,3706,3672,3639,3657,3650,3647,3663,3665,3667,3679,3654,3663,3662,3642,3650,3655,3665,3673,3647,3653,3644,3656,3659,3648,3679,3658,3669,3656,3651,3661,3645,3668,3664,3667,3700,3689,3671,3643,3655,3649,3652,3667,3660,3673,3664,3663,3659,3655,3648,3655,3649,3667,3671,3651,3646,3650,3656,3663,3660,3651,3667,3688,3656,3651,3665,3665,3658,3652,3668,3646,3654,3648,3652,3662,3639,3644,3658,3663,3669,3655,3646,3656,3652,3646,3641,3650,3653,3645,3658,3681,3681,3655,3644,3650,3649,3674,3652,3643,3636,3640,3658,3660,3668,3658,3667,3671,3648,3654,3646,3662,3647,3651,3655,3642,3643,3640,3653,3637,3670,3648,3638,3658,3677,3684,3675,3677,3650,3649,3649,3671,3643,3637,3643,3659,3660,3667,3667,3655,3653,3646,3658,3650,3654,3639,3643,3652,3639,3662,3643,3652,3677,3683,3682,3677,3655,3648,3654,3638,3648,3657,3672,3687,3673,3664,3683,3668,3646,3650,3669,3643,3656,3650,3656,3642,3632,3651,3649,3668,3649,3638,3639,3653,3636,3636,3675,3641,3649,3653,3662,3656,3657,3659,3651,3657
STAT,(NULL),MeminfoPre,207,189240,921,904,923,933,917,917,912,917,903,925,908,932,940,963,929,896,914,907,904,920,922,924,936,911,920,919,899,907,912,922,930,904,910,901,913,916,905,936,915,926,913,908,918,902,925,921,924,957,946,928,900,912,906,909,924,917,930,921,920,916,912,905,912,906,924,928,908,903,907,913,920,917,908,924,945,913,908,922,922,915,909,925,903,911,905,909,919,896,901,915,920,926,912,903,913,909,903,898,907,910,902,915,938,938,912,901,907,906,931,909,900,893,897,915,917,925,915,924,928,905,911,903,919,904,908,912,899,900,897,910,894,927,905,895,915,934,941,932,934,907,906,906,928,900,894,900,916,917,924,924,912,910,903,915,907,911,896,900,909,896,919,900,909,934,940,939,934,912,905,911,895,905,914,929,944,930,921,940,925,903,907,926,900,913,907,913,899,889,908,906,925,906,895,896,910,893,893,932,898,906,910,919,913,914,916,908,914
STAT,(NULL),Partition,207,456,456,0,0,0,0,0,0,0,0,0,0,0,0,0,0,0,0,0,0,0,0,0,0,0,0,0,0,0,0,0,0,0,0,0,0,0,0,0,0,0,0,0,0,0,0,0,0,0,0,0,0,0,0,0,0,0,0,0,0,0,0,0,0,0,0,0,0,0,0,0,0,0,0,0,0,0,0,0,0,0,0,0,0,0,0,0,0,0,0,0,0,0,0,0,0,0,0,0,0,0,0,0,0,0,0,0,0,0,0,0,0,0,0,0,0,0,0,0,0,0,0,0,0,0,0,0,0,0,0,0,0,0,0,0,0,0,0,0,0,0,0,0,0,0,0,0,0,0,0,0,0,0,0,0,0,0,0,0,0,0,0,0,0,0,0,0,0,0,0,0,0,0,0,0,0,0,0,0,0,0,0,0,0,0,0,0,0,0,0,0,0,0,0,0,0,0,0,0,0,0,0,0,0,0,0,0,0
STAT,(NULL),Refine,207,2263,2263,0,0,0,0,0,0,0,0,0,0,0,0,0,0,0,0,0,0,0,0,0,0,0,0,0,0,0,0,0,0,0,0,0,0,0,0,0,0,0,0,0,0,0,0,0,0,0,0,0,0,0,0,0,0,0,0,0,0,0,0,0,0,0,0,0,0,0,0,0,0,0,0,0,0,0,0,0,0,0,0,0,0,0,0,0,0,0,0,0,0,0,0,0,0,0,0,0,0,0,0,0,0,0,0,0,0,0,0,0,0,0,0,0,0,0,0,0,0,0,0,0,0,0,0,0,0,0,0,0,0,0,0,0,0,0,0,0,0,0,0,0,0,0,0,0,0,0,0,0,0,0,0,0,0,0,0,0,0,0,0,0,0,0,0,0,0,0,0,0,0,0,0,0,0,0,0,0,0,0,0,0,0,0,0,0,0,0,0,0,0,0,0,0,0,0,0,0,0,0,0,0,0,0,0,0,0
STAT,(NULL),Threads,207,207,207,0,0,0,0,0,0,0,0,0,0,0,0,0,0,0,0,0,0,0,0,0,0,0,0,0,0,0,0,0,0,0,0,0,0,0,0,0,0,0,0,0,0,0,0,0,0,0,0,0,0,0,0,0,0,0,0,0,0,0,0,0,0,0,0,0,0,0,0,0,0,0,0,0,0,0,0,0,0,0,0,0,0,0,0,0,0,0,0,0,0,0,0,0,0,0,0,0,0,0,0,0,0,0,0,0,0,0,0,0,0,0,0,0,0,0,0,0,0,0,0,0,0,0,0,0,0,0,0,0,0,0,0,0,0,0,0,0,0,0,0,0,0,0,0,0,0,0,0,0,0,0,0,0,0,0,0,0,0,0,0,0,0,0,0,0,0,0,0,0,0,0,0,0,0,0,0,0,0,0,0,0,0,0,0,0,0,0,0,0,0,0,0,0,0,0,0,0,0,0,0,0,0,0,0,0,0
STAT,(NULL),Time,207,6363,6363,0,0,0,0,0,0,0,0,0,0,0,0,0,0,0,0,0,0,0,0,0,0,0,0,0,0,0,0,0,0,0,0,0,0,0,0,0,0,0,0,0,0,0,0,0,0,0,0,0,0,0,0,0,0,0,0,0,0,0,0,0,0,0,0,0,0,0,0,0,0,0,0,0,0,0,0,0,0,0,0,0,0,0,0,0,0,0,0,0,0,0,0,0,0,0,0,0,0,0,0,0,0,0,0,0,0,0,0,0,0,0,0,0,0,0,0,0,0,0,0,0,0,0,0,0,0,0,0,0,0,0,0,0,0,0,0,0,0,0,0,0,0,0,0,0,0,0,0,0,0,0,0,0,0,0,0,0,0,0,0,0,0,0,0,0,0,0,0,0,0,0,0,0,0,0,0,0,0,0,0,0,0,0,0,0,0,0,0,0,0,0,0,0,0,0,0,0,0,0,0,0,0,0,0,0,0
STAT,match,Conflicts,207,6348,58,44,42,51,48,44,52,50,47,48,47,48,46,34,42,48,39,46,43,41,41,47,38,46,42,41,33,38,32,31,46,40,42,37,34,38,27,37,35,44,37,42,36,39,35,41,39,42,44,38,33,32,34,34,35,31,34,31,34,29,38,31,22,20,24,21,28,24,25,25,24,27,26,24,22,25,26,23,33,26,32,25,24,27,21,28,26,30,30,28,32,30,27,31,31,29,36,26,38,26,26,27,24,30,32,24,27,34,22,26,23,27,25,26,29,27,28,28,29,25,23,38,25,21,26,22,32,28,30,18,23,29,25,32,28,28,16,25,28,25,28,27,25,25,29,24,23,25,26,25,25,33,25,33,27,29,27,33,28,31,31,22,33,33,25,29,29,36,27,30,30,30,26,30,19,30,28,20,24,27,22,22,24,24,27,20,27,27,24,27,29,22,26,33,25,24,21,23,23,31,26,20,26,28,29,25,27
STAT,match,Iterations,207,15049743,45706,53518,62786,58987,48826,52878,41047,56151,42131,56097,42447,44508,50045,55715,60051,46013,69619,58578,58318,58864,54046,56108,45974,45740,74971,69137,65514,73326,78963,78679,56235,67641,58544,79610,76595,59218,92850,71659,70365,56436,69894,60078,66647,66334,77920,62464,63612,62982,70062,70148,76138,62571,66106,69922,78197,66027,56822,57644,66923,68266,52398,60810,90788,76823,70189,82544,74990,91206,72745,60672,76258,68603,87329,73532,63211,75816,75628,100565,60345,88660,80691,68499,61605,82805,75608,82932,82529,53758,74891,75155,83103,77963,91974,84233,96085,70766,70929,85838,67194,97371,80250,93496,69717,70701,72794,95855,84953,90322,80427,100772,82678,76445,94847,90741,68484,70023,77165,77283,85453,62846,63952,78160,64168,60081,74166,78735,70950,72184,59373,79908,78647,67595,77225,66202,61547,50674,81189,86825,70579,88705,61758,71584,73699,71984,85925,57462,85425,97155,87591,88475,80579,83984,94785,73763,79612,101248,62819,87223,76978,76097,66970,86696,75444,69415,77813,76886,90556,87673,68485,59040,69450,63114,73049,68236,75071,78150,73607,65342,85105,63120,96989,83525,69086,84886,85295,74769,83365,55367,84456,78600,75078,64601,77360,89486,89868,79945,68533,72048,71673,93858,74486,86203,90087,76491,82056,67908,66545
STAT,popedge,Conflicts,207,0,0,0,0,0,0,0,0,0,0,0,0,0,0,0,0,0,0,0,0,0,0,0,0,0,0,0,0,0,0,0,0,0,0,0,0,0,0,0,0,0,0,0,0,0,0,0,0,0,0,0,0,0,0,0,0,0,0,0,0,0,0,0,0,0,0,0,0,0,0,0,0,0,0,0,0,0,0,0,0,0,0,0,0,0,0,0,0,0,0,0,0,0,0,0,0,0,0,0,0,0,0,0,0,0,0,0,0,0,0,0,0,0,0,0,0,0,0,0,0,0,0,0,0,0,0,0,0,0,0,0,0,0,0,0,0,0,0,0,0,0,0,0,0,0,0,0,0,0,0,0,0,0,0,0,0,0,0,0,0,0,0,0,0,0,0,0,0,0,0,0,0,0,0,0,0,0,0,0,0,0,0,0,0,0,0,0,0,0,0,0,0,0,0,0,0,0,0,0,0,0,0,0,0,0,0,0,0
STAT,popedge,Iterations,207,7374617,31747,33443,33093,33120,33441,33730,34683,32758,33517,34081,34003,33824,33295,31301,32473,34647,33481,33080,34754,32709,32535,32569,32063,33207,37330,35422,37919,37051,36730,38303,37024,38181,37351,37729,34726,37470,36487,35090,36213,37029,37635,36253,37392,36905,36794,38414,36692,39555,36656,35800,36879,37285,35447,36962,37040,35746,38689,37058,37249,37736,38165,33196,33013,31721,33246,31813,33779,32117,33101,33179,32224,33111,35786,32800,31764,33761,32309,33534,32317,33441,32242,32997,33636,32147,33748,34538,37970,37353,37963,38416,38444,35522,40610,37237,38188,35004,37425,37979,36519,36151,36019,40762,35946,35797,36613,40240,37055,38444,36945,40006,37706,37754,39839,36882,39321,38751,36154,40926,36993,38572,38131,38169,31293,35124,34804,32992,32993,33250,33591,33702,32188,33277,32805,34139,33693,32755,31943,35323,32620,31976,33469,32472,33019,33625,31919,33810,39210,37610,36895,38397,38902,37998,38428,38211,37818,38567,35351,36951,38370,36116,36859,36682,41887,35191,37290,38031,39645,37221,37742,38262,39715,37298,38329,39787,38087,39345,40534,37916,38627,37661,40963,38760,36846,32343,34124,33602,31808,34147,35511,32761,33547,34750,34081,31881,33272,33050,33820,32518,34608,33426,34181,35519,34391,35326,33337,34672,34371
STAT,refine,Conflicts,207,6670,101,98,96,101,102,96,94,99,73,81,84,79,73,81,83,67,68,48,79,63,68,72,59,68,57,64,62,53,59,66,44,37,33,45,37,45,48,49,39,32,50,38,46,48,44,37,48,48,41,42,33,41,51,33,44,30,43,31,48,36,32,14,22,14,25,15,19,24,15,15,16,17,20,18,21,23,19,25,22,21,20,24,28,17,18,30,33,23,15,22,20,23,27,13,19,22,16,30,25,24,23,23,16,31,26,29,16,29,21,24,15,16,24,28,23,16,20,21,18,19,17,27,17,23,25,19,27,21,21,18,15,23,24,25,21,19,17,27,22,19,21,19,22,16,25,18,18,21,20,14,21,31,13,21,23,25,16,18,23,23,25,21,34,29,24,23,22,29,30,34,24,18,18,21,31,14,22,21,28,22,24,18,17,19,19,21,15,18,14,22,16,21,27,18,19,19,22,27,21,20,17,20,25,12,24,11,20
STAT,refine,Iterations,207,136715,591,748,835,783,591,675,694,639,498,602,574,734,797,809,735,565,830,543,751,549,633,671,525,663,549,608,744,675,782,1062,610,476,384,894,756,780,715,804,924,482,845,589,678,701,790,627,708,838,839,505,605,700,625,441,712,465,691,384,409,403,393,473,602,543,764,605,490,682,543,499,714,546,798,639,688,763,494,762,508,778,549,724,556,633,642,632,918,444,523,700,805,614,948,546,798,769,736,873,898,657,628,1007,513,711,748,1012,733,858,840,774,679,478,838,761,561,478,638,782,528,457,482,693,382,672,693,700,662,579,539,619,567,730,598,675,748,604,648,650,688,585,760,542,775,565,478,502,636,742,584,474,615,845,771,596,485,967,535,731,763,718,620,483,1080,647,792,626,839,677,742,883,697,650,614,693,926,601,551,671,755,551,656,655,390,419,665,621,661,579,643,589,590,415,666,522,718,737,547,810,642,770,588,793,714,756,741,517,507
