Hello from MIC
Galois Benchmark Suite v2.2.0 (r0)
Copyright (C) 2013 The University of Texas at Austin
http://iss.ices.utexas.edu/galois/

application: GMetis
Partitions a graph into K parts and minimizing the graph cut
http://iss.ices.utexas.edu/?p=projects/galois/benchmarks/gMetis

INFO: CommandLine /work/02556/dpereira/MIC/apps/gmetis/gmetis -t=200 /work/02556/dpereira/Inputs/USA-road-d.W.gr 128
INFO: Hostname c558-003-mic0.stampede.tacc.utexas.edu
Created Graph with 6262104 nodes and 15248146 edges
Nodes 6262104| Edges 15248146 7624073

  Starting coarsening: 
Time coarsen:  3315 Size of final graph: 3162

  Sarting initial partitioning using GGGP:
Size in decade percentages:  -1,3 -0,116 1,9
Time clustering:  455

  Sarting refinnement with BKL2
Initial dist
Size in decade percentages:  -1,3 -0,116 1,9
Refined dist
Size in decade percentages:  -1,44 0,37 1,47
Time refinement:  2098


Time:  6046
Total edge cut : 7508

Part saved in : 0x7fff1327d1e0
STATTYPE,LOOP,CATEGORY,n,sum,T0,T1,T2,T3,T4,T5,T6,T7,T8,T9,T10,T11,T12,T13,T14,T15,T16,T17,T18,T19,T20,T21,T22,T23,T24,T25,T26,T27,T28,T29,T30,T31,T32,T33,T34,T35,T36,T37,T38,T39,T40,T41,T42,T43,T44,T45,T46,T47,T48,T49,T50,T51,T52,T53,T54,T55,T56,T57,T58,T59,T60,T61,T62,T63,T64,T65,T66,T67,T68,T69,T70,T71,T72,T73,T74,T75,T76,T77,T78,T79,T80,T81,T82,T83,T84,T85,T86,T87,T88,T89,T90,T91,T92,T93,T94,T95,T96,T97,T98,T99,T100,T101,T102,T103,T104,T105,T106,T107,T108,T109,T110,T111,T112,T113,T114,T115,T116,T117,T118,T119,T120,T121,T122,T123,T124,T125,T126,T127,T128,T129,T130,T131,T132,T133,T134,T135,T136,T137,T138,T139,T140,T141,T142,T143,T144,T145,T146,T147,T148,T149,T150,T151,T152,T153,T154,T155,T156,T157,T158,T159,T160,T161,T162,T163,T164,T165,T166,T167,T168,T169,T170,T171,T172,T173,T174,T175,T176,T177,T178,T179,T180,T181,T182,T183,T184,T185,T186,T187,T188,T189,T190,T191,T192,T193,T194,T195,T196,T197,T198,T199
STAT,(NULL),Coarsen,200,3315,3315,0,0,0,0,0,0,0,0,0,0,0,0,0,0,0,0,0,0,0,0,0,0,0,0,0,0,0,0,0,0,0,0,0,0,0,0,0,0,0,0,0,0,0,0,0,0,0,0,0,0,0,0,0,0,0,0,0,0,0,0,0,0,0,0,0,0,0,0,0,0,0,0,0,0,0,0,0,0,0,0,0,0,0,0,0,0,0,0,0,0,0,0,0,0,0,0,0,0,0,0,0,0,0,0,0,0,0,0,0,0,0,0,0,0,0,0,0,0,0,0,0,0,0,0,0,0,0,0,0,0,0,0,0,0,0,0,0,0,0,0,0,0,0,0,0,0,0,0,0,0,0,0,0,0,0,0,0,0,0,0,0,0,0,0,0,0,0,0,0,0,0,0,0,0,0,0,0,0,0,0,0,0,0,0,0,0,0,0,0,0,0,0,0,0,0,0,0,0,0
STAT,(NULL),Conflicts,200,0,0,0,0,0,0,0,0,0,0,0,0,0,0,0,0,0,0,0,0,0,0,0,0,0,0,0,0,0,0,0,0,0,0,0,0,0,0,0,0,0,0,0,0,0,0,0,0,0,0,0,0,0,0,0,0,0,0,0,0,0,0,0,0,0,0,0,0,0,0,0,0,0,0,0,0,0,0,0,0,0,0,0,0,0,0,0,0,0,0,0,0,0,0,0,0,0,0,0,0,0,0,0,0,0,0,0,0,0,0,0,0,0,0,0,0,0,0,0,0,0,0,0,0,0,0,0,0,0,0,0,0,0,0,0,0,0,0,0,0,0,0,0,0,0,0,0,0,0,0,0,0,0,0,0,0,0,0,0,0,0,0,0,0,0,0,0,0,0,0,0,0,0,0,0,0,0,0,0,0,0,0,0,0,0,0,0,0,0,0,0,0,0,0,0,0,0,0,0,0,0
STAT,(NULL),Iterations,200,255,8,0,0,1,0,1,4,0,0,0,1,1,0,0,0,1,3,3,4,2,0,1,1,0,0,2,2,0,0,3,1,0,0,3,0,1,1,3,4,0,4,1,0,1,3,0,0,2,0,1,0,0,1,2,4,0,0,2,2,2,0,8,0,0,1,1,1,0,0,0,0,1,2,0,0,0,0,0,1,2,0,1,0,0,1,0,1,1,0,0,0,1,2,0,0,2,3,0,3,1,2,1,0,0,4,0,3,0,0,3,2,0,1,3,0,0,1,1,0,5,4,0,6,0,1,1,6,0,0,0,0,1,2,0,1,0,5,0,0,5,2,0,3,0,0,1,4,0,0,1,0,2,2,0,0,0,3,0,1,4,0,5,5,0,0,2,3,2,0,6,0,4,0,1,4,1,0,0,0,0,2,5,0,8,2,0,2,0,1,0,1,0,0,0,9,1,0,0,0,1
STAT,(NULL),MeminfoPost,200,756505,3788,3772,3796,3795,3791,3779,3777,3786,3774,3791,3790,3790,3837,3809,3786,3771,3773,3779,3787,3784,3793,3799,3776,3799,3787,3768,3776,3779,3791,3796,3772,3775,3772,3787,3781,3783,3789,3793,3796,3775,3795,3768,3783,3778,3803,3807,3834,3800,3766,3780,3780,3774,3787,3787,3802,3787,3789,3783,3778,3773,3779,3783,3790,3795,3773,3769,3777,3784,3792,3785,3776,3798,3808,3775,3783,3792,3790,3772,3793,3774,3780,3771,3773,3791,3763,3770,3783,3790,3795,3778,3772,3780,3777,3768,3766,3771,3784,3767,3801,3808,3793,3775,3773,3775,3789,3786,3770,3762,3764,3781,3785,3788,3787,3794,3796,3774,3777,3772,3784,3772,3779,3776,3763,3769,3768,3775,3767,3792,3771,3768,3797,3812,3806,3806,3778,3772,3773,3797,3767,3763,3767,3785,3786,3792,3792,3779,3777,3775,3779,3775,3779,3768,3762,3774,3785,3771,3762,3795,3810,3804,3808,3788,3778,3769,3777,3768,3783,3792,3813,3801,3790,3809,3792,3769,3778,3793,3768,3788,3771,3773,3764,3766,3769,3767,3812,3763,3762,3761,3778,3770,3791,3764,3773,3779,3783,3785,3784,3784,3774,3783
STAT,(NULL),MeminfoPre,200,189105,951,935,959,958,954,942,940,949,937,954,953,953,1000,972,949,934,936,942,950,947,956,962,939,962,950,931,939,942,954,959,935,938,935,950,944,946,952,956,959,938,958,931,946,941,966,970,997,963,929,943,943,937,950,950,965,950,952,946,941,936,942,946,953,958,936,932,940,947,955,948,939,961,971,938,946,955,953,935,956,937,943,934,936,954,926,933,946,953,958,941,935,943,940,931,929,934,947,930,964,971,956,938,936,938,952,949,933,925,927,944,948,951,950,957,959,937,940,935,947,935,942,939,926,932,931,938,930,955,934,931,960,975,969,969,941,935,936,960,930,926,930,948,949,955,955,942,940,938,942,938,942,931,925,937,948,934,925,958,973,967,971,951,941,932,940,931,946,955,976,964,953,972,955,932,941,956,931,951,934,936,927,929,932,930,975,926,925,924,941,933,954,927,936,942,946,948,947,947,937,946
STAT,(NULL),Partition,200,455,455,0,0,0,0,0,0,0,0,0,0,0,0,0,0,0,0,0,0,0,0,0,0,0,0,0,0,0,0,0,0,0,0,0,0,0,0,0,0,0,0,0,0,0,0,0,0,0,0,0,0,0,0,0,0,0,0,0,0,0,0,0,0,0,0,0,0,0,0,0,0,0,0,0,0,0,0,0,0,0,0,0,0,0,0,0,0,0,0,0,0,0,0,0,0,0,0,0,0,0,0,0,0,0,0,0,0,0,0,0,0,0,0,0,0,0,0,0,0,0,0,0,0,0,0,0,0,0,0,0,0,0,0,0,0,0,0,0,0,0,0,0,0,0,0,0,0,0,0,0,0,0,0,0,0,0,0,0,0,0,0,0,0,0,0,0,0,0,0,0,0,0,0,0,0,0,0,0,0,0,0,0,0,0,0,0,0,0,0,0,0,0,0,0,0,0,0,0,0,0
STAT,(NULL),Refine,200,2098,2098,0,0,0,0,0,0,0,0,0,0,0,0,0,0,0,0,0,0,0,0,0,0,0,0,0,0,0,0,0,0,0,0,0,0,0,0,0,0,0,0,0,0,0,0,0,0,0,0,0,0,0,0,0,0,0,0,0,0,0,0,0,0,0,0,0,0,0,0,0,0,0,0,0,0,0,0,0,0,0,0,0,0,0,0,0,0,0,0,0,0,0,0,0,0,0,0,0,0,0,0,0,0,0,0,0,0,0,0,0,0,0,0,0,0,0,0,0,0,0,0,0,0,0,0,0,0,0,0,0,0,0,0,0,0,0,0,0,0,0,0,0,0,0,0,0,0,0,0,0,0,0,0,0,0,0,0,0,0,0,0,0,0,0,0,0,0,0,0,0,0,0,0,0,0,0,0,0,0,0,0,0,0,0,0,0,0,0,0,0,0,0,0,0,0,0,0,0,0,0
STAT,(NULL),Threads,200,200,200,0,0,0,0,0,0,0,0,0,0,0,0,0,0,0,0,0,0,0,0,0,0,0,0,0,0,0,0,0,0,0,0,0,0,0,0,0,0,0,0,0,0,0,0,0,0,0,0,0,0,0,0,0,0,0,0,0,0,0,0,0,0,0,0,0,0,0,0,0,0,0,0,0,0,0,0,0,0,0,0,0,0,0,0,0,0,0,0,0,0,0,0,0,0,0,0,0,0,0,0,0,0,0,0,0,0,0,0,0,0,0,0,0,0,0,0,0,0,0,0,0,0,0,0,0,0,0,0,0,0,0,0,0,0,0,0,0,0,0,0,0,0,0,0,0,0,0,0,0,0,0,0,0,0,0,0,0,0,0,0,0,0,0,0,0,0,0,0,0,0,0,0,0,0,0,0,0,0,0,0,0,0,0,0,0,0,0,0,0,0,0,0,0,0,0,0,0,0,0
STAT,(NULL),Time,200,6046,6046,0,0,0,0,0,0,0,0,0,0,0,0,0,0,0,0,0,0,0,0,0,0,0,0,0,0,0,0,0,0,0,0,0,0,0,0,0,0,0,0,0,0,0,0,0,0,0,0,0,0,0,0,0,0,0,0,0,0,0,0,0,0,0,0,0,0,0,0,0,0,0,0,0,0,0,0,0,0,0,0,0,0,0,0,0,0,0,0,0,0,0,0,0,0,0,0,0,0,0,0,0,0,0,0,0,0,0,0,0,0,0,0,0,0,0,0,0,0,0,0,0,0,0,0,0,0,0,0,0,0,0,0,0,0,0,0,0,0,0,0,0,0,0,0,0,0,0,0,0,0,0,0,0,0,0,0,0,0,0,0,0,0,0,0,0,0,0,0,0,0,0,0,0,0,0,0,0,0,0,0,0,0,0,0,0,0,0,0,0,0,0,0,0,0,0,0,0,0,0
STAT,match,Conflicts,200,6174,50,50,42,52,57,47,45,49,41,47,38,45,49,48,44,46,39,42,37,42,40,45,45,41,45,34,46,47,39,52,37,37,32,37,43,34,39,39,30,32,45,41,39,36,36,37,35,32,44,32,41,37,42,39,36,37,40,43,43,27,30,30,24,26,31,33,24,21,32,28,27,21,20,32,23,26,25,25,22,26,24,24,29,24,30,26,26,29,19,25,28,30,29,29,29,28,30,28,18,29,23,29,31,33,32,27,30,27,25,23,23,29,27,33,24,27,29,25,27,29,21,30,29,24,33,28,26,29,20,25,21,29,21,29,23,24,25,28,23,25,18,24,19,24,27,26,23,23,35,31,24,31,30,27,29,23,36,26,29,25,20,25,24,25,32,29,30,36,26,29,32,31,27,28,25,31,30,25,26,19,23,32,25,19,30,29,29,25,23,25,27,28,28,23,21,23,21,22,23,26
STAT,match,Iterations,200,15039741,37436,53974,59328,62519,48930,60701,51035,48026,51275,58437,65485,53682,54882,53637,50399,66813,61519,56157,77107,66908,60049,62449,50922,66002,65704,77095,67714,59346,75796,64427,87002,70148,91868,70921,71901,81899,73510,69780,75875,62056,63623,60590,72094,65875,62964,66514,52833,76174,73956,76241,60626,77841,69636,52008,69243,62766,74309,65901,62472,86850,57031,69994,74994,75972,80565,80620,73271,67800,62096,68495,76122,71817,90970,72642,74896,78320,66091,74756,79065,77386,101689,74285,61578,80215,77092,85240,71877,73332,87420,76167,102907,77313,83295,65779,99616,89518,71879,92821,82617,81374,98274,89811,79750,92088,75770,86531,83705,68807,85697,91804,108145,56785,83296,82998,83609,77353,90494,70317,64116,58090,78895,76840,62989,76816,88509,85357,57693,89151,73500,94789,74376,60877,64579,62852,86689,86615,69249,73381,84792,92261,101648,73554,82666,86686,76148,79948,76256,75130,85266,82673,69878,79725,81259,78003,69758,91392,72405,73623,83980,64850,101317,91434,82684,77090,86930,78570,81703,92587,81654,71764,87021,79969,73584,88614,101294,82571,74375,81211,89240,93677,88002,58956,85959,96101,52983,72174,74323,76337,96446,88396,81336,73232,82288,75685,83800,88222,81707,89283,61963,78614
STAT,popedge,Conflicts,200,0,0,0,0,0,0,0,0,0,0,0,0,0,0,0,0,0,0,0,0,0,0,0,0,0,0,0,0,0,0,0,0,0,0,0,0,0,0,0,0,0,0,0,0,0,0,0,0,0,0,0,0,0,0,0,0,0,0,0,0,0,0,0,0,0,0,0,0,0,0,0,0,0,0,0,0,0,0,0,0,0,0,0,0,0,0,0,0,0,0,0,0,0,0,0,0,0,0,0,0,0,0,0,0,0,0,0,0,0,0,0,0,0,0,0,0,0,0,0,0,0,0,0,0,0,0,0,0,0,0,0,0,0,0,0,0,0,0,0,0,0,0,0,0,0,0,0,0,0,0,0,0,0,0,0,0,0,0,0,0,0,0,0,0,0,0,0,0,0,0,0,0,0,0,0,0,0,0,0,0,0,0,0,0,0,0,0,0,0,0,0,0,0,0,0,0,0,0,0,0,0
STAT,popedge,Iterations,200,7369336,33034,33781,33358,35727,35125,34934,33400,34251,32610,33437,31416,33549,32176,32940,35604,32880,34096,37989,36829,37052,37281,34364,38667,37803,37070,36185,35839,39275,37614,36667,37557,37667,38569,38473,38807,37875,38170,35735,37378,36926,37521,38485,37249,37904,37828,40272,37924,38258,37450,40319,37523,38971,36841,38693,39378,38779,39082,38569,38271,38422,37857,34463,33845,32398,33837,33613,33089,32749,32242,32850,33102,32133,34978,32886,32775,34495,33687,34924,35453,36237,40171,36902,37793,36453,37465,35939,39040,34429,36593,36468,41295,38554,38722,39019,39923,37585,36996,35161,39845,37590,37946,38647,38925,38610,38669,37477,38763,39611,40568,38898,40143,39818,41390,39439,38145,39814,37616,39858,39416,41418,41335,37799,32172,34253,31718,34796,35269,34529,33502,35366,32131,36237,32322,33618,33287,33188,33451,33144,35641,37430,38876,38551,39278,36705,38096,36852,38465,38386,36130,39449,40050,38082,38563,39786,38037,38690,38740,40945,39051,36751,40907,37704,38623,38100,39229,40815,39048,38333,38743,41933,38126,41960,40481,38329,41653,39753,41737,39998,38842,38677,38838,41297,40504,32516,34522,33236,34109,33820,32558,32723,35380,35714,34339,34283,35039,34460,32398,34191,33452,33719
STAT,refine,Conflicts,200,6469,117,112,119,96,100,97,86,87,68,91,78,77,80,76,64,61,62,62,69,63,53,61,62,56,49,58,54,52,60,49,43,41,32,43,37,51,47,51,53,38,43,43,41,40,40,36,25,38,41,34,37,36,35,30,44,42,36,43,32,44,32,25,19,27,18,18,28,12,24,25,27,13,21,25,21,26,19,23,20,22,16,27,17,28,27,20,13,13,17,28,22,23,28,25,29,14,24,33,25,28,27,22,18,23,20,22,21,21,35,19,26,19,23,23,15,22,23,21,21,18,18,16,19,22,18,26,19,19,18,30,23,22,19,26,22,16,18,16,21,32,22,22,21,31,24,18,21,16,18,25,22,23,22,33,20,21,20,24,27,22,25,18,26,27,27,22,24,19,17,15,12,28,23,23,17,19,26,25,15,19,13,24,23,20,25,18,20,15,20,17,29,22,30,17,22,23,23,12,20,21
STAT,refine,Iterations,200,129000,559,596,734,758,527,587,644,576,522,953,652,832,929,733,693,618,551,540,713,694,608,646,483,590,464,752,643,330,793,671,488,720,591,717,482,898,752,688,646,581,653,683,760,599,692,875,562,816,690,589,576,652,720,541,629,471,522,574,410,582,456,473,598,511,608,482,588,466,501,551,1007,644,932,696,686,748,484,565,565,568,822,469,558,541,652,641,658,635,634,489,739,497,717,728,872,589,744,959,915,878,674,697,616,955,701,853,847,606,934,723,890,681,543,838,572,634,531,523,639,414,485,496,368,598,481,641,428,522,447,674,534,705,725,833,784,621,632,403,653,555,587,888,676,762,858,591,403,610,683,549,715,570,514,953,663,718,704,766,971,722,757,647,644,502,884,922,807,872,782,627,553,720,635,601,743,665,714,463,564,466,311,416,392,736,428,559,594,546,544,474,595,498,897,520,804,867,541,785,513,637
