Hello from MIC
Galois Benchmark Suite v2.2.0 (r0)
Copyright (C) 2013 The University of Texas at Austin
http://iss.ices.utexas.edu/galois/

application: GMetis
Partitions a graph into K parts and minimizing the graph cut
http://iss.ices.utexas.edu/?p=projects/galois/benchmarks/gMetis

INFO: CommandLine /work/02556/dpereira/MIC/apps/gmetis/gmetis -t=227 /work/02556/dpereira/Inputs/USA-road-d.W.gr 1024
INFO: Hostname c557-803-mic0.stampede.tacc.utexas.edu
Created Graph with 6262104 nodes and 15248146 edges
Nodes 6262104| Edges 15248146 7624073

  Starting coarsening: 
Time coarsen:  3091 Size of final graph: 22341

  Sarting initial partitioning using GGGP:
Size in decade percentages:  -1,69 -0,892 1,63
Time clustering:  1168

  Sarting refinnement with BKL2
Initial dist
Size in decade percentages:  -1,69 -0,892 1,63
Refined dist
Size in decade percentages:  -1,358 0,296 1,369 3,1
Time refinement:  2136


Time:  6575
Total edge cut : 31217

Part saved in : 0x7fffa78652e0
STATTYPE,LOOP,CATEGORY,n,sum,T0,T1,T2,T3,T4,T5,T6,T7,T8,T9,T10,T11,T12,T13,T14,T15,T16,T17,T18,T19,T20,T21,T22,T23,T24,T25,T26,T27,T28,T29,T30,T31,T32,T33,T34,T35,T36,T37,T38,T39,T40,T41,T42,T43,T44,T45,T46,T47,T48,T49,T50,T51,T52,T53,T54,T55,T56,T57,T58,T59,T60,T61,T62,T63,T64,T65,T66,T67,T68,T69,T70,T71,T72,T73,T74,T75,T76,T77,T78,T79,T80,T81,T82,T83,T84,T85,T86,T87,T88,T89,T90,T91,T92,T93,T94,T95,T96,T97,T98,T99,T100,T101,T102,T103,T104,T105,T106,T107,T108,T109,T110,T111,T112,T113,T114,T115,T116,T117,T118,T119,T120,T121,T122,T123,T124,T125,T126,T127,T128,T129,T130,T131,T132,T133,T134,T135,T136,T137,T138,T139,T140,T141,T142,T143,T144,T145,T146,T147,T148,T149,T150,T151,T152,T153,T154,T155,T156,T157,T158,T159,T160,T161,T162,T163,T164,T165,T166,T167,T168,T169,T170,T171,T172,T173,T174,T175,T176,T177,T178,T179,T180,T181,T182,T183,T184,T185,T186,T187,T188,T189,T190,T191,T192,T193,T194,T195,T196,T197,T198,T199,T200,T201,T202,T203,T204,T205,T206,T207,T208,T209,T210,T211,T212,T213,T214,T215,T216,T217,T218,T219,T220,T221,T222,T223,T224,T225,T226
STAT,(NULL),Coarsen,227,3091,3091,0,0,0,0,0,0,0,0,0,0,0,0,0,0,0,0,0,0,0,0,0,0,0,0,0,0,0,0,0,0,0,0,0,0,0,0,0,0,0,0,0,0,0,0,0,0,0,0,0,0,0,0,0,0,0,0,0,0,0,0,0,0,0,0,0,0,0,0,0,0,0,0,0,0,0,0,0,0,0,0,0,0,0,0,0,0,0,0,0,0,0,0,0,0,0,0,0,0,0,0,0,0,0,0,0,0,0,0,0,0,0,0,0,0,0,0,0,0,0,0,0,0,0,0,0,0,0,0,0,0,0,0,0,0,0,0,0,0,0,0,0,0,0,0,0,0,0,0,0,0,0,0,0,0,0,0,0,0,0,0,0,0,0,0,0,0,0,0,0,0,0,0,0,0,0,0,0,0,0,0,0,0,0,0,0,0,0,0,0,0,0,0,0,0,0,0,0,0,0,0,0,0,0,0,0,0,0,0,0,0,0,0,0,0,0,0,0,0,0,0,0,0,0,0,0,0
STAT,(NULL),Conflicts,227,0,0,0,0,0,0,0,0,0,0,0,0,0,0,0,0,0,0,0,0,0,0,0,0,0,0,0,0,0,0,0,0,0,0,0,0,0,0,0,0,0,0,0,0,0,0,0,0,0,0,0,0,0,0,0,0,0,0,0,0,0,0,0,0,0,0,0,0,0,0,0,0,0,0,0,0,0,0,0,0,0,0,0,0,0,0,0,0,0,0,0,0,0,0,0,0,0,0,0,0,0,0,0,0,0,0,0,0,0,0,0,0,0,0,0,0,0,0,0,0,0,0,0,0,0,0,0,0,0,0,0,0,0,0,0,0,0,0,0,0,0,0,0,0,0,0,0,0,0,0,0,0,0,0,0,0,0,0,0,0,0,0,0,0,0,0,0,0,0,0,0,0,0,0,0,0,0,0,0,0,0,0,0,0,0,0,0,0,0,0,0,0,0,0,0,0,0,0,0,0,0,0,0,0,0,0,0,0,0,0,0,0,0,0,0,0,0,0,0,0,0,0,0,0,0,0,0,0
STAT,(NULL),Iterations,227,2047,11,6,5,7,7,2,7,4,5,13,10,9,12,7,10,8,17,6,8,9,3,7,10,15,9,8,8,5,8,5,10,7,9,3,22,11,9,5,2,8,8,6,7,8,12,15,7,6,3,23,16,27,20,10,13,10,9,17,6,5,11,5,5,8,6,12,4,15,7,2,7,7,4,4,7,13,3,4,9,16,11,6,17,10,11,6,14,8,13,6,5,9,17,7,6,3,2,5,3,8,10,11,4,10,9,14,10,2,21,6,7,11,19,26,0,13,9,6,27,13,8,5,11,9,5,4,10,8,6,8,1,6,6,13,20,18,11,8,8,7,9,0,9,13,1,5,6,12,10,9,7,8,3,12,10,8,18,3,2,5,10,15,10,6,8,16,15,21,6,5,10,4,13,14,23,11,7,4,11,20,11,10,6,1,10,3,5,11,15,9,9,0,10,2,12,6,8,10,2,10,8,9,3,4,4,14,11,9,19,8,8,9,7,11,12,6,10,8,9,5,11,10,10,14,7,10,11
STAT,(NULL),MeminfoPost,227,756627,3340,3329,3336,3339,3342,3338,3337,3328,3339,3321,3343,3328,3350,3349,3381,3357,3331,3322,3331,3332,3324,3332,3343,3340,3353,3323,3348,3341,3322,3325,3329,3329,3346,3346,3324,3327,3322,3328,3338,3329,3337,3340,3342,3338,3337,3328,3340,3320,3344,3328,3350,3348,3381,3358,3333,3322,3331,3332,3324,3331,3341,3341,3352,3327,3346,3339,3322,3326,3328,3328,3346,3347,3324,3327,3323,3328,3329,3344,3336,3329,3337,3362,3341,3328,3334,3341,3340,3328,3329,3344,3323,3331,3324,3325,3344,3321,3314,3329,3335,3342,3342,3329,3323,3334,3325,3327,3321,3318,3321,3336,3321,3339,3358,3354,3335,3317,3328,3326,3332,3348,3324,3316,3315,3319,3334,3336,3336,3343,3344,3340,3330,3332,3326,3323,3337,3325,3328,3330,3322,3322,3315,3324,3324,3321,3342,3323,3318,3334,3351,3359,3352,3357,3332,3323,3323,3334,3338,3323,3314,3319,3334,3335,3342,3341,3342,3329,3322,3330,3330,3327,3331,3317,3319,3324,3321,3341,3322,3316,3340,3356,3351,3356,3352,3334,3328,3324,3323,3322,3329,3331,3351,3363,3347,3340,3352,3354,3328,3321,3327,3336,3327,3340,3325,3327,3323,3307,3330,3319,3313,3366,3318,3317,3310,3341,3305,3317,3350,3316,3325,3330,3331,3336,3334,3332,3337,3330,3330
STAT,(NULL),MeminfoPre,227,189127,840,829,836,839,842,838,837,828,839,821,843,828,850,849,881,857,831,822,831,832,824,832,843,840,853,823,848,841,822,825,829,829,846,846,824,827,822,828,838,829,837,840,842,838,837,828,840,820,844,828,850,848,881,858,833,822,831,832,824,831,841,841,852,827,846,839,822,826,828,828,846,847,824,827,823,828,829,844,836,829,837,862,841,828,834,841,840,828,829,844,823,831,824,825,844,821,814,829,835,842,842,829,823,834,825,827,821,818,821,836,821,839,858,854,835,817,828,826,832,848,824,816,815,819,834,836,836,843,844,840,830,832,826,823,837,825,828,830,822,822,815,824,824,821,842,823,818,834,851,859,852,857,832,823,823,834,838,823,814,819,834,835,842,841,842,829,822,830,830,827,831,817,819,824,821,841,822,816,840,856,851,856,852,834,828,824,823,822,829,831,851,863,847,840,852,854,828,821,827,836,827,840,825,827,823,807,830,819,813,866,818,817,810,841,805,817,850,816,825,830,831,836,834,832,837,830,830
STAT,(NULL),Partition,227,1168,1168,0,0,0,0,0,0,0,0,0,0,0,0,0,0,0,0,0,0,0,0,0,0,0,0,0,0,0,0,0,0,0,0,0,0,0,0,0,0,0,0,0,0,0,0,0,0,0,0,0,0,0,0,0,0,0,0,0,0,0,0,0,0,0,0,0,0,0,0,0,0,0,0,0,0,0,0,0,0,0,0,0,0,0,0,0,0,0,0,0,0,0,0,0,0,0,0,0,0,0,0,0,0,0,0,0,0,0,0,0,0,0,0,0,0,0,0,0,0,0,0,0,0,0,0,0,0,0,0,0,0,0,0,0,0,0,0,0,0,0,0,0,0,0,0,0,0,0,0,0,0,0,0,0,0,0,0,0,0,0,0,0,0,0,0,0,0,0,0,0,0,0,0,0,0,0,0,0,0,0,0,0,0,0,0,0,0,0,0,0,0,0,0,0,0,0,0,0,0,0,0,0,0,0,0,0,0,0,0,0,0,0,0,0,0,0,0,0,0,0,0,0,0,0,0,0,0
STAT,(NULL),Refine,227,2136,2136,0,0,0,0,0,0,0,0,0,0,0,0,0,0,0,0,0,0,0,0,0,0,0,0,0,0,0,0,0,0,0,0,0,0,0,0,0,0,0,0,0,0,0,0,0,0,0,0,0,0,0,0,0,0,0,0,0,0,0,0,0,0,0,0,0,0,0,0,0,0,0,0,0,0,0,0,0,0,0,0,0,0,0,0,0,0,0,0,0,0,0,0,0,0,0,0,0,0,0,0,0,0,0,0,0,0,0,0,0,0,0,0,0,0,0,0,0,0,0,0,0,0,0,0,0,0,0,0,0,0,0,0,0,0,0,0,0,0,0,0,0,0,0,0,0,0,0,0,0,0,0,0,0,0,0,0,0,0,0,0,0,0,0,0,0,0,0,0,0,0,0,0,0,0,0,0,0,0,0,0,0,0,0,0,0,0,0,0,0,0,0,0,0,0,0,0,0,0,0,0,0,0,0,0,0,0,0,0,0,0,0,0,0,0,0,0,0,0,0,0,0,0,0,0,0,0
STAT,(NULL),Threads,227,227,227,0,0,0,0,0,0,0,0,0,0,0,0,0,0,0,0,0,0,0,0,0,0,0,0,0,0,0,0,0,0,0,0,0,0,0,0,0,0,0,0,0,0,0,0,0,0,0,0,0,0,0,0,0,0,0,0,0,0,0,0,0,0,0,0,0,0,0,0,0,0,0,0,0,0,0,0,0,0,0,0,0,0,0,0,0,0,0,0,0,0,0,0,0,0,0,0,0,0,0,0,0,0,0,0,0,0,0,0,0,0,0,0,0,0,0,0,0,0,0,0,0,0,0,0,0,0,0,0,0,0,0,0,0,0,0,0,0,0,0,0,0,0,0,0,0,0,0,0,0,0,0,0,0,0,0,0,0,0,0,0,0,0,0,0,0,0,0,0,0,0,0,0,0,0,0,0,0,0,0,0,0,0,0,0,0,0,0,0,0,0,0,0,0,0,0,0,0,0,0,0,0,0,0,0,0,0,0,0,0,0,0,0,0,0,0,0,0,0,0,0,0,0,0,0,0,0
STAT,(NULL),Time,227,6575,6575,0,0,0,0,0,0,0,0,0,0,0,0,0,0,0,0,0,0,0,0,0,0,0,0,0,0,0,0,0,0,0,0,0,0,0,0,0,0,0,0,0,0,0,0,0,0,0,0,0,0,0,0,0,0,0,0,0,0,0,0,0,0,0,0,0,0,0,0,0,0,0,0,0,0,0,0,0,0,0,0,0,0,0,0,0,0,0,0,0,0,0,0,0,0,0,0,0,0,0,0,0,0,0,0,0,0,0,0,0,0,0,0,0,0,0,0,0,0,0,0,0,0,0,0,0,0,0,0,0,0,0,0,0,0,0,0,0,0,0,0,0,0,0,0,0,0,0,0,0,0,0,0,0,0,0,0,0,0,0,0,0,0,0,0,0,0,0,0,0,0,0,0,0,0,0,0,0,0,0,0,0,0,0,0,0,0,0,0,0,0,0,0,0,0,0,0,0,0,0,0,0,0,0,0,0,0,0,0,0,0,0,0,0,0,0,0,0,0,0,0,0,0,0,0,0,0
STAT,match,Conflicts,227,5995,33,33,35,33,39,37,38,39,38,38,39,30,41,37,43,37,32,33,34,33,30,36,33,40,37,32,38,36,37,35,34,27,40,40,34,34,29,33,34,43,26,28,39,30,34,29,27,27,28,33,28,37,36,35,32,28,32,37,28,29,31,21,28,24,25,28,22,24,28,23,23,25,20,21,26,16,26,23,22,19,23,22,20,18,26,26,28,21,21,22,22,26,17,28,17,27,19,24,18,26,24,16,24,30,27,25,18,24,22,18,21,21,27,26,21,22,24,24,32,25,25,23,21,29,24,28,17,28,29,22,20,20,27,31,22,25,26,22,20,16,22,22,24,22,21,23,19,25,15,23,23,27,26,27,18,22,22,25,23,22,17,27,24,21,26,17,28,25,29,16,20,24,23,28,27,30,21,26,19,26,21,21,29,22,25,25,24,27,29,30,25,22,26,22,27,24,27,26,21,25,22,28,18,23,24,26,25,27,22,25,20,29,25,29,28,21,23,29,21,23,20,19,26,24,25,26,25
STAT,match,Iterations,227,15008407,46129,51062,43998,54109,49868,49628,54508,63909,54761,50747,47361,52561,41944,62652,52235,47974,56840,58013,56104,41193,60211,44768,63818,64234,46891,61743,32934,47396,50639,61137,60209,54591,37851,49909,51196,53133,64603,56090,38773,56937,58502,51128,68014,51531,66309,53314,87737,40594,63326,58368,79555,51816,51875,61848,67409,51714,60036,74922,62156,58826,63298,65759,86453,58021,66301,73554,90606,64046,63349,66065,58575,58323,78338,83747,70374,68119,59750,67406,66703,72307,76672,55327,66700,79394,59159,59702,65738,61859,73949,63015,61090,66530,70884,75072,69190,76182,73990,62251,66544,69628,64169,64370,67260,92222,73802,89960,76098,83776,52706,76082,82720,58143,67097,73676,79543,86888,79296,64310,70666,64069,96172,89531,66090,64115,69729,68653,68440,56084,76685,81846,94388,81024,59874,51064,68409,68590,85698,64959,66494,69798,63166,64046,65626,80708,64612,71000,74330,74633,95494,68064,74743,72090,89751,53468,73051,67569,81994,52133,70537,58497,78769,69016,59236,63710,54254,66972,71248,58010,72810,75518,67205,67904,64012,92139,75647,64173,80625,83493,55730,89097,59362,65669,86546,51325,59410,70120,74372,63863,61659,47350,75966,73366,66179,70600,79342,80365,56106,53119,73758,78467,68815,81295,81200,51022,65462,73364,64554,55931,81587,65591,61217,82240,73537,60523,51109,75093,62064,91425,80825,53441,61245,77838,67682,73541,70049,61987,83641
STAT,popedge,Conflicts,227,0,0,0,0,0,0,0,0,0,0,0,0,0,0,0,0,0,0,0,0,0,0,0,0,0,0,0,0,0,0,0,0,0,0,0,0,0,0,0,0,0,0,0,0,0,0,0,0,0,0,0,0,0,0,0,0,0,0,0,0,0,0,0,0,0,0,0,0,0,0,0,0,0,0,0,0,0,0,0,0,0,0,0,0,0,0,0,0,0,0,0,0,0,0,0,0,0,0,0,0,0,0,0,0,0,0,0,0,0,0,0,0,0,0,0,0,0,0,0,0,0,0,0,0,0,0,0,0,0,0,0,0,0,0,0,0,0,0,0,0,0,0,0,0,0,0,0,0,0,0,0,0,0,0,0,0,0,0,0,0,0,0,0,0,0,0,0,0,0,0,0,0,0,0,0,0,0,0,0,0,0,0,0,0,0,0,0,0,0,0,0,0,0,0,0,0,0,0,0,0,0,0,0,0,0,0,0,0,0,0,0,0,0,0,0,0,0,0,0,0,0,0,0,0,0,0,0,0
STAT,popedge,Iterations,227,7353357,32002,34202,29783,31337,30789,31450,31365,31003,31773,30478,32080,31003,30216,30394,32208,30843,30538,31611,32017,32196,31633,32573,31003,30124,31206,30769,30988,30302,31098,31303,31994,31464,31332,32213,32675,31536,32725,30601,31832,30581,31450,30522,31296,31157,34174,35668,34686,36329,34837,36345,34389,33916,35147,35549,33861,37250,35909,35776,34675,34698,35989,30587,29603,30801,29282,30781,32084,29740,32909,32649,31874,32545,32681,32557,30968,32905,30039,28941,31865,30251,28886,31807,29860,33689,28847,31360,31570,29783,29370,30299,30811,30943,30454,31719,30529,30885,32141,31442,33247,29967,29938,30616,29943,30167,31428,35967,34762,35256,35873,35439,34550,35887,34841,32612,36044,35402,36152,35401,36996,34034,35391,37987,31219,31020,34242,31012,32030,31348,31846,32332,33846,33188,32867,32889,32204,32974,31206,31061,31642,31228,31308,30983,30536,31572,30715,30190,31129,34009,30686,30321,32297,32281,30883,31591,30593,31542,33408,30554,32142,31376,30593,30918,33156,32207,31986,31167,36227,36498,37625,34309,36931,37662,35924,33927,36637,32452,35363,35018,35731,36450,35359,33924,38131,33350,30309,30033,30728,31443,31145,32014,32118,32361,31073,32266,32635,32916,32157,33098,32230,32070,32918,32798,31737,32358,32485,31481,30288,30753,31079,30749,32118,30532,32788,30491,32251,32269,32510,32577,32298,31464,31973,32738,30215,32527,32798,32066,34465
STAT,refine,Conflicts,227,6073,72,70,72,74,72,67,69,67,65,71,58,57,60,71,64,58,51,40,54,51,60,47,51,51,57,50,62,49,55,55,44,38,39,39,35,31,40,27,43,40,33,42,39,30,35,30,28,38,31,33,34,40,32,40,34,28,37,45,32,37,38,16,22,11,13,21,21,20,17,15,20,22,19,20,28,22,19,20,14,19,14,23,24,19,20,31,24,25,15,21,21,19,15,22,16,22,17,14,18,19,14,18,22,24,16,26,21,18,20,15,16,18,25,14,24,14,22,20,24,18,32,14,19,21,16,20,13,18,16,20,21,26,20,20,25,21,13,15,23,17,13,14,10,15,20,17,20,18,22,23,19,22,24,17,16,25,14,22,15,11,20,16,23,19,19,11,28,11,21,19,28,21,16,18,14,26,19,17,13,28,19,18,19,21,21,20,20,14,9,18,19,15,22,22,21,22,17,22,16,22,11,20,18,24,20,18,22,28,16,11,17,23,19,17,14,16,28,21,17,16,11,18,15,20,28,18,17
STAT,refine,Iterations,227,427739,1568,2304,1490,2138,2216,1907,2443,1541,1781,1633,1860,1670,1663,1798,1777,1876,1606,1671,1628,1056,1639,1125,2032,2274,1949,1794,1583,1626,1598,1748,1679,1266,1495,1814,1433,1356,1331,1381,1261,2049,1753,1721,1873,1443,2026,1255,1918,1417,1929,1990,2519,2096,2044,2423,2220,1446,1509,2942,1799,2054,1930,2075,1978,1455,2216,2339,2569,1983,1986,1829,2040,1641,1886,2353,1619,1970,1895,1741,1239,1793,1650,1806,1833,2091,1701,2144,1966,1626,1796,1960,1488,1740,1425,1847,2044,1517,1704,1206,1556,1806,1620,1576,2154,2334,1865,2751,1537,2156,1826,1697,2281,2083,2230,1954,2654,1920,1892,2005,3081,2256,2623,1667,1679,1742,2052,2165,2039,2320,2494,2822,2192,2088,1801,1604,2427,1636,2204,1470,1961,1334,1500,1455,1800,1643,1763,1877,1934,1993,2588,2143,2069,2128,1930,1596,1595,2140,1951,1674,1357,948,2016,1769,1711,2358,1582,1624,1972,1596,2198,1539,1922,1965,1892,2164,2322,2068,2619,1987,1530,3283,2101,2319,2394,1590,1769,2202,2712,2071,1722,2164,2770,2006,1909,2624,1686,2232,1358,1587,1671,2050,1615,2064,2041,1870,1628,1966,1804,1596,1773,1981,1384,1975,1648,1405,1283,1781,2230,1658,1784,1453,1283,1958,1691,2275,2606,1756,2022
