Hello from MIC
Galois Benchmark Suite v2.2.0 (r0)
Copyright (C) 2013 The University of Texas at Austin
http://iss.ices.utexas.edu/galois/

application: GMetis
Partitions a graph into K parts and minimizing the graph cut
http://iss.ices.utexas.edu/?p=projects/galois/benchmarks/gMetis

INFO: CommandLine /work/02556/dpereira/MIC/apps/gmetis/gmetis -t=139 /work/02556/dpereira/Inputs/USA-road-d.W.gr 1024
INFO: Hostname c558-401-mic0.stampede.tacc.utexas.edu
Created Graph with 6262104 nodes and 15248146 edges
Nodes 6262104| Edges 15248146 7624073

  Starting coarsening: 
Time coarsen:  2217 Size of final graph: 21831

  Sarting initial partitioning using GGGP:
Size in decade percentages:  -1,72 -0,887 1,65
Time clustering:  1001

  Sarting refinnement with BKL2
Initial dist
Size in decade percentages:  -1,72 -0,887 1,65
Refined dist
Size in decade percentages:  -2,1 -1,373 -0,256 1,393 4,1
Time refinement:  1292


Time:  4688
Total edge cut : 31653

Part saved in : 0x7fff08f78360
STATTYPE,LOOP,CATEGORY,n,sum,T0,T1,T2,T3,T4,T5,T6,T7,T8,T9,T10,T11,T12,T13,T14,T15,T16,T17,T18,T19,T20,T21,T22,T23,T24,T25,T26,T27,T28,T29,T30,T31,T32,T33,T34,T35,T36,T37,T38,T39,T40,T41,T42,T43,T44,T45,T46,T47,T48,T49,T50,T51,T52,T53,T54,T55,T56,T57,T58,T59,T60,T61,T62,T63,T64,T65,T66,T67,T68,T69,T70,T71,T72,T73,T74,T75,T76,T77,T78,T79,T80,T81,T82,T83,T84,T85,T86,T87,T88,T89,T90,T91,T92,T93,T94,T95,T96,T97,T98,T99,T100,T101,T102,T103,T104,T105,T106,T107,T108,T109,T110,T111,T112,T113,T114,T115,T116,T117,T118,T119,T120,T121,T122,T123,T124,T125,T126,T127,T128,T129,T130,T131,T132,T133,T134,T135,T136,T137,T138
STAT,(NULL),Coarsen,139,2217,2217,0,0,0,0,0,0,0,0,0,0,0,0,0,0,0,0,0,0,0,0,0,0,0,0,0,0,0,0,0,0,0,0,0,0,0,0,0,0,0,0,0,0,0,0,0,0,0,0,0,0,0,0,0,0,0,0,0,0,0,0,0,0,0,0,0,0,0,0,0,0,0,0,0,0,0,0,0,0,0,0,0,0,0,0,0,0,0,0,0,0,0,0,0,0,0,0,0,0,0,0,0,0,0,0,0,0,0,0,0,0,0,0,0,0,0,0,0,0,0,0,0,0,0,0,0,0,0,0,0,0,0,0,0,0,0,0,0,0
STAT,(NULL),Conflicts,139,0,0,0,0,0,0,0,0,0,0,0,0,0,0,0,0,0,0,0,0,0,0,0,0,0,0,0,0,0,0,0,0,0,0,0,0,0,0,0,0,0,0,0,0,0,0,0,0,0,0,0,0,0,0,0,0,0,0,0,0,0,0,0,0,0,0,0,0,0,0,0,0,0,0,0,0,0,0,0,0,0,0,0,0,0,0,0,0,0,0,0,0,0,0,0,0,0,0,0,0,0,0,0,0,0,0,0,0,0,0,0,0,0,0,0,0,0,0,0,0,0,0,0,0,0,0,0,0,0,0,0,0,0,0,0,0,0,0,0,0
STAT,(NULL),Iterations,139,2047,11,5,11,17,13,8,19,22,6,11,9,7,11,16,10,8,10,17,10,13,15,10,13,17,23,16,14,9,19,12,21,14,23,23,9,14,19,19,12,12,11,13,18,21,10,12,15,18,28,5,22,22,20,34,29,27,14,16,14,8,16,30,8,13,9,8,14,9,9,9,8,17,14,15,9,8,12,5,21,15,21,7,11,13,20,6,15,9,10,24,14,17,17,11,24,24,20,14,23,24,15,22,18,9,20,21,7,14,20,18,14,19,14,18,32,30,12,14,11,10,10,28,17,3,11,13,17,8,11,16,4,7,18,16,14,15,3,4,16
STAT,(NULL),MeminfoPost,139,756695,5450,5441,5459,5454,5443,5436,5444,5463,5493,5481,5430,5440,5433,5453,5465,5444,5460,5430,5438,5452,5453,5433,5428,5444,5447,5464,5447,5443,5440,5451,5452,5474,5500,5437,5439,5432,5458,5449,5463,5451,5439,5437,5436,5469,5434,5426,5442,5452,5439,5457,5469,5439,5454,5446,5450,5433,5434,5449,5421,5428,5451,5454,5433,5439,5434,5420,5431,5432,5469,5469,5434,5433,5448,5442,5416,5420,5448,5454,5458,5448,5444,5427,5441,5432,5437,5417,5427,5421,5450,5422,5454,5482,5479,5439,5432,5452,5422,5417,5447,5455,5458,5437,5438,5431,5436,5418,5427,5440,5422,5460,5478,5479,5446,5430,5427,5437,5460,5486,5459,5476,5426,5446,5435,5440,5432,5416,5429,5418,5465,5415,5432,5418,5446,5422,5438,5447,5445,5441,5441
STAT,(NULL),MeminfoPre,139,189158,1367,1358,1376,1371,1360,1353,1361,1380,1410,1398,1347,1357,1350,1370,1382,1361,1377,1347,1355,1369,1370,1350,1345,1361,1364,1381,1364,1360,1357,1368,1369,1391,1417,1354,1356,1349,1375,1366,1380,1368,1356,1354,1353,1386,1351,1343,1359,1369,1356,1374,1386,1356,1371,1363,1367,1350,1351,1366,1338,1345,1368,1371,1350,1356,1351,1337,1348,1349,1386,1386,1351,1350,1365,1359,1333,1337,1365,1371,1375,1365,1361,1344,1358,1349,1354,1334,1344,1338,1367,1339,1371,1399,1396,1356,1349,1369,1339,1334,1364,1372,1375,1354,1355,1348,1353,1335,1344,1357,1339,1377,1395,1396,1363,1347,1344,1354,1377,1403,1376,1393,1343,1363,1352,1357,1349,1333,1346,1335,1382,1332,1349,1335,1363,1339,1355,1364,1362,1358,1358
STAT,(NULL),Partition,139,1001,1001,0,0,0,0,0,0,0,0,0,0,0,0,0,0,0,0,0,0,0,0,0,0,0,0,0,0,0,0,0,0,0,0,0,0,0,0,0,0,0,0,0,0,0,0,0,0,0,0,0,0,0,0,0,0,0,0,0,0,0,0,0,0,0,0,0,0,0,0,0,0,0,0,0,0,0,0,0,0,0,0,0,0,0,0,0,0,0,0,0,0,0,0,0,0,0,0,0,0,0,0,0,0,0,0,0,0,0,0,0,0,0,0,0,0,0,0,0,0,0,0,0,0,0,0,0,0,0,0,0,0,0,0,0,0,0,0,0,0
STAT,(NULL),Refine,139,1292,1292,0,0,0,0,0,0,0,0,0,0,0,0,0,0,0,0,0,0,0,0,0,0,0,0,0,0,0,0,0,0,0,0,0,0,0,0,0,0,0,0,0,0,0,0,0,0,0,0,0,0,0,0,0,0,0,0,0,0,0,0,0,0,0,0,0,0,0,0,0,0,0,0,0,0,0,0,0,0,0,0,0,0,0,0,0,0,0,0,0,0,0,0,0,0,0,0,0,0,0,0,0,0,0,0,0,0,0,0,0,0,0,0,0,0,0,0,0,0,0,0,0,0,0,0,0,0,0,0,0,0,0,0,0,0,0,0,0,0
STAT,(NULL),Threads,139,139,139,0,0,0,0,0,0,0,0,0,0,0,0,0,0,0,0,0,0,0,0,0,0,0,0,0,0,0,0,0,0,0,0,0,0,0,0,0,0,0,0,0,0,0,0,0,0,0,0,0,0,0,0,0,0,0,0,0,0,0,0,0,0,0,0,0,0,0,0,0,0,0,0,0,0,0,0,0,0,0,0,0,0,0,0,0,0,0,0,0,0,0,0,0,0,0,0,0,0,0,0,0,0,0,0,0,0,0,0,0,0,0,0,0,0,0,0,0,0,0,0,0,0,0,0,0,0,0,0,0,0,0,0,0,0,0,0,0,0
STAT,(NULL),Time,139,4688,4688,0,0,0,0,0,0,0,0,0,0,0,0,0,0,0,0,0,0,0,0,0,0,0,0,0,0,0,0,0,0,0,0,0,0,0,0,0,0,0,0,0,0,0,0,0,0,0,0,0,0,0,0,0,0,0,0,0,0,0,0,0,0,0,0,0,0,0,0,0,0,0,0,0,0,0,0,0,0,0,0,0,0,0,0,0,0,0,0,0,0,0,0,0,0,0,0,0,0,0,0,0,0,0,0,0,0,0,0,0,0,0,0,0,0,0,0,0,0,0,0,0,0,0,0,0,0,0,0,0,0,0,0,0,0,0,0,0,0
STAT,match,Conflicts,139,5921,76,67,65,65,62,57,63,57,60,51,56,52,57,72,55,51,56,64,52,52,59,53,46,45,54,52,57,50,51,57,44,44,43,56,57,57,43,46,39,52,36,55,48,45,46,52,34,37,46,44,51,55,43,38,42,40,32,40,46,41,42,40,29,26,39,35,36,39,37,35,41,33,34,26,42,34,35,42,36,42,31,42,35,30,33,41,33,31,40,38,49,35,40,40,32,37,40,36,38,33,40,32,41,31,42,37,43,40,41,40,40,31,35,32,29,36,29,31,41,46,31,41,29,43,29,33,32,34,41,38,31,32,32,29,37,46,23,40,40
STAT,match,Iterations,139,14975767,75099,73093,75520,79234,85287,91633,67645,71350,79624,99273,68739,82626,84958,69045,75467,84821,96434,79130,107553,103369,87519,123204,101938,92606,105584,109236,83856,113749,113302,94495,100923,96323,101723,95061,112601,99342,104678,104842,119229,96953,109017,94150,129984,121897,116589,109989,115277,116340,98920,102789,82884,106754,126413,109690,107272,100339,126590,118908,114858,117676,113094,94375,117230,103946,89392,95223,117289,114931,102711,98551,108130,114544,100380,107662,110273,107193,105345,90920,132223,126370,129297,124691,129205,131778,95235,111937,138235,138834,126225,130839,125952,130114,111987,121899,138529,126194,132429,119705,127754,111862,120552,142110,122382,129921,126094,128408,127272,109941,120670,112750,110790,131987,124918,131014,114974,113275,121111,114611,99432,118639,119757,106015,107910,84365,101796,84790,101081,101465,89289,110894,106565,132744,112120,96180,97284,103305,114064,99572,99837
STAT,popedge,Conflicts,139,0,0,0,0,0,0,0,0,0,0,0,0,0,0,0,0,0,0,0,0,0,0,0,0,0,0,0,0,0,0,0,0,0,0,0,0,0,0,0,0,0,0,0,0,0,0,0,0,0,0,0,0,0,0,0,0,0,0,0,0,0,0,0,0,0,0,0,0,0,0,0,0,0,0,0,0,0,0,0,0,0,0,0,0,0,0,0,0,0,0,0,0,0,0,0,0,0,0,0,0,0,0,0,0,0,0,0,0,0,0,0,0,0,0,0,0,0,0,0,0,0,0,0,0,0,0,0,0,0,0,0,0,0,0,0,0,0,0,0,0
STAT,popedge,Iterations,139,7337701,47062,47551,48091,49849,47987,46790,49289,47107,45990,45392,50620,47825,49905,49225,47024,47932,47591,59137,57406,56662,58913,54877,57943,51572,55629,56925,55060,56028,56528,54581,56497,53208,55121,55997,57119,56744,55882,55416,52644,56739,55180,56951,56635,53388,56411,58346,54047,52027,51611,52863,53569,51080,51177,51545,55020,53531,54447,55388,55107,57055,55322,46015,44007,43904,48504,46551,45163,45780,46295,45020,47469,48151,49732,50477,47955,47093,46784,47297,55487,56117,58015,57538,55259,57340,53205,56448,55353,53913,55841,58912,57263,55865,53525,59328,53676,57406,57043,57233,59345,54854,53770,54634,55905,54842,56638,56222,56748,56535,54475,55268,54296,54354,53386,56000,52304,56099,55893,56774,59404,57705,58025,60981,46356,49353,48059,50826,50481,48747,48737,46961,48181,47609,49269,51313,49988,48947,49032,48263,47600
STAT,refine,Conflicts,139,4835,92,79,77,82,70,69,70,76,68,62,59,58,59,54,54,52,67,50,53,46,50,51,41,50,42,66,43,56,51,49,42,47,44,38,28,39,23,45,42,38,46,47,39,48,29,39,42,36,53,32,33,38,36,44,43,34,34,37,36,32,43,21,21,20,20,22,24,23,17,24,20,30,22,21,20,19,19,20,21,22,28,17,23,20,32,20,34,28,27,28,21,28,21,24,33,16,22,17,38,23,31,35,27,25,32,34,26,27,23,19,20,26,32,31,28,29,17,24,26,20,23,18,24,17,17,22,17,20,27,25,27,21,21,18,24,17,14,21,21
STAT,refine,Iterations,139,429774,2542,2142,2304,2397,2187,2238,2293,2295,2684,3582,2455,2070,2169,2167,2725,2652,2596,2716,3275,2829,2810,2721,2104,3221,2579,3794,2181,3775,3275,3269,3609,4075,5132,2950,3231,2615,2581,3838,3327,3236,3514,3688,3358,4151,3270,3515,3558,3636,3477,4086,3771,3325,3592,3583,4053,3103,3696,3933,2826,2064,3589,2183,2370,2217,2167,2045,2512,2983,2792,2830,2671,2557,2575,2701,1942,2081,3100,2719,3273,3515,3570,2812,3412,2582,3173,2613,3919,3284,3483,3583,3736,4229,3649,4722,4029,4270,3171,2444,4058,2979,3268,3840,4127,3639,3782,3850,3560,3841,3700,3413,4197,4578,3933,3933,3368,3948,2774,3460,4103,2745,2499,3154,2691,2095,2254,1945,1799,2065,2872,2556,2941,2784,3283,2072,2907,2775,2310,2746,2587
