Hello from MIC
Galois Benchmark Suite v2.2.0 (r0)
Copyright (C) 2013 The University of Texas at Austin
http://iss.ices.utexas.edu/galois/

application: GMetis
Partitions a graph into K parts and minimizing the graph cut
http://iss.ices.utexas.edu/?p=projects/galois/benchmarks/gMetis

INFO: CommandLine /work/02556/dpereira/MIC/apps/gmetis/gmetis -t=196 /work/02556/dpereira/Inputs/USA-road-d.W.gr 1024
INFO: Hostname c558-402-mic0.stampede.tacc.utexas.edu
Created Graph with 6262104 nodes and 15248146 edges
Nodes 6262104| Edges 15248146 7624073

  Starting coarsening: 
Time coarsen:  2750 Size of final graph: 21951

  Sarting initial partitioning using GGGP:
Size in decade percentages:  -1,78 -0,877 1,69
Time clustering:  1162

  Sarting refinnement with BKL2
Initial dist
Size in decade percentages:  -1,78 -0,877 1,69
Refined dist
Size in decade percentages:  -2,1 -1,362 -0,290 1,370 2,1
Time refinement:  1925


Time:  6014
Total edge cut : 32582

Part saved in : 0x7fffa8bab360
STATTYPE,LOOP,CATEGORY,n,sum,T0,T1,T2,T3,T4,T5,T6,T7,T8,T9,T10,T11,T12,T13,T14,T15,T16,T17,T18,T19,T20,T21,T22,T23,T24,T25,T26,T27,T28,T29,T30,T31,T32,T33,T34,T35,T36,T37,T38,T39,T40,T41,T42,T43,T44,T45,T46,T47,T48,T49,T50,T51,T52,T53,T54,T55,T56,T57,T58,T59,T60,T61,T62,T63,T64,T65,T66,T67,T68,T69,T70,T71,T72,T73,T74,T75,T76,T77,T78,T79,T80,T81,T82,T83,T84,T85,T86,T87,T88,T89,T90,T91,T92,T93,T94,T95,T96,T97,T98,T99,T100,T101,T102,T103,T104,T105,T106,T107,T108,T109,T110,T111,T112,T113,T114,T115,T116,T117,T118,T119,T120,T121,T122,T123,T124,T125,T126,T127,T128,T129,T130,T131,T132,T133,T134,T135,T136,T137,T138,T139,T140,T141,T142,T143,T144,T145,T146,T147,T148,T149,T150,T151,T152,T153,T154,T155,T156,T157,T158,T159,T160,T161,T162,T163,T164,T165,T166,T167,T168,T169,T170,T171,T172,T173,T174,T175,T176,T177,T178,T179,T180,T181,T182,T183,T184,T185,T186,T187,T188,T189,T190,T191,T192,T193,T194,T195
STAT,(NULL),Coarsen,196,2750,2750,0,0,0,0,0,0,0,0,0,0,0,0,0,0,0,0,0,0,0,0,0,0,0,0,0,0,0,0,0,0,0,0,0,0,0,0,0,0,0,0,0,0,0,0,0,0,0,0,0,0,0,0,0,0,0,0,0,0,0,0,0,0,0,0,0,0,0,0,0,0,0,0,0,0,0,0,0,0,0,0,0,0,0,0,0,0,0,0,0,0,0,0,0,0,0,0,0,0,0,0,0,0,0,0,0,0,0,0,0,0,0,0,0,0,0,0,0,0,0,0,0,0,0,0,0,0,0,0,0,0,0,0,0,0,0,0,0,0,0,0,0,0,0,0,0,0,0,0,0,0,0,0,0,0,0,0,0,0,0,0,0,0,0,0,0,0,0,0,0,0,0,0,0,0,0,0,0,0,0,0,0,0,0,0,0,0,0,0,0,0,0,0,0,0,0
STAT,(NULL),Conflicts,196,0,0,0,0,0,0,0,0,0,0,0,0,0,0,0,0,0,0,0,0,0,0,0,0,0,0,0,0,0,0,0,0,0,0,0,0,0,0,0,0,0,0,0,0,0,0,0,0,0,0,0,0,0,0,0,0,0,0,0,0,0,0,0,0,0,0,0,0,0,0,0,0,0,0,0,0,0,0,0,0,0,0,0,0,0,0,0,0,0,0,0,0,0,0,0,0,0,0,0,0,0,0,0,0,0,0,0,0,0,0,0,0,0,0,0,0,0,0,0,0,0,0,0,0,0,0,0,0,0,0,0,0,0,0,0,0,0,0,0,0,0,0,0,0,0,0,0,0,0,0,0,0,0,0,0,0,0,0,0,0,0,0,0,0,0,0,0,0,0,0,0,0,0,0,0,0,0,0,0,0,0,0,0,0,0,0,0,0,0,0,0,0,0,0,0,0,0
STAT,(NULL),Iterations,196,2047,11,9,5,4,14,3,12,8,9,9,11,6,4,11,8,9,16,17,3,9,13,5,14,13,12,11,14,14,8,14,9,11,16,17,11,9,11,14,13,9,14,8,9,10,24,6,15,5,10,11,10,1,14,6,5,14,13,11,9,16,4,10,3,12,5,8,6,6,0,15,5,11,8,3,12,11,8,11,14,11,9,11,7,18,4,16,9,15,9,13,14,13,18,11,11,11,14,13,9,11,15,19,10,5,11,13,5,14,14,15,12,7,11,9,7,10,17,6,9,16,12,6,9,5,10,7,12,8,7,7,11,8,19,7,8,11,10,11,9,16,14,11,10,11,9,18,10,2,11,7,8,14,12,11,9,16,16,3,11,6,6,25,9,20,8,11,14,6,13,17,11,13,14,13,8,22,6,11,8,14,12,20,11,16,3,7,3,13,9,9,3,7,9,7,12,4
STAT,(NULL),MeminfoPost,196,757296,3868,3853,3882,3870,3876,3861,3860,3860,3858,3869,3881,3875,3921,3883,3856,3861,3857,3852,3867,3879,3877,3867,3871,3867,3858,3855,3858,3867,3868,3877,3852,3851,3860,3868,3853,3886,3867,3870,3872,3867,3853,3857,3867,3880,3887,3918,3881,3848,3861,3861,3857,3869,3867,3880,3872,3869,3870,3851,3860,3856,3874,3878,3854,3859,3850,3862,3866,3870,3862,3867,3897,3863,3859,3869,3874,3860,3866,3866,3853,3859,3854,3873,3847,3845,3864,3870,3874,3862,3853,3862,3857,3850,3849,3852,3864,3849,3880,3890,3873,3856,3856,3854,3874,3866,3849,3841,3847,3864,3867,3872,3874,3875,3861,3863,3852,3859,3862,3858,3857,3854,3850,3844,3857,3842,3875,3852,3845,3874,3882,3893,3884,3873,3852,3854,3873,3857,3842,3846,3863,3867,3874,3875,3861,3859,3854,3862,3856,3860,3848,3841,3858,3867,3849,3849,3882,3891,3888,3887,3865,3854,3859,3846,3855,3863,3883,3897,3876,3884,3883,3865,3848,3866,3857,3860,3858,3863,3853,3834,3857,3857,3877,3848,3845,3839,3867,3841,3858,3865,3846,3862,3863,3866,3866,3865,3854,3864
STAT,(NULL),MeminfoPre,196,189288,970,955,984,972,978,963,962,962,960,971,983,977,1023,985,958,963,959,954,969,981,979,969,973,969,960,957,960,969,970,979,954,953,962,970,955,988,969,972,974,969,955,959,969,982,989,1020,983,950,963,963,959,971,969,982,974,971,972,953,962,958,976,980,956,961,952,964,968,972,964,969,999,965,961,971,976,962,968,968,955,961,956,975,949,947,966,972,976,964,955,964,959,952,951,954,966,951,982,992,975,958,958,956,976,968,951,943,949,966,969,974,976,977,963,965,954,961,964,960,959,956,952,946,959,944,977,954,947,976,984,995,986,975,954,956,975,959,944,948,965,969,976,977,963,961,956,964,958,962,950,943,960,969,951,951,984,993,990,989,967,956,961,948,957,965,985,999,978,986,985,967,950,968,959,962,960,965,955,936,959,959,979,950,947,941,969,943,960,967,948,964,965,968,968,967,956,966
STAT,(NULL),Partition,196,1162,1162,0,0,0,0,0,0,0,0,0,0,0,0,0,0,0,0,0,0,0,0,0,0,0,0,0,0,0,0,0,0,0,0,0,0,0,0,0,0,0,0,0,0,0,0,0,0,0,0,0,0,0,0,0,0,0,0,0,0,0,0,0,0,0,0,0,0,0,0,0,0,0,0,0,0,0,0,0,0,0,0,0,0,0,0,0,0,0,0,0,0,0,0,0,0,0,0,0,0,0,0,0,0,0,0,0,0,0,0,0,0,0,0,0,0,0,0,0,0,0,0,0,0,0,0,0,0,0,0,0,0,0,0,0,0,0,0,0,0,0,0,0,0,0,0,0,0,0,0,0,0,0,0,0,0,0,0,0,0,0,0,0,0,0,0,0,0,0,0,0,0,0,0,0,0,0,0,0,0,0,0,0,0,0,0,0,0,0,0,0,0,0,0,0,0,0
STAT,(NULL),Refine,196,1925,1925,0,0,0,0,0,0,0,0,0,0,0,0,0,0,0,0,0,0,0,0,0,0,0,0,0,0,0,0,0,0,0,0,0,0,0,0,0,0,0,0,0,0,0,0,0,0,0,0,0,0,0,0,0,0,0,0,0,0,0,0,0,0,0,0,0,0,0,0,0,0,0,0,0,0,0,0,0,0,0,0,0,0,0,0,0,0,0,0,0,0,0,0,0,0,0,0,0,0,0,0,0,0,0,0,0,0,0,0,0,0,0,0,0,0,0,0,0,0,0,0,0,0,0,0,0,0,0,0,0,0,0,0,0,0,0,0,0,0,0,0,0,0,0,0,0,0,0,0,0,0,0,0,0,0,0,0,0,0,0,0,0,0,0,0,0,0,0,0,0,0,0,0,0,0,0,0,0,0,0,0,0,0,0,0,0,0,0,0,0,0,0,0,0,0,0
STAT,(NULL),Threads,196,196,196,0,0,0,0,0,0,0,0,0,0,0,0,0,0,0,0,0,0,0,0,0,0,0,0,0,0,0,0,0,0,0,0,0,0,0,0,0,0,0,0,0,0,0,0,0,0,0,0,0,0,0,0,0,0,0,0,0,0,0,0,0,0,0,0,0,0,0,0,0,0,0,0,0,0,0,0,0,0,0,0,0,0,0,0,0,0,0,0,0,0,0,0,0,0,0,0,0,0,0,0,0,0,0,0,0,0,0,0,0,0,0,0,0,0,0,0,0,0,0,0,0,0,0,0,0,0,0,0,0,0,0,0,0,0,0,0,0,0,0,0,0,0,0,0,0,0,0,0,0,0,0,0,0,0,0,0,0,0,0,0,0,0,0,0,0,0,0,0,0,0,0,0,0,0,0,0,0,0,0,0,0,0,0,0,0,0,0,0,0,0,0,0,0,0,0
STAT,(NULL),Time,196,6014,6014,0,0,0,0,0,0,0,0,0,0,0,0,0,0,0,0,0,0,0,0,0,0,0,0,0,0,0,0,0,0,0,0,0,0,0,0,0,0,0,0,0,0,0,0,0,0,0,0,0,0,0,0,0,0,0,0,0,0,0,0,0,0,0,0,0,0,0,0,0,0,0,0,0,0,0,0,0,0,0,0,0,0,0,0,0,0,0,0,0,0,0,0,0,0,0,0,0,0,0,0,0,0,0,0,0,0,0,0,0,0,0,0,0,0,0,0,0,0,0,0,0,0,0,0,0,0,0,0,0,0,0,0,0,0,0,0,0,0,0,0,0,0,0,0,0,0,0,0,0,0,0,0,0,0,0,0,0,0,0,0,0,0,0,0,0,0,0,0,0,0,0,0,0,0,0,0,0,0,0,0,0,0,0,0,0,0,0,0,0,0,0,0,0,0,0
STAT,match,Conflicts,196,5558,51,43,45,45,44,46,44,43,42,48,39,48,47,41,35,43,44,33,52,41,33,44,35,32,48,36,34,38,35,32,42,34,34,33,29,31,28,31,35,33,30,32,30,36,33,33,43,35,31,24,26,37,35,32,37,37,36,38,29,39,38,25,22,22,24,26,26,23,23,22,29,24,24,24,25,25,21,23,28,30,21,21,24,19,22,28,31,26,24,24,22,18,25,27,26,20,19,26,24,27,24,24,31,23,20,31,24,30,16,21,28,27,29,19,23,25,23,22,35,22,25,25,22,19,22,24,24,24,26,23,22,21,28,25,27,24,23,21,27,25,32,24,21,23,30,22,27,27,23,27,20,28,24,32,20,27,22,20,21,23,26,21,26,26,25,19,25,23,24,21,26,20,18,27,21,28,22,24,28,22,19,34,23,26,28,24,24,25,28,17,23,21,22,25,30,28
STAT,match,Iterations,196,14979268,34379,53430,45692,61422,56714,54290,69933,61307,53210,62016,50893,67128,72309,69245,83269,51886,57434,59894,68779,48419,69146,82192,72791,86496,49135,72520,74115,78867,68838,83903,68388,72247,50609,55438,52913,82297,66846,81915,56560,64414,65350,42960,78374,48330,74205,59480,60231,66900,46689,64800,84649,58170,63393,80803,85147,52965,72927,47588,90926,74191,67032,74543,57497,69275,77017,72070,77575,74296,90640,61447,77871,82776,95575,78436,101030,74435,70857,105299,88226,86410,89626,82458,91585,99212,80143,85610,69350,89173,102761,73391,78191,98851,62750,91035,82867,88808,78480,61184,74892,90740,85567,89517,86381,84653,71763,57988,98743,67809,104330,93306,61699,58255,90875,82888,81668,86512,72118,93594,74757,89010,82390,88226,69112,71639,86481,94584,78237,83762,79824,87112,72309,98116,81319,82190,91850,78937,98140,80203,89886,89587,96686,62957,77725,98225,65237,83914,105934,72987,73707,57530,93135,67308,75978,67953,83163,66914,77645,93516,86713,70883,77304,66724,81242,82991,84274,71930,66735,75620,91203,76804,91559,85873,66240,85528,96952,85203,92205,78781,91735,93158,105813,88303,80740,63651,57290,73783,84779,85001,85987,89301,77685,71395,98679,72097,87565,78920
STAT,popedge,Conflicts,196,0,0,0,0,0,0,0,0,0,0,0,0,0,0,0,0,0,0,0,0,0,0,0,0,0,0,0,0,0,0,0,0,0,0,0,0,0,0,0,0,0,0,0,0,0,0,0,0,0,0,0,0,0,0,0,0,0,0,0,0,0,0,0,0,0,0,0,0,0,0,0,0,0,0,0,0,0,0,0,0,0,0,0,0,0,0,0,0,0,0,0,0,0,0,0,0,0,0,0,0,0,0,0,0,0,0,0,0,0,0,0,0,0,0,0,0,0,0,0,0,0,0,0,0,0,0,0,0,0,0,0,0,0,0,0,0,0,0,0,0,0,0,0,0,0,0,0,0,0,0,0,0,0,0,0,0,0,0,0,0,0,0,0,0,0,0,0,0,0,0,0,0,0,0,0,0,0,0,0,0,0,0,0,0,0,0,0,0,0,0,0,0,0,0,0,0,0
STAT,popedge,Iterations,196,7337013,34513,35182,34070,33408,33244,33004,32661,35462,34820,33254,33646,33971,33179,36410,40368,38466,38464,38617,39951,38117,36594,37685,37131,37732,38531,38093,39618,38870,37266,38301,37663,37611,37319,38425,37955,35848,37192,37006,38395,37814,39369,37419,39176,39809,39585,38724,37382,37804,39991,40908,39663,40004,37891,38877,38023,39215,38264,37839,38166,38669,39099,32714,33350,35938,34202,33522,34095,31645,34816,31789,33657,32482,32781,35010,36526,37490,39086,38315,36388,39309,39294,38674,38123,37991,38638,35990,36150,37273,38669,37419,37500,39760,39698,36178,35831,39546,36905,36366,37470,37874,38770,37971,39879,39168,40785,37278,39088,39697,38714,37572,39911,40354,40660,38078,39487,39972,39988,43922,35837,38151,41114,37216,33729,34291,34973,33230,33203,35012,33406,33809,32852,34267,33591,34903,33996,36138,39340,38824,39389,37687,39666,38538,38511,39271,39739,36864,36822,37370,39343,36562,39695,40145,37313,37800,36741,38079,38302,39642,36836,41031,38100,38325,38262,36838,41099,39057,42968,39841,38196,41296,40236,39353,41090,38900,39886,37955,42223,40266,43444,37901,38317,40514,41469,36208,37683,36552,35909,32607,34894,33060,35983,32443,35825,34598,35961,35035
STAT,refine,Conflicts,196,5683,66,73,82,72,79,66,74,72,66,74,64,59,56,58,61,52,50,47,48,57,44,51,45,51,55,41,48,47,49,48,41,33,39,36,32,39,40,38,34,31,35,42,36,36,29,36,32,34,32,36,33,35,35,44,31,27,39,25,40,35,44,14,18,26,18,15,21,17,23,29,29,13,33,27,20,24,20,22,24,22,15,24,21,20,17,25,16,15,15,19,23,17,18,21,19,21,23,21,22,19,17,20,21,25,15,25,27,21,17,22,25,19,16,17,15,26,27,25,16,16,23,28,12,20,24,22,23,21,14,31,20,29,20,22,20,20,20,14,17,21,34,29,20,18,15,17,30,16,21,19,20,13,20,19,23,29,20,21,33,20,24,19,17,20,14,20,19,16,25,18,15,18,21,16,22,23,17,17,20,21,29,30,24,14,27,18,21,25,23,26,17,17,29,30,20,21
STAT,refine,Iterations,196,441404,1746,1950,2526,2384,1316,2359,1761,2550,1431,2643,1986,2355,2855,2643,2608,1898,2117,1858,2725,1782,2344,2193,2159,2325,1937,1990,2188,2068,2083,2293,1977,2082,1673,1669,1598,3358,2271,2254,1643,1847,1613,1880,2368,1829,2096,2167,2268,1695,1429,1828,2160,1775,2109,2515,2118,1279,1992,1758,2387,2088,2033,2152,1697,2892,2416,1695,2866,1872,2512,2130,3009,1952,2154,2905,2552,2374,2051,3279,2346,3014,1920,2879,2453,2190,1975,2885,2169,1880,2296,2069,2091,2224,1792,2717,2268,2685,2797,2164,2013,2162,2235,2417,2316,2322,2301,1895,2208,2045,2262,2421,2390,2124,2259,2116,1797,2574,1896,3025,1836,2633,2048,1963,1946,1895,2969,2451,2205,2826,1807,2792,2417,2999,2315,2476,2714,2203,2415,1592,2489,2358,3203,2555,2837,2553,1779,2268,2707,2390,2076,2038,2725,2310,1998,1817,2288,2186,2955,3109,2975,2230,1707,1667,1726,2610,2443,2118,2472,2056,2678,2345,2362,2262,2185,1911,2231,2051,2483,2116,2101,2158,2772,2402,2205,1827,1929,2398,3010,2057,3045,2294,2138,1619,3098,2444,2409,2795
