Hello from MIC
Galois Benchmark Suite v2.2.0 (r0)
Copyright (C) 2013 The University of Texas at Austin
http://iss.ices.utexas.edu/galois/

application: GMetis
Partitions a graph into K parts and minimizing the graph cut
http://iss.ices.utexas.edu/?p=projects/galois/benchmarks/gMetis

INFO: CommandLine /work/02556/dpereira/MIC/apps/gmetis/gmetis -t=173 /work/02556/dpereira/Inputs/USA-road-d.W.gr 1024
INFO: Hostname c558-402-mic0.stampede.tacc.utexas.edu
Created Graph with 6262104 nodes and 15248146 edges
Nodes 6262104| Edges 15248146 7624073

  Starting coarsening: 
Time coarsen:  2423 Size of final graph: 21999

  Sarting initial partitioning using GGGP:
Size in decade percentages:  -1,68 -0,882 1,74
Time clustering:  1008

  Sarting refinnement with BKL2
Initial dist
Size in decade percentages:  -1,68 -0,882 1,74
Refined dist
Size in decade percentages:  -1,379 -0,276 1,368 2,1
Time refinement:  1547


Time:  5159
Total edge cut : 31798

Part saved in : 0x7fffbe89d8e0
STATTYPE,LOOP,CATEGORY,n,sum,T0,T1,T2,T3,T4,T5,T6,T7,T8,T9,T10,T11,T12,T13,T14,T15,T16,T17,T18,T19,T20,T21,T22,T23,T24,T25,T26,T27,T28,T29,T30,T31,T32,T33,T34,T35,T36,T37,T38,T39,T40,T41,T42,T43,T44,T45,T46,T47,T48,T49,T50,T51,T52,T53,T54,T55,T56,T57,T58,T59,T60,T61,T62,T63,T64,T65,T66,T67,T68,T69,T70,T71,T72,T73,T74,T75,T76,T77,T78,T79,T80,T81,T82,T83,T84,T85,T86,T87,T88,T89,T90,T91,T92,T93,T94,T95,T96,T97,T98,T99,T100,T101,T102,T103,T104,T105,T106,T107,T108,T109,T110,T111,T112,T113,T114,T115,T116,T117,T118,T119,T120,T121,T122,T123,T124,T125,T126,T127,T128,T129,T130,T131,T132,T133,T134,T135,T136,T137,T138,T139,T140,T141,T142,T143,T144,T145,T146,T147,T148,T149,T150,T151,T152,T153,T154,T155,T156,T157,T158,T159,T160,T161,T162,T163,T164,T165,T166,T167,T168,T169,T170,T171,T172
STAT,(NULL),Coarsen,173,2423,2423,0,0,0,0,0,0,0,0,0,0,0,0,0,0,0,0,0,0,0,0,0,0,0,0,0,0,0,0,0,0,0,0,0,0,0,0,0,0,0,0,0,0,0,0,0,0,0,0,0,0,0,0,0,0,0,0,0,0,0,0,0,0,0,0,0,0,0,0,0,0,0,0,0,0,0,0,0,0,0,0,0,0,0,0,0,0,0,0,0,0,0,0,0,0,0,0,0,0,0,0,0,0,0,0,0,0,0,0,0,0,0,0,0,0,0,0,0,0,0,0,0,0,0,0,0,0,0,0,0,0,0,0,0,0,0,0,0,0,0,0,0,0,0,0,0,0,0,0,0,0,0,0,0,0,0,0,0,0,0,0,0,0,0,0,0,0,0,0,0,0,0,0
STAT,(NULL),Conflicts,173,0,0,0,0,0,0,0,0,0,0,0,0,0,0,0,0,0,0,0,0,0,0,0,0,0,0,0,0,0,0,0,0,0,0,0,0,0,0,0,0,0,0,0,0,0,0,0,0,0,0,0,0,0,0,0,0,0,0,0,0,0,0,0,0,0,0,0,0,0,0,0,0,0,0,0,0,0,0,0,0,0,0,0,0,0,0,0,0,0,0,0,0,0,0,0,0,0,0,0,0,0,0,0,0,0,0,0,0,0,0,0,0,0,0,0,0,0,0,0,0,0,0,0,0,0,0,0,0,0,0,0,0,0,0,0,0,0,0,0,0,0,0,0,0,0,0,0,0,0,0,0,0,0,0,0,0,0,0,0,0,0,0,0,0,0,0,0,0,0,0,0,0,0,0
STAT,(NULL),Iterations,173,2047,11,6,3,14,7,12,7,15,3,12,2,9,5,23,7,13,9,14,6,9,12,21,9,6,8,4,18,19,12,11,13,13,12,4,13,7,8,10,17,8,15,19,18,9,13,11,10,6,10,18,25,22,13,21,13,14,14,8,20,16,11,19,17,7,16,6,7,4,14,7,11,4,5,8,23,9,11,12,9,4,7,15,11,20,9,10,8,14,7,13,14,16,18,9,20,8,7,11,12,11,12,10,14,13,25,15,14,11,11,13,10,12,19,10,23,13,24,17,15,13,27,12,11,12,2,11,5,4,13,3,3,15,1,10,5,7,10,9,14,9,8,11,22,4,15,11,17,9,16,14,12,9,12,10,10,12,9,15,9,11,13,7,6,17,16,22,18,12,8,10,13,19,22
STAT,(NULL),MeminfoPost,173,756583,4378,4367,4386,4384,4381,4364,4378,4363,4380,4394,4402,4418,4383,4364,4366,4365,4383,4383,4386,4376,4383,4370,4362,4366,4382,4386,4368,4359,4366,4376,4367,4386,4385,4380,4365,4375,4367,4379,4394,4405,4418,4380,4367,4363,4368,4381,4383,4387,4377,4380,4367,4367,4366,4379,4386,4369,4359,4367,4376,4381,4367,4383,4410,4363,4374,4384,4373,4374,4373,4367,4363,4372,4367,4349,4372,4381,4385,4370,4367,4363,4362,4356,4358,4372,4363,4400,4397,4371,4358,4365,4384,4371,4353,4348,4368,4376,4386,4380,4384,4371,4374,4357,4374,4363,4367,4360,4354,4351,4368,4367,4369,4355,4382,4401,4400,4396,4365,4364,4376,4371,4349,4355,4377,4379,4384,4376,4370,4363,4370,4366,4361,4354,4363,4364,4366,4359,4395,4401,4404,4384,4368,4368,4352,4365,4381,4399,4400,4387,4400,4376,4358,4382,4360,4378,4361,4355,4353,4364,4363,4391,4351,4350,4365,4347,4361,4382,4357,4367,4377,4373,4377,4363,4375
STAT,(NULL),MeminfoPre,173,189143,1098,1087,1106,1104,1101,1084,1098,1083,1100,1114,1122,1138,1103,1084,1086,1085,1103,1103,1106,1096,1103,1090,1082,1086,1102,1106,1088,1079,1086,1096,1087,1106,1105,1100,1085,1095,1087,1099,1114,1125,1138,1100,1087,1083,1088,1101,1103,1107,1097,1100,1087,1087,1086,1099,1106,1089,1079,1087,1096,1101,1087,1103,1130,1083,1094,1104,1093,1094,1093,1087,1083,1092,1087,1069,1092,1101,1105,1090,1087,1083,1082,1076,1078,1092,1083,1120,1117,1091,1078,1085,1104,1091,1073,1068,1088,1096,1106,1100,1104,1091,1094,1077,1094,1083,1087,1080,1074,1071,1088,1087,1089,1075,1102,1121,1120,1116,1085,1084,1096,1091,1069,1075,1097,1099,1104,1096,1090,1083,1090,1086,1081,1074,1083,1084,1086,1079,1115,1121,1124,1104,1088,1088,1072,1085,1101,1119,1120,1107,1120,1096,1078,1102,1080,1098,1081,1075,1073,1084,1083,1111,1071,1070,1085,1067,1081,1102,1077,1087,1097,1093,1097,1083,1095
STAT,(NULL),Partition,173,1008,1008,0,0,0,0,0,0,0,0,0,0,0,0,0,0,0,0,0,0,0,0,0,0,0,0,0,0,0,0,0,0,0,0,0,0,0,0,0,0,0,0,0,0,0,0,0,0,0,0,0,0,0,0,0,0,0,0,0,0,0,0,0,0,0,0,0,0,0,0,0,0,0,0,0,0,0,0,0,0,0,0,0,0,0,0,0,0,0,0,0,0,0,0,0,0,0,0,0,0,0,0,0,0,0,0,0,0,0,0,0,0,0,0,0,0,0,0,0,0,0,0,0,0,0,0,0,0,0,0,0,0,0,0,0,0,0,0,0,0,0,0,0,0,0,0,0,0,0,0,0,0,0,0,0,0,0,0,0,0,0,0,0,0,0,0,0,0,0,0,0,0,0,0
STAT,(NULL),Refine,173,1547,1547,0,0,0,0,0,0,0,0,0,0,0,0,0,0,0,0,0,0,0,0,0,0,0,0,0,0,0,0,0,0,0,0,0,0,0,0,0,0,0,0,0,0,0,0,0,0,0,0,0,0,0,0,0,0,0,0,0,0,0,0,0,0,0,0,0,0,0,0,0,0,0,0,0,0,0,0,0,0,0,0,0,0,0,0,0,0,0,0,0,0,0,0,0,0,0,0,0,0,0,0,0,0,0,0,0,0,0,0,0,0,0,0,0,0,0,0,0,0,0,0,0,0,0,0,0,0,0,0,0,0,0,0,0,0,0,0,0,0,0,0,0,0,0,0,0,0,0,0,0,0,0,0,0,0,0,0,0,0,0,0,0,0,0,0,0,0,0,0,0,0,0,0
STAT,(NULL),Threads,173,173,173,0,0,0,0,0,0,0,0,0,0,0,0,0,0,0,0,0,0,0,0,0,0,0,0,0,0,0,0,0,0,0,0,0,0,0,0,0,0,0,0,0,0,0,0,0,0,0,0,0,0,0,0,0,0,0,0,0,0,0,0,0,0,0,0,0,0,0,0,0,0,0,0,0,0,0,0,0,0,0,0,0,0,0,0,0,0,0,0,0,0,0,0,0,0,0,0,0,0,0,0,0,0,0,0,0,0,0,0,0,0,0,0,0,0,0,0,0,0,0,0,0,0,0,0,0,0,0,0,0,0,0,0,0,0,0,0,0,0,0,0,0,0,0,0,0,0,0,0,0,0,0,0,0,0,0,0,0,0,0,0,0,0,0,0,0,0,0,0,0,0,0,0
STAT,(NULL),Time,173,5159,5159,0,0,0,0,0,0,0,0,0,0,0,0,0,0,0,0,0,0,0,0,0,0,0,0,0,0,0,0,0,0,0,0,0,0,0,0,0,0,0,0,0,0,0,0,0,0,0,0,0,0,0,0,0,0,0,0,0,0,0,0,0,0,0,0,0,0,0,0,0,0,0,0,0,0,0,0,0,0,0,0,0,0,0,0,0,0,0,0,0,0,0,0,0,0,0,0,0,0,0,0,0,0,0,0,0,0,0,0,0,0,0,0,0,0,0,0,0,0,0,0,0,0,0,0,0,0,0,0,0,0,0,0,0,0,0,0,0,0,0,0,0,0,0,0,0,0,0,0,0,0,0,0,0,0,0,0,0,0,0,0,0,0,0,0,0,0,0,0,0,0,0,0
STAT,match,Conflicts,173,5843,65,55,52,44,59,45,47,47,37,42,48,48,36,47,43,45,29,41,44,52,39,44,35,49,36,49,49,38,41,46,35,38,39,38,45,33,43,34,26,52,45,39,37,48,42,36,46,43,49,37,33,34,45,42,41,40,37,45,33,35,30,35,26,28,29,25,30,27,21,29,26,32,28,28,30,26,28,26,27,33,21,29,29,25,27,25,30,29,36,31,32,30,28,31,26,42,34,33,31,25,41,25,28,32,29,27,29,35,29,32,43,38,34,34,30,35,32,29,34,34,32,26,30,24,18,35,30,23,35,24,28,26,29,20,33,27,20,27,20,23,30,26,24,42,20,29,26,32,23,34,28,29,23,33,28,22,34,32,31,37,27,36,29,31,34,35,30,25,28,27,24,29,25
STAT,match,Iterations,173,14973567,44553,57224,68205,82900,69970,72422,69674,65071,64036,66801,68277,72672,90208,71017,77530,72841,83597,82912,74358,64228,58079,90086,63656,71696,69061,73778,60865,93243,80389,85452,76103,58593,74491,67386,73963,83454,62035,84285,106158,72940,85404,79426,81307,70567,85967,76702,82174,74108,74473,83925,89512,104485,93355,97952,85695,85250,102459,95669,101501,99462,95173,69302,87755,80648,82083,99371,87292,86151,96853,96939,84871,80214,89837,80666,83292,95046,83141,86997,88866,79589,87553,80990,103680,83845,91261,95993,90242,71264,91364,88156,96203,88984,102434,88865,107349,76829,90750,72270,88626,97702,80654,98074,96611,90071,102976,93188,78406,98115,85210,91800,91790,89936,125043,89898,100307,105377,82111,110720,87996,91358,98285,129121,76132,94267,105668,91277,86265,79189,88494,87697,109842,97336,80095,100538,93180,78741,100899,82253,97672,79688,79549,90352,101907,79452,83527,94812,94206,89724,88824,81149,98472,85166,107635,86013,112904,93077,78566,84532,90340,86233,75019,109876,91997,85199,90210,93544,102885,93352,80168,92130,110548,103292,90579
STAT,popedge,Conflicts,173,0,0,0,0,0,0,0,0,0,0,0,0,0,0,0,0,0,0,0,0,0,0,0,0,0,0,0,0,0,0,0,0,0,0,0,0,0,0,0,0,0,0,0,0,0,0,0,0,0,0,0,0,0,0,0,0,0,0,0,0,0,0,0,0,0,0,0,0,0,0,0,0,0,0,0,0,0,0,0,0,0,0,0,0,0,0,0,0,0,0,0,0,0,0,0,0,0,0,0,0,0,0,0,0,0,0,0,0,0,0,0,0,0,0,0,0,0,0,0,0,0,0,0,0,0,0,0,0,0,0,0,0,0,0,0,0,0,0,0,0,0,0,0,0,0,0,0,0,0,0,0,0,0,0,0,0,0,0,0,0,0,0,0,0,0,0,0,0,0,0,0,0,0,0
STAT,popedge,Iterations,173,7336014,38448,38792,39862,38610,38016,40381,38969,40573,42031,37779,40377,39454,39400,41768,39472,39316,40550,39392,40618,42370,41576,40819,43290,42593,40309,41568,42621,42541,43748,42515,43155,43320,42568,42379,43131,41604,42130,41252,40678,41879,39826,42490,42612,42593,42087,41894,42629,41918,42488,43319,41993,48360,51537,47955,50480,48612,49813,47908,44764,49757,48735,38994,38287,38741,38212,38164,39887,39784,40772,41250,37467,39682,38452,40103,39090,40659,38117,39534,38873,40227,39646,42221,41231,40523,40583,40136,41766,43655,42929,41796,41771,43981,43363,43319,43190,44021,41628,42635,42290,40854,41987,43559,41128,43587,42775,43092,42730,43219,41494,43645,42785,40348,51881,51940,48745,49628,49343,47887,51590,47898,48791,50938,41622,40162,39430,38131,38672,37428,40101,41457,42568,37568,41034,41364,41042,42967,41636,40872,41303,39866,42624,42148,40535,41898,41427,42038,43076,41836,45098,44804,44343,43055,44511,42542,44201,45599,45154,41956,43051,43684,43570,43463,41387,44247,41858,42323,41128,42556,44259,40989,42713,44769,43502
STAT,refine,Conflicts,173,5455,79,73,82,71,67,67,68,68,53,60,67,68,57,58,65,50,55,41,55,46,58,52,42,54,57,50,43,51,51,39,42,38,42,34,48,33,38,46,31,37,48,35,36,38,36,39,34,44,46,46,34,51,26,32,30,36,46,36,37,37,30,29,24,18,23,17,23,22,20,17,18,24,37,17,28,28,18,18,30,22,19,21,23,23,18,17,21,22,17,26,25,21,24,25,23,28,25,22,24,25,20,27,16,21,28,30,28,19,30,26,28,24,29,20,23,29,26,28,24,15,30,19,30,30,25,21,24,18,21,16,24,28,22,19,19,13,30,13,20,20,24,20,25,28,17,20,20,20,14,25,21,15,18,20,25,22,30,15,23,25,14,24,27,18,24,20,28,20,16,20,29,24,16
STAT,refine,Iterations,173,431836,1900,1939,2113,2672,1649,1715,1663,2358,2454,2402,2739,2738,2395,1858,2366,2158,2656,2495,2548,2494,1927,2542,1764,2140,2193,2498,1848,2448,2196,2192,2007,2211,2064,2063,1772,2112,1668,3099,2473,2730,3427,2402,2692,2001,2157,2363,2638,2349,2076,2630,2653,3905,3344,2931,2583,2440,2733,2370,3025,3036,2629,2525,2845,2013,2296,2062,2261,1987,2534,2246,2419,2676,2666,2302,2379,3035,2467,2405,2575,2556,2452,2212,2525,2241,2646,2623,2586,1833,2012,2068,2325,2793,2433,2281,2828,2422,2474,2104,2603,2744,2821,2858,2534,2377,2741,2610,2985,2685,2589,3295,2609,2699,4548,4294,3468,3092,2838,2880,3344,2663,3090,3091,2838,2811,2787,2404,2329,1627,2152,2392,2435,2540,2591,2405,2413,1958,3677,2505,2843,2092,2860,2523,2433,2639,1818,2725,2428,2750,1896,2466,1938,2229,2927,2139,2371,2091,2001,1765,2212,2882,1692,2701,2516,2396,2800,2772,2615,2765,2716,2403,2959,2789,2612
