Hello from MIC
Galois Benchmark Suite v2.2.0 (r0)
Copyright (C) 2013 The University of Texas at Austin
http://iss.ices.utexas.edu/galois/

application: GMetis
Partitions a graph into K parts and minimizing the graph cut
http://iss.ices.utexas.edu/?p=projects/galois/benchmarks/gMetis

INFO: CommandLine /work/02556/dpereira/MIC/apps/gmetis/gmetis -t=165 /work/02556/dpereira/Inputs/USA-road-d.W.gr 128
INFO: Hostname c558-002-mic0.stampede.tacc.utexas.edu
Created Graph with 6262104 nodes and 15248146 edges
Nodes 6262104| Edges 15248146 7624073

  Starting coarsening: 
Time coarsen:  2790 Size of final graph: 3137

  Sarting initial partitioning using GGGP:
Size in decade percentages:  -1,7 -0,117 1,4
Time clustering:  439

  Sarting refinnement with BKL2
Initial dist
Size in decade percentages:  -1,7 -0,117 1,4
Refined dist
Size in decade percentages:  -1,47 -0,37 1,44
Time refinement:  1667


Time:  5074
Total edge cut : 8234

Part saved in : 0x7fff76b83b60
STATTYPE,LOOP,CATEGORY,n,sum,T0,T1,T2,T3,T4,T5,T6,T7,T8,T9,T10,T11,T12,T13,T14,T15,T16,T17,T18,T19,T20,T21,T22,T23,T24,T25,T26,T27,T28,T29,T30,T31,T32,T33,T34,T35,T36,T37,T38,T39,T40,T41,T42,T43,T44,T45,T46,T47,T48,T49,T50,T51,T52,T53,T54,T55,T56,T57,T58,T59,T60,T61,T62,T63,T64,T65,T66,T67,T68,T69,T70,T71,T72,T73,T74,T75,T76,T77,T78,T79,T80,T81,T82,T83,T84,T85,T86,T87,T88,T89,T90,T91,T92,T93,T94,T95,T96,T97,T98,T99,T100,T101,T102,T103,T104,T105,T106,T107,T108,T109,T110,T111,T112,T113,T114,T115,T116,T117,T118,T119,T120,T121,T122,T123,T124,T125,T126,T127,T128,T129,T130,T131,T132,T133,T134,T135,T136,T137,T138,T139,T140,T141,T142,T143,T144,T145,T146,T147,T148,T149,T150,T151,T152,T153,T154,T155,T156,T157,T158,T159,T160,T161,T162,T163,T164
STAT,(NULL),Coarsen,165,2790,2790,0,0,0,0,0,0,0,0,0,0,0,0,0,0,0,0,0,0,0,0,0,0,0,0,0,0,0,0,0,0,0,0,0,0,0,0,0,0,0,0,0,0,0,0,0,0,0,0,0,0,0,0,0,0,0,0,0,0,0,0,0,0,0,0,0,0,0,0,0,0,0,0,0,0,0,0,0,0,0,0,0,0,0,0,0,0,0,0,0,0,0,0,0,0,0,0,0,0,0,0,0,0,0,0,0,0,0,0,0,0,0,0,0,0,0,0,0,0,0,0,0,0,0,0,0,0,0,0,0,0,0,0,0,0,0,0,0,0,0,0,0,0,0,0,0,0,0,0,0,0,0,0,0,0,0,0,0,0,0,0,0,0,0,0
STAT,(NULL),Conflicts,165,0,0,0,0,0,0,0,0,0,0,0,0,0,0,0,0,0,0,0,0,0,0,0,0,0,0,0,0,0,0,0,0,0,0,0,0,0,0,0,0,0,0,0,0,0,0,0,0,0,0,0,0,0,0,0,0,0,0,0,0,0,0,0,0,0,0,0,0,0,0,0,0,0,0,0,0,0,0,0,0,0,0,0,0,0,0,0,0,0,0,0,0,0,0,0,0,0,0,0,0,0,0,0,0,0,0,0,0,0,0,0,0,0,0,0,0,0,0,0,0,0,0,0,0,0,0,0,0,0,0,0,0,0,0,0,0,0,0,0,0,0,0,0,0,0,0,0,0,0,0,0,0,0,0,0,0,0,0,0,0,0,0,0,0,0,0
STAT,(NULL),Iterations,165,255,8,0,0,0,1,0,0,5,0,1,2,2,0,0,0,1,0,2,1,1,0,6,4,0,4,1,2,0,4,0,0,3,6,0,1,1,9,1,0,4,1,7,1,1,0,1,3,0,1,0,1,0,1,5,0,0,0,0,3,1,0,6,0,1,0,0,0,0,0,0,0,0,3,0,0,0,2,1,2,3,0,0,0,3,3,4,0,1,2,1,2,0,1,0,3,2,1,7,2,0,3,0,4,5,2,1,2,2,0,0,1,1,0,3,6,4,1,3,4,4,1,4,7,5,3,1,0,3,0,1,1,1,2,0,0,0,0,0,0,4,1,4,0,0,4,0,3,0,1,0,1,0,0,2,0,0,0,0,4,1,4,3,0,2,0
STAT,(NULL),MeminfoPost,165,756765,4592,4582,4599,4599,4587,4593,4577,4589,4588,4598,4655,4608,4569,4577,4579,4589,4599,4603,4587,4603,4581,4579,4577,4597,4598,4578,4570,4585,4587,4586,4601,4594,4589,4590,4572,4589,4605,4617,4635,4598,4578,4576,4581,4594,4591,4612,4587,4594,4570,4579,4582,4599,4593,4575,4579,4580,4599,4584,4592,4623,4579,4586,4599,4584,4587,4585,4581,4573,4594,4566,4570,4588,4597,4588,4578,4581,4579,4566,4574,4582,4573,4614,4611,4582,4573,4577,4605,4575,4561,4564,4585,4590,4598,4597,4591,4585,4574,4591,4571,4581,4577,4568,4560,4580,4591,4575,4564,4600,4619,4609,4609,4573,4576,4597,4569,4560,4584,4593,4598,4590,4588,4570,4584,4578,4572,4568,4576,4585,4569,4583,4614,4612,4617,4587,4575,4573,4572,4585,4613,4619,4597,4616,4590,4573,4595,4571,4588,4581,4572,4556,4572,4574,4603,4565,4557,4581,4562,4596,4570,4582,4589,4586,4588,4577,4588
STAT,(NULL),MeminfoPre,165,189165,1152,1142,1159,1159,1147,1153,1137,1149,1148,1158,1215,1168,1129,1137,1139,1149,1159,1163,1147,1163,1141,1139,1137,1157,1158,1138,1130,1145,1147,1146,1161,1154,1149,1150,1132,1149,1165,1177,1195,1158,1138,1136,1141,1154,1151,1172,1147,1154,1130,1139,1142,1159,1153,1135,1139,1140,1159,1144,1152,1183,1139,1146,1159,1144,1147,1145,1141,1133,1154,1126,1130,1148,1157,1148,1138,1141,1139,1126,1134,1142,1133,1174,1171,1142,1133,1137,1165,1135,1121,1124,1145,1150,1158,1157,1151,1145,1134,1151,1131,1141,1137,1128,1120,1140,1151,1135,1124,1160,1179,1169,1169,1133,1136,1157,1129,1120,1144,1153,1158,1150,1148,1130,1144,1138,1132,1128,1136,1145,1129,1143,1174,1172,1177,1147,1135,1133,1132,1145,1173,1179,1157,1176,1150,1133,1155,1131,1148,1141,1132,1116,1132,1134,1163,1125,1117,1141,1122,1156,1130,1142,1149,1146,1148,1137,1148
STAT,(NULL),Partition,165,439,439,0,0,0,0,0,0,0,0,0,0,0,0,0,0,0,0,0,0,0,0,0,0,0,0,0,0,0,0,0,0,0,0,0,0,0,0,0,0,0,0,0,0,0,0,0,0,0,0,0,0,0,0,0,0,0,0,0,0,0,0,0,0,0,0,0,0,0,0,0,0,0,0,0,0,0,0,0,0,0,0,0,0,0,0,0,0,0,0,0,0,0,0,0,0,0,0,0,0,0,0,0,0,0,0,0,0,0,0,0,0,0,0,0,0,0,0,0,0,0,0,0,0,0,0,0,0,0,0,0,0,0,0,0,0,0,0,0,0,0,0,0,0,0,0,0,0,0,0,0,0,0,0,0,0,0,0,0,0,0,0,0,0,0,0
STAT,(NULL),Refine,165,1667,1667,0,0,0,0,0,0,0,0,0,0,0,0,0,0,0,0,0,0,0,0,0,0,0,0,0,0,0,0,0,0,0,0,0,0,0,0,0,0,0,0,0,0,0,0,0,0,0,0,0,0,0,0,0,0,0,0,0,0,0,0,0,0,0,0,0,0,0,0,0,0,0,0,0,0,0,0,0,0,0,0,0,0,0,0,0,0,0,0,0,0,0,0,0,0,0,0,0,0,0,0,0,0,0,0,0,0,0,0,0,0,0,0,0,0,0,0,0,0,0,0,0,0,0,0,0,0,0,0,0,0,0,0,0,0,0,0,0,0,0,0,0,0,0,0,0,0,0,0,0,0,0,0,0,0,0,0,0,0,0,0,0,0,0,0
STAT,(NULL),Threads,165,165,165,0,0,0,0,0,0,0,0,0,0,0,0,0,0,0,0,0,0,0,0,0,0,0,0,0,0,0,0,0,0,0,0,0,0,0,0,0,0,0,0,0,0,0,0,0,0,0,0,0,0,0,0,0,0,0,0,0,0,0,0,0,0,0,0,0,0,0,0,0,0,0,0,0,0,0,0,0,0,0,0,0,0,0,0,0,0,0,0,0,0,0,0,0,0,0,0,0,0,0,0,0,0,0,0,0,0,0,0,0,0,0,0,0,0,0,0,0,0,0,0,0,0,0,0,0,0,0,0,0,0,0,0,0,0,0,0,0,0,0,0,0,0,0,0,0,0,0,0,0,0,0,0,0,0,0,0,0,0,0,0,0,0,0,0
STAT,(NULL),Time,165,5074,5074,0,0,0,0,0,0,0,0,0,0,0,0,0,0,0,0,0,0,0,0,0,0,0,0,0,0,0,0,0,0,0,0,0,0,0,0,0,0,0,0,0,0,0,0,0,0,0,0,0,0,0,0,0,0,0,0,0,0,0,0,0,0,0,0,0,0,0,0,0,0,0,0,0,0,0,0,0,0,0,0,0,0,0,0,0,0,0,0,0,0,0,0,0,0,0,0,0,0,0,0,0,0,0,0,0,0,0,0,0,0,0,0,0,0,0,0,0,0,0,0,0,0,0,0,0,0,0,0,0,0,0,0,0,0,0,0,0,0,0,0,0,0,0,0,0,0,0,0,0,0,0,0,0,0,0,0,0,0,0,0,0,0,0,0
STAT,match,Conflicts,165,6510,58,66,65,58,53,57,57,59,54,46,48,59,64,60,52,48,46,46,55,45,53,47,52,61,53,66,49,52,51,62,51,41,37,55,45,36,48,52,50,53,44,47,44,33,49,53,42,38,53,38,41,41,43,48,53,51,43,33,51,38,47,28,39,36,30,42,35,30,31,30,25,34,29,36,26,29,26,24,33,30,29,36,33,36,27,36,35,32,33,25,41,35,31,36,33,36,33,34,37,42,29,34,36,32,35,42,42,36,48,36,30,39,30,35,33,40,37,34,32,32,41,35,32,30,33,31,30,28,33,24,29,28,31,29,32,31,28,25,25,41,33,31,44,32,33,38,40,42,32,31,26,36,41,30,39,34,35,32,31,46,36,38,36,26,27
STAT,match,Iterations,165,15016557,53491,54279,85558,55524,67076,73558,75106,71696,68160,64817,66126,53639,68967,63926,75012,68956,85760,68488,79915,70601,87103,65341,83203,68158,87530,66562,65177,91932,78323,79861,63989,64163,97415,79534,79250,77457,87056,83598,77809,71641,76391,90829,82167,107554,101200,97922,103582,114922,72511,121702,94863,100950,126340,106296,104785,103720,97531,89997,78999,86463,88591,92236,68949,101760,100897,88266,90907,102483,86747,87777,95120,95412,100006,81844,102649,105674,92699,98474,72578,94351,92176,96519,98370,96510,112406,87260,90472,96078,95323,106471,85818,100429,102786,93367,91634,95980,101127,90702,91151,97153,105758,97098,88457,91527,118368,135470,96171,99010,88429,94332,111192,114617,116594,116744,130772,86154,135466,111498,107771,102471,113075,113912,92213,95868,89608,100509,90061,97089,98246,100379,100040,71545,92216,97755,94134,85063,88774,93295,79833,80024,93173,76071,88812,96377,74991,92377,94212,108781,90673,89380,91189,101498,99840,102233,79775,108327,90096,98555,87007,96803,103988,94187,78753,121073,83215
STAT,popedge,Conflicts,165,0,0,0,0,0,0,0,0,0,0,0,0,0,0,0,0,0,0,0,0,0,0,0,0,0,0,0,0,0,0,0,0,0,0,0,0,0,0,0,0,0,0,0,0,0,0,0,0,0,0,0,0,0,0,0,0,0,0,0,0,0,0,0,0,0,0,0,0,0,0,0,0,0,0,0,0,0,0,0,0,0,0,0,0,0,0,0,0,0,0,0,0,0,0,0,0,0,0,0,0,0,0,0,0,0,0,0,0,0,0,0,0,0,0,0,0,0,0,0,0,0,0,0,0,0,0,0,0,0,0,0,0,0,0,0,0,0,0,0,0,0,0,0,0,0,0,0,0,0,0,0,0,0,0,0,0,0,0,0,0,0,0,0,0,0,0
STAT,popedge,Iterations,165,7357191,41398,42329,41536,43157,40048,41780,41577,43054,42943,41356,40898,42991,44301,42226,43236,40867,41441,43376,44082,44101,43131,43756,42938,46003,42100,45497,46355,45479,44626,43101,44020,43350,42872,43320,43994,42954,43788,45604,44588,43076,44623,46068,38725,51138,50889,50606,48545,49254,50785,50183,49947,52161,52208,53571,49095,48598,45945,45205,46271,46975,50158,38959,39405,39955,39451,40718,41576,42109,42351,40122,41731,41986,39202,40734,40421,41429,42818,43232,44109,42129,41949,42173,42096,43846,43437,45454,44257,44497,45851,44895,42758,45711,45190,43237,45336,44485,43927,42727,43719,44392,42977,44328,45291,40708,50791,50069,53760,50393,52041,50849,52457,48560,52979,51761,53192,52760,52736,49198,46370,47804,48766,48898,41004,44582,39479,39823,40455,40830,40863,42248,39357,39818,39172,40121,40732,41840,42042,41758,44530,41654,44145,44585,43688,42840,45169,45883,43622,45384,46365,49245,46723,43742,45309,43841,45777,41514,45425,43524,42898,44461,42788,47287,46226,46136,43045
STAT,refine,Conflicts,165,6079,117,127,113,107,104,104,97,94,93,73,77,86,85,73,83,74,67,62,58,64,68,54,61,64,63,58,59,65,71,71,69,37,53,50,44,38,37,42,45,44,44,46,52,49,33,44,38,37,39,36,40,35,42,43,37,35,50,31,36,48,39,11,23,16,20,22,31,29,21,28,23,27,30,19,14,18,26,20,19,17,20,18,16,18,14,35,22,16,21,18,21,37,28,29,18,13,25,16,25,21,28,23,27,18,30,27,27,18,30,23,29,31,21,28,32,25,25,27,28,29,25,23,25,20,24,18,23,23,31,24,27,22,29,22,19,24,12,28,19,27,23,18,22,12,15,24,16,25,22,18,31,26,30,19,19,30,20,18,28,16,22,20,17,24,23
STAT,refine,Iterations,165,139629,746,791,1010,941,873,815,814,965,641,869,1037,924,767,715,919,772,642,794,873,846,809,709,895,767,619,652,654,777,688,686,998,612,802,653,755,790,842,875,946,1035,621,821,905,1196,1045,1234,901,1303,774,1160,1129,1027,1128,1014,786,977,866,775,768,1122,748,686,715,786,792,794,912,949,880,717,741,1050,863,774,907,680,829,664,729,760,617,743,818,743,839,809,772,513,676,738,697,1052,876,981,850,802,1016,743,933,871,1191,815,879,911,1122,1290,902,870,1155,975,1344,1150,1085,1082,1108,901,1103,1110,862,1119,1231,858,784,678,739,598,862,652,796,762,825,730,1058,817,733,570,750,848,806,767,790,606,530,661,704,713,574,630,552,575,634,993,940,704,635,868,726,720,796,837,935,1080,752,959,942
