Hello from MIC
Galois Benchmark Suite v2.2.0 (r0)
Copyright (C) 2013 The University of Texas at Austin
http://iss.ices.utexas.edu/galois/

application: GMetis
Partitions a graph into K parts and minimizing the graph cut
http://iss.ices.utexas.edu/?p=projects/galois/benchmarks/gMetis

INFO: CommandLine /work/02556/dpereira/MIC/apps/gmetis/gmetis -t=39 /work/02556/dpereira/Inputs/USA-road-d.W.gr 128
INFO: Hostname c557-901-mic0.stampede.tacc.utexas.edu
Created Graph with 6262104 nodes and 15248146 edges
Nodes 6262104| Edges 15248146 7624073

  Starting coarsening: 
Time coarsen:  2951 Size of final graph: 2967

  Sarting initial partitioning using GGGP:
Size in decade percentages:  -1,5 -0,118 1,5
Time clustering:  393

  Sarting refinnement with BKL2
Initial dist
Size in decade percentages:  -1,5 -0,118 1,5
Refined dist
Size in decade percentages:  -1,47 -0,33 1,48
Time refinement:  608


Time:  4127
Total edge cut : 8027

Part saved in : 0x7ffffb998560
STATTYPE,LOOP,CATEGORY,n,sum,T0,T1,T2,T3,T4,T5,T6,T7,T8,T9,T10,T11,T12,T13,T14,T15,T16,T17,T18,T19,T20,T21,T22,T23,T24,T25,T26,T27,T28,T29,T30,T31,T32,T33,T34,T35,T36,T37,T38
STAT,(NULL),Coarsen,39,2951,2951,0,0,0,0,0,0,0,0,0,0,0,0,0,0,0,0,0,0,0,0,0,0,0,0,0,0,0,0,0,0,0,0,0,0,0,0,0,0
STAT,(NULL),Conflicts,39,0,0,0,0,0,0,0,0,0,0,0,0,0,0,0,0,0,0,0,0,0,0,0,0,0,0,0,0,0,0,0,0,0,0,0,0,0,0,0,0
STAT,(NULL),Iterations,39,255,11,9,9,4,8,9,7,3,3,3,4,7,10,1,3,8,13,2,8,4,5,3,3,4,10,3,3,3,10,5,8,17,14,10,7,5,4,5,10
STAT,(NULL),MeminfoPost,39,756174,19419,19380,19483,19384,19414,19392,19366,19428,19416,19428,19412,19384,19387,19401,19432,19367,19356,19388,19340,19418,19363,19376,19388,19349,19346,19434,19395,19356,19387,19337,19393,19431,19407,19432,19376,19344,19311,19365,19389
STAT,(NULL),MeminfoPre,39,189036,4877,4838,4941,4842,4872,4850,4824,4886,4874,4886,4870,4842,4845,4859,4890,4825,4814,4846,4798,4876,4821,4834,4846,4807,4804,4892,4853,4814,4845,4795,4851,4889,4865,4890,4834,4802,4769,4823,4847
STAT,(NULL),Partition,39,393,393,0,0,0,0,0,0,0,0,0,0,0,0,0,0,0,0,0,0,0,0,0,0,0,0,0,0,0,0,0,0,0,0,0,0,0,0,0,0
STAT,(NULL),Refine,39,608,608,0,0,0,0,0,0,0,0,0,0,0,0,0,0,0,0,0,0,0,0,0,0,0,0,0,0,0,0,0,0,0,0,0,0,0,0,0,0
STAT,(NULL),Threads,39,39,39,0,0,0,0,0,0,0,0,0,0,0,0,0,0,0,0,0,0,0,0,0,0,0,0,0,0,0,0,0,0,0,0,0,0,0,0,0,0
STAT,(NULL),Time,39,4127,4127,0,0,0,0,0,0,0,0,0,0,0,0,0,0,0,0,0,0,0,0,0,0,0,0,0,0,0,0,0,0,0,0,0,0,0,0,0,0
STAT,match,Conflicts,39,3889,245,148,136,103,116,103,108,106,92,84,79,107,91,101,81,94,109,111,109,90,76,102,78,96,106,140,86,74,59,78,70,76,68,92,77,114,109,114,61
STAT,match,Iterations,39,14923890,355498,377459,366763,358790,374307,377432,392475,363702,388326,371607,389964,384385,391376,367089,368597,388410,367387,374450,390547,383116,398947,415895,389165,387888,397529,359002,371324,377535,385831,386322,366213,367061,383221,386556,406678,410997,414491,389132,398423
STAT,popedge,Conflicts,39,0,0,0,0,0,0,0,0,0,0,0,0,0,0,0,0,0,0,0,0,0,0,0,0,0,0,0,0,0,0,0,0,0,0,0,0,0,0,0,0
STAT,popedge,Iterations,39,7309696,186584,185682,180237,178610,180657,187195,190260,182355,184279,181855,178901,186632,188000,170671,166336,175711,184128,180824,182083,183546,196209,192781,190114,192318,189525,189251,183339,190259,184733,191013,186014,176062,188567,205922,207002,205074,205242,206770,194955
STAT,refine,Conflicts,39,2315,104,91,87,78,71,74,70,83,66,79,51,48,66,67,67,71,62,61,66,50,66,44,40,56,50,57,47,51,46,42,43,57,50,47,32,57,42,32,44
STAT,refine,Iterations,39,129673,3723,3397,3959,3200,3086,3912,3154,3470,4215,3341,3234,3106,3332,3177,3025,3213,2774,3545,2999,3670,3253,2689,4016,3132,3699,3703,3576,2667,3772,3750,3467,3206,3160,3890,2334,2440,3007,2970,3410
