Hello from MIC
Galois Benchmark Suite v2.2.0 (r0)
Copyright (C) 2013 The University of Texas at Austin
http://iss.ices.utexas.edu/galois/

application: GMetis
Partitions a graph into K parts and minimizing the graph cut
http://iss.ices.utexas.edu/?p=projects/galois/benchmarks/gMetis

INFO: CommandLine /work/02556/dpereira/MIC/apps/gmetis/gmetis -t=223 /work/02556/dpereira/Inputs/USA-road-d.W.gr 128
INFO: Hostname c558-003-mic0.stampede.tacc.utexas.edu
Created Graph with 6262104 nodes and 15248146 edges
Nodes 6262104| Edges 15248146 7624073

  Starting coarsening: 
Time coarsen:  3784 Size of final graph: 3196

  Sarting initial partitioning using GGGP:
Size in decade percentages:  -1,5 -0,116 1,7
Time clustering:  454

  Sarting refinnement with BKL2
Initial dist
Size in decade percentages:  -1,5 -0,116 1,7
Refined dist
Size in decade percentages:  -1,44 -0,40 1,44
Time refinement:  2546


Time:  6963
Total edge cut : 8126

Part saved in : 0x7fff48c83fe0
STATTYPE,LOOP,CATEGORY,n,sum,T0,T1,T2,T3,T4,T5,T6,T7,T8,T9,T10,T11,T12,T13,T14,T15,T16,T17,T18,T19,T20,T21,T22,T23,T24,T25,T26,T27,T28,T29,T30,T31,T32,T33,T34,T35,T36,T37,T38,T39,T40,T41,T42,T43,T44,T45,T46,T47,T48,T49,T50,T51,T52,T53,T54,T55,T56,T57,T58,T59,T60,T61,T62,T63,T64,T65,T66,T67,T68,T69,T70,T71,T72,T73,T74,T75,T76,T77,T78,T79,T80,T81,T82,T83,T84,T85,T86,T87,T88,T89,T90,T91,T92,T93,T94,T95,T96,T97,T98,T99,T100,T101,T102,T103,T104,T105,T106,T107,T108,T109,T110,T111,T112,T113,T114,T115,T116,T117,T118,T119,T120,T121,T122,T123,T124,T125,T126,T127,T128,T129,T130,T131,T132,T133,T134,T135,T136,T137,T138,T139,T140,T141,T142,T143,T144,T145,T146,T147,T148,T149,T150,T151,T152,T153,T154,T155,T156,T157,T158,T159,T160,T161,T162,T163,T164,T165,T166,T167,T168,T169,T170,T171,T172,T173,T174,T175,T176,T177,T178,T179,T180,T181,T182,T183,T184,T185,T186,T187,T188,T189,T190,T191,T192,T193,T194,T195,T196,T197,T198,T199,T200,T201,T202,T203,T204,T205,T206,T207,T208,T209,T210,T211,T212,T213,T214,T215,T216,T217,T218,T219,T220,T221,T222
STAT,(NULL),Coarsen,223,3784,3784,0,0,0,0,0,0,0,0,0,0,0,0,0,0,0,0,0,0,0,0,0,0,0,0,0,0,0,0,0,0,0,0,0,0,0,0,0,0,0,0,0,0,0,0,0,0,0,0,0,0,0,0,0,0,0,0,0,0,0,0,0,0,0,0,0,0,0,0,0,0,0,0,0,0,0,0,0,0,0,0,0,0,0,0,0,0,0,0,0,0,0,0,0,0,0,0,0,0,0,0,0,0,0,0,0,0,0,0,0,0,0,0,0,0,0,0,0,0,0,0,0,0,0,0,0,0,0,0,0,0,0,0,0,0,0,0,0,0,0,0,0,0,0,0,0,0,0,0,0,0,0,0,0,0,0,0,0,0,0,0,0,0,0,0,0,0,0,0,0,0,0,0,0,0,0,0,0,0,0,0,0,0,0,0,0,0,0,0,0,0,0,0,0,0,0,0,0,0,0,0,0,0,0,0,0,0,0,0,0,0,0,0,0,0,0,0,0,0,0,0,0,0
STAT,(NULL),Conflicts,223,0,0,0,0,0,0,0,0,0,0,0,0,0,0,0,0,0,0,0,0,0,0,0,0,0,0,0,0,0,0,0,0,0,0,0,0,0,0,0,0,0,0,0,0,0,0,0,0,0,0,0,0,0,0,0,0,0,0,0,0,0,0,0,0,0,0,0,0,0,0,0,0,0,0,0,0,0,0,0,0,0,0,0,0,0,0,0,0,0,0,0,0,0,0,0,0,0,0,0,0,0,0,0,0,0,0,0,0,0,0,0,0,0,0,0,0,0,0,0,0,0,0,0,0,0,0,0,0,0,0,0,0,0,0,0,0,0,0,0,0,0,0,0,0,0,0,0,0,0,0,0,0,0,0,0,0,0,0,0,0,0,0,0,0,0,0,0,0,0,0,0,0,0,0,0,0,0,0,0,0,0,0,0,0,0,0,0,0,0,0,0,0,0,0,0,0,0,0,0,0,0,0,0,0,0,0,0,0,0,0,0,0,0,0,0,0,0,0,0,0,0,0,0,0
STAT,(NULL),Iterations,223,255,11,0,1,0,1,2,4,0,4,0,0,3,1,0,0,1,3,0,2,1,0,0,0,0,0,0,0,3,0,0,0,1,0,0,0,0,0,0,2,4,0,6,1,2,0,2,0,2,0,2,0,1,0,0,0,0,3,1,0,0,1,7,2,0,0,3,1,0,0,0,0,1,0,5,4,2,0,0,0,1,0,0,2,1,2,0,0,0,4,0,2,0,1,2,4,0,0,1,2,0,2,0,6,7,4,1,3,0,0,1,3,0,0,2,3,0,3,1,0,0,2,2,0,0,0,0,1,0,0,2,1,1,0,0,2,0,2,1,1,0,1,2,0,0,0,0,1,2,0,4,0,0,0,3,0,2,0,1,4,0,2,0,1,4,1,7,6,2,5,0,2,1,1,0,1,1,2,3,3,0,0,0,1,2,0,0,2,0,0,1,0,0,0,3,1,2,1,0,0,0,0,2,0,0,0,3,1,0,0,0,0,0,0,0,1,0,1,2,0,0,2,0,5
STAT,(NULL),MeminfoPost,223,757305,3402,3391,3399,3404,3404,3405,3398,3392,3393,3388,3403,3397,3411,3422,3443,3407,3388,3394,3385,3396,3393,3406,3398,3414,3397,3405,3400,3400,3381,3392,3389,3406,3394,3410,3386,3387,3389,3400,3393,3391,3410,3400,3410,3392,3391,3404,3386,3404,3390,3412,3408,3447,3421,3398,3385,3394,3394,3389,3394,3405,3404,3420,3384,3412,3400,3381,3392,3390,3395,3404,3408,3387,3389,3388,3393,3397,3405,3399,3393,3402,3428,3393,3390,3402,3399,3405,3389,3398,3397,3387,3392,3387,3404,3386,3378,3388,3396,3402,3407,3392,3390,3396,3389,3391,3382,3378,3387,3398,3384,3401,3420,3418,3396,3381,3392,3387,3399,3406,3384,3382,3376,3382,3399,3400,3407,3394,3408,3408,3389,3397,3380,3395,3396,3386,3393,3389,3379,3383,3382,3393,3377,3411,3383,3383,3384,3411,3425,3415,3413,3408,3386,3389,3386,3411,3383,3380,3379,3396,3396,3405,3404,3405,3390,3389,3390,3394,3390,3394,3379,3383,3386,3382,3403,3384,3379,3407,3419,3416,3421,3413,3393,3388,3393,3381,3383,3397,3401,3419,3419,3406,3409,3419,3403,3381,3391,3407,3383,3392,3395,3395,3376,3381,3386,3382,3390,3416,3381,3379,3379,3392,3380,3382,3408,3382,3381,3392,3394,3400,3396,3395,3401,3391,3390
STAT,(NULL),MeminfoPre,223,189324,855,844,852,857,857,858,851,845,846,841,856,850,864,875,896,860,841,847,838,849,846,859,851,867,850,858,853,853,834,845,842,859,847,863,839,840,842,853,846,844,863,853,863,845,844,857,839,857,843,865,861,900,874,851,838,847,847,842,847,858,857,873,837,865,853,834,845,843,848,857,861,840,842,841,846,850,858,852,846,855,881,846,843,855,852,858,842,851,850,840,845,840,857,839,831,841,849,855,860,845,843,849,842,844,835,831,840,851,837,854,873,871,849,834,845,840,852,859,837,835,829,835,852,853,860,847,861,861,842,850,833,848,849,839,846,842,832,836,835,846,830,864,836,836,837,864,878,868,866,861,839,842,839,864,836,833,832,849,849,858,857,858,843,842,843,847,843,847,832,836,839,835,856,837,832,860,872,869,874,866,846,841,846,834,836,850,854,872,872,859,862,872,856,834,844,860,836,845,848,848,829,834,839,835,843,869,834,832,832,845,833,835,861,835,834,845,847,853,849,848,854,844,843
STAT,(NULL),Partition,223,454,454,0,0,0,0,0,0,0,0,0,0,0,0,0,0,0,0,0,0,0,0,0,0,0,0,0,0,0,0,0,0,0,0,0,0,0,0,0,0,0,0,0,0,0,0,0,0,0,0,0,0,0,0,0,0,0,0,0,0,0,0,0,0,0,0,0,0,0,0,0,0,0,0,0,0,0,0,0,0,0,0,0,0,0,0,0,0,0,0,0,0,0,0,0,0,0,0,0,0,0,0,0,0,0,0,0,0,0,0,0,0,0,0,0,0,0,0,0,0,0,0,0,0,0,0,0,0,0,0,0,0,0,0,0,0,0,0,0,0,0,0,0,0,0,0,0,0,0,0,0,0,0,0,0,0,0,0,0,0,0,0,0,0,0,0,0,0,0,0,0,0,0,0,0,0,0,0,0,0,0,0,0,0,0,0,0,0,0,0,0,0,0,0,0,0,0,0,0,0,0,0,0,0,0,0,0,0,0,0,0,0,0,0,0,0,0,0,0,0,0,0,0,0
STAT,(NULL),Refine,223,2546,2546,0,0,0,0,0,0,0,0,0,0,0,0,0,0,0,0,0,0,0,0,0,0,0,0,0,0,0,0,0,0,0,0,0,0,0,0,0,0,0,0,0,0,0,0,0,0,0,0,0,0,0,0,0,0,0,0,0,0,0,0,0,0,0,0,0,0,0,0,0,0,0,0,0,0,0,0,0,0,0,0,0,0,0,0,0,0,0,0,0,0,0,0,0,0,0,0,0,0,0,0,0,0,0,0,0,0,0,0,0,0,0,0,0,0,0,0,0,0,0,0,0,0,0,0,0,0,0,0,0,0,0,0,0,0,0,0,0,0,0,0,0,0,0,0,0,0,0,0,0,0,0,0,0,0,0,0,0,0,0,0,0,0,0,0,0,0,0,0,0,0,0,0,0,0,0,0,0,0,0,0,0,0,0,0,0,0,0,0,0,0,0,0,0,0,0,0,0,0,0,0,0,0,0,0,0,0,0,0,0,0,0,0,0,0,0,0,0,0,0,0,0,0
STAT,(NULL),Threads,223,223,223,0,0,0,0,0,0,0,0,0,0,0,0,0,0,0,0,0,0,0,0,0,0,0,0,0,0,0,0,0,0,0,0,0,0,0,0,0,0,0,0,0,0,0,0,0,0,0,0,0,0,0,0,0,0,0,0,0,0,0,0,0,0,0,0,0,0,0,0,0,0,0,0,0,0,0,0,0,0,0,0,0,0,0,0,0,0,0,0,0,0,0,0,0,0,0,0,0,0,0,0,0,0,0,0,0,0,0,0,0,0,0,0,0,0,0,0,0,0,0,0,0,0,0,0,0,0,0,0,0,0,0,0,0,0,0,0,0,0,0,0,0,0,0,0,0,0,0,0,0,0,0,0,0,0,0,0,0,0,0,0,0,0,0,0,0,0,0,0,0,0,0,0,0,0,0,0,0,0,0,0,0,0,0,0,0,0,0,0,0,0,0,0,0,0,0,0,0,0,0,0,0,0,0,0,0,0,0,0,0,0,0,0,0,0,0,0,0,0,0,0,0,0
STAT,(NULL),Time,223,6963,6963,0,0,0,0,0,0,0,0,0,0,0,0,0,0,0,0,0,0,0,0,0,0,0,0,0,0,0,0,0,0,0,0,0,0,0,0,0,0,0,0,0,0,0,0,0,0,0,0,0,0,0,0,0,0,0,0,0,0,0,0,0,0,0,0,0,0,0,0,0,0,0,0,0,0,0,0,0,0,0,0,0,0,0,0,0,0,0,0,0,0,0,0,0,0,0,0,0,0,0,0,0,0,0,0,0,0,0,0,0,0,0,0,0,0,0,0,0,0,0,0,0,0,0,0,0,0,0,0,0,0,0,0,0,0,0,0,0,0,0,0,0,0,0,0,0,0,0,0,0,0,0,0,0,0,0,0,0,0,0,0,0,0,0,0,0,0,0,0,0,0,0,0,0,0,0,0,0,0,0,0,0,0,0,0,0,0,0,0,0,0,0,0,0,0,0,0,0,0,0,0,0,0,0,0,0,0,0,0,0,0,0,0,0,0,0,0,0,0,0,0,0,0
STAT,match,Conflicts,223,6417,49,39,42,56,39,41,43,47,40,46,39,42,45,36,38,39,43,42,44,34,42,39,37,38,40,42,41,34,39,38,38,33,45,38,35,33,30,28,37,34,26,29,32,27,40,34,32,42,33,37,30,35,38,37,32,36,33,36,36,39,34,27,31,30,29,26,26,26,24,21,24,32,27,22,26,25,29,25,23,22,23,25,22,28,18,22,32,25,23,26,29,26,24,26,30,31,22,27,22,32,26,21,25,27,22,23,24,20,26,27,30,23,26,34,27,25,36,31,25,34,22,24,22,24,27,30,27,22,31,24,30,25,19,26,25,24,23,20,28,24,23,24,22,25,23,25,21,23,27,26,24,21,22,23,26,25,30,20,24,30,25,28,22,24,27,22,27,27,19,29,35,21,25,26,24,29,22,23,27,30,27,34,31,22,31,26,27,29,24,26,27,28,24,30,29,28,27,21,18,25,21,25,18,18,21,30,26,20,31,26,24,22,25,19,26,25,27,20,26,22,25,22,28
STAT,match,Iterations,223,15064371,34847,73783,56408,56381,51150,65153,65028,46742,53602,57201,56338,45741,51888,60088,44882,52109,52179,58774,56893,39999,46293,69940,41415,60718,53634,57931,63006,52987,58183,55305,60711,46307,54214,60607,60388,61813,57200,63427,51497,59200,56936,57134,58311,56514,57286,51636,57264,48342,62246,59873,54920,89825,55991,72936,62655,59803,47621,52703,75973,71585,54844,60952,74621,73042,73658,82647,59786,82970,59703,79864,77164,79597,54571,72138,69084,66506,90948,65462,88894,58884,76952,70578,67995,48371,64669,65452,67945,62963,90399,75275,71836,52139,70497,65487,55321,85543,60806,49370,80036,60623,69948,75399,74307,71621,71037,74007,85157,97815,61572,71121,65600,75695,95855,66461,82352,95051,56323,79652,91015,64605,100786,91917,61472,67135,69690,86689,61067,68849,76765,57413,68275,61289,66478,63660,73130,79123,83662,54448,67084,72809,67609,66350,69971,56830,66775,65052,70086,65628,73837,58503,56737,89395,78989,75125,58271,79311,57309,81694,73353,55312,74017,71252,63621,65852,81136,60156,75940,63080,88457,52284,77792,86337,75461,56506,49204,77350,79987,71204,86606,58410,82317,61996,80969,66104,78448,58879,62279,56244,67749,69086,68849,74180,75785,74142,91549,80732,63417,71129,90284,67724,63654,70484,102325,86127,84404,74614,73099,79191,68754,55019,68365,69962,76670,69411,72324,70263,81570,83445,81485,69542,57911,59762,75897
STAT,popedge,Conflicts,223,0,0,0,0,0,0,0,0,0,0,0,0,0,0,0,0,0,0,0,0,0,0,0,0,0,0,0,0,0,0,0,0,0,0,0,0,0,0,0,0,0,0,0,0,0,0,0,0,0,0,0,0,0,0,0,0,0,0,0,0,0,0,0,0,0,0,0,0,0,0,0,0,0,0,0,0,0,0,0,0,0,0,0,0,0,0,0,0,0,0,0,0,0,0,0,0,0,0,0,0,0,0,0,0,0,0,0,0,0,0,0,0,0,0,0,0,0,0,0,0,0,0,0,0,0,0,0,0,0,0,0,0,0,0,0,0,0,0,0,0,0,0,0,0,0,0,0,0,0,0,0,0,0,0,0,0,0,0,0,0,0,0,0,0,0,0,0,0,0,0,0,0,0,0,0,0,0,0,0,0,0,0,0,0,0,0,0,0,0,0,0,0,0,0,0,0,0,0,0,0,0,0,0,0,0,0,0,0,0,0,0,0,0,0,0,0,0,0,0,0,0,0,0,0
STAT,popedge,Iterations,223,7380713,32544,31485,31419,32654,30322,31222,30651,31983,32161,32728,32936,32832,32408,32349,30590,32065,30222,32724,31846,32503,32944,30458,32439,31283,31283,29584,30192,31901,31422,34188,32266,32194,31104,31715,32881,31885,31069,29208,32052,30942,35569,35431,36672,34621,37462,35178,37088,37119,35136,34582,37073,33989,34626,36029,34812,35491,35940,36667,36062,35971,35359,30973,33010,30392,32486,33134,29689,31894,32182,30872,30760,32383,32589,31260,31324,30710,29053,29719,31298,29362,32161,32451,30606,32351,31177,31448,30716,31422,32160,29949,32869,32599,31872,33247,32611,31048,31852,32040,30767,31586,32006,35319,36857,34995,34647,35652,37528,33289,37180,34125,34926,35334,35396,36313,35325,34689,37631,35871,38093,36646,37823,38221,30702,33795,31339,32261,32109,30604,31446,33343,31899,32390,31835,32266,31886,30493,30892,31721,31331,32645,30079,31875,33398,32529,31842,31546,31659,31891,32541,33054,32064,30610,32005,31708,31922,32435,32849,31783,33322,30921,31968,31414,35403,37346,34688,36851,37912,36215,36282,35755,35525,37054,37279,37032,36365,36803,36593,34738,34690,36734,38121,35911,34549,34331,31868,32256,32283,34654,30713,31941,33159,33100,33505,33324,34430,31998,32508,32613,32211,29378,34014,33975,31597,32458,31676,33380,30969,32486,33214,32834,32507,32573,32939,33628,33669,32665,32476,34730,32591,33272,32419,31354,31378
STAT,refine,Conflicts,223,7072,98,110,108,99,93,104,106,98,74,86,77,86,88,88,78,62,73,61,63,68,68,62,66,76,61,61,72,62,64,70,60,44,56,39,32,41,49,39,46,39,36,38,41,34,32,31,46,39,41,56,40,52,56,44,32,40,47,40,39,40,34,24,25,30,25,21,17,26,21,19,22,23,22,27,17,24,18,18,19,12,31,19,20,19,25,18,15,32,20,17,20,19,19,21,19,21,13,25,23,25,13,21,24,16,23,15,19,31,25,21,28,24,22,29,20,27,22,28,19,28,18,23,15,23,27,23,20,21,15,24,24,21,17,20,12,20,25,15,15,22,17,17,18,19,23,23,15,21,18,15,18,23,22,14,33,19,8,21,25,15,16,16,26,17,25,16,18,24,29,19,23,31,24,22,25,21,13,22,25,25,22,22,23,21,23,17,21,22,26,12,25,16,13,23,29,15,22,26,17,19,13,21,22,26,23,23,31,16,22,14,22,18,24,20,16,23,19,17,24,22,15,13,22
STAT,refine,Iterations,223,138244,643,1001,951,886,599,718,684,652,650,630,616,721,676,788,850,616,467,596,574,673,648,639,597,570,635,611,632,520,727,624,590,565,397,663,493,509,666,516,630,524,557,580,632,381,505,397,528,398,640,943,667,923,713,637,711,581,641,624,535,582,549,540,734,893,684,602,494,706,550,647,699,583,658,599,565,602,464,533,514,530,794,510,539,537,563,573,656,734,582,538,591,537,679,661,478,562,359,537,687,531,597,605,696,537,504,600,730,840,466,685,1186,798,610,664,627,973,541,803,605,663,620,778,359,671,748,773,602,590,580,652,555,551,478,588,649,622,612,544,592,621,606,592,632,392,530,518,705,838,547,511,410,563,560,669,643,568,464,586,690,611,570,684,540,447,642,428,585,589,759,466,843,990,966,550,610,564,864,838,928,675,641,603,584,498,737,641,772,587,562,515,772,582,585,529,695,467,597,660,541,514,476,596,772,506,469,655,535,375,632,654,562,478,619,542,597,562,656,587,574,728,615,481,687
