Hello from MIC
Galois Benchmark Suite v2.2.0 (r0)
Copyright (C) 2013 The University of Texas at Austin
http://iss.ices.utexas.edu/galois/

application: GMetis
Partitions a graph into K parts and minimizing the graph cut
http://iss.ices.utexas.edu/?p=projects/galois/benchmarks/gMetis

INFO: CommandLine /work/02556/dpereira/MIC/apps/gmetis/gmetis -t=185 /work/02556/dpereira/Inputs/USA-road-d.W.gr 1024
INFO: Hostname c558-402-mic0.stampede.tacc.utexas.edu
Created Graph with 6262104 nodes and 15248146 edges
Nodes 6262104| Edges 15248146 7624073

  Starting coarsening: 
Time coarsen:  2620 Size of final graph: 21928

  Sarting initial partitioning using GGGP:
Size in decade percentages:  -1,71 -0,888 1,65
Time clustering:  1147

  Sarting refinnement with BKL2
Initial dist
Size in decade percentages:  -1,71 -0,888 1,65
Refined dist
Size in decade percentages:  -1,369 0,275 1,379 3,1
Time refinement:  1815


Time:  5763
Total edge cut : 31561

Part saved in : 0x7fff52f9b460
STATTYPE,LOOP,CATEGORY,n,sum,T0,T1,T2,T3,T4,T5,T6,T7,T8,T9,T10,T11,T12,T13,T14,T15,T16,T17,T18,T19,T20,T21,T22,T23,T24,T25,T26,T27,T28,T29,T30,T31,T32,T33,T34,T35,T36,T37,T38,T39,T40,T41,T42,T43,T44,T45,T46,T47,T48,T49,T50,T51,T52,T53,T54,T55,T56,T57,T58,T59,T60,T61,T62,T63,T64,T65,T66,T67,T68,T69,T70,T71,T72,T73,T74,T75,T76,T77,T78,T79,T80,T81,T82,T83,T84,T85,T86,T87,T88,T89,T90,T91,T92,T93,T94,T95,T96,T97,T98,T99,T100,T101,T102,T103,T104,T105,T106,T107,T108,T109,T110,T111,T112,T113,T114,T115,T116,T117,T118,T119,T120,T121,T122,T123,T124,T125,T126,T127,T128,T129,T130,T131,T132,T133,T134,T135,T136,T137,T138,T139,T140,T141,T142,T143,T144,T145,T146,T147,T148,T149,T150,T151,T152,T153,T154,T155,T156,T157,T158,T159,T160,T161,T162,T163,T164,T165,T166,T167,T168,T169,T170,T171,T172,T173,T174,T175,T176,T177,T178,T179,T180,T181,T182,T183,T184
STAT,(NULL),Coarsen,185,2620,2620,0,0,0,0,0,0,0,0,0,0,0,0,0,0,0,0,0,0,0,0,0,0,0,0,0,0,0,0,0,0,0,0,0,0,0,0,0,0,0,0,0,0,0,0,0,0,0,0,0,0,0,0,0,0,0,0,0,0,0,0,0,0,0,0,0,0,0,0,0,0,0,0,0,0,0,0,0,0,0,0,0,0,0,0,0,0,0,0,0,0,0,0,0,0,0,0,0,0,0,0,0,0,0,0,0,0,0,0,0,0,0,0,0,0,0,0,0,0,0,0,0,0,0,0,0,0,0,0,0,0,0,0,0,0,0,0,0,0,0,0,0,0,0,0,0,0,0,0,0,0,0,0,0,0,0,0,0,0,0,0,0,0,0,0,0,0,0,0,0,0,0,0,0,0,0,0,0,0,0,0,0,0,0,0
STAT,(NULL),Conflicts,185,0,0,0,0,0,0,0,0,0,0,0,0,0,0,0,0,0,0,0,0,0,0,0,0,0,0,0,0,0,0,0,0,0,0,0,0,0,0,0,0,0,0,0,0,0,0,0,0,0,0,0,0,0,0,0,0,0,0,0,0,0,0,0,0,0,0,0,0,0,0,0,0,0,0,0,0,0,0,0,0,0,0,0,0,0,0,0,0,0,0,0,0,0,0,0,0,0,0,0,0,0,0,0,0,0,0,0,0,0,0,0,0,0,0,0,0,0,0,0,0,0,0,0,0,0,0,0,0,0,0,0,0,0,0,0,0,0,0,0,0,0,0,0,0,0,0,0,0,0,0,0,0,0,0,0,0,0,0,0,0,0,0,0,0,0,0,0,0,0,0,0,0,0,0,0,0,0,0,0,0,0,0,0,0,0,0
STAT,(NULL),Iterations,185,2047,11,11,16,26,8,11,5,10,6,8,13,10,18,23,7,21,10,18,9,10,16,8,10,0,12,14,15,10,8,9,8,19,9,18,10,11,16,15,15,5,6,9,12,5,3,3,18,8,8,3,14,9,21,7,17,2,17,12,9,6,8,5,11,8,9,7,13,8,7,1,13,10,11,14,33,14,17,10,12,10,9,9,6,11,6,9,15,14,11,15,14,11,11,6,9,12,6,18,3,12,6,9,15,7,15,14,10,20,9,8,7,18,10,4,6,10,7,13,16,19,14,12,10,9,9,5,14,6,17,12,6,16,11,14,6,21,16,22,16,12,13,12,13,8,4,4,13,16,10,8,6,9,10,10,7,11,15,9,15,10,9,8,14,11,11,11,4,10,8,15,1,14,13,10,5,12,24,7,22,14,12,10,8,11,13
STAT,(NULL),MeminfoPost,185,756716,4093,4080,4115,4094,4102,4087,4098,4075,4096,4090,4106,4141,4121,4088,4086,4084,4077,4097,4098,4107,4097,4096,4102,4071,4084,4084,4103,4102,4083,4077,4083,4092,4080,4113,4096,4103,4086,4098,4074,4097,4091,4105,4144,4122,4085,4088,4083,4078,4096,4096,4106,4101,4096,4100,4072,4083,4085,4101,4103,4081,4078,4084,4090,4103,4084,4093,4126,4091,4085,4101,4097,4085,4091,4089,4085,4080,4091,4084,4068,4085,4094,4104,4088,4081,4088,4084,4076,4073,4077,4090,4083,4118,4114,4087,4077,4080,4091,4101,4076,4070,4070,4090,4095,4098,4103,4103,4085,4091,4073,4093,4079,4087,4082,4074,4069,4084,4069,4102,4077,4071,4105,4120,4113,4113,4085,4079,4082,4102,4072,4068,4087,4091,4098,4106,4087,4086,4086,4081,4084,4080,4071,4081,4072,4095,4072,4096,4119,4112,4117,4097,4080,4085,4070,4085,4092,4119,4118,4099,4114,4104,4076,4085,4092,4087,4086,4091,4074,4062,4083,4084,4109,4067,4068,4074,4082,4069,4101,4075,4086,4083,4094,4090,4095,4080,4091
STAT,(NULL),MeminfoPre,185,189136,1025,1012,1047,1026,1034,1019,1030,1007,1028,1022,1038,1073,1053,1020,1018,1016,1009,1029,1030,1039,1029,1028,1034,1003,1016,1016,1035,1034,1015,1009,1015,1024,1012,1045,1028,1035,1018,1030,1006,1029,1023,1037,1076,1054,1017,1020,1015,1010,1028,1028,1038,1033,1028,1032,1004,1015,1017,1033,1035,1013,1010,1016,1022,1035,1016,1025,1058,1023,1017,1033,1029,1017,1023,1021,1017,1012,1023,1016,1000,1017,1026,1036,1020,1013,1020,1016,1008,1005,1009,1022,1015,1050,1046,1019,1009,1012,1023,1033,1008,1002,1002,1022,1027,1030,1035,1035,1017,1023,1005,1025,1011,1019,1014,1006,1001,1016,1001,1034,1009,1003,1037,1052,1045,1045,1017,1011,1014,1034,1004,1000,1019,1023,1030,1038,1019,1018,1018,1013,1016,1012,1003,1013,1004,1027,1004,1028,1051,1044,1049,1029,1012,1017,1002,1017,1024,1051,1050,1031,1046,1036,1008,1017,1024,1019,1018,1023,1006,994,1015,1016,1041,999,1000,1006,1014,1001,1033,1007,1018,1015,1026,1022,1027,1012,1023
STAT,(NULL),Partition,185,1147,1147,0,0,0,0,0,0,0,0,0,0,0,0,0,0,0,0,0,0,0,0,0,0,0,0,0,0,0,0,0,0,0,0,0,0,0,0,0,0,0,0,0,0,0,0,0,0,0,0,0,0,0,0,0,0,0,0,0,0,0,0,0,0,0,0,0,0,0,0,0,0,0,0,0,0,0,0,0,0,0,0,0,0,0,0,0,0,0,0,0,0,0,0,0,0,0,0,0,0,0,0,0,0,0,0,0,0,0,0,0,0,0,0,0,0,0,0,0,0,0,0,0,0,0,0,0,0,0,0,0,0,0,0,0,0,0,0,0,0,0,0,0,0,0,0,0,0,0,0,0,0,0,0,0,0,0,0,0,0,0,0,0,0,0,0,0,0,0,0,0,0,0,0,0,0,0,0,0,0,0,0,0,0,0,0
STAT,(NULL),Refine,185,1815,1815,0,0,0,0,0,0,0,0,0,0,0,0,0,0,0,0,0,0,0,0,0,0,0,0,0,0,0,0,0,0,0,0,0,0,0,0,0,0,0,0,0,0,0,0,0,0,0,0,0,0,0,0,0,0,0,0,0,0,0,0,0,0,0,0,0,0,0,0,0,0,0,0,0,0,0,0,0,0,0,0,0,0,0,0,0,0,0,0,0,0,0,0,0,0,0,0,0,0,0,0,0,0,0,0,0,0,0,0,0,0,0,0,0,0,0,0,0,0,0,0,0,0,0,0,0,0,0,0,0,0,0,0,0,0,0,0,0,0,0,0,0,0,0,0,0,0,0,0,0,0,0,0,0,0,0,0,0,0,0,0,0,0,0,0,0,0,0,0,0,0,0,0,0,0,0,0,0,0,0,0,0,0,0,0
STAT,(NULL),Threads,185,185,185,0,0,0,0,0,0,0,0,0,0,0,0,0,0,0,0,0,0,0,0,0,0,0,0,0,0,0,0,0,0,0,0,0,0,0,0,0,0,0,0,0,0,0,0,0,0,0,0,0,0,0,0,0,0,0,0,0,0,0,0,0,0,0,0,0,0,0,0,0,0,0,0,0,0,0,0,0,0,0,0,0,0,0,0,0,0,0,0,0,0,0,0,0,0,0,0,0,0,0,0,0,0,0,0,0,0,0,0,0,0,0,0,0,0,0,0,0,0,0,0,0,0,0,0,0,0,0,0,0,0,0,0,0,0,0,0,0,0,0,0,0,0,0,0,0,0,0,0,0,0,0,0,0,0,0,0,0,0,0,0,0,0,0,0,0,0,0,0,0,0,0,0,0,0,0,0,0,0,0,0,0,0,0,0
STAT,(NULL),Time,185,5763,5763,0,0,0,0,0,0,0,0,0,0,0,0,0,0,0,0,0,0,0,0,0,0,0,0,0,0,0,0,0,0,0,0,0,0,0,0,0,0,0,0,0,0,0,0,0,0,0,0,0,0,0,0,0,0,0,0,0,0,0,0,0,0,0,0,0,0,0,0,0,0,0,0,0,0,0,0,0,0,0,0,0,0,0,0,0,0,0,0,0,0,0,0,0,0,0,0,0,0,0,0,0,0,0,0,0,0,0,0,0,0,0,0,0,0,0,0,0,0,0,0,0,0,0,0,0,0,0,0,0,0,0,0,0,0,0,0,0,0,0,0,0,0,0,0,0,0,0,0,0,0,0,0,0,0,0,0,0,0,0,0,0,0,0,0,0,0,0,0,0,0,0,0,0,0,0,0,0,0,0,0,0,0,0,0
STAT,match,Conflicts,185,5397,51,45,39,42,41,43,39,36,38,41,49,50,40,42,45,40,52,39,41,37,40,36,42,41,39,39,52,40,46,37,36,33,44,36,31,35,36,43,38,35,32,41,28,30,30,40,33,39,33,38,34,34,40,41,31,33,38,31,38,29,31,26,21,26,25,20,21,25,27,22,29,21,26,25,23,23,23,24,19,26,24,28,30,28,21,27,18,24,20,26,26,19,30,29,21,22,22,21,18,27,37,19,28,26,28,29,28,21,25,30,24,20,25,28,24,23,23,29,22,21,29,21,26,22,22,21,23,18,26,18,20,16,20,17,24,18,22,27,29,28,30,20,22,32,31,22,33,26,20,23,26,26,23,25,27,26,25,23,29,36,26,28,26,22,24,28,21,25,17,26,28,23,26,26,34,23,23,23,22,22,31,18,34,30,23
STAT,match,Iterations,185,14962738,49944,54090,74954,66561,80878,61479,54733,54282,58044,67115,55211,55102,65108,54196,54293,85100,71295,78260,71911,68962,62723,73230,78114,82148,72836,76425,48515,68615,70263,63885,61703,73967,71045,61076,87805,76451,51364,59204,69838,76536,78794,73111,67378,66098,73485,66006,68539,84614,58620,64788,80371,80080,66135,85267,74539,77738,77325,84836,49332,82217,88927,80837,92805,76660,91730,93848,81700,102218,66569,106187,61201,116111,93686,79923,82806,110477,94933,111639,98108,101112,92377,70980,95463,104140,90289,68536,102997,86809,75280,91679,77205,83781,84810,95245,91739,93108,92096,77157,102668,97552,83993,106090,76308,78685,102185,83349,92464,88523,61275,81905,109541,94817,85120,85750,88752,94761,82400,74285,100485,95024,64330,74746,84163,78193,84595,93410,74265,76425,105443,98475,90004,99429,102088,97639,90515,94683,123770,66979,87836,85271,113862,91483,93615,90060,77467,93199,92072,72155,91616,87394,81595,78297,80385,65622,104048,94743,65988,69335,81033,93824,62587,88898,83555,84229,76851,76595,83908,102363,78180,81625,92268,66119,63842,79982,60536,91113,72200,85969,87544,76047,66957,79151,74249,83670,76614
STAT,popedge,Conflicts,185,0,0,0,0,0,0,0,0,0,0,0,0,0,0,0,0,0,0,0,0,0,0,0,0,0,0,0,0,0,0,0,0,0,0,0,0,0,0,0,0,0,0,0,0,0,0,0,0,0,0,0,0,0,0,0,0,0,0,0,0,0,0,0,0,0,0,0,0,0,0,0,0,0,0,0,0,0,0,0,0,0,0,0,0,0,0,0,0,0,0,0,0,0,0,0,0,0,0,0,0,0,0,0,0,0,0,0,0,0,0,0,0,0,0,0,0,0,0,0,0,0,0,0,0,0,0,0,0,0,0,0,0,0,0,0,0,0,0,0,0,0,0,0,0,0,0,0,0,0,0,0,0,0,0,0,0,0,0,0,0,0,0,0,0,0,0,0,0,0,0,0,0,0,0,0,0,0,0,0,0,0,0,0,0,0,0
STAT,popedge,Iterations,185,7328543,36275,37038,38258,39232,38923,39388,41449,39360,40482,40521,40230,39299,38731,39117,41962,39378,41567,39882,40473,38620,39968,39182,38285,39538,39514,39413,40414,41641,40134,36698,38913,39149,38951,38831,38843,38644,40222,41270,41357,40785,39774,39472,38909,37965,39042,42177,40583,38790,39609,39385,37626,39006,40559,39709,40754,39178,38710,39197,39826,39838,38785,34912,37182,36099,37466,37024,36136,38797,36884,41201,38013,40526,35882,37535,38930,38113,40715,41171,39601,40398,39132,38066,37201,39255,39779,36813,38235,38193,40401,38529,35665,36684,37635,37040,38745,42644,41610,40946,41519,37944,41984,41339,38468,40101,40957,38654,39848,38364,40616,40128,41116,40589,39120,38551,41267,39659,41229,40088,40086,38363,39833,40074,35015,34688,39605,38536,38448,38243,36966,39416,42502,41878,40768,41001,38034,39561,44321,41161,40545,38469,40268,39421,38658,40101,37725,40793,37186,39408,37611,40425,39873,36392,41750,39307,41803,40012,41981,42624,40736,40991,42598,41818,40466,41489,41847,39253,43105,39580,40623,40810,39208,42705,42906,44771,41879,43174,42299,40356,39975,44166,41311,40636,41267,34977,37216
STAT,refine,Conflicts,185,5626,89,80,78,76,65,71,76,74,66,66,58,74,59,57,64,58,55,52,50,55,53,52,60,49,62,49,45,48,57,48,44,38,52,41,33,39,37,34,31,36,34,36,39,32,37,37,37,34,46,30,43,35,39,32,25,36,31,38,39,39,32,17,26,16,18,24,16,30,25,22,22,26,19,21,22,17,29,26,26,28,37,21,28,26,22,30,28,19,17,22,17,21,22,26,20,14,17,14,25,14,17,24,25,24,26,26,21,23,24,39,19,24,20,22,23,17,18,21,20,25,19,20,25,17,17,15,21,22,16,19,17,24,13,20,27,20,21,20,13,15,29,22,23,28,25,19,23,23,19,22,16,19,20,26,30,23,19,19,17,23,18,18,21,15,19,12,16,24,15,22,24,18,19,17,22,27,20,21,25,22,20,18,14,17,26
STAT,refine,Iterations,185,428525,2070,1787,2859,2057,2297,2178,2348,1616,2213,2386,2773,2782,2598,1842,1992,1992,2130,2637,2499,2441,1963,2854,2515,2107,2371,2160,1853,2378,1715,1839,2017,2447,2500,2304,2195,1841,1560,1963,1287,2436,2136,2206,2855,2469,2053,1750,2079,1836,1962,1770,2208,2449,1894,2095,1872,1717,2169,2210,2025,2018,2251,1949,2118,2449,2259,2346,2331,2482,1922,2986,2395,3026,3035,2316,2025,2721,3106,3225,2217,2972,3339,2426,2633,3166,2402,1874,2955,2625,2380,2355,2007,2580,3096,2618,2668,2306,2206,2075,2349,1626,2023,2564,2062,2326,2911,1831,2215,2037,1907,2796,2280,1854,2552,2156,2391,2260,1881,2722,2476,2468,2292,2839,2471,2273,2496,2384,2401,2439,1687,1701,2796,2880,2640,2998,2288,2390,3064,2124,2326,2186,3304,2363,2259,3059,2427,3050,2133,2701,3040,2516,1968,2038,2392,2629,3246,3142,2389,2030,2123,2651,1394,2541,2249,2045,2289,1702,1835,2576,1552,2068,2679,1726,1953,2367,2135,2257,2048,1918,2906,2264,2039,1866,2434,2053,2390
