Hello from MIC
Galois Benchmark Suite v2.2.0 (r0)
Copyright (C) 2013 The University of Texas at Austin
http://iss.ices.utexas.edu/galois/

application: GMetis
Partitions a graph into K parts and minimizing the graph cut
http://iss.ices.utexas.edu/?p=projects/galois/benchmarks/gMetis

INFO: CommandLine /work/02556/dpereira/MIC/apps/gmetis/gmetis -t=170 /work/02556/dpereira/Inputs/USA-road-d.W.gr 1024
INFO: Hostname c558-402-mic0.stampede.tacc.utexas.edu
Created Graph with 6262104 nodes and 15248146 edges
Nodes 6262104| Edges 15248146 7624073

  Starting coarsening: 
Time coarsen:  2433 Size of final graph: 21958

  Sarting initial partitioning using GGGP:
Size in decade percentages:  -1,71 -0,872 1,81
Time clustering:  1046

  Sarting refinnement with BKL2
Initial dist
Size in decade percentages:  -1,71 -0,872 1,81
Refined dist
Size in decade percentages:  -1,354 0,307 1,363
Time refinement:  1565


Time:  5224
Total edge cut : 31494

Part saved in : 0x7fff75c12ce0
STATTYPE,LOOP,CATEGORY,n,sum,T0,T1,T2,T3,T4,T5,T6,T7,T8,T9,T10,T11,T12,T13,T14,T15,T16,T17,T18,T19,T20,T21,T22,T23,T24,T25,T26,T27,T28,T29,T30,T31,T32,T33,T34,T35,T36,T37,T38,T39,T40,T41,T42,T43,T44,T45,T46,T47,T48,T49,T50,T51,T52,T53,T54,T55,T56,T57,T58,T59,T60,T61,T62,T63,T64,T65,T66,T67,T68,T69,T70,T71,T72,T73,T74,T75,T76,T77,T78,T79,T80,T81,T82,T83,T84,T85,T86,T87,T88,T89,T90,T91,T92,T93,T94,T95,T96,T97,T98,T99,T100,T101,T102,T103,T104,T105,T106,T107,T108,T109,T110,T111,T112,T113,T114,T115,T116,T117,T118,T119,T120,T121,T122,T123,T124,T125,T126,T127,T128,T129,T130,T131,T132,T133,T134,T135,T136,T137,T138,T139,T140,T141,T142,T143,T144,T145,T146,T147,T148,T149,T150,T151,T152,T153,T154,T155,T156,T157,T158,T159,T160,T161,T162,T163,T164,T165,T166,T167,T168,T169
STAT,(NULL),Coarsen,170,2433,2433,0,0,0,0,0,0,0,0,0,0,0,0,0,0,0,0,0,0,0,0,0,0,0,0,0,0,0,0,0,0,0,0,0,0,0,0,0,0,0,0,0,0,0,0,0,0,0,0,0,0,0,0,0,0,0,0,0,0,0,0,0,0,0,0,0,0,0,0,0,0,0,0,0,0,0,0,0,0,0,0,0,0,0,0,0,0,0,0,0,0,0,0,0,0,0,0,0,0,0,0,0,0,0,0,0,0,0,0,0,0,0,0,0,0,0,0,0,0,0,0,0,0,0,0,0,0,0,0,0,0,0,0,0,0,0,0,0,0,0,0,0,0,0,0,0,0,0,0,0,0,0,0,0,0,0,0,0,0,0,0,0,0,0,0,0,0,0,0,0
STAT,(NULL),Conflicts,170,0,0,0,0,0,0,0,0,0,0,0,0,0,0,0,0,0,0,0,0,0,0,0,0,0,0,0,0,0,0,0,0,0,0,0,0,0,0,0,0,0,0,0,0,0,0,0,0,0,0,0,0,0,0,0,0,0,0,0,0,0,0,0,0,0,0,0,0,0,0,0,0,0,0,0,0,0,0,0,0,0,0,0,0,0,0,0,0,0,0,0,0,0,0,0,0,0,0,0,0,0,0,0,0,0,0,0,0,0,0,0,0,0,0,0,0,0,0,0,0,0,0,0,0,0,0,0,0,0,0,0,0,0,0,0,0,0,0,0,0,0,0,0,0,0,0,0,0,0,0,0,0,0,0,0,0,0,0,0,0,0,0,0,0,0,0,0,0,0,0,0
STAT,(NULL),Iterations,170,2047,11,11,10,5,9,6,17,6,12,10,14,12,11,20,7,13,9,14,10,12,10,21,18,15,6,17,12,13,16,10,10,14,8,0,7,7,13,11,12,4,8,18,6,11,13,8,10,4,22,11,20,12,10,7,22,11,14,17,9,7,16,15,6,10,12,12,7,14,6,16,12,15,9,9,10,6,16,19,8,18,18,20,10,13,11,25,15,19,7,13,17,13,14,18,10,13,7,8,9,15,16,7,11,14,15,11,9,10,10,21,15,27,18,20,12,21,6,15,17,12,5,9,16,3,14,3,12,9,18,10,8,20,9,6,7,12,10,9,13,8,11,19,14,35,13,8,7,19,11,9,12,10,12,12,12,17,9,7,15,8,13,14,9,16,20,6,2,6,9,10
STAT,(NULL),MeminfoPost,170,756598,4455,4445,4463,4461,4459,4443,4449,4448,4454,4470,4497,4488,4441,4446,4446,4443,4457,4460,4467,4457,4460,4434,4444,4446,4463,4462,4439,4436,4455,4444,4458,4461,4459,4453,4455,4435,4458,4465,4472,4509,4460,4438,4444,4441,4456,4461,4466,4448,4468,4451,4434,4445,4459,4464,4444,4437,4443,4455,4456,4445,4462,4485,4442,4453,4462,4446,4452,4449,4444,4439,4458,4433,4429,4452,4461,4455,4443,4447,4442,4438,4433,4446,4436,4457,4481,4462,4438,4443,4439,4469,4434,4427,4431,4454,4456,4459,4465,4453,4451,4434,4457,4436,4444,4442,4434,4428,4444,4430,4458,4432,4457,4476,4479,4473,4442,4441,4456,4446,4425,4435,4453,4459,4463,4450,4445,4449,4438,4447,4431,4431,4438,4453,4433,4451,4477,4474,4480,4453,4439,4440,4434,4451,4465,4486,4463,4472,4469,4434,4445,4453,4443,4449,4440,4427,4441,4436,4465,4433,4425,4440,4428,4430,4461,4436,4448,4453,4449,4453,4441,4457
STAT,(NULL),MeminfoPre,170,189138,1117,1107,1125,1123,1121,1105,1111,1110,1116,1132,1159,1150,1103,1108,1108,1105,1119,1122,1129,1119,1122,1096,1106,1108,1125,1124,1101,1098,1117,1106,1120,1123,1121,1115,1117,1097,1120,1127,1134,1171,1122,1100,1106,1103,1118,1123,1128,1110,1130,1113,1096,1107,1121,1126,1106,1099,1105,1117,1118,1107,1124,1147,1104,1115,1124,1108,1114,1111,1106,1101,1120,1095,1091,1114,1123,1117,1105,1109,1104,1100,1095,1108,1098,1119,1143,1124,1100,1105,1101,1131,1096,1089,1093,1116,1118,1121,1127,1115,1113,1096,1119,1098,1106,1104,1096,1090,1106,1092,1120,1094,1119,1138,1141,1135,1104,1103,1118,1108,1087,1097,1115,1121,1125,1112,1107,1111,1100,1109,1093,1093,1100,1115,1095,1113,1139,1136,1142,1115,1101,1102,1096,1113,1127,1148,1125,1134,1131,1096,1107,1115,1105,1111,1102,1089,1103,1098,1127,1095,1087,1102,1090,1092,1123,1098,1110,1115,1111,1115,1103,1119
STAT,(NULL),Partition,170,1046,1046,0,0,0,0,0,0,0,0,0,0,0,0,0,0,0,0,0,0,0,0,0,0,0,0,0,0,0,0,0,0,0,0,0,0,0,0,0,0,0,0,0,0,0,0,0,0,0,0,0,0,0,0,0,0,0,0,0,0,0,0,0,0,0,0,0,0,0,0,0,0,0,0,0,0,0,0,0,0,0,0,0,0,0,0,0,0,0,0,0,0,0,0,0,0,0,0,0,0,0,0,0,0,0,0,0,0,0,0,0,0,0,0,0,0,0,0,0,0,0,0,0,0,0,0,0,0,0,0,0,0,0,0,0,0,0,0,0,0,0,0,0,0,0,0,0,0,0,0,0,0,0,0,0,0,0,0,0,0,0,0,0,0,0,0,0,0,0,0,0
STAT,(NULL),Refine,170,1565,1565,0,0,0,0,0,0,0,0,0,0,0,0,0,0,0,0,0,0,0,0,0,0,0,0,0,0,0,0,0,0,0,0,0,0,0,0,0,0,0,0,0,0,0,0,0,0,0,0,0,0,0,0,0,0,0,0,0,0,0,0,0,0,0,0,0,0,0,0,0,0,0,0,0,0,0,0,0,0,0,0,0,0,0,0,0,0,0,0,0,0,0,0,0,0,0,0,0,0,0,0,0,0,0,0,0,0,0,0,0,0,0,0,0,0,0,0,0,0,0,0,0,0,0,0,0,0,0,0,0,0,0,0,0,0,0,0,0,0,0,0,0,0,0,0,0,0,0,0,0,0,0,0,0,0,0,0,0,0,0,0,0,0,0,0,0,0,0,0,0
STAT,(NULL),Threads,170,170,170,0,0,0,0,0,0,0,0,0,0,0,0,0,0,0,0,0,0,0,0,0,0,0,0,0,0,0,0,0,0,0,0,0,0,0,0,0,0,0,0,0,0,0,0,0,0,0,0,0,0,0,0,0,0,0,0,0,0,0,0,0,0,0,0,0,0,0,0,0,0,0,0,0,0,0,0,0,0,0,0,0,0,0,0,0,0,0,0,0,0,0,0,0,0,0,0,0,0,0,0,0,0,0,0,0,0,0,0,0,0,0,0,0,0,0,0,0,0,0,0,0,0,0,0,0,0,0,0,0,0,0,0,0,0,0,0,0,0,0,0,0,0,0,0,0,0,0,0,0,0,0,0,0,0,0,0,0,0,0,0,0,0,0,0,0,0,0,0,0
STAT,(NULL),Time,170,5224,5224,0,0,0,0,0,0,0,0,0,0,0,0,0,0,0,0,0,0,0,0,0,0,0,0,0,0,0,0,0,0,0,0,0,0,0,0,0,0,0,0,0,0,0,0,0,0,0,0,0,0,0,0,0,0,0,0,0,0,0,0,0,0,0,0,0,0,0,0,0,0,0,0,0,0,0,0,0,0,0,0,0,0,0,0,0,0,0,0,0,0,0,0,0,0,0,0,0,0,0,0,0,0,0,0,0,0,0,0,0,0,0,0,0,0,0,0,0,0,0,0,0,0,0,0,0,0,0,0,0,0,0,0,0,0,0,0,0,0,0,0,0,0,0,0,0,0,0,0,0,0,0,0,0,0,0,0,0,0,0,0,0,0,0,0,0,0,0,0,0
STAT,match,Conflicts,170,5838,48,55,55,45,54,47,47,60,49,45,52,46,45,45,46,39,35,44,48,45,45,44,48,48,44,53,41,44,42,60,44,43,36,35,34,39,50,36,54,50,34,46,38,48,36,32,47,44,44,40,36,30,41,39,40,40,40,33,36,38,35,34,23,25,27,24,29,31,23,34,25,27,27,27,29,27,34,31,26,24,33,30,30,26,33,24,32,32,31,27,22,35,32,25,31,32,31,32,31,43,29,30,25,28,32,25,33,34,26,37,30,32,35,22,34,32,30,30,24,22,29,26,25,25,20,30,27,32,24,29,33,25,34,25,29,24,30,29,24,31,26,19,33,29,24,30,25,37,29,26,38,24,32,34,32,28,25,31,36,29,38,30,26,38,35,37,25,29,26,30
STAT,match,Iterations,170,14976357,56820,68720,82065,72149,52980,74414,70398,73088,77967,69635,67472,74200,84644,60399,72533,69654,71773,76528,76377,74919,63664,86195,75195,76928,53646,80166,93139,69433,85331,61612,74065,74380,82311,62575,74344,67777,59582,81374,74590,74491,83837,68354,90758,76814,86423,82061,67843,76425,96404,88628,109311,100854,96169,92531,104164,97186,85119,99432,90504,87980,86720,91451,86450,83009,94378,101104,87771,72534,103861,94118,87425,96424,84938,99760,92774,88315,82709,84906,86230,98287,85662,91109,76681,93753,107743,97681,113194,101605,75576,96071,112345,95927,93438,95721,97089,99118,92153,86881,99538,93754,91859,111835,110247,80080,79458,98586,80452,80457,88699,98250,109066,98508,94855,107914,116131,108034,106021,117814,131308,103831,87735,97537,100665,76136,106613,93383,97186,67224,110630,78098,80884,86499,92219,99207,96427,84974,82007,96428,110615,90512,86170,72699,87457,101955,89901,98770,98907,71144,83913,100761,92341,89234,93625,98279,105477,88273,91459,102894,71438,83801,90287,95413,89655,87784,99644,80849,86457,88112,120226,94515
STAT,popedge,Conflicts,170,0,0,0,0,0,0,0,0,0,0,0,0,0,0,0,0,0,0,0,0,0,0,0,0,0,0,0,0,0,0,0,0,0,0,0,0,0,0,0,0,0,0,0,0,0,0,0,0,0,0,0,0,0,0,0,0,0,0,0,0,0,0,0,0,0,0,0,0,0,0,0,0,0,0,0,0,0,0,0,0,0,0,0,0,0,0,0,0,0,0,0,0,0,0,0,0,0,0,0,0,0,0,0,0,0,0,0,0,0,0,0,0,0,0,0,0,0,0,0,0,0,0,0,0,0,0,0,0,0,0,0,0,0,0,0,0,0,0,0,0,0,0,0,0,0,0,0,0,0,0,0,0,0,0,0,0,0,0,0,0,0,0,0,0,0,0,0,0,0,0,0
STAT,popedge,Iterations,170,7335951,38235,40098,39852,39429,40786,42683,40971,40589,41734,39648,40551,38138,40970,41265,39614,42719,40417,40856,40695,41291,42472,41908,44577,42629,42647,44888,43763,45334,45109,44681,43997,43392,43098,44367,43490,43054,43017,42951,41799,42784,42417,42916,39974,43890,43339,41264,42002,40679,52051,49142,51536,47635,46009,50324,47111,48413,51739,45450,47551,46646,49066,37886,39128,38618,38934,38546,38464,42158,40717,40095,40538,40852,37305,39959,39874,39326,39584,40653,41810,40829,40548,40566,44844,40269,42073,40401,41954,44835,44125,44228,42494,43916,44485,44833,43432,42047,42495,42938,42750,41996,41692,45605,43706,43727,44695,43075,42249,42951,41575,50845,50036,50770,51745,49681,51814,47889,49606,51769,49173,49732,49760,49335,39170,40180,40150,39995,38947,40039,39940,40217,41146,41554,42180,38607,41443,40852,39273,40124,42331,41428,40083,42580,42504,45790,43355,43841,44030,46547,45235,44167,45735,43284,43091,42857,43334,42681,42451,41641,46386,43193,43174,42457,43086,42484,43166,44733,44365,42420,45318,42800
STAT,refine,Conflicts,170,5502,101,101,78,91,78,64,70,73,62,70,66,64,61,51,63,51,50,56,48,56,50,52,53,46,41,46,43,42,47,59,56,40,37,31,48,42,41,38,41,38,36,33,33,40,44,37,38,45,42,40,36,39,26,39,22,42,24,40,37,33,35,25,19,21,42,22,17,25,24,22,30,22,27,21,26,25,19,16,18,21,34,26,26,29,23,17,17,22,17,18,17,26,31,21,15,28,22,23,22,25,19,27,21,19,25,20,24,25,28,25,33,23,31,23,24,19,34,16,27,28,29,31,30,17,24,27,22,21,22,24,26,27,15,21,17,30,25,28,21,20,21,17,23,16,17,20,14,27,12,20,22,23,22,16,22,17,19,23,20,26,27,25,24,10,29,21,26,17,26,25
STAT,refine,Iterations,170,429110,2242,1793,2336,1966,1734,1720,2146,2485,2420,2457,3000,2326,1986,1655,2212,1730,1563,2322,2599,2260,2193,2799,1766,2629,2174,2262,2278,2313,2364,2078,2091,1930,2216,1712,2255,1550,2271,2274,2449,2873,2801,2136,1801,2298,2351,2345,2333,2447,3444,3233,3299,2882,2764,3303,2318,2713,2374,3031,2810,2369,3053,2701,2111,2297,2946,1868,2228,2301,2670,2350,2805,2782,2465,2675,2519,2628,2227,2195,2369,2949,2640,2792,3155,2545,3344,2853,2084,2568,2466,2803,1562,2158,2509,2888,1884,3150,2559,2494,2559,2610,2934,3205,2572,2095,2581,2472,2710,2303,3054,3052,3557,3681,4156,3429,4108,2609,3496,2518,2833,2778,3394,3661,2442,1583,2796,2456,1781,2100,2275,2341,2392,2974,2647,2615,2724,2551,2711,2660,2602,2177,2857,2004,2994,3295,2302,3196,2639,1939,2218,2683,2495,1834,2092,2296,2668,1749,2612,2772,1921,2340,2755,3156,2794,2009,2697,2614,2244,2625,3351,2691
