Hello from MIC
Galois Benchmark Suite v2.2.0 (r0)
Copyright (C) 2013 The University of Texas at Austin
http://iss.ices.utexas.edu/galois/

application: GMetis
Partitions a graph into K parts and minimizing the graph cut
http://iss.ices.utexas.edu/?p=projects/galois/benchmarks/gMetis

INFO: CommandLine /work/02556/dpereira/MIC/apps/gmetis/gmetis -t=33 /work/02556/dpereira/Inputs/USA-road-d.W.gr 128
INFO: Hostname c557-901-mic0.stampede.tacc.utexas.edu
Created Graph with 6262104 nodes and 15248146 edges
Nodes 6262104| Edges 15248146 7624073

  Starting coarsening: 
Time coarsen:  3371 Size of final graph: 2974

  Sarting initial partitioning using GGGP:
Size in decade percentages:  -1,5 -0,119 1,4
Time clustering:  396

  Sarting refinnement with BKL2
Initial dist
Size in decade percentages:  -1,5 -0,119 1,4
Refined dist
Size in decade percentages:  -1,43 -0,43 1,42
Time refinement:  615


Time:  4559
Total edge cut : 8356

Part saved in : 0x7fffc32dfc60
STATTYPE,LOOP,CATEGORY,n,sum,T0,T1,T2,T3,T4,T5,T6,T7,T8,T9,T10,T11,T12,T13,T14,T15,T16,T17,T18,T19,T20,T21,T22,T23,T24,T25,T26,T27,T28,T29,T30,T31,T32
STAT,(NULL),Coarsen,33,3371,3371,0,0,0,0,0,0,0,0,0,0,0,0,0,0,0,0,0,0,0,0,0,0,0,0,0,0,0,0,0,0,0,0
STAT,(NULL),Conflicts,33,0,0,0,0,0,0,0,0,0,0,0,0,0,0,0,0,0,0,0,0,0,0,0,0,0,0,0,0,0,0,0,0,0,0
STAT,(NULL),Iterations,33,255,12,12,9,7,6,4,8,8,4,4,10,6,4,13,6,15,5,10,11,9,5,6,3,8,9,5,10,11,3,7,5,11,9
STAT,(NULL),MeminfoPost,33,756177,22942,22927,22970,22963,22914,22888,22928,23026,22902,22924,22910,22961,22917,22881,22904,22864,22935,22864,22944,22883,22858,22948,22906,22908,22874,22862,22987,22944,22953,22850,22853,22873,22914
STAT,(NULL),MeminfoPre,33,189039,5756,5741,5784,5777,5728,5702,5742,5840,5716,5738,5724,5775,5731,5695,5718,5678,5749,5678,5758,5697,5672,5762,5720,5722,5688,5676,5801,5758,5767,5664,5667,5687,5728
STAT,(NULL),Partition,33,396,396,0,0,0,0,0,0,0,0,0,0,0,0,0,0,0,0,0,0,0,0,0,0,0,0,0,0,0,0,0,0,0,0
STAT,(NULL),Refine,33,615,615,0,0,0,0,0,0,0,0,0,0,0,0,0,0,0,0,0,0,0,0,0,0,0,0,0,0,0,0,0,0,0,0
STAT,(NULL),Threads,33,33,33,0,0,0,0,0,0,0,0,0,0,0,0,0,0,0,0,0,0,0,0,0,0,0,0,0,0,0,0,0,0,0,0
STAT,(NULL),Time,33,4559,4559,0,0,0,0,0,0,0,0,0,0,0,0,0,0,0,0,0,0,0,0,0,0,0,0,0,0,0,0,0,0,0,0
STAT,match,Conflicts,33,3792,243,157,145,138,135,117,118,145,110,86,76,75,83,83,109,115,79,97,85,66,75,102,97,56,87,89,100,97,84,117,168,250,208
STAT,match,Iterations,33,14960329,429252,453181,439059,432960,469691,456678,420621,425789,443200,450191,455250,414603,428004,465342,449242,460366,443934,473293,458207,459698,489495,431559,455934,445871,475050,489622,435412,460596,468113,490473,474762,476161,438720
STAT,popedge,Conflicts,33,0,0,0,0,0,0,0,0,0,0,0,0,0,0,0,0,0,0,0,0,0,0,0,0,0,0,0,0,0,0,0,0,0,0
STAT,popedge,Iterations,33,7332092,218455,222284,216124,213428,221030,222398,199987,212259,212842,217260,221832,200716,200165,216395,217326,216694,218380,230072,222820,229587,228526,226068,218968,221044,221389,220230,213453,222775,244547,245006,251115,244575,244342
STAT,refine,Conflicts,33,2040,115,96,91,97,70,71,73,80,62,50,57,59,66,66,67,73,68,36,62,57,53,54,51,55,52,52,61,49,29,39,47,41,41
STAT,refine,Iterations,33,135460,3652,3689,4777,3901,3571,3418,3427,5116,4456,3443,4812,4303,3997,3849,4144,4036,4333,3898,4727,4526,3885,5232,3516,4430,3743,3839,4157,3726,3877,3027,4045,4409,5499
