Hello from MIC
Galois Benchmark Suite v2.2.0 (r0)
Copyright (C) 2013 The University of Texas at Austin
http://iss.ices.utexas.edu/galois/

application: GMetis
Partitions a graph into K parts and minimizing the graph cut
http://iss.ices.utexas.edu/?p=projects/galois/benchmarks/gMetis

INFO: CommandLine /work/02556/dpereira/MIC/apps/gmetis/gmetis -t=36 /work/02556/dpereira/Inputs/USA-road-d.W.gr 128
INFO: Hostname c557-901-mic0.stampede.tacc.utexas.edu
Created Graph with 6262104 nodes and 15248146 edges
Nodes 6262104| Edges 15248146 7624073

  Starting coarsening: 
Time coarsen:  3187 Size of final graph: 2963

  Sarting initial partitioning using GGGP:
Size in decade percentages:  -1,7 -0,116 1,5
Time clustering:  393

  Sarting refinnement with BKL2
Initial dist
Size in decade percentages:  -1,7 -0,116 1,5
Refined dist
Size in decade percentages:  -1,41 -0,42 1,45
Time refinement:  596


Time:  4352
Total edge cut : 7948

Part saved in : 0x7fff2342de60
STATTYPE,LOOP,CATEGORY,n,sum,T0,T1,T2,T3,T4,T5,T6,T7,T8,T9,T10,T11,T12,T13,T14,T15,T16,T17,T18,T19,T20,T21,T22,T23,T24,T25,T26,T27,T28,T29,T30,T31,T32,T33,T34,T35
STAT,(NULL),Coarsen,36,3187,3187,0,0,0,0,0,0,0,0,0,0,0,0,0,0,0,0,0,0,0,0,0,0,0,0,0,0,0,0,0,0,0,0,0,0,0
STAT,(NULL),Conflicts,36,0,0,0,0,0,0,0,0,0,0,0,0,0,0,0,0,0,0,0,0,0,0,0,0,0,0,0,0,0,0,0,0,0,0,0,0,0
STAT,(NULL),Iterations,36,255,12,9,6,6,6,9,3,5,7,4,7,10,3,13,12,8,4,7,9,5,4,7,5,7,6,10,6,8,9,7,5,8,14,6,4,4
STAT,(NULL),MeminfoPost,36,756138,21038,21005,21078,21035,20986,20998,21033,21004,21087,21030,20986,21002,21037,21019,20989,20987,20961,21012,21006,20945,21033,20966,20945,21044,21003,20985,20984,20952,21068,20969,21102,20986,20942,20953,20961,21007
STAT,(NULL),MeminfoPre,36,189030,5285,5252,5325,5282,5233,5245,5280,5251,5334,5277,5233,5249,5284,5266,5236,5234,5208,5259,5253,5192,5280,5213,5192,5291,5250,5232,5231,5199,5315,5216,5349,5233,5189,5200,5208,5254
STAT,(NULL),Partition,36,393,393,0,0,0,0,0,0,0,0,0,0,0,0,0,0,0,0,0,0,0,0,0,0,0,0,0,0,0,0,0,0,0,0,0,0,0
STAT,(NULL),Refine,36,596,596,0,0,0,0,0,0,0,0,0,0,0,0,0,0,0,0,0,0,0,0,0,0,0,0,0,0,0,0,0,0,0,0,0,0,0
STAT,(NULL),Threads,36,36,36,0,0,0,0,0,0,0,0,0,0,0,0,0,0,0,0,0,0,0,0,0,0,0,0,0,0,0,0,0,0,0,0,0,0,0
STAT,(NULL),Time,36,4352,4352,0,0,0,0,0,0,0,0,0,0,0,0,0,0,0,0,0,0,0,0,0,0,0,0,0,0,0,0,0,0,0,0,0,0,0
STAT,match,Conflicts,36,5684,413,305,297,247,240,298,255,183,256,184,185,258,100,99,111,109,107,104,102,83,90,116,101,60,134,119,86,92,95,98,112,128,114,124,140,139
STAT,match,Iterations,36,14927450,374725,397340,380476,407480,422464,403953,395444,408455,403442,399931,414526,408779,411269,407430,411503,420540,432336,409738,419333,438694,419249,428991,441797,431279,408049,430512,405069,414158,393824,428051,405284,427988,448222,444272,427811,405036
STAT,popedge,Conflicts,36,0,0,0,0,0,0,0,0,0,0,0,0,0,0,0,0,0,0,0,0,0,0,0,0,0,0,0,0,0,0,0,0,0,0,0,0,0
STAT,popedge,Iterations,36,7312690,199992,206819,197785,197403,205171,207870,200230,201560,194062,194224,202070,206107,184421,182636,188594,196018,195487,197368,207215,205276,200374,210970,204517,199452,200908,200750,205896,200541,197250,193330,213888,222477,223326,219193,227515,221995
STAT,refine,Conflicts,36,2159,116,102,94,87,85,71,70,70,91,52,49,68,81,58,61,70,57,54,48,34,48,42,60,52,56,57,47,44,51,49,47,33,40,34,37,44
STAT,refine,Iterations,36,128928,4474,2913,3708,3627,2949,3174,4268,3319,3823,3900,3050,3069,3349,3100,3518,3120,3545,3606,4630,3190,4002,3246,3593,4079,4063,3165,3313,3912,4144,2941,4765,3342,2916,3359,3211,4545
