Hello from MIC
Galois Benchmark Suite v2.2.0 (r0)
Copyright (C) 2013 The University of Texas at Austin
http://iss.ices.utexas.edu/galois/

application: GMetis
Partitions a graph into K parts and minimizing the graph cut
http://iss.ices.utexas.edu/?p=projects/galois/benchmarks/gMetis

INFO: CommandLine /work/02556/dpereira/MIC/apps/gmetis/gmetis -t=70 /work/02556/dpereira/Inputs/USA-road-d.W.gr 16
INFO: Hostname c557-903-mic0.stampede.tacc.utexas.edu
Created Graph with 6262104 nodes and 15248146 edges
Nodes 6262104| Edges 15248146 7624073

  Starting coarsening: 
Time coarsen:  2464 Size of final graph: 427

  Sarting initial partitioning using GGGP:
Size in decade percentages:  -0,16
Time clustering:  360

  Sarting refinnement with BKL2
Initial dist
Size in decade percentages:  -0,16
Refined dist
Size in decade percentages:  -1,5 -0,7 1,4
Time refinement:  896


Time:  3895
Total edge cut : 2055

Part saved in : 0x7fff9eecafe0
STATTYPE,LOOP,CATEGORY,n,sum,T0,T1,T2,T3,T4,T5,T6,T7,T8,T9,T10,T11,T12,T13,T14,T15,T16,T17,T18,T19,T20,T21,T22,T23,T24,T25,T26,T27,T28,T29,T30,T31,T32,T33,T34,T35,T36,T37,T38,T39,T40,T41,T42,T43,T44,T45,T46,T47,T48,T49,T50,T51,T52,T53,T54,T55,T56,T57,T58,T59,T60,T61,T62,T63,T64,T65,T66,T67,T68,T69
STAT,(NULL),Coarsen,70,2464,2464,0,0,0,0,0,0,0,0,0,0,0,0,0,0,0,0,0,0,0,0,0,0,0,0,0,0,0,0,0,0,0,0,0,0,0,0,0,0,0,0,0,0,0,0,0,0,0,0,0,0,0,0,0,0,0,0,0,0,0,0,0,0,0,0,0,0,0,0,0
STAT,(NULL),Conflicts,70,0,0,0,0,0,0,0,0,0,0,0,0,0,0,0,0,0,0,0,0,0,0,0,0,0,0,0,0,0,0,0,0,0,0,0,0,0,0,0,0,0,0,0,0,0,0,0,0,0,0,0,0,0,0,0,0,0,0,0,0,0,0,0,0,0,0,0,0,0,0,0
STAT,(NULL),Iterations,70,31,5,0,0,0,0,0,0,0,0,0,3,0,0,0,0,0,0,0,1,1,0,0,0,0,0,0,0,0,0,0,0,0,0,0,0,0,1,0,1,0,0,4,1,3,0,0,0,4,0,0,0,2,0,2,0,0,0,0,0,0,0,0,3,0,0,0,0,0,0,0
STAT,(NULL),MeminfoPost,70,756351,10808,10831,10799,10819,10891,10786,10805,10827,10811,10796,10815,10788,10817,10818,10796,10834,10883,10785,10819,10828,10792,10809,10800,10803,10808,10832,10823,10799,10782,10781,10817,10801,10776,10779,10834,10799,10811,10756,10799,10834,10797,10786,10778,10772,10787,10810,10868,10783,10786,10793,10824,10794,10780,10763,10784,10865,10833,10771,10832,10859,10809,10797,10792,10761,10800,10773,10772,10779,10809,10803
STAT,(NULL),MeminfoPre,70,189071,2704,2727,2695,2715,2787,2682,2701,2723,2707,2692,2711,2684,2713,2714,2692,2730,2779,2681,2715,2724,2688,2705,2696,2699,2704,2728,2719,2695,2678,2677,2713,2697,2672,2675,2730,2695,2707,2652,2695,2730,2693,2682,2674,2668,2683,2706,2764,2679,2682,2689,2720,2690,2676,2659,2680,2761,2729,2667,2728,2755,2705,2693,2688,2657,2696,2669,2668,2675,2705,2699
STAT,(NULL),Partition,70,360,360,0,0,0,0,0,0,0,0,0,0,0,0,0,0,0,0,0,0,0,0,0,0,0,0,0,0,0,0,0,0,0,0,0,0,0,0,0,0,0,0,0,0,0,0,0,0,0,0,0,0,0,0,0,0,0,0,0,0,0,0,0,0,0,0,0,0,0,0,0
STAT,(NULL),Refine,70,896,896,0,0,0,0,0,0,0,0,0,0,0,0,0,0,0,0,0,0,0,0,0,0,0,0,0,0,0,0,0,0,0,0,0,0,0,0,0,0,0,0,0,0,0,0,0,0,0,0,0,0,0,0,0,0,0,0,0,0,0,0,0,0,0,0,0,0,0,0,0
STAT,(NULL),Threads,70,70,70,0,0,0,0,0,0,0,0,0,0,0,0,0,0,0,0,0,0,0,0,0,0,0,0,0,0,0,0,0,0,0,0,0,0,0,0,0,0,0,0,0,0,0,0,0,0,0,0,0,0,0,0,0,0,0,0,0,0,0,0,0,0,0,0,0,0,0,0,0
STAT,(NULL),Time,70,3895,3895,0,0,0,0,0,0,0,0,0,0,0,0,0,0,0,0,0,0,0,0,0,0,0,0,0,0,0,0,0,0,0,0,0,0,0,0,0,0,0,0,0,0,0,0,0,0,0,0,0,0,0,0,0,0,0,0,0,0,0,0,0,0,0,0,0,0,0,0,0
STAT,match,Conflicts,70,5703,199,161,139,170,147,171,110,156,117,84,84,79,81,83,67,73,85,88,65,71,74,70,76,76,83,80,67,62,71,75,73,49,83,69,97,57,80,74,81,72,70,68,86,57,64,58,55,57,66,61,65,76,68,61,47,51,59,64,65,58,72,70,73,64,78,72,89,64,87,79
STAT,match,Iterations,70,14983073,176547,183601,196371,167604,179251,178331,181957,173951,187271,218055,216645,217873,212302,210280,212798,209459,191747,229706,218123,205736,225234,228306,231679,207540,209436,209885,218744,227265,222541,225617,204619,232818,222330,233250,200402,230681,213674,248880,216040,217637,220887,238198,230764,237630,216336,217421,209382,244014,217693,222527,213160,228073,227603,226034,219085,201061,222000,228166,208785,223891,220850,210047,209475,229236,202003,221030,208376,215283,199416,220461
STAT,popedge,Conflicts,70,0,0,0,0,0,0,0,0,0,0,0,0,0,0,0,0,0,0,0,0,0,0,0,0,0,0,0,0,0,0,0,0,0,0,0,0,0,0,0,0,0,0,0,0,0,0,0,0,0,0,0,0,0,0,0,0,0,0,0,0,0,0,0,0,0,0,0,0,0,0,0
STAT,popedge,Iterations,70,7342009,97078,94832,95874,96488,95337,99312,98260,94906,97373,109053,109198,110279,106232,105627,110552,105273,103223,108712,104030,106522,111007,108050,112013,104849,97920,97321,97176,99578,107196,109414,105344,104361,110536,104734,105443,109870,112728,114610,112773,110265,108620,112597,111582,112680,105975,110314,104528,105538,110997,110585,104956,108001,108971,107662,108790,103588,102486,101545,109105,115198,119872,98356,94715,98058,94137,94780,98509,101143,99267,96105
STAT,refine,Conflicts,70,3988,161,144,143,138,108,108,127,108,78,63,84,73,87,81,86,58,55,57,54,47,53,74,58,69,65,66,60,61,70,63,65,32,40,33,39,30,29,28,39,32,36,29,31,48,40,44,32,48,62,49,46,48,37,43,35,25,52,55,36,43,29,32,29,23,33,31,24,26,33,23
STAT,refine,Iterations,70,41791,747,828,695,684,523,418,562,464,564,560,990,545,631,588,475,543,530,390,457,306,445,788,747,622,476,521,349,699,782,447,664,481,482,642,593,705,586,376,650,522,503,766,392,812,781,766,651,752,506,806,642,593,387,762,531,732,756,564,913,712,519,592,651,571,633,461,317,478,480,685
