Hello from MIC
Galois Benchmark Suite v2.2.0 (r0)
Copyright (C) 2013 The University of Texas at Austin
http://iss.ices.utexas.edu/galois/

application: GMetis
Partitions a graph into K parts and minimizing the graph cut
http://iss.ices.utexas.edu/?p=projects/galois/benchmarks/gMetis

INFO: CommandLine /work/02556/dpereira/MIC/apps/gmetis/gmetis -t=181 /work/02556/dpereira/Inputs/USA-road-d.W.gr 16
INFO: Hostname c558-002-mic0.stampede.tacc.utexas.edu
Created Graph with 6262104 nodes and 15248146 edges
Nodes 6262104| Edges 15248146 7624073

  Starting coarsening: 
Time coarsen:  3656 Size of final graph: 445

  Sarting initial partitioning using GGGP:
Size in decade percentages:  -1,1 -0,15
Time clustering:  373

  Sarting refinnement with BKL2
Initial dist
Size in decade percentages:  -1,1 -0,15
Refined dist
Size in decade percentages:  -1,6 0,5 1,5
Time refinement:  2286


Time:  6495
Total edge cut : 1842

Part saved in : 0x7fffed7c96e0
STATTYPE,LOOP,CATEGORY,n,sum,T0,T1,T2,T3,T4,T5,T6,T7,T8,T9,T10,T11,T12,T13,T14,T15,T16,T17,T18,T19,T20,T21,T22,T23,T24,T25,T26,T27,T28,T29,T30,T31,T32,T33,T34,T35,T36,T37,T38,T39,T40,T41,T42,T43,T44,T45,T46,T47,T48,T49,T50,T51,T52,T53,T54,T55,T56,T57,T58,T59,T60,T61,T62,T63,T64,T65,T66,T67,T68,T69,T70,T71,T72,T73,T74,T75,T76,T77,T78,T79,T80,T81,T82,T83,T84,T85,T86,T87,T88,T89,T90,T91,T92,T93,T94,T95,T96,T97,T98,T99,T100,T101,T102,T103,T104,T105,T106,T107,T108,T109,T110,T111,T112,T113,T114,T115,T116,T117,T118,T119,T120,T121,T122,T123,T124,T125,T126,T127,T128,T129,T130,T131,T132,T133,T134,T135,T136,T137,T138,T139,T140,T141,T142,T143,T144,T145,T146,T147,T148,T149,T150,T151,T152,T153,T154,T155,T156,T157,T158,T159,T160,T161,T162,T163,T164,T165,T166,T167,T168,T169,T170,T171,T172,T173,T174,T175,T176,T177,T178,T179,T180
STAT,(NULL),Coarsen,181,3656,3656,0,0,0,0,0,0,0,0,0,0,0,0,0,0,0,0,0,0,0,0,0,0,0,0,0,0,0,0,0,0,0,0,0,0,0,0,0,0,0,0,0,0,0,0,0,0,0,0,0,0,0,0,0,0,0,0,0,0,0,0,0,0,0,0,0,0,0,0,0,0,0,0,0,0,0,0,0,0,0,0,0,0,0,0,0,0,0,0,0,0,0,0,0,0,0,0,0,0,0,0,0,0,0,0,0,0,0,0,0,0,0,0,0,0,0,0,0,0,0,0,0,0,0,0,0,0,0,0,0,0,0,0,0,0,0,0,0,0,0,0,0,0,0,0,0,0,0,0,0,0,0,0,0,0,0,0,0,0,0,0,0,0,0,0,0,0,0,0,0,0,0,0,0,0,0,0,0,0,0,0
STAT,(NULL),Conflicts,181,0,0,0,0,0,0,0,0,0,0,0,0,0,0,0,0,0,0,0,0,0,0,0,0,0,0,0,0,0,0,0,0,0,0,0,0,0,0,0,0,0,0,0,0,0,0,0,0,0,0,0,0,0,0,0,0,0,0,0,0,0,0,0,0,0,0,0,0,0,0,0,0,0,0,0,0,0,0,0,0,0,0,0,0,0,0,0,0,0,0,0,0,0,0,0,0,0,0,0,0,0,0,0,0,0,0,0,0,0,0,0,0,0,0,0,0,0,0,0,0,0,0,0,0,0,0,0,0,0,0,0,0,0,0,0,0,0,0,0,0,0,0,0,0,0,0,0,0,0,0,0,0,0,0,0,0,0,0,0,0,0,0,0,0,0,0,0,0,0,0,0,0,0,0,0,0,0,0,0,0,0,0
STAT,(NULL),Iterations,181,31,5,0,0,0,0,0,0,0,0,0,2,0,0,0,0,0,0,0,0,0,0,0,0,0,0,0,0,0,0,0,0,0,0,0,0,0,0,1,0,0,0,0,0,0,0,0,0,0,0,0,0,0,4,0,0,0,0,0,0,1,0,1,0,0,0,0,2,0,1,0,0,0,0,0,0,3,0,0,0,0,0,0,0,0,0,0,0,0,0,0,0,0,0,1,0,0,0,0,0,0,3,0,0,0,0,0,0,0,0,0,0,0,1,0,0,2,0,0,0,0,0,0,1,0,0,0,0,0,2,0,0,0,0,0,0,0,1,0,0,0,0,0,0,0,0,0,0,0,0,0,0,0,0,0,0,0,0,0,0,0,0,0,0,0,0,0,0,0,0,0,0,0,0,0,0,0,0,0,0,0,0
STAT,(NULL),MeminfoPost,181,757059,4186,4173,4201,4189,4199,4174,4185,4170,4190,4190,4191,4246,4204,4169,4178,4180,4178,4192,4191,4205,4181,4188,4181,4168,4174,4197,4197,4170,4173,4174,4184,4177,4192,4195,4191,4188,4187,4170,4187,4178,4201,4228,4218,4183,4178,4174,4173,4191,4189,4196,4186,4197,4187,4166,4176,4180,4194,4192,4171,4172,4178,4191,4185,4177,4194,4217,4175,4182,4189,4188,4179,4188,4172,4177,4172,4191,4161,4172,4184,4194,4185,4175,4181,4174,4168,4164,4171,4185,4172,4210,4207,4180,4168,4173,4188,4186,4170,4158,4165,4185,4187,4193,4192,4196,4174,4178,4169,4185,4175,4176,4169,4163,4162,4178,4168,4190,4167,4178,4205,4215,4206,4190,4170,4172,4195,4168,4159,4175,4183,4192,4196,4180,4177,4178,4175,4175,4173,4164,4174,4165,4183,4163,4194,4214,4209,4206,4181,4172,4173,4166,4182,4192,4216,4199,4197,4209,4185,4167,4190,4170,4184,4174,4169,4159,4177,4168,4193,4172,4163,4155,4177,4168,4189,4164,4174,4179,4186,4183,4188,4172,4184
STAT,(NULL),MeminfoPre,181,189262,1049,1036,1064,1052,1062,1037,1048,1033,1053,1053,1054,1109,1067,1032,1041,1043,1041,1055,1054,1068,1044,1051,1044,1031,1037,1060,1060,1033,1036,1037,1047,1040,1055,1058,1054,1051,1050,1033,1050,1041,1064,1091,1081,1046,1041,1037,1036,1054,1052,1059,1049,1060,1050,1029,1039,1043,1057,1055,1034,1035,1041,1054,1048,1040,1057,1080,1038,1045,1052,1051,1042,1051,1035,1040,1035,1054,1024,1035,1047,1057,1048,1038,1044,1037,1031,1027,1034,1048,1035,1073,1070,1043,1031,1036,1051,1049,1033,1021,1028,1048,1050,1056,1055,1059,1037,1041,1032,1048,1038,1039,1032,1026,1025,1041,1031,1053,1030,1041,1068,1078,1069,1053,1033,1035,1058,1031,1022,1038,1046,1055,1059,1043,1040,1041,1038,1038,1036,1027,1037,1028,1046,1026,1057,1077,1072,1069,1044,1035,1036,1029,1045,1055,1079,1062,1060,1072,1048,1030,1053,1033,1047,1037,1032,1022,1040,1031,1056,1035,1026,1018,1040,1031,1052,1027,1037,1042,1049,1046,1051,1035,1047
STAT,(NULL),Partition,181,373,373,0,0,0,0,0,0,0,0,0,0,0,0,0,0,0,0,0,0,0,0,0,0,0,0,0,0,0,0,0,0,0,0,0,0,0,0,0,0,0,0,0,0,0,0,0,0,0,0,0,0,0,0,0,0,0,0,0,0,0,0,0,0,0,0,0,0,0,0,0,0,0,0,0,0,0,0,0,0,0,0,0,0,0,0,0,0,0,0,0,0,0,0,0,0,0,0,0,0,0,0,0,0,0,0,0,0,0,0,0,0,0,0,0,0,0,0,0,0,0,0,0,0,0,0,0,0,0,0,0,0,0,0,0,0,0,0,0,0,0,0,0,0,0,0,0,0,0,0,0,0,0,0,0,0,0,0,0,0,0,0,0,0,0,0,0,0,0,0,0,0,0,0,0,0,0,0,0,0,0,0
STAT,(NULL),Refine,181,2286,2286,0,0,0,0,0,0,0,0,0,0,0,0,0,0,0,0,0,0,0,0,0,0,0,0,0,0,0,0,0,0,0,0,0,0,0,0,0,0,0,0,0,0,0,0,0,0,0,0,0,0,0,0,0,0,0,0,0,0,0,0,0,0,0,0,0,0,0,0,0,0,0,0,0,0,0,0,0,0,0,0,0,0,0,0,0,0,0,0,0,0,0,0,0,0,0,0,0,0,0,0,0,0,0,0,0,0,0,0,0,0,0,0,0,0,0,0,0,0,0,0,0,0,0,0,0,0,0,0,0,0,0,0,0,0,0,0,0,0,0,0,0,0,0,0,0,0,0,0,0,0,0,0,0,0,0,0,0,0,0,0,0,0,0,0,0,0,0,0,0,0,0,0,0,0,0,0,0,0,0,0
STAT,(NULL),Threads,181,181,181,0,0,0,0,0,0,0,0,0,0,0,0,0,0,0,0,0,0,0,0,0,0,0,0,0,0,0,0,0,0,0,0,0,0,0,0,0,0,0,0,0,0,0,0,0,0,0,0,0,0,0,0,0,0,0,0,0,0,0,0,0,0,0,0,0,0,0,0,0,0,0,0,0,0,0,0,0,0,0,0,0,0,0,0,0,0,0,0,0,0,0,0,0,0,0,0,0,0,0,0,0,0,0,0,0,0,0,0,0,0,0,0,0,0,0,0,0,0,0,0,0,0,0,0,0,0,0,0,0,0,0,0,0,0,0,0,0,0,0,0,0,0,0,0,0,0,0,0,0,0,0,0,0,0,0,0,0,0,0,0,0,0,0,0,0,0,0,0,0,0,0,0,0,0,0,0,0,0,0,0
STAT,(NULL),Time,181,6495,6495,0,0,0,0,0,0,0,0,0,0,0,0,0,0,0,0,0,0,0,0,0,0,0,0,0,0,0,0,0,0,0,0,0,0,0,0,0,0,0,0,0,0,0,0,0,0,0,0,0,0,0,0,0,0,0,0,0,0,0,0,0,0,0,0,0,0,0,0,0,0,0,0,0,0,0,0,0,0,0,0,0,0,0,0,0,0,0,0,0,0,0,0,0,0,0,0,0,0,0,0,0,0,0,0,0,0,0,0,0,0,0,0,0,0,0,0,0,0,0,0,0,0,0,0,0,0,0,0,0,0,0,0,0,0,0,0,0,0,0,0,0,0,0,0,0,0,0,0,0,0,0,0,0,0,0,0,0,0,0,0,0,0,0,0,0,0,0,0,0,0,0,0,0,0,0,0,0,0,0,0
STAT,match,Conflicts,181,6291,64,53,47,55,50,43,47,54,54,47,49,58,46,51,59,51,44,39,48,47,44,41,46,38,51,48,45,50,57,52,46,39,44,39,52,44,37,45,49,46,49,35,42,45,51,41,43,39,43,56,48,47,46,37,45,38,38,37,41,35,44,22,22,27,30,26,26,24,35,28,36,31,28,22,32,28,23,24,21,31,32,28,26,24,27,24,35,29,27,38,27,24,31,40,25,29,28,30,31,35,37,27,27,26,30,38,26,32,27,25,43,29,31,37,40,27,34,26,27,29,33,37,31,18,21,28,22,31,26,34,29,25,21,27,26,30,33,25,24,27,24,25,21,22,31,26,28,24,28,25,28,29,31,28,30,21,33,40,33,29,37,30,26,29,35,32,32,26,28,28,30,30,33,30,35,31,26,25,33,36,32
STAT,match,Iterations,181,15016810,44420,53968,77620,75464,66441,74969,64263,58123,69909,58756,83543,64058,72990,69873,75667,78897,69215,80546,71343,58573,56814,73142,57164,94211,50287,70002,71635,63099,68074,63968,79017,84439,58716,86988,52781,79284,69680,70806,73143,81281,58278,77593,70494,64190,68835,93606,68107,72911,75317,78234,68418,72754,60961,78542,82563,87442,71089,71766,59711,101009,73640,88924,115132,75445,88755,98159,92802,101940,73506,99480,74883,89733,103246,96989,77043,92249,93565,104146,95668,90850,80107,70524,101373,100304,79568,99685,72887,82055,87730,82814,97282,104777,100453,67956,96510,73363,95867,70442,85286,88127,96189,80161,104094,86678,94187,98374,87071,96871,86740,99144,89938,78424,74638,82994,65697,79245,80286,105051,96552,105575,78966,115542,96041,87049,86681,82670,85044,80207,84897,82479,84788,88273,91517,96079,80077,83280,88333,94245,79097,97970,84456,89074,108328,97276,77345,83802,89711,109777,95228,104659,69922,75453,78823,76627,77065,84755,83373,84821,75253,100242,75901,109910,100487,84211,72650,99720,90687,102656,113472,85630,72572,85573,90899,86779,92974,97838,91977,97064,75791,92670,81961
STAT,popedge,Conflicts,181,0,0,0,0,0,0,0,0,0,0,0,0,0,0,0,0,0,0,0,0,0,0,0,0,0,0,0,0,0,0,0,0,0,0,0,0,0,0,0,0,0,0,0,0,0,0,0,0,0,0,0,0,0,0,0,0,0,0,0,0,0,0,0,0,0,0,0,0,0,0,0,0,0,0,0,0,0,0,0,0,0,0,0,0,0,0,0,0,0,0,0,0,0,0,0,0,0,0,0,0,0,0,0,0,0,0,0,0,0,0,0,0,0,0,0,0,0,0,0,0,0,0,0,0,0,0,0,0,0,0,0,0,0,0,0,0,0,0,0,0,0,0,0,0,0,0,0,0,0,0,0,0,0,0,0,0,0,0,0,0,0,0,0,0,0,0,0,0,0,0,0,0,0,0,0,0,0,0,0,0,0,0
STAT,popedge,Iterations,181,7356074,38753,38181,38773,37682,38203,37405,38538,38860,37978,38513,39170,39309,40525,40000,39618,38836,39188,39361,39537,39539,40267,40966,39560,39658,40873,39629,40596,41135,41161,39711,41900,40900,40806,40719,42235,41322,41285,41202,42004,39031,40945,41995,40870,39633,40966,40667,41900,39021,39228,40682,41585,40503,41919,40658,41530,38838,42055,41492,41070,48248,46855,37001,38232,38451,38250,41583,37341,36905,37710,36539,39157,37816,36974,39887,39750,37956,39386,40662,40240,39425,39065,39912,41300,40857,42273,37867,40203,38887,37829,40009,38644,41106,42946,41400,42453,41335,42120,43124,42346,40830,40456,41767,42165,40526,41205,41097,41755,41861,42686,39329,41696,41459,43696,44301,41658,41977,43499,42465,42161,40616,49848,49735,40540,40703,42263,37784,38688,38418,37321,37836,38008,39627,40928,38341,40692,39483,40131,40132,40047,39673,38409,42401,37417,44643,39549,37798,39905,40347,39793,40844,40936,40609,40862,41236,44448,40985,42832,42095,42718,42362,42759,42681,42302,43864,42993,40859,41268,41052,42642,39462,39729,42791,42029,42799,40360,42108,43183,40842,43238,39491,41500
STAT,refine,Conflicts,181,5994,126,129,122,107,106,105,108,93,75,86,92,87,94,83,84,50,53,49,75,58,63,72,65,57,69,72,62,70,62,58,40,39,31,42,38,29,54,45,36,41,39,46,55,48,40,35,36,31,44,52,36,46,38,47,52,64,50,44,48,38,31,19,27,13,18,17,22,23,18,19,18,21,15,14,23,16,14,17,20,27,16,20,15,19,18,18,19,13,15,20,21,21,17,12,22,18,18,21,23,23,27,20,21,27,20,21,20,18,15,24,20,22,24,18,21,14,33,16,20,19,16,17,20,22,12,13,21,22,14,15,16,21,23,13,20,13,14,20,17,15,23,10,21,21,12,12,22,23,18,17,20,11,14,20,12,8,16,16,15,22,16,17,13,16,18,26,22,10,20,12,22,32,17,24,17,30,31,19,19,26,13
STAT,refine,Iterations,181,40209,382,413,312,333,310,443,380,302,265,348,418,286,291,296,307,221,216,315,312,245,181,280,214,196,210,344,278,258,312,165,177,182,106,202,229,222,175,252,162,248,216,267,229,230,221,213,225,261,243,314,172,184,248,227,283,350,369,214,197,168,168,179,216,131,160,186,217,210,191,180,254,255,204,242,193,178,161,185,268,277,190,154,251,178,139,164,233,176,156,221,140,165,176,210,249,140,208,149,236,254,254,227,209,247,267,261,263,248,209,285,217,137,203,230,192,229,377,264,161,301,194,174,215,200,128,168,191,219,216,207,180,246,286,181,198,168,187,213,189,247,213,174,148,322,116,83,136,232,160,214,197,112,107,120,138,126,207,203,133,218,130,163,160,240,152,206,242,218,215,161,214,275,182,186,229,224,347,302,290,226,237
