Hello from MIC
Galois Benchmark Suite v2.2.0 (r0)
Copyright (C) 2013 The University of Texas at Austin
http://iss.ices.utexas.edu/galois/

application: GMetis
Partitions a graph into K parts and minimizing the graph cut
http://iss.ices.utexas.edu/?p=projects/galois/benchmarks/gMetis

INFO: CommandLine /work/02556/dpereira/MIC/apps/gmetis/gmetis -t=123 /work/02556/dpereira/Inputs/USA-road-d.W.gr 1024
INFO: Hostname c558-401-mic0.stampede.tacc.utexas.edu
Created Graph with 6262104 nodes and 15248146 edges
Nodes 6262104| Edges 15248146 7624073

  Starting coarsening: 
Time coarsen:  1974 Size of final graph: 40916

  Sarting initial partitioning using GGGP:
Size in decade percentages:  -0,1023 1,1
Time clustering:  1738

  Sarting refinnement with BKL2
Initial dist
Size in decade percentages:  -0,1023 1,1
Refined dist
Size in decade percentages:  -1,360 0,300 1,363 3,1
Time refinement:  1052


Time:  4944
Total edge cut : 36424

Part saved in : 0x7fff7cc70960
STATTYPE,LOOP,CATEGORY,n,sum,T0,T1,T2,T3,T4,T5,T6,T7,T8,T9,T10,T11,T12,T13,T14,T15,T16,T17,T18,T19,T20,T21,T22,T23,T24,T25,T26,T27,T28,T29,T30,T31,T32,T33,T34,T35,T36,T37,T38,T39,T40,T41,T42,T43,T44,T45,T46,T47,T48,T49,T50,T51,T52,T53,T54,T55,T56,T57,T58,T59,T60,T61,T62,T63,T64,T65,T66,T67,T68,T69,T70,T71,T72,T73,T74,T75,T76,T77,T78,T79,T80,T81,T82,T83,T84,T85,T86,T87,T88,T89,T90,T91,T92,T93,T94,T95,T96,T97,T98,T99,T100,T101,T102,T103,T104,T105,T106,T107,T108,T109,T110,T111,T112,T113,T114,T115,T116,T117,T118,T119,T120,T121,T122
STAT,(NULL),Coarsen,123,1974,1974,0,0,0,0,0,0,0,0,0,0,0,0,0,0,0,0,0,0,0,0,0,0,0,0,0,0,0,0,0,0,0,0,0,0,0,0,0,0,0,0,0,0,0,0,0,0,0,0,0,0,0,0,0,0,0,0,0,0,0,0,0,0,0,0,0,0,0,0,0,0,0,0,0,0,0,0,0,0,0,0,0,0,0,0,0,0,0,0,0,0,0,0,0,0,0,0,0,0,0,0,0,0,0,0,0,0,0,0,0,0,0,0,0,0,0,0,0,0,0,0,0,0
STAT,(NULL),Conflicts,123,0,0,0,0,0,0,0,0,0,0,0,0,0,0,0,0,0,0,0,0,0,0,0,0,0,0,0,0,0,0,0,0,0,0,0,0,0,0,0,0,0,0,0,0,0,0,0,0,0,0,0,0,0,0,0,0,0,0,0,0,0,0,0,0,0,0,0,0,0,0,0,0,0,0,0,0,0,0,0,0,0,0,0,0,0,0,0,0,0,0,0,0,0,0,0,0,0,0,0,0,0,0,0,0,0,0,0,0,0,0,0,0,0,0,0,0,0,0,0,0,0,0,0,0
STAT,(NULL),Iterations,123,2047,11,16,26,16,13,10,19,19,11,12,18,16,15,17,20,12,20,8,14,14,7,19,13,7,22,11,19,14,18,4,15,13,11,14,16,14,23,18,8,25,6,19,11,15,23,12,19,20,22,43,29,19,20,9,27,13,13,25,21,8,16,16,14,19,13,18,13,17,28,7,12,17,5,20,18,23,17,12,19,8,14,12,19,17,24,22,11,14,16,23,7,21,10,12,9,25,13,26,12,13,10,12,24,22,23,17,12,22,19,24,34,14,38,21,20,17,15,16,21,14,11,18,19
STAT,(NULL),MeminfoPost,123,756832,6161,6161,6165,6153,6147,6157,6164,6211,6186,6141,6141,6155,6164,6171,6163,6142,6139,6164,6159,6138,6150,6145,6182,6164,6144,6144,6158,6172,6232,6154,6142,6148,6157,6174,6165,6161,6137,6140,6181,6141,6137,6155,6160,6154,6186,6146,6169,6148,6158,6142,6137,6152,6130,6160,6162,6141,6146,6136,6129,6146,6171,6179,6142,6140,6169,6131,6118,6153,6167,6163,6160,6147,6151,6137,6144,6129,6129,6131,6157,6131,6185,6189,6172,6135,6162,6124,6136,6163,6165,6151,6139,6148,6140,6125,6133,6151,6147,6191,6192,6158,6143,6126,6149,6201,6171,6193,6142,6155,6142,6150,6135,6125,6139,6160,6118,6146,6116,6156,6138,6151,6151,6155,6148
STAT,(NULL),MeminfoPre,123,189187,1546,1546,1550,1538,1532,1542,1549,1596,1571,1526,1526,1540,1549,1556,1548,1527,1524,1549,1544,1523,1535,1530,1567,1549,1529,1529,1543,1557,1617,1539,1527,1533,1542,1559,1550,1546,1522,1525,1566,1526,1522,1540,1545,1539,1571,1531,1554,1533,1543,1527,1522,1537,1515,1545,1547,1526,1531,1521,1514,1531,1556,1564,1527,1525,1554,1516,1503,1538,1552,1548,1545,1532,1536,1522,1529,1514,1514,1516,1542,1516,1570,1574,1557,1520,1547,1509,1521,1548,1550,1536,1524,1533,1525,1510,1518,1536,1532,1576,1577,1543,1528,1511,1534,1586,1556,1578,1527,1540,1527,1535,1520,1510,1524,1545,1503,1531,1501,1541,1523,1536,1536,1540,1533
STAT,(NULL),Partition,123,1738,1738,0,0,0,0,0,0,0,0,0,0,0,0,0,0,0,0,0,0,0,0,0,0,0,0,0,0,0,0,0,0,0,0,0,0,0,0,0,0,0,0,0,0,0,0,0,0,0,0,0,0,0,0,0,0,0,0,0,0,0,0,0,0,0,0,0,0,0,0,0,0,0,0,0,0,0,0,0,0,0,0,0,0,0,0,0,0,0,0,0,0,0,0,0,0,0,0,0,0,0,0,0,0,0,0,0,0,0,0,0,0,0,0,0,0,0,0,0,0,0,0,0,0
STAT,(NULL),Refine,123,1052,1052,0,0,0,0,0,0,0,0,0,0,0,0,0,0,0,0,0,0,0,0,0,0,0,0,0,0,0,0,0,0,0,0,0,0,0,0,0,0,0,0,0,0,0,0,0,0,0,0,0,0,0,0,0,0,0,0,0,0,0,0,0,0,0,0,0,0,0,0,0,0,0,0,0,0,0,0,0,0,0,0,0,0,0,0,0,0,0,0,0,0,0,0,0,0,0,0,0,0,0,0,0,0,0,0,0,0,0,0,0,0,0,0,0,0,0,0,0,0,0,0,0,0
STAT,(NULL),Threads,123,123,123,0,0,0,0,0,0,0,0,0,0,0,0,0,0,0,0,0,0,0,0,0,0,0,0,0,0,0,0,0,0,0,0,0,0,0,0,0,0,0,0,0,0,0,0,0,0,0,0,0,0,0,0,0,0,0,0,0,0,0,0,0,0,0,0,0,0,0,0,0,0,0,0,0,0,0,0,0,0,0,0,0,0,0,0,0,0,0,0,0,0,0,0,0,0,0,0,0,0,0,0,0,0,0,0,0,0,0,0,0,0,0,0,0,0,0,0,0,0,0,0,0,0
STAT,(NULL),Time,123,4944,4944,0,0,0,0,0,0,0,0,0,0,0,0,0,0,0,0,0,0,0,0,0,0,0,0,0,0,0,0,0,0,0,0,0,0,0,0,0,0,0,0,0,0,0,0,0,0,0,0,0,0,0,0,0,0,0,0,0,0,0,0,0,0,0,0,0,0,0,0,0,0,0,0,0,0,0,0,0,0,0,0,0,0,0,0,0,0,0,0,0,0,0,0,0,0,0,0,0,0,0,0,0,0,0,0,0,0,0,0,0,0,0,0,0,0,0,0,0,0,0,0,0,0
STAT,match,Conflicts,123,5469,82,55,67,59,63,52,72,54,60,58,59,52,57,65,70,45,55,60,65,55,54,58,40,40,53,66,48,45,41,52,57,41,44,36,63,42,50,41,45,45,53,43,52,50,65,42,52,54,56,45,34,60,49,48,42,49,47,55,51,50,35,55,31,42,23,43,32,31,35,40,30,36,29,33,32,38,27,35,44,40,35,26,43,34,35,38,39,26,35,27,36,39,32,37,38,40,42,36,37,36,32,38,29,42,38,49,45,42,46,38,35,31,37,34,46,29,36,44,39,42,37,27,48
STAT,match,Iterations,123,14881221,73335,112464,97223,101319,94718,106141,99945,108713,106987,122112,101457,111012,104026,106889,94499,110448,96697,106817,103453,101956,107632,111845,117561,119088,107508,115515,100319,122144,105571,114859,114011,115412,124588,119798,113757,121383,105749,125429,108965,115506,121474,120365,97816,126318,96710,120276,116550,125844,104154,120496,136049,101103,115656,123183,117439,112712,106364,105050,117640,109281,98346,113065,134649,127005,139112,142030,146734,143677,138244,110544,118865,129794,128332,124840,119200,135806,133189,143757,127215,133701,130561,122879,144020,122389,143394,135244,148103,121282,131579,132319,141096,114147,128774,141381,137188,122097,116793,124898,125884,118201,148352,135291,130353,112465,135990,92194,140944,121523,143686,129403,151821,150300,143613,141252,125349,151908,127251,127420,140957,126061,133089,124586,115748
STAT,popedge,Conflicts,123,0,0,0,0,0,0,0,0,0,0,0,0,0,0,0,0,0,0,0,0,0,0,0,0,0,0,0,0,0,0,0,0,0,0,0,0,0,0,0,0,0,0,0,0,0,0,0,0,0,0,0,0,0,0,0,0,0,0,0,0,0,0,0,0,0,0,0,0,0,0,0,0,0,0,0,0,0,0,0,0,0,0,0,0,0,0,0,0,0,0,0,0,0,0,0,0,0,0,0,0,0,0,0,0,0,0,0,0,0,0,0,0,0,0,0,0,0,0,0,0,0,0,0,0
STAT,popedge,Iterations,123,7288400,51514,60785,59006,61607,61932,61847,59956,57465,57053,58882,60925,57700,61004,57252,60752,60429,62952,62377,62563,57131,59539,59552,57550,57192,59561,60974,59680,59086,57225,58315,59214,57092,58064,59012,58178,57380,60612,59442,59080,58761,58627,57688,58429,57949,51530,56681,55987,57117,59311,60219,58014,61493,63112,59882,59208,61238,62234,62594,60901,60167,59297,50835,58414,57363,61279,56482,62020,58158,55187,58556,59249,57124,58675,60059,62497,56645,58616,59099,57311,58580,58850,57835,57792,61438,60518,59458,57570,59031,60430,59087,54830,61727,60356,61078,56799,58903,58303,59423,59197,58658,58881,58293,60896,61719,61173,57507,61722,60676,58622,60784,60953,60592,63278,61634,64507,61592,59166,60199,60333,61307,63986,62910,49919
STAT,refine,Conflicts,123,4072,70,74,66,61,62,58,59,57,53,56,47,58,52,56,58,44,39,45,41,45,37,45,43,40,38,43,40,46,44,50,36,36,34,34,37,37,19,38,38,34,36,39,33,41,29,43,28,36,36,42,35,36,32,39,39,26,38,32,34,31,41,23,19,19,26,20,33,31,28,19,21,28,21,19,24,26,21,16,25,26,31,28,21,28,29,16,22,33,36,28,19,19,27,27,25,30,24,18,21,16,19,20,22,26,23,25,32,17,25,18,31,25,20,23,20,21,13,17,27,21,18,33,17
STAT,refine,Iterations,123,469877,2854,3839,2738,3047,2360,3903,3620,4189,4426,3158,3014,3565,2994,3324,2799,3739,3050,3921,2677,3032,3004,2730,3523,2902,2588,3186,3160,4325,4586,3028,3310,3317,3560,3578,3628,3722,3026,4505,4081,3762,3799,4509,3542,4341,5089,4187,3933,3833,3820,3503,3477,3674,4119,4729,4127,3988,3394,3654,3420,3771,4494,3497,3803,3493,4437,3338,3706,4299,4689,4268,3340,3572,3497,2850,3791,3848,3852,3446,4077,3338,4569,4198,4804,3944,4776,2715,3674,4103,4368,4112,3298,3750,3857,4262,4335,4189,3716,4397,5120,3451,4005,3949,5093,5134,5113,4801,4563,3965,3930,3739,4254,4702,3971,4612,4352,3723,3637,3661,4463,4241,3804,4957,3256
