Hello from MIC
Galois Benchmark Suite v2.2.0 (r0)
Copyright (C) 2013 The University of Texas at Austin
http://iss.ices.utexas.edu/galois/

application: GMetis
Partitions a graph into K parts and minimizing the graph cut
http://iss.ices.utexas.edu/?p=projects/galois/benchmarks/gMetis

INFO: CommandLine /work/02556/dpereira/MIC/apps/gmetis/gmetis -t=167 /work/02556/dpereira/Inputs/USA-road-d.W.gr 128
INFO: Hostname c558-002-mic0.stampede.tacc.utexas.edu
Created Graph with 6262104 nodes and 15248146 edges
Nodes 6262104| Edges 15248146 7624073

  Starting coarsening: 
Time coarsen:  2782 Size of final graph: 3122

  Sarting initial partitioning using GGGP:
Size in decade percentages:  -1,9 -0,113 1,6
Time clustering:  436

  Sarting refinnement with BKL2
Initial dist
Size in decade percentages:  -1,9 -0,113 1,6
Refined dist
Size in decade percentages:  -1,49 0,33 1,46
Time refinement:  1791


Time:  5187
Total edge cut : 7742

Part saved in : 0x7fff3b582a60
STATTYPE,LOOP,CATEGORY,n,sum,T0,T1,T2,T3,T4,T5,T6,T7,T8,T9,T10,T11,T12,T13,T14,T15,T16,T17,T18,T19,T20,T21,T22,T23,T24,T25,T26,T27,T28,T29,T30,T31,T32,T33,T34,T35,T36,T37,T38,T39,T40,T41,T42,T43,T44,T45,T46,T47,T48,T49,T50,T51,T52,T53,T54,T55,T56,T57,T58,T59,T60,T61,T62,T63,T64,T65,T66,T67,T68,T69,T70,T71,T72,T73,T74,T75,T76,T77,T78,T79,T80,T81,T82,T83,T84,T85,T86,T87,T88,T89,T90,T91,T92,T93,T94,T95,T96,T97,T98,T99,T100,T101,T102,T103,T104,T105,T106,T107,T108,T109,T110,T111,T112,T113,T114,T115,T116,T117,T118,T119,T120,T121,T122,T123,T124,T125,T126,T127,T128,T129,T130,T131,T132,T133,T134,T135,T136,T137,T138,T139,T140,T141,T142,T143,T144,T145,T146,T147,T148,T149,T150,T151,T152,T153,T154,T155,T156,T157,T158,T159,T160,T161,T162,T163,T164,T165,T166
STAT,(NULL),Coarsen,167,2782,2782,0,0,0,0,0,0,0,0,0,0,0,0,0,0,0,0,0,0,0,0,0,0,0,0,0,0,0,0,0,0,0,0,0,0,0,0,0,0,0,0,0,0,0,0,0,0,0,0,0,0,0,0,0,0,0,0,0,0,0,0,0,0,0,0,0,0,0,0,0,0,0,0,0,0,0,0,0,0,0,0,0,0,0,0,0,0,0,0,0,0,0,0,0,0,0,0,0,0,0,0,0,0,0,0,0,0,0,0,0,0,0,0,0,0,0,0,0,0,0,0,0,0,0,0,0,0,0,0,0,0,0,0,0,0,0,0,0,0,0,0,0,0,0,0,0,0,0,0,0,0,0,0,0,0,0,0,0,0,0,0,0,0,0,0,0,0
STAT,(NULL),Conflicts,167,0,0,0,0,0,0,0,0,0,0,0,0,0,0,0,0,0,0,0,0,0,0,0,0,0,0,0,0,0,0,0,0,0,0,0,0,0,0,0,0,0,0,0,0,0,0,0,0,0,0,0,0,0,0,0,0,0,0,0,0,0,0,0,0,0,0,0,0,0,0,0,0,0,0,0,0,0,0,0,0,0,0,0,0,0,0,0,0,0,0,0,0,0,0,0,0,0,0,0,0,0,0,0,0,0,0,0,0,0,0,0,0,0,0,0,0,0,0,0,0,0,0,0,0,0,0,0,0,0,0,0,0,0,0,0,0,0,0,0,0,0,0,0,0,0,0,0,0,0,0,0,0,0,0,0,0,0,0,0,0,0,0,0,0,0,0,0,0
STAT,(NULL),Iterations,167,255,8,0,0,4,3,0,0,0,0,3,0,1,3,2,2,0,3,0,0,0,0,1,3,0,0,0,2,0,3,0,0,1,2,0,3,3,0,0,4,0,1,3,1,0,3,2,1,0,1,0,6,0,4,0,3,0,0,3,1,3,1,5,0,0,2,3,0,0,0,0,8,4,3,7,0,4,0,2,3,2,0,2,0,1,1,0,4,0,1,1,0,0,1,0,0,0,5,0,0,2,0,2,2,0,0,3,3,0,0,0,0,7,4,3,2,1,0,0,2,1,7,2,3,2,1,4,5,2,0,0,4,6,4,0,3,0,1,0,0,0,2,0,0,9,0,0,0,1,3,0,0,1,0,0,1,1,0,0,0,0,0,0,1,0,0,6,11
STAT,(NULL),MeminfoPost,167,756844,4537,4527,4544,4543,4534,4534,4529,4536,4529,4547,4592,4558,4519,4529,4524,4537,4535,4550,4537,4542,4532,4520,4522,4543,4545,4520,4521,4524,4536,4529,4545,4544,4532,4536,4526,4538,4529,4546,4594,4560,4519,4529,4519,4537,4539,4547,4539,4541,4533,4519,4523,4542,4544,4523,4520,4525,4537,4537,4525,4544,4566,4522,4539,4543,4526,4540,4521,4525,4522,4537,4513,4518,4539,4540,4532,4520,4528,4525,4512,4518,4529,4519,4560,4557,4528,4517,4523,4548,4522,4509,4507,4532,4535,4542,4544,4545,4526,4518,4535,4519,4524,4525,4515,4509,4525,4509,4541,4515,4533,4558,4563,4555,4522,4522,4540,4522,4509,4521,4532,4540,4548,4527,4522,4531,4523,4525,4515,4513,4514,4536,4511,4546,4564,4561,4552,4525,4524,4514,4522,4540,4557,4559,4547,4559,4529,4519,4541,4518,4529,4526,4508,4516,4517,4537,4529,4511,4505,4526,4504,4543,4517,4528,4535,4531,4534,4522,4536
STAT,(NULL),MeminfoPre,167,189211,1138,1128,1145,1144,1135,1135,1130,1137,1130,1148,1193,1159,1120,1130,1125,1138,1136,1151,1138,1143,1133,1121,1123,1144,1146,1121,1122,1125,1137,1130,1146,1145,1133,1137,1127,1139,1130,1147,1195,1161,1120,1130,1120,1138,1140,1148,1140,1142,1134,1120,1124,1143,1145,1124,1121,1126,1138,1138,1126,1145,1167,1123,1140,1144,1127,1141,1122,1126,1123,1138,1114,1119,1140,1141,1133,1121,1129,1126,1113,1119,1130,1120,1161,1158,1129,1118,1124,1149,1123,1110,1108,1133,1136,1143,1145,1146,1127,1119,1136,1120,1125,1126,1116,1110,1126,1110,1142,1116,1134,1159,1164,1156,1123,1123,1141,1123,1110,1122,1133,1141,1149,1128,1123,1132,1124,1126,1116,1114,1115,1137,1112,1147,1165,1162,1153,1126,1125,1115,1123,1141,1158,1160,1148,1160,1130,1120,1142,1119,1130,1127,1109,1117,1118,1138,1130,1112,1106,1127,1105,1144,1118,1129,1136,1132,1135,1123,1137
STAT,(NULL),Partition,167,436,436,0,0,0,0,0,0,0,0,0,0,0,0,0,0,0,0,0,0,0,0,0,0,0,0,0,0,0,0,0,0,0,0,0,0,0,0,0,0,0,0,0,0,0,0,0,0,0,0,0,0,0,0,0,0,0,0,0,0,0,0,0,0,0,0,0,0,0,0,0,0,0,0,0,0,0,0,0,0,0,0,0,0,0,0,0,0,0,0,0,0,0,0,0,0,0,0,0,0,0,0,0,0,0,0,0,0,0,0,0,0,0,0,0,0,0,0,0,0,0,0,0,0,0,0,0,0,0,0,0,0,0,0,0,0,0,0,0,0,0,0,0,0,0,0,0,0,0,0,0,0,0,0,0,0,0,0,0,0,0,0,0,0,0,0,0,0
STAT,(NULL),Refine,167,1791,1791,0,0,0,0,0,0,0,0,0,0,0,0,0,0,0,0,0,0,0,0,0,0,0,0,0,0,0,0,0,0,0,0,0,0,0,0,0,0,0,0,0,0,0,0,0,0,0,0,0,0,0,0,0,0,0,0,0,0,0,0,0,0,0,0,0,0,0,0,0,0,0,0,0,0,0,0,0,0,0,0,0,0,0,0,0,0,0,0,0,0,0,0,0,0,0,0,0,0,0,0,0,0,0,0,0,0,0,0,0,0,0,0,0,0,0,0,0,0,0,0,0,0,0,0,0,0,0,0,0,0,0,0,0,0,0,0,0,0,0,0,0,0,0,0,0,0,0,0,0,0,0,0,0,0,0,0,0,0,0,0,0,0,0,0,0,0
STAT,(NULL),Threads,167,167,167,0,0,0,0,0,0,0,0,0,0,0,0,0,0,0,0,0,0,0,0,0,0,0,0,0,0,0,0,0,0,0,0,0,0,0,0,0,0,0,0,0,0,0,0,0,0,0,0,0,0,0,0,0,0,0,0,0,0,0,0,0,0,0,0,0,0,0,0,0,0,0,0,0,0,0,0,0,0,0,0,0,0,0,0,0,0,0,0,0,0,0,0,0,0,0,0,0,0,0,0,0,0,0,0,0,0,0,0,0,0,0,0,0,0,0,0,0,0,0,0,0,0,0,0,0,0,0,0,0,0,0,0,0,0,0,0,0,0,0,0,0,0,0,0,0,0,0,0,0,0,0,0,0,0,0,0,0,0,0,0,0,0,0,0,0,0
STAT,(NULL),Time,167,5187,5187,0,0,0,0,0,0,0,0,0,0,0,0,0,0,0,0,0,0,0,0,0,0,0,0,0,0,0,0,0,0,0,0,0,0,0,0,0,0,0,0,0,0,0,0,0,0,0,0,0,0,0,0,0,0,0,0,0,0,0,0,0,0,0,0,0,0,0,0,0,0,0,0,0,0,0,0,0,0,0,0,0,0,0,0,0,0,0,0,0,0,0,0,0,0,0,0,0,0,0,0,0,0,0,0,0,0,0,0,0,0,0,0,0,0,0,0,0,0,0,0,0,0,0,0,0,0,0,0,0,0,0,0,0,0,0,0,0,0,0,0,0,0,0,0,0,0,0,0,0,0,0,0,0,0,0,0,0,0,0,0,0,0,0,0,0,0
STAT,match,Conflicts,167,6065,53,66,62,51,48,55,52,51,48,47,55,54,47,44,47,53,45,41,46,51,51,47,49,43,50,43,42,48,53,55,49,50,48,37,47,52,33,42,43,48,38,47,50,40,39,45,46,32,47,44,40,36,56,37,39,34,39,43,36,39,34,31,28,25,23,27,28,25,21,31,25,32,23,26,30,29,38,24,29,29,35,27,33,37,27,31,47,26,35,30,28,38,30,41,27,27,32,30,39,36,34,31,37,37,25,35,30,29,37,31,31,33,42,37,25,30,31,29,34,25,33,27,25,28,33,28,30,22,33,25,29,30,29,26,35,27,30,32,29,34,30,34,26,33,33,32,29,41,30,33,37,28,25,30,27,35,27,32,21,34,39,30,30,31,28,45,30
STAT,match,Iterations,167,15017047,60586,72651,81447,76512,75895,61085,81049,75759,66204,65060,70202,77643,75403,80158,71386,76305,67836,67822,60970,83518,63515,79679,80453,67317,73427,106171,85257,78672,70440,68654,64123,84550,80940,77877,60032,85589,90367,69442,77194,78964,85757,82896,72758,65805,71039,71516,96664,104690,103658,98462,88311,101610,76857,102431,88237,89872,109085,88832,92188,116308,88325,93139,103703,92341,99743,87173,81165,100945,97697,92088,85554,91106,104428,103974,102512,87795,79255,94869,90878,92612,76969,92787,89710,109060,87381,70094,79604,96459,85993,80773,102912,87186,93582,84394,117656,111860,89782,77906,74939,85585,94640,91108,98265,85476,103426,69150,136019,101486,95117,99460,96086,124218,93103,116663,112439,91784,112836,112186,102627,115426,97977,131789,116078,101309,70510,83741,101275,104419,76424,100383,94784,88804,99345,90701,83429,89855,92938,92093,103332,107493,91747,107140,88194,83499,83048,101861,113419,85752,96356,99749,93192,85974,97981,108679,100512,78847,119296,86239,105556,99544,82133,112505,88317,97993,87125,89635,93496
STAT,popedge,Conflicts,167,0,0,0,0,0,0,0,0,0,0,0,0,0,0,0,0,0,0,0,0,0,0,0,0,0,0,0,0,0,0,0,0,0,0,0,0,0,0,0,0,0,0,0,0,0,0,0,0,0,0,0,0,0,0,0,0,0,0,0,0,0,0,0,0,0,0,0,0,0,0,0,0,0,0,0,0,0,0,0,0,0,0,0,0,0,0,0,0,0,0,0,0,0,0,0,0,0,0,0,0,0,0,0,0,0,0,0,0,0,0,0,0,0,0,0,0,0,0,0,0,0,0,0,0,0,0,0,0,0,0,0,0,0,0,0,0,0,0,0,0,0,0,0,0,0,0,0,0,0,0,0,0,0,0,0,0,0,0,0,0,0,0,0,0,0,0,0,0
STAT,popedge,Iterations,167,7356707,40138,38900,40568,39631,40979,42048,40823,39540,42526,40825,41276,39876,41326,41517,40707,42493,41643,42581,43552,40359,42977,41280,42561,43981,43494,43576,40967,46211,42809,41553,44023,42413,43604,42684,45576,44134,43417,45617,41877,44955,42041,43756,43515,45630,43816,47868,51669,49773,49691,48836,50856,50413,49342,50191,50539,50373,49921,45621,47326,47120,49564,40497,38806,40293,38764,39973,40773,40814,40422,40232,41520,40576,39150,40467,40675,40115,41427,43381,41660,41421,43184,41703,42974,40847,44753,43640,43995,45451,45609,45048,42259,42879,44662,43237,44889,42720,43370,43999,45325,43696,45269,43548,46228,43761,42607,44141,50888,50862,53842,49555,49100,49842,50079,48712,51309,50600,53009,50940,51891,48616,48030,51843,45062,40705,42704,40591,40178,41258,42530,40439,41401,41324,42592,43067,44774,41045,39234,41979,41213,40097,43211,44331,43973,43747,43601,44201,45827,44300,45380,44566,44831,41170,43186,43538,43685,44951,42319,44467,42798,43403,43726,44676,46721,43574,44968,45135,43473
STAT,refine,Conflicts,167,5987,126,121,104,117,100,96,110,103,85,88,76,77,92,82,80,75,65,61,72,61,57,58,53,58,63,66,49,57,56,64,49,44,42,47,39,41,36,49,37,40,35,43,37,32,40,40,27,36,34,44,33,49,28,39,32,32,43,39,45,46,57,27,21,23,20,24,27,17,24,21,15,16,24,16,25,21,30,32,24,29,20,22,24,21,30,25,26,17,17,17,14,16,17,18,20,26,21,19,34,27,28,18,24,24,21,22,22,20,20,24,28,22,21,21,17,22,24,24,21,23,35,32,27,22,19,28,22,25,21,16,23,34,26,24,21,18,20,33,28,20,24,24,20,13,21,33,21,34,17,14,21,20,26,17,20,21,21,18,13,21,26,24,16,26,22,20,20
STAT,refine,Iterations,167,131473,850,900,899,905,769,745,754,816,875,793,968,949,807,846,784,831,667,843,812,643,631,752,710,717,727,814,767,590,524,800,586,715,850,519,487,665,682,753,833,841,628,596,741,607,632,876,679,970,830,1020,926,1196,705,993,849,645,1169,773,660,1036,1322,836,698,836,677,859,855,867,687,836,749,714,723,802,647,782,740,1028,759,847,638,552,865,918,848,594,697,813,556,612,756,652,638,602,816,713,579,635,906,633,920,769,623,906,771,620,1230,747,900,936,942,1083,964,919,824,808,811,932,751,738,973,1193,969,836,715,846,838,840,752,687,806,1002,1057,925,720,664,713,773,920,864,1084,966,668,615,748,746,723,745,867,485,517,752,591,782,820,590,580,610,659,922,645,1035,753,733,804,738,771
