Hello from MIC
Galois Benchmark Suite v2.2.0 (r0)
Copyright (C) 2013 The University of Texas at Austin
http://iss.ices.utexas.edu/galois/

application: GMetis
Partitions a graph into K parts and minimizing the graph cut
http://iss.ices.utexas.edu/?p=projects/galois/benchmarks/gMetis

INFO: CommandLine /work/02556/dpereira/MIC/apps/gmetis/gmetis -t=199 /work/02556/dpereira/Inputs/USA-road-d.W.gr 1024
INFO: Hostname c557-803-mic0.stampede.tacc.utexas.edu
Created Graph with 6262104 nodes and 15248146 edges
Nodes 6262104| Edges 15248146 7624073

  Starting coarsening: 
Time coarsen:  2727 Size of final graph: 22079

  Sarting initial partitioning using GGGP:
Size in decade percentages:  -1,64 -0,898 1,62
Time clustering:  1170

  Sarting refinnement with BKL2
Initial dist
Size in decade percentages:  -1,64 -0,898 1,62
Refined dist
Size in decade percentages:  -1,372 0,274 1,377 3,1
Time refinement:  1822


Time:  5897
Total edge cut : 31942

Part saved in : 0x7fff16719260
STATTYPE,LOOP,CATEGORY,n,sum,T0,T1,T2,T3,T4,T5,T6,T7,T8,T9,T10,T11,T12,T13,T14,T15,T16,T17,T18,T19,T20,T21,T22,T23,T24,T25,T26,T27,T28,T29,T30,T31,T32,T33,T34,T35,T36,T37,T38,T39,T40,T41,T42,T43,T44,T45,T46,T47,T48,T49,T50,T51,T52,T53,T54,T55,T56,T57,T58,T59,T60,T61,T62,T63,T64,T65,T66,T67,T68,T69,T70,T71,T72,T73,T74,T75,T76,T77,T78,T79,T80,T81,T82,T83,T84,T85,T86,T87,T88,T89,T90,T91,T92,T93,T94,T95,T96,T97,T98,T99,T100,T101,T102,T103,T104,T105,T106,T107,T108,T109,T110,T111,T112,T113,T114,T115,T116,T117,T118,T119,T120,T121,T122,T123,T124,T125,T126,T127,T128,T129,T130,T131,T132,T133,T134,T135,T136,T137,T138,T139,T140,T141,T142,T143,T144,T145,T146,T147,T148,T149,T150,T151,T152,T153,T154,T155,T156,T157,T158,T159,T160,T161,T162,T163,T164,T165,T166,T167,T168,T169,T170,T171,T172,T173,T174,T175,T176,T177,T178,T179,T180,T181,T182,T183,T184,T185,T186,T187,T188,T189,T190,T191,T192,T193,T194,T195,T196,T197,T198
STAT,(NULL),Coarsen,199,2727,2727,0,0,0,0,0,0,0,0,0,0,0,0,0,0,0,0,0,0,0,0,0,0,0,0,0,0,0,0,0,0,0,0,0,0,0,0,0,0,0,0,0,0,0,0,0,0,0,0,0,0,0,0,0,0,0,0,0,0,0,0,0,0,0,0,0,0,0,0,0,0,0,0,0,0,0,0,0,0,0,0,0,0,0,0,0,0,0,0,0,0,0,0,0,0,0,0,0,0,0,0,0,0,0,0,0,0,0,0,0,0,0,0,0,0,0,0,0,0,0,0,0,0,0,0,0,0,0,0,0,0,0,0,0,0,0,0,0,0,0,0,0,0,0,0,0,0,0,0,0,0,0,0,0,0,0,0,0,0,0,0,0,0,0,0,0,0,0,0,0,0,0,0,0,0,0,0,0,0,0,0,0,0,0,0,0,0,0,0,0,0,0,0,0,0,0,0,0,0
STAT,(NULL),Conflicts,199,0,0,0,0,0,0,0,0,0,0,0,0,0,0,0,0,0,0,0,0,0,0,0,0,0,0,0,0,0,0,0,0,0,0,0,0,0,0,0,0,0,0,0,0,0,0,0,0,0,0,0,0,0,0,0,0,0,0,0,0,0,0,0,0,0,0,0,0,0,0,0,0,0,0,0,0,0,0,0,0,0,0,0,0,0,0,0,0,0,0,0,0,0,0,0,0,0,0,0,0,0,0,0,0,0,0,0,0,0,0,0,0,0,0,0,0,0,0,0,0,0,0,0,0,0,0,0,0,0,0,0,0,0,0,0,0,0,0,0,0,0,0,0,0,0,0,0,0,0,0,0,0,0,0,0,0,0,0,0,0,0,0,0,0,0,0,0,0,0,0,0,0,0,0,0,0,0,0,0,0,0,0,0,0,0,0,0,0,0,0,0,0,0,0,0,0,0,0,0,0
STAT,(NULL),Iterations,199,2047,11,9,12,1,2,5,10,7,12,6,0,7,7,9,6,8,16,19,10,12,9,17,15,17,16,19,19,6,9,14,23,9,16,14,12,19,6,16,17,6,12,9,14,7,14,14,5,11,10,17,4,14,10,5,0,14,12,12,19,11,7,16,11,3,21,3,2,8,5,2,9,12,7,12,14,8,8,13,17,14,10,1,17,22,20,9,10,9,10,12,12,5,17,6,15,15,13,11,7,12,6,17,12,15,15,10,11,15,8,16,19,4,7,8,7,6,11,8,6,10,18,12,10,8,7,8,7,4,7,7,1,1,8,9,5,14,5,6,4,17,9,7,9,15,16,13,8,11,14,6,10,11,12,18,4,15,8,23,6,3,16,8,11,9,21,10,8,12,4,8,16,13,5,11,8,7,4,12,10,5,16,17,10,11,11,4,12,4,7,6,11,4,5,10,12,11,12,3,9
STAT,(NULL),MeminfoPost,199,757206,3810,3794,3820,3817,3814,3801,3802,3807,3793,3816,3814,3812,3865,3829,3802,3796,3797,3798,3815,3804,3813,3830,3799,3813,3810,3790,3797,3802,3818,3814,3798,3796,3795,3805,3805,3807,3818,3811,3812,3803,3809,3793,3812,3804,3822,3835,3851,3814,3794,3802,3796,3802,3815,3811,3815,3812,3812,3813,3789,3802,3798,3812,3821,3795,3801,3791,3804,3806,3814,3802,3806,3838,3807,3799,3813,3814,3803,3800,3813,3798,3798,3796,3813,3794,3784,3800,3813,3811,3808,3800,3803,3796,3799,3786,3796,3801,3793,3804,3828,3829,3803,3791,3800,3795,3827,3793,3788,3783,3793,3807,3809,3814,3817,3815,3800,3806,3790,3811,3793,3799,3801,3791,3792,3786,3799,3785,3818,3793,3787,3817,3824,3834,3824,3815,3794,3796,3812,3801,3786,3786,3803,3806,3813,3819,3804,3806,3790,3806,3797,3801,3788,3790,3797,3788,3810,3787,3812,3830,3823,3837,3813,3801,3794,3794,3792,3804,3811,3831,3832,3813,3827,3821,3794,3797,3817,3790,3806,3799,3794,3786,3789,3795,3792,3834,3782,3784,3782,3801,3792,3811,3792,3791,3802,3805,3809,3806,3806,3796,3807
STAT,(NULL),MeminfoPre,199,189260,956,940,966,963,960,947,948,953,939,962,960,958,1011,975,948,942,943,944,961,950,959,976,945,959,956,936,943,948,964,960,944,942,941,951,951,953,964,957,958,949,955,939,958,950,968,981,997,960,940,948,942,948,961,957,961,958,958,959,935,948,944,958,967,941,947,937,950,952,960,948,952,984,953,945,959,960,949,946,959,944,944,942,959,940,930,946,959,957,954,946,949,942,945,932,942,947,939,950,974,975,949,937,946,941,973,939,934,929,939,953,955,960,963,961,946,952,936,957,939,945,947,937,938,932,945,931,964,939,933,963,970,980,970,961,940,942,958,947,932,932,949,952,959,965,950,952,936,952,943,947,934,936,943,934,956,933,958,976,969,983,959,947,940,940,938,950,957,977,978,959,973,967,940,943,963,936,952,945,940,932,935,941,938,980,928,930,928,947,938,957,938,937,948,951,955,952,952,942,953
STAT,(NULL),Partition,199,1170,1170,0,0,0,0,0,0,0,0,0,0,0,0,0,0,0,0,0,0,0,0,0,0,0,0,0,0,0,0,0,0,0,0,0,0,0,0,0,0,0,0,0,0,0,0,0,0,0,0,0,0,0,0,0,0,0,0,0,0,0,0,0,0,0,0,0,0,0,0,0,0,0,0,0,0,0,0,0,0,0,0,0,0,0,0,0,0,0,0,0,0,0,0,0,0,0,0,0,0,0,0,0,0,0,0,0,0,0,0,0,0,0,0,0,0,0,0,0,0,0,0,0,0,0,0,0,0,0,0,0,0,0,0,0,0,0,0,0,0,0,0,0,0,0,0,0,0,0,0,0,0,0,0,0,0,0,0,0,0,0,0,0,0,0,0,0,0,0,0,0,0,0,0,0,0,0,0,0,0,0,0,0,0,0,0,0,0,0,0,0,0,0,0,0,0,0,0,0,0
STAT,(NULL),Refine,199,1822,1822,0,0,0,0,0,0,0,0,0,0,0,0,0,0,0,0,0,0,0,0,0,0,0,0,0,0,0,0,0,0,0,0,0,0,0,0,0,0,0,0,0,0,0,0,0,0,0,0,0,0,0,0,0,0,0,0,0,0,0,0,0,0,0,0,0,0,0,0,0,0,0,0,0,0,0,0,0,0,0,0,0,0,0,0,0,0,0,0,0,0,0,0,0,0,0,0,0,0,0,0,0,0,0,0,0,0,0,0,0,0,0,0,0,0,0,0,0,0,0,0,0,0,0,0,0,0,0,0,0,0,0,0,0,0,0,0,0,0,0,0,0,0,0,0,0,0,0,0,0,0,0,0,0,0,0,0,0,0,0,0,0,0,0,0,0,0,0,0,0,0,0,0,0,0,0,0,0,0,0,0,0,0,0,0,0,0,0,0,0,0,0,0,0,0,0,0,0,0
STAT,(NULL),Threads,199,199,199,0,0,0,0,0,0,0,0,0,0,0,0,0,0,0,0,0,0,0,0,0,0,0,0,0,0,0,0,0,0,0,0,0,0,0,0,0,0,0,0,0,0,0,0,0,0,0,0,0,0,0,0,0,0,0,0,0,0,0,0,0,0,0,0,0,0,0,0,0,0,0,0,0,0,0,0,0,0,0,0,0,0,0,0,0,0,0,0,0,0,0,0,0,0,0,0,0,0,0,0,0,0,0,0,0,0,0,0,0,0,0,0,0,0,0,0,0,0,0,0,0,0,0,0,0,0,0,0,0,0,0,0,0,0,0,0,0,0,0,0,0,0,0,0,0,0,0,0,0,0,0,0,0,0,0,0,0,0,0,0,0,0,0,0,0,0,0,0,0,0,0,0,0,0,0,0,0,0,0,0,0,0,0,0,0,0,0,0,0,0,0,0,0,0,0,0,0,0
STAT,(NULL),Time,199,5897,5897,0,0,0,0,0,0,0,0,0,0,0,0,0,0,0,0,0,0,0,0,0,0,0,0,0,0,0,0,0,0,0,0,0,0,0,0,0,0,0,0,0,0,0,0,0,0,0,0,0,0,0,0,0,0,0,0,0,0,0,0,0,0,0,0,0,0,0,0,0,0,0,0,0,0,0,0,0,0,0,0,0,0,0,0,0,0,0,0,0,0,0,0,0,0,0,0,0,0,0,0,0,0,0,0,0,0,0,0,0,0,0,0,0,0,0,0,0,0,0,0,0,0,0,0,0,0,0,0,0,0,0,0,0,0,0,0,0,0,0,0,0,0,0,0,0,0,0,0,0,0,0,0,0,0,0,0,0,0,0,0,0,0,0,0,0,0,0,0,0,0,0,0,0,0,0,0,0,0,0,0,0,0,0,0,0,0,0,0,0,0,0,0,0,0,0,0,0,0
STAT,match,Conflicts,199,5715,42,50,50,47,49,44,45,42,48,39,44,45,44,47,47,47,39,39,41,38,39,33,43,38,41,34,39,43,38,36,27,39,38,33,32,34,30,36,33,36,28,29,35,38,32,47,28,28,39,34,31,37,35,42,28,35,28,36,35,37,29,23,28,25,21,29,25,23,22,22,26,20,23,20,25,25,20,20,23,27,24,24,30,27,24,19,22,24,32,24,25,22,28,23,24,20,24,25,26,26,27,20,31,28,30,24,27,35,18,23,28,23,17,23,28,18,28,23,26,28,21,25,21,27,27,26,28,23,20,23,21,26,21,21,23,25,26,25,18,21,24,28,24,29,30,25,25,26,22,20,28,24,27,26,24,24,26,23,25,17,28,25,22,24,27,35,21,33,25,23,28,31,29,20,22,24,32,22,27,22,29,26,23,28,27,30,16,26,23,25,23,24,25,20,20,25,27,23,25
STAT,match,Iterations,199,14990539,39885,53324,62120,55190,47500,54789,53998,65195,64306,59318,60453,70698,48851,72066,53946,56545,75838,61652,59671,72045,67782,67904,64273,59718,61721,52390,57354,63399,53416,72870,68803,52516,73548,71306,51811,69969,76940,57092,63986,74306,76893,54567,52555,73094,59218,63825,80042,68820,91123,82317,67245,57035,54287,62592,59804,64031,58716,82495,64341,65220,86822,72041,58684,80056,78706,95074,82860,63203,63298,102033,75663,87164,71224,72914,96686,76323,87535,99310,74899,85421,76240,82623,73102,99693,98600,86209,103766,87559,67268,82082,69739,104880,70013,79156,74194,78869,81330,71841,85223,99383,91068,66347,55958,84471,77547,56890,85112,73852,79980,99814,72189,97639,93860,84615,95146,110292,60725,78652,93778,89847,102466,79954,71435,90327,80223,76309,76169,79580,86306,59522,79201,73870,87052,70582,66932,97460,96388,88817,87266,89238,84977,80474,94891,88638,67651,82813,72178,94631,89056,97140,76753,80752,90690,63215,95320,94311,76546,74363,70642,95536,68385,89440,79356,77634,68733,76312,84934,69903,76519,77199,59370,76952,78798,96171,60650,75470,58298,78225,63025,87555,80256,70339,92920,61651,63074,74396,98441,68041,68332,94265,75055,63772,55721,94767,91799,81209,59559,72979,75178
STAT,popedge,Conflicts,199,0,0,0,0,0,0,0,0,0,0,0,0,0,0,0,0,0,0,0,0,0,0,0,0,0,0,0,0,0,0,0,0,0,0,0,0,0,0,0,0,0,0,0,0,0,0,0,0,0,0,0,0,0,0,0,0,0,0,0,0,0,0,0,0,0,0,0,0,0,0,0,0,0,0,0,0,0,0,0,0,0,0,0,0,0,0,0,0,0,0,0,0,0,0,0,0,0,0,0,0,0,0,0,0,0,0,0,0,0,0,0,0,0,0,0,0,0,0,0,0,0,0,0,0,0,0,0,0,0,0,0,0,0,0,0,0,0,0,0,0,0,0,0,0,0,0,0,0,0,0,0,0,0,0,0,0,0,0,0,0,0,0,0,0,0,0,0,0,0,0,0,0,0,0,0,0,0,0,0,0,0,0,0,0,0,0,0,0,0,0,0,0,0,0,0,0,0,0,0,0
STAT,popedge,Iterations,199,7343484,33986,34876,34106,34941,35686,33900,33518,33998,33350,33249,33794,32782,32170,33463,33999,34683,37109,38368,37727,38652,36987,36868,39058,38515,37393,38048,40868,37586,37632,37414,39920,40052,39578,36796,38719,37074,36763,37682,38869,39088,37372,38367,39352,37470,38812,38716,37132,38419,36640,38680,36881,39573,37914,38885,38798,38212,37844,37993,37504,40599,40694,32326,34087,33950,33132,34100,31253,34124,32852,35123,30737,34495,31815,32034,31908,31455,32825,36364,37158,37016,38418,37706,35962,40343,38856,37511,38195,36397,37396,37176,37060,39303,38886,41510,36443,36668,37048,37602,38570,36135,36001,39328,37873,36908,39426,38797,36480,39705,41610,41364,38395,36778,37577,36584,37756,40886,37911,38803,41698,39910,37719,39961,33172,35878,34811,33783,32009,32805,35732,31092,35844,34399,35217,32983,31338,35016,32934,34073,39270,36652,34911,39816,39107,37818,38106,38506,35812,36498,38336,36328,36773,36925,38460,38079,37633,39308,38121,38026,35764,37793,39006,38087,36426,37836,39625,37962,37120,39364,38208,37687,40712,39463,41075,41166,41404,39388,40784,39888,42108,42819,41307,42145,39149,32479,34241,34165,35127,33920,36209,33807,35137,34495,32414,36656,33309,32182,35273,35374,36306
STAT,refine,Conflicts,199,5877,84,76,82,76,72,67,67,70,63,68,72,73,64,66,71,64,49,49,61,54,52,57,56,52,42,48,51,43,52,54,42,38,44,41,34,38,38,41,39,33,37,31,38,40,39,37,38,37,32,37,34,18,38,40,31,27,26,30,37,32,35,21,22,22,14,17,19,22,22,28,17,26,17,16,30,15,20,21,26,26,19,26,23,20,26,17,30,23,18,16,18,19,22,26,20,18,15,26,23,32,21,24,25,17,29,27,22,19,22,15,21,15,11,15,25,22,16,19,21,20,24,24,23,17,26,23,20,16,20,23,21,20,38,21,14,30,19,13,29,19,14,18,24,19,31,23,18,30,16,20,23,22,19,13,30,21,25,20,24,22,26,24,21,22,27,32,21,23,27,21,23,21,19,7,12,13,17,15,18,18,23,26,19,24,14,15,17,18,14,14,17,25,22,31,24,21,22,29,22
STAT,refine,Iterations,199,432685,1693,2084,2285,1489,1891,1879,2191,1925,2158,2039,2318,2168,1709,2579,1919,2379,1709,1889,2649,2142,2710,2452,2024,2132,1918,1699,1982,1802,1769,1593,2152,1383,1999,1960,1411,2543,2196,2374,2489,1977,1882,1702,1928,2563,2169,2452,2621,2273,2233,2293,1742,1685,1980,1872,2029,1641,1663,1851,1383,1872,1830,2214,1981,2129,1826,2388,2070,2409,2072,2571,1798,2833,1946,1876,2883,2126,2426,2216,2473,2284,2759,3030,2738,2450,2103,1862,2880,2196,1913,1816,1595,2033,1769,2093,2028,1796,2018,2518,2853,2637,2291,1776,2353,2175,3278,1906,2440,2393,2232,2318,2046,2429,2187,1901,2107,2610,1549,2208,2229,1860,2144,2102,2336,2491,2253,2128,2078,1808,2430,1706,2490,2320,3267,2279,1469,2985,2761,2072,2128,2026,1837,3031,3231,2654,2621,2196,1587,2363,1778,2291,1732,1922,2113,1384,2445,2634,2619,2782,2058,3383,1989,2619,1794,2310,2558,2549,2636,3450,2753,2340,2469,1988,1908,1966,1759,1781,2098,1692,1722,2125,1623,1964,1992,2184,1671,2035,1964,2032,1775,2729,1937,2346,1874,2576,2523,2314,2766,2111,2609
