Hello from MIC
Galois Benchmark Suite v2.2.0 (r0)
Copyright (C) 2013 The University of Texas at Austin
http://iss.ices.utexas.edu/galois/

application: GMetis
Partitions a graph into K parts and minimizing the graph cut
http://iss.ices.utexas.edu/?p=projects/galois/benchmarks/gMetis

INFO: CommandLine /work/02556/dpereira/MIC/apps/gmetis/gmetis -t=182 /work/02556/dpereira/Inputs/USA-road-d.W.gr 16
INFO: Hostname c558-002-mic0.stampede.tacc.utexas.edu
Created Graph with 6262104 nodes and 15248146 edges
Nodes 6262104| Edges 15248146 7624073

  Starting coarsening: 
Time coarsen:  3418 Size of final graph: 442

  Sarting initial partitioning using GGGP:
Size in decade percentages:  -0,16
Time clustering:  373

  Sarting refinnement with BKL2
Initial dist
Size in decade percentages:  -0,16
Refined dist
Size in decade percentages:  -1,6 -0,3 1,7
Time refinement:  2093


Time:  6063
Total edge cut : 2384

Part saved in : 0x7fff27f15f60
STATTYPE,LOOP,CATEGORY,n,sum,T0,T1,T2,T3,T4,T5,T6,T7,T8,T9,T10,T11,T12,T13,T14,T15,T16,T17,T18,T19,T20,T21,T22,T23,T24,T25,T26,T27,T28,T29,T30,T31,T32,T33,T34,T35,T36,T37,T38,T39,T40,T41,T42,T43,T44,T45,T46,T47,T48,T49,T50,T51,T52,T53,T54,T55,T56,T57,T58,T59,T60,T61,T62,T63,T64,T65,T66,T67,T68,T69,T70,T71,T72,T73,T74,T75,T76,T77,T78,T79,T80,T81,T82,T83,T84,T85,T86,T87,T88,T89,T90,T91,T92,T93,T94,T95,T96,T97,T98,T99,T100,T101,T102,T103,T104,T105,T106,T107,T108,T109,T110,T111,T112,T113,T114,T115,T116,T117,T118,T119,T120,T121,T122,T123,T124,T125,T126,T127,T128,T129,T130,T131,T132,T133,T134,T135,T136,T137,T138,T139,T140,T141,T142,T143,T144,T145,T146,T147,T148,T149,T150,T151,T152,T153,T154,T155,T156,T157,T158,T159,T160,T161,T162,T163,T164,T165,T166,T167,T168,T169,T170,T171,T172,T173,T174,T175,T176,T177,T178,T179,T180,T181
STAT,(NULL),Coarsen,182,3418,3418,0,0,0,0,0,0,0,0,0,0,0,0,0,0,0,0,0,0,0,0,0,0,0,0,0,0,0,0,0,0,0,0,0,0,0,0,0,0,0,0,0,0,0,0,0,0,0,0,0,0,0,0,0,0,0,0,0,0,0,0,0,0,0,0,0,0,0,0,0,0,0,0,0,0,0,0,0,0,0,0,0,0,0,0,0,0,0,0,0,0,0,0,0,0,0,0,0,0,0,0,0,0,0,0,0,0,0,0,0,0,0,0,0,0,0,0,0,0,0,0,0,0,0,0,0,0,0,0,0,0,0,0,0,0,0,0,0,0,0,0,0,0,0,0,0,0,0,0,0,0,0,0,0,0,0,0,0,0,0,0,0,0,0,0,0,0,0,0,0,0,0,0,0,0,0,0,0,0,0,0,0
STAT,(NULL),Conflicts,182,0,0,0,0,0,0,0,0,0,0,0,0,0,0,0,0,0,0,0,0,0,0,0,0,0,0,0,0,0,0,0,0,0,0,0,0,0,0,0,0,0,0,0,0,0,0,0,0,0,0,0,0,0,0,0,0,0,0,0,0,0,0,0,0,0,0,0,0,0,0,0,0,0,0,0,0,0,0,0,0,0,0,0,0,0,0,0,0,0,0,0,0,0,0,0,0,0,0,0,0,0,0,0,0,0,0,0,0,0,0,0,0,0,0,0,0,0,0,0,0,0,0,0,0,0,0,0,0,0,0,0,0,0,0,0,0,0,0,0,0,0,0,0,0,0,0,0,0,0,0,0,0,0,0,0,0,0,0,0,0,0,0,0,0,0,0,0,0,0,0,0,0,0,0,0,0,0,0,0,0,0,0,0
STAT,(NULL),Iterations,182,31,5,0,0,0,0,0,3,0,0,0,0,0,0,0,0,0,0,0,0,0,0,0,2,0,0,0,0,0,0,0,0,0,0,0,0,0,3,0,0,0,0,0,0,0,0,0,0,0,0,1,0,0,0,0,0,0,0,0,0,0,1,0,0,0,0,0,0,0,0,0,0,0,0,0,0,1,0,0,0,0,4,0,0,0,0,0,2,0,0,1,0,0,0,0,0,0,0,0,0,0,0,0,0,0,0,0,2,0,0,0,0,0,0,0,0,0,0,0,0,0,0,0,0,2,0,0,0,1,1,0,0,0,0,0,0,0,0,0,0,0,0,0,0,0,0,0,0,0,0,0,0,0,0,0,0,0,0,0,0,0,0,0,0,0,0,0,0,1,0,1,0,0,0,0,0,0,0,0,0,0,0,0
STAT,(NULL),MeminfoPost,182,757086,4163,4150,4180,4166,4175,4152,4164,4146,4166,4168,4168,4220,4183,4151,4156,4157,4148,4174,4169,4170,4161,4170,4160,4148,4151,4162,4173,4159,4154,4143,4166,4156,4159,4182,4166,4157,4160,4156,4155,4163,4181,4183,4211,4171,4146,4152,4152,4166,4166,4178,4166,4166,4168,4144,4157,4151,4171,4170,4154,4146,4153,4160,4171,4156,4164,4193,4158,4157,4170,4167,4152,4167,4151,4154,4149,4170,4144,4138,4160,4165,4174,4156,4151,4152,4153,4141,4152,4153,4144,4173,4187,4170,4148,4152,4151,4181,4148,4140,4136,4156,4162,4171,4165,4173,4158,4160,4145,4166,4147,4151,4155,4139,4146,4148,4141,4171,4147,4140,4173,4189,4183,4183,4153,4150,4155,4168,4141,4137,4157,4163,4171,4172,4155,4150,4162,4148,4155,4141,4144,4153,4153,4149,4143,4179,4189,4186,4182,4156,4146,4148,4147,4160,4173,4192,4176,4180,4182,4154,4147,4170,4145,4165,4149,4141,4141,4153,4146,4172,4146,4141,4132,4155,4144,4166,4143,4151,4155,4163,4160,4165,4149,4161
STAT,(NULL),MeminfoPre,182,189246,1043,1030,1060,1046,1055,1032,1044,1026,1046,1048,1048,1100,1063,1031,1036,1037,1028,1054,1049,1050,1041,1050,1040,1028,1031,1042,1053,1039,1034,1023,1046,1036,1039,1062,1046,1037,1040,1036,1035,1043,1061,1063,1091,1051,1026,1032,1032,1046,1046,1058,1046,1046,1048,1024,1037,1031,1051,1050,1034,1026,1033,1040,1051,1036,1044,1073,1038,1037,1050,1047,1032,1047,1031,1034,1029,1050,1024,1018,1040,1045,1054,1036,1031,1032,1033,1021,1032,1033,1024,1053,1067,1050,1028,1032,1031,1061,1028,1020,1016,1036,1042,1051,1045,1053,1038,1040,1025,1046,1027,1031,1035,1019,1026,1028,1021,1051,1027,1020,1053,1069,1063,1063,1033,1030,1035,1048,1021,1017,1037,1043,1051,1052,1035,1030,1042,1028,1035,1021,1024,1033,1033,1029,1023,1059,1069,1066,1062,1036,1026,1028,1027,1040,1053,1072,1056,1060,1062,1034,1027,1050,1025,1045,1029,1021,1021,1033,1026,1052,1026,1021,1012,1035,1024,1046,1023,1031,1035,1043,1040,1045,1029,1041
STAT,(NULL),Partition,182,373,373,0,0,0,0,0,0,0,0,0,0,0,0,0,0,0,0,0,0,0,0,0,0,0,0,0,0,0,0,0,0,0,0,0,0,0,0,0,0,0,0,0,0,0,0,0,0,0,0,0,0,0,0,0,0,0,0,0,0,0,0,0,0,0,0,0,0,0,0,0,0,0,0,0,0,0,0,0,0,0,0,0,0,0,0,0,0,0,0,0,0,0,0,0,0,0,0,0,0,0,0,0,0,0,0,0,0,0,0,0,0,0,0,0,0,0,0,0,0,0,0,0,0,0,0,0,0,0,0,0,0,0,0,0,0,0,0,0,0,0,0,0,0,0,0,0,0,0,0,0,0,0,0,0,0,0,0,0,0,0,0,0,0,0,0,0,0,0,0,0,0,0,0,0,0,0,0,0,0,0,0,0
STAT,(NULL),Refine,182,2093,2093,0,0,0,0,0,0,0,0,0,0,0,0,0,0,0,0,0,0,0,0,0,0,0,0,0,0,0,0,0,0,0,0,0,0,0,0,0,0,0,0,0,0,0,0,0,0,0,0,0,0,0,0,0,0,0,0,0,0,0,0,0,0,0,0,0,0,0,0,0,0,0,0,0,0,0,0,0,0,0,0,0,0,0,0,0,0,0,0,0,0,0,0,0,0,0,0,0,0,0,0,0,0,0,0,0,0,0,0,0,0,0,0,0,0,0,0,0,0,0,0,0,0,0,0,0,0,0,0,0,0,0,0,0,0,0,0,0,0,0,0,0,0,0,0,0,0,0,0,0,0,0,0,0,0,0,0,0,0,0,0,0,0,0,0,0,0,0,0,0,0,0,0,0,0,0,0,0,0,0,0,0
STAT,(NULL),Threads,182,182,182,0,0,0,0,0,0,0,0,0,0,0,0,0,0,0,0,0,0,0,0,0,0,0,0,0,0,0,0,0,0,0,0,0,0,0,0,0,0,0,0,0,0,0,0,0,0,0,0,0,0,0,0,0,0,0,0,0,0,0,0,0,0,0,0,0,0,0,0,0,0,0,0,0,0,0,0,0,0,0,0,0,0,0,0,0,0,0,0,0,0,0,0,0,0,0,0,0,0,0,0,0,0,0,0,0,0,0,0,0,0,0,0,0,0,0,0,0,0,0,0,0,0,0,0,0,0,0,0,0,0,0,0,0,0,0,0,0,0,0,0,0,0,0,0,0,0,0,0,0,0,0,0,0,0,0,0,0,0,0,0,0,0,0,0,0,0,0,0,0,0,0,0,0,0,0,0,0,0,0,0,0
STAT,(NULL),Time,182,6063,6063,0,0,0,0,0,0,0,0,0,0,0,0,0,0,0,0,0,0,0,0,0,0,0,0,0,0,0,0,0,0,0,0,0,0,0,0,0,0,0,0,0,0,0,0,0,0,0,0,0,0,0,0,0,0,0,0,0,0,0,0,0,0,0,0,0,0,0,0,0,0,0,0,0,0,0,0,0,0,0,0,0,0,0,0,0,0,0,0,0,0,0,0,0,0,0,0,0,0,0,0,0,0,0,0,0,0,0,0,0,0,0,0,0,0,0,0,0,0,0,0,0,0,0,0,0,0,0,0,0,0,0,0,0,0,0,0,0,0,0,0,0,0,0,0,0,0,0,0,0,0,0,0,0,0,0,0,0,0,0,0,0,0,0,0,0,0,0,0,0,0,0,0,0,0,0,0,0,0,0,0,0
STAT,match,Conflicts,182,6601,64,55,52,53,46,62,52,52,53,55,50,46,54,53,50,63,45,53,42,39,50,46,54,53,52,39,55,53,37,49,44,53,40,36,42,34,42,38,38,43,46,38,43,39,44,44,43,37,41,43,43,37,35,47,52,54,42,39,42,44,41,43,27,30,27,26,30,28,32,36,27,30,30,34,30,28,41,29,28,37,24,35,32,27,33,34,33,34,35,36,28,32,27,28,38,32,31,42,36,28,41,40,34,32,35,35,29,33,30,25,28,38,29,22,30,34,43,35,32,29,29,28,25,29,26,28,25,28,31,25,24,33,23,30,37,24,30,34,34,32,29,29,28,30,34,30,37,22,33,33,29,30,29,29,27,29,30,24,37,35,29,35,30,29,30,29,35,37,34,33,35,32,29,36,29,27,43,38,29,30,25,25
STAT,match,Iterations,182,15004298,62775,64263,79804,53498,68544,60984,57942,74344,62805,67213,76712,70743,72995,71648,65307,62549,76458,74976,72577,77571,69455,73175,72587,69432,73170,68078,76117,70359,81030,74342,82187,52547,67144,82808,71213,67373,87564,82912,75344,76663,62770,84511,72912,73948,76160,73286,66236,73064,76159,62093,67666,72915,67424,71504,65242,79156,56087,93497,70205,52728,93006,72284,97509,82087,97435,90208,101766,90186,88990,78547,84518,90865,89399,94704,102574,82556,87238,82000,95895,84255,85505,78287,88286,97678,85622,78233,93446,83452,86356,70130,72082,77634,86362,91325,78083,93737,89110,66028,82032,79575,72753,81632,88263,73056,83262,93106,97540,72957,80297,96397,81288,64205,92977,94768,85411,74421,95350,88158,73542,87634,95813,118658,99520,96214,103344,91752,99943,101802,93910,98920,99050,80916,97386,84757,76864,112132,100086,88337,80912,101390,75200,94469,95435,73231,82932,87219,85339,105629,93787,96534,89804,64989,86735,89486,98842,83123,80488,89686,85008,84684,91257,73211,75940,98820,81039,92388,88350,85652,84513,82668,74657,94707,103130,88271,83876,101693,79186,91089,102699,84827,83414,107812
STAT,popedge,Conflicts,182,0,0,0,0,0,0,0,0,0,0,0,0,0,0,0,0,0,0,0,0,0,0,0,0,0,0,0,0,0,0,0,0,0,0,0,0,0,0,0,0,0,0,0,0,0,0,0,0,0,0,0,0,0,0,0,0,0,0,0,0,0,0,0,0,0,0,0,0,0,0,0,0,0,0,0,0,0,0,0,0,0,0,0,0,0,0,0,0,0,0,0,0,0,0,0,0,0,0,0,0,0,0,0,0,0,0,0,0,0,0,0,0,0,0,0,0,0,0,0,0,0,0,0,0,0,0,0,0,0,0,0,0,0,0,0,0,0,0,0,0,0,0,0,0,0,0,0,0,0,0,0,0,0,0,0,0,0,0,0,0,0,0,0,0,0,0,0,0,0,0,0,0,0,0,0,0,0,0,0,0,0,0,0
STAT,popedge,Iterations,182,7347384,38877,40322,38318,37362,37819,40124,38940,39159,39873,38012,38378,37563,38878,41538,41021,39420,40259,41029,38078,37586,39549,40348,40124,39872,41781,39356,40418,40190,38233,40973,39111,42055,40912,40586,41571,40538,40033,40940,39525,41277,41668,39860,40539,38355,41336,42712,42084,38756,40849,38713,37494,41962,40223,41326,43112,39747,40438,42192,39085,39537,48328,38349,36572,38809,36351,38493,39205,38696,38479,39195,38486,37973,37135,38733,41920,39364,39324,40331,39357,38381,39873,40154,38612,40834,37344,40864,38936,41827,40106,41391,38208,39797,40998,41823,42057,40957,41751,42927,43467,41606,42214,41564,40025,41924,39791,39798,40570,42055,41049,42625,39905,37769,41389,41327,42753,40788,38152,40016,42977,40669,39495,49149,39943,37931,41139,39134,41078,41230,39006,40842,40067,38117,39920,38071,38305,41375,39639,39062,39166,38629,39351,39603,42027,39479,40404,38573,40855,39658,42114,39914,39816,39762,39764,44751,40293,43618,41619,41225,43075,42202,40964,42942,41329,42008,42711,43303,41040,39524,40568,43656,43122,40053,38174,40090,44949,38769,40457,42353,41518,42378,40384,43382
STAT,refine,Conflicts,182,6249,116,112,111,104,101,115,106,105,94,80,89,94,103,81,93,66,56,66,59,66,62,77,64,71,77,52,61,74,75,66,48,30,38,36,38,30,36,43,34,34,39,41,47,41,28,33,47,44,42,52,33,42,40,54,33,51,47,48,36,35,41,17,22,31,20,22,21,28,23,38,21,25,19,28,21,25,18,25,18,14,19,15,22,14,14,32,17,22,15,28,22,19,13,24,19,19,15,17,16,24,19,23,18,20,16,10,19,26,14,18,32,20,24,18,26,14,32,15,22,17,22,30,19,29,27,31,19,25,16,25,31,22,18,35,15,24,19,19,14,23,18,22,27,24,19,26,20,22,19,17,22,25,18,21,14,13,22,10,14,12,19,17,12,21,18,20,18,13,20,20,16,32,19,22,24,23,22,20,13,22,27,21
STAT,refine,Iterations,182,46922,348,436,449,507,340,388,377,449,371,286,372,460,487,329,392,254,235,248,208,362,340,324,337,282,400,275,298,286,339,298,309,235,179,329,226,107,203,308,230,177,224,250,295,203,218,199,214,176,200,258,265,206,194,232,221,316,154,313,226,223,396,207,331,327,239,258,257,203,313,285,192,231,252,475,283,268,220,192,230,278,330,205,242,303,224,336,214,216,235,312,277,275,234,281,308,275,172,99,176,175,171,320,244,207,176,177,207,205,165,175,227,286,254,178,165,173,308,117,304,213,427,452,271,233,297,351,202,198,220,256,343,216,264,287,266,264,237,217,212,220,131,351,232,281,335,351,300,235,251,217,251,272,261,299,369,314,273,144,135,131,212,212,138,206,172,189,146,127,137,143,129,268,259,164,171,156,257,360,145,243,295,262
