Hello from MIC
Galois Benchmark Suite v2.2.0 (r0)
Copyright (C) 2013 The University of Texas at Austin
http://iss.ices.utexas.edu/galois/

application: GMetis
Partitions a graph into K parts and minimizing the graph cut
http://iss.ices.utexas.edu/?p=projects/galois/benchmarks/gMetis

INFO: CommandLine /work/02556/dpereira/MIC/apps/gmetis/gmetis -t=42 /work/02556/dpereira/Inputs/USA-road-d.W.gr 1024
INFO: Hostname c557-803-mic0.stampede.tacc.utexas.edu
Created Graph with 6262104 nodes and 15248146 edges
Nodes 6262104| Edges 15248146 7624073

  Starting coarsening: 
Time coarsen:  2794 Size of final graph: 40612

  Sarting initial partitioning using GGGP:
Size in decade percentages:  -0,1024
Time clustering:  1319

  Sarting refinnement with BKL2
Initial dist
Size in decade percentages:  -0,1024
Refined dist
Size in decade percentages:  -1,372 -0,274 1,378
Time refinement:  873


Time:  5166
Total edge cut : 36062

Part saved in : 0x7fff0b08e360
STATTYPE,LOOP,CATEGORY,n,sum,T0,T1,T2,T3,T4,T5,T6,T7,T8,T9,T10,T11,T12,T13,T14,T15,T16,T17,T18,T19,T20,T21,T22,T23,T24,T25,T26,T27,T28,T29,T30,T31,T32,T33,T34,T35,T36,T37,T38,T39,T40,T41
STAT,(NULL),Coarsen,42,2794,2794,0,0,0,0,0,0,0,0,0,0,0,0,0,0,0,0,0,0,0,0,0,0,0,0,0,0,0,0,0,0,0,0,0,0,0,0,0,0,0,0,0
STAT,(NULL),Conflicts,42,0,0,0,0,0,0,0,0,0,0,0,0,0,0,0,0,0,0,0,0,0,0,0,0,0,0,0,0,0,0,0,0,0,0,0,0,0,0,0,0,0,0,0
STAT,(NULL),Iterations,42,2047,11,61,36,72,52,79,59,46,44,66,36,13,57,44,54,68,61,61,64,58,34,11,43,58,55,56,17,43,58,51,64,24,54,43,52,26,57,44,51,33,57,74
STAT,(NULL),MeminfoPost,42,756162,18027,18007,18101,17986,18038,17988,17995,18024,18001,18116,17979,18041,17986,18000,18013,18043,18000,17960,18012,17961,18021,17986,17960,18040,17986,17954,17967,18052,18014,17959,18010,17962,17958,18096,17965,18087,18007,17965,17972,17922,18000,18001
STAT,(NULL),MeminfoPre,42,189036,4524,4504,4598,4483,4535,4485,4492,4521,4498,4613,4476,4538,4483,4497,4510,4540,4497,4457,4509,4458,4518,4483,4457,4537,4483,4451,4464,4549,4511,4456,4507,4459,4455,4593,4462,4584,4504,4462,4469,4419,4497,4498
STAT,(NULL),Partition,42,1319,1319,0,0,0,0,0,0,0,0,0,0,0,0,0,0,0,0,0,0,0,0,0,0,0,0,0,0,0,0,0,0,0,0,0,0,0,0,0,0,0,0,0
STAT,(NULL),Refine,42,873,873,0,0,0,0,0,0,0,0,0,0,0,0,0,0,0,0,0,0,0,0,0,0,0,0,0,0,0,0,0,0,0,0,0,0,0,0,0,0,0,0,0
STAT,(NULL),Threads,42,42,42,0,0,0,0,0,0,0,0,0,0,0,0,0,0,0,0,0,0,0,0,0,0,0,0,0,0,0,0,0,0,0,0,0,0,0,0,0,0,0,0,0
STAT,(NULL),Time,42,5166,5166,0,0,0,0,0,0,0,0,0,0,0,0,0,0,0,0,0,0,0,0,0,0,0,0,0,0,0,0,0,0,0,0,0,0,0,0,0,0,0,0,0
STAT,match,Conflicts,42,4911,350,266,201,183,175,191,179,171,179,167,152,108,131,168,71,62,69,98,72,85,96,54,64,60,72,96,72,80,86,62,91,71,69,104,103,93,93,84,105,107,105,66
STAT,match,Iterations,42,14888610,348726,341477,319583,355129,342744,358660,372050,328118,335904,316055,350404,343823,350791,346752,335115,335428,344081,362126,348416,353668,322521,370131,382742,349725,382438,387332,357127,347311,354991,388689,358095,367895,373985,320498,359384,344719,370429,375536,368688,390010,361255,366059
STAT,popedge,Conflicts,42,0,0,0,0,0,0,0,0,0,0,0,0,0,0,0,0,0,0,0,0,0,0,0,0,0,0,0,0,0,0,0,0,0,0,0,0,0,0,0,0,0,0,0
STAT,popedge,Iterations,42,7297883,170070,173959,169860,172479,167280,175286,177346,170986,173133,165759,171752,166916,172301,174915,159011,156130,158853,169378,164220,170551,169324,175008,182929,174312,176396,183640,176320,172340,169134,170702,169078,171671,175194,164556,167215,182304,188647,189466,192796,186931,191968,187767
STAT,refine,Conflicts,42,2145,60,64,53,64,67,51,58,62,74,48,55,62,54,39,61,73,63,50,48,54,51,55,35,40,44,37,44,61,55,48,38,56,42,51,50,46,38,32,53,39,45,25
STAT,refine,Iterations,42,463294,9553,9277,13331,8959,11118,10393,10150,9602,9808,13665,9943,11714,11950,10806,10094,12175,11080,10340,11928,11075,13227,11531,10593,13141,10314,9936,11098,12529,11417,9545,10564,9923,10815,12866,10542,13126,11992,10282,9847,10409,11040,11596
