Hello from MIC
Galois Benchmark Suite v2.2.0 (r0)
Copyright (C) 2013 The University of Texas at Austin
http://iss.ices.utexas.edu/galois/

application: GMetis
Partitions a graph into K parts and minimizing the graph cut
http://iss.ices.utexas.edu/?p=projects/galois/benchmarks/gMetis

INFO: CommandLine /work/02556/dpereira/MIC/apps/gmetis/gmetis -t=195 /work/02556/dpereira/Inputs/USA-road-d.W.gr 16
INFO: Hostname c558-002-mic0.stampede.tacc.utexas.edu
Created Graph with 6262104 nodes and 15248146 edges
Nodes 6262104| Edges 15248146 7624073

  Starting coarsening: 
Time coarsen:  3945 Size of final graph: 437

  Sarting initial partitioning using GGGP:
Size in decade percentages:  -1,1 -0,15
Time clustering:  366

  Sarting refinnement with BKL2
Initial dist
Size in decade percentages:  -1,1 -0,15
Refined dist
Size in decade percentages:  -1,5 0,5 1,6
Time refinement:  2475


Time:  6962
Total edge cut : 1980

Part saved in : 0x7fffe82e7e60
STATTYPE,LOOP,CATEGORY,n,sum,T0,T1,T2,T3,T4,T5,T6,T7,T8,T9,T10,T11,T12,T13,T14,T15,T16,T17,T18,T19,T20,T21,T22,T23,T24,T25,T26,T27,T28,T29,T30,T31,T32,T33,T34,T35,T36,T37,T38,T39,T40,T41,T42,T43,T44,T45,T46,T47,T48,T49,T50,T51,T52,T53,T54,T55,T56,T57,T58,T59,T60,T61,T62,T63,T64,T65,T66,T67,T68,T69,T70,T71,T72,T73,T74,T75,T76,T77,T78,T79,T80,T81,T82,T83,T84,T85,T86,T87,T88,T89,T90,T91,T92,T93,T94,T95,T96,T97,T98,T99,T100,T101,T102,T103,T104,T105,T106,T107,T108,T109,T110,T111,T112,T113,T114,T115,T116,T117,T118,T119,T120,T121,T122,T123,T124,T125,T126,T127,T128,T129,T130,T131,T132,T133,T134,T135,T136,T137,T138,T139,T140,T141,T142,T143,T144,T145,T146,T147,T148,T149,T150,T151,T152,T153,T154,T155,T156,T157,T158,T159,T160,T161,T162,T163,T164,T165,T166,T167,T168,T169,T170,T171,T172,T173,T174,T175,T176,T177,T178,T179,T180,T181,T182,T183,T184,T185,T186,T187,T188,T189,T190,T191,T192,T193,T194
STAT,(NULL),Coarsen,195,3945,3945,0,0,0,0,0,0,0,0,0,0,0,0,0,0,0,0,0,0,0,0,0,0,0,0,0,0,0,0,0,0,0,0,0,0,0,0,0,0,0,0,0,0,0,0,0,0,0,0,0,0,0,0,0,0,0,0,0,0,0,0,0,0,0,0,0,0,0,0,0,0,0,0,0,0,0,0,0,0,0,0,0,0,0,0,0,0,0,0,0,0,0,0,0,0,0,0,0,0,0,0,0,0,0,0,0,0,0,0,0,0,0,0,0,0,0,0,0,0,0,0,0,0,0,0,0,0,0,0,0,0,0,0,0,0,0,0,0,0,0,0,0,0,0,0,0,0,0,0,0,0,0,0,0,0,0,0,0,0,0,0,0,0,0,0,0,0,0,0,0,0,0,0,0,0,0,0,0,0,0,0,0,0,0,0,0,0,0,0,0,0,0,0,0,0
STAT,(NULL),Conflicts,195,0,0,0,0,0,0,0,0,0,0,0,0,0,0,0,0,0,0,0,0,0,0,0,0,0,0,0,0,0,0,0,0,0,0,0,0,0,0,0,0,0,0,0,0,0,0,0,0,0,0,0,0,0,0,0,0,0,0,0,0,0,0,0,0,0,0,0,0,0,0,0,0,0,0,0,0,0,0,0,0,0,0,0,0,0,0,0,0,0,0,0,0,0,0,0,0,0,0,0,0,0,0,0,0,0,0,0,0,0,0,0,0,0,0,0,0,0,0,0,0,0,0,0,0,0,0,0,0,0,0,0,0,0,0,0,0,0,0,0,0,0,0,0,0,0,0,0,0,0,0,0,0,0,0,0,0,0,0,0,0,0,0,0,0,0,0,0,0,0,0,0,0,0,0,0,0,0,0,0,0,0,0,0,0,0,0,0,0,0,0,0,0,0,0,0,0
STAT,(NULL),Iterations,195,31,5,0,0,0,0,0,2,0,0,0,0,0,0,0,0,0,0,0,0,1,0,0,0,0,0,0,0,0,0,0,0,0,0,0,0,0,0,0,0,0,0,0,0,0,0,0,0,0,0,0,0,0,0,0,0,0,0,0,0,0,1,4,0,0,0,0,0,0,0,0,0,0,0,3,0,0,0,0,0,0,0,0,0,0,0,0,0,0,0,0,0,0,0,0,0,0,0,0,0,0,0,0,0,0,0,0,0,0,0,1,0,0,0,0,0,0,1,0,0,0,2,0,0,0,0,0,0,0,0,0,0,3,0,0,0,0,0,0,0,0,1,0,0,0,0,0,0,0,0,0,0,0,0,3,0,1,0,0,1,0,0,0,0,0,0,0,0,0,0,0,0,0,0,0,0,0,0,0,0,0,0,0,0,0,0,2,0,0,0,0,0,0,0,0,0
STAT,(NULL),MeminfoPost,195,757068,3886,3872,3902,3886,3895,3881,3882,3876,3876,3889,3896,3899,3940,3899,3872,3880,3876,3874,3889,3889,3902,3885,3888,3891,3872,3878,3871,3894,3896,3874,3877,3869,3880,3886,3877,3892,3892,3897,3875,3894,3867,3887,3877,3900,3908,3937,3889,3871,3880,3874,3880,3891,3893,3892,3879,3902,3884,3869,3875,3877,3894,3891,3874,3876,3875,3879,3890,3883,3880,3892,3919,3872,3883,3896,3885,3873,3892,3875,3878,3872,3876,3887,3862,3873,3882,3893,3887,3879,3880,3872,3876,3865,3873,3871,3877,3880,3905,3907,3880,3868,3876,3872,3904,3872,3862,3859,3876,3885,3886,3893,3891,3896,3873,3879,3872,3884,3871,3880,3874,3863,3870,3870,3867,3883,3879,3868,3877,3900,3911,3901,3903,3873,3875,3880,3888,3865,3862,3878,3883,3891,3892,3884,3883,3869,3881,3875,3879,3865,3865,3876,3868,3883,3863,3893,3910,3904,3908,3888,3877,3877,3865,3872,3881,3899,3914,3898,3896,3907,3884,3871,3879,3883,3879,3879,3880,3868,3856,3874,3875,3894,3870,3864,3859,3887,3855,3872,3888,3866,3880,3881,3884,3884,3885,3872,3882
STAT,(NULL),MeminfoPre,195,189228,974,960,990,974,983,969,970,964,964,977,984,987,1028,987,960,968,964,962,977,977,990,973,976,979,960,966,959,982,984,962,965,957,968,974,965,980,980,985,963,982,955,975,965,988,996,1025,977,959,968,962,968,979,981,980,967,990,972,957,963,965,982,979,962,964,963,967,978,971,968,980,1007,960,971,984,973,961,980,963,966,960,964,975,950,961,970,981,975,967,968,960,964,953,961,959,965,968,993,995,968,956,964,960,992,960,950,947,964,973,974,981,979,984,961,967,960,972,959,968,962,951,958,958,955,971,967,956,965,988,999,989,991,961,963,968,976,953,950,966,971,979,980,972,971,957,969,963,967,953,953,964,956,971,951,981,998,992,996,976,965,965,953,960,969,987,1002,986,984,995,972,959,967,971,967,967,968,956,944,962,963,982,958,952,947,975,943,960,976,954,968,969,972,972,973,960,970
STAT,(NULL),Partition,195,366,366,0,0,0,0,0,0,0,0,0,0,0,0,0,0,0,0,0,0,0,0,0,0,0,0,0,0,0,0,0,0,0,0,0,0,0,0,0,0,0,0,0,0,0,0,0,0,0,0,0,0,0,0,0,0,0,0,0,0,0,0,0,0,0,0,0,0,0,0,0,0,0,0,0,0,0,0,0,0,0,0,0,0,0,0,0,0,0,0,0,0,0,0,0,0,0,0,0,0,0,0,0,0,0,0,0,0,0,0,0,0,0,0,0,0,0,0,0,0,0,0,0,0,0,0,0,0,0,0,0,0,0,0,0,0,0,0,0,0,0,0,0,0,0,0,0,0,0,0,0,0,0,0,0,0,0,0,0,0,0,0,0,0,0,0,0,0,0,0,0,0,0,0,0,0,0,0,0,0,0,0,0,0,0,0,0,0,0,0,0,0,0,0,0,0
STAT,(NULL),Refine,195,2475,2475,0,0,0,0,0,0,0,0,0,0,0,0,0,0,0,0,0,0,0,0,0,0,0,0,0,0,0,0,0,0,0,0,0,0,0,0,0,0,0,0,0,0,0,0,0,0,0,0,0,0,0,0,0,0,0,0,0,0,0,0,0,0,0,0,0,0,0,0,0,0,0,0,0,0,0,0,0,0,0,0,0,0,0,0,0,0,0,0,0,0,0,0,0,0,0,0,0,0,0,0,0,0,0,0,0,0,0,0,0,0,0,0,0,0,0,0,0,0,0,0,0,0,0,0,0,0,0,0,0,0,0,0,0,0,0,0,0,0,0,0,0,0,0,0,0,0,0,0,0,0,0,0,0,0,0,0,0,0,0,0,0,0,0,0,0,0,0,0,0,0,0,0,0,0,0,0,0,0,0,0,0,0,0,0,0,0,0,0,0,0,0,0,0,0
STAT,(NULL),Threads,195,195,195,0,0,0,0,0,0,0,0,0,0,0,0,0,0,0,0,0,0,0,0,0,0,0,0,0,0,0,0,0,0,0,0,0,0,0,0,0,0,0,0,0,0,0,0,0,0,0,0,0,0,0,0,0,0,0,0,0,0,0,0,0,0,0,0,0,0,0,0,0,0,0,0,0,0,0,0,0,0,0,0,0,0,0,0,0,0,0,0,0,0,0,0,0,0,0,0,0,0,0,0,0,0,0,0,0,0,0,0,0,0,0,0,0,0,0,0,0,0,0,0,0,0,0,0,0,0,0,0,0,0,0,0,0,0,0,0,0,0,0,0,0,0,0,0,0,0,0,0,0,0,0,0,0,0,0,0,0,0,0,0,0,0,0,0,0,0,0,0,0,0,0,0,0,0,0,0,0,0,0,0,0,0,0,0,0,0,0,0,0,0,0,0,0,0
STAT,(NULL),Time,195,6962,6962,0,0,0,0,0,0,0,0,0,0,0,0,0,0,0,0,0,0,0,0,0,0,0,0,0,0,0,0,0,0,0,0,0,0,0,0,0,0,0,0,0,0,0,0,0,0,0,0,0,0,0,0,0,0,0,0,0,0,0,0,0,0,0,0,0,0,0,0,0,0,0,0,0,0,0,0,0,0,0,0,0,0,0,0,0,0,0,0,0,0,0,0,0,0,0,0,0,0,0,0,0,0,0,0,0,0,0,0,0,0,0,0,0,0,0,0,0,0,0,0,0,0,0,0,0,0,0,0,0,0,0,0,0,0,0,0,0,0,0,0,0,0,0,0,0,0,0,0,0,0,0,0,0,0,0,0,0,0,0,0,0,0,0,0,0,0,0,0,0,0,0,0,0,0,0,0,0,0,0,0,0,0,0,0,0,0,0,0,0,0,0,0,0,0
STAT,match,Conflicts,195,6461,46,52,41,43,45,49,43,47,45,46,51,46,48,49,43,37,46,38,44,38,37,54,43,40,44,49,47,45,41,50,35,34,38,28,40,41,32,40,42,32,39,40,42,41,42,46,43,46,40,39,36,30,46,35,43,39,36,47,45,36,35,32,30,28,33,26,30,27,25,34,32,23,33,30,28,28,29,29,30,26,25,35,29,31,27,27,25,30,29,29,33,28,33,30,28,30,28,23,33,31,32,31,29,35,32,33,29,26,27,32,33,30,29,29,34,30,29,26,27,30,31,23,26,29,33,22,29,27,27,30,26,27,21,26,27,27,28,30,25,23,22,34,30,26,20,29,31,32,31,28,35,35,26,31,30,29,32,27,25,30,28,32,30,25,37,32,37,30,27,24,23,31,34,31,30,33,30,24,35,37,31,34,37,25,24,23,36,31,36,28,26,22,30,28,25
STAT,match,Iterations,195,15038837,54645,47206,66542,72860,50594,67803,67372,66726,46226,70192,57241,69107,60228,60561,62435,69136,63714,72508,53549,73423,81188,63026,68710,63804,62554,75695,81684,45384,78389,57007,72429,70635,68749,80484,72768,83478,64217,73820,62974,68833,75056,92366,69173,73205,68826,48485,51791,81112,67566,85754,90324,82243,61492,72226,57962,69582,76694,91319,49922,87141,69078,55679,67485,68059,99373,72264,59730,74491,88209,60056,74257,84594,73643,87730,82162,87092,83064,76796,75303,94597,91908,85709,97385,68221,92857,89317,95132,60573,82773,86293,80229,77957,79041,80155,70108,86073,73160,71331,81284,64588,78947,71669,73521,84302,80574,109583,87983,100007,74236,76918,65253,82841,98912,89169,72855,78460,76225,91872,106610,85014,81591,90075,81818,68217,75136,85955,71380,104455,75210,69300,73496,98313,83157,62822,78611,79016,81007,83997,78180,82944,83597,76900,85822,67569,99534,64795,89717,75921,99563,73976,83053,94074,76966,107038,64429,85462,91854,66186,87445,89904,95090,74088,69666,89042,70252,77706,74057,68394,95540,89316,87851,64455,70613,72816,108649,87829,91414,85822,74235,79279,73558,89507,73145,89857,102184,82891,74561,91584,70098,78138,79068,77467,67822,77841,83675
STAT,popedge,Conflicts,195,0,0,0,0,0,0,0,0,0,0,0,0,0,0,0,0,0,0,0,0,0,0,0,0,0,0,0,0,0,0,0,0,0,0,0,0,0,0,0,0,0,0,0,0,0,0,0,0,0,0,0,0,0,0,0,0,0,0,0,0,0,0,0,0,0,0,0,0,0,0,0,0,0,0,0,0,0,0,0,0,0,0,0,0,0,0,0,0,0,0,0,0,0,0,0,0,0,0,0,0,0,0,0,0,0,0,0,0,0,0,0,0,0,0,0,0,0,0,0,0,0,0,0,0,0,0,0,0,0,0,0,0,0,0,0,0,0,0,0,0,0,0,0,0,0,0,0,0,0,0,0,0,0,0,0,0,0,0,0,0,0,0,0,0,0,0,0,0,0,0,0,0,0,0,0,0,0,0,0,0,0,0,0,0,0,0,0,0,0,0,0,0,0,0,0,0
STAT,popedge,Iterations,195,7366047,33617,33490,33128,34798,33038,32727,32895,33181,33716,33557,33934,31993,37794,37814,38445,40007,37061,38543,39890,38106,37494,36744,38907,38883,40365,39873,38928,40418,39225,36915,38952,38629,38964,37402,36482,35474,36841,38002,40875,37938,39216,37676,41053,38672,38284,39104,39540,39253,41575,39612,40765,37462,38277,39707,39150,39121,39381,39863,41016,38488,40374,33383,36107,34032,33509,33803,34526,32547,34083,33998,33160,34660,33205,34669,38393,38245,37428,37206,38173,37323,36771,38336,34690,39848,40277,38193,37161,38586,37099,38331,37223,39003,38408,36712,38373,38410,36772,36006,40270,40742,37886,40622,39997,40228,39993,40174,42982,37211,40413,41673,39831,40964,39635,38385,38898,43018,41363,40415,38660,39181,39369,41712,34449,34374,33445,34755,34163,35976,33754,34510,33235,37040,31580,33742,37111,38953,39549,37416,39423,38213,36442,37224,39500,36591,37647,40576,39822,37854,38979,39105,38618,36134,38514,39707,39727,40966,37562,37019,39140,38085,37425,38827,39568,40240,42206,40773,42963,39522,41917,41552,41597,41118,40978,40877,38503,40156,38579,41919,40330,41045,40537,42648,39009,33002,34799,33146,32700,35231,34347,34528,35917,33039,34933,34107,32204
STAT,refine,Conflicts,195,6063,131,122,130,101,103,103,98,97,91,78,90,82,79,81,85,83,58,75,55,62,57,68,64,54,65,54,67,72,62,66,52,39,33,51,43,45,25,39,21,36,41,41,52,42,47,39,27,33,31,49,36,37,38,41,39,32,43,30,29,32,30,12,23,15,16,14,22,13,19,13,16,19,9,18,16,23,19,19,21,20,16,22,15,10,14,16,20,24,19,21,24,22,25,20,22,20,21,20,18,20,18,16,19,14,22,24,22,13,18,21,15,16,10,16,21,15,16,27,19,19,11,27,27,10,21,19,12,21,12,14,15,13,18,16,19,17,21,16,17,25,15,17,17,21,18,16,24,15,27,19,17,23,8,20,17,20,24,19,16,19,10,23,23,16,26,18,22,16,24,12,20,26,23,21,21,10,12,17,13,20,25,26,18,20,12,21,17,20,26,15,18,16,19,18,13
STAT,refine,Iterations,195,41849,434,423,502,409,338,439,296,296,290,249,306,343,282,258,260,268,212,374,249,296,269,222,245,228,233,252,243,234,195,244,208,258,168,312,255,320,212,192,193,190,218,178,196,331,305,172,176,212,216,206,301,208,172,236,124,149,194,159,147,192,159,165,174,129,119,166,247,140,227,169,148,131,141,151,167,183,179,193,252,214,195,190,146,146,174,218,254,209,170,166,179,207,278,186,276,364,240,210,202,203,205,199,159,176,246,271,151,186,201,290,229,256,186,175,187,118,161,229,145,180,145,249,270,198,219,172,228,323,124,224,219,160,198,172,141,93,144,172,145,332,175,217,211,176,147,198,230,201,214,242,197,230,122,352,211,370,320,195,195,154,177,167,201,196,229,157,274,102,191,170,299,196,279,229,207,152,138,115,144,122,187,206,191,158,196,165,158,219,310,208,237,174,153,174,177
