Hello from MIC
Galois Benchmark Suite v2.2.0 (r0)
Copyright (C) 2013 The University of Texas at Austin
http://iss.ices.utexas.edu/galois/

application: GMetis
Partitions a graph into K parts and minimizing the graph cut
http://iss.ices.utexas.edu/?p=projects/galois/benchmarks/gMetis

INFO: CommandLine /work/02556/dpereira/MIC/apps/gmetis/gmetis -t=31 /work/02556/dpereira/Inputs/USA-road-d.W.gr 1024
INFO: Hostname c558-003-mic0.stampede.tacc.utexas.edu
Created Graph with 6262104 nodes and 15248146 edges
Nodes 6262104| Edges 15248146 7624073

  Starting coarsening: 
Time coarsen:  3480 Size of final graph: 40420

  Sarting initial partitioning using GGGP:
Size in decade percentages:  -1,1 -0,1023
Time clustering:  1284

  Sarting refinnement with BKL2
Initial dist
Size in decade percentages:  -1,1 -0,1023
Refined dist
Size in decade percentages:  -1,353 0,307 1,363 2,1
Time refinement:  1055


Time:  5998
Total edge cut : 36937

Part saved in : 0x7fff213f2d60
STATTYPE,LOOP,CATEGORY,n,sum,T0,T1,T2,T3,T4,T5,T6,T7,T8,T9,T10,T11,T12,T13,T14,T15,T16,T17,T18,T19,T20,T21,T22,T23,T24,T25,T26,T27,T28,T29,T30
STAT,(NULL),Coarsen,31,3480,3480,0,0,0,0,0,0,0,0,0,0,0,0,0,0,0,0,0,0,0,0,0,0,0,0,0,0,0,0,0,0
STAT,(NULL),Conflicts,31,0,0,0,0,0,0,0,0,0,0,0,0,0,0,0,0,0,0,0,0,0,0,0,0,0,0,0,0,0,0,0,0
STAT,(NULL),Iterations,31,2047,11,87,65,83,64,84,93,62,64,39,79,74,76,96,85,67,97,50,12,30,72,67,61,21,58,60,72,40,75,127,76
STAT,(NULL),MeminfoPost,31,756186,24422,24448,24407,24426,24385,24408,24411,24451,24439,24382,24384,24438,24377,24372,24338,24411,24340,24427,24346,24329,24460,24346,24405,24320,24467,24360,24473,24366,24323,24337,24388
STAT,(NULL),MeminfoPre,31,189041,6127,6153,6112,6131,6090,6113,6116,6156,6144,6087,6089,6143,6082,6077,6043,6116,6045,6132,6051,6034,6165,6051,6110,6025,6172,6065,6178,6071,6028,6042,6093
STAT,(NULL),Partition,31,1284,1284,0,0,0,0,0,0,0,0,0,0,0,0,0,0,0,0,0,0,0,0,0,0,0,0,0,0,0,0,0,0
STAT,(NULL),Refine,31,1055,1055,0,0,0,0,0,0,0,0,0,0,0,0,0,0,0,0,0,0,0,0,0,0,0,0,0,0,0,0,0,0
STAT,(NULL),Threads,31,31,31,0,0,0,0,0,0,0,0,0,0,0,0,0,0,0,0,0,0,0,0,0,0,0,0,0,0,0,0,0,0
STAT,(NULL),Time,31,5998,5998,0,0,0,0,0,0,0,0,0,0,0,0,0,0,0,0,0,0,0,0,0,0,0,0,0,0,0,0,0,0
STAT,match,Conflicts,31,3480,231,200,138,220,135,116,97,123,189,72,77,85,64,86,105,67,80,62,57,89,122,108,80,100,87,80,95,84,148,186,97
STAT,match,Iterations,31,14876855,468324,466037,480640,494515,492275,468970,465336,449143,452086,484738,450075,452945,492017,458331,444879,464316,483343,481695,489053,514968,452131,490797,499362,485730,471833,486448,490543,506362,519254,514926,505783
STAT,popedge,Conflicts,31,0,0,0,0,0,0,0,0,0,0,0,0,0,0,0,0,0,0,0,0,0,0,0,0,0,0,0,0,0,0,0,0
STAT,popedge,Iterations,31,7291556,228807,232216,229201,230005,234776,231143,231677,229267,226172,236337,222766,211420,223158,228243,209122,231240,244260,236816,240923,243536,235009,234229,230467,239315,230889,228688,257167,260459,258252,258651,257345
STAT,refine,Conflicts,31,1606,67,74,57,67,50,60,49,59,50,50,55,53,43,53,59,56,67,39,40,38,49,75,54,48,57,40,29,34,55,48,31
STAT,refine,Iterations,31,470471,13388,14541,14410,14577,13899,13611,14739,16384,15738,15563,15086,16813,15704,14794,13404,17155,14787,15767,14847,16850,19952,14239,14777,14137,16594,13603,16655,14886,13574,14587,15410
