Hello from MIC
Galois Benchmark Suite v2.2.0 (r0)
Copyright (C) 2013 The University of Texas at Austin
http://iss.ices.utexas.edu/galois/

application: GMetis
Partitions a graph into K parts and minimizing the graph cut
http://iss.ices.utexas.edu/?p=projects/galois/benchmarks/gMetis

INFO: CommandLine /work/02556/dpereira/MIC/apps/gmetis/gmetis -t=75 /work/02556/dpereira/Inputs/USA-road-d.W.gr 128
INFO: Hostname c557-903-mic0.stampede.tacc.utexas.edu
Created Graph with 6262104 nodes and 15248146 edges
Nodes 6262104| Edges 15248146 7624073

  Starting coarsening: 
Time coarsen:  2310 Size of final graph: 3046

  Sarting initial partitioning using GGGP:
Size in decade percentages:  -1,8 -0,116 1,4
Time clustering:  407

  Sarting refinnement with BKL2
Initial dist
Size in decade percentages:  -1,8 -0,116 1,4
Refined dist
Size in decade percentages:  -1,44 -0,42 1,42
Time refinement:  838


Time:  3731
Total edge cut : 8398

Part saved in : 0x7fffef725be0
STATTYPE,LOOP,CATEGORY,n,sum,T0,T1,T2,T3,T4,T5,T6,T7,T8,T9,T10,T11,T12,T13,T14,T15,T16,T17,T18,T19,T20,T21,T22,T23,T24,T25,T26,T27,T28,T29,T30,T31,T32,T33,T34,T35,T36,T37,T38,T39,T40,T41,T42,T43,T44,T45,T46,T47,T48,T49,T50,T51,T52,T53,T54,T55,T56,T57,T58,T59,T60,T61,T62,T63,T64,T65,T66,T67,T68,T69,T70,T71,T72,T73,T74
STAT,(NULL),Coarsen,75,2310,2310,0,0,0,0,0,0,0,0,0,0,0,0,0,0,0,0,0,0,0,0,0,0,0,0,0,0,0,0,0,0,0,0,0,0,0,0,0,0,0,0,0,0,0,0,0,0,0,0,0,0,0,0,0,0,0,0,0,0,0,0,0,0,0,0,0,0,0,0,0,0,0,0,0,0
STAT,(NULL),Conflicts,75,0,0,0,0,0,0,0,0,0,0,0,0,0,0,0,0,0,0,0,0,0,0,0,0,0,0,0,0,0,0,0,0,0,0,0,0,0,0,0,0,0,0,0,0,0,0,0,0,0,0,0,0,0,0,0,0,0,0,0,0,0,0,0,0,0,0,0,0,0,0,0,0,0,0,0,0
STAT,(NULL),Iterations,75,255,9,3,0,3,4,3,2,4,1,0,2,5,1,0,4,2,2,6,4,2,5,5,1,4,2,2,3,0,2,3,8,2,4,2,1,1,1,8,7,2,9,14,21,8,8,1,2,5,1,5,5,4,4,4,6,0,3,1,2,4,4,0,5,3,0,0,6,0,4,0,3,0,0,0,3
STAT,(NULL),MeminfoPost,75,756197,10087,10103,10082,10081,10168,10086,10068,10107,10103,10072,10081,10079,10074,10102,10087,10070,10110,10174,10058,10084,10107,10093,10062,10104,10057,10090,10095,10101,10094,10080,10062,10063,10083,10082,10070,10043,10078,10130,10054,10088,10032,10093,10111,10063,10070,10062,10046,10068,10070,10139,10090,10079,10043,10096,10091,10061,10060,10044,10067,10140,10114,10050,10087,10135,10121,10078,10058,10049,10046,10080,10043,10065,10067,10084,10083
STAT,(NULL),MeminfoPre,75,189047,2525,2541,2520,2519,2606,2524,2506,2545,2541,2510,2519,2517,2512,2540,2525,2508,2548,2612,2496,2522,2545,2531,2500,2542,2495,2528,2533,2539,2532,2518,2500,2501,2521,2520,2508,2481,2516,2568,2492,2526,2470,2531,2549,2501,2508,2500,2484,2506,2508,2577,2528,2517,2481,2534,2529,2499,2498,2482,2505,2578,2552,2488,2525,2573,2559,2516,2496,2487,2484,2518,2481,2503,2505,2522,2521
STAT,(NULL),Partition,75,407,407,0,0,0,0,0,0,0,0,0,0,0,0,0,0,0,0,0,0,0,0,0,0,0,0,0,0,0,0,0,0,0,0,0,0,0,0,0,0,0,0,0,0,0,0,0,0,0,0,0,0,0,0,0,0,0,0,0,0,0,0,0,0,0,0,0,0,0,0,0,0,0,0,0,0
STAT,(NULL),Refine,75,838,838,0,0,0,0,0,0,0,0,0,0,0,0,0,0,0,0,0,0,0,0,0,0,0,0,0,0,0,0,0,0,0,0,0,0,0,0,0,0,0,0,0,0,0,0,0,0,0,0,0,0,0,0,0,0,0,0,0,0,0,0,0,0,0,0,0,0,0,0,0,0,0,0,0,0
STAT,(NULL),Threads,75,75,75,0,0,0,0,0,0,0,0,0,0,0,0,0,0,0,0,0,0,0,0,0,0,0,0,0,0,0,0,0,0,0,0,0,0,0,0,0,0,0,0,0,0,0,0,0,0,0,0,0,0,0,0,0,0,0,0,0,0,0,0,0,0,0,0,0,0,0,0,0,0,0,0,0,0
STAT,(NULL),Time,75,3731,3731,0,0,0,0,0,0,0,0,0,0,0,0,0,0,0,0,0,0,0,0,0,0,0,0,0,0,0,0,0,0,0,0,0,0,0,0,0,0,0,0,0,0,0,0,0,0,0,0,0,0,0,0,0,0,0,0,0,0,0,0,0,0,0,0,0,0,0,0,0,0,0,0,0,0
STAT,match,Conflicts,75,5922,134,120,162,117,114,128,120,142,144,109,127,130,134,122,69,78,71,62,68,80,61,71,70,59,71,66,73,77,69,60,75,57,58,74,63,70,55,90,82,87,68,59,68,50,66,70,79,62,65,62,60,70,67,67,68,54,53,54,60,65,60,56,63,67,46,58,58,50,82,88,75,75,95,81,82
STAT,match,Iterations,75,14993042,163529,162381,167149,180369,151361,179857,184066,166767,160224,188280,174051,178208,160335,181072,197498,208214,197340,182423,220151,204152,205464,210696,216405,208425,207694,204644,212450,201002,195939,204261,208828,222584,202099,196308,225611,214602,207079,201907,216978,209644,222775,208200,185318,230685,219770,204619,207312,229943,213869,206115,210966,197550,216117,212901,193891,208651,213443,216858,178999,192568,197203,204987,184497,194201,213994,206531,213160,216793,190084,192884,221564,208208,198978,187951,211410
STAT,popedge,Conflicts,75,0,0,0,0,0,0,0,0,0,0,0,0,0,0,0,0,0,0,0,0,0,0,0,0,0,0,0,0,0,0,0,0,0,0,0,0,0,0,0,0,0,0,0,0,0,0,0,0,0,0,0,0,0,0,0,0,0,0,0,0,0,0,0,0,0,0,0,0,0,0,0,0,0,0,0,0
STAT,popedge,Iterations,75,7348117,88332,87891,92867,91825,91465,92914,93906,90163,91062,93359,93832,95031,93329,93390,101182,102657,101369,97162,102251,101466,98517,101748,102618,103081,104455,94532,96079,94056,91935,94646,100881,102644,99652,100273,99520,103753,98394,100373,110153,103758,110077,102424,104779,102246,104019,105963,104954,102244,103593,101077,99030,105323,104636,102012,99116,102803,104009,105401,94295,97927,99433,85633,88878,92175,92910,92105,89715,96902,95182,92819,91881,93509,94669,99427,90430
STAT,refine,Conflicts,75,3821,117,107,98,109,86,99,96,82,66,72,80,82,77,85,76,68,50,52,46,48,58,59,49,61,56,55,55,53,64,48,54,36,31,43,44,35,35,47,39,34,30,46,42,34,35,32,36,47,52,33,46,45,32,58,33,40,39,43,41,40,41,35,37,26,37,28,29,29,37,30,24,34,19,21,38
STAT,refine,Iterations,75,136041,1409,1774,2138,1518,1846,1431,1476,1795,1541,1345,1737,1621,1456,1745,1453,1735,1693,2029,1525,1870,1927,1706,1566,2334,1610,1700,1833,1769,2121,1776,1584,2000,2034,2070,1788,1722,1718,2529,1187,1910,1549,2247,1941,1976,1770,1793,1870,2045,1593,2553,1554,2290,1580,2513,1974,1602,1914,1920,1709,2757,2472,1571,2133,2468,1985,1693,1625,1356,1595,1639,1226,1902,1510,1838,1857
