Hello from MIC
Galois Benchmark Suite v2.2.0 (r0)
Copyright (C) 2013 The University of Texas at Austin
http://iss.ices.utexas.edu/galois/

application: GMetis
Partitions a graph into K parts and minimizing the graph cut
http://iss.ices.utexas.edu/?p=projects/galois/benchmarks/gMetis

INFO: CommandLine /work/02556/dpereira/MIC/apps/gmetis/gmetis -t=112 /work/02556/dpereira/Inputs/USA-road-d.W.gr 1024
INFO: Hostname c558-401-mic0.stampede.tacc.utexas.edu
Created Graph with 6262104 nodes and 15248146 edges
Nodes 6262104| Edges 15248146 7624073

  Starting coarsening: 
Time coarsen:  2068 Size of final graph: 21656

  Sarting initial partitioning using GGGP:
Size in decade percentages:  -1,75 -0,870 1,79
Time clustering:  896

  Sarting refinnement with BKL2
Initial dist
Size in decade percentages:  -1,75 -0,870 1,79
Refined dist
Size in decade percentages:  -1,374 0,269 1,380 3,1
Time refinement:  1118


Time:  4262
Total edge cut : 31753

Part saved in : 0x7fffd2e7fbe0
STATTYPE,LOOP,CATEGORY,n,sum,T0,T1,T2,T3,T4,T5,T6,T7,T8,T9,T10,T11,T12,T13,T14,T15,T16,T17,T18,T19,T20,T21,T22,T23,T24,T25,T26,T27,T28,T29,T30,T31,T32,T33,T34,T35,T36,T37,T38,T39,T40,T41,T42,T43,T44,T45,T46,T47,T48,T49,T50,T51,T52,T53,T54,T55,T56,T57,T58,T59,T60,T61,T62,T63,T64,T65,T66,T67,T68,T69,T70,T71,T72,T73,T74,T75,T76,T77,T78,T79,T80,T81,T82,T83,T84,T85,T86,T87,T88,T89,T90,T91,T92,T93,T94,T95,T96,T97,T98,T99,T100,T101,T102,T103,T104,T105,T106,T107,T108,T109,T110,T111
STAT,(NULL),Coarsen,112,2068,2068,0,0,0,0,0,0,0,0,0,0,0,0,0,0,0,0,0,0,0,0,0,0,0,0,0,0,0,0,0,0,0,0,0,0,0,0,0,0,0,0,0,0,0,0,0,0,0,0,0,0,0,0,0,0,0,0,0,0,0,0,0,0,0,0,0,0,0,0,0,0,0,0,0,0,0,0,0,0,0,0,0,0,0,0,0,0,0,0,0,0,0,0,0,0,0,0,0,0,0,0,0,0,0,0,0,0,0,0,0,0,0
STAT,(NULL),Conflicts,112,0,0,0,0,0,0,0,0,0,0,0,0,0,0,0,0,0,0,0,0,0,0,0,0,0,0,0,0,0,0,0,0,0,0,0,0,0,0,0,0,0,0,0,0,0,0,0,0,0,0,0,0,0,0,0,0,0,0,0,0,0,0,0,0,0,0,0,0,0,0,0,0,0,0,0,0,0,0,0,0,0,0,0,0,0,0,0,0,0,0,0,0,0,0,0,0,0,0,0,0,0,0,0,0,0,0,0,0,0,0,0,0,0
STAT,(NULL),Iterations,112,2047,11,12,22,7,18,18,19,20,13,26,10,13,10,24,11,24,7,19,23,24,27,17,20,18,30,27,21,33,17,12,19,26,14,11,16,14,21,26,12,15,22,25,13,23,14,16,11,13,13,14,15,22,12,33,22,13,17,29,11,33,22,13,6,10,14,24,8,24,13,15,20,14,14,12,22,20,15,10,19,14,17,16,15,31,14,13,25,22,24,36,47,9,33,18,16,22,19,24,22,18,15,9,15,13,23,23,24,25,15,11,10,16
STAT,(NULL),MeminfoPost,112,756671,6757,6766,6771,6754,6748,6763,6796,6816,6744,6746,6763,6774,6767,6765,6739,6752,6778,6735,6747,6746,6784,6764,6763,6739,6776,6808,6793,6743,6741,6765,6779,6768,6756,6740,6763,6762,6739,6747,6770,6758,6788,6753,6770,6753,6750,6744,6757,6723,6761,6766,6744,6749,6732,6741,6741,6797,6764,6739,6765,6738,6718,6755,6768,6776,6753,6740,6751,6746,6733,6726,6735,6758,6739,6799,6799,6744,6750,6746,6725,6759,6774,6756,6750,6739,6738,6735,6744,6731,6795,6800,6765,6743,6730,6764,6803,6785,6774,6740,6753,6747,6739,6733,6730,6766,6721,6734,6757,6725,6751,6759,6760,6750
STAT,(NULL),MeminfoPre,112,189167,1690,1699,1704,1687,1681,1696,1729,1749,1677,1679,1696,1707,1700,1698,1672,1685,1711,1668,1680,1679,1717,1697,1696,1672,1709,1741,1726,1676,1674,1698,1712,1701,1689,1673,1696,1695,1672,1680,1703,1691,1721,1686,1703,1686,1683,1677,1690,1656,1694,1699,1677,1682,1665,1674,1674,1730,1697,1672,1698,1671,1651,1688,1701,1709,1686,1673,1684,1679,1666,1659,1668,1691,1672,1732,1732,1677,1683,1679,1658,1692,1707,1689,1683,1672,1671,1668,1677,1664,1728,1733,1698,1676,1663,1697,1736,1718,1707,1673,1686,1680,1672,1666,1663,1699,1654,1667,1690,1658,1684,1692,1693,1683
STAT,(NULL),Partition,112,896,896,0,0,0,0,0,0,0,0,0,0,0,0,0,0,0,0,0,0,0,0,0,0,0,0,0,0,0,0,0,0,0,0,0,0,0,0,0,0,0,0,0,0,0,0,0,0,0,0,0,0,0,0,0,0,0,0,0,0,0,0,0,0,0,0,0,0,0,0,0,0,0,0,0,0,0,0,0,0,0,0,0,0,0,0,0,0,0,0,0,0,0,0,0,0,0,0,0,0,0,0,0,0,0,0,0,0,0,0,0,0,0
STAT,(NULL),Refine,112,1118,1118,0,0,0,0,0,0,0,0,0,0,0,0,0,0,0,0,0,0,0,0,0,0,0,0,0,0,0,0,0,0,0,0,0,0,0,0,0,0,0,0,0,0,0,0,0,0,0,0,0,0,0,0,0,0,0,0,0,0,0,0,0,0,0,0,0,0,0,0,0,0,0,0,0,0,0,0,0,0,0,0,0,0,0,0,0,0,0,0,0,0,0,0,0,0,0,0,0,0,0,0,0,0,0,0,0,0,0,0,0,0,0
STAT,(NULL),Threads,112,112,112,0,0,0,0,0,0,0,0,0,0,0,0,0,0,0,0,0,0,0,0,0,0,0,0,0,0,0,0,0,0,0,0,0,0,0,0,0,0,0,0,0,0,0,0,0,0,0,0,0,0,0,0,0,0,0,0,0,0,0,0,0,0,0,0,0,0,0,0,0,0,0,0,0,0,0,0,0,0,0,0,0,0,0,0,0,0,0,0,0,0,0,0,0,0,0,0,0,0,0,0,0,0,0,0,0,0,0,0,0,0,0
STAT,(NULL),Time,112,4262,4262,0,0,0,0,0,0,0,0,0,0,0,0,0,0,0,0,0,0,0,0,0,0,0,0,0,0,0,0,0,0,0,0,0,0,0,0,0,0,0,0,0,0,0,0,0,0,0,0,0,0,0,0,0,0,0,0,0,0,0,0,0,0,0,0,0,0,0,0,0,0,0,0,0,0,0,0,0,0,0,0,0,0,0,0,0,0,0,0,0,0,0,0,0,0,0,0,0,0,0,0,0,0,0,0,0,0,0,0,0,0,0
STAT,match,Conflicts,112,5296,77,71,66,62,73,57,71,75,65,66,63,91,62,58,62,54,54,50,49,55,55,60,55,51,61,71,52,53,58,54,59,52,47,48,56,49,54,37,37,55,51,43,54,53,51,59,58,61,44,59,57,44,42,32,35,34,37,38,38,34,31,32,25,38,27,42,26,30,40,29,33,39,61,36,29,47,28,33,37,32,33,46,36,38,46,40,43,45,43,37,36,38,43,29,41,44,57,36,30,43,38,49,36,62,39,42,37,40,61,40,51,33
STAT,match,Iterations,112,14947547,106161,112667,108525,120995,114959,128018,116974,112484,109504,130208,113999,117377,116153,101811,132887,128159,130679,128572,118865,129137,112108,126121,121679,133014,118828,135001,122866,120489,128133,123458,119890,130787,128675,117050,121748,129480,141037,130385,140486,109203,136673,124582,115534,135135,121012,121395,118272,134839,128873,107076,132156,156362,151956,153120,149924,135624,143414,144303,141675,161821,150996,127258,148897,127019,144416,152416,145019,153837,129813,152776,156010,136619,147397,138325,158087,140911,137710,146980,143308,134196,150077,134947,149517,138332,142818,136515,139561,140187,117570,140316,134140,150859,148150,133918,140578,145645,117934,147573,152109,124261,134022,154836,142918,134970,145522,139545,153098,145172,129880,130476,121859,155934
STAT,popedge,Conflicts,112,0,0,0,0,0,0,0,0,0,0,0,0,0,0,0,0,0,0,0,0,0,0,0,0,0,0,0,0,0,0,0,0,0,0,0,0,0,0,0,0,0,0,0,0,0,0,0,0,0,0,0,0,0,0,0,0,0,0,0,0,0,0,0,0,0,0,0,0,0,0,0,0,0,0,0,0,0,0,0,0,0,0,0,0,0,0,0,0,0,0,0,0,0,0,0,0,0,0,0,0,0,0,0,0,0,0,0,0,0,0,0,0,0
STAT,popedge,Iterations,112,7326503,65989,63953,64769,63349,66339,64616,64792,63580,66631,65090,63571,65003,61887,63212,64225,64085,65489,65040,67138,66641,61762,65878,64807,66988,63025,64316,62870,65442,60083,64838,63143,63283,63010,68293,66456,67689,68923,63809,61703,63651,61759,60926,61665,61049,64646,64489,67636,66834,65890,66008,64670,71583,71542,66427,71262,68254,75113,77481,74263,77924,77357,66286,62025,63079,62653,62585,64511,60768,64112,63187,63607,61539,62774,64322,65876,63149,64326,65506,66579,66381,63845,62290,63055,67348,64082,62641,65141,63706,64540,61437,62683,60524,62929,63436,70625,67175,72360,70734,64813,66369,63782,62991,65083,65514,65553,64726,66100,66682,72063,68364,68710,61791
STAT,refine,Conflicts,112,4261,70,75,77,86,63,63,63,60,62,62,80,66,64,57,59,60,56,61,47,54,61,63,41,53,54,54,39,46,44,61,42,40,39,39,43,40,40,32,44,38,51,42,50,31,41,35,29,33,38,35,30,23,35,32,38,35,28,21,37,28,34,21,30,17,27,23,22,24,28,27,27,26,31,32,31,29,27,29,19,24,36,32,33,32,23,26,29,19,29,28,31,29,26,16,20,21,23,20,28,30,28,27,25,25,25,33,24,27,21,31,25,21
STAT,refine,Iterations,112,429738,3029,4141,3599,3149,3115,3413,3633,3868,3392,4173,3596,3548,3477,3087,3231,3595,3890,2854,3135,3336,4169,3613,3211,3758,2945,5044,4033,3195,3582,3857,3573,3835,3403,4068,3785,3969,3967,3563,3783,3214,4454,3509,3771,3670,3670,3577,3352,3757,4320,4072,3802,4478,4205,4576,4324,5579,5069,3593,4985,4266,3074,3837,4019,3634,3242,3327,3882,3483,3728,3711,4142,3545,3568,4602,5032,3912,3554,3868,2658,4356,4627,3967,3826,3428,4262,3598,4214,4018,3895,4517,4395,3808,4063,3525,4651,4963,3712,3426,4291,3402,3445,4158,3613,3969,3401,3638,3985,3560,4131,4473,4665,4081
