Hello from MIC
Galois Benchmark Suite v2.2.0 (r0)
Copyright (C) 2013 The University of Texas at Austin
http://iss.ices.utexas.edu/galois/

application: GMetis
Partitions a graph into K parts and minimizing the graph cut
http://iss.ices.utexas.edu/?p=projects/galois/benchmarks/gMetis

INFO: CommandLine /work/02556/dpereira/MIC/apps/gmetis/gmetis -t=186 /work/02556/dpereira/Inputs/USA-road-d.W.gr 128
INFO: Hostname c558-002-mic0.stampede.tacc.utexas.edu
Created Graph with 6262104 nodes and 15248146 edges
Nodes 6262104| Edges 15248146 7624073

  Starting coarsening: 
Time coarsen:  3015 Size of final graph: 3121

  Sarting initial partitioning using GGGP:
Size in decade percentages:  -1,7 -0,117 1,4
Time clustering:  452

  Sarting refinnement with BKL2
Initial dist
Size in decade percentages:  -1,7 -0,117 1,4
Refined dist
Size in decade percentages:  -1,45 -0,33 1,50
Time refinement:  1980


Time:  5627
Total edge cut : 8160

Part saved in : 0x7fff812601e0
STATTYPE,LOOP,CATEGORY,n,sum,T0,T1,T2,T3,T4,T5,T6,T7,T8,T9,T10,T11,T12,T13,T14,T15,T16,T17,T18,T19,T20,T21,T22,T23,T24,T25,T26,T27,T28,T29,T30,T31,T32,T33,T34,T35,T36,T37,T38,T39,T40,T41,T42,T43,T44,T45,T46,T47,T48,T49,T50,T51,T52,T53,T54,T55,T56,T57,T58,T59,T60,T61,T62,T63,T64,T65,T66,T67,T68,T69,T70,T71,T72,T73,T74,T75,T76,T77,T78,T79,T80,T81,T82,T83,T84,T85,T86,T87,T88,T89,T90,T91,T92,T93,T94,T95,T96,T97,T98,T99,T100,T101,T102,T103,T104,T105,T106,T107,T108,T109,T110,T111,T112,T113,T114,T115,T116,T117,T118,T119,T120,T121,T122,T123,T124,T125,T126,T127,T128,T129,T130,T131,T132,T133,T134,T135,T136,T137,T138,T139,T140,T141,T142,T143,T144,T145,T146,T147,T148,T149,T150,T151,T152,T153,T154,T155,T156,T157,T158,T159,T160,T161,T162,T163,T164,T165,T166,T167,T168,T169,T170,T171,T172,T173,T174,T175,T176,T177,T178,T179,T180,T181,T182,T183,T184,T185
STAT,(NULL),Coarsen,186,3015,3015,0,0,0,0,0,0,0,0,0,0,0,0,0,0,0,0,0,0,0,0,0,0,0,0,0,0,0,0,0,0,0,0,0,0,0,0,0,0,0,0,0,0,0,0,0,0,0,0,0,0,0,0,0,0,0,0,0,0,0,0,0,0,0,0,0,0,0,0,0,0,0,0,0,0,0,0,0,0,0,0,0,0,0,0,0,0,0,0,0,0,0,0,0,0,0,0,0,0,0,0,0,0,0,0,0,0,0,0,0,0,0,0,0,0,0,0,0,0,0,0,0,0,0,0,0,0,0,0,0,0,0,0,0,0,0,0,0,0,0,0,0,0,0,0,0,0,0,0,0,0,0,0,0,0,0,0,0,0,0,0,0,0,0,0,0,0,0,0,0,0,0,0,0,0,0,0,0,0,0,0,0,0,0,0,0
STAT,(NULL),Conflicts,186,0,0,0,0,0,0,0,0,0,0,0,0,0,0,0,0,0,0,0,0,0,0,0,0,0,0,0,0,0,0,0,0,0,0,0,0,0,0,0,0,0,0,0,0,0,0,0,0,0,0,0,0,0,0,0,0,0,0,0,0,0,0,0,0,0,0,0,0,0,0,0,0,0,0,0,0,0,0,0,0,0,0,0,0,0,0,0,0,0,0,0,0,0,0,0,0,0,0,0,0,0,0,0,0,0,0,0,0,0,0,0,0,0,0,0,0,0,0,0,0,0,0,0,0,0,0,0,0,0,0,0,0,0,0,0,0,0,0,0,0,0,0,0,0,0,0,0,0,0,0,0,0,0,0,0,0,0,0,0,0,0,0,0,0,0,0,0,0,0,0,0,0,0,0,0,0,0,0,0,0,0,0,0,0,0,0,0
STAT,(NULL),Iterations,186,255,8,0,0,3,2,4,1,3,0,2,0,3,4,1,5,2,0,3,1,0,2,2,4,1,0,1,0,2,2,0,3,3,2,3,0,0,1,1,0,0,0,0,2,3,4,1,0,5,2,1,0,0,0,0,0,2,1,0,3,0,0,3,0,0,0,1,1,3,0,3,0,4,0,0,0,6,0,6,0,1,0,2,1,0,1,0,0,3,0,0,0,2,5,0,0,0,0,0,0,4,0,3,2,0,3,2,0,3,1,0,3,1,0,0,0,0,0,3,0,5,0,1,4,0,0,1,0,0,2,0,2,0,4,3,0,4,2,5,7,0,1,7,1,2,0,3,0,1,1,2,0,3,0,4,4,0,0,1,0,0,0,0,0,2,0,1,1,0,2,1,1,5,0,0,0,1,2,0,3,1,0,0,0,4,0,1
STAT,(NULL),MeminfoPost,186,757126,4073,4060,4096,4073,4080,4071,4080,4055,4075,4067,4088,4114,4105,4073,4063,4064,4059,4075,4085,4086,4073,4078,4080,4055,4066,4064,4080,4081,4065,4059,4063,4073,4060,4088,4076,4078,4079,4074,4059,4072,4068,4089,4102,4113,4082,4059,4062,4063,4079,4072,4085,4080,4078,4075,4062,4067,4063,4077,4087,4058,4064,4063,4065,4081,4072,4067,4088,4092,4065,4073,4082,4068,4069,4076,4059,4065,4061,4078,4051,4057,4071,4083,4073,4068,4068,4060,4062,4053,4059,4067,4055,4085,4097,4081,4060,4063,4061,4088,4062,4052,4049,4059,4074,4075,4079,4082,4081,4067,4059,4061,4073,4063,4063,4057,4056,4051,4067,4052,4077,4056,4060,4086,4103,4090,4090,4062,4060,4077,4067,4049,4052,4071,4076,4081,4081,4065,4058,4073,4060,4066,4053,4054,4063,4055,4074,4049,4085,4101,4096,4093,4071,4059,4065,4055,4065,4076,4097,4097,4078,4100,4079,4052,4066,4075,4067,4065,4066,4057,4042,4062,4061,4094,4046,4049,4058,4056,4046,4085,4055,4067,4063,4074,4070,4076,4060,4071
STAT,(NULL),MeminfoPre,186,189268,1020,1007,1043,1020,1027,1018,1027,1002,1022,1014,1035,1061,1052,1020,1010,1011,1006,1022,1032,1033,1020,1025,1027,1002,1013,1011,1027,1028,1012,1006,1010,1020,1007,1035,1023,1025,1026,1021,1006,1019,1015,1036,1049,1060,1029,1006,1009,1010,1026,1019,1032,1027,1025,1022,1009,1014,1010,1024,1034,1005,1011,1010,1012,1028,1019,1014,1035,1039,1012,1020,1029,1015,1016,1023,1006,1012,1008,1025,998,1004,1018,1030,1020,1015,1015,1007,1009,1000,1006,1014,1002,1032,1044,1028,1007,1010,1008,1035,1009,999,996,1006,1021,1022,1026,1029,1028,1014,1006,1008,1020,1010,1010,1004,1003,998,1014,999,1024,1003,1007,1033,1050,1037,1037,1009,1007,1024,1014,996,999,1018,1023,1028,1028,1012,1005,1020,1007,1013,1000,1001,1010,1002,1021,996,1032,1048,1043,1040,1018,1006,1012,1002,1012,1023,1044,1044,1025,1047,1026,999,1013,1022,1014,1012,1013,1004,989,1009,1008,1041,993,996,1005,1003,993,1032,1002,1014,1010,1021,1017,1023,1007,1018
STAT,(NULL),Partition,186,452,452,0,0,0,0,0,0,0,0,0,0,0,0,0,0,0,0,0,0,0,0,0,0,0,0,0,0,0,0,0,0,0,0,0,0,0,0,0,0,0,0,0,0,0,0,0,0,0,0,0,0,0,0,0,0,0,0,0,0,0,0,0,0,0,0,0,0,0,0,0,0,0,0,0,0,0,0,0,0,0,0,0,0,0,0,0,0,0,0,0,0,0,0,0,0,0,0,0,0,0,0,0,0,0,0,0,0,0,0,0,0,0,0,0,0,0,0,0,0,0,0,0,0,0,0,0,0,0,0,0,0,0,0,0,0,0,0,0,0,0,0,0,0,0,0,0,0,0,0,0,0,0,0,0,0,0,0,0,0,0,0,0,0,0,0,0,0,0,0,0,0,0,0,0,0,0,0,0,0,0,0,0,0,0,0,0
STAT,(NULL),Refine,186,1980,1980,0,0,0,0,0,0,0,0,0,0,0,0,0,0,0,0,0,0,0,0,0,0,0,0,0,0,0,0,0,0,0,0,0,0,0,0,0,0,0,0,0,0,0,0,0,0,0,0,0,0,0,0,0,0,0,0,0,0,0,0,0,0,0,0,0,0,0,0,0,0,0,0,0,0,0,0,0,0,0,0,0,0,0,0,0,0,0,0,0,0,0,0,0,0,0,0,0,0,0,0,0,0,0,0,0,0,0,0,0,0,0,0,0,0,0,0,0,0,0,0,0,0,0,0,0,0,0,0,0,0,0,0,0,0,0,0,0,0,0,0,0,0,0,0,0,0,0,0,0,0,0,0,0,0,0,0,0,0,0,0,0,0,0,0,0,0,0,0,0,0,0,0,0,0,0,0,0,0,0,0,0,0,0,0,0
STAT,(NULL),Threads,186,186,186,0,0,0,0,0,0,0,0,0,0,0,0,0,0,0,0,0,0,0,0,0,0,0,0,0,0,0,0,0,0,0,0,0,0,0,0,0,0,0,0,0,0,0,0,0,0,0,0,0,0,0,0,0,0,0,0,0,0,0,0,0,0,0,0,0,0,0,0,0,0,0,0,0,0,0,0,0,0,0,0,0,0,0,0,0,0,0,0,0,0,0,0,0,0,0,0,0,0,0,0,0,0,0,0,0,0,0,0,0,0,0,0,0,0,0,0,0,0,0,0,0,0,0,0,0,0,0,0,0,0,0,0,0,0,0,0,0,0,0,0,0,0,0,0,0,0,0,0,0,0,0,0,0,0,0,0,0,0,0,0,0,0,0,0,0,0,0,0,0,0,0,0,0,0,0,0,0,0,0,0,0,0,0,0,0
STAT,(NULL),Time,186,5627,5627,0,0,0,0,0,0,0,0,0,0,0,0,0,0,0,0,0,0,0,0,0,0,0,0,0,0,0,0,0,0,0,0,0,0,0,0,0,0,0,0,0,0,0,0,0,0,0,0,0,0,0,0,0,0,0,0,0,0,0,0,0,0,0,0,0,0,0,0,0,0,0,0,0,0,0,0,0,0,0,0,0,0,0,0,0,0,0,0,0,0,0,0,0,0,0,0,0,0,0,0,0,0,0,0,0,0,0,0,0,0,0,0,0,0,0,0,0,0,0,0,0,0,0,0,0,0,0,0,0,0,0,0,0,0,0,0,0,0,0,0,0,0,0,0,0,0,0,0,0,0,0,0,0,0,0,0,0,0,0,0,0,0,0,0,0,0,0,0,0,0,0,0,0,0,0,0,0,0,0,0,0,0,0,0,0
STAT,match,Conflicts,186,6181,52,48,51,47,46,51,49,48,50,47,44,49,49,44,45,46,38,37,49,46,45,41,43,50,45,46,39,50,50,39,46,29,36,35,43,38,46,38,44,44,42,40,51,43,43,38,37,43,34,37,44,44,36,38,39,46,40,45,39,33,37,28,25,26,26,25,25,28,24,25,31,27,32,26,25,29,30,27,28,31,29,20,27,27,29,25,31,26,33,24,23,34,31,26,26,28,30,28,31,31,33,31,33,25,33,32,33,28,32,27,24,32,31,28,28,37,28,26,33,31,27,28,33,22,24,29,25,29,29,29,23,29,24,31,32,25,34,29,26,31,28,29,26,23,25,24,24,31,27,27,31,31,29,26,21,25,22,33,33,25,27,36,32,33,41,36,30,29,33,28,38,22,29,32,22,31,27,33,29,31,26,29,23,26,19,26
STAT,match,Iterations,186,15010673,50717,50853,64005,71354,91398,50660,62840,70652,57666,96783,79117,73515,86796,71539,82871,71484,73314,62434,68122,65608,74125,60563,76866,69469,70022,78192,69483,73513,61096,80846,69561,83959,84781,73112,66670,66088,75385,86060,75154,74100,71506,76066,74015,73834,81674,67692,76185,73383,84923,48712,54224,64345,73030,71432,80733,68446,59393,57647,60416,76833,77427,79174,72336,77240,112233,95307,91459,93104,102841,81952,73749,94810,87543,97245,96999,80034,82933,83770,77219,95912,89475,86548,62175,97944,82846,76284,71124,77701,76044,85178,83562,83989,84743,94321,89629,74447,98842,66509,97778,85301,73103,85332,86651,92084,74803,86293,85949,95975,87376,79095,82698,57327,83003,90920,91013,74162,66513,101812,71367,70601,92801,84547,79136,79188,85765,92885,95447,73698,80462,102250,99876,72227,78959,93879,78988,92039,78432,89763,82921,74935,71444,91575,97509,100787,84425,99112,100707,92837,87247,99196,93574,80616,71404,98043,75853,69764,95235,75648,71809,94770,101188,83920,69143,84744,62491,61671,73152,83034,87894,73424,93960,103531,84865,90441,98193,88029,94106,82342,101172,95210,89230,89883,81609,75054,92782,90786
STAT,popedge,Conflicts,186,0,0,0,0,0,0,0,0,0,0,0,0,0,0,0,0,0,0,0,0,0,0,0,0,0,0,0,0,0,0,0,0,0,0,0,0,0,0,0,0,0,0,0,0,0,0,0,0,0,0,0,0,0,0,0,0,0,0,0,0,0,0,0,0,0,0,0,0,0,0,0,0,0,0,0,0,0,0,0,0,0,0,0,0,0,0,0,0,0,0,0,0,0,0,0,0,0,0,0,0,0,0,0,0,0,0,0,0,0,0,0,0,0,0,0,0,0,0,0,0,0,0,0,0,0,0,0,0,0,0,0,0,0,0,0,0,0,0,0,0,0,0,0,0,0,0,0,0,0,0,0,0,0,0,0,0,0,0,0,0,0,0,0,0,0,0,0,0,0,0,0,0,0,0,0,0,0,0,0,0,0,0,0,0,0,0,0
STAT,popedge,Iterations,186,7353879,36360,35131,33259,36689,37649,40690,38559,37505,40876,38869,38086,37916,38530,39332,40430,39623,40473,38565,40369,38948,37064,38511,38374,39261,40599,39652,38023,37748,39533,39238,38694,39969,40311,38724,41049,40281,39407,42778,40237,40657,41237,40819,39191,38316,38044,41375,38914,38704,40606,39370,39232,40484,38389,40903,39377,35556,40372,42255,39236,41616,40651,35217,35714,34086,37446,36552,38370,38655,39639,37444,39092,36719,38512,37256,38389,38527,37603,40792,39557,40619,39554,40579,39097,40430,40112,40212,40279,37852,37318,38951,39947,39016,38108,41043,38025,38995,40946,42117,43334,42110,43318,40609,41357,38598,40484,39088,40443,41035,40365,39861,40880,41466,42421,38975,41018,38409,36861,40828,42154,41519,41918,39926,35425,35262,34251,40459,40737,39805,38119,39363,40002,39979,39281,38941,38619,40755,39648,39435,41400,39986,41745,39433,37168,38811,38312,40753,40064,39170,41398,37468,38633,39445,38498,37629,40963,40122,40868,39837,42425,42916,41112,42081,43319,41208,41995,40766,41365,41547,42548,42515,40639,38906,41613,42453,40585,40437,39558,36986,43333,41300,41138,41805,41225,35139,35085,35733
STAT,refine,Conflicts,186,6650,121,120,121,102,92,97,92,94,83,86,88,77,74,76,71,77,64,60,56,74,69,75,66,61,65,58,60,70,64,59,77,50,44,44,46,38,42,36,44,47,45,51,49,51,50,32,46,43,48,43,40,34,36,39,57,40,49,31,52,41,42,28,16,31,27,14,21,21,19,24,18,25,26,32,26,20,19,18,22,18,17,20,26,23,30,28,29,21,20,25,24,36,28,25,27,25,23,19,23,25,18,30,26,33,36,14,20,24,22,24,20,19,21,20,20,28,20,22,10,30,26,25,18,17,21,25,29,17,18,28,22,24,17,35,21,23,27,18,22,19,25,23,22,24,20,19,32,21,18,24,23,17,28,20,26,18,28,25,22,22,18,18,29,28,28,25,29,19,26,31,25,21,26,14,27,20,23,22,20,23,25,18,33,19,20,19
STAT,refine,Iterations,186,137936,850,629,1002,872,976,732,775,762,729,833,880,1017,1119,802,807,772,847,630,583,984,653,737,827,680,776,768,794,832,551,673,838,697,736,772,757,864,761,629,657,670,582,752,759,758,827,413,714,644,762,550,583,592,601,648,648,855,695,500,578,506,868,720,475,866,903,744,653,886,686,625,683,687,899,975,737,851,687,859,606,579,898,679,613,848,775,729,831,601,808,711,674,945,906,896,730,1020,819,703,828,565,538,600,859,965,1061,925,575,771,656,725,583,655,482,838,733,707,858,766,619,675,655,713,718,561,811,763,847,640,747,875,616,512,589,1108,888,762,788,722,883,633,729,803,570,855,688,716,978,650,999,1054,706,796,750,772,692,747,1013,789,591,760,638,725,654,719,575,688,1050,507,638,539,713,711,774,648,594,661,616,939,785,618,903,629,675,701,558,790
