Hello from MIC
Galois Benchmark Suite v2.2.0 (r0)
Copyright (C) 2013 The University of Texas at Austin
http://iss.ices.utexas.edu/galois/

application: GMetis
Partitions a graph into K parts and minimizing the graph cut
http://iss.ices.utexas.edu/?p=projects/galois/benchmarks/gMetis

INFO: CommandLine /work/02556/dpereira/MIC/apps/gmetis/gmetis -t=80 /work/02556/dpereira/Inputs/USA-road-d.W.gr 128
INFO: Hostname c557-903-mic0.stampede.tacc.utexas.edu
Created Graph with 6262104 nodes and 15248146 edges
Nodes 6262104| Edges 15248146 7624073

  Starting coarsening: 
Time coarsen:  2264 Size of final graph: 3044

  Sarting initial partitioning using GGGP:
Size in decade percentages:  -1,8 -0,114 1,6
Time clustering:  407

  Sarting refinnement with BKL2
Initial dist
Size in decade percentages:  -1,8 -0,114 1,6
Refined dist
Size in decade percentages:  -1,46 0,37 1,45
Time refinement:  851


Time:  3699
Total edge cut : 8083

Part saved in : 0x7fffd92c81e0
STATTYPE,LOOP,CATEGORY,n,sum,T0,T1,T2,T3,T4,T5,T6,T7,T8,T9,T10,T11,T12,T13,T14,T15,T16,T17,T18,T19,T20,T21,T22,T23,T24,T25,T26,T27,T28,T29,T30,T31,T32,T33,T34,T35,T36,T37,T38,T39,T40,T41,T42,T43,T44,T45,T46,T47,T48,T49,T50,T51,T52,T53,T54,T55,T56,T57,T58,T59,T60,T61,T62,T63,T64,T65,T66,T67,T68,T69,T70,T71,T72,T73,T74,T75,T76,T77,T78,T79
STAT,(NULL),Coarsen,80,2264,2264,0,0,0,0,0,0,0,0,0,0,0,0,0,0,0,0,0,0,0,0,0,0,0,0,0,0,0,0,0,0,0,0,0,0,0,0,0,0,0,0,0,0,0,0,0,0,0,0,0,0,0,0,0,0,0,0,0,0,0,0,0,0,0,0,0,0,0,0,0,0,0,0,0,0,0,0,0,0,0
STAT,(NULL),Conflicts,80,0,0,0,0,0,0,0,0,0,0,0,0,0,0,0,0,0,0,0,0,0,0,0,0,0,0,0,0,0,0,0,0,0,0,0,0,0,0,0,0,0,0,0,0,0,0,0,0,0,0,0,0,0,0,0,0,0,0,0,0,0,0,0,0,0,0,0,0,0,0,0,0,0,0,0,0,0,0,0,0,0
STAT,(NULL),Iterations,80,255,8,1,4,2,0,3,7,4,5,1,2,0,5,1,5,5,0,3,1,3,2,4,2,0,0,0,4,6,2,1,2,2,3,7,0,4,3,2,0,3,6,4,8,10,20,11,6,6,7,1,3,3,3,1,5,0,1,1,3,3,8,4,1,5,4,3,0,6,0,1,1,2,0,1,0,3,3,3,0,1
STAT,(NULL),MeminfoPost,80,756370,9460,9479,9463,9440,9495,9514,9439,9452,9480,9470,9431,9476,9432,9452,9472,9461,9442,9481,9537,9445,9448,9478,9468,9440,9459,9459,9436,9467,9487,9450,9465,9453,9435,9439,9448,9464,9438,9421,9439,9488,9452,9449,9436,9423,9467,9480,9432,9444,9436,9415,9448,9421,9512,9485,9441,9428,9441,9478,9439,9443,9425,9440,9428,9511,9486,9431,9436,9517,9499,9437,9450,9439,9418,9456,9406,9424,9442,9444,9457,9451
STAT,(NULL),MeminfoPre,80,189090,2369,2388,2372,2349,2404,2423,2348,2361,2389,2379,2340,2385,2341,2361,2381,2370,2351,2390,2446,2354,2357,2387,2377,2349,2368,2368,2345,2376,2396,2359,2374,2362,2344,2348,2357,2373,2347,2330,2348,2397,2361,2358,2345,2332,2376,2389,2341,2353,2345,2324,2357,2330,2421,2394,2350,2337,2350,2387,2348,2352,2334,2349,2337,2420,2395,2340,2345,2426,2408,2346,2359,2348,2327,2365,2315,2333,2351,2353,2366,2360
STAT,(NULL),Partition,80,407,407,0,0,0,0,0,0,0,0,0,0,0,0,0,0,0,0,0,0,0,0,0,0,0,0,0,0,0,0,0,0,0,0,0,0,0,0,0,0,0,0,0,0,0,0,0,0,0,0,0,0,0,0,0,0,0,0,0,0,0,0,0,0,0,0,0,0,0,0,0,0,0,0,0,0,0,0,0,0,0
STAT,(NULL),Refine,80,851,851,0,0,0,0,0,0,0,0,0,0,0,0,0,0,0,0,0,0,0,0,0,0,0,0,0,0,0,0,0,0,0,0,0,0,0,0,0,0,0,0,0,0,0,0,0,0,0,0,0,0,0,0,0,0,0,0,0,0,0,0,0,0,0,0,0,0,0,0,0,0,0,0,0,0,0,0,0,0,0
STAT,(NULL),Threads,80,80,80,0,0,0,0,0,0,0,0,0,0,0,0,0,0,0,0,0,0,0,0,0,0,0,0,0,0,0,0,0,0,0,0,0,0,0,0,0,0,0,0,0,0,0,0,0,0,0,0,0,0,0,0,0,0,0,0,0,0,0,0,0,0,0,0,0,0,0,0,0,0,0,0,0,0,0,0,0,0,0
STAT,(NULL),Time,80,3699,3699,0,0,0,0,0,0,0,0,0,0,0,0,0,0,0,0,0,0,0,0,0,0,0,0,0,0,0,0,0,0,0,0,0,0,0,0,0,0,0,0,0,0,0,0,0,0,0,0,0,0,0,0,0,0,0,0,0,0,0,0,0,0,0,0,0,0,0,0,0,0,0,0,0,0,0,0,0,0,0
STAT,match,Conflicts,80,5552,134,110,114,105,114,94,98,100,151,120,91,112,82,84,71,113,105,104,90,59,57,54,64,57,67,59,48,71,55,68,54,45,47,61,65,67,47,66,48,71,57,57,58,54,62,63,54,56,50,58,49,58,54,52,48,54,50,52,53,56,68,45,61,65,59,62,43,60,43,92,75,54,51,57,76,51,61,75,72,65
STAT,match,Iterations,80,14989102,152873,153125,173492,150058,164257,155549,168546,165793,162711,159411,181473,164466,178635,177738,171386,157299,165214,169246,152863,202384,197786,176584,197508,204380,196354,183990,189389,176382,194459,198374,190303,198058,203171,196242,194422,189945,203157,192031,193071,177287,217129,203422,194071,185274,194660,192521,204969,190443,206702,220406,202692,208377,189914,194814,210251,208330,202867,185401,196204,215513,194325,194774,170815,192809,183932,182125,186973,189769,187045,183028,184281,192228,213315,186044,203705,196247,197632,181070,172145,193468
STAT,popedge,Conflicts,80,0,0,0,0,0,0,0,0,0,0,0,0,0,0,0,0,0,0,0,0,0,0,0,0,0,0,0,0,0,0,0,0,0,0,0,0,0,0,0,0,0,0,0,0,0,0,0,0,0,0,0,0,0,0,0,0,0,0,0,0,0,0,0,0,0,0,0,0,0,0,0,0,0,0,0,0,0,0,0,0,0
STAT,popedge,Iterations,80,7347333,87637,83915,83388,85259,82988,79805,87488,86193,89548,88503,89183,88576,91058,91419,86741,88079,88860,86166,83391,97201,95476,85752,92953,96415,96478,98815,97915,88319,90022,88054,89397,91508,91704,98030,95137,94468,96918,97180,94856,94348,93155,98788,102697,106524,96108,96058,99663,103802,100090,102351,99767,97946,96378,95314,95390,98510,98276,96638,96288,95541,96888,85967,83815,82926,79684,79850,78894,90657,88429,86768,88008,92397,86999,90327,92979,88956,89408,92612,93432,89910
STAT,refine,Conflicts,80,3704,123,103,106,101,100,91,79,80,83,71,78,71,70,64,69,59,52,58,50,50,52,45,41,46,46,41,40,54,55,52,42,44,26,36,31,44,33,37,33,42,44,44,38,34,24,40,39,42,40,34,50,23,36,39,32,33,38,45,32,29,34,31,26,33,37,25,34,23,22,35,26,31,32,26,21,24,29,28,28,25
STAT,refine,Iterations,80,135026,1663,1637,1875,1535,1779,1822,1985,1606,1530,1450,1551,1645,1549,1513,1453,1555,1390,1655,1796,1659,2055,1865,1463,1542,1547,1573,1532,1530,2088,2064,1706,1777,1470,1196,1538,1674,1476,1602,1703,2111,1812,1712,1413,1708,1662,1761,1998,1841,1995,1809,1866,1465,2537,2561,1687,1237,1820,1716,1348,1678,1456,1724,1694,1923,1665,1847,1836,2429,1413,1624,1298,1342,1792,1754,1262,1442,1490,1506,1624,2119
