Hello from MIC
Galois Benchmark Suite v2.2.0 (r0)
Copyright (C) 2013 The University of Texas at Austin
http://iss.ices.utexas.edu/galois/

application: GMetis
Partitions a graph into K parts and minimizing the graph cut
http://iss.ices.utexas.edu/?p=projects/galois/benchmarks/gMetis

INFO: CommandLine /work/02556/dpereira/MIC/apps/gmetis/gmetis -t=240 /work/02556/dpereira/Inputs/USA-road-d.W.gr 1024
INFO: Hostname c557-803-mic0.stampede.tacc.utexas.edu
Created Graph with 6262104 nodes and 15248146 edges
Nodes 6262104| Edges 15248146 7624073

  Starting coarsening: 
Time coarsen:  3322 Size of final graph: 22116

  Sarting initial partitioning using GGGP:
Size in decade percentages:  -1,79 -0,868 1,77
Time clustering:  1152

  Sarting refinnement with BKL2
Initial dist
Size in decade percentages:  -1,79 -0,868 1,77
Refined dist
Size in decade percentages:  -1,373 -0,280 1,370 3,1
Time refinement:  2255


Time:  6910
Total edge cut : 31975

Part saved in : 0x7fffc9aa2f60
STATTYPE,LOOP,CATEGORY,n,sum,T0,T1,T2,T3,T4,T5,T6,T7,T8,T9,T10,T11,T12,T13,T14,T15,T16,T17,T18,T19,T20,T21,T22,T23,T24,T25,T26,T27,T28,T29,T30,T31,T32,T33,T34,T35,T36,T37,T38,T39,T40,T41,T42,T43,T44,T45,T46,T47,T48,T49,T50,T51,T52,T53,T54,T55,T56,T57,T58,T59,T60,T61,T62,T63,T64,T65,T66,T67,T68,T69,T70,T71,T72,T73,T74,T75,T76,T77,T78,T79,T80,T81,T82,T83,T84,T85,T86,T87,T88,T89,T90,T91,T92,T93,T94,T95,T96,T97,T98,T99,T100,T101,T102,T103,T104,T105,T106,T107,T108,T109,T110,T111,T112,T113,T114,T115,T116,T117,T118,T119,T120,T121,T122,T123,T124,T125,T126,T127,T128,T129,T130,T131,T132,T133,T134,T135,T136,T137,T138,T139,T140,T141,T142,T143,T144,T145,T146,T147,T148,T149,T150,T151,T152,T153,T154,T155,T156,T157,T158,T159,T160,T161,T162,T163,T164,T165,T166,T167,T168,T169,T170,T171,T172,T173,T174,T175,T176,T177,T178,T179,T180,T181,T182,T183,T184,T185,T186,T187,T188,T189,T190,T191,T192,T193,T194,T195,T196,T197,T198,T199,T200,T201,T202,T203,T204,T205,T206,T207,T208,T209,T210,T211,T212,T213,T214,T215,T216,T217,T218,T219,T220,T221,T222,T223,T224,T225,T226,T227,T228,T229,T230,T231,T232,T233,T234,T235,T236,T237,T238,T239
STAT,(NULL),Coarsen,240,3322,3322,0,0,0,0,0,0,0,0,0,0,0,0,0,0,0,0,0,0,0,0,0,0,0,0,0,0,0,0,0,0,0,0,0,0,0,0,0,0,0,0,0,0,0,0,0,0,0,0,0,0,0,0,0,0,0,0,0,0,0,0,0,0,0,0,0,0,0,0,0,0,0,0,0,0,0,0,0,0,0,0,0,0,0,0,0,0,0,0,0,0,0,0,0,0,0,0,0,0,0,0,0,0,0,0,0,0,0,0,0,0,0,0,0,0,0,0,0,0,0,0,0,0,0,0,0,0,0,0,0,0,0,0,0,0,0,0,0,0,0,0,0,0,0,0,0,0,0,0,0,0,0,0,0,0,0,0,0,0,0,0,0,0,0,0,0,0,0,0,0,0,0,0,0,0,0,0,0,0,0,0,0,0,0,0,0,0,0,0,0,0,0,0,0,0,0,0,0,0,0,0,0,0,0,0,0,0,0,0,0,0,0,0,0,0,0,0,0,0,0,0,0,0,0,0,0,0,0,0,0,0,0,0,0,0,0,0,0,0,0
STAT,(NULL),Conflicts,240,0,0,0,0,0,0,0,0,0,0,0,0,0,0,0,0,0,0,0,0,0,0,0,0,0,0,0,0,0,0,0,0,0,0,0,0,0,0,0,0,0,0,0,0,0,0,0,0,0,0,0,0,0,0,0,0,0,0,0,0,0,0,0,0,0,0,0,0,0,0,0,0,0,0,0,0,0,0,0,0,0,0,0,0,0,0,0,0,0,0,0,0,0,0,0,0,0,0,0,0,0,0,0,0,0,0,0,0,0,0,0,0,0,0,0,0,0,0,0,0,0,0,0,0,0,0,0,0,0,0,0,0,0,0,0,0,0,0,0,0,0,0,0,0,0,0,0,0,0,0,0,0,0,0,0,0,0,0,0,0,0,0,0,0,0,0,0,0,0,0,0,0,0,0,0,0,0,0,0,0,0,0,0,0,0,0,0,0,0,0,0,0,0,0,0,0,0,0,0,0,0,0,0,0,0,0,0,0,0,0,0,0,0,0,0,0,0,0,0,0,0,0,0,0,0,0,0,0,0,0,0,0,0,0,0,0,0,0,0,0,0
STAT,(NULL),Iterations,240,2047,11,8,5,7,1,6,9,1,11,7,9,9,17,4,11,3,7,4,9,15,5,7,5,5,8,13,5,8,7,11,7,13,11,2,14,8,5,12,6,14,5,11,8,14,5,9,11,7,5,1,9,9,12,6,11,5,6,18,9,9,19,14,19,6,12,8,10,7,5,9,4,10,26,15,3,2,1,11,3,8,12,6,12,6,11,7,7,6,1,1,5,4,5,16,3,8,10,8,10,17,9,11,15,8,10,7,9,7,2,12,9,7,8,9,8,12,11,9,10,6,13,23,9,12,12,10,3,6,3,6,12,8,5,14,11,7,15,7,7,4,5,4,13,4,6,8,15,18,4,7,4,12,6,5,12,4,9,2,5,7,7,19,9,11,9,1,5,11,16,9,5,9,6,8,7,1,2,6,9,10,12,7,8,16,13,4,16,9,8,10,6,10,3,5,9,14,8,7,5,5,6,3,6,4,5,14,6,7,19,8,15,12,2,8,6,14,5,11,18,9,6,9,14,11,26,9,8,4,10,11,7,10,10,8,7,7,4,4,10,6
STAT,(NULL),MeminfoPost,240,757098,3159,3156,3154,3161,3159,3168,3154,3153,3166,3141,3144,3164,3157,3169,3178,3199,3175,3149,3143,3152,3153,3142,3167,3153,3168,3160,3162,3162,3159,3158,3141,3153,3146,3151,3167,3167,3147,3149,3145,3150,3154,3157,3148,3173,3160,3161,3156,3153,3163,3140,3147,3165,3154,3172,3170,3199,3177,3161,3141,3153,3150,3144,3163,3158,3159,3170,3159,3159,3159,3162,3139,3148,3153,3148,3166,3171,3148,3149,3143,3150,3152,3156,3164,3157,3149,3160,3187,3152,3150,3156,3164,3159,3151,3151,3164,3148,3148,3149,3147,3161,3152,3136,3142,3156,3160,3163,3160,3150,3144,3155,3147,3149,3143,3138,3147,3156,3145,3149,3176,3173,3163,3155,3143,3147,3149,3162,3161,3147,3137,3137,3140,3154,3156,3157,3163,3166,3161,3162,3146,3158,3138,3152,3158,3144,3150,3155,3140,3146,3138,3141,3153,3135,3169,3144,3143,3144,3170,3172,3179,3167,3173,3153,3145,3148,3157,3156,3145,3136,3141,3154,3155,3160,3163,3164,3151,3157,3140,3159,3145,3148,3152,3138,3144,3146,3142,3161,3143,3141,3154,3172,3177,3171,3179,3165,3151,3144,3154,3141,3141,3153,3151,3174,3184,3168,3163,3174,3172,3152,3141,3153,3166,3141,3153,3151,3152,3145,3137,3138,3153,3143,3134,3187,3139,3139,3137,3152,3141,3140,3153,3152,3148,3143,3154,3156,3156,3154,3156,3154,3153,3149
STAT,(NULL),MeminfoPre,240,189258,793,790,788,795,793,802,788,787,800,775,778,798,791,803,812,833,809,783,777,786,787,776,801,787,802,794,796,796,793,792,775,787,780,785,801,801,781,783,779,784,788,791,782,807,794,795,790,787,797,774,781,799,788,806,804,833,811,795,775,787,784,778,797,792,793,804,793,793,793,796,773,782,787,782,800,805,782,783,777,784,786,790,798,791,783,794,821,786,784,790,798,793,785,785,798,782,782,783,781,795,786,770,776,790,794,797,794,784,778,789,781,783,777,772,781,790,779,783,810,807,797,789,777,781,783,796,795,781,771,771,774,788,790,791,797,800,795,796,780,792,772,786,792,778,784,789,774,780,772,775,787,769,803,778,777,778,804,806,813,801,807,787,779,782,791,790,779,770,775,788,789,794,797,798,785,791,774,793,779,782,786,772,778,780,776,795,777,775,788,806,811,805,813,799,785,778,788,775,775,787,785,808,818,802,797,808,806,786,775,787,800,775,787,785,786,779,771,772,787,777,768,821,773,773,771,786,775,774,787,786,782,777,788,790,790,788,790,788,787,783
STAT,(NULL),Partition,240,1152,1152,0,0,0,0,0,0,0,0,0,0,0,0,0,0,0,0,0,0,0,0,0,0,0,0,0,0,0,0,0,0,0,0,0,0,0,0,0,0,0,0,0,0,0,0,0,0,0,0,0,0,0,0,0,0,0,0,0,0,0,0,0,0,0,0,0,0,0,0,0,0,0,0,0,0,0,0,0,0,0,0,0,0,0,0,0,0,0,0,0,0,0,0,0,0,0,0,0,0,0,0,0,0,0,0,0,0,0,0,0,0,0,0,0,0,0,0,0,0,0,0,0,0,0,0,0,0,0,0,0,0,0,0,0,0,0,0,0,0,0,0,0,0,0,0,0,0,0,0,0,0,0,0,0,0,0,0,0,0,0,0,0,0,0,0,0,0,0,0,0,0,0,0,0,0,0,0,0,0,0,0,0,0,0,0,0,0,0,0,0,0,0,0,0,0,0,0,0,0,0,0,0,0,0,0,0,0,0,0,0,0,0,0,0,0,0,0,0,0,0,0,0,0,0,0,0,0,0,0,0,0,0,0,0,0,0,0,0,0,0
STAT,(NULL),Refine,240,2255,2255,0,0,0,0,0,0,0,0,0,0,0,0,0,0,0,0,0,0,0,0,0,0,0,0,0,0,0,0,0,0,0,0,0,0,0,0,0,0,0,0,0,0,0,0,0,0,0,0,0,0,0,0,0,0,0,0,0,0,0,0,0,0,0,0,0,0,0,0,0,0,0,0,0,0,0,0,0,0,0,0,0,0,0,0,0,0,0,0,0,0,0,0,0,0,0,0,0,0,0,0,0,0,0,0,0,0,0,0,0,0,0,0,0,0,0,0,0,0,0,0,0,0,0,0,0,0,0,0,0,0,0,0,0,0,0,0,0,0,0,0,0,0,0,0,0,0,0,0,0,0,0,0,0,0,0,0,0,0,0,0,0,0,0,0,0,0,0,0,0,0,0,0,0,0,0,0,0,0,0,0,0,0,0,0,0,0,0,0,0,0,0,0,0,0,0,0,0,0,0,0,0,0,0,0,0,0,0,0,0,0,0,0,0,0,0,0,0,0,0,0,0,0,0,0,0,0,0,0,0,0,0,0,0,0,0,0,0,0,0
STAT,(NULL),Threads,240,240,240,0,0,0,0,0,0,0,0,0,0,0,0,0,0,0,0,0,0,0,0,0,0,0,0,0,0,0,0,0,0,0,0,0,0,0,0,0,0,0,0,0,0,0,0,0,0,0,0,0,0,0,0,0,0,0,0,0,0,0,0,0,0,0,0,0,0,0,0,0,0,0,0,0,0,0,0,0,0,0,0,0,0,0,0,0,0,0,0,0,0,0,0,0,0,0,0,0,0,0,0,0,0,0,0,0,0,0,0,0,0,0,0,0,0,0,0,0,0,0,0,0,0,0,0,0,0,0,0,0,0,0,0,0,0,0,0,0,0,0,0,0,0,0,0,0,0,0,0,0,0,0,0,0,0,0,0,0,0,0,0,0,0,0,0,0,0,0,0,0,0,0,0,0,0,0,0,0,0,0,0,0,0,0,0,0,0,0,0,0,0,0,0,0,0,0,0,0,0,0,0,0,0,0,0,0,0,0,0,0,0,0,0,0,0,0,0,0,0,0,0,0,0,0,0,0,0,0,0,0,0,0,0,0,0,0,0,0,0,0
STAT,(NULL),Time,240,6910,6910,0,0,0,0,0,0,0,0,0,0,0,0,0,0,0,0,0,0,0,0,0,0,0,0,0,0,0,0,0,0,0,0,0,0,0,0,0,0,0,0,0,0,0,0,0,0,0,0,0,0,0,0,0,0,0,0,0,0,0,0,0,0,0,0,0,0,0,0,0,0,0,0,0,0,0,0,0,0,0,0,0,0,0,0,0,0,0,0,0,0,0,0,0,0,0,0,0,0,0,0,0,0,0,0,0,0,0,0,0,0,0,0,0,0,0,0,0,0,0,0,0,0,0,0,0,0,0,0,0,0,0,0,0,0,0,0,0,0,0,0,0,0,0,0,0,0,0,0,0,0,0,0,0,0,0,0,0,0,0,0,0,0,0,0,0,0,0,0,0,0,0,0,0,0,0,0,0,0,0,0,0,0,0,0,0,0,0,0,0,0,0,0,0,0,0,0,0,0,0,0,0,0,0,0,0,0,0,0,0,0,0,0,0,0,0,0,0,0,0,0,0,0,0,0,0,0,0,0,0,0,0,0,0,0,0,0,0,0,0
STAT,match,Conflicts,240,5833,42,37,40,44,34,42,32,37,40,41,28,41,31,34,35,39,30,38,29,39,36,36,41,38,35,34,31,39,32,29,31,33,31,21,29,25,22,23,33,24,34,31,27,24,26,28,30,33,32,31,27,31,28,28,28,27,28,22,32,31,21,20,24,22,28,24,18,17,29,23,24,17,19,22,21,25,20,18,25,19,26,25,23,29,23,23,16,22,20,17,20,20,23,18,24,18,20,18,22,23,23,25,20,17,25,20,21,21,16,23,19,17,26,21,21,20,19,19,14,26,20,14,21,21,26,22,19,24,24,19,20,28,14,21,17,26,21,25,17,22,17,25,23,18,33,26,23,23,21,23,21,25,21,19,24,18,27,23,17,21,20,26,24,26,20,20,18,21,21,24,20,20,22,21,21,22,25,23,22,22,26,23,21,19,23,28,21,21,23,21,27,18,18,25,20,17,29,19,24,15,27,19,24,21,21,29,27,20,23,23,20,20,23,23,24,27,22,22,21,22,17,25,20,22,22,22,19,19,22,23,21,20,21,11,25,26,24,18,17,23
STAT,match,Iterations,240,14994106,38831,48396,41520,42534,32305,72875,54497,47980,49316,59680,50988,46232,58259,41685,49454,43123,41721,58853,33360,81628,62572,59008,50468,44833,46330,43433,47742,46965,38080,46754,63451,45490,51489,60023,60446,55096,62875,59649,54490,46319,52422,53942,72941,60932,59907,54812,31338,60429,46397,39539,49593,62819,54451,46933,49406,41016,45419,65685,47226,70027,55532,58988,72686,48291,76355,74433,67970,78960,53463,61338,79397,47640,80064,45068,68243,49032,78560,49587,69783,65848,72665,63498,74452,59225,77616,56601,70764,71507,50673,63241,73078,55947,68359,77050,50579,53809,51130,59925,55741,67951,55003,58817,75126,61050,57894,62480,68680,76669,69286,59071,83266,63292,51891,51900,74756,66259,57374,66739,69110,80363,56480,74214,50855,56791,58586,65957,75723,81170,51614,77003,76181,57919,55153,53172,68350,92335,66570,74363,52469,76352,43338,91483,81157,72779,59815,49424,58165,61469,71947,58472,64660,54416,90120,57710,54842,62659,53132,71523,61989,64312,61623,84491,63646,68042,59613,52807,63884,65870,65477,63878,78449,54211,59605,61951,66267,77208,53652,86213,59612,70332,66262,65716,67872,59351,68409,70678,74543,60030,72135,79673,42555,58635,77642,71390,45917,51089,80927,64367,60270,73552,96501,76055,59762,85609,56989,79913,76801,74946,60400,71972,71628,75102,63594,53823,73168,72375,60091,67605,51023,62170,80236,45580,91324,57915,55650,70366,61287,65332,69376,60255,76125,73210,72816,86311,76680,77013,71861,67053,76345,69272
STAT,popedge,Conflicts,240,0,0,0,0,0,0,0,0,0,0,0,0,0,0,0,0,0,0,0,0,0,0,0,0,0,0,0,0,0,0,0,0,0,0,0,0,0,0,0,0,0,0,0,0,0,0,0,0,0,0,0,0,0,0,0,0,0,0,0,0,0,0,0,0,0,0,0,0,0,0,0,0,0,0,0,0,0,0,0,0,0,0,0,0,0,0,0,0,0,0,0,0,0,0,0,0,0,0,0,0,0,0,0,0,0,0,0,0,0,0,0,0,0,0,0,0,0,0,0,0,0,0,0,0,0,0,0,0,0,0,0,0,0,0,0,0,0,0,0,0,0,0,0,0,0,0,0,0,0,0,0,0,0,0,0,0,0,0,0,0,0,0,0,0,0,0,0,0,0,0,0,0,0,0,0,0,0,0,0,0,0,0,0,0,0,0,0,0,0,0,0,0,0,0,0,0,0,0,0,0,0,0,0,0,0,0,0,0,0,0,0,0,0,0,0,0,0,0,0,0,0,0,0,0,0,0,0,0,0,0,0,0,0,0,0,0,0,0,0,0,0
STAT,popedge,Iterations,240,7344607,28998,30021,29110,30960,29155,29982,30419,29775,28975,30326,31589,30578,29428,31046,31588,30622,30443,29637,30955,30030,31216,28605,31643,29403,30189,29959,30485,28154,29347,30716,31596,30144,31181,28116,29178,31111,28993,31001,30802,30242,29415,29856,28997,28467,29317,29378,28725,30632,31091,30040,30180,28715,29510,29435,29326,29382,29767,32119,33671,34591,33118,30906,29619,29911,29412,29306,30198,30036,30389,28887,32550,29228,27638,29464,30419,29894,29448,30289,30692,30548,30893,31526,29548,29425,29663,30577,30936,30372,30858,30064,29612,30240,29392,28664,31840,30530,30977,31624,30175,31075,30539,30083,30454,29195,29614,30072,29699,28377,30419,30584,32066,30319,31813,28340,30727,29725,30488,30267,32757,35439,34535,31742,29788,31898,29871,29184,30259,30729,30512,30523,30355,32705,30762,29626,28984,32871,29000,31773,30114,30898,30236,31807,31196,31263,30464,29807,30564,28407,33852,30053,30927,31910,27684,31166,31411,30836,29502,31641,31134,30048,31200,31201,30086,28994,30989,30674,30552,29545,30041,31487,31335,30782,30268,30388,29855,30741,29874,29187,30773,35896,35398,37477,36516,29224,30124,31631,29256,30152,30821,27569,31269,30015,30538,29728,30474,28480,33023,30607,32617,28714,34832,32663,31045,32052,30226,32838,30835,31153,31224,31399,29571,31687,33790,31465,30953,30482,31506,31042,29680,30472,30443,29904,32250,31360,31840,29038,33683,30851,31077,29102,31331,31426,29448,30629,30912,31267,30195,29415,32823,31908
STAT,refine,Conflicts,240,6309,71,74,79,74,64,69,72,62,59,56,63,50,60,64,60,56,51,43,50,48,48,48,49,46,47,53,51,53,48,48,36,28,34,34,26,38,34,32,44,32,29,37,25,40,38,40,34,31,44,32,38,33,34,43,39,40,41,43,39,31,25,13,18,25,22,18,27,17,17,24,21,18,25,10,18,17,35,16,22,19,23,24,25,17,19,15,34,28,23,16,22,22,18,21,20,15,20,16,18,22,23,17,26,14,22,20,13,18,13,14,20,20,17,13,23,23,19,26,20,29,24,15,11,23,18,32,18,19,17,16,22,25,24,17,14,19,20,27,11,22,14,27,26,17,18,16,17,21,22,17,17,23,18,13,27,21,15,20,23,19,15,18,20,19,19,17,18,22,22,21,19,26,23,16,15,14,22,20,23,26,21,16,19,21,20,23,18,27,24,22,19,14,15,30,13,19,38,15,18,19,21,14,16,27,20,27,27,12,17,23,20,13,24,21,22,13,21,13,12,14,16,17,13,8,14,17,18,16,16,14,15,19,18,18,20,19,23,17,21,22
STAT,refine,Iterations,240,432660,1342,1414,1876,1961,1495,1688,1644,1496,1634,1718,1639,1451,1751,1906,1660,2289,1426,1989,1364,2332,2181,1675,1807,1375,1563,1921,1750,1453,1558,1929,1546,1402,1642,1370,1635,1787,1226,1726,2086,1301,1352,1322,1562,2132,1724,1571,1358,1571,1625,1123,1314,1860,1435,2217,1752,1855,2084,2400,2030,1866,1524,1583,1791,1742,2606,1813,2188,1703,1728,2036,2115,1215,1722,959,2213,1450,2570,1177,2310,1443,2359,2243,1972,1844,2117,1740,2763,2429,1550,1947,1926,1726,1731,1996,1563,1185,1536,1565,1741,2107,1717,1107,1577,1224,1689,1459,1572,1811,1123,1522,1858,1931,1427,1298,2322,2198,1461,2336,2476,3104,1961,1748,1035,1407,1678,2291,2319,1906,1534,1446,2119,1964,1805,2013,1641,2750,2109,2566,956,2225,1192,2248,2498,1582,1722,1260,1594,1629,1506,1358,1825,1678,2245,1466,1891,1410,1638,2372,1681,1953,2024,2581,1411,1641,1748,1644,1368,1641,1866,1813,2058,1637,1830,1989,1507,2321,1627,2322,2228,2414,2773,1947,2130,1377,1886,1875,1955,2015,2105,2282,1341,1535,2277,2039,1367,1353,2544,1425,2077,1841,2719,2033,1924,2653,1740,2524,2090,1537,1484,2059,1988,1796,1931,1925,2162,1375,1879,1617,1205,1372,1816,1743,1627,1468,1117,1657,1729,1211,2053,1487,1612,1927,1525,1913,2135,1983,2451,1865,2448,2544
