Hello from MIC
Galois Benchmark Suite v2.2.0 (r0)
Copyright (C) 2013 The University of Texas at Austin
http://iss.ices.utexas.edu/galois/

application: GMetis
Partitions a graph into K parts and minimizing the graph cut
http://iss.ices.utexas.edu/?p=projects/galois/benchmarks/gMetis

INFO: CommandLine /work/02556/dpereira/MIC/apps/gmetis/gmetis -t=212 /work/02556/dpereira/Inputs/USA-road-d.W.gr 16
INFO: Hostname c558-003-mic0.stampede.tacc.utexas.edu
Created Graph with 6262104 nodes and 15248146 edges
Nodes 6262104| Edges 15248146 7624073

  Starting coarsening: 
Time coarsen:  4357 Size of final graph: 442

  Sarting initial partitioning using GGGP:
Size in decade percentages:  -0,16
Time clustering:  371

  Sarting refinnement with BKL2
Initial dist
Size in decade percentages:  -0,16
Refined dist
Size in decade percentages:  -1,6 0,4 1,6
Time refinement:  2818


Time:  7723
Total edge cut : 1674

Part saved in : 0x7fff0dfa7ce0
STATTYPE,LOOP,CATEGORY,n,sum,T0,T1,T2,T3,T4,T5,T6,T7,T8,T9,T10,T11,T12,T13,T14,T15,T16,T17,T18,T19,T20,T21,T22,T23,T24,T25,T26,T27,T28,T29,T30,T31,T32,T33,T34,T35,T36,T37,T38,T39,T40,T41,T42,T43,T44,T45,T46,T47,T48,T49,T50,T51,T52,T53,T54,T55,T56,T57,T58,T59,T60,T61,T62,T63,T64,T65,T66,T67,T68,T69,T70,T71,T72,T73,T74,T75,T76,T77,T78,T79,T80,T81,T82,T83,T84,T85,T86,T87,T88,T89,T90,T91,T92,T93,T94,T95,T96,T97,T98,T99,T100,T101,T102,T103,T104,T105,T106,T107,T108,T109,T110,T111,T112,T113,T114,T115,T116,T117,T118,T119,T120,T121,T122,T123,T124,T125,T126,T127,T128,T129,T130,T131,T132,T133,T134,T135,T136,T137,T138,T139,T140,T141,T142,T143,T144,T145,T146,T147,T148,T149,T150,T151,T152,T153,T154,T155,T156,T157,T158,T159,T160,T161,T162,T163,T164,T165,T166,T167,T168,T169,T170,T171,T172,T173,T174,T175,T176,T177,T178,T179,T180,T181,T182,T183,T184,T185,T186,T187,T188,T189,T190,T191,T192,T193,T194,T195,T196,T197,T198,T199,T200,T201,T202,T203,T204,T205,T206,T207,T208,T209,T210,T211
STAT,(NULL),Coarsen,212,4357,4357,0,0,0,0,0,0,0,0,0,0,0,0,0,0,0,0,0,0,0,0,0,0,0,0,0,0,0,0,0,0,0,0,0,0,0,0,0,0,0,0,0,0,0,0,0,0,0,0,0,0,0,0,0,0,0,0,0,0,0,0,0,0,0,0,0,0,0,0,0,0,0,0,0,0,0,0,0,0,0,0,0,0,0,0,0,0,0,0,0,0,0,0,0,0,0,0,0,0,0,0,0,0,0,0,0,0,0,0,0,0,0,0,0,0,0,0,0,0,0,0,0,0,0,0,0,0,0,0,0,0,0,0,0,0,0,0,0,0,0,0,0,0,0,0,0,0,0,0,0,0,0,0,0,0,0,0,0,0,0,0,0,0,0,0,0,0,0,0,0,0,0,0,0,0,0,0,0,0,0,0,0,0,0,0,0,0,0,0,0,0,0,0,0,0,0,0,0,0,0,0,0,0,0,0,0,0,0,0,0,0,0
STAT,(NULL),Conflicts,212,0,0,0,0,0,0,0,0,0,0,0,0,0,0,0,0,0,0,0,0,0,0,0,0,0,0,0,0,0,0,0,0,0,0,0,0,0,0,0,0,0,0,0,0,0,0,0,0,0,0,0,0,0,0,0,0,0,0,0,0,0,0,0,0,0,0,0,0,0,0,0,0,0,0,0,0,0,0,0,0,0,0,0,0,0,0,0,0,0,0,0,0,0,0,0,0,0,0,0,0,0,0,0,0,0,0,0,0,0,0,0,0,0,0,0,0,0,0,0,0,0,0,0,0,0,0,0,0,0,0,0,0,0,0,0,0,0,0,0,0,0,0,0,0,0,0,0,0,0,0,0,0,0,0,0,0,0,0,0,0,0,0,0,0,0,0,0,0,0,0,0,0,0,0,0,0,0,0,0,0,0,0,0,0,0,0,0,0,0,0,0,0,0,0,0,0,0,0,0,0,0,0,0,0,0,0,0,0,0,0,0,0,0
STAT,(NULL),Iterations,212,31,5,0,0,0,0,0,0,1,0,0,0,0,1,0,0,0,0,0,0,0,0,0,0,0,0,0,0,0,2,0,0,0,0,0,3,0,0,0,0,0,0,0,0,0,1,0,0,0,0,0,0,0,0,0,0,0,0,0,2,0,0,4,0,0,0,0,0,0,0,0,0,0,0,0,0,0,2,0,0,0,0,0,0,0,0,0,0,0,0,0,0,0,0,0,0,0,0,0,0,0,0,2,0,0,0,0,0,0,0,0,0,0,0,0,0,0,1,0,0,0,0,0,1,0,0,0,0,0,0,0,0,0,0,0,0,0,0,0,0,0,0,0,0,0,0,0,0,0,0,0,0,0,1,0,0,0,0,0,0,0,0,0,0,0,0,0,0,0,0,0,0,1,0,0,0,0,0,0,0,0,0,0,0,0,0,3,0,0,0,0,0,0,0,0,0,0,0,0,0,0,1,0,0,0,0,0,0,0,0,0,0,0
STAT,(NULL),MeminfoPost,212,756677,3576,3560,3575,3586,3572,3576,3567,3580,3556,3565,3570,3584,3583,3622,3597,3561,3560,3560,3569,3567,3579,3576,3577,3577,3575,3573,3564,3562,3565,3562,3581,3581,3562,3560,3560,3573,3569,3563,3583,3575,3577,3571,3564,3573,3559,3576,3574,3585,3599,3618,3579,3556,3566,3565,3559,3573,3576,3579,3595,3561,3576,3574,3555,3567,3563,3578,3581,3567,3560,3558,3564,3568,3579,3568,3567,3579,3602,3566,3563,3575,3579,3568,3564,3581,3558,3567,3559,3561,3578,3551,3554,3571,3575,3579,3568,3562,3568,3562,3563,3554,3558,3556,3571,3556,3589,3592,3580,3563,3557,3562,3564,3590,3559,3553,3549,3554,3572,3573,3576,3578,3580,3571,3567,3564,3559,3573,3559,3563,3567,3554,3557,3550,3566,3549,3584,3555,3556,3563,3582,3598,3591,3594,3566,3558,3561,3579,3564,3552,3549,3565,3572,3576,3579,3577,3564,3559,3571,3561,3562,3564,3558,3550,3563,3553,3574,3554,3568,3588,3594,3593,3588,3569,3562,3565,3552,3558,3570,3578,3592,3596,3573,3592,3589,3563,3556,3571,3566,3566,3565,3566,3551,3555,3559,3554,3556,3604,3546,3552,3545,3578,3539,3553,3584,3557,3561,3565,3574,3569,3569,3573,3563,3565
STAT,(NULL),MeminfoPre,212,189153,899,883,898,909,895,899,890,903,879,888,893,907,906,945,920,884,883,883,892,890,902,899,900,900,898,896,887,885,888,885,904,904,885,883,883,896,892,886,906,898,900,894,887,896,882,899,897,908,922,941,902,879,889,888,882,896,899,902,918,884,899,897,878,890,886,901,904,890,883,881,887,891,902,891,890,902,925,889,886,898,902,891,887,904,881,890,882,884,901,874,877,894,898,902,891,885,891,885,886,877,881,879,894,879,912,915,903,886,880,885,887,913,882,876,872,877,895,896,899,901,903,894,890,887,882,896,882,886,890,877,880,873,889,872,907,878,879,886,905,921,914,917,889,881,884,902,887,875,872,888,895,899,902,900,887,882,894,884,885,887,881,873,886,876,897,877,891,911,917,916,911,892,885,888,875,881,893,901,915,919,896,915,912,886,879,894,889,889,888,889,874,878,882,877,879,927,869,875,868,901,862,876,907,880,884,888,897,892,892,896,886,888
STAT,(NULL),Partition,212,371,371,0,0,0,0,0,0,0,0,0,0,0,0,0,0,0,0,0,0,0,0,0,0,0,0,0,0,0,0,0,0,0,0,0,0,0,0,0,0,0,0,0,0,0,0,0,0,0,0,0,0,0,0,0,0,0,0,0,0,0,0,0,0,0,0,0,0,0,0,0,0,0,0,0,0,0,0,0,0,0,0,0,0,0,0,0,0,0,0,0,0,0,0,0,0,0,0,0,0,0,0,0,0,0,0,0,0,0,0,0,0,0,0,0,0,0,0,0,0,0,0,0,0,0,0,0,0,0,0,0,0,0,0,0,0,0,0,0,0,0,0,0,0,0,0,0,0,0,0,0,0,0,0,0,0,0,0,0,0,0,0,0,0,0,0,0,0,0,0,0,0,0,0,0,0,0,0,0,0,0,0,0,0,0,0,0,0,0,0,0,0,0,0,0,0,0,0,0,0,0,0,0,0,0,0,0,0,0,0,0,0,0
STAT,(NULL),Refine,212,2818,2818,0,0,0,0,0,0,0,0,0,0,0,0,0,0,0,0,0,0,0,0,0,0,0,0,0,0,0,0,0,0,0,0,0,0,0,0,0,0,0,0,0,0,0,0,0,0,0,0,0,0,0,0,0,0,0,0,0,0,0,0,0,0,0,0,0,0,0,0,0,0,0,0,0,0,0,0,0,0,0,0,0,0,0,0,0,0,0,0,0,0,0,0,0,0,0,0,0,0,0,0,0,0,0,0,0,0,0,0,0,0,0,0,0,0,0,0,0,0,0,0,0,0,0,0,0,0,0,0,0,0,0,0,0,0,0,0,0,0,0,0,0,0,0,0,0,0,0,0,0,0,0,0,0,0,0,0,0,0,0,0,0,0,0,0,0,0,0,0,0,0,0,0,0,0,0,0,0,0,0,0,0,0,0,0,0,0,0,0,0,0,0,0,0,0,0,0,0,0,0,0,0,0,0,0,0,0,0,0,0,0,0
STAT,(NULL),Threads,212,212,212,0,0,0,0,0,0,0,0,0,0,0,0,0,0,0,0,0,0,0,0,0,0,0,0,0,0,0,0,0,0,0,0,0,0,0,0,0,0,0,0,0,0,0,0,0,0,0,0,0,0,0,0,0,0,0,0,0,0,0,0,0,0,0,0,0,0,0,0,0,0,0,0,0,0,0,0,0,0,0,0,0,0,0,0,0,0,0,0,0,0,0,0,0,0,0,0,0,0,0,0,0,0,0,0,0,0,0,0,0,0,0,0,0,0,0,0,0,0,0,0,0,0,0,0,0,0,0,0,0,0,0,0,0,0,0,0,0,0,0,0,0,0,0,0,0,0,0,0,0,0,0,0,0,0,0,0,0,0,0,0,0,0,0,0,0,0,0,0,0,0,0,0,0,0,0,0,0,0,0,0,0,0,0,0,0,0,0,0,0,0,0,0,0,0,0,0,0,0,0,0,0,0,0,0,0,0,0,0,0,0,0
STAT,(NULL),Time,212,7723,7723,0,0,0,0,0,0,0,0,0,0,0,0,0,0,0,0,0,0,0,0,0,0,0,0,0,0,0,0,0,0,0,0,0,0,0,0,0,0,0,0,0,0,0,0,0,0,0,0,0,0,0,0,0,0,0,0,0,0,0,0,0,0,0,0,0,0,0,0,0,0,0,0,0,0,0,0,0,0,0,0,0,0,0,0,0,0,0,0,0,0,0,0,0,0,0,0,0,0,0,0,0,0,0,0,0,0,0,0,0,0,0,0,0,0,0,0,0,0,0,0,0,0,0,0,0,0,0,0,0,0,0,0,0,0,0,0,0,0,0,0,0,0,0,0,0,0,0,0,0,0,0,0,0,0,0,0,0,0,0,0,0,0,0,0,0,0,0,0,0,0,0,0,0,0,0,0,0,0,0,0,0,0,0,0,0,0,0,0,0,0,0,0,0,0,0,0,0,0,0,0,0,0,0,0,0,0,0,0,0,0,0
STAT,match,Conflicts,212,6622,48,46,37,55,37,53,41,56,39,48,45,40,38,51,45,57,40,44,38,45,43,38,36,39,51,40,41,41,37,46,37,45,35,43,42,32,37,39,39,36,36,36,30,37,36,34,43,38,43,40,36,46,44,34,35,38,33,35,37,28,40,25,28,35,31,24,34,22,28,28,23,26,29,25,32,24,33,24,26,23,27,29,27,29,22,30,23,34,28,25,27,25,31,27,33,21,31,26,37,26,30,27,28,23,29,31,30,21,28,33,37,32,19,31,25,29,29,29,30,21,31,33,33,29,23,27,24,21,20,27,23,31,25,22,19,35,25,30,23,31,27,31,29,26,30,21,27,29,34,21,29,29,27,29,33,27,29,21,24,29,28,26,31,29,21,31,26,27,30,23,25,35,31,32,33,32,39,23,28,30,27,34,24,27,37,19,29,25,28,29,24,25,25,26,23,27,27,27,30,16,32,24,27,24,29,27,24,25,22,28,26,22
STAT,match,Iterations,212,15050919,38984,51636,47799,45910,59062,50806,49787,60166,47535,44788,55398,39222,46669,64956,41511,51089,48075,71996,68327,71131,61597,63540,65706,49561,63765,52345,60515,39810,46184,54333,62974,61218,68633,55500,49330,44908,82025,49609,65853,68493,75234,70985,56674,75358,78003,53877,54530,52384,62066,65132,75655,65257,58594,64966,75344,68932,65643,61289,65554,83554,45678,74628,82556,55920,78429,74743,56687,63737,90753,73223,93354,77148,68936,66789,87644,66575,76537,72538,64344,66824,77948,64641,73716,69596,91387,53715,67272,85790,51684,76029,74110,82139,68419,85882,84906,83683,76883,91973,87465,78450,52774,90868,70347,79997,95550,68229,62660,85433,84721,71848,72926,98309,75886,95150,70811,75721,66744,82084,80788,88985,82997,73735,68538,61276,72865,74972,72540,85712,78751,59427,48652,64887,75558,74936,70255,81761,71653,68429,66285,79376,69798,84687,69321,85048,72975,83018,57231,59178,70047,68616,71204,85334,82341,74555,60346,90220,73177,69983,95160,85040,68732,90383,76426,75042,91010,85643,90541,92494,80568,90798,82154,89767,67099,79482,87085,70656,66886,81098,77591,63672,87218,59115,82344,67554,70242,43890,73428,64250,79898,57907,83210,75682,101839,70690,87666,52648,68496,83425,84653,85269,71934,65099,88427,94028,67235,79342,69970,92529,85980,83720,51303,92578
STAT,popedge,Conflicts,212,0,0,0,0,0,0,0,0,0,0,0,0,0,0,0,0,0,0,0,0,0,0,0,0,0,0,0,0,0,0,0,0,0,0,0,0,0,0,0,0,0,0,0,0,0,0,0,0,0,0,0,0,0,0,0,0,0,0,0,0,0,0,0,0,0,0,0,0,0,0,0,0,0,0,0,0,0,0,0,0,0,0,0,0,0,0,0,0,0,0,0,0,0,0,0,0,0,0,0,0,0,0,0,0,0,0,0,0,0,0,0,0,0,0,0,0,0,0,0,0,0,0,0,0,0,0,0,0,0,0,0,0,0,0,0,0,0,0,0,0,0,0,0,0,0,0,0,0,0,0,0,0,0,0,0,0,0,0,0,0,0,0,0,0,0,0,0,0,0,0,0,0,0,0,0,0,0,0,0,0,0,0,0,0,0,0,0,0,0,0,0,0,0,0,0,0,0,0,0,0,0,0,0,0,0,0,0,0,0,0,0,0,0
STAT,popedge,Iterations,212,7374172,31437,33930,31552,33177,32291,32672,31539,32572,31586,34325,31417,31543,31721,32103,31762,31738,33604,33303,31215,32447,32764,31367,32213,31133,31876,32088,33664,33577,32650,37108,37329,36287,37845,37119,38155,38498,36100,38092,36904,36297,36173,37788,35960,35303,36143,36540,37062,35260,37650,36982,35485,36385,39372,35458,38439,36061,37452,40675,35424,35618,37275,30995,32856,32945,31406,32447,34024,31862,33209,32109,34610,31323,30560,31970,31775,31132,32021,32147,33015,31020,32827,33487,31608,33264,30931,33232,32647,31683,34645,31931,35995,36073,36874,35342,36407,36132,36183,36986,38000,39966,35850,36337,36078,36992,39181,36642,37872,36749,35537,38322,37765,39309,38665,40704,38413,39179,37916,37403,39764,36973,35524,38521,32156,33848,32635,32694,34133,35305,32480,35627,33170,34534,34476,30798,30910,33673,33075,33285,33161,32120,31792,33877,34657,31091,33585,32726,33606,33611,34568,34221,32139,37190,38288,36453,36996,35219,38524,36203,36389,38636,37313,35520,37829,37779,36771,34933,36951,36587,35986,36447,39061,38946,36533,38576,37165,37226,38862,37004,38001,37436,38823,38241,37368,33932,35342,31882,32058,33797,32742,33437,32866,32093,36203,33100,33223,33807,33420,31403,31736,32500,34532,32024,33844,34442,31877,33467,33193,32380,34578,33958,30626,33661
STAT,refine,Conflicts,212,5798,115,109,104,104,83,105,107,92,61,81,85,81,91,88,76,79,55,57,69,74,69,61,68,53,69,63,57,54,41,66,55,38,32,29,30,32,46,41,41,52,40,38,36,34,37,31,28,26,51,54,38,17,37,36,32,37,33,30,50,44,32,16,16,8,10,16,12,17,7,10,17,20,21,17,21,8,12,12,15,15,14,14,8,14,13,23,9,14,8,10,18,20,22,16,15,12,15,19,20,15,13,15,9,22,14,21,22,21,16,22,22,19,11,13,16,22,13,17,14,19,25,18,11,15,10,11,12,8,10,13,6,15,15,5,13,16,20,15,9,9,14,22,18,22,14,10,13,16,12,17,5,14,17,21,21,23,15,19,19,22,30,24,24,31,22,15,14,16,17,26,20,22,16,10,20,19,20,15,14,17,12,28,20,9,11,12,8,11,17,9,8,5,13,10,7,12,12,16,12,13,14,18,16,20,19,22,12,10,19,16,11,10
STAT,refine,Iterations,212,36476,336,356,266,358,259,328,250,285,227,282,223,198,213,353,238,232,149,257,198,259,320,276,243,139,290,205,233,196,148,207,177,167,195,177,133,181,238,119,220,347,283,133,144,244,189,112,209,111,371,318,171,91,154,128,214,164,205,184,201,188,201,139,183,91,126,131,129,141,131,149,201,172,129,131,182,85,183,92,148,175,169,192,173,148,115,206,101,187,73,103,88,151,143,163,152,115,157,192,123,154,172,216,107,212,187,141,111,296,158,210,248,152,84,139,125,207,114,174,118,235,236,274,144,152,96,148,144,115,89,156,135,168,186,82,118,215,165,154,70,123,149,189,205,124,123,122,123,92,156,90,63,148,154,204,211,149,142,112,151,150,167,272,246,170,130,165,148,147,184,198,264,253,93,90,159,130,217,169,159,120,205,280,239,114,145,82,122,208,129,62,120,97,139,96,66,77,157,154,108,104,193,157,125,223,134,133,144,162,211,243,99,118
