Hello from MIC
Galois Benchmark Suite v2.2.0 (r0)
Copyright (C) 2013 The University of Texas at Austin
http://iss.ices.utexas.edu/galois/

application: GMetis
Partitions a graph into K parts and minimizing the graph cut
http://iss.ices.utexas.edu/?p=projects/galois/benchmarks/gMetis

INFO: CommandLine /work/02556/dpereira/MIC/apps/gmetis/gmetis -t=86 /work/02556/dpereira/Inputs/USA-road-d.W.gr 128
INFO: Hostname c557-903-mic0.stampede.tacc.utexas.edu
Created Graph with 6262104 nodes and 15248146 edges
Nodes 6262104| Edges 15248146 7624073

  Starting coarsening: 
Time coarsen:  2279 Size of final graph: 3091

  Sarting initial partitioning using GGGP:
Size in decade percentages:  -1,4 -0,122 1,2
Time clustering:  413

  Sarting refinnement with BKL2
Initial dist
Size in decade percentages:  -1,4 -0,122 1,2
Refined dist
Size in decade percentages:  -1,45 0,36 1,47
Time refinement:  887


Time:  3754
Total edge cut : 7947

Part saved in : 0x7fff4ed93660
STATTYPE,LOOP,CATEGORY,n,sum,T0,T1,T2,T3,T4,T5,T6,T7,T8,T9,T10,T11,T12,T13,T14,T15,T16,T17,T18,T19,T20,T21,T22,T23,T24,T25,T26,T27,T28,T29,T30,T31,T32,T33,T34,T35,T36,T37,T38,T39,T40,T41,T42,T43,T44,T45,T46,T47,T48,T49,T50,T51,T52,T53,T54,T55,T56,T57,T58,T59,T60,T61,T62,T63,T64,T65,T66,T67,T68,T69,T70,T71,T72,T73,T74,T75,T76,T77,T78,T79,T80,T81,T82,T83,T84,T85
STAT,(NULL),Coarsen,86,2279,2279,0,0,0,0,0,0,0,0,0,0,0,0,0,0,0,0,0,0,0,0,0,0,0,0,0,0,0,0,0,0,0,0,0,0,0,0,0,0,0,0,0,0,0,0,0,0,0,0,0,0,0,0,0,0,0,0,0,0,0,0,0,0,0,0,0,0,0,0,0,0,0,0,0,0,0,0,0,0,0,0,0,0,0,0,0
STAT,(NULL),Conflicts,86,0,0,0,0,0,0,0,0,0,0,0,0,0,0,0,0,0,0,0,0,0,0,0,0,0,0,0,0,0,0,0,0,0,0,0,0,0,0,0,0,0,0,0,0,0,0,0,0,0,0,0,0,0,0,0,0,0,0,0,0,0,0,0,0,0,0,0,0,0,0,0,0,0,0,0,0,0,0,0,0,0,0,0,0,0,0,0
STAT,(NULL),Iterations,86,255,8,9,0,0,3,4,0,0,3,1,0,0,3,0,2,4,0,3,1,5,0,4,1,3,1,1,4,20,4,2,8,3,2,2,1,4,0,2,4,9,2,0,0,5,5,3,8,3,7,2,3,5,4,5,3,1,5,1,6,0,1,6,2,2,7,0,3,0,0,6,2,3,4,2,0,3,2,0,3,1,6,4,4,0,3,2
STAT,(NULL),MeminfoPost,86,756563,8795,8821,8796,8793,8820,8876,8793,8784,8816,8817,8795,8783,8818,8775,8797,8809,8808,8795,8797,8871,8819,8785,8797,8827,8809,8778,8800,8799,8782,8803,8816,8810,8815,8799,8781,8794,8761,8811,8790,8786,8768,8777,8834,8796,8777,8801,8755,8803,8819,8802,8790,8776,8774,8768,8785,8773,8852,8827,8773,8790,8772,8813,8803,8782,8780,8766,8781,8794,8856,8811,8772,8785,8858,8836,8789,8791,8790,8759,8778,8788,8766,8754,8793,8794,8800,8791
STAT,(NULL),MeminfoPre,86,189135,2197,2223,2198,2195,2222,2278,2195,2186,2218,2219,2197,2185,2220,2177,2199,2211,2210,2197,2199,2273,2221,2187,2199,2229,2211,2180,2202,2201,2184,2205,2218,2212,2217,2201,2183,2196,2163,2213,2192,2188,2170,2179,2236,2198,2179,2203,2157,2205,2221,2204,2192,2178,2176,2170,2187,2175,2254,2229,2175,2192,2174,2215,2205,2184,2182,2168,2183,2196,2258,2213,2174,2187,2260,2238,2191,2193,2192,2161,2180,2190,2168,2156,2195,2196,2202,2193
STAT,(NULL),Partition,86,413,413,0,0,0,0,0,0,0,0,0,0,0,0,0,0,0,0,0,0,0,0,0,0,0,0,0,0,0,0,0,0,0,0,0,0,0,0,0,0,0,0,0,0,0,0,0,0,0,0,0,0,0,0,0,0,0,0,0,0,0,0,0,0,0,0,0,0,0,0,0,0,0,0,0,0,0,0,0,0,0,0,0,0,0,0,0
STAT,(NULL),Refine,86,887,887,0,0,0,0,0,0,0,0,0,0,0,0,0,0,0,0,0,0,0,0,0,0,0,0,0,0,0,0,0,0,0,0,0,0,0,0,0,0,0,0,0,0,0,0,0,0,0,0,0,0,0,0,0,0,0,0,0,0,0,0,0,0,0,0,0,0,0,0,0,0,0,0,0,0,0,0,0,0,0,0,0,0,0,0,0
STAT,(NULL),Threads,86,86,86,0,0,0,0,0,0,0,0,0,0,0,0,0,0,0,0,0,0,0,0,0,0,0,0,0,0,0,0,0,0,0,0,0,0,0,0,0,0,0,0,0,0,0,0,0,0,0,0,0,0,0,0,0,0,0,0,0,0,0,0,0,0,0,0,0,0,0,0,0,0,0,0,0,0,0,0,0,0,0,0,0,0,0,0,0
STAT,(NULL),Time,86,3754,3754,0,0,0,0,0,0,0,0,0,0,0,0,0,0,0,0,0,0,0,0,0,0,0,0,0,0,0,0,0,0,0,0,0,0,0,0,0,0,0,0,0,0,0,0,0,0,0,0,0,0,0,0,0,0,0,0,0,0,0,0,0,0,0,0,0,0,0,0,0,0,0,0,0,0,0,0,0,0,0,0,0,0,0,0,0
STAT,match,Conflicts,86,6040,156,120,119,110,118,88,114,109,83,89,97,105,118,94,78,94,95,83,89,79,86,79,79,91,141,57,63,56,55,64,57,44,46,53,45,51,57,47,52,52,57,55,50,60,65,51,50,53,55,52,42,41,57,52,49,43,55,68,62,67,57,59,54,56,72,67,42,50,62,46,65,46,75,81,62,56,80,64,57,66,57,73,56,70,79,91
STAT,match,Iterations,86,14995787,131762,144495,154071,150196,149493,142323,154804,128838,154494,150209,156730,146997,164093,165609,166790,162257,167211,149404,153000,155066,167061,170892,153265,157261,156831,195156,192410,194867,176871,172037,181490,191481,178091,184325,177140,190854,194130,177706,192877,195816,192025,184631,178416,181614,177369,191000,203212,179956,178736,181171,190629,193077,190123,197954,183339,194952,179988,171248,192130,173236,187410,176521,160621,187486,172662,173107,180438,181334,171723,177944,169457,186343,171327,170588,186382,186350,163690,198228,180709,183718,174218,182511,185854,153708,190899,179350
STAT,popedge,Conflicts,86,0,0,0,0,0,0,0,0,0,0,0,0,0,0,0,0,0,0,0,0,0,0,0,0,0,0,0,0,0,0,0,0,0,0,0,0,0,0,0,0,0,0,0,0,0,0,0,0,0,0,0,0,0,0,0,0,0,0,0,0,0,0,0,0,0,0,0,0,0,0,0,0,0,0,0,0,0,0,0,0,0,0,0,0,0,0,0
STAT,popedge,Iterations,86,7351266,81959,78743,79673,82279,81334,76792,81477,82233,76131,76951,79968,87163,84308,85990,82680,83061,85142,86123,84345,79969,83876,83857,83159,82340,82025,92886,92529,90029,92693,83848,82229,85886,86468,85358,79623,89016,94335,87959,87499,86867,90068,91811,86932,92802,100115,93483,95088,95363,89962,93661,91315,96904,91539,93021,91357,91674,90662,92642,87908,92870,92100,76899,76417,77664,80938,78867,75562,77564,76013,74360,77771,77969,84551,85633,91046,86557,87762,83146,84159,83596,86019,81432,84926,88682,81875,81778
STAT,refine,Conflicts,86,3915,136,121,113,105,97,105,88,84,82,76,78,75,77,67,70,54,57,52,47,64,54,60,56,44,39,52,51,47,56,49,42,43,38,29,38,36,42,33,38,29,24,36,32,37,35,35,25,31,26,40,43,31,45,27,34,31,36,36,30,24,35,25,27,26,24,28,26,36,32,32,20,34,32,31,25,29,26,28,21,25,32,37,24,22,31,25
STAT,refine,Iterations,86,131709,1540,1443,1234,1389,1495,1611,1492,1503,1426,1431,1400,1616,1857,1398,1504,1254,1350,1225,1506,1460,1686,1598,1640,1483,1524,1315,1834,1706,1650,1416,1769,1704,1902,1532,1466,1581,1565,1582,1508,1037,1533,1688,2194,2006,1656,1612,1519,1510,1537,1588,1568,1283,1264,1730,1246,1376,2157,2151,1169,1324,1221,1566,1361,1245,1386,1506,1417,1565,1676,1512,1131,1796,1816,1580,1617,1515,1256,1549,1147,1533,1291,1501,1439,1720,1814,1806
