Hello from MIC
Galois Benchmark Suite v2.2.0 (r0)
Copyright (C) 2013 The University of Texas at Austin
http://iss.ices.utexas.edu/galois/

application: GMetis
Partitions a graph into K parts and minimizing the graph cut
http://iss.ices.utexas.edu/?p=projects/galois/benchmarks/gMetis

INFO: CommandLine /work/02556/dpereira/MIC/apps/gmetis/gmetis -t=212 /work/02556/dpereira/Inputs/USA-road-d.W.gr 128
INFO: Hostname c558-003-mic0.stampede.tacc.utexas.edu
Created Graph with 6262104 nodes and 15248146 edges
Nodes 6262104| Edges 15248146 7624073

  Starting coarsening: 
Time coarsen:  3568 Size of final graph: 3177

  Sarting initial partitioning using GGGP:
Size in decade percentages:  -1,2 -0,123 1,3
Time clustering:  458

  Sarting refinnement with BKL2
Initial dist
Size in decade percentages:  -1,2 -0,123 1,3
Refined dist
Size in decade percentages:  -1,54 -0,21 1,53
Time refinement:  2244


Time:  6446
Total edge cut : 8405

Part saved in : 0x7fff59072160
STATTYPE,LOOP,CATEGORY,n,sum,T0,T1,T2,T3,T4,T5,T6,T7,T8,T9,T10,T11,T12,T13,T14,T15,T16,T17,T18,T19,T20,T21,T22,T23,T24,T25,T26,T27,T28,T29,T30,T31,T32,T33,T34,T35,T36,T37,T38,T39,T40,T41,T42,T43,T44,T45,T46,T47,T48,T49,T50,T51,T52,T53,T54,T55,T56,T57,T58,T59,T60,T61,T62,T63,T64,T65,T66,T67,T68,T69,T70,T71,T72,T73,T74,T75,T76,T77,T78,T79,T80,T81,T82,T83,T84,T85,T86,T87,T88,T89,T90,T91,T92,T93,T94,T95,T96,T97,T98,T99,T100,T101,T102,T103,T104,T105,T106,T107,T108,T109,T110,T111,T112,T113,T114,T115,T116,T117,T118,T119,T120,T121,T122,T123,T124,T125,T126,T127,T128,T129,T130,T131,T132,T133,T134,T135,T136,T137,T138,T139,T140,T141,T142,T143,T144,T145,T146,T147,T148,T149,T150,T151,T152,T153,T154,T155,T156,T157,T158,T159,T160,T161,T162,T163,T164,T165,T166,T167,T168,T169,T170,T171,T172,T173,T174,T175,T176,T177,T178,T179,T180,T181,T182,T183,T184,T185,T186,T187,T188,T189,T190,T191,T192,T193,T194,T195,T196,T197,T198,T199,T200,T201,T202,T203,T204,T205,T206,T207,T208,T209,T210,T211
STAT,(NULL),Coarsen,212,3568,3568,0,0,0,0,0,0,0,0,0,0,0,0,0,0,0,0,0,0,0,0,0,0,0,0,0,0,0,0,0,0,0,0,0,0,0,0,0,0,0,0,0,0,0,0,0,0,0,0,0,0,0,0,0,0,0,0,0,0,0,0,0,0,0,0,0,0,0,0,0,0,0,0,0,0,0,0,0,0,0,0,0,0,0,0,0,0,0,0,0,0,0,0,0,0,0,0,0,0,0,0,0,0,0,0,0,0,0,0,0,0,0,0,0,0,0,0,0,0,0,0,0,0,0,0,0,0,0,0,0,0,0,0,0,0,0,0,0,0,0,0,0,0,0,0,0,0,0,0,0,0,0,0,0,0,0,0,0,0,0,0,0,0,0,0,0,0,0,0,0,0,0,0,0,0,0,0,0,0,0,0,0,0,0,0,0,0,0,0,0,0,0,0,0,0,0,0,0,0,0,0,0,0,0,0,0,0,0,0,0,0,0
STAT,(NULL),Conflicts,212,0,0,0,0,0,0,0,0,0,0,0,0,0,0,0,0,0,0,0,0,0,0,0,0,0,0,0,0,0,0,0,0,0,0,0,0,0,0,0,0,0,0,0,0,0,0,0,0,0,0,0,0,0,0,0,0,0,0,0,0,0,0,0,0,0,0,0,0,0,0,0,0,0,0,0,0,0,0,0,0,0,0,0,0,0,0,0,0,0,0,0,0,0,0,0,0,0,0,0,0,0,0,0,0,0,0,0,0,0,0,0,0,0,0,0,0,0,0,0,0,0,0,0,0,0,0,0,0,0,0,0,0,0,0,0,0,0,0,0,0,0,0,0,0,0,0,0,0,0,0,0,0,0,0,0,0,0,0,0,0,0,0,0,0,0,0,0,0,0,0,0,0,0,0,0,0,0,0,0,0,0,0,0,0,0,0,0,0,0,0,0,0,0,0,0,0,0,0,0,0,0,0,0,0,0,0,0,0,0,0,0,0,0
STAT,(NULL),Iterations,212,255,9,0,0,2,0,0,1,0,1,2,0,1,0,0,0,5,0,0,0,3,0,1,2,6,0,0,0,0,0,0,1,0,0,0,0,6,2,1,2,3,3,0,0,0,0,0,1,1,4,8,1,5,4,1,1,1,5,3,0,0,0,7,0,2,4,0,0,1,5,0,0,0,0,2,1,2,6,5,2,1,0,0,0,1,1,0,0,0,0,0,2,2,1,0,3,0,3,2,0,2,0,1,0,0,2,1,3,2,0,4,1,1,0,3,1,2,0,0,0,1,1,0,2,1,0,0,0,1,1,0,0,1,1,1,0,0,0,2,1,1,0,1,1,0,1,0,0,0,2,4,3,2,0,0,0,2,0,3,1,3,0,0,2,4,0,3,0,2,1,0,2,5,2,1,0,2,4,1,0,2,0,2,1,6,0,1,1,0,3,1,0,0,0,0,0,0,0,0,5,0,0,0,0,1,0,0,0,2,0,0,2,0
STAT,(NULL),MeminfoPost,212,756677,3576,3560,3575,3586,3572,3576,3567,3580,3556,3565,3570,3584,3583,3622,3597,3561,3560,3560,3569,3567,3579,3576,3577,3577,3575,3573,3564,3562,3565,3562,3581,3581,3562,3560,3560,3573,3569,3563,3583,3575,3577,3571,3564,3573,3559,3576,3574,3585,3599,3618,3579,3556,3566,3565,3559,3573,3576,3579,3595,3561,3576,3574,3555,3567,3563,3578,3581,3567,3560,3558,3564,3568,3579,3568,3567,3579,3602,3566,3563,3575,3579,3568,3564,3581,3558,3567,3559,3561,3578,3551,3554,3571,3575,3579,3568,3562,3568,3562,3563,3554,3558,3556,3571,3556,3589,3592,3580,3563,3557,3562,3564,3590,3559,3553,3549,3554,3572,3573,3576,3578,3580,3571,3567,3564,3559,3573,3559,3563,3567,3554,3557,3550,3566,3549,3584,3555,3556,3563,3582,3598,3591,3594,3566,3558,3561,3579,3564,3552,3549,3565,3572,3576,3579,3577,3564,3559,3571,3561,3562,3564,3558,3550,3563,3553,3574,3554,3568,3588,3594,3593,3588,3569,3562,3565,3552,3558,3570,3578,3592,3596,3573,3592,3589,3563,3556,3571,3566,3566,3565,3566,3551,3555,3559,3554,3556,3604,3546,3552,3545,3578,3539,3553,3584,3557,3561,3565,3574,3569,3569,3573,3563,3565
STAT,(NULL),MeminfoPre,212,189153,899,883,898,909,895,899,890,903,879,888,893,907,906,945,920,884,883,883,892,890,902,899,900,900,898,896,887,885,888,885,904,904,885,883,883,896,892,886,906,898,900,894,887,896,882,899,897,908,922,941,902,879,889,888,882,896,899,902,918,884,899,897,878,890,886,901,904,890,883,881,887,891,902,891,890,902,925,889,886,898,902,891,887,904,881,890,882,884,901,874,877,894,898,902,891,885,891,885,886,877,881,879,894,879,912,915,903,886,880,885,887,913,882,876,872,877,895,896,899,901,903,894,890,887,882,896,882,886,890,877,880,873,889,872,907,878,879,886,905,921,914,917,889,881,884,902,887,875,872,888,895,899,902,900,887,882,894,884,885,887,881,873,886,876,897,877,891,911,917,916,911,892,885,888,875,881,893,901,915,919,896,915,912,886,879,894,889,889,888,889,874,878,882,877,879,927,869,875,868,901,862,876,907,880,884,888,897,892,892,896,886,888
STAT,(NULL),Partition,212,458,458,0,0,0,0,0,0,0,0,0,0,0,0,0,0,0,0,0,0,0,0,0,0,0,0,0,0,0,0,0,0,0,0,0,0,0,0,0,0,0,0,0,0,0,0,0,0,0,0,0,0,0,0,0,0,0,0,0,0,0,0,0,0,0,0,0,0,0,0,0,0,0,0,0,0,0,0,0,0,0,0,0,0,0,0,0,0,0,0,0,0,0,0,0,0,0,0,0,0,0,0,0,0,0,0,0,0,0,0,0,0,0,0,0,0,0,0,0,0,0,0,0,0,0,0,0,0,0,0,0,0,0,0,0,0,0,0,0,0,0,0,0,0,0,0,0,0,0,0,0,0,0,0,0,0,0,0,0,0,0,0,0,0,0,0,0,0,0,0,0,0,0,0,0,0,0,0,0,0,0,0,0,0,0,0,0,0,0,0,0,0,0,0,0,0,0,0,0,0,0,0,0,0,0,0,0,0,0,0,0,0,0
STAT,(NULL),Refine,212,2244,2244,0,0,0,0,0,0,0,0,0,0,0,0,0,0,0,0,0,0,0,0,0,0,0,0,0,0,0,0,0,0,0,0,0,0,0,0,0,0,0,0,0,0,0,0,0,0,0,0,0,0,0,0,0,0,0,0,0,0,0,0,0,0,0,0,0,0,0,0,0,0,0,0,0,0,0,0,0,0,0,0,0,0,0,0,0,0,0,0,0,0,0,0,0,0,0,0,0,0,0,0,0,0,0,0,0,0,0,0,0,0,0,0,0,0,0,0,0,0,0,0,0,0,0,0,0,0,0,0,0,0,0,0,0,0,0,0,0,0,0,0,0,0,0,0,0,0,0,0,0,0,0,0,0,0,0,0,0,0,0,0,0,0,0,0,0,0,0,0,0,0,0,0,0,0,0,0,0,0,0,0,0,0,0,0,0,0,0,0,0,0,0,0,0,0,0,0,0,0,0,0,0,0,0,0,0,0,0,0,0,0,0
STAT,(NULL),Threads,212,212,212,0,0,0,0,0,0,0,0,0,0,0,0,0,0,0,0,0,0,0,0,0,0,0,0,0,0,0,0,0,0,0,0,0,0,0,0,0,0,0,0,0,0,0,0,0,0,0,0,0,0,0,0,0,0,0,0,0,0,0,0,0,0,0,0,0,0,0,0,0,0,0,0,0,0,0,0,0,0,0,0,0,0,0,0,0,0,0,0,0,0,0,0,0,0,0,0,0,0,0,0,0,0,0,0,0,0,0,0,0,0,0,0,0,0,0,0,0,0,0,0,0,0,0,0,0,0,0,0,0,0,0,0,0,0,0,0,0,0,0,0,0,0,0,0,0,0,0,0,0,0,0,0,0,0,0,0,0,0,0,0,0,0,0,0,0,0,0,0,0,0,0,0,0,0,0,0,0,0,0,0,0,0,0,0,0,0,0,0,0,0,0,0,0,0,0,0,0,0,0,0,0,0,0,0,0,0,0,0,0,0,0
STAT,(NULL),Time,212,6446,6446,0,0,0,0,0,0,0,0,0,0,0,0,0,0,0,0,0,0,0,0,0,0,0,0,0,0,0,0,0,0,0,0,0,0,0,0,0,0,0,0,0,0,0,0,0,0,0,0,0,0,0,0,0,0,0,0,0,0,0,0,0,0,0,0,0,0,0,0,0,0,0,0,0,0,0,0,0,0,0,0,0,0,0,0,0,0,0,0,0,0,0,0,0,0,0,0,0,0,0,0,0,0,0,0,0,0,0,0,0,0,0,0,0,0,0,0,0,0,0,0,0,0,0,0,0,0,0,0,0,0,0,0,0,0,0,0,0,0,0,0,0,0,0,0,0,0,0,0,0,0,0,0,0,0,0,0,0,0,0,0,0,0,0,0,0,0,0,0,0,0,0,0,0,0,0,0,0,0,0,0,0,0,0,0,0,0,0,0,0,0,0,0,0,0,0,0,0,0,0,0,0,0,0,0,0,0,0,0,0,0,0
STAT,match,Conflicts,212,6829,55,45,48,46,55,40,49,47,46,45,48,43,36,49,47,50,38,45,34,50,48,45,49,46,43,39,42,44,40,37,37,36,38,45,47,41,29,41,39,36,34,42,37,48,44,49,36,35,33,33,36,40,38,37,36,46,38,40,31,31,42,25,27,26,24,32,29,38,28,34,25,32,26,26,29,24,37,24,24,24,31,28,25,26,27,33,27,23,32,27,31,32,34,29,39,28,27,28,34,28,35,29,38,30,34,33,33,28,29,32,32,25,36,35,29,29,33,30,36,22,27,36,30,30,30,27,28,22,25,27,30,27,33,21,20,27,36,35,23,25,33,27,22,26,24,27,23,31,26,22,29,20,28,30,31,27,29,32,35,26,32,29,27,24,25,33,32,24,28,26,28,23,31,33,23,34,31,28,26,32,23,22,32,26,31,29,23,26,25,30,26,27,30,29,25,27,28,25,32,24,23,26,29,30,28,34,28,17,27,27,26,23
STAT,match,Iterations,212,15057411,43661,52484,51936,45345,59412,45154,58347,37407,50688,59428,56583,56036,53245,54880,34392,52960,52629,59306,71685,45920,75539,46616,43409,47865,55740,56464,49843,57581,63525,81708,62745,68266,68567,63236,52489,69013,73691,71299,65926,68529,61854,60244,69276,75175,70042,57424,53958,70047,69732,80147,76183,74196,57121,70958,68452,63476,56062,69742,67675,81829,67293,60622,57750,72254,79174,68152,58813,62031,70264,68141,80948,57735,64398,74139,79330,86517,70507,69653,72214,62578,75008,69497,58977,57610,58387,53207,81157,87736,60318,79102,63587,96145,67417,96404,70362,82232,89786,82096,79092,97600,64833,71244,73936,70052,71303,66697,76264,96661,85787,71171,73536,92202,72575,75027,80224,71668,52520,73894,59997,96001,84837,67753,71412,67032,66557,71134,75104,70678,88613,57922,77043,99922,72811,75071,72110,79009,57156,67849,71395,83182,59475,73388,70413,88369,89939,74116,62249,64805,63275,86159,71076,86092,76030,80055,80320,90389,91824,81952,87426,75854,73232,91474,71301,103734,84247,83383,96436,73655,88632,72381,87695,89289,64976,78011,96195,69254,96394,74565,82621,69074,75331,72594,80703,76369,72712,77033,66106,75435,88489,62954,74264,77601,56294,68256,76302,63117,76309,69383,73418,80979,70079,85450,88897,74192,67668,55718,77792,91655,77734,62917,61343,83005
STAT,popedge,Conflicts,212,0,0,0,0,0,0,0,0,0,0,0,0,0,0,0,0,0,0,0,0,0,0,0,0,0,0,0,0,0,0,0,0,0,0,0,0,0,0,0,0,0,0,0,0,0,0,0,0,0,0,0,0,0,0,0,0,0,0,0,0,0,0,0,0,0,0,0,0,0,0,0,0,0,0,0,0,0,0,0,0,0,0,0,0,0,0,0,0,0,0,0,0,0,0,0,0,0,0,0,0,0,0,0,0,0,0,0,0,0,0,0,0,0,0,0,0,0,0,0,0,0,0,0,0,0,0,0,0,0,0,0,0,0,0,0,0,0,0,0,0,0,0,0,0,0,0,0,0,0,0,0,0,0,0,0,0,0,0,0,0,0,0,0,0,0,0,0,0,0,0,0,0,0,0,0,0,0,0,0,0,0,0,0,0,0,0,0,0,0,0,0,0,0,0,0,0,0,0,0,0,0,0,0,0,0,0,0,0,0,0,0,0,0
STAT,popedge,Iterations,212,7379152,32331,32903,32960,30647,32830,31088,32418,32546,32840,32292,33630,33462,31368,32232,32930,32998,31655,32337,32229,32130,31521,32581,32203,31819,31778,33340,33283,33838,32360,37672,36271,36105,37622,37430,37471,37644,38373,36636,35670,36436,37118,38747,35595,37174,35025,37746,37981,36689,35443,36675,34759,38179,37914,38658,38831,36062,36245,37696,36497,35818,38651,34905,32439,34237,31479,31869,31055,32240,31554,31307,32767,32640,32691,30601,31275,33311,30859,32496,33267,31562,31259,31776,32230,33592,33985,33295,33551,32078,35407,33613,37251,40687,36992,35520,35565,37557,37024,38189,35206,38434,38366,36308,39279,38244,37568,36455,35389,37875,36427,40592,38668,38892,36844,38519,38564,38206,36279,36138,38235,36604,36329,38333,32878,33853,33873,30696,33513,33511,34822,32155,31994,34097,31907,31676,31889,32018,32402,33684,32490,32537,31884,32386,32305,32164,31127,30717,31592,33025,34354,34604,34313,37513,37521,36152,38179,36575,39290,39232,37615,38420,36742,36778,37285,36821,35278,36533,36737,36424,36329,38128,38284,36976,37387,35179,37980,40044,37013,38324,39723,38267,37844,36420,40749,34447,32890,34507,31874,32753,30622,34181,32512,34114,33617,34061,30772,31155,32415,32504,33509,30670,35684,33726,32770,33487,31986,33434,33090,33000,34646,34475,33021,33761
STAT,refine,Conflicts,212,6841,112,99,109,101,106,96,101,92,88,79,90,78,84,78,91,66,75,68,70,65,70,62,62,53,66,57,58,61,64,61,46,38,48,41,47,41,47,37,50,40,39,38,33,47,41,37,35,35,50,52,41,31,39,42,41,46,42,49,38,40,32,25,12,26,24,21,13,17,24,9,25,30,18,25,23,27,25,27,13,18,22,27,14,15,18,24,16,24,12,23,22,23,23,24,20,17,21,15,20,32,19,17,23,22,32,29,27,18,16,25,26,26,18,23,16,24,27,19,33,18,26,15,29,5,21,21,16,21,15,25,25,17,26,13,29,18,24,23,18,24,19,17,26,14,20,20,18,12,22,15,22,25,25,37,28,24,28,23,26,21,27,21,20,26,22,21,19,19,24,21,25,23,24,19,22,27,26,20,22,15,21,16,10,23,14,20,16,15,21,17,18,15,13,28,21,15,19,25,19,18,26,23,14,20,15,23,22,19,25,21,27,29
STAT,refine,Iterations,212,141180,694,570,920,639,719,731,677,482,602,669,655,658,769,643,747,513,561,652,745,669,706,525,633,573,502,557,633,645,618,745,624,597,723,671,435,669,691,740,647,620,738,608,615,824,722,930,665,658,796,904,661,654,532,759,617,638,573,642,689,604,716,811,468,730,570,588,488,564,536,681,466,599,609,602,730,669,586,622,680,569,736,637,415,512,604,459,485,600,771,657,518,823,632,774,672,725,764,593,567,852,646,704,847,775,1009,958,1127,770,479,868,618,1197,559,599,670,771,891,665,590,710,718,481,785,496,711,467,589,592,502,438,765,676,741,520,668,648,737,627,623,943,554,800,672,513,722,807,539,500,575,684,787,589,819,849,848,826,768,617,734,637,720,831,689,1040,798,830,940,819,804,672,982,613,685,616,803,850,1040,881,707,600,636,730,561,536,497,690,403,397,517,595,358,627,428,770,593,500,689,499,570,413,563,782,539,482,472,507,797,558,634,708,691,720
