Hello from MIC
Galois Benchmark Suite v2.2.0 (r0)
Copyright (C) 2013 The University of Texas at Austin
http://iss.ices.utexas.edu/galois/

application: GMetis
Partitions a graph into K parts and minimizing the graph cut
http://iss.ices.utexas.edu/?p=projects/galois/benchmarks/gMetis

INFO: CommandLine /work/02556/dpereira/MIC/apps/gmetis/gmetis -t=37 /work/02556/dpereira/Inputs/USA-road-d.W.gr 128
INFO: Hostname c557-901-mic0.stampede.tacc.utexas.edu
Created Graph with 6262104 nodes and 15248146 edges
Nodes 6262104| Edges 15248146 7624073

  Starting coarsening: 
Time coarsen:  3129 Size of final graph: 2955

  Sarting initial partitioning using GGGP:
Size in decade percentages:  -1,8 -0,111 1,9
Time clustering:  395

  Sarting refinnement with BKL2
Initial dist
Size in decade percentages:  -1,8 -0,111 1,9
Refined dist
Size in decade percentages:  -1,41 -0,41 1,46
Time refinement:  614


Time:  4314
Total edge cut : 7914

Part saved in : 0x7fff1a1840e0
STATTYPE,LOOP,CATEGORY,n,sum,T0,T1,T2,T3,T4,T5,T6,T7,T8,T9,T10,T11,T12,T13,T14,T15,T16,T17,T18,T19,T20,T21,T22,T23,T24,T25,T26,T27,T28,T29,T30,T31,T32,T33,T34,T35,T36
STAT,(NULL),Coarsen,37,3129,3129,0,0,0,0,0,0,0,0,0,0,0,0,0,0,0,0,0,0,0,0,0,0,0,0,0,0,0,0,0,0,0,0,0,0,0,0
STAT,(NULL),Conflicts,37,0,0,0,0,0,0,0,0,0,0,0,0,0,0,0,0,0,0,0,0,0,0,0,0,0,0,0,0,0,0,0,0,0,0,0,0,0,0
STAT,(NULL),Iterations,37,255,10,5,10,6,9,8,6,6,2,6,3,8,4,11,13,12,13,17,3,4,4,6,5,3,5,3,7,4,12,6,8,12,7,5,4,2,6
STAT,(NULL),MeminfoPost,37,756274,20471,20434,20530,20451,20438,20437,20452,20446,20536,20430,20462,20442,20428,20484,20435,20396,20443,20389,20467,20406,20442,20433,20380,20390,20525,20392,20456,20406,20379,20530,20400,20542,20413,20381,20387,20400,20441
STAT,(NULL),MeminfoPre,37,189064,5141,5104,5200,5121,5108,5107,5122,5116,5206,5100,5132,5112,5098,5154,5105,5066,5113,5059,5137,5076,5112,5103,5050,5060,5195,5062,5126,5076,5049,5200,5070,5212,5083,5051,5057,5070,5111
STAT,(NULL),Partition,37,395,395,0,0,0,0,0,0,0,0,0,0,0,0,0,0,0,0,0,0,0,0,0,0,0,0,0,0,0,0,0,0,0,0,0,0,0,0
STAT,(NULL),Refine,37,614,614,0,0,0,0,0,0,0,0,0,0,0,0,0,0,0,0,0,0,0,0,0,0,0,0,0,0,0,0,0,0,0,0,0,0,0,0
STAT,(NULL),Threads,37,37,37,0,0,0,0,0,0,0,0,0,0,0,0,0,0,0,0,0,0,0,0,0,0,0,0,0,0,0,0,0,0,0,0,0,0,0,0
STAT,(NULL),Time,37,4314,4314,0,0,0,0,0,0,0,0,0,0,0,0,0,0,0,0,0,0,0,0,0,0,0,0,0,0,0,0,0,0,0,0,0,0,0,0
STAT,match,Conflicts,37,4558,300,172,195,137,156,176,117,125,168,97,87,141,109,89,83,102,102,98,83,108,87,82,102,116,89,89,79,65,73,78,104,209,179,135,122,183,121
STAT,match,Iterations,37,14937846,385075,404769,367285,411538,408648,410508,382841,401473,359177,410161,391151,396343,396265,398036,364921,434417,397879,418198,413347,420097,396419,417694,424542,428854,373490,398922,393273,415451,415538,390159,418765,380805,415814,427476,437467,422301,408747
STAT,popedge,Conflicts,37,0,0,0,0,0,0,0,0,0,0,0,0,0,0,0,0,0,0,0,0,0,0,0,0,0,0,0,0,0,0,0,0,0,0,0,0,0,0
STAT,popedge,Iterations,37,7317256,195309,198741,192853,191121,192340,199626,194302,191667,190566,193872,191561,199581,185680,178383,164787,197410,189435,192861,193699,205431,204312,199281,203697,204395,193298,199189,194492,199943,200104,191102,192769,217176,215848,220230,213448,217360,211387
STAT,refine,Conflicts,37,2056,109,90,86,80,83,68,71,72,68,59,58,52,60,62,51,62,51,57,54,48,51,38,49,45,56,43,48,43,48,29,47,35,27,33,44,36,43
STAT,refine,Iterations,37,127961,3229,3033,4283,3653,2963,3336,3193,3127,4309,3792,3130,3415,2957,3493,2971,3033,3190,3308,3574,3006,4042,3155,3046,3686,4464,3362,4252,3094,3949,4507,2990,4746,2611,3031,2970,3360,3701
