Hello from MIC
Galois Benchmark Suite v2.2.0 (r0)
Copyright (C) 2013 The University of Texas at Austin
http://iss.ices.utexas.edu/galois/

application: GMetis
Partitions a graph into K parts and minimizing the graph cut
http://iss.ices.utexas.edu/?p=projects/galois/benchmarks/gMetis

INFO: CommandLine /work/02556/dpereira/MIC/apps/gmetis/gmetis -t=70 /work/02556/dpereira/Inputs/USA-road-d.W.gr 128
INFO: Hostname c557-903-mic0.stampede.tacc.utexas.edu
Created Graph with 6262104 nodes and 15248146 edges
Nodes 6262104| Edges 15248146 7624073

  Starting coarsening: 
Time coarsen:  2302 Size of final graph: 3053

  Sarting initial partitioning using GGGP:
Size in decade percentages:  -1,4 -0,120 1,4
Time clustering:  404

  Sarting refinnement with BKL2
Initial dist
Size in decade percentages:  -1,4 -0,120 1,4
Refined dist
Size in decade percentages:  -1,46 0,33 1,49
Time refinement:  789


Time:  3671
Total edge cut : 7433

Part saved in : 0x7fffcbadc9e0
STATTYPE,LOOP,CATEGORY,n,sum,T0,T1,T2,T3,T4,T5,T6,T7,T8,T9,T10,T11,T12,T13,T14,T15,T16,T17,T18,T19,T20,T21,T22,T23,T24,T25,T26,T27,T28,T29,T30,T31,T32,T33,T34,T35,T36,T37,T38,T39,T40,T41,T42,T43,T44,T45,T46,T47,T48,T49,T50,T51,T52,T53,T54,T55,T56,T57,T58,T59,T60,T61,T62,T63,T64,T65,T66,T67,T68,T69
STAT,(NULL),Coarsen,70,2302,2302,0,0,0,0,0,0,0,0,0,0,0,0,0,0,0,0,0,0,0,0,0,0,0,0,0,0,0,0,0,0,0,0,0,0,0,0,0,0,0,0,0,0,0,0,0,0,0,0,0,0,0,0,0,0,0,0,0,0,0,0,0,0,0,0,0,0,0,0,0
STAT,(NULL),Conflicts,70,0,0,0,0,0,0,0,0,0,0,0,0,0,0,0,0,0,0,0,0,0,0,0,0,0,0,0,0,0,0,0,0,0,0,0,0,0,0,0,0,0,0,0,0,0,0,0,0,0,0,0,0,0,0,0,0,0,0,0,0,0,0,0,0,0,0,0,0,0,0,0
STAT,(NULL),Iterations,70,255,8,0,6,0,1,4,3,0,1,9,5,2,5,6,5,1,2,3,1,1,5,2,11,1,1,0,5,6,0,5,3,4,4,4,2,9,18,15,12,6,2,1,4,4,2,3,0,2,2,6,3,0,5,3,1,9,6,6,4,1,1,3,0,1,1,4,0,1,0,4
STAT,(NULL),MeminfoPost,70,756351,10808,10831,10799,10819,10891,10786,10805,10827,10811,10796,10815,10788,10817,10818,10796,10834,10883,10785,10819,10828,10792,10809,10800,10803,10808,10832,10823,10799,10782,10781,10817,10801,10776,10779,10834,10799,10811,10756,10799,10834,10797,10786,10778,10772,10787,10810,10868,10783,10786,10793,10824,10794,10780,10763,10784,10865,10833,10771,10832,10859,10809,10797,10792,10761,10800,10773,10772,10779,10809,10803
STAT,(NULL),MeminfoPre,70,189071,2704,2727,2695,2715,2787,2682,2701,2723,2707,2692,2711,2684,2713,2714,2692,2730,2779,2681,2715,2724,2688,2705,2696,2699,2704,2728,2719,2695,2678,2677,2713,2697,2672,2675,2730,2695,2707,2652,2695,2730,2693,2682,2674,2668,2683,2706,2764,2679,2682,2689,2720,2690,2676,2659,2680,2761,2729,2667,2728,2755,2705,2693,2688,2657,2696,2669,2668,2675,2705,2699
STAT,(NULL),Partition,70,404,404,0,0,0,0,0,0,0,0,0,0,0,0,0,0,0,0,0,0,0,0,0,0,0,0,0,0,0,0,0,0,0,0,0,0,0,0,0,0,0,0,0,0,0,0,0,0,0,0,0,0,0,0,0,0,0,0,0,0,0,0,0,0,0,0,0,0,0,0,0
STAT,(NULL),Refine,70,789,789,0,0,0,0,0,0,0,0,0,0,0,0,0,0,0,0,0,0,0,0,0,0,0,0,0,0,0,0,0,0,0,0,0,0,0,0,0,0,0,0,0,0,0,0,0,0,0,0,0,0,0,0,0,0,0,0,0,0,0,0,0,0,0,0,0,0,0,0,0
STAT,(NULL),Threads,70,70,70,0,0,0,0,0,0,0,0,0,0,0,0,0,0,0,0,0,0,0,0,0,0,0,0,0,0,0,0,0,0,0,0,0,0,0,0,0,0,0,0,0,0,0,0,0,0,0,0,0,0,0,0,0,0,0,0,0,0,0,0,0,0,0,0,0,0,0,0,0
STAT,(NULL),Time,70,3671,3671,0,0,0,0,0,0,0,0,0,0,0,0,0,0,0,0,0,0,0,0,0,0,0,0,0,0,0,0,0,0,0,0,0,0,0,0,0,0,0,0,0,0,0,0,0,0,0,0,0,0,0,0,0,0,0,0,0,0,0,0,0,0,0,0,0,0,0,0,0
STAT,match,Conflicts,70,5439,211,165,136,171,140,165,105,158,109,83,83,76,98,66,91,65,67,83,72,79,72,64,77,63,75,59,70,72,79,74,59,61,53,56,78,55,78,70,72,65,56,61,64,45,51,59,46,55,72,58,61,55,56,62,60,68,58,47,60,68,67,73,58,70,69,76,90,49,89,61
STAT,match,Iterations,70,14990688,174449,186756,179637,171678,189043,182125,196755,169479,191039,217309,224681,213210,213145,213814,213568,217743,204520,224272,204484,213177,228349,229208,224843,187318,207012,208393,213441,215735,217679,225343,209439,221136,225799,237126,193863,229191,212063,236766,225232,208104,234061,224850,238354,231145,216597,220396,212413,227722,215438,220001,228714,222508,234401,225072,226777,214198,222300,229968,215480,222972,229457,219625,215886,219510,202545,220361,211103,213706,195440,222764
STAT,popedge,Conflicts,70,0,0,0,0,0,0,0,0,0,0,0,0,0,0,0,0,0,0,0,0,0,0,0,0,0,0,0,0,0,0,0,0,0,0,0,0,0,0,0,0,0,0,0,0,0,0,0,0,0,0,0,0,0,0,0,0,0,0,0,0,0,0,0,0,0,0,0,0,0,0,0
STAT,popedge,Iterations,70,7348243,98652,98410,99002,97783,97458,100099,96074,94993,95775,111773,110435,111952,105834,105053,109709,104438,102214,111723,104894,106348,109977,108087,111904,95180,98536,98635,97319,101743,107074,109771,104759,105351,106983,105294,107298,107892,111284,113937,111745,107261,108940,112298,110549,108732,109314,111103,105342,106252,112895,109295,106387,106405,108814,108972,110881,102681,102048,102564,108698,117047,119300,96343,95143,100697,96030,95925,98630,99664,98936,95709
STAT,refine,Conflicts,70,3385,120,119,107,103,109,76,86,79,74,73,65,64,60,63,65,57,61,55,53,60,52,50,47,49,47,61,54,54,48,46,41,38,34,42,37,45,29,32,44,28,37,38,37,40,25,36,28,37,42,28,44,37,41,31,29,29,31,29,37,39,32,25,28,24,29,27,24,23,22,29
STAT,refine,Iterations,70,124371,1467,1359,1402,1632,2001,1333,1742,1780,1610,1691,1875,1771,1451,1569,1723,1928,2133,1469,1718,1465,1744,1886,2206,1703,1704,1784,1830,1954,1620,1643,1917,1858,1349,1986,1906,1736,1978,1445,2392,2013,2432,1929,1616,1888,1634,2168,2727,2048,2114,2010,2406,1822,1858,1575,1931,2227,1627,1732,1833,2049,1729,1246,1100,1326,1403,1716,1596,1364,1690,1802
