Hello from MIC
Galois Benchmark Suite v2.2.0 (r0)
Copyright (C) 2013 The University of Texas at Austin
http://iss.ices.utexas.edu/galois/

application: GMetis
Partitions a graph into K parts and minimizing the graph cut
http://iss.ices.utexas.edu/?p=projects/galois/benchmarks/gMetis

INFO: CommandLine /work/02556/dpereira/MIC/apps/gmetis/gmetis -t=176 /work/02556/dpereira/Inputs/USA-road-d.W.gr 16
INFO: Hostname c558-002-mic0.stampede.tacc.utexas.edu
Created Graph with 6262104 nodes and 15248146 edges
Nodes 6262104| Edges 15248146 7624073

  Starting coarsening: 
Time coarsen:  3494 Size of final graph: 445

  Sarting initial partitioning using GGGP:
Size in decade percentages:  -1,1 -0,14 1,1
Time clustering:  373

  Sarting refinnement with BKL2
Initial dist
Size in decade percentages:  -1,1 -0,14 1,1
Refined dist
Size in decade percentages:  -1,5 0,5 1,6
Time refinement:  2131


Time:  6177
Total edge cut : 1974

Part saved in : 0x7fff71b3b5e0
STATTYPE,LOOP,CATEGORY,n,sum,T0,T1,T2,T3,T4,T5,T6,T7,T8,T9,T10,T11,T12,T13,T14,T15,T16,T17,T18,T19,T20,T21,T22,T23,T24,T25,T26,T27,T28,T29,T30,T31,T32,T33,T34,T35,T36,T37,T38,T39,T40,T41,T42,T43,T44,T45,T46,T47,T48,T49,T50,T51,T52,T53,T54,T55,T56,T57,T58,T59,T60,T61,T62,T63,T64,T65,T66,T67,T68,T69,T70,T71,T72,T73,T74,T75,T76,T77,T78,T79,T80,T81,T82,T83,T84,T85,T86,T87,T88,T89,T90,T91,T92,T93,T94,T95,T96,T97,T98,T99,T100,T101,T102,T103,T104,T105,T106,T107,T108,T109,T110,T111,T112,T113,T114,T115,T116,T117,T118,T119,T120,T121,T122,T123,T124,T125,T126,T127,T128,T129,T130,T131,T132,T133,T134,T135,T136,T137,T138,T139,T140,T141,T142,T143,T144,T145,T146,T147,T148,T149,T150,T151,T152,T153,T154,T155,T156,T157,T158,T159,T160,T161,T162,T163,T164,T165,T166,T167,T168,T169,T170,T171,T172,T173,T174,T175
STAT,(NULL),Coarsen,176,3494,3494,0,0,0,0,0,0,0,0,0,0,0,0,0,0,0,0,0,0,0,0,0,0,0,0,0,0,0,0,0,0,0,0,0,0,0,0,0,0,0,0,0,0,0,0,0,0,0,0,0,0,0,0,0,0,0,0,0,0,0,0,0,0,0,0,0,0,0,0,0,0,0,0,0,0,0,0,0,0,0,0,0,0,0,0,0,0,0,0,0,0,0,0,0,0,0,0,0,0,0,0,0,0,0,0,0,0,0,0,0,0,0,0,0,0,0,0,0,0,0,0,0,0,0,0,0,0,0,0,0,0,0,0,0,0,0,0,0,0,0,0,0,0,0,0,0,0,0,0,0,0,0,0,0,0,0,0,0,0,0,0,0,0,0,0,0,0,0,0,0,0,0,0,0,0,0
STAT,(NULL),Conflicts,176,0,0,0,0,0,0,0,0,0,0,0,0,0,0,0,0,0,0,0,0,0,0,0,0,0,0,0,0,0,0,0,0,0,0,0,0,0,0,0,0,0,0,0,0,0,0,0,0,0,0,0,0,0,0,0,0,0,0,0,0,0,0,0,0,0,0,0,0,0,0,0,0,0,0,0,0,0,0,0,0,0,0,0,0,0,0,0,0,0,0,0,0,0,0,0,0,0,0,0,0,0,0,0,0,0,0,0,0,0,0,0,0,0,0,0,0,0,0,0,0,0,0,0,0,0,0,0,0,0,0,0,0,0,0,0,0,0,0,0,0,0,0,0,0,0,0,0,0,0,0,0,0,0,0,0,0,0,0,0,0,0,0,0,0,0,0,0,0,0,0,0,0,0,0,0,0,0
STAT,(NULL),Iterations,176,31,5,0,0,0,0,1,0,0,0,0,0,0,0,0,0,0,0,2,0,1,1,2,0,0,0,0,0,0,0,0,0,0,0,0,0,0,0,0,0,0,0,0,0,0,0,0,1,0,0,0,0,0,0,0,0,0,0,0,0,0,0,0,0,0,0,0,0,0,0,0,3,0,0,0,0,0,0,0,0,0,0,0,0,3,0,0,0,0,0,0,0,0,0,0,0,0,0,0,0,0,0,0,0,0,0,1,0,0,0,0,0,0,0,0,0,2,0,0,0,0,3,0,0,0,0,0,0,4,0,0,0,1,0,0,0,0,0,0,0,0,0,0,0,0,0,0,0,0,0,0,0,0,0,0,0,0,0,0,0,0,0,0,1,0,0,0,0,0,0,0,0,0,0,0,0,0
STAT,(NULL),MeminfoPost,176,757021,4305,4294,4315,4314,4308,4297,4303,4285,4310,4318,4329,4355,4310,4287,4293,4294,4307,4314,4314,4307,4310,4306,4286,4294,4300,4310,4311,4293,4284,4308,4294,4304,4319,4309,4305,4307,4287,4305,4301,4316,4362,4328,4291,4296,4297,4294,4307,4308,4331,4299,4304,4294,4296,4293,4310,4312,4298,4286,4294,4303,4310,4298,4308,4337,4292,4302,4312,4302,4295,4308,4291,4295,4290,4308,4279,4292,4307,4312,4300,4292,4297,4295,4284,4288,4296,4286,4311,4330,4313,4288,4293,4292,4321,4287,4279,4281,4300,4304,4311,4316,4312,4293,4296,4289,4304,4293,4295,4286,4282,4284,4290,4308,4288,4282,4311,4331,4325,4325,4294,4293,4300,4302,4278,4282,4303,4308,4312,4304,4301,4287,4299,4293,4294,4282,4288,4284,4306,4282,4310,4333,4329,4326,4299,4289,4288,4287,4302,4314,4336,4316,4324,4321,4289,4293,4306,4293,4297,4297,4284,4277,4288,4277,4333,4277,4281,4303,4271,4304,4285,4292,4296,4305,4301,4307,4288,4304
STAT,(NULL),MeminfoPre,176,189245,1079,1068,1089,1088,1082,1071,1077,1059,1084,1092,1103,1129,1084,1061,1067,1068,1081,1088,1088,1081,1084,1080,1060,1068,1074,1084,1085,1067,1058,1082,1068,1078,1093,1083,1079,1081,1061,1079,1075,1090,1136,1102,1065,1070,1071,1068,1081,1082,1105,1073,1078,1068,1070,1067,1084,1086,1072,1060,1068,1077,1084,1072,1082,1111,1066,1076,1086,1076,1069,1082,1065,1069,1064,1082,1053,1066,1081,1086,1074,1066,1071,1069,1058,1062,1070,1060,1085,1104,1087,1062,1067,1066,1095,1061,1053,1055,1074,1078,1085,1090,1086,1067,1070,1063,1078,1067,1069,1060,1056,1058,1064,1082,1062,1056,1085,1105,1099,1099,1068,1067,1074,1076,1052,1056,1077,1082,1086,1078,1075,1061,1073,1067,1068,1056,1062,1058,1080,1056,1084,1107,1103,1100,1073,1063,1062,1061,1076,1088,1110,1090,1098,1095,1063,1067,1080,1067,1071,1071,1058,1051,1062,1051,1107,1051,1055,1077,1045,1078,1059,1066,1070,1079,1075,1081,1062,1078
STAT,(NULL),Partition,176,373,373,0,0,0,0,0,0,0,0,0,0,0,0,0,0,0,0,0,0,0,0,0,0,0,0,0,0,0,0,0,0,0,0,0,0,0,0,0,0,0,0,0,0,0,0,0,0,0,0,0,0,0,0,0,0,0,0,0,0,0,0,0,0,0,0,0,0,0,0,0,0,0,0,0,0,0,0,0,0,0,0,0,0,0,0,0,0,0,0,0,0,0,0,0,0,0,0,0,0,0,0,0,0,0,0,0,0,0,0,0,0,0,0,0,0,0,0,0,0,0,0,0,0,0,0,0,0,0,0,0,0,0,0,0,0,0,0,0,0,0,0,0,0,0,0,0,0,0,0,0,0,0,0,0,0,0,0,0,0,0,0,0,0,0,0,0,0,0,0,0,0,0,0,0,0,0
STAT,(NULL),Refine,176,2131,2131,0,0,0,0,0,0,0,0,0,0,0,0,0,0,0,0,0,0,0,0,0,0,0,0,0,0,0,0,0,0,0,0,0,0,0,0,0,0,0,0,0,0,0,0,0,0,0,0,0,0,0,0,0,0,0,0,0,0,0,0,0,0,0,0,0,0,0,0,0,0,0,0,0,0,0,0,0,0,0,0,0,0,0,0,0,0,0,0,0,0,0,0,0,0,0,0,0,0,0,0,0,0,0,0,0,0,0,0,0,0,0,0,0,0,0,0,0,0,0,0,0,0,0,0,0,0,0,0,0,0,0,0,0,0,0,0,0,0,0,0,0,0,0,0,0,0,0,0,0,0,0,0,0,0,0,0,0,0,0,0,0,0,0,0,0,0,0,0,0,0,0,0,0,0,0
STAT,(NULL),Threads,176,176,176,0,0,0,0,0,0,0,0,0,0,0,0,0,0,0,0,0,0,0,0,0,0,0,0,0,0,0,0,0,0,0,0,0,0,0,0,0,0,0,0,0,0,0,0,0,0,0,0,0,0,0,0,0,0,0,0,0,0,0,0,0,0,0,0,0,0,0,0,0,0,0,0,0,0,0,0,0,0,0,0,0,0,0,0,0,0,0,0,0,0,0,0,0,0,0,0,0,0,0,0,0,0,0,0,0,0,0,0,0,0,0,0,0,0,0,0,0,0,0,0,0,0,0,0,0,0,0,0,0,0,0,0,0,0,0,0,0,0,0,0,0,0,0,0,0,0,0,0,0,0,0,0,0,0,0,0,0,0,0,0,0,0,0,0,0,0,0,0,0,0,0,0,0,0,0
STAT,(NULL),Time,176,6177,6177,0,0,0,0,0,0,0,0,0,0,0,0,0,0,0,0,0,0,0,0,0,0,0,0,0,0,0,0,0,0,0,0,0,0,0,0,0,0,0,0,0,0,0,0,0,0,0,0,0,0,0,0,0,0,0,0,0,0,0,0,0,0,0,0,0,0,0,0,0,0,0,0,0,0,0,0,0,0,0,0,0,0,0,0,0,0,0,0,0,0,0,0,0,0,0,0,0,0,0,0,0,0,0,0,0,0,0,0,0,0,0,0,0,0,0,0,0,0,0,0,0,0,0,0,0,0,0,0,0,0,0,0,0,0,0,0,0,0,0,0,0,0,0,0,0,0,0,0,0,0,0,0,0,0,0,0,0,0,0,0,0,0,0,0,0,0,0,0,0,0,0,0,0,0,0
STAT,match,Conflicts,176,6199,43,53,49,60,54,63,47,47,44,46,46,45,47,56,45,47,48,42,53,43,45,42,44,43,46,51,37,45,42,49,54,45,50,46,49,52,42,44,46,38,35,40,47,40,50,56,45,48,39,41,39,42,49,40,43,41,44,39,33,39,33,30,29,29,29,29,27,27,21,30,26,29,25,22,28,33,30,27,33,35,25,29,28,31,29,25,26,33,34,35,29,27,34,31,29,24,38,38,36,34,28,31,24,34,33,38,38,30,34,28,31,31,31,35,25,37,25,31,28,30,31,34,21,26,24,25,28,25,29,25,28,22,22,29,25,25,30,36,29,24,27,23,29,30,25,30,30,26,22,35,26,32,30,33,22,35,35,32,37,28,35,32,27,34,42,38,30,37,23,36,34,27,40,33,27,32
STAT,match,Iterations,176,15020334,63174,65374,71625,54030,82706,50479,67947,76899,53708,62245,56228,80213,67883,77318,67615,88715,77468,55186,66287,68639,75267,88460,65552,84751,65964,73586,74924,66354,80149,80041,73357,83348,73506,100744,76360,82561,88323,77545,78001,75515,87522,97790,80215,74753,67950,63464,81414,88976,62374,58406,68360,89856,69402,62006,93484,106764,81732,98284,102563,83699,72958,81350,71496,74256,81652,80224,85173,100572,88374,82466,95341,73551,112623,87749,95136,75665,94988,77756,81300,89162,107129,94341,86700,94586,112002,80355,80600,93376,94750,106064,102763,86326,94167,79183,101817,85206,95893,91728,95564,102391,77158,102534,104166,109755,94004,90468,87679,74604,88571,102436,108082,104331,94100,105538,80745,104117,104796,96629,129431,101718,80484,98933,91415,91996,116442,91555,87169,81449,90904,100742,98942,96703,93649,113735,71152,100478,91532,87683,72967,109273,84173,94248,61690,92036,92721,80171,70945,82280,88615,100034,88568,89231,85576,73321,90000,92756,92230,101672,84196,69068,84521,72367,85466,72017,78750,80734,100000,87565,84636,79178,63757,108670,90106,89884,90115,87178
STAT,popedge,Conflicts,176,0,0,0,0,0,0,0,0,0,0,0,0,0,0,0,0,0,0,0,0,0,0,0,0,0,0,0,0,0,0,0,0,0,0,0,0,0,0,0,0,0,0,0,0,0,0,0,0,0,0,0,0,0,0,0,0,0,0,0,0,0,0,0,0,0,0,0,0,0,0,0,0,0,0,0,0,0,0,0,0,0,0,0,0,0,0,0,0,0,0,0,0,0,0,0,0,0,0,0,0,0,0,0,0,0,0,0,0,0,0,0,0,0,0,0,0,0,0,0,0,0,0,0,0,0,0,0,0,0,0,0,0,0,0,0,0,0,0,0,0,0,0,0,0,0,0,0,0,0,0,0,0,0,0,0,0,0,0,0,0,0,0,0,0,0,0,0,0,0,0,0,0,0,0,0,0,0
STAT,popedge,Iterations,176,7358630,38727,39177,39968,40176,40124,39759,39070,38724,40941,40439,39314,38776,39312,41055,39551,39062,38999,41750,40950,40715,40244,39218,40156,41295,40985,42704,42151,42929,43245,43001,43739,39054,41478,41138,42493,42712,43565,42071,43450,39883,41950,40637,42705,41635,42298,42528,42406,40322,40768,44010,43410,40466,42506,40430,49012,50282,43126,49594,51231,45328,47067,38554,38288,37744,37893,38306,39031,36343,38048,37653,37698,38639,41896,39332,41777,39213,40269,39691,39059,39514,41838,37285,38978,38827,39165,40559,40750,40637,40642,41134,42142,42129,44165,42109,42900,43198,42720,42156,39802,43566,40925,42695,40837,41681,39617,43966,42499,42550,40977,41951,43421,41754,43922,43321,41485,49852,49064,44358,51791,50400,44270,46899,40991,40138,45592,39226,38809,41979,39920,39360,40670,41509,39140,38420,39998,41037,41541,39160,40145,42452,39783,40015,38949,42275,38403,40967,40846,41285,41449,42049,42987,45103,44362,45266,42657,44810,42343,43753,44111,45653,44004,45261,43767,42863,45970,42088,40283,43395,41123,44568,45037,43992,43276,43853,44197,42104
STAT,refine,Conflicts,176,5595,124,114,122,114,99,93,101,81,83,74,80,80,93,73,75,58,64,63,61,57,54,60,67,67,61,55,64,49,51,56,48,50,40,34,39,35,44,26,34,39,41,41,42,50,37,49,28,34,59,45,42,32,47,56,31,52,35,32,18,30,29,18,19,12,19,10,21,14,16,23,22,28,11,23,25,15,15,27,16,23,31,9,8,13,22,11,27,14,14,18,22,16,20,18,16,24,15,17,9,31,18,14,20,21,25,15,23,10,13,16,17,26,13,21,19,24,25,21,12,10,18,20,18,20,25,12,13,18,17,22,20,8,17,23,19,10,17,17,22,25,21,13,15,17,23,9,11,10,16,17,18,23,12,20,19,21,14,21,22,5,19,16,25,16,15,12,30,25,19,13,21,17,23,13,29,27
STAT,refine,Iterations,176,40572,325,432,436,447,310,330,351,306,249,236,309,366,521,293,276,262,253,283,289,231,298,298,228,229,180,281,270,235,223,320,196,457,236,229,211,213,325,132,251,246,305,439,299,245,207,199,119,238,309,262,215,210,210,264,231,390,291,258,241,235,223,166,180,243,178,144,260,183,151,157,198,177,245,249,187,160,174,214,234,191,275,228,166,172,188,133,206,191,250,208,231,161,315,171,245,215,145,209,128,312,137,287,208,200,149,244,248,117,218,238,265,248,142,238,269,343,320,321,297,196,254,195,170,198,217,147,195,224,185,191,155,201,206,248,266,188,157,182,180,288,269,130,196,214,150,101,129,158,116,196,143,216,158,338,194,244,213,192,249,113,261,173,276,221,157,129,234,188,130,128,206,330,188,193,197,317
