Hello from MIC
Galois Benchmark Suite v2.2.0 (r0)
Copyright (C) 2013 The University of Texas at Austin
http://iss.ices.utexas.edu/galois/

application: GMetis
Partitions a graph into K parts and minimizing the graph cut
http://iss.ices.utexas.edu/?p=projects/galois/benchmarks/gMetis

INFO: CommandLine /work/02556/dpereira/MIC/apps/gmetis/gmetis -t=230 /work/02556/dpereira/Inputs/USA-road-d.W.gr 1024
INFO: Hostname c557-803-mic0.stampede.tacc.utexas.edu
Created Graph with 6262104 nodes and 15248146 edges
Nodes 6262104| Edges 15248146 7624073

  Starting coarsening: 
Time coarsen:  3161 Size of final graph: 22301

  Sarting initial partitioning using GGGP:
Size in decade percentages:  -1,66 -0,891 1,67
Time clustering:  1168

  Sarting refinnement with BKL2
Initial dist
Size in decade percentages:  -1,66 -0,891 1,67
Refined dist
Size in decade percentages:  -1,355 -0,304 1,364 2,1
Time refinement:  2213


Time:  6722
Total edge cut : 32119

Part saved in : 0x7fff7880d3e0
STATTYPE,LOOP,CATEGORY,n,sum,T0,T1,T2,T3,T4,T5,T6,T7,T8,T9,T10,T11,T12,T13,T14,T15,T16,T17,T18,T19,T20,T21,T22,T23,T24,T25,T26,T27,T28,T29,T30,T31,T32,T33,T34,T35,T36,T37,T38,T39,T40,T41,T42,T43,T44,T45,T46,T47,T48,T49,T50,T51,T52,T53,T54,T55,T56,T57,T58,T59,T60,T61,T62,T63,T64,T65,T66,T67,T68,T69,T70,T71,T72,T73,T74,T75,T76,T77,T78,T79,T80,T81,T82,T83,T84,T85,T86,T87,T88,T89,T90,T91,T92,T93,T94,T95,T96,T97,T98,T99,T100,T101,T102,T103,T104,T105,T106,T107,T108,T109,T110,T111,T112,T113,T114,T115,T116,T117,T118,T119,T120,T121,T122,T123,T124,T125,T126,T127,T128,T129,T130,T131,T132,T133,T134,T135,T136,T137,T138,T139,T140,T141,T142,T143,T144,T145,T146,T147,T148,T149,T150,T151,T152,T153,T154,T155,T156,T157,T158,T159,T160,T161,T162,T163,T164,T165,T166,T167,T168,T169,T170,T171,T172,T173,T174,T175,T176,T177,T178,T179,T180,T181,T182,T183,T184,T185,T186,T187,T188,T189,T190,T191,T192,T193,T194,T195,T196,T197,T198,T199,T200,T201,T202,T203,T204,T205,T206,T207,T208,T209,T210,T211,T212,T213,T214,T215,T216,T217,T218,T219,T220,T221,T222,T223,T224,T225,T226,T227,T228,T229
STAT,(NULL),Coarsen,230,3161,3161,0,0,0,0,0,0,0,0,0,0,0,0,0,0,0,0,0,0,0,0,0,0,0,0,0,0,0,0,0,0,0,0,0,0,0,0,0,0,0,0,0,0,0,0,0,0,0,0,0,0,0,0,0,0,0,0,0,0,0,0,0,0,0,0,0,0,0,0,0,0,0,0,0,0,0,0,0,0,0,0,0,0,0,0,0,0,0,0,0,0,0,0,0,0,0,0,0,0,0,0,0,0,0,0,0,0,0,0,0,0,0,0,0,0,0,0,0,0,0,0,0,0,0,0,0,0,0,0,0,0,0,0,0,0,0,0,0,0,0,0,0,0,0,0,0,0,0,0,0,0,0,0,0,0,0,0,0,0,0,0,0,0,0,0,0,0,0,0,0,0,0,0,0,0,0,0,0,0,0,0,0,0,0,0,0,0,0,0,0,0,0,0,0,0,0,0,0,0,0,0,0,0,0,0,0,0,0,0,0,0,0,0,0,0,0,0,0,0,0,0,0,0,0,0,0,0,0,0,0
STAT,(NULL),Conflicts,230,0,0,0,0,0,0,0,0,0,0,0,0,0,0,0,0,0,0,0,0,0,0,0,0,0,0,0,0,0,0,0,0,0,0,0,0,0,0,0,0,0,0,0,0,0,0,0,0,0,0,0,0,0,0,0,0,0,0,0,0,0,0,0,0,0,0,0,0,0,0,0,0,0,0,0,0,0,0,0,0,0,0,0,0,0,0,0,0,0,0,0,0,0,0,0,0,0,0,0,0,0,0,0,0,0,0,0,0,0,0,0,0,0,0,0,0,0,0,0,0,0,0,0,0,0,0,0,0,0,0,0,0,0,0,0,0,0,0,0,0,0,0,0,0,0,0,0,0,0,0,0,0,0,0,0,0,0,0,0,0,0,0,0,0,0,0,0,0,0,0,0,0,0,0,0,0,0,0,0,0,0,0,0,0,0,0,0,0,0,0,0,0,0,0,0,0,0,0,0,0,0,0,0,0,0,0,0,0,0,0,0,0,0,0,0,0,0,0,0,0,0,0,0,0,0,0,0,0,0,0,0
STAT,(NULL),Iterations,230,2047,11,10,5,8,7,6,0,12,8,2,10,9,9,9,7,6,11,7,8,11,12,9,3,4,7,14,20,13,3,6,5,4,0,4,10,12,9,5,13,11,5,13,9,10,8,6,11,15,19,14,15,10,11,15,10,18,12,10,5,12,11,10,5,6,16,5,7,13,9,14,0,7,6,8,10,13,14,8,11,8,9,5,3,4,2,10,14,14,13,11,12,5,6,5,7,10,10,15,1,12,13,10,4,5,11,11,8,3,14,12,10,11,14,15,7,11,15,15,8,17,7,7,12,7,0,11,4,5,11,3,5,8,7,2,7,12,4,13,11,5,15,9,4,12,7,5,6,10,9,15,3,4,8,9,4,11,13,8,22,5,8,10,9,11,6,16,8,6,10,11,14,6,9,13,15,5,9,11,13,10,20,13,4,8,6,2,9,0,4,10,4,5,9,5,5,9,12,9,16,10,8,8,5,9,4,8,10,11,6,9,13,12,3,6,13,9,6,6,5,12,7,9,10,6,13,10,12,13,6,7
STAT,(NULL),MeminfoPost,230,756846,3296,3287,3293,3296,3300,3295,3294,3284,3299,3280,3300,3283,3305,3298,3347,3308,3301,3276,3290,3285,3280,3304,3288,3305,3296,3298,3296,3296,3291,3279,3287,3285,3300,3290,3308,3282,3277,3280,3293,3292,3277,3309,3306,3290,3295,3290,3300,3276,3281,3303,3293,3306,3314,3341,3302,3285,3285,3283,3288,3286,3299,3297,3297,3313,3279,3305,3294,3277,3283,3291,3283,3305,3301,3283,3285,3280,3286,3287,3301,3295,3288,3291,3314,3308,3283,3288,3302,3295,3288,3287,3299,3284,3285,3283,3283,3301,3279,3273,3282,3291,3297,3301,3288,3287,3289,3280,3286,3278,3279,3284,3289,3279,3283,3308,3313,3300,3290,3278,3286,3282,3305,3289,3279,3274,3272,3282,3293,3295,3301,3291,3301,3303,3284,3290,3278,3284,3295,3280,3286,3290,3276,3281,3271,3283,3280,3277,3303,3280,3275,3294,3309,3315,3310,3314,3290,3279,3282,3289,3299,3279,3273,3276,3291,3292,3300,3299,3300,3283,3287,3281,3293,3284,3285,3280,3278,3274,3288,3274,3297,3277,3285,3306,3316,3307,3315,3299,3288,3279,3288,3275,3282,3292,3296,3315,3313,3300,3303,3313,3296,3280,3283,3299,3281,3290,3287,3287,3280,3272,3274,3286,3283,3288,3302,3274,3273,3270,3301,3262,3274,3309,3276,3283,3288,3288,3293,3290,3291,3292,3288,3288
STAT,(NULL),MeminfoPre,230,189206,828,819,825,828,832,827,826,816,831,812,832,815,837,830,879,840,833,808,822,817,812,836,820,837,828,830,828,828,823,811,819,817,832,822,840,814,809,812,825,824,809,841,838,822,827,822,832,808,813,835,825,838,846,873,834,817,817,815,820,818,831,829,829,845,811,837,826,809,815,823,815,837,833,815,817,812,818,819,833,827,820,823,846,840,815,820,834,827,820,819,831,816,817,815,815,833,811,805,814,823,829,833,820,819,821,812,818,810,811,816,821,811,815,840,845,832,822,810,818,814,837,821,811,806,804,814,825,827,833,823,833,835,816,822,810,816,827,812,818,822,808,813,803,815,812,809,835,812,807,826,841,847,842,846,822,811,814,821,831,811,805,808,823,824,832,831,832,815,819,813,825,816,817,812,810,806,820,806,829,809,817,838,848,839,847,831,820,811,820,807,814,824,828,847,845,832,835,845,828,812,815,831,813,822,819,819,812,804,806,818,815,820,834,806,805,802,833,794,806,841,808,815,820,820,825,822,823,824,820,820
STAT,(NULL),Partition,230,1168,1168,0,0,0,0,0,0,0,0,0,0,0,0,0,0,0,0,0,0,0,0,0,0,0,0,0,0,0,0,0,0,0,0,0,0,0,0,0,0,0,0,0,0,0,0,0,0,0,0,0,0,0,0,0,0,0,0,0,0,0,0,0,0,0,0,0,0,0,0,0,0,0,0,0,0,0,0,0,0,0,0,0,0,0,0,0,0,0,0,0,0,0,0,0,0,0,0,0,0,0,0,0,0,0,0,0,0,0,0,0,0,0,0,0,0,0,0,0,0,0,0,0,0,0,0,0,0,0,0,0,0,0,0,0,0,0,0,0,0,0,0,0,0,0,0,0,0,0,0,0,0,0,0,0,0,0,0,0,0,0,0,0,0,0,0,0,0,0,0,0,0,0,0,0,0,0,0,0,0,0,0,0,0,0,0,0,0,0,0,0,0,0,0,0,0,0,0,0,0,0,0,0,0,0,0,0,0,0,0,0,0,0,0,0,0,0,0,0,0,0,0,0,0,0,0,0,0,0,0,0
STAT,(NULL),Refine,230,2213,2213,0,0,0,0,0,0,0,0,0,0,0,0,0,0,0,0,0,0,0,0,0,0,0,0,0,0,0,0,0,0,0,0,0,0,0,0,0,0,0,0,0,0,0,0,0,0,0,0,0,0,0,0,0,0,0,0,0,0,0,0,0,0,0,0,0,0,0,0,0,0,0,0,0,0,0,0,0,0,0,0,0,0,0,0,0,0,0,0,0,0,0,0,0,0,0,0,0,0,0,0,0,0,0,0,0,0,0,0,0,0,0,0,0,0,0,0,0,0,0,0,0,0,0,0,0,0,0,0,0,0,0,0,0,0,0,0,0,0,0,0,0,0,0,0,0,0,0,0,0,0,0,0,0,0,0,0,0,0,0,0,0,0,0,0,0,0,0,0,0,0,0,0,0,0,0,0,0,0,0,0,0,0,0,0,0,0,0,0,0,0,0,0,0,0,0,0,0,0,0,0,0,0,0,0,0,0,0,0,0,0,0,0,0,0,0,0,0,0,0,0,0,0,0,0,0,0,0,0,0
STAT,(NULL),Threads,230,230,230,0,0,0,0,0,0,0,0,0,0,0,0,0,0,0,0,0,0,0,0,0,0,0,0,0,0,0,0,0,0,0,0,0,0,0,0,0,0,0,0,0,0,0,0,0,0,0,0,0,0,0,0,0,0,0,0,0,0,0,0,0,0,0,0,0,0,0,0,0,0,0,0,0,0,0,0,0,0,0,0,0,0,0,0,0,0,0,0,0,0,0,0,0,0,0,0,0,0,0,0,0,0,0,0,0,0,0,0,0,0,0,0,0,0,0,0,0,0,0,0,0,0,0,0,0,0,0,0,0,0,0,0,0,0,0,0,0,0,0,0,0,0,0,0,0,0,0,0,0,0,0,0,0,0,0,0,0,0,0,0,0,0,0,0,0,0,0,0,0,0,0,0,0,0,0,0,0,0,0,0,0,0,0,0,0,0,0,0,0,0,0,0,0,0,0,0,0,0,0,0,0,0,0,0,0,0,0,0,0,0,0,0,0,0,0,0,0,0,0,0,0,0,0,0,0,0,0,0,0
STAT,(NULL),Time,230,6722,6722,0,0,0,0,0,0,0,0,0,0,0,0,0,0,0,0,0,0,0,0,0,0,0,0,0,0,0,0,0,0,0,0,0,0,0,0,0,0,0,0,0,0,0,0,0,0,0,0,0,0,0,0,0,0,0,0,0,0,0,0,0,0,0,0,0,0,0,0,0,0,0,0,0,0,0,0,0,0,0,0,0,0,0,0,0,0,0,0,0,0,0,0,0,0,0,0,0,0,0,0,0,0,0,0,0,0,0,0,0,0,0,0,0,0,0,0,0,0,0,0,0,0,0,0,0,0,0,0,0,0,0,0,0,0,0,0,0,0,0,0,0,0,0,0,0,0,0,0,0,0,0,0,0,0,0,0,0,0,0,0,0,0,0,0,0,0,0,0,0,0,0,0,0,0,0,0,0,0,0,0,0,0,0,0,0,0,0,0,0,0,0,0,0,0,0,0,0,0,0,0,0,0,0,0,0,0,0,0,0,0,0,0,0,0,0,0,0,0,0,0,0,0,0,0,0,0,0,0,0
STAT,match,Conflicts,230,6012,52,51,45,37,43,41,34,41,43,38,36,42,44,41,39,41,41,36,45,37,37,34,34,31,38,30,33,37,35,31,33,35,31,30,31,33,21,32,32,29,28,41,25,39,36,26,33,36,29,26,30,29,28,26,29,33,37,27,27,23,47,24,19,20,25,24,21,26,28,25,22,23,33,24,23,24,25,22,23,26,25,19,23,20,26,29,19,32,18,21,14,29,28,23,19,26,20,16,24,25,22,33,20,25,22,25,23,27,19,22,24,19,19,20,20,22,23,22,21,24,22,28,25,21,24,21,24,24,19,30,23,23,28,27,18,20,23,28,23,19,22,22,18,23,16,25,24,25,28,21,16,21,20,22,25,27,23,18,22,29,24,23,20,20,21,32,25,19,25,21,19,17,22,23,20,20,21,23,22,16,21,19,24,27,22,24,20,19,28,23,24,20,21,22,25,34,25,20,30,24,22,22,22,24,25,19,21,25,24,23,23,19,26,24,30,24,26,24,23,25,30,20,21,23,26,20,22,21,20,22
STAT,match,Iterations,230,15015257,37198,62751,55228,54415,42075,41933,51650,53861,47263,51579,56779,48661,61692,47416,58605,42856,46994,74690,41111,46427,50194,55389,59901,53448,55416,56773,67306,47513,54529,47214,58174,68217,53105,69881,63252,60527,78024,72978,52730,70717,50745,60749,61904,58510,57693,66420,72128,69391,69740,77660,65662,60505,48210,60516,50120,58904,59446,60082,77730,65724,35121,69110,62531,68325,55597,48787,81312,62590,67601,70866,83021,58902,74715,54561,59546,76976,66837,62697,80452,62929,73962,68374,65282,71440,42938,64457,79203,58184,62313,43106,87232,60511,74045,58892,81570,57768,60877,61735,71250,55442,59733,57880,70666,59250,63752,61535,74167,56003,82963,53778,63047,75487,78904,64747,55257,85801,83528,87189,100116,55396,92136,58987,75101,67103,85095,71032,72135,78989,58292,81228,58469,82345,47717,79909,92297,52444,71688,67044,78364,66524,88438,89334,79337,62359,74338,64308,82869,45687,67849,57035,78930,65126,65247,86215,61884,81540,62251,48571,40303,82249,50386,80734,75110,78660,66781,55958,54648,61397,65530,66049,72612,82792,84316,60472,83879,60200,62928,72489,58979,84283,84760,67130,75693,61806,55461,63956,53225,85132,88471,67644,76391,82082,72135,79779,70201,55219,53951,76967,71000,68089,55010,72350,53551,79596,74242,74684,61076,61551,69375,55525,50598,74045,46708,58013,73725,65224,58797,69309,74849,55183,74020,56514,72558,53855,59531,74977,65933,75414,55148,75265
STAT,popedge,Conflicts,230,0,0,0,0,0,0,0,0,0,0,0,0,0,0,0,0,0,0,0,0,0,0,0,0,0,0,0,0,0,0,0,0,0,0,0,0,0,0,0,0,0,0,0,0,0,0,0,0,0,0,0,0,0,0,0,0,0,0,0,0,0,0,0,0,0,0,0,0,0,0,0,0,0,0,0,0,0,0,0,0,0,0,0,0,0,0,0,0,0,0,0,0,0,0,0,0,0,0,0,0,0,0,0,0,0,0,0,0,0,0,0,0,0,0,0,0,0,0,0,0,0,0,0,0,0,0,0,0,0,0,0,0,0,0,0,0,0,0,0,0,0,0,0,0,0,0,0,0,0,0,0,0,0,0,0,0,0,0,0,0,0,0,0,0,0,0,0,0,0,0,0,0,0,0,0,0,0,0,0,0,0,0,0,0,0,0,0,0,0,0,0,0,0,0,0,0,0,0,0,0,0,0,0,0,0,0,0,0,0,0,0,0,0,0,0,0,0,0,0,0,0,0,0,0,0,0,0,0,0,0,0
STAT,popedge,Iterations,230,7356728,31691,29537,32049,29656,30297,30740,29683,30607,30381,30827,30998,30338,31292,29664,30962,29512,29996,29951,31555,30235,29996,31485,30994,31810,30599,29657,31430,30314,31669,31124,30469,31188,30563,31562,29846,30638,30287,31544,29906,31617,31902,31327,29306,29655,30468,30690,29731,34127,35083,33273,35648,35927,35543,34502,35588,36068,36037,37216,35795,36375,36409,29495,29098,31263,29718,28779,32710,31322,30315,29879,30022,30635,31229,31316,31329,31977,30910,31706,31830,30371,30898,30578,30723,30002,31971,30782,31859,30624,30293,30821,33978,29681,31217,31982,32326,32485,32058,31073,33165,31666,31597,31422,29936,30182,31146,30078,32225,31146,34266,36037,36642,35345,35804,32900,37111,33518,35817,35301,36359,34517,35954,35711,32296,28927,31437,31497,30194,31169,32198,31042,30426,31568,32513,30415,32669,30592,31171,31233,31506,31601,31568,30049,32398,30492,29608,31183,31732,30219,31424,31028,31666,32586,30348,32267,32145,31422,33552,30759,31865,31830,32625,29759,32331,31075,29766,32613,30598,35238,31064,34173,38295,36524,34549,34991,33789,34589,35176,32867,36007,35948,35199,33943,34303,31191,31162,32302,30699,29932,31018,32015,30140,34333,32052,33069,33734,33294,30421,32708,31881,31086,32322,32810,33101,31481,30709,32629,32276,32747,31367,32729,32196,29854,33540,31506,32140,31790,32338,32487,31118,30979,31561,32408,32898,32205,31969,31198,31728,31716,31696,29737
STAT,refine,Conflicts,230,6523,76,84,85,78,72,81,74,63,68,64,66,65,65,63,74,63,56,52,46,60,50,52,51,52,61,54,63,49,61,64,58,37,36,48,35,38,29,33,36,34,33,34,37,31,42,41,48,35,38,31,47,36,40,46,39,34,40,40,29,42,46,23,22,31,18,16,20,20,19,14,24,17,28,15,22,24,24,25,26,21,23,23,18,18,20,19,24,23,30,15,23,14,16,23,28,19,18,18,23,22,21,15,16,22,15,22,23,21,17,20,26,24,19,17,18,19,21,26,32,14,28,29,29,19,22,16,18,21,22,14,25,26,29,21,20,16,26,19,21,16,17,17,12,20,13,19,20,17,16,19,25,32,19,20,26,19,19,14,12,20,20,24,13,21,20,18,12,29,26,14,24,17,23,12,22,22,20,19,23,18,23,17,23,22,22,26,11,17,17,24,22,16,18,22,16,26,19,18,19,20,23,16,12,22,16,23,16,25,23,21,20,21,20,25,22,18,19,15,23,14,17,18,26,21,15,16,10,19,16,24
STAT,refine,Iterations,230,436743,2142,2370,2605,1920,1801,1866,1797,1931,1547,1907,2035,1813,2116,1443,2696,1777,1940,1577,1460,1688,1638,1794,1554,1771,2069,1586,2208,1406,1740,1635,1559,1920,1347,2107,1924,1485,1503,1784,1542,2140,1189,2361,2052,1337,1849,2102,1654,1890,1954,2099,2340,2345,2007,3077,2006,1554,1821,1989,2149,1874,1627,1944,2134,2705,1421,1354,2285,1713,1947,1995,2233,1567,2214,1783,1712,2184,1936,1690,2267,1819,1890,1622,1928,1856,1336,1834,2323,1538,1899,1424,2025,1678,1898,1502,2594,1790,1502,1011,2224,1811,2101,1552,1878,1863,1384,1641,2060,1850,2024,1659,2333,1870,1943,2054,1760,2641,2126,2464,3093,1780,2311,2402,2161,1697,2663,1826,1740,2162,2023,2069,2107,2592,1906,2038,1860,1535,2131,1871,1547,1950,1622,1599,1545,1666,1730,1556,2277,1445,1564,1265,2198,2245,1906,2472,1880,2106,2094,1232,1295,1682,1349,1969,1640,2249,1752,2234,1802,2090,1972,1643,1774,2069,2027,1760,2273,2151,1909,1837,1885,2183,2047,2148,2804,2676,2377,2715,1363,1669,2293,2013,2300,2264,2184,2567,2151,2324,1395,2326,2034,1732,1983,2297,1702,2192,1472,1860,1359,2014,1715,1639,1474,1487,1939,1499,2129,1308,1814,1568,2173,1127,1575,1419,2210,1234,2135,1636,1667,1798,1476,1839
