Hello from MIC
Galois Benchmark Suite v2.2.0 (r0)
Copyright (C) 2013 The University of Texas at Austin
http://iss.ices.utexas.edu/galois/

application: GMetis
Partitions a graph into K parts and minimizing the graph cut
http://iss.ices.utexas.edu/?p=projects/galois/benchmarks/gMetis

INFO: CommandLine /work/02556/dpereira/MIC/apps/gmetis/gmetis -t=62 /work/02556/dpereira/Inputs/USA-road-d.W.gr 1024
INFO: Hostname c558-304-mic0.stampede.tacc.utexas.edu
Created Graph with 6262104 nodes and 15248146 edges
Nodes 6262104| Edges 15248146 7624073

  Starting coarsening: 
Time coarsen:  2195 Size of final graph: 40635

  Sarting initial partitioning using GGGP:
Size in decade percentages:  -0,1024
Time clustering:  1431

  Sarting refinnement with BKL2
Initial dist
Size in decade percentages:  -0,1024
Refined dist
Size in decade percentages:  -1,357 0,310 1,357
Time refinement:  845


Time:  4648
Total edge cut : 36632

Part saved in : 0x7fff1e8df360
STATTYPE,LOOP,CATEGORY,n,sum,T0,T1,T2,T3,T4,T5,T6,T7,T8,T9,T10,T11,T12,T13,T14,T15,T16,T17,T18,T19,T20,T21,T22,T23,T24,T25,T26,T27,T28,T29,T30,T31,T32,T33,T34,T35,T36,T37,T38,T39,T40,T41,T42,T43,T44,T45,T46,T47,T48,T49,T50,T51,T52,T53,T54,T55,T56,T57,T58,T59,T60,T61
STAT,(NULL),Coarsen,62,2195,2195,0,0,0,0,0,0,0,0,0,0,0,0,0,0,0,0,0,0,0,0,0,0,0,0,0,0,0,0,0,0,0,0,0,0,0,0,0,0,0,0,0,0,0,0,0,0,0,0,0,0,0,0,0,0,0,0,0,0,0,0,0
STAT,(NULL),Conflicts,62,0,0,0,0,0,0,0,0,0,0,0,0,0,0,0,0,0,0,0,0,0,0,0,0,0,0,0,0,0,0,0,0,0,0,0,0,0,0,0,0,0,0,0,0,0,0,0,0,0,0,0,0,0,0,0,0,0,0,0,0,0,0,0
STAT,(NULL),Iterations,62,2047,11,52,44,47,59,46,26,25,20,37,33,32,34,35,26,44,10,37,35,33,32,25,33,34,32,44,43,21,32,38,33,33,23,30,29,32,19,35,31,31,27,27,29,39,43,37,19,32,29,26,40,15,32,37,39,45,35,44,28,31,24,53
STAT,(NULL),MeminfoPost,62,756384,12217,12212,12198,12257,12228,12186,12232,12201,12199,12193,12184,12230,12200,12217,12285,12173,12224,12221,12180,12209,12181,12209,12233,12211,12192,12192,12167,12211,12178,12167,12225,12192,12199,12147,12216,12218,12181,12171,12162,12173,12237,12229,12192,12160,12226,12185,12167,12159,12196,12278,12182,12184,12260,12219,12196,12176,12152,12178,12149,12195,12195,12198
STAT,(NULL),MeminfoPre,62,189084,3067,3062,3048,3107,3078,3036,3082,3051,3049,3043,3034,3080,3050,3067,3135,3023,3074,3071,3030,3059,3031,3059,3083,3061,3042,3042,3017,3061,3028,3017,3075,3042,3049,2997,3066,3068,3031,3021,3012,3023,3087,3079,3042,3010,3076,3035,3017,3009,3046,3128,3032,3034,3110,3069,3046,3026,3002,3028,2999,3045,3045,3048
STAT,(NULL),Partition,62,1431,1431,0,0,0,0,0,0,0,0,0,0,0,0,0,0,0,0,0,0,0,0,0,0,0,0,0,0,0,0,0,0,0,0,0,0,0,0,0,0,0,0,0,0,0,0,0,0,0,0,0,0,0,0,0,0,0,0,0,0,0,0,0
STAT,(NULL),Refine,62,845,845,0,0,0,0,0,0,0,0,0,0,0,0,0,0,0,0,0,0,0,0,0,0,0,0,0,0,0,0,0,0,0,0,0,0,0,0,0,0,0,0,0,0,0,0,0,0,0,0,0,0,0,0,0,0,0,0,0,0,0,0,0
STAT,(NULL),Threads,62,62,62,0,0,0,0,0,0,0,0,0,0,0,0,0,0,0,0,0,0,0,0,0,0,0,0,0,0,0,0,0,0,0,0,0,0,0,0,0,0,0,0,0,0,0,0,0,0,0,0,0,0,0,0,0,0,0,0,0,0,0,0,0
STAT,(NULL),Time,62,4648,4648,0,0,0,0,0,0,0,0,0,0,0,0,0,0,0,0,0,0,0,0,0,0,0,0,0,0,0,0,0,0,0,0,0,0,0,0,0,0,0,0,0,0,0,0,0,0,0,0,0,0,0,0,0,0,0,0,0,0,0,0,0
STAT,match,Conflicts,62,4062,197,114,82,112,94,80,77,84,67,69,78,77,72,78,73,74,76,56,65,59,50,55,80,60,67,78,82,55,56,68,54,47,48,44,53,43,40,65,61,60,54,59,65,61,43,38,37,50,38,58,63,67,55,61,53,41,67,55,65,69,49,64
STAT,match,Iterations,62,14877394,192644,221470,224943,218894,242877,247095,229886,255699,241943,249437,236306,229437,258552,234296,232547,262320,230227,244590,259252,238083,247114,244091,228823,240431,251020,228404,242103,223920,238403,249188,236367,249415,260976,256093,229472,252494,259683,250012,240688,245900,230935,225091,225104,237226,229146,236800,250224,262122,236566,220713,241299,229021,238480,249869,248253,260673,244245,241537,246573,242701,242159,213562
STAT,popedge,Conflicts,62,0,0,0,0,0,0,0,0,0,0,0,0,0,0,0,0,0,0,0,0,0,0,0,0,0,0,0,0,0,0,0,0,0,0,0,0,0,0,0,0,0,0,0,0,0,0,0,0,0,0,0,0,0,0,0,0,0,0,0,0,0,0,0
STAT,popedge,Iterations,62,7290533,105600,117782,111830,114831,115088,117578,113541,115303,116805,121476,120278,115565,115364,117017,112649,116813,114125,113969,117899,117693,117005,106361,106001,105320,108618,117354,117439,113662,117288,116234,113642,119373,118805,127219,120391,116532,117070,123804,123178,117295,117411,112798,118344,122379,114443,114281,118655,117509,116647,111954,111059,115890,126275,126803,127500,127593,135589,127882,127866,128140,129519,108199
STAT,refine,Conflicts,62,2786,73,65,59,51,56,56,60,58,50,49,42,72,50,43,44,39,65,54,46,49,39,64,55,59,52,37,53,47,44,44,37,37,57,37,51,40,36,44,34,43,44,34,44,34,38,30,41,42,54,43,47,36,36,28,26,27,30,48,33,30,23,27
STAT,refine,Iterations,62,470837,5936,7094,6621,9424,8616,7569,8129,8739,7374,7092,5884,8017,6640,7624,10827,7726,8281,8180,7808,7253,6867,7269,8089,7208,6730,6870,6541,6414,6386,7326,8359,7370,7434,5864,8058,7782,6860,6342,7698,7977,9207,9113,7325,6725,8469,7026,6699,8540,8586,9667,6420,7992,10691,7548,7534,6712,6327,6651,6833,8159,8668,7667
