Hello from MIC
Galois Benchmark Suite v2.2.0 (r0)
Copyright (C) 2013 The University of Texas at Austin
http://iss.ices.utexas.edu/galois/

application: GMetis
Partitions a graph into K parts and minimizing the graph cut
http://iss.ices.utexas.edu/?p=projects/galois/benchmarks/gMetis

INFO: CommandLine /work/02556/dpereira/MIC/apps/gmetis/gmetis -t=216 /work/02556/dpereira/Inputs/USA-road-d.W.gr 128
INFO: Hostname c558-003-mic0.stampede.tacc.utexas.edu
Created Graph with 6262104 nodes and 15248146 edges
Nodes 6262104| Edges 15248146 7624073

  Starting coarsening: 
Time coarsen:  3834 Size of final graph: 3181

  Sarting initial partitioning using GGGP:
Size in decade percentages:  -1,1 -0,125 1,2
Time clustering:  461

  Sarting refinnement with BKL2
Initial dist
Size in decade percentages:  -1,1 -0,125 1,2
Refined dist
Size in decade percentages:  -1,47 0,34 1,47
Time refinement:  2597


Time:  7068
Total edge cut : 8159

Part saved in : 0x7fff7279d4e0
STATTYPE,LOOP,CATEGORY,n,sum,T0,T1,T2,T3,T4,T5,T6,T7,T8,T9,T10,T11,T12,T13,T14,T15,T16,T17,T18,T19,T20,T21,T22,T23,T24,T25,T26,T27,T28,T29,T30,T31,T32,T33,T34,T35,T36,T37,T38,T39,T40,T41,T42,T43,T44,T45,T46,T47,T48,T49,T50,T51,T52,T53,T54,T55,T56,T57,T58,T59,T60,T61,T62,T63,T64,T65,T66,T67,T68,T69,T70,T71,T72,T73,T74,T75,T76,T77,T78,T79,T80,T81,T82,T83,T84,T85,T86,T87,T88,T89,T90,T91,T92,T93,T94,T95,T96,T97,T98,T99,T100,T101,T102,T103,T104,T105,T106,T107,T108,T109,T110,T111,T112,T113,T114,T115,T116,T117,T118,T119,T120,T121,T122,T123,T124,T125,T126,T127,T128,T129,T130,T131,T132,T133,T134,T135,T136,T137,T138,T139,T140,T141,T142,T143,T144,T145,T146,T147,T148,T149,T150,T151,T152,T153,T154,T155,T156,T157,T158,T159,T160,T161,T162,T163,T164,T165,T166,T167,T168,T169,T170,T171,T172,T173,T174,T175,T176,T177,T178,T179,T180,T181,T182,T183,T184,T185,T186,T187,T188,T189,T190,T191,T192,T193,T194,T195,T196,T197,T198,T199,T200,T201,T202,T203,T204,T205,T206,T207,T208,T209,T210,T211,T212,T213,T214,T215
STAT,(NULL),Coarsen,216,3834,3834,0,0,0,0,0,0,0,0,0,0,0,0,0,0,0,0,0,0,0,0,0,0,0,0,0,0,0,0,0,0,0,0,0,0,0,0,0,0,0,0,0,0,0,0,0,0,0,0,0,0,0,0,0,0,0,0,0,0,0,0,0,0,0,0,0,0,0,0,0,0,0,0,0,0,0,0,0,0,0,0,0,0,0,0,0,0,0,0,0,0,0,0,0,0,0,0,0,0,0,0,0,0,0,0,0,0,0,0,0,0,0,0,0,0,0,0,0,0,0,0,0,0,0,0,0,0,0,0,0,0,0,0,0,0,0,0,0,0,0,0,0,0,0,0,0,0,0,0,0,0,0,0,0,0,0,0,0,0,0,0,0,0,0,0,0,0,0,0,0,0,0,0,0,0,0,0,0,0,0,0,0,0,0,0,0,0,0,0,0,0,0,0,0,0,0,0,0,0,0,0,0,0,0,0,0,0,0,0,0,0,0,0,0,0,0
STAT,(NULL),Conflicts,216,0,0,0,0,0,0,0,0,0,0,0,0,0,0,0,0,0,0,0,0,0,0,0,0,0,0,0,0,0,0,0,0,0,0,0,0,0,0,0,0,0,0,0,0,0,0,0,0,0,0,0,0,0,0,0,0,0,0,0,0,0,0,0,0,0,0,0,0,0,0,0,0,0,0,0,0,0,0,0,0,0,0,0,0,0,0,0,0,0,0,0,0,0,0,0,0,0,0,0,0,0,0,0,0,0,0,0,0,0,0,0,0,0,0,0,0,0,0,0,0,0,0,0,0,0,0,0,0,0,0,0,0,0,0,0,0,0,0,0,0,0,0,0,0,0,0,0,0,0,0,0,0,0,0,0,0,0,0,0,0,0,0,0,0,0,0,0,0,0,0,0,0,0,0,0,0,0,0,0,0,0,0,0,0,0,0,0,0,0,0,0,0,0,0,0,0,0,0,0,0,0,0,0,0,0,0,0,0,0,0,0,0,0,0,0,0,0
STAT,(NULL),Iterations,216,255,8,0,0,4,3,0,1,2,0,0,0,2,4,0,0,0,0,0,1,1,3,0,0,0,0,0,0,0,1,0,0,3,0,3,6,6,3,5,9,0,0,0,0,1,0,5,1,0,0,2,1,0,0,2,0,3,1,0,1,0,0,0,0,0,0,1,1,2,2,0,3,0,0,0,1,0,0,0,4,1,0,1,1,1,2,0,0,0,0,1,1,0,2,1,2,0,7,1,0,0,0,0,1,0,0,0,5,4,2,8,1,0,4,0,3,6,1,2,1,3,0,3,8,2,0,0,4,1,1,0,0,0,0,1,4,2,0,0,0,0,0,4,0,1,0,0,0,0,0,0,1,2,0,1,0,1,3,0,2,2,0,0,1,0,0,2,0,1,5,3,6,3,2,0,1,0,1,4,0,0,2,1,1,0,0,1,0,4,0,0,4,0,0,0,0,0,0,0,2,0,0,0,0,1,0,0,2,2,0,0,1,2,0,0,2,0
STAT,(NULL),MeminfoPost,216,756838,3510,3498,3506,3518,3509,3516,3498,3513,3492,3494,3509,3520,3508,3555,3528,3516,3490,3501,3503,3495,3505,3515,3512,3524,3498,3511,3509,3489,3501,3497,3513,3505,3515,3495,3490,3498,3505,3502,3507,3511,3512,3515,3506,3503,3494,3494,3516,3511,3515,3540,3545,3513,3493,3501,3499,3494,3510,3507,3513,3527,3492,3522,3509,3487,3500,3494,3509,3512,3519,3493,3492,3497,3502,3511,3506,3502,3504,3532,3514,3501,3503,3518,3504,3499,3506,3506,3494,3498,3496,3509,3497,3485,3495,3504,3510,3516,3501,3493,3505,3496,3498,3487,3495,3488,3508,3490,3523,3527,3515,3499,3492,3496,3496,3528,3492,3488,3485,3489,3505,3506,3512,3508,3515,3517,3496,3506,3488,3508,3495,3499,3496,3501,3485,3490,3489,3499,3489,3513,3492,3489,3511,3520,3530,3521,3523,3498,3496,3495,3520,3491,3486,3488,3503,3505,3513,3511,3513,3498,3494,3506,3494,3497,3499,3492,3486,3496,3488,3509,3490,3498,3522,3529,3526,3523,3507,3501,3494,3493,3491,3503,3509,3527,3527,3515,3517,3527,3509,3489,3501,3517,3488,3502,3495,3504,3493,3478,3500,3490,3491,3524,3489,3484,3482,3502,3489,3490,3512,3493,3501,3495,3508,3505,3504,3507,3498,3500
STAT,(NULL),MeminfoPre,216,189190,882,870,878,890,881,888,870,885,864,866,881,892,880,927,900,888,862,873,875,867,877,887,884,896,870,883,881,861,873,869,885,877,887,867,862,870,877,874,879,883,884,887,878,875,866,866,888,883,887,912,917,885,865,873,871,866,882,879,885,899,864,894,881,859,872,866,881,884,891,865,864,869,874,883,878,874,876,904,886,873,875,890,876,871,878,878,866,870,868,881,869,857,867,876,882,888,873,865,877,868,870,859,867,860,880,862,895,899,887,871,864,868,868,900,864,860,857,861,877,878,884,880,887,889,868,878,860,880,867,871,868,873,857,862,861,871,861,885,864,861,883,892,902,893,895,870,868,867,892,863,858,860,875,877,885,883,885,870,866,878,866,869,871,864,858,868,860,881,862,870,894,901,898,895,879,873,866,865,863,875,881,899,899,887,889,899,881,861,873,889,860,874,867,876,865,850,872,862,863,896,861,856,854,874,861,862,884,865,873,867,880,877,876,879,870,872
STAT,(NULL),Partition,216,461,461,0,0,0,0,0,0,0,0,0,0,0,0,0,0,0,0,0,0,0,0,0,0,0,0,0,0,0,0,0,0,0,0,0,0,0,0,0,0,0,0,0,0,0,0,0,0,0,0,0,0,0,0,0,0,0,0,0,0,0,0,0,0,0,0,0,0,0,0,0,0,0,0,0,0,0,0,0,0,0,0,0,0,0,0,0,0,0,0,0,0,0,0,0,0,0,0,0,0,0,0,0,0,0,0,0,0,0,0,0,0,0,0,0,0,0,0,0,0,0,0,0,0,0,0,0,0,0,0,0,0,0,0,0,0,0,0,0,0,0,0,0,0,0,0,0,0,0,0,0,0,0,0,0,0,0,0,0,0,0,0,0,0,0,0,0,0,0,0,0,0,0,0,0,0,0,0,0,0,0,0,0,0,0,0,0,0,0,0,0,0,0,0,0,0,0,0,0,0,0,0,0,0,0,0,0,0,0,0,0,0,0,0,0,0,0
STAT,(NULL),Refine,216,2597,2597,0,0,0,0,0,0,0,0,0,0,0,0,0,0,0,0,0,0,0,0,0,0,0,0,0,0,0,0,0,0,0,0,0,0,0,0,0,0,0,0,0,0,0,0,0,0,0,0,0,0,0,0,0,0,0,0,0,0,0,0,0,0,0,0,0,0,0,0,0,0,0,0,0,0,0,0,0,0,0,0,0,0,0,0,0,0,0,0,0,0,0,0,0,0,0,0,0,0,0,0,0,0,0,0,0,0,0,0,0,0,0,0,0,0,0,0,0,0,0,0,0,0,0,0,0,0,0,0,0,0,0,0,0,0,0,0,0,0,0,0,0,0,0,0,0,0,0,0,0,0,0,0,0,0,0,0,0,0,0,0,0,0,0,0,0,0,0,0,0,0,0,0,0,0,0,0,0,0,0,0,0,0,0,0,0,0,0,0,0,0,0,0,0,0,0,0,0,0,0,0,0,0,0,0,0,0,0,0,0,0,0,0,0,0,0
STAT,(NULL),Threads,216,216,216,0,0,0,0,0,0,0,0,0,0,0,0,0,0,0,0,0,0,0,0,0,0,0,0,0,0,0,0,0,0,0,0,0,0,0,0,0,0,0,0,0,0,0,0,0,0,0,0,0,0,0,0,0,0,0,0,0,0,0,0,0,0,0,0,0,0,0,0,0,0,0,0,0,0,0,0,0,0,0,0,0,0,0,0,0,0,0,0,0,0,0,0,0,0,0,0,0,0,0,0,0,0,0,0,0,0,0,0,0,0,0,0,0,0,0,0,0,0,0,0,0,0,0,0,0,0,0,0,0,0,0,0,0,0,0,0,0,0,0,0,0,0,0,0,0,0,0,0,0,0,0,0,0,0,0,0,0,0,0,0,0,0,0,0,0,0,0,0,0,0,0,0,0,0,0,0,0,0,0,0,0,0,0,0,0,0,0,0,0,0,0,0,0,0,0,0,0,0,0,0,0,0,0,0,0,0,0,0,0,0,0,0,0,0,0
STAT,(NULL),Time,216,7068,7068,0,0,0,0,0,0,0,0,0,0,0,0,0,0,0,0,0,0,0,0,0,0,0,0,0,0,0,0,0,0,0,0,0,0,0,0,0,0,0,0,0,0,0,0,0,0,0,0,0,0,0,0,0,0,0,0,0,0,0,0,0,0,0,0,0,0,0,0,0,0,0,0,0,0,0,0,0,0,0,0,0,0,0,0,0,0,0,0,0,0,0,0,0,0,0,0,0,0,0,0,0,0,0,0,0,0,0,0,0,0,0,0,0,0,0,0,0,0,0,0,0,0,0,0,0,0,0,0,0,0,0,0,0,0,0,0,0,0,0,0,0,0,0,0,0,0,0,0,0,0,0,0,0,0,0,0,0,0,0,0,0,0,0,0,0,0,0,0,0,0,0,0,0,0,0,0,0,0,0,0,0,0,0,0,0,0,0,0,0,0,0,0,0,0,0,0,0,0,0,0,0,0,0,0,0,0,0,0,0,0,0,0,0,0,0
STAT,match,Conflicts,216,6592,46,47,51,52,46,49,49,55,50,46,38,50,43,45,39,49,45,43,42,43,40,41,40,42,44,50,43,40,40,41,42,54,39,36,30,38,31,37,36,36,31,38,34,38,40,27,42,33,36,34,37,32,32,41,45,34,33,30,31,40,38,27,30,23,30,26,30,27,31,30,25,26,22,23,25,21,26,26,33,28,21,28,24,27,23,29,34,32,26,17,26,24,32,29,28,32,27,23,26,26,26,26,26,24,23,27,25,32,24,26,24,27,23,24,24,28,24,27,31,28,32,30,24,32,25,23,24,23,23,33,25,28,25,23,24,28,21,29,26,30,28,37,32,22,24,19,28,20,28,23,35,29,28,34,26,31,25,27,25,23,29,27,30,25,25,24,25,23,30,21,34,18,25,24,28,25,34,29,30,31,23,27,30,20,30,24,27,23,22,22,27,25,22,28,29,27,32,23,24,23,25,26,27,30,32,28,29,29,38,26,24,24,23,24,29,25
STAT,match,Iterations,216,15062746,36305,69991,56561,41333,55417,65214,61751,55778,46083,54370,56296,51170,69093,64258,45194,48951,52653,45800,42963,51933,49559,60727,57173,51611,53250,37348,61161,61941,39198,55252,48573,60767,60809,56781,82248,72302,66666,51610,48020,68649,84538,63736,72204,50158,68351,63889,60580,71012,55842,56491,63010,54190,64764,45076,57704,87632,77413,65448,58966,78487,74568,53679,85764,87573,62495,78375,56219,74260,76101,65950,66197,74242,59596,79295,86682,83706,70422,73068,67444,68169,72693,54392,68359,77862,58420,84655,61651,64719,77810,82349,61796,72526,79406,64079,99111,75298,77413,83565,67415,61003,79700,73019,73163,79668,78738,64234,69378,87437,79340,92035,86879,88134,76552,73094,92145,82108,65670,74169,79451,68666,78149,88476,51859,53646,62781,75288,86857,69866,69152,59830,81261,61047,70731,75934,56883,74659,76045,61495,89426,62964,67683,62000,74832,98776,76539,87091,64972,88362,65216,88641,68274,66722,77565,58219,74431,64321,80761,71180,86726,91370,74767,87325,77953,82771,75494,68099,79499,88085,85523,75707,73547,71647,73022,80254,81639,74804,73029,68660,80680,59640,74927,90532,76327,72416,91143,53614,84376,69769,69073,86199,67105,60221,78368,83312,71552,62675,67629,65668,79658,64651,97908,76320,80164,65734,61862,74993,80616,61926,73145,80208,52521,80204,77498,79751,73470,58879
STAT,popedge,Conflicts,216,0,0,0,0,0,0,0,0,0,0,0,0,0,0,0,0,0,0,0,0,0,0,0,0,0,0,0,0,0,0,0,0,0,0,0,0,0,0,0,0,0,0,0,0,0,0,0,0,0,0,0,0,0,0,0,0,0,0,0,0,0,0,0,0,0,0,0,0,0,0,0,0,0,0,0,0,0,0,0,0,0,0,0,0,0,0,0,0,0,0,0,0,0,0,0,0,0,0,0,0,0,0,0,0,0,0,0,0,0,0,0,0,0,0,0,0,0,0,0,0,0,0,0,0,0,0,0,0,0,0,0,0,0,0,0,0,0,0,0,0,0,0,0,0,0,0,0,0,0,0,0,0,0,0,0,0,0,0,0,0,0,0,0,0,0,0,0,0,0,0,0,0,0,0,0,0,0,0,0,0,0,0,0,0,0,0,0,0,0,0,0,0,0,0,0,0,0,0,0,0,0,0,0,0,0,0,0,0,0,0,0,0,0,0,0,0,0
STAT,popedge,Iterations,216,7379042,30958,31905,32045,31672,31623,32245,32433,31888,33193,31365,32087,32432,31218,33333,32315,31105,32509,32656,33025,32286,30932,31693,32744,31123,32171,33832,33727,33751,31573,34407,32374,30532,32485,37783,34735,37211,35055,36218,37325,36282,37160,35669,35572,37288,36241,34841,36117,37516,35163,36359,36899,36368,36744,38163,37255,35178,35360,35296,36473,34817,38788,32703,32266,34206,34268,32606,32970,32156,31589,32784,31625,33064,31286,31045,35610,31249,31081,33125,31593,31941,32569,30720,31219,31429,32702,33163,32282,32560,31793,31314,33812,30702,32352,31755,38075,36086,37472,36738,36922,36483,34672,35517,39269,38603,37000,36670,35381,37866,36654,37370,39874,35469,36378,35671,38564,36960,37544,39052,37670,37979,37675,38954,32805,33666,32132,33670,31513,31317,33352,34062,33036,31850,31834,31577,30140,31627,32664,31619,31575,31865,31655,34781,30709,30944,32486,33749,32662,35123,32593,34581,33246,33472,32132,33073,31359,36905,35825,39775,37350,39050,37244,36710,36136,37277,36327,35834,34755,37214,35596,35356,35661,38582,36904,36534,36439,35477,36200,35280,37539,37037,37485,37083,40134,31617,34082,31728,33016,34252,32199,32909,32960,34209,31506,33333,30858,34190,30960,32089,33157,33392,34475,31674,32201,31251,34846,31389,32817,34394,32518,31835,33612,32409,34960,35204,31914,32888
STAT,refine,Conflicts,216,6941,107,96,97,109,98,103,101,89,86,75,84,90,89,84,79,77,61,55,63,60,63,68,63,68,68,72,74,60,61,52,53,43,50,35,35,40,28,40,49,38,44,43,42,33,37,42,43,40,46,41,41,46,49,42,34,43,43,37,38,29,36,18,8,15,26,18,15,18,23,24,13,20,27,16,25,20,21,24,22,21,18,30,21,26,19,19,25,22,23,21,18,25,20,23,19,22,24,19,25,24,21,19,25,24,20,23,24,28,24,29,25,25,22,30,25,28,20,20,27,19,22,23,27,22,27,14,22,22,15,23,22,12,20,20,18,25,22,17,19,19,23,23,20,23,26,30,14,24,17,18,21,17,28,20,19,25,20,23,21,27,18,26,24,24,31,14,25,20,22,27,23,16,16,23,26,20,19,18,20,27,25,21,17,24,20,20,27,21,28,23,18,24,15,19,18,14,18,13,26,23,30,20,19,21,25,21,22,19,25,22,21,15,21,15,20,15
STAT,refine,Iterations,216,138465,580,816,868,632,632,799,678,742,568,600,548,589,751,1075,472,628,693,595,612,480,730,694,694,574,587,687,694,587,479,663,633,658,981,474,588,735,542,537,711,773,688,522,576,500,702,587,717,670,573,762,935,526,621,608,406,727,648,708,692,855,636,419,606,591,691,450,424,579,603,449,571,599,596,569,776,582,592,836,501,669,579,763,488,628,604,635,660,730,606,633,390,634,903,771,949,777,591,785,623,575,638,650,669,708,546,624,692,843,693,1046,712,800,528,694,674,558,443,805,738,716,904,739,422,661,566,673,681,689,492,482,553,475,622,689,566,753,719,491,738,593,544,634,728,757,776,627,514,711,595,563,580,559,726,746,801,680,614,599,777,783,623,821,728,606,683,435,658,532,795,598,842,733,636,553,691,562,507,701,641,654,733,937,783,490,793,465,809,463,568,519,431,483,456,487,448,517,656,394,725,680,697,492,586,670,570,596,727,487,595,431,424,407,775,721,624,763
