Hello from MIC
Galois Benchmark Suite v2.2.0 (r0)
Copyright (C) 2013 The University of Texas at Austin
http://iss.ices.utexas.edu/galois/

application: GMetis
Partitions a graph into K parts and minimizing the graph cut
http://iss.ices.utexas.edu/?p=projects/galois/benchmarks/gMetis

INFO: CommandLine /work/02556/dpereira/MIC/apps/gmetis/gmetis -t=197 /work/02556/dpereira/Inputs/USA-road-d.W.gr 16
INFO: Hostname c558-002-mic0.stampede.tacc.utexas.edu
Created Graph with 6262104 nodes and 15248146 edges
Nodes 6262104| Edges 15248146 7624073

  Starting coarsening: 
Time coarsen:  3781 Size of final graph: 444

  Sarting initial partitioning using GGGP:
Size in decade percentages:  -1,1 -0,14 1,1
Time clustering:  374

  Sarting refinnement with BKL2
Initial dist
Size in decade percentages:  -1,1 -0,14 1,1
Refined dist
Size in decade percentages:  -1,6 0,5 1,5
Time refinement:  2434


Time:  6767
Total edge cut : 2007

Part saved in : 0x7fff879abb60
STATTYPE,LOOP,CATEGORY,n,sum,T0,T1,T2,T3,T4,T5,T6,T7,T8,T9,T10,T11,T12,T13,T14,T15,T16,T17,T18,T19,T20,T21,T22,T23,T24,T25,T26,T27,T28,T29,T30,T31,T32,T33,T34,T35,T36,T37,T38,T39,T40,T41,T42,T43,T44,T45,T46,T47,T48,T49,T50,T51,T52,T53,T54,T55,T56,T57,T58,T59,T60,T61,T62,T63,T64,T65,T66,T67,T68,T69,T70,T71,T72,T73,T74,T75,T76,T77,T78,T79,T80,T81,T82,T83,T84,T85,T86,T87,T88,T89,T90,T91,T92,T93,T94,T95,T96,T97,T98,T99,T100,T101,T102,T103,T104,T105,T106,T107,T108,T109,T110,T111,T112,T113,T114,T115,T116,T117,T118,T119,T120,T121,T122,T123,T124,T125,T126,T127,T128,T129,T130,T131,T132,T133,T134,T135,T136,T137,T138,T139,T140,T141,T142,T143,T144,T145,T146,T147,T148,T149,T150,T151,T152,T153,T154,T155,T156,T157,T158,T159,T160,T161,T162,T163,T164,T165,T166,T167,T168,T169,T170,T171,T172,T173,T174,T175,T176,T177,T178,T179,T180,T181,T182,T183,T184,T185,T186,T187,T188,T189,T190,T191,T192,T193,T194,T195,T196
STAT,(NULL),Coarsen,197,3781,3781,0,0,0,0,0,0,0,0,0,0,0,0,0,0,0,0,0,0,0,0,0,0,0,0,0,0,0,0,0,0,0,0,0,0,0,0,0,0,0,0,0,0,0,0,0,0,0,0,0,0,0,0,0,0,0,0,0,0,0,0,0,0,0,0,0,0,0,0,0,0,0,0,0,0,0,0,0,0,0,0,0,0,0,0,0,0,0,0,0,0,0,0,0,0,0,0,0,0,0,0,0,0,0,0,0,0,0,0,0,0,0,0,0,0,0,0,0,0,0,0,0,0,0,0,0,0,0,0,0,0,0,0,0,0,0,0,0,0,0,0,0,0,0,0,0,0,0,0,0,0,0,0,0,0,0,0,0,0,0,0,0,0,0,0,0,0,0,0,0,0,0,0,0,0,0,0,0,0,0,0,0,0,0,0,0,0,0,0,0,0,0,0,0,0,0,0
STAT,(NULL),Conflicts,197,0,0,0,0,0,0,0,0,0,0,0,0,0,0,0,0,0,0,0,0,0,0,0,0,0,0,0,0,0,0,0,0,0,0,0,0,0,0,0,0,0,0,0,0,0,0,0,0,0,0,0,0,0,0,0,0,0,0,0,0,0,0,0,0,0,0,0,0,0,0,0,0,0,0,0,0,0,0,0,0,0,0,0,0,0,0,0,0,0,0,0,0,0,0,0,0,0,0,0,0,0,0,0,0,0,0,0,0,0,0,0,0,0,0,0,0,0,0,0,0,0,0,0,0,0,0,0,0,0,0,0,0,0,0,0,0,0,0,0,0,0,0,0,0,0,0,0,0,0,0,0,0,0,0,0,0,0,0,0,0,0,0,0,0,0,0,0,0,0,0,0,0,0,0,0,0,0,0,0,0,0,0,0,0,0,0,0,0,0,0,0,0,0,0,0,0,0,0
STAT,(NULL),Iterations,197,31,5,0,0,0,0,0,0,2,0,1,0,0,0,0,0,0,0,0,0,0,0,0,0,0,0,0,0,0,0,0,1,0,0,0,0,0,0,0,0,0,0,0,0,0,0,0,0,0,0,0,0,0,0,3,0,0,0,0,0,1,0,0,0,0,0,0,0,0,0,0,0,0,0,0,0,0,0,0,0,0,0,0,0,2,0,0,0,0,0,0,0,0,0,1,0,0,0,0,0,0,0,0,0,0,0,0,0,0,0,0,0,0,0,2,2,0,0,0,0,0,0,0,4,0,0,0,0,0,0,0,0,0,0,0,0,0,0,0,0,0,0,0,0,0,0,0,0,1,0,0,0,0,0,0,0,3,0,0,0,0,0,0,0,0,0,0,0,0,0,0,0,0,0,0,0,0,0,0,0,0,0,0,1,0,0,0,0,0,0,0,1,0,1,0,0,0,0
STAT,(NULL),MeminfoPost,197,756722,3846,3831,3858,3850,3853,3838,3836,3841,3833,3846,3861,3846,3900,3870,3828,3841,3832,3828,3850,3848,3853,3853,3847,3847,3840,3830,3837,3838,3852,3855,3830,3827,3835,3843,3832,3859,3850,3854,3837,3837,3840,3834,3847,3861,3846,3899,3870,3831,3839,3835,3828,3848,3847,3854,3853,3847,3846,3840,3829,3837,3839,3850,3854,3830,3828,3835,3843,3851,3841,3835,3860,3863,3836,3841,3853,3845,3833,3850,3833,3838,3830,3843,3836,3821,3834,3843,3853,3843,3837,3840,3832,3833,3824,3832,3834,3832,3840,3864,3865,3839,3827,3836,3830,3864,3829,3823,3819,3829,3846,3845,3852,3852,3852,3834,3843,3822,3849,3829,3834,3838,3822,3827,3822,3841,3824,3849,3828,3825,3857,3871,3864,3865,3837,3831,3831,3855,3827,3820,3828,3844,3850,3846,3853,3835,3831,3844,3829,3835,3831,3825,3829,3827,3845,3828,3833,3861,3866,3866,3863,3838,3830,3836,3827,3833,3839,3872,3866,3853,3863,3861,3835,3829,3846,3832,3835,3836,3841,3823,3817,3835,3836,3855,3824,3824,3814,3842,3823,3841,3838,3823,3839,3841,3843,3843,3842,3832,3841
STAT,(NULL),MeminfoPre,197,189165,965,950,977,969,972,957,955,960,952,965,980,965,1019,989,947,960,951,947,969,967,972,972,966,966,959,949,956,957,971,974,949,946,954,962,951,978,969,973,956,956,959,953,966,980,965,1018,989,950,958,954,947,967,966,973,972,966,965,959,948,956,958,969,973,949,947,954,962,970,960,954,979,982,955,960,972,964,952,969,952,957,949,962,955,940,953,962,972,962,956,959,951,952,943,951,953,951,959,983,984,958,946,955,949,983,948,942,938,948,965,964,971,971,971,953,962,941,968,948,953,957,941,946,941,960,943,968,947,944,976,990,983,984,956,950,950,974,946,939,947,963,969,965,972,954,950,963,948,954,950,944,948,946,964,947,952,980,985,985,982,957,949,955,946,952,958,991,985,972,982,980,954,948,965,951,954,955,960,942,936,954,955,974,943,943,933,961,942,960,957,942,958,960,962,962,961,951,960
STAT,(NULL),Partition,197,374,374,0,0,0,0,0,0,0,0,0,0,0,0,0,0,0,0,0,0,0,0,0,0,0,0,0,0,0,0,0,0,0,0,0,0,0,0,0,0,0,0,0,0,0,0,0,0,0,0,0,0,0,0,0,0,0,0,0,0,0,0,0,0,0,0,0,0,0,0,0,0,0,0,0,0,0,0,0,0,0,0,0,0,0,0,0,0,0,0,0,0,0,0,0,0,0,0,0,0,0,0,0,0,0,0,0,0,0,0,0,0,0,0,0,0,0,0,0,0,0,0,0,0,0,0,0,0,0,0,0,0,0,0,0,0,0,0,0,0,0,0,0,0,0,0,0,0,0,0,0,0,0,0,0,0,0,0,0,0,0,0,0,0,0,0,0,0,0,0,0,0,0,0,0,0,0,0,0,0,0,0,0,0,0,0,0,0,0,0,0,0,0,0,0,0,0,0
STAT,(NULL),Refine,197,2434,2434,0,0,0,0,0,0,0,0,0,0,0,0,0,0,0,0,0,0,0,0,0,0,0,0,0,0,0,0,0,0,0,0,0,0,0,0,0,0,0,0,0,0,0,0,0,0,0,0,0,0,0,0,0,0,0,0,0,0,0,0,0,0,0,0,0,0,0,0,0,0,0,0,0,0,0,0,0,0,0,0,0,0,0,0,0,0,0,0,0,0,0,0,0,0,0,0,0,0,0,0,0,0,0,0,0,0,0,0,0,0,0,0,0,0,0,0,0,0,0,0,0,0,0,0,0,0,0,0,0,0,0,0,0,0,0,0,0,0,0,0,0,0,0,0,0,0,0,0,0,0,0,0,0,0,0,0,0,0,0,0,0,0,0,0,0,0,0,0,0,0,0,0,0,0,0,0,0,0,0,0,0,0,0,0,0,0,0,0,0,0,0,0,0,0,0,0
STAT,(NULL),Threads,197,197,197,0,0,0,0,0,0,0,0,0,0,0,0,0,0,0,0,0,0,0,0,0,0,0,0,0,0,0,0,0,0,0,0,0,0,0,0,0,0,0,0,0,0,0,0,0,0,0,0,0,0,0,0,0,0,0,0,0,0,0,0,0,0,0,0,0,0,0,0,0,0,0,0,0,0,0,0,0,0,0,0,0,0,0,0,0,0,0,0,0,0,0,0,0,0,0,0,0,0,0,0,0,0,0,0,0,0,0,0,0,0,0,0,0,0,0,0,0,0,0,0,0,0,0,0,0,0,0,0,0,0,0,0,0,0,0,0,0,0,0,0,0,0,0,0,0,0,0,0,0,0,0,0,0,0,0,0,0,0,0,0,0,0,0,0,0,0,0,0,0,0,0,0,0,0,0,0,0,0,0,0,0,0,0,0,0,0,0,0,0,0,0,0,0,0,0,0
STAT,(NULL),Time,197,6767,6767,0,0,0,0,0,0,0,0,0,0,0,0,0,0,0,0,0,0,0,0,0,0,0,0,0,0,0,0,0,0,0,0,0,0,0,0,0,0,0,0,0,0,0,0,0,0,0,0,0,0,0,0,0,0,0,0,0,0,0,0,0,0,0,0,0,0,0,0,0,0,0,0,0,0,0,0,0,0,0,0,0,0,0,0,0,0,0,0,0,0,0,0,0,0,0,0,0,0,0,0,0,0,0,0,0,0,0,0,0,0,0,0,0,0,0,0,0,0,0,0,0,0,0,0,0,0,0,0,0,0,0,0,0,0,0,0,0,0,0,0,0,0,0,0,0,0,0,0,0,0,0,0,0,0,0,0,0,0,0,0,0,0,0,0,0,0,0,0,0,0,0,0,0,0,0,0,0,0,0,0,0,0,0,0,0,0,0,0,0,0,0,0,0,0,0,0
STAT,match,Conflicts,197,6595,60,61,49,50,46,43,49,53,52,47,52,54,46,40,47,44,53,46,46,39,41,45,51,44,55,44,43,47,51,46,40,38,42,44,38,29,38,33,45,32,43,31,42,39,29,26,37,32,42,46,36,37,38,39,45,45,40,35,33,35,50,26,35,21,27,31,31,31,31,33,29,30,25,31,21,26,28,27,32,29,43,28,30,40,31,29,33,25,29,30,30,33,35,35,41,29,27,24,30,24,32,29,25,28,32,28,29,31,24,28,28,26,27,30,28,27,33,29,32,31,29,37,26,27,21,34,25,26,27,35,23,25,31,26,21,24,25,27,26,26,24,29,31,29,31,32,40,27,26,32,32,31,29,26,35,28,35,24,30,31,28,30,29,34,26,32,30,25,23,33,34,32,38,29,34,30,28,33,28,30,31,30,33,27,28,25,27,22,28,31,29,27,24,25,33,31,25
STAT,match,Iterations,197,15028378,46819,59767,54697,68779,37767,83835,62001,68626,48779,70462,55386,58615,65740,67046,67922,67064,53309,62677,50644,79416,77222,68522,69781,70655,49389,72486,51059,78806,57128,64133,70522,60102,59449,63850,66146,78336,62745,77664,61123,63559,72392,92014,60793,53881,71070,71045,52288,67585,41143,76641,80518,89292,56246,61616,73229,59310,67142,79585,48530,70126,76645,72927,67375,77664,73015,53426,87783,71314,71744,66034,80296,64396,85986,60887,76860,85051,74231,85078,71389,97630,65356,87109,88310,79370,91394,68997,96734,100030,91387,89867,73245,85655,83328,77819,69095,89531,73812,94089,93511,82463,97715,92356,98648,71449,100088,74828,97639,68196,84524,99108,99085,87782,91885,91805,90013,77823,93757,61105,88991,91653,79013,80440,74459,76307,67049,69483,65626,83218,72799,72361,85535,74092,88958,72196,93695,62710,99717,97680,92135,89530,97475,89139,81140,92544,96041,88202,83225,78364,103877,81719,93012,70170,90031,73889,93972,93303,73811,68011,81249,73758,91132,81493,72189,71297,78876,82037,78290,93025,95324,70914,78862,81732,63241,79509,60366,61325,92473,85532,85466,99464,70532,72380,85820,71365,89930,73159,89236,73131,67960,62586,78240,87895,70611,79687,77429,60811,79367
STAT,popedge,Conflicts,197,0,0,0,0,0,0,0,0,0,0,0,0,0,0,0,0,0,0,0,0,0,0,0,0,0,0,0,0,0,0,0,0,0,0,0,0,0,0,0,0,0,0,0,0,0,0,0,0,0,0,0,0,0,0,0,0,0,0,0,0,0,0,0,0,0,0,0,0,0,0,0,0,0,0,0,0,0,0,0,0,0,0,0,0,0,0,0,0,0,0,0,0,0,0,0,0,0,0,0,0,0,0,0,0,0,0,0,0,0,0,0,0,0,0,0,0,0,0,0,0,0,0,0,0,0,0,0,0,0,0,0,0,0,0,0,0,0,0,0,0,0,0,0,0,0,0,0,0,0,0,0,0,0,0,0,0,0,0,0,0,0,0,0,0,0,0,0,0,0,0,0,0,0,0,0,0,0,0,0,0,0,0,0,0,0,0,0,0,0,0,0,0,0,0,0,0,0,0
STAT,popedge,Iterations,197,7362107,33270,34503,33353,32886,32384,33795,33341,33337,33758,33892,32933,34360,35514,32135,38437,39491,38869,41302,39973,37920,37956,37148,37010,37871,40216,39397,38860,39585,39250,38323,39760,40099,39554,37543,35767,40030,37549,38792,38128,40559,37879,37364,39026,38847,39915,37293,39422,37741,40399,38327,39041,40707,41693,37282,38188,38037,39632,40173,40017,38972,37626,33141,33891,31717,34022,33356,33234,31647,34743,34051,32381,33444,33343,34295,32316,38122,37328,37545,38095,36201,38845,36981,37407,37169,37144,38690,39303,36615,36952,39654,38718,38491,38546,40375,37152,36569,37851,39475,37627,37744,38589,38328,37935,38490,41210,41852,38992,40201,41702,38696,39975,40288,38113,38432,39487,39640,39125,39455,41424,40617,37598,38151,33414,35320,33867,34889,33250,34254,33382,34603,34643,33884,32677,32416,34402,32316,38124,37740,37812,38568,36494,38221,39514,38584,38550,36995,42834,40406,36652,38778,40857,38058,39664,39125,40782,41049,35056,37061,36359,40191,38526,38242,39207,38428,38042,39578,38703,39263,41600,40016,40284,38777,43016,40121,39822,39288,39736,38632,39490,38982,40564,38594,38135,34104,35391,35584,33505,33444,34714,33608,33015,32951,35643,32923,32933,35085,32459
STAT,refine,Conflicts,197,5922,127,113,101,110,96,112,95,101,96,85,74,106,81,84,79,72,69,65,54,75,63,62,58,65,72,65,61,64,55,49,43,42,40,38,26,37,44,32,36,43,40,50,37,31,45,35,43,37,34,48,43,39,32,31,41,44,26,39,30,26,29,10,12,12,22,11,17,9,18,16,13,15,16,21,16,13,21,25,31,16,22,21,21,28,26,10,25,17,21,20,13,13,23,22,15,21,19,29,10,22,17,17,20,19,17,17,21,16,14,17,15,12,22,18,21,15,23,21,15,22,21,22,16,21,14,13,12,11,20,13,16,10,12,19,20,11,12,39,18,15,12,28,12,14,20,18,30,21,14,30,22,18,22,22,17,15,16,17,20,12,16,22,15,24,23,16,19,9,16,10,12,20,18,5,17,9,15,22,18,22,12,12,9,15,16,6,16,14,19,12,8,9,14,17,13,20,26
STAT,refine,Iterations,197,41983,321,441,270,399,256,430,337,354,360,333,273,451,374,268,255,288,279,290,275,279,418,319,293,278,281,305,228,318,293,232,186,194,199,174,230,139,251,162,276,249,227,339,203,209,271,146,190,197,245,242,244,216,97,227,178,190,124,157,158,227,213,131,137,83,183,78,165,154,186,189,224,139,280,213,146,105,155,207,231,242,203,226,182,272,231,202,271,231,178,277,186,186,182,226,194,227,125,238,163,238,239,194,277,120,184,172,146,110,159,304,239,140,218,146,215,238,191,199,192,191,267,234,190,220,123,213,100,126,200,125,208,122,199,231,231,114,185,232,167,150,295,310,253,204,292,253,300,237,250,281,269,256,289,157,235,205,172,134,225,164,193,194,187,210,248,146,213,101,192,123,223,161,103,150,157,147,198,131,181,134,174,258,157,88,175,118,163,101,166,170,154,195,200,168,235,231,202
