Hello from MIC
Galois Benchmark Suite v2.2.0 (r0)
Copyright (C) 2013 The University of Texas at Austin
http://iss.ices.utexas.edu/galois/

application: GMetis
Partitions a graph into K parts and minimizing the graph cut
http://iss.ices.utexas.edu/?p=projects/galois/benchmarks/gMetis

INFO: CommandLine /work/02556/dpereira/MIC/apps/gmetis/gmetis -t=236 /work/02556/dpereira/Inputs/USA-road-d.W.gr 16
INFO: Hostname c558-003-mic0.stampede.tacc.utexas.edu
Created Graph with 6262104 nodes and 15248146 edges
Nodes 6262104| Edges 15248146 7624073

  Starting coarsening: 
Time coarsen:  5348 Size of final graph: 440

  Sarting initial partitioning using GGGP:
Size in decade percentages:  -0,16
Time clustering:  378

  Sarting refinnement with BKL2
Initial dist
Size in decade percentages:  -0,16
Refined dist
Size in decade percentages:  -1,6 -0,4 1,6
Time refinement:  3458


Time:  9363
Total edge cut : 1763

Part saved in : 0x7fff6788cde0
STATTYPE,LOOP,CATEGORY,n,sum,T0,T1,T2,T3,T4,T5,T6,T7,T8,T9,T10,T11,T12,T13,T14,T15,T16,T17,T18,T19,T20,T21,T22,T23,T24,T25,T26,T27,T28,T29,T30,T31,T32,T33,T34,T35,T36,T37,T38,T39,T40,T41,T42,T43,T44,T45,T46,T47,T48,T49,T50,T51,T52,T53,T54,T55,T56,T57,T58,T59,T60,T61,T62,T63,T64,T65,T66,T67,T68,T69,T70,T71,T72,T73,T74,T75,T76,T77,T78,T79,T80,T81,T82,T83,T84,T85,T86,T87,T88,T89,T90,T91,T92,T93,T94,T95,T96,T97,T98,T99,T100,T101,T102,T103,T104,T105,T106,T107,T108,T109,T110,T111,T112,T113,T114,T115,T116,T117,T118,T119,T120,T121,T122,T123,T124,T125,T126,T127,T128,T129,T130,T131,T132,T133,T134,T135,T136,T137,T138,T139,T140,T141,T142,T143,T144,T145,T146,T147,T148,T149,T150,T151,T152,T153,T154,T155,T156,T157,T158,T159,T160,T161,T162,T163,T164,T165,T166,T167,T168,T169,T170,T171,T172,T173,T174,T175,T176,T177,T178,T179,T180,T181,T182,T183,T184,T185,T186,T187,T188,T189,T190,T191,T192,T193,T194,T195,T196,T197,T198,T199,T200,T201,T202,T203,T204,T205,T206,T207,T208,T209,T210,T211,T212,T213,T214,T215,T216,T217,T218,T219,T220,T221,T222,T223,T224,T225,T226,T227,T228,T229,T230,T231,T232,T233,T234,T235
STAT,(NULL),Coarsen,236,5348,5348,0,0,0,0,0,0,0,0,0,0,0,0,0,0,0,0,0,0,0,0,0,0,0,0,0,0,0,0,0,0,0,0,0,0,0,0,0,0,0,0,0,0,0,0,0,0,0,0,0,0,0,0,0,0,0,0,0,0,0,0,0,0,0,0,0,0,0,0,0,0,0,0,0,0,0,0,0,0,0,0,0,0,0,0,0,0,0,0,0,0,0,0,0,0,0,0,0,0,0,0,0,0,0,0,0,0,0,0,0,0,0,0,0,0,0,0,0,0,0,0,0,0,0,0,0,0,0,0,0,0,0,0,0,0,0,0,0,0,0,0,0,0,0,0,0,0,0,0,0,0,0,0,0,0,0,0,0,0,0,0,0,0,0,0,0,0,0,0,0,0,0,0,0,0,0,0,0,0,0,0,0,0,0,0,0,0,0,0,0,0,0,0,0,0,0,0,0,0,0,0,0,0,0,0,0,0,0,0,0,0,0,0,0,0,0,0,0,0,0,0,0,0,0,0,0,0,0,0,0,0,0,0,0,0,0
STAT,(NULL),Conflicts,236,0,0,0,0,0,0,0,0,0,0,0,0,0,0,0,0,0,0,0,0,0,0,0,0,0,0,0,0,0,0,0,0,0,0,0,0,0,0,0,0,0,0,0,0,0,0,0,0,0,0,0,0,0,0,0,0,0,0,0,0,0,0,0,0,0,0,0,0,0,0,0,0,0,0,0,0,0,0,0,0,0,0,0,0,0,0,0,0,0,0,0,0,0,0,0,0,0,0,0,0,0,0,0,0,0,0,0,0,0,0,0,0,0,0,0,0,0,0,0,0,0,0,0,0,0,0,0,0,0,0,0,0,0,0,0,0,0,0,0,0,0,0,0,0,0,0,0,0,0,0,0,0,0,0,0,0,0,0,0,0,0,0,0,0,0,0,0,0,0,0,0,0,0,0,0,0,0,0,0,0,0,0,0,0,0,0,0,0,0,0,0,0,0,0,0,0,0,0,0,0,0,0,0,0,0,0,0,0,0,0,0,0,0,0,0,0,0,0,0,0,0,0,0,0,0,0,0,0,0,0,0,0,0,0,0,0,0
STAT,(NULL),Iterations,236,31,5,0,0,0,0,0,0,0,0,0,0,0,0,0,0,0,0,0,0,0,0,0,0,0,0,0,0,0,0,0,0,0,0,0,0,0,0,0,0,0,0,0,0,0,1,0,0,0,0,0,0,0,0,0,0,0,0,0,0,0,0,4,0,0,0,0,0,0,0,0,0,0,0,0,0,0,0,0,0,0,0,0,0,0,2,0,0,0,0,0,0,0,0,0,0,0,0,0,0,0,0,0,0,0,0,0,0,0,2,0,0,0,0,0,0,0,0,0,0,0,0,0,0,0,0,0,1,0,0,0,0,0,0,0,0,0,0,0,0,0,0,0,2,3,0,0,0,0,0,0,0,0,0,0,0,0,0,0,0,0,0,0,0,0,0,0,0,0,1,0,0,0,0,3,0,0,0,0,0,0,0,0,0,0,1,0,0,0,0,1,1,0,0,0,0,0,0,0,1,0,0,0,0,0,0,0,0,0,0,0,0,0,0,0,0,0,0,0,0,0,0,0,0,0,0,0,0,1,0,0,2,0,0,0,0,0
STAT,(NULL),MeminfoPost,236,757052,3213,3206,3211,3211,3216,3221,3206,3205,3214,3200,3200,3210,3220,3217,3236,3255,3218,3198,3203,3200,3206,3205,3212,3214,3214,3227,3199,3219,3214,3205,3198,3199,3207,3217,3214,3215,3199,3197,3198,3210,3210,3195,3222,3223,3209,3221,3206,3203,3206,3198,3217,3205,3223,3219,3260,3227,3216,3194,3206,3203,3197,3219,3209,3217,3219,3212,3217,3209,3212,3194,3206,3200,3205,3217,3219,3201,3205,3197,3203,3204,3218,3213,3205,3206,3227,3233,3201,3204,3215,3212,3215,3199,3211,3210,3200,3204,3199,3203,3216,3194,3191,3205,3210,3218,3216,3204,3198,3208,3201,3203,3195,3192,3201,3208,3198,3202,3227,3228,3217,3208,3195,3202,3201,3218,3211,3197,3195,3189,3194,3211,3210,3210,3218,3219,3215,3206,3207,3203,3195,3217,3197,3203,3201,3204,3191,3196,3195,3205,3190,3204,3214,3198,3192,3214,3225,3233,3226,3230,3208,3196,3201,3201,3222,3195,3191,3194,3205,3210,3213,3218,3215,3205,3208,3194,3213,3198,3201,3205,3192,3197,3198,3195,3217,3197,3191,3214,3223,3231,3228,3226,3214,3205,3199,3203,3193,3198,3209,3213,3231,3230,3219,3219,3230,3217,3200,3199,3207,3205,3202,3215,3198,3203,3197,3185,3204,3189,3201,3231,3194,3191,3193,3197,3196,3196,3191,3222,3198,3199,3206,3208,3209,3208,3209,3208,3206,3203
STAT,(NULL),MeminfoPre,236,189236,807,800,805,805,810,815,800,799,808,794,794,804,814,811,830,849,812,792,797,794,800,799,806,808,808,821,793,813,808,799,792,793,801,811,808,809,793,791,792,804,804,789,816,817,803,815,800,797,800,792,811,799,817,813,854,821,810,788,800,797,791,813,803,811,813,806,811,803,806,788,800,794,799,811,813,795,799,791,797,798,812,807,799,800,821,827,795,798,809,806,809,793,805,804,794,798,793,797,810,788,785,799,804,812,810,798,792,802,795,797,789,786,795,802,792,796,821,822,811,802,789,796,795,812,805,791,789,783,788,805,804,804,812,813,809,800,801,797,789,811,791,797,795,798,785,790,789,799,784,798,808,792,786,808,819,827,820,824,802,790,795,795,816,789,785,788,799,804,807,812,809,799,802,788,807,792,795,799,786,791,792,789,811,791,785,808,817,825,822,820,808,799,793,797,787,792,803,807,825,824,813,813,824,811,794,793,801,799,796,809,792,797,791,779,798,783,795,825,788,785,787,791,790,790,785,816,792,793,800,802,803,802,803,802,800,797
STAT,(NULL),Partition,236,378,378,0,0,0,0,0,0,0,0,0,0,0,0,0,0,0,0,0,0,0,0,0,0,0,0,0,0,0,0,0,0,0,0,0,0,0,0,0,0,0,0,0,0,0,0,0,0,0,0,0,0,0,0,0,0,0,0,0,0,0,0,0,0,0,0,0,0,0,0,0,0,0,0,0,0,0,0,0,0,0,0,0,0,0,0,0,0,0,0,0,0,0,0,0,0,0,0,0,0,0,0,0,0,0,0,0,0,0,0,0,0,0,0,0,0,0,0,0,0,0,0,0,0,0,0,0,0,0,0,0,0,0,0,0,0,0,0,0,0,0,0,0,0,0,0,0,0,0,0,0,0,0,0,0,0,0,0,0,0,0,0,0,0,0,0,0,0,0,0,0,0,0,0,0,0,0,0,0,0,0,0,0,0,0,0,0,0,0,0,0,0,0,0,0,0,0,0,0,0,0,0,0,0,0,0,0,0,0,0,0,0,0,0,0,0,0,0,0,0,0,0,0,0,0,0,0,0,0,0,0,0,0,0,0,0,0
STAT,(NULL),Refine,236,3458,3458,0,0,0,0,0,0,0,0,0,0,0,0,0,0,0,0,0,0,0,0,0,0,0,0,0,0,0,0,0,0,0,0,0,0,0,0,0,0,0,0,0,0,0,0,0,0,0,0,0,0,0,0,0,0,0,0,0,0,0,0,0,0,0,0,0,0,0,0,0,0,0,0,0,0,0,0,0,0,0,0,0,0,0,0,0,0,0,0,0,0,0,0,0,0,0,0,0,0,0,0,0,0,0,0,0,0,0,0,0,0,0,0,0,0,0,0,0,0,0,0,0,0,0,0,0,0,0,0,0,0,0,0,0,0,0,0,0,0,0,0,0,0,0,0,0,0,0,0,0,0,0,0,0,0,0,0,0,0,0,0,0,0,0,0,0,0,0,0,0,0,0,0,0,0,0,0,0,0,0,0,0,0,0,0,0,0,0,0,0,0,0,0,0,0,0,0,0,0,0,0,0,0,0,0,0,0,0,0,0,0,0,0,0,0,0,0,0,0,0,0,0,0,0,0,0,0,0,0,0,0,0,0,0,0,0
STAT,(NULL),Threads,236,236,236,0,0,0,0,0,0,0,0,0,0,0,0,0,0,0,0,0,0,0,0,0,0,0,0,0,0,0,0,0,0,0,0,0,0,0,0,0,0,0,0,0,0,0,0,0,0,0,0,0,0,0,0,0,0,0,0,0,0,0,0,0,0,0,0,0,0,0,0,0,0,0,0,0,0,0,0,0,0,0,0,0,0,0,0,0,0,0,0,0,0,0,0,0,0,0,0,0,0,0,0,0,0,0,0,0,0,0,0,0,0,0,0,0,0,0,0,0,0,0,0,0,0,0,0,0,0,0,0,0,0,0,0,0,0,0,0,0,0,0,0,0,0,0,0,0,0,0,0,0,0,0,0,0,0,0,0,0,0,0,0,0,0,0,0,0,0,0,0,0,0,0,0,0,0,0,0,0,0,0,0,0,0,0,0,0,0,0,0,0,0,0,0,0,0,0,0,0,0,0,0,0,0,0,0,0,0,0,0,0,0,0,0,0,0,0,0,0,0,0,0,0,0,0,0,0,0,0,0,0,0,0,0,0,0,0
STAT,(NULL),Time,236,9363,9363,0,0,0,0,0,0,0,0,0,0,0,0,0,0,0,0,0,0,0,0,0,0,0,0,0,0,0,0,0,0,0,0,0,0,0,0,0,0,0,0,0,0,0,0,0,0,0,0,0,0,0,0,0,0,0,0,0,0,0,0,0,0,0,0,0,0,0,0,0,0,0,0,0,0,0,0,0,0,0,0,0,0,0,0,0,0,0,0,0,0,0,0,0,0,0,0,0,0,0,0,0,0,0,0,0,0,0,0,0,0,0,0,0,0,0,0,0,0,0,0,0,0,0,0,0,0,0,0,0,0,0,0,0,0,0,0,0,0,0,0,0,0,0,0,0,0,0,0,0,0,0,0,0,0,0,0,0,0,0,0,0,0,0,0,0,0,0,0,0,0,0,0,0,0,0,0,0,0,0,0,0,0,0,0,0,0,0,0,0,0,0,0,0,0,0,0,0,0,0,0,0,0,0,0,0,0,0,0,0,0,0,0,0,0,0,0,0,0,0,0,0,0,0,0,0,0,0,0,0,0,0,0,0,0,0
STAT,match,Conflicts,236,6603,49,38,46,42,38,36,43,46,45,39,37,47,49,37,42,41,47,34,44,37,36,43,33,50,39,46,33,40,41,41,39,26,26,29,37,37,35,30,31,34,31,35,38,35,36,32,31,41,37,31,34,44,37,28,34,32,36,35,31,26,42,29,26,25,27,22,28,32,24,18,24,18,27,32,20,25,27,31,19,31,25,16,31,23,23,24,31,23,23,22,25,24,22,24,21,31,23,25,19,24,26,24,29,32,22,26,24,29,27,31,34,21,21,24,24,25,20,20,26,26,30,29,22,23,28,30,26,26,23,28,21,30,19,27,25,28,29,22,32,25,28,21,16,31,16,29,23,26,26,28,25,22,24,21,21,26,30,22,24,21,25,24,22,29,26,24,23,22,24,23,26,22,27,27,22,27,31,26,23,22,33,36,29,26,19,22,22,20,28,26,20,24,23,27,19,22,20,27,25,28,22,26,19,21,29,22,28,23,24,17,26,25,20,21,20,24,28,29,27,17,21,18,22,21,28,26,25,20,23,22,22,25,24,27,26,27
STAT,match,Iterations,236,15048521,44687,53108,41902,37805,54344,59388,56129,45024,48754,57258,41438,64711,50575,46672,60324,43382,42228,45593,49700,51179,50632,60758,59406,63749,35847,42697,40496,58578,51343,54150,36780,39236,75857,45957,48175,36526,55846,57376,41729,46058,49358,64859,35425,46074,45413,64318,38019,50177,47791,57233,66940,51000,55498,72778,55000,54388,62711,72081,51474,54956,67667,81749,48208,70018,71849,63885,54434,62189,84628,81245,75832,66170,85962,61716,95924,86229,49357,67896,79221,49517,69536,78749,83050,67254,75924,57095,60481,82916,69851,79679,48802,68156,41093,55489,63281,41930,70965,77693,71584,61396,63745,82327,74641,59818,75058,67713,89334,61284,54844,59070,69496,55991,84172,80193,59796,81058,85436,55596,78404,58564,67852,74311,84537,77736,75810,46978,66093,72348,62135,49976,49995,67283,61691,61708,62393,68733,63684,69999,45726,55854,50455,73936,74847,61762,52082,69390,53523,85264,49097,65060,69619,53126,75625,49571,63430,63724,71674,89250,58305,62648,65571,90860,76921,66631,65171,70308,78601,50319,58030,60272,73977,77823,70514,63505,90837,60601,73672,72089,84584,79364,87706,69164,72623,72445,50450,72831,53468,66784,76979,80233,74178,57138,82043,57412,89168,67740,69290,68061,67189,63983,64283,68342,65904,57015,69461,54442,66486,73351,51925,78431,79865,61769,97570,64255,70518,79044,70860,66931,44378,92411,68119,67246,86061,49222,55830,58224,62552,58830,52796,55744,82867,62139,65803,87637,74837,61558
STAT,popedge,Conflicts,236,0,0,0,0,0,0,0,0,0,0,0,0,0,0,0,0,0,0,0,0,0,0,0,0,0,0,0,0,0,0,0,0,0,0,0,0,0,0,0,0,0,0,0,0,0,0,0,0,0,0,0,0,0,0,0,0,0,0,0,0,0,0,0,0,0,0,0,0,0,0,0,0,0,0,0,0,0,0,0,0,0,0,0,0,0,0,0,0,0,0,0,0,0,0,0,0,0,0,0,0,0,0,0,0,0,0,0,0,0,0,0,0,0,0,0,0,0,0,0,0,0,0,0,0,0,0,0,0,0,0,0,0,0,0,0,0,0,0,0,0,0,0,0,0,0,0,0,0,0,0,0,0,0,0,0,0,0,0,0,0,0,0,0,0,0,0,0,0,0,0,0,0,0,0,0,0,0,0,0,0,0,0,0,0,0,0,0,0,0,0,0,0,0,0,0,0,0,0,0,0,0,0,0,0,0,0,0,0,0,0,0,0,0,0,0,0,0,0,0,0,0,0,0,0,0,0,0,0,0,0,0,0,0,0,0,0,0
STAT,popedge,Iterations,236,7368908,31262,30195,31011,30056,29923,31066,30207,30950,30430,29720,30868,30411,30871,30363,30669,30020,31741,30110,30592,28746,30618,31558,29460,30902,29383,30739,30031,30792,32428,31016,32658,31175,29945,30475,31190,31816,29356,29537,30960,31975,29955,31980,29324,30769,31893,29561,31193,30516,29893,30854,30565,29748,30568,33116,32981,33700,33165,33985,36505,34348,35388,32068,30145,29628,27741,31284,30911,28441,30428,26952,29938,29426,31086,31818,33916,29484,29133,30436,30043,30054,28746,32413,30017,27856,31041,28725,31864,29457,29892,28570,30879,32203,29552,29431,29904,30535,30237,30509,30220,30931,31945,31599,31005,28784,30483,30622,33905,28850,30722,30003,30608,31082,31305,31642,35200,34177,34184,34260,35178,34749,36373,37146,33177,28939,31360,28733,31219,29739,30714,30856,29288,30736,31340,32224,30746,31678,30792,31399,33482,31886,32343,30649,31439,31763,32606,30799,31943,33286,32936,31942,30113,30998,32108,29974,30901,29425,30128,29727,30702,31566,30909,32584,32842,31495,30826,29763,34430,29882,29764,30107,31548,32033,30185,31771,31238,34997,35589,33046,36045,33365,35308,35905,35585,31511,31004,32537,29087,29800,30599,28781,32174,28887,31171,29876,30795,31231,31160,30596,30693,31169,31039,32351,30775,31620,32005,30117,31604,29342,31754,32270,32274,31164,29434,31648,30763,29751,31589,33364,32587,29063,33199,31059,30525,31027,31166,30984,32253,31666,30330,31221,32028,31600,31110,32301,33489,31524
STAT,refine,Conflicts,236,6520,119,123,115,96,108,95,100,97,97,81,79,82,93,86,79,77,76,71,70,48,60,67,67,68,61,57,67,61,65,60,60,38,39,41,58,47,45,49,30,41,34,27,37,39,47,40,43,49,42,45,44,43,50,28,40,37,41,34,40,47,46,14,12,12,19,17,13,15,10,12,21,11,17,18,17,13,18,15,15,8,14,12,13,11,23,14,20,13,14,20,5,10,24,13,16,28,18,18,16,16,15,3,10,15,12,24,17,14,15,17,16,14,19,25,15,28,23,21,19,12,16,22,23,17,15,12,12,14,16,22,7,16,14,25,15,7,12,12,23,10,22,6,16,12,9,23,14,18,16,15,9,12,13,17,20,20,18,20,16,24,11,15,13,19,22,18,19,15,20,29,22,20,20,14,25,15,25,18,26,23,31,24,26,16,9,18,10,11,19,14,12,12,18,12,18,14,19,14,7,15,12,9,11,9,16,11,14,13,18,21,16,13,6,15,8,13,15,20,20,21,17,8,8,25,11,11,21,21,21,17,20,15,12,15,14,10
STAT,refine,Iterations,236,39987,328,416,363,276,266,310,270,278,303,315,234,317,308,269,236,213,226,211,217,150,165,251,287,370,212,221,225,287,227,180,179,134,138,140,236,142,176,226,123,145,153,146,133,165,172,175,136,195,194,210,233,276,278,147,157,127,228,162,168,164,287,199,128,147,186,149,118,122,94,114,163,114,150,205,159,121,91,182,186,96,110,80,165,155,204,98,184,149,162,146,65,142,117,83,159,154,105,117,187,110,138,96,150,125,90,178,136,150,219,149,197,178,349,281,174,192,116,187,222,104,185,206,204,148,145,114,73,196,123,142,64,146,119,164,182,101,97,145,186,114,173,114,124,122,150,277,115,273,164,230,115,106,160,99,119,121,223,125,119,129,91,148,179,140,116,138,157,95,137,157,180,164,196,287,272,198,237,121,306,206,259,253,201,192,131,200,71,81,243,88,121,151,192,93,151,142,123,141,66,127,92,82,104,96,123,131,222,126,154,241,184,116,104,161,147,79,132,178,120,101,171,70,103,126,167,97,130,166,117,234,151,170,120,182,307,197
