Hello from MIC
Galois Benchmark Suite v2.2.0 (r0)
Copyright (C) 2013 The University of Texas at Austin
http://iss.ices.utexas.edu/galois/

application: GMetis
Partitions a graph into K parts and minimizing the graph cut
http://iss.ices.utexas.edu/?p=projects/galois/benchmarks/gMetis

INFO: CommandLine /work/02556/dpereira/MIC/apps/gmetis/gmetis -t=120 /work/02556/dpereira/Inputs/USA-road-d.W.gr 1024
INFO: Hostname c558-401-mic0.stampede.tacc.utexas.edu
Created Graph with 6262104 nodes and 15248146 edges
Nodes 6262104| Edges 15248146 7624073

  Starting coarsening: 
Time coarsen:  1976 Size of final graph: 40959

  Sarting initial partitioning using GGGP:
Size in decade percentages:  -1,1 -0,1023
Time clustering:  1576

  Sarting refinnement with BKL2
Initial dist
Size in decade percentages:  -1,1 -0,1023
Refined dist
Size in decade percentages:  -1,369 0,275 1,379 2,1
Time refinement:  1070


Time:  4803
Total edge cut : 37587

Part saved in : 0x7fff688bce60
STATTYPE,LOOP,CATEGORY,n,sum,T0,T1,T2,T3,T4,T5,T6,T7,T8,T9,T10,T11,T12,T13,T14,T15,T16,T17,T18,T19,T20,T21,T22,T23,T24,T25,T26,T27,T28,T29,T30,T31,T32,T33,T34,T35,T36,T37,T38,T39,T40,T41,T42,T43,T44,T45,T46,T47,T48,T49,T50,T51,T52,T53,T54,T55,T56,T57,T58,T59,T60,T61,T62,T63,T64,T65,T66,T67,T68,T69,T70,T71,T72,T73,T74,T75,T76,T77,T78,T79,T80,T81,T82,T83,T84,T85,T86,T87,T88,T89,T90,T91,T92,T93,T94,T95,T96,T97,T98,T99,T100,T101,T102,T103,T104,T105,T106,T107,T108,T109,T110,T111,T112,T113,T114,T115,T116,T117,T118,T119
STAT,(NULL),Coarsen,120,1976,1976,0,0,0,0,0,0,0,0,0,0,0,0,0,0,0,0,0,0,0,0,0,0,0,0,0,0,0,0,0,0,0,0,0,0,0,0,0,0,0,0,0,0,0,0,0,0,0,0,0,0,0,0,0,0,0,0,0,0,0,0,0,0,0,0,0,0,0,0,0,0,0,0,0,0,0,0,0,0,0,0,0,0,0,0,0,0,0,0,0,0,0,0,0,0,0,0,0,0,0,0,0,0,0,0,0,0,0,0,0,0,0,0,0,0,0,0,0,0,0
STAT,(NULL),Conflicts,120,0,0,0,0,0,0,0,0,0,0,0,0,0,0,0,0,0,0,0,0,0,0,0,0,0,0,0,0,0,0,0,0,0,0,0,0,0,0,0,0,0,0,0,0,0,0,0,0,0,0,0,0,0,0,0,0,0,0,0,0,0,0,0,0,0,0,0,0,0,0,0,0,0,0,0,0,0,0,0,0,0,0,0,0,0,0,0,0,0,0,0,0,0,0,0,0,0,0,0,0,0,0,0,0,0,0,0,0,0,0,0,0,0,0,0,0,0,0,0,0,0
STAT,(NULL),Iterations,120,2047,11,14,14,26,23,21,36,41,29,32,20,17,10,11,16,24,24,13,13,14,8,18,12,9,13,16,17,10,14,11,17,10,12,15,9,12,16,22,14,13,20,4,17,14,12,17,15,17,15,23,15,22,19,17,13,10,14,15,12,35,12,31,16,18,8,19,32,15,34,21,22,19,20,15,26,9,14,19,15,21,9,19,28,15,28,9,11,17,20,14,12,14,12,20,10,23,9,21,14,27,3,24,15,11,6,17,16,21,13,18,20,14,15,26,23,21,10,16,19,18
STAT,(NULL),MeminfoPost,120,756306,6308,6309,6320,6300,6300,6302,6319,6371,6317,6288,6289,6313,6321,6318,6310,6287,6290,6328,6289,6288,6304,6315,6314,6303,6297,6306,6319,6362,6331,6287,6288,6314,6323,6311,6315,6280,6295,6330,6291,6286,6302,6314,6303,6332,6300,6317,6295,6305,6290,6301,6281,6291,6316,6304,6293,6290,6274,6296,6287,6342,6312,6283,6304,6301,6268,6288,6307,6322,6317,6297,6282,6295,6298,6279,6272,6282,6306,6280,6335,6340,6320,6286,6308,6275,6288,6309,6320,6301,6293,6286,6283,6283,6297,6278,6318,6341,6338,6289,6288,6288,6319,6345,6330,6317,6287,6300,6297,6291,6268,6290,6316,6271,6283,6274,6298,6284,6303,6303,6303,6299
STAT,(NULL),MeminfoPre,120,189066,1581,1582,1593,1573,1573,1575,1592,1644,1590,1561,1562,1586,1594,1591,1583,1560,1563,1601,1562,1561,1577,1588,1587,1576,1570,1579,1592,1635,1604,1560,1561,1587,1596,1584,1588,1553,1568,1603,1564,1559,1575,1587,1576,1605,1573,1590,1568,1578,1563,1574,1554,1564,1589,1577,1566,1563,1547,1569,1560,1615,1585,1556,1577,1574,1541,1561,1580,1595,1590,1570,1555,1568,1571,1552,1545,1555,1579,1553,1608,1613,1593,1559,1581,1548,1561,1582,1593,1574,1566,1559,1556,1556,1570,1551,1591,1614,1611,1562,1561,1561,1592,1618,1603,1590,1560,1573,1570,1564,1541,1563,1589,1544,1556,1547,1571,1557,1576,1576,1576,1572
STAT,(NULL),Partition,120,1576,1576,0,0,0,0,0,0,0,0,0,0,0,0,0,0,0,0,0,0,0,0,0,0,0,0,0,0,0,0,0,0,0,0,0,0,0,0,0,0,0,0,0,0,0,0,0,0,0,0,0,0,0,0,0,0,0,0,0,0,0,0,0,0,0,0,0,0,0,0,0,0,0,0,0,0,0,0,0,0,0,0,0,0,0,0,0,0,0,0,0,0,0,0,0,0,0,0,0,0,0,0,0,0,0,0,0,0,0,0,0,0,0,0,0,0,0,0,0,0,0
STAT,(NULL),Refine,120,1070,1070,0,0,0,0,0,0,0,0,0,0,0,0,0,0,0,0,0,0,0,0,0,0,0,0,0,0,0,0,0,0,0,0,0,0,0,0,0,0,0,0,0,0,0,0,0,0,0,0,0,0,0,0,0,0,0,0,0,0,0,0,0,0,0,0,0,0,0,0,0,0,0,0,0,0,0,0,0,0,0,0,0,0,0,0,0,0,0,0,0,0,0,0,0,0,0,0,0,0,0,0,0,0,0,0,0,0,0,0,0,0,0,0,0,0,0,0,0,0,0
STAT,(NULL),Threads,120,120,120,0,0,0,0,0,0,0,0,0,0,0,0,0,0,0,0,0,0,0,0,0,0,0,0,0,0,0,0,0,0,0,0,0,0,0,0,0,0,0,0,0,0,0,0,0,0,0,0,0,0,0,0,0,0,0,0,0,0,0,0,0,0,0,0,0,0,0,0,0,0,0,0,0,0,0,0,0,0,0,0,0,0,0,0,0,0,0,0,0,0,0,0,0,0,0,0,0,0,0,0,0,0,0,0,0,0,0,0,0,0,0,0,0,0,0,0,0,0,0
STAT,(NULL),Time,120,4803,4803,0,0,0,0,0,0,0,0,0,0,0,0,0,0,0,0,0,0,0,0,0,0,0,0,0,0,0,0,0,0,0,0,0,0,0,0,0,0,0,0,0,0,0,0,0,0,0,0,0,0,0,0,0,0,0,0,0,0,0,0,0,0,0,0,0,0,0,0,0,0,0,0,0,0,0,0,0,0,0,0,0,0,0,0,0,0,0,0,0,0,0,0,0,0,0,0,0,0,0,0,0,0,0,0,0,0,0,0,0,0,0,0,0,0,0,0,0,0,0
STAT,match,Conflicts,120,5312,88,62,56,74,47,55,62,54,58,56,71,67,70,61,70,47,69,48,54,55,37,56,55,57,57,52,58,61,50,57,64,39,40,54,49,41,53,51,56,37,37,34,57,40,49,57,37,46,49,51,47,46,47,39,58,43,45,46,33,32,33,50,26,28,38,30,28,34,40,36,37,29,33,53,30,34,37,35,28,42,29,26,30,23,47,29,44,41,37,32,37,48,37,44,40,40,30,32,39,41,23,26,34,46,33,47,45,40,36,29,41,30,45,42,33,43,41,44,41,25
STAT,match,Iterations,120,14875739,89157,102665,100847,115283,119009,110089,111501,111271,106499,119829,113978,118497,101227,100468,97516,120091,109403,115504,112665,106209,129557,114627,101091,105637,94957,125807,106701,105283,108671,111812,119940,123016,124031,112255,99312,115061,116534,116790,115643,116630,112597,110369,100317,122394,121997,114484,108179,127982,134706,119878,114894,115305,120649,132108,100018,122886,110943,110154,129093,133193,143460,110758,154039,150612,139755,130767,127799,143836,132026,149732,144635,140834,131012,139869,133822,151464,116370,149076,124638,123403,151021,135291,133352,152442,134427,143204,138058,124421,126418,125802,144708,126664,118984,133989,118145,132693,134980,130964,136377,121319,152287,123864,147890,123535,121113,115294,146905,124773,140681,138042,122528,134889,149561,118349,139331,130225,122593,128019,144711,142774
STAT,popedge,Conflicts,120,0,0,0,0,0,0,0,0,0,0,0,0,0,0,0,0,0,0,0,0,0,0,0,0,0,0,0,0,0,0,0,0,0,0,0,0,0,0,0,0,0,0,0,0,0,0,0,0,0,0,0,0,0,0,0,0,0,0,0,0,0,0,0,0,0,0,0,0,0,0,0,0,0,0,0,0,0,0,0,0,0,0,0,0,0,0,0,0,0,0,0,0,0,0,0,0,0,0,0,0,0,0,0,0,0,0,0,0,0,0,0,0,0,0,0,0,0,0,0,0,0
STAT,popedge,Iterations,120,7285686,62314,60177,61769,62439,61639,62243,59857,59142,59426,61580,60102,62219,60716,57053,61411,60738,64317,59047,61879,63019,59774,59674,62442,60148,63032,58297,61034,61080,58163,62781,60972,58757,60864,56622,61153,62001,60343,60235,60727,62369,58424,56881,60620,56805,57994,57415,59193,58514,60796,61842,65044,61610,58727,58071,63574,59581,60560,61344,60427,67034,65222,62570,62285,59077,61581,60470,62530,58365,61702,57410,60051,58941,61356,58245,55604,58404,61216,63651,58649,59296,60927,59499,62106,59369,58560,59597,59524,57557,58425,61286,60659,60256,59142,60209,58528,58988,57501,58096,58038,59008,62109,63257,59996,61450,63237,62184,58236,62041,62203,62778,60418,64364,62292,67070,62422,64804,63391,63110,65586,64827
STAT,refine,Conflicts,120,3942,70,59,64,53,63,59,50,59,56,45,52,62,56,54,46,39,44,45,49,36,42,51,46,46,39,41,37,45,38,50,41,43,40,42,36,32,26,36,30,29,43,37,35,40,37,42,23,30,26,38,31,27,40,29,34,21,29,30,31,34,40,16,29,22,25,20,33,29,27,24,23,23,26,25,18,27,18,21,22,24,20,32,27,24,27,24,25,22,34,25,33,27,23,24,18,26,37,25,29,18,26,16,19,26,16,19,17,16,23,16,19,21,23,34,26,26,12,26,21,20
STAT,refine,Iterations,120,478794,2808,4548,3493,3394,3629,4319,3786,5472,4171,3790,3375,4179,4585,3425,3331,3371,3492,3716,3901,3233,3318,3888,3202,3285,3137,4063,3947,4155,4027,3888,3506,3866,3801,3847,3682,3167,3654,3840,2978,3865,3811,3730,3684,4480,4120,3879,3032,3914,3495,4606,3427,3462,4612,3966,3611,3563,3735,4686,3604,5690,4150,3083,6115,4467,3875,3746,5222,4486,5401,4773,4790,3637,4079,4250,4099,4585,3636,4206,4283,4110,4139,3567,4867,4114,3847,3994,4316,3147,4288,3556,4421,3931,4150,4127,3672,5149,4707,3756,3430,3664,5076,4015,4446,4637,3984,3817,4220,3682,3302,3238,4047,3377,4017,4325,4395,3944,3890,4227,5485,4594
