Hello from MIC
Galois Benchmark Suite v2.2.0 (r0)
Copyright (C) 2013 The University of Texas at Austin
http://iss.ices.utexas.edu/galois/

application: GMetis
Partitions a graph into K parts and minimizing the graph cut
http://iss.ices.utexas.edu/?p=projects/galois/benchmarks/gMetis

INFO: CommandLine /work/02556/dpereira/MIC/apps/gmetis/gmetis -t=92 /work/02556/dpereira/Inputs/USA-road-d.W.gr 16
INFO: Hostname c557-903-mic0.stampede.tacc.utexas.edu
Created Graph with 6262104 nodes and 15248146 edges
Nodes 6262104| Edges 15248146 7624073

  Starting coarsening: 
Time coarsen:  2483 Size of final graph: 435

  Sarting initial partitioning using GGGP:
Size in decade percentages:  -1,1 -0,15
Time clustering:  361

  Sarting refinnement with BKL2
Initial dist
Size in decade percentages:  -1,1 -0,15
Refined dist
Size in decade percentages:  -1,8 0,1 1,7
Time refinement:  1143


Time:  4163
Total edge cut : 2021

Part saved in : 0x7fffd578dde0
STATTYPE,LOOP,CATEGORY,n,sum,T0,T1,T2,T3,T4,T5,T6,T7,T8,T9,T10,T11,T12,T13,T14,T15,T16,T17,T18,T19,T20,T21,T22,T23,T24,T25,T26,T27,T28,T29,T30,T31,T32,T33,T34,T35,T36,T37,T38,T39,T40,T41,T42,T43,T44,T45,T46,T47,T48,T49,T50,T51,T52,T53,T54,T55,T56,T57,T58,T59,T60,T61,T62,T63,T64,T65,T66,T67,T68,T69,T70,T71,T72,T73,T74,T75,T76,T77,T78,T79,T80,T81,T82,T83,T84,T85,T86,T87,T88,T89,T90,T91
STAT,(NULL),Coarsen,92,2483,2483,0,0,0,0,0,0,0,0,0,0,0,0,0,0,0,0,0,0,0,0,0,0,0,0,0,0,0,0,0,0,0,0,0,0,0,0,0,0,0,0,0,0,0,0,0,0,0,0,0,0,0,0,0,0,0,0,0,0,0,0,0,0,0,0,0,0,0,0,0,0,0,0,0,0,0,0,0,0,0,0,0,0,0,0,0,0,0,0,0,0,0
STAT,(NULL),Conflicts,92,0,0,0,0,0,0,0,0,0,0,0,0,0,0,0,0,0,0,0,0,0,0,0,0,0,0,0,0,0,0,0,0,0,0,0,0,0,0,0,0,0,0,0,0,0,0,0,0,0,0,0,0,0,0,0,0,0,0,0,0,0,0,0,0,0,0,0,0,0,0,0,0,0,0,0,0,0,0,0,0,0,0,0,0,0,0,0,0,0,0,0,0,0
STAT,(NULL),Iterations,92,31,5,0,0,0,0,0,0,1,0,0,0,0,0,0,1,0,2,0,0,0,2,2,0,0,0,0,0,0,0,0,0,0,0,0,0,0,0,1,0,0,0,0,0,1,0,3,0,1,0,0,0,1,0,0,0,0,0,0,0,0,0,0,0,0,1,0,0,3,0,3,0,0,0,0,0,0,0,0,0,0,0,0,4,0,0,0,0,0,0,0,0,0
STAT,(NULL),MeminfoPost,92,756593,8216,8251,8231,8215,8232,8296,8242,8212,8225,8242,8242,8212,8211,8253,8196,8223,8230,8242,8225,8219,8242,8308,8211,8210,8244,8235,8237,8207,8228,8223,8209,8235,8229,8250,8234,8221,8222,8207,8214,8206,8243,8214,8207,8194,8203,8264,8223,8207,8232,8181,8220,8237,8240,8210,8216,8213,8188,8198,8217,8205,8278,8255,8201,8221,8193,8232,8236,8208,8215,8200,8193,8213,8248,8276,8225,8199,8214,8280,8256,8231,8224,8211,8202,8192,8231,8183,8197,8214,8203,8219,8229,8215
STAT,(NULL),MeminfoPre,92,189137,2048,2083,2063,2047,2064,2128,2074,2044,2057,2074,2074,2044,2043,2085,2028,2055,2062,2074,2057,2051,2074,2140,2043,2042,2076,2067,2069,2039,2060,2055,2041,2067,2061,2082,2066,2053,2054,2039,2046,2038,2075,2046,2039,2026,2035,2096,2055,2039,2064,2013,2052,2069,2072,2042,2048,2045,2020,2030,2049,2037,2110,2087,2033,2053,2025,2064,2068,2040,2047,2032,2025,2045,2080,2108,2057,2031,2046,2112,2088,2063,2056,2043,2034,2024,2063,2015,2029,2046,2035,2051,2061,2047
STAT,(NULL),Partition,92,361,361,0,0,0,0,0,0,0,0,0,0,0,0,0,0,0,0,0,0,0,0,0,0,0,0,0,0,0,0,0,0,0,0,0,0,0,0,0,0,0,0,0,0,0,0,0,0,0,0,0,0,0,0,0,0,0,0,0,0,0,0,0,0,0,0,0,0,0,0,0,0,0,0,0,0,0,0,0,0,0,0,0,0,0,0,0,0,0,0,0,0,0
STAT,(NULL),Refine,92,1143,1143,0,0,0,0,0,0,0,0,0,0,0,0,0,0,0,0,0,0,0,0,0,0,0,0,0,0,0,0,0,0,0,0,0,0,0,0,0,0,0,0,0,0,0,0,0,0,0,0,0,0,0,0,0,0,0,0,0,0,0,0,0,0,0,0,0,0,0,0,0,0,0,0,0,0,0,0,0,0,0,0,0,0,0,0,0,0,0,0,0,0,0
STAT,(NULL),Threads,92,92,92,0,0,0,0,0,0,0,0,0,0,0,0,0,0,0,0,0,0,0,0,0,0,0,0,0,0,0,0,0,0,0,0,0,0,0,0,0,0,0,0,0,0,0,0,0,0,0,0,0,0,0,0,0,0,0,0,0,0,0,0,0,0,0,0,0,0,0,0,0,0,0,0,0,0,0,0,0,0,0,0,0,0,0,0,0,0,0,0,0,0,0
STAT,(NULL),Time,92,4163,4163,0,0,0,0,0,0,0,0,0,0,0,0,0,0,0,0,0,0,0,0,0,0,0,0,0,0,0,0,0,0,0,0,0,0,0,0,0,0,0,0,0,0,0,0,0,0,0,0,0,0,0,0,0,0,0,0,0,0,0,0,0,0,0,0,0,0,0,0,0,0,0,0,0,0,0,0,0,0,0,0,0,0,0,0,0,0,0,0,0,0,0
STAT,match,Conflicts,92,5930,146,110,94,93,100,76,94,91,71,109,73,62,79,79,95,65,73,76,88,80,89,64,87,78,101,72,102,74,75,92,99,50,51,54,45,47,50,49,49,45,47,46,57,44,60,54,66,57,58,43,55,46,70,43,47,48,60,72,61,53,71,58,43,44,53,54,48,53,53,48,62,38,36,59,49,47,55,56,51,66,64,53,32,39,54,76,52,63,64,60,52,63
STAT,match,Iterations,92,15020312,154948,127261,153202,135250,136377,132169,140028,136107,146892,141846,145770,149126,159721,134706,146895,135200,153859,150401,154694,161345,144692,143985,155654,145100,148332,166115,143767,166370,160014,142727,173042,164026,181398,171240,185930,184432,173838,187615,162598,179953,165156,195971,172801,196711,180433,160837,183617,180946,162263,185113,172346,194434,170605,182520,183182,168924,178107,167736,158367,176749,151595,162051,154445,170665,160248,156151,165718,167295,175081,170247,171615,173161,165309,166172,151476,175775,131757,162068,159545,152294,162057,166985,185759,185067,154361,179424,178165,162938,180997,177783,153100,177565
STAT,popedge,Conflicts,92,0,0,0,0,0,0,0,0,0,0,0,0,0,0,0,0,0,0,0,0,0,0,0,0,0,0,0,0,0,0,0,0,0,0,0,0,0,0,0,0,0,0,0,0,0,0,0,0,0,0,0,0,0,0,0,0,0,0,0,0,0,0,0,0,0,0,0,0,0,0,0,0,0,0,0,0,0,0,0,0,0,0,0,0,0,0,0,0,0,0,0,0,0
STAT,popedge,Iterations,92,7365956,75420,74937,75336,76996,76791,75066,75368,79335,75787,76771,75390,74971,72041,77863,79177,70449,76453,77447,80758,79703,80307,74667,80357,78824,78624,75786,78365,80925,79856,80646,75475,80893,82549,80709,80392,79351,82555,83909,87312,86581,82710,84662,86304,87386,84570,81737,88353,88367,90777,89708,90182,84643,87247,86747,85301,89254,89347,90787,92924,89401,86342,73075,73283,76415,76651,75909,71747,73780,77013,73492,73042,74372,73666,72377,75762,74222,69265,78524,82798,81179,81100,81594,77439,81588,79121,81827,78654,76288,81442,84534,84624,80282
STAT,refine,Conflicts,92,4351,150,127,126,131,91,100,114,98,85,78,91,82,74,92,82,76,55,74,56,59,58,81,70,51,46,61,67,70,66,59,51,32,34,32,46,39,36,28,33,37,29,45,29,54,28,51,34,30,12,28,38,40,30,34,32,20,33,42,33,41,45,23,28,23,25,27,29,19,19,15,30,33,20,27,28,33,22,17,34,15,18,29,39,27,20,23,28,15,29,30,34,26
STAT,refine,Iterations,92,39696,531,409,378,475,516,473,583,408,396,538,422,430,399,591,478,420,203,395,392,364,501,781,479,297,505,438,387,484,598,347,435,321,482,432,513,396,604,425,268,463,671,589,440,533,473,535,439,278,245,297,444,858,534,533,445,272,352,481,548,396,455,332,222,246,299,546,380,390,359,283,354,354,370,459,483,375,334,207,454,268,343,550,763,463,209,546,384,340,432,498,274,404
