Hello from MIC
Galois Benchmark Suite v2.2.0 (r0)
Copyright (C) 2013 The University of Texas at Austin
http://iss.ices.utexas.edu/galois/

application: GMetis
Partitions a graph into K parts and minimizing the graph cut
http://iss.ices.utexas.edu/?p=projects/galois/benchmarks/gMetis

INFO: CommandLine /work/02556/dpereira/MIC/apps/gmetis/gmetis -t=211 /work/02556/dpereira/Inputs/USA-road-d.W.gr 16
INFO: Hostname c558-003-mic0.stampede.tacc.utexas.edu
Created Graph with 6262104 nodes and 15248146 edges
Nodes 6262104| Edges 15248146 7624073

  Starting coarsening: 
Time coarsen:  4399 Size of final graph: 448

  Sarting initial partitioning using GGGP:
Size in decade percentages:  -0,15 1,1
Time clustering:  373

  Sarting refinnement with BKL2
Initial dist
Size in decade percentages:  -0,15 1,1
Refined dist
Size in decade percentages:  -1,6 -0,5 1,5
Time refinement:  3074


Time:  8025
Total edge cut : 2305

Part saved in : 0x7fffa6097f60
STATTYPE,LOOP,CATEGORY,n,sum,T0,T1,T2,T3,T4,T5,T6,T7,T8,T9,T10,T11,T12,T13,T14,T15,T16,T17,T18,T19,T20,T21,T22,T23,T24,T25,T26,T27,T28,T29,T30,T31,T32,T33,T34,T35,T36,T37,T38,T39,T40,T41,T42,T43,T44,T45,T46,T47,T48,T49,T50,T51,T52,T53,T54,T55,T56,T57,T58,T59,T60,T61,T62,T63,T64,T65,T66,T67,T68,T69,T70,T71,T72,T73,T74,T75,T76,T77,T78,T79,T80,T81,T82,T83,T84,T85,T86,T87,T88,T89,T90,T91,T92,T93,T94,T95,T96,T97,T98,T99,T100,T101,T102,T103,T104,T105,T106,T107,T108,T109,T110,T111,T112,T113,T114,T115,T116,T117,T118,T119,T120,T121,T122,T123,T124,T125,T126,T127,T128,T129,T130,T131,T132,T133,T134,T135,T136,T137,T138,T139,T140,T141,T142,T143,T144,T145,T146,T147,T148,T149,T150,T151,T152,T153,T154,T155,T156,T157,T158,T159,T160,T161,T162,T163,T164,T165,T166,T167,T168,T169,T170,T171,T172,T173,T174,T175,T176,T177,T178,T179,T180,T181,T182,T183,T184,T185,T186,T187,T188,T189,T190,T191,T192,T193,T194,T195,T196,T197,T198,T199,T200,T201,T202,T203,T204,T205,T206,T207,T208,T209,T210
STAT,(NULL),Coarsen,211,4399,4399,0,0,0,0,0,0,0,0,0,0,0,0,0,0,0,0,0,0,0,0,0,0,0,0,0,0,0,0,0,0,0,0,0,0,0,0,0,0,0,0,0,0,0,0,0,0,0,0,0,0,0,0,0,0,0,0,0,0,0,0,0,0,0,0,0,0,0,0,0,0,0,0,0,0,0,0,0,0,0,0,0,0,0,0,0,0,0,0,0,0,0,0,0,0,0,0,0,0,0,0,0,0,0,0,0,0,0,0,0,0,0,0,0,0,0,0,0,0,0,0,0,0,0,0,0,0,0,0,0,0,0,0,0,0,0,0,0,0,0,0,0,0,0,0,0,0,0,0,0,0,0,0,0,0,0,0,0,0,0,0,0,0,0,0,0,0,0,0,0,0,0,0,0,0,0,0,0,0,0,0,0,0,0,0,0,0,0,0,0,0,0,0,0,0,0,0,0,0,0,0,0,0,0,0,0,0,0,0,0,0
STAT,(NULL),Conflicts,211,0,0,0,0,0,0,0,0,0,0,0,0,0,0,0,0,0,0,0,0,0,0,0,0,0,0,0,0,0,0,0,0,0,0,0,0,0,0,0,0,0,0,0,0,0,0,0,0,0,0,0,0,0,0,0,0,0,0,0,0,0,0,0,0,0,0,0,0,0,0,0,0,0,0,0,0,0,0,0,0,0,0,0,0,0,0,0,0,0,0,0,0,0,0,0,0,0,0,0,0,0,0,0,0,0,0,0,0,0,0,0,0,0,0,0,0,0,0,0,0,0,0,0,0,0,0,0,0,0,0,0,0,0,0,0,0,0,0,0,0,0,0,0,0,0,0,0,0,0,0,0,0,0,0,0,0,0,0,0,0,0,0,0,0,0,0,0,0,0,0,0,0,0,0,0,0,0,0,0,0,0,0,0,0,0,0,0,0,0,0,0,0,0,0,0,0,0,0,0,0,0,0,0,0,0,0,0,0,0,0,0,0
STAT,(NULL),Iterations,211,31,5,0,0,0,0,0,0,0,0,0,0,0,0,0,0,0,0,0,0,0,0,0,0,0,0,0,0,0,0,0,0,0,0,0,0,1,0,0,0,0,0,0,0,0,0,0,0,0,0,1,0,0,0,0,2,2,0,0,0,0,0,2,0,0,0,0,0,0,0,0,0,0,0,0,0,0,0,0,0,0,0,0,0,0,0,0,0,0,0,0,0,0,0,0,0,0,3,0,0,0,0,0,0,0,0,0,0,0,1,1,0,0,1,0,4,0,0,0,0,2,0,0,0,0,0,0,0,0,0,0,1,0,0,0,0,0,0,0,0,0,0,0,0,0,0,0,0,0,0,0,0,0,0,0,0,0,0,0,0,0,0,0,0,0,0,0,0,0,0,0,0,0,0,0,0,0,0,0,0,0,0,0,1,0,0,0,0,0,0,0,0,0,0,3,0,0,0,0,0,0,1,0,0,0,0,0,0,0,0,0,0
STAT,(NULL),MeminfoPost,211,756772,3593,3577,3592,3604,3589,3592,3584,3595,3576,3585,3584,3603,3603,3639,3611,3575,3581,3578,3582,3591,3591,3598,3595,3593,3590,3595,3576,3578,3582,3587,3594,3603,3579,3573,3579,3590,3587,3586,3591,3595,3596,3591,3587,3575,3580,3590,3602,3594,3637,3613,3598,3573,3585,3580,3582,3594,3588,3606,3590,3594,3590,3587,3574,3579,3583,3599,3598,3577,3582,3575,3585,3591,3595,3583,3583,3606,3611,3579,3587,3596,3591,3583,3587,3590,3577,3580,3579,3595,3576,3567,3580,3587,3598,3595,3582,3576,3584,3581,3574,3574,3577,3584,3575,3589,3610,3610,3585,3576,3576,3581,3599,3586,3573,3567,3568,3585,3588,3590,3597,3596,3598,3580,3587,3571,3590,3579,3581,3578,3584,3569,3570,3576,3575,3572,3598,3574,3569,3603,3609,3611,3604,3601,3572,3578,3586,3593,3572,3566,3578,3588,3595,3593,3595,3582,3582,3576,3587,3580,3584,3568,3573,3581,3567,3594,3572,3580,3602,3613,3609,3607,3590,3581,3573,3583,3571,3587,3593,3612,3610,3595,3609,3605,3585,3572,3582,3588,3583,3587,3581,3574,3570,3572,3576,3577,3610,3568,3569,3564,3595,3555,3570,3602,3575,3577,3583,3592,3586,3586,3590,3580,3583
STAT,(NULL),MeminfoPre,211,189182,903,887,902,914,899,902,894,905,886,895,894,913,913,949,921,885,891,888,892,901,901,908,905,903,900,905,886,888,892,897,904,913,889,883,889,900,897,896,901,905,906,901,897,885,890,900,912,904,947,923,908,883,895,890,892,904,898,916,900,904,900,897,884,889,893,909,908,887,892,885,895,901,905,893,893,916,921,889,897,906,901,893,897,900,887,890,889,905,886,877,890,897,908,905,892,886,894,891,884,884,887,894,885,899,920,920,895,886,886,891,909,896,883,877,878,895,898,900,907,906,908,890,897,881,900,889,891,888,894,879,880,886,885,882,908,884,879,913,919,921,914,911,882,888,896,903,882,876,888,898,905,903,905,892,892,886,897,890,894,878,883,891,877,904,882,890,912,923,919,917,900,891,883,893,881,897,903,922,920,905,919,915,895,882,892,898,893,897,891,884,880,882,886,887,920,878,879,874,905,865,880,912,885,887,893,902,896,896,900,890,893
STAT,(NULL),Partition,211,373,373,0,0,0,0,0,0,0,0,0,0,0,0,0,0,0,0,0,0,0,0,0,0,0,0,0,0,0,0,0,0,0,0,0,0,0,0,0,0,0,0,0,0,0,0,0,0,0,0,0,0,0,0,0,0,0,0,0,0,0,0,0,0,0,0,0,0,0,0,0,0,0,0,0,0,0,0,0,0,0,0,0,0,0,0,0,0,0,0,0,0,0,0,0,0,0,0,0,0,0,0,0,0,0,0,0,0,0,0,0,0,0,0,0,0,0,0,0,0,0,0,0,0,0,0,0,0,0,0,0,0,0,0,0,0,0,0,0,0,0,0,0,0,0,0,0,0,0,0,0,0,0,0,0,0,0,0,0,0,0,0,0,0,0,0,0,0,0,0,0,0,0,0,0,0,0,0,0,0,0,0,0,0,0,0,0,0,0,0,0,0,0,0,0,0,0,0,0,0,0,0,0,0,0,0,0,0,0,0,0,0
STAT,(NULL),Refine,211,3074,3074,0,0,0,0,0,0,0,0,0,0,0,0,0,0,0,0,0,0,0,0,0,0,0,0,0,0,0,0,0,0,0,0,0,0,0,0,0,0,0,0,0,0,0,0,0,0,0,0,0,0,0,0,0,0,0,0,0,0,0,0,0,0,0,0,0,0,0,0,0,0,0,0,0,0,0,0,0,0,0,0,0,0,0,0,0,0,0,0,0,0,0,0,0,0,0,0,0,0,0,0,0,0,0,0,0,0,0,0,0,0,0,0,0,0,0,0,0,0,0,0,0,0,0,0,0,0,0,0,0,0,0,0,0,0,0,0,0,0,0,0,0,0,0,0,0,0,0,0,0,0,0,0,0,0,0,0,0,0,0,0,0,0,0,0,0,0,0,0,0,0,0,0,0,0,0,0,0,0,0,0,0,0,0,0,0,0,0,0,0,0,0,0,0,0,0,0,0,0,0,0,0,0,0,0,0,0,0,0,0,0
STAT,(NULL),Threads,211,211,211,0,0,0,0,0,0,0,0,0,0,0,0,0,0,0,0,0,0,0,0,0,0,0,0,0,0,0,0,0,0,0,0,0,0,0,0,0,0,0,0,0,0,0,0,0,0,0,0,0,0,0,0,0,0,0,0,0,0,0,0,0,0,0,0,0,0,0,0,0,0,0,0,0,0,0,0,0,0,0,0,0,0,0,0,0,0,0,0,0,0,0,0,0,0,0,0,0,0,0,0,0,0,0,0,0,0,0,0,0,0,0,0,0,0,0,0,0,0,0,0,0,0,0,0,0,0,0,0,0,0,0,0,0,0,0,0,0,0,0,0,0,0,0,0,0,0,0,0,0,0,0,0,0,0,0,0,0,0,0,0,0,0,0,0,0,0,0,0,0,0,0,0,0,0,0,0,0,0,0,0,0,0,0,0,0,0,0,0,0,0,0,0,0,0,0,0,0,0,0,0,0,0,0,0,0,0,0,0,0,0
STAT,(NULL),Time,211,8025,8025,0,0,0,0,0,0,0,0,0,0,0,0,0,0,0,0,0,0,0,0,0,0,0,0,0,0,0,0,0,0,0,0,0,0,0,0,0,0,0,0,0,0,0,0,0,0,0,0,0,0,0,0,0,0,0,0,0,0,0,0,0,0,0,0,0,0,0,0,0,0,0,0,0,0,0,0,0,0,0,0,0,0,0,0,0,0,0,0,0,0,0,0,0,0,0,0,0,0,0,0,0,0,0,0,0,0,0,0,0,0,0,0,0,0,0,0,0,0,0,0,0,0,0,0,0,0,0,0,0,0,0,0,0,0,0,0,0,0,0,0,0,0,0,0,0,0,0,0,0,0,0,0,0,0,0,0,0,0,0,0,0,0,0,0,0,0,0,0,0,0,0,0,0,0,0,0,0,0,0,0,0,0,0,0,0,0,0,0,0,0,0,0,0,0,0,0,0,0,0,0,0,0,0,0,0,0,0,0,0,0
STAT,match,Conflicts,211,6754,54,48,54,56,51,50,50,44,49,53,43,52,49,51,50,44,45,37,46,43,41,39,42,44,48,46,34,49,36,40,31,40,37,38,33,30,31,42,43,38,37,38,41,35,34,46,39,45,39,37,36,35,37,38,34,43,41,36,46,42,42,28,27,19,25,33,33,26,34,29,25,23,27,20,19,30,26,30,23,30,23,28,28,26,30,31,25,29,26,24,27,28,29,22,30,28,30,25,31,36,21,27,27,27,29,27,29,32,27,30,25,31,19,29,32,24,31,31,25,33,34,23,23,34,32,27,34,36,29,33,27,34,23,32,28,31,34,30,29,19,26,29,31,29,23,32,28,22,23,21,28,34,26,31,31,24,27,26,26,29,34,26,31,28,27,25,29,31,27,36,28,28,25,30,24,28,25,29,30,29,33,30,30,24,29,33,28,25,32,26,22,27,34,23,28,32,24,28,30,21,28,29,25,28,28,23,31,29,23,23,29
STAT,match,Iterations,211,15063535,59288,57859,52221,55243,54876,65446,39667,51398,43069,67878,42879,65393,54342,40633,74827,48622,58467,54962,68325,38839,58701,65165,58600,57528,52938,58558,61271,57423,63135,55473,58517,62149,55522,75646,76772,62861,56037,64638,68869,52626,71108,60299,56511,71166,54143,64152,58208,64828,65359,72046,58710,60843,63164,84614,58823,61875,61297,70517,65560,53233,53961,69730,86073,68431,61376,68614,78720,71253,73426,74677,82315,74010,69567,87013,65634,75342,74513,74416,95550,67406,83056,73087,86079,68955,73299,64322,56747,62551,70043,61225,76649,74486,75237,78069,85679,78734,73097,80743,73250,68072,105736,78274,68748,81226,66621,70582,88787,74242,91239,91986,92141,63919,95632,88183,73383,79188,68676,93075,77857,79465,90812,94510,72671,59040,85101,66050,74688,61891,76617,76518,72888,61064,83994,63801,91707,67924,91684,62633,79881,81303,82514,59826,59806,72720,78628,79496,84241,87969,66027,92700,100528,67253,66203,76248,75259,80035,78015,79698,95839,91546,72967,71789,85010,60879,82216,73723,90378,86896,76255,73268,64818,64701,69333,78179,78252,76136,70660,63851,97628,63691,62163,100231,83620,66677,72187,73236,85052,75858,58927,62149,92555,61163,67145,67160,70880,76137,72320,60644,86880,92278,61523,74177,62202,88250,67333,76279,89719,60081,78469,80177,90619
STAT,popedge,Conflicts,211,0,0,0,0,0,0,0,0,0,0,0,0,0,0,0,0,0,0,0,0,0,0,0,0,0,0,0,0,0,0,0,0,0,0,0,0,0,0,0,0,0,0,0,0,0,0,0,0,0,0,0,0,0,0,0,0,0,0,0,0,0,0,0,0,0,0,0,0,0,0,0,0,0,0,0,0,0,0,0,0,0,0,0,0,0,0,0,0,0,0,0,0,0,0,0,0,0,0,0,0,0,0,0,0,0,0,0,0,0,0,0,0,0,0,0,0,0,0,0,0,0,0,0,0,0,0,0,0,0,0,0,0,0,0,0,0,0,0,0,0,0,0,0,0,0,0,0,0,0,0,0,0,0,0,0,0,0,0,0,0,0,0,0,0,0,0,0,0,0,0,0,0,0,0,0,0,0,0,0,0,0,0,0,0,0,0,0,0,0,0,0,0,0,0,0,0,0,0,0,0,0,0,0,0,0,0,0,0,0,0,0,0
STAT,popedge,Iterations,211,7381502,32960,33828,32873,32503,32433,33808,33117,32365,32817,32280,32150,31774,32938,31656,31781,32920,33089,31234,32838,33351,32797,33038,31166,33016,33962,34016,33413,34089,37620,36677,38341,36468,37149,36887,37770,37641,37747,37673,37360,36519,36467,37429,38177,36462,37474,37151,36488,37487,36941,34803,36155,36765,38169,35855,36887,37175,38553,36744,36704,35696,37542,33153,32137,32075,32833,32507,31958,33189,32665,31615,32704,31669,32562,33669,32628,31610,30716,32731,33628,32880,31108,32078,34207,31832,33697,31890,33777,33315,34489,39402,38169,36338,36461,35956,36999,36722,37477,36918,36883,37376,38779,36836,36575,35995,36232,36863,37911,35937,35466,37961,37061,38841,37045,39454,35683,37982,39835,37348,37918,38586,35680,37960,32590,33189,32023,32695,34255,33226,32137,33218,31639,33016,31017,32870,33128,31092,34537,31915,33841,32388,32947,31408,31642,33903,31939,32780,31576,33696,32089,35282,36700,39818,36608,35859,36847,35771,36708,38510,36167,37314,39110,35445,36466,38858,40748,38346,37257,36404,37171,37299,38927,36912,37408,36963,38203,37379,37434,37792,39394,39600,38761,39696,37425,35126,32790,32245,32700,33250,34403,31845,34256,33686,34327,33675,32738,33679,31910,34752,31380,34018,31508,35140,33841,31455,34174,34020,32518,35166,36562,31267,34574
STAT,refine,Conflicts,211,6270,107,105,101,112,87,95,98,84,84,74,89,88,83,78,89,75,58,68,71,62,62,65,68,66,54,64,62,61,74,57,56,35,32,48,50,35,43,43,48,40,33,51,41,37,39,44,31,40,32,49,46,34,38,43,31,48,42,47,24,32,30,17,16,7,22,25,14,7,9,10,13,17,16,17,9,9,18,13,20,18,11,20,20,27,20,20,23,20,21,23,26,17,17,22,25,26,21,20,29,17,19,21,17,21,15,16,32,7,25,10,21,21,25,18,25,22,23,23,17,20,15,25,16,20,12,23,14,18,18,10,14,15,8,14,14,10,21,20,20,22,13,16,19,12,14,16,15,12,15,22,24,19,25,23,9,14,32,19,23,26,24,19,11,20,16,13,29,18,27,22,25,22,23,14,20,22,16,24,15,29,7,15,18,21,14,16,20,12,19,9,21,20,19,14,23,19,9,22,9,11,18,15,8,12,18,19,14,14,15,14,16
STAT,refine,Iterations,211,46345,366,420,366,397,340,448,333,277,360,272,233,352,359,365,356,333,258,209,329,216,237,360,266,274,183,252,224,259,269,275,240,203,236,237,254,227,178,315,356,215,352,302,209,260,215,197,137,268,219,302,286,130,198,220,197,263,324,315,211,190,170,193,105,110,159,227,202,160,166,170,209,197,231,244,144,166,223,221,199,233,114,155,224,204,214,169,161,183,221,155,213,163,220,275,263,236,224,207,328,174,241,338,203,159,210,191,302,129,201,154,330,159,169,192,172,244,275,241,223,278,205,225,203,216,148,191,186,149,224,134,145,154,106,213,167,230,193,146,222,175,215,160,149,140,176,272,102,131,159,281,184,293,149,189,187,195,220,177,189,321,229,230,272,217,245,155,292,213,233,262,242,196,202,145,197,235,163,291,271,304,169,231,277,143,272,143,205,159,189,102,279,193,148,105,224,167,137,197,191,207,123,133,96,92,181,196,210,246,192,135,201
