Hello from MIC
Galois Benchmark Suite v2.2.0 (r0)
Copyright (C) 2013 The University of Texas at Austin
http://iss.ices.utexas.edu/galois/

application: GMetis
Partitions a graph into K parts and minimizing the graph cut
http://iss.ices.utexas.edu/?p=projects/galois/benchmarks/gMetis

INFO: CommandLine /work/02556/dpereira/MIC/apps/gmetis/gmetis -t=71 /work/02556/dpereira/Inputs/USA-road-d.W.gr 16
INFO: Hostname c557-903-mic0.stampede.tacc.utexas.edu
Created Graph with 6262104 nodes and 15248146 edges
Nodes 6262104| Edges 15248146 7624073

  Starting coarsening: 
Time coarsen:  2429 Size of final graph: 427

  Sarting initial partitioning using GGGP:
Size in decade percentages:  -0,15 1,1
Time clustering:  355

  Sarting refinnement with BKL2
Initial dist
Size in decade percentages:  -0,15 1,1
Refined dist
Size in decade percentages:  -1,6 0,4 1,6
Time refinement:  887


Time:  3846
Total edge cut : 1952

Part saved in : 0x7fff6f209e60
STATTYPE,LOOP,CATEGORY,n,sum,T0,T1,T2,T3,T4,T5,T6,T7,T8,T9,T10,T11,T12,T13,T14,T15,T16,T17,T18,T19,T20,T21,T22,T23,T24,T25,T26,T27,T28,T29,T30,T31,T32,T33,T34,T35,T36,T37,T38,T39,T40,T41,T42,T43,T44,T45,T46,T47,T48,T49,T50,T51,T52,T53,T54,T55,T56,T57,T58,T59,T60,T61,T62,T63,T64,T65,T66,T67,T68,T69,T70
STAT,(NULL),Coarsen,71,2429,2429,0,0,0,0,0,0,0,0,0,0,0,0,0,0,0,0,0,0,0,0,0,0,0,0,0,0,0,0,0,0,0,0,0,0,0,0,0,0,0,0,0,0,0,0,0,0,0,0,0,0,0,0,0,0,0,0,0,0,0,0,0,0,0,0,0,0,0,0,0,0
STAT,(NULL),Conflicts,71,0,0,0,0,0,0,0,0,0,0,0,0,0,0,0,0,0,0,0,0,0,0,0,0,0,0,0,0,0,0,0,0,0,0,0,0,0,0,0,0,0,0,0,0,0,0,0,0,0,0,0,0,0,0,0,0,0,0,0,0,0,0,0,0,0,0,0,0,0,0,0,0
STAT,(NULL),Iterations,71,31,5,0,0,0,0,0,0,0,0,0,0,0,0,0,0,0,1,0,0,1,0,0,0,0,0,0,0,0,1,0,0,2,0,3,0,0,0,1,0,2,1,0,0,0,0,0,0,0,2,3,4,0,0,0,0,0,0,0,0,0,3,0,0,0,0,1,0,1,0,0,0
STAT,(NULL),MeminfoPost,71,756192,10653,10677,10646,10660,10741,10632,10655,10672,10662,10627,10665,10633,10663,10665,10640,10676,10737,10632,10647,10676,10654,10641,10664,10630,10657,10687,10657,10652,10636,10640,10628,10665,10630,10615,10640,10695,10623,10649,10611,10665,10667,10631,10639,10613,10614,10634,10700,10681,10648,10603,10661,10661,10631,10625,10622,10636,10719,10653,10621,10694,10695,10651,10645,10625,10610,10648,10615,10620,10628,10656,10648
STAT,(NULL),MeminfoPre,71,189044,2665,2689,2658,2672,2753,2644,2667,2684,2674,2639,2677,2645,2675,2677,2652,2688,2749,2644,2659,2688,2666,2653,2676,2642,2669,2699,2669,2664,2648,2652,2640,2677,2642,2627,2652,2707,2635,2661,2623,2677,2679,2643,2651,2625,2626,2646,2712,2693,2660,2615,2673,2673,2643,2637,2634,2648,2731,2665,2633,2706,2707,2663,2657,2637,2622,2660,2627,2632,2640,2668,2660
STAT,(NULL),Partition,71,355,355,0,0,0,0,0,0,0,0,0,0,0,0,0,0,0,0,0,0,0,0,0,0,0,0,0,0,0,0,0,0,0,0,0,0,0,0,0,0,0,0,0,0,0,0,0,0,0,0,0,0,0,0,0,0,0,0,0,0,0,0,0,0,0,0,0,0,0,0,0,0
STAT,(NULL),Refine,71,887,887,0,0,0,0,0,0,0,0,0,0,0,0,0,0,0,0,0,0,0,0,0,0,0,0,0,0,0,0,0,0,0,0,0,0,0,0,0,0,0,0,0,0,0,0,0,0,0,0,0,0,0,0,0,0,0,0,0,0,0,0,0,0,0,0,0,0,0,0,0,0
STAT,(NULL),Threads,71,71,71,0,0,0,0,0,0,0,0,0,0,0,0,0,0,0,0,0,0,0,0,0,0,0,0,0,0,0,0,0,0,0,0,0,0,0,0,0,0,0,0,0,0,0,0,0,0,0,0,0,0,0,0,0,0,0,0,0,0,0,0,0,0,0,0,0,0,0,0,0,0
STAT,(NULL),Time,71,3846,3846,0,0,0,0,0,0,0,0,0,0,0,0,0,0,0,0,0,0,0,0,0,0,0,0,0,0,0,0,0,0,0,0,0,0,0,0,0,0,0,0,0,0,0,0,0,0,0,0,0,0,0,0,0,0,0,0,0,0,0,0,0,0,0,0,0,0,0,0,0,0
STAT,match,Conflicts,71,5848,238,181,200,142,129,138,150,128,133,115,85,74,72,93,82,91,96,99,64,75,74,76,90,64,59,63,79,59,67,67,56,72,81,66,65,71,72,57,67,58,61,50,63,51,73,58,57,90,70,54,62,68,50,49,69,59,67,56,42,51,69,113,75,101,80,83,63,95,87,84,50
STAT,match,Iterations,71,14995101,163917,180993,175224,189518,187343,188072,178490,190756,175986,185478,212962,225296,210673,206603,208720,208437,199492,215383,215286,213681,209855,225026,220603,222025,209476,202932,208642,208486,217058,224197,232461,206715,212136,225188,212256,198691,227750,223634,234793,214841,223746,210633,238957,228278,215328,238851,205733,205913,206293,241058,204290,206693,232099,216420,233220,216784,199114,222095,234722,217244,226621,187844,221855,212828,225192,199051,215987,207739,228837,191814,210787
STAT,popedge,Conflicts,71,0,0,0,0,0,0,0,0,0,0,0,0,0,0,0,0,0,0,0,0,0,0,0,0,0,0,0,0,0,0,0,0,0,0,0,0,0,0,0,0,0,0,0,0,0,0,0,0,0,0,0,0,0,0,0,0,0,0,0,0,0,0,0,0,0,0,0,0,0,0,0,0
STAT,popedge,Iterations,71,7349088,98245,95736,98046,99141,90982,100850,96528,94664,95246,97313,107812,110683,106318,105862,109847,105444,102071,108622,105285,102403,107193,106898,104690,104457,97269,96521,96041,96967,102399,105650,102046,104998,107857,105510,106445,97615,113824,109888,112916,107242,105862,108365,108977,105263,112298,108330,106542,108318,107773,106451,106524,106283,105922,108450,109184,107425,102812,102174,102579,108109,114398,99500,94049,98384,97208,95873,100179,100025,92490,99869,101948
STAT,refine,Conflicts,71,3887,154,145,141,115,120,114,110,85,88,83,78,78,79,64,72,62,66,53,57,67,57,64,63,57,57,57,66,53,55,63,47,38,55,46,32,46,34,33,46,48,45,43,32,29,36,42,29,45,39,43,33,37,47,40,41,32,28,34,34,36,36,25,17,16,34,30,31,25,26,22,32
STAT,refine,Iterations,71,40388,689,673,681,696,738,617,514,535,588,536,593,650,555,364,696,899,877,643,521,591,511,521,630,573,414,730,528,501,552,470,424,637,682,451,474,527,444,369,414,729,858,512,806,478,390,746,522,670,457,432,513,772,691,675,541,738,414,637,489,595,378,453,493,499,551,662,411,453,436,454,425
