Hello from MIC
Galois Benchmark Suite v2.2.0 (r0)
Copyright (C) 2013 The University of Texas at Austin
http://iss.ices.utexas.edu/galois/

application: GMetis
Partitions a graph into K parts and minimizing the graph cut
http://iss.ices.utexas.edu/?p=projects/galois/benchmarks/gMetis

INFO: CommandLine /work/02556/dpereira/MIC/apps/gmetis/gmetis -t=75 /work/02556/dpereira/Inputs/USA-road-d.W.gr 1024
INFO: Hostname c558-304-mic0.stampede.tacc.utexas.edu
Created Graph with 6262104 nodes and 15248146 edges
Nodes 6262104| Edges 15248146 7624073

  Starting coarsening: 
Time coarsen:  2149 Size of final graph: 40817

  Sarting initial partitioning using GGGP:
Size in decade percentages:  -0,1024
Time clustering:  1479

  Sarting refinnement with BKL2
Initial dist
Size in decade percentages:  -0,1024
Refined dist
Size in decade percentages:  -1,358 0,304 1,361 3,1
Time refinement:  931


Time:  4738
Total edge cut : 36487

Part saved in : 0x7fffa4cc5760
STATTYPE,LOOP,CATEGORY,n,sum,T0,T1,T2,T3,T4,T5,T6,T7,T8,T9,T10,T11,T12,T13,T14,T15,T16,T17,T18,T19,T20,T21,T22,T23,T24,T25,T26,T27,T28,T29,T30,T31,T32,T33,T34,T35,T36,T37,T38,T39,T40,T41,T42,T43,T44,T45,T46,T47,T48,T49,T50,T51,T52,T53,T54,T55,T56,T57,T58,T59,T60,T61,T62,T63,T64,T65,T66,T67,T68,T69,T70,T71,T72,T73,T74
STAT,(NULL),Coarsen,75,2149,2149,0,0,0,0,0,0,0,0,0,0,0,0,0,0,0,0,0,0,0,0,0,0,0,0,0,0,0,0,0,0,0,0,0,0,0,0,0,0,0,0,0,0,0,0,0,0,0,0,0,0,0,0,0,0,0,0,0,0,0,0,0,0,0,0,0,0,0,0,0,0,0,0,0,0
STAT,(NULL),Conflicts,75,0,0,0,0,0,0,0,0,0,0,0,0,0,0,0,0,0,0,0,0,0,0,0,0,0,0,0,0,0,0,0,0,0,0,0,0,0,0,0,0,0,0,0,0,0,0,0,0,0,0,0,0,0,0,0,0,0,0,0,0,0,0,0,0,0,0,0,0,0,0,0,0,0,0,0,0
STAT,(NULL),Iterations,75,2047,11,26,19,19,19,18,18,24,24,31,27,20,22,16,38,37,34,29,33,25,28,20,27,34,43,24,29,36,29,25,27,33,17,39,34,34,29,38,12,38,39,26,27,26,24,18,24,32,19,24,34,40,33,37,26,35,28,35,24,25,28,32,15,17,15,32,26,23,9,22,32,39,43,23,29
STAT,(NULL),MeminfoPost,75,756197,10087,10103,10082,10081,10168,10086,10068,10107,10103,10072,10081,10079,10074,10102,10087,10070,10110,10174,10058,10084,10107,10093,10062,10104,10057,10090,10095,10101,10094,10080,10062,10063,10083,10082,10070,10043,10078,10130,10054,10088,10032,10093,10111,10063,10070,10062,10046,10068,10070,10139,10090,10079,10043,10096,10091,10061,10060,10044,10067,10140,10114,10050,10087,10135,10121,10078,10058,10049,10046,10080,10043,10065,10067,10084,10083
STAT,(NULL),MeminfoPre,75,189047,2525,2541,2520,2519,2606,2524,2506,2545,2541,2510,2519,2517,2512,2540,2525,2508,2548,2612,2496,2522,2545,2531,2500,2542,2495,2528,2533,2539,2532,2518,2500,2501,2521,2520,2508,2481,2516,2568,2492,2526,2470,2531,2549,2501,2508,2500,2484,2506,2508,2577,2528,2517,2481,2534,2529,2499,2498,2482,2505,2578,2552,2488,2525,2573,2559,2516,2496,2487,2484,2518,2481,2503,2505,2522,2521
STAT,(NULL),Partition,75,1479,1479,0,0,0,0,0,0,0,0,0,0,0,0,0,0,0,0,0,0,0,0,0,0,0,0,0,0,0,0,0,0,0,0,0,0,0,0,0,0,0,0,0,0,0,0,0,0,0,0,0,0,0,0,0,0,0,0,0,0,0,0,0,0,0,0,0,0,0,0,0,0,0,0,0,0
STAT,(NULL),Refine,75,931,931,0,0,0,0,0,0,0,0,0,0,0,0,0,0,0,0,0,0,0,0,0,0,0,0,0,0,0,0,0,0,0,0,0,0,0,0,0,0,0,0,0,0,0,0,0,0,0,0,0,0,0,0,0,0,0,0,0,0,0,0,0,0,0,0,0,0,0,0,0,0,0,0,0,0
STAT,(NULL),Threads,75,75,75,0,0,0,0,0,0,0,0,0,0,0,0,0,0,0,0,0,0,0,0,0,0,0,0,0,0,0,0,0,0,0,0,0,0,0,0,0,0,0,0,0,0,0,0,0,0,0,0,0,0,0,0,0,0,0,0,0,0,0,0,0,0,0,0,0,0,0,0,0,0,0,0,0,0
STAT,(NULL),Time,75,4738,4738,0,0,0,0,0,0,0,0,0,0,0,0,0,0,0,0,0,0,0,0,0,0,0,0,0,0,0,0,0,0,0,0,0,0,0,0,0,0,0,0,0,0,0,0,0,0,0,0,0,0,0,0,0,0,0,0,0,0,0,0,0,0,0,0,0,0,0,0,0,0,0,0,0,0
STAT,match,Conflicts,75,5279,135,106,130,99,104,112,104,134,114,100,131,117,126,106,65,55,66,52,68,59,46,67,62,53,54,57,73,75,65,64,56,48,54,63,41,50,58,73,68,57,61,39,67,49,52,57,68,40,53,70,64,59,68,62,65,51,41,57,72,62,47,59,42,64,45,47,65,46,87,95,65,90,79,65,59
STAT,match,Iterations,75,14902537,165054,160886,159531,163376,157416,169529,178669,164634,155670,183380,161836,178206,166384,161375,204128,208671,201851,189601,210761,207221,199033,195005,208707,201525,220402,193723,208083,191240,188208,206210,210223,212249,199812,198710,217751,216525,208274,180606,230044,196902,222535,205369,202938,221440,217938,225403,198003,214544,210873,202584,220619,210458,208892,213992,191267,228894,217697,212502,193804,200197,198381,199019,207557,197339,211968,212456,224157,201839,185205,196377,217697,202076,198457,197204,201445
STAT,popedge,Conflicts,75,0,0,0,0,0,0,0,0,0,0,0,0,0,0,0,0,0,0,0,0,0,0,0,0,0,0,0,0,0,0,0,0,0,0,0,0,0,0,0,0,0,0,0,0,0,0,0,0,0,0,0,0,0,0,0,0,0,0,0,0,0,0,0,0,0,0,0,0,0,0,0,0,0,0,0,0
STAT,popedge,Iterations,75,7303498,87724,86800,93860,94245,89433,93182,92541,89394,89403,93659,93137,92731,94126,93193,100527,103006,101574,97319,102348,97532,95044,102012,102886,102010,101947,91213,93703,91959,91318,93533,101947,101259,98782,101304,99943,102854,99688,100885,107318,95660,109029,100258,103676,101920,102972,104939,105849,103444,104869,101408,96964,103812,106050,99505,99836,100862,102823,104197,107026,97567,94859,84151,88984,91402,95146,92688,90654,94989,94413,90853,90670,94442,94120,98110,90012
STAT,refine,Conflicts,75,3203,65,65,55,67,58,62,52,47,60,57,55,50,42,57,51,43,55,68,54,36,43,48,44,40,38,45,58,55,47,56,37,37,42,47,54,34,47,41,36,39,24,40,49,32,38,42,33,41,48,33,39,47,34,48,36,46,25,40,38,35,37,36,39,33,29,31,34,26,24,27,25,24,32,24,27
STAT,refine,Iterations,75,471936,4804,5279,5867,5271,6291,5430,4735,5234,5309,5093,5349,5365,5740,5946,5485,6240,7054,8522,5306,6996,6951,6092,6485,6325,6070,6108,6824,6310,6318,5743,6536,6243,7251,7065,6859,6886,7104,8526,6257,7210,5166,6690,7529,5818,6238,7179,6494,6749,6298,7649,6084,6777,5250,6591,6188,7155,6594,6592,6455,8347,7137,5443,6798,6969,6742,6663,5789,5644,4951,5635,5221,6103,5733,6444,6342
