Hello from MIC
Galois Benchmark Suite v2.2.0 (r0)
Copyright (C) 2013 The University of Texas at Austin
http://iss.ices.utexas.edu/galois/

application: GMetis
Partitions a graph into K parts and minimizing the graph cut
http://iss.ices.utexas.edu/?p=projects/galois/benchmarks/gMetis

INFO: CommandLine /work/02556/dpereira/MIC/apps/gmetis/gmetis -t=65 /work/02556/dpereira/Inputs/USA-road-d.W.gr 16
INFO: Hostname c557-903-mic0.stampede.tacc.utexas.edu
Created Graph with 6262104 nodes and 15248146 edges
Nodes 6262104| Edges 15248146 7624073

  Starting coarsening: 
Time coarsen:  2471 Size of final graph: 426

  Sarting initial partitioning using GGGP:
Size in decade percentages:  -0,15 1,1
Time clustering:  359

  Sarting refinnement with BKL2
Initial dist
Size in decade percentages:  -0,15 1,1
Refined dist
Size in decade percentages:  -1,6 -0,4 1,6
Time refinement:  862


Time:  3867
Total edge cut : 2251

Part saved in : 0x7fffb6f95ee0
STATTYPE,LOOP,CATEGORY,n,sum,T0,T1,T2,T3,T4,T5,T6,T7,T8,T9,T10,T11,T12,T13,T14,T15,T16,T17,T18,T19,T20,T21,T22,T23,T24,T25,T26,T27,T28,T29,T30,T31,T32,T33,T34,T35,T36,T37,T38,T39,T40,T41,T42,T43,T44,T45,T46,T47,T48,T49,T50,T51,T52,T53,T54,T55,T56,T57,T58,T59,T60,T61,T62,T63,T64
STAT,(NULL),Coarsen,65,2471,2471,0,0,0,0,0,0,0,0,0,0,0,0,0,0,0,0,0,0,0,0,0,0,0,0,0,0,0,0,0,0,0,0,0,0,0,0,0,0,0,0,0,0,0,0,0,0,0,0,0,0,0,0,0,0,0,0,0,0,0,0,0,0,0,0
STAT,(NULL),Conflicts,65,0,0,0,0,0,0,0,0,0,0,0,0,0,0,0,0,0,0,0,0,0,0,0,0,0,0,0,0,0,0,0,0,0,0,0,0,0,0,0,0,0,0,0,0,0,0,0,0,0,0,0,0,0,0,0,0,0,0,0,0,0,0,0,0,0,0
STAT,(NULL),Iterations,65,31,5,0,0,0,1,0,0,0,0,4,0,0,0,0,0,3,0,0,0,0,0,0,0,0,0,0,0,1,0,0,0,0,1,0,1,0,0,0,2,0,0,0,0,0,0,1,1,0,2,0,0,0,0,0,2,0,2,0,0,1,1,3,0,0,0
STAT,(NULL),MeminfoPost,65,756415,11650,11652,11623,11675,11701,11620,11669,11654,11611,11655,11616,11645,11655,11639,11675,11687,11623,11666,11654,11611,11650,11619,11643,11672,11655,11630,11616,11611,11652,11621,11605,11619,11682,11606,11628,11609,11660,11638,11617,11607,11597,11620,11678,11667,11633,11594,11657,11627,11624,11597,11603,11697,11663,11604,11683,11690,11623,11630,11593,11633,11582,11604,11625,11639,11631
STAT,(NULL),MeminfoPre,65,189095,2922,2924,2895,2947,2973,2892,2941,2926,2883,2927,2888,2917,2927,2911,2947,2959,2895,2938,2926,2883,2922,2891,2915,2944,2927,2902,2888,2883,2924,2893,2877,2891,2954,2878,2900,2881,2932,2910,2889,2879,2869,2892,2950,2939,2905,2866,2929,2899,2896,2869,2875,2969,2935,2876,2955,2962,2895,2902,2865,2905,2854,2876,2897,2911,2903
STAT,(NULL),Partition,65,359,359,0,0,0,0,0,0,0,0,0,0,0,0,0,0,0,0,0,0,0,0,0,0,0,0,0,0,0,0,0,0,0,0,0,0,0,0,0,0,0,0,0,0,0,0,0,0,0,0,0,0,0,0,0,0,0,0,0,0,0,0,0,0,0,0
STAT,(NULL),Refine,65,862,862,0,0,0,0,0,0,0,0,0,0,0,0,0,0,0,0,0,0,0,0,0,0,0,0,0,0,0,0,0,0,0,0,0,0,0,0,0,0,0,0,0,0,0,0,0,0,0,0,0,0,0,0,0,0,0,0,0,0,0,0,0,0,0,0
STAT,(NULL),Threads,65,65,65,0,0,0,0,0,0,0,0,0,0,0,0,0,0,0,0,0,0,0,0,0,0,0,0,0,0,0,0,0,0,0,0,0,0,0,0,0,0,0,0,0,0,0,0,0,0,0,0,0,0,0,0,0,0,0,0,0,0,0,0,0,0,0,0
STAT,(NULL),Time,65,3867,3867,0,0,0,0,0,0,0,0,0,0,0,0,0,0,0,0,0,0,0,0,0,0,0,0,0,0,0,0,0,0,0,0,0,0,0,0,0,0,0,0,0,0,0,0,0,0,0,0,0,0,0,0,0,0,0,0,0,0,0,0,0,0,0,0
STAT,match,Conflicts,65,5217,277,232,129,136,120,95,96,107,90,123,85,80,93,80,84,91,75,68,92,84,87,66,76,64,65,60,74,80,74,67,65,52,56,50,59,50,58,48,52,47,61,59,60,43,60,71,58,64,53,54,75,54,64,77,64,86,93,60,108,70,82,107,118,48,41
STAT,match,Iterations,65,14986688,182973,196766,211977,191735,217268,244267,230783,234457,227537,224323,234205,232880,219258,228192,214853,223240,241931,221511,239472,240078,235681,244977,208466,218218,224441,247495,231944,228390,229562,229348,239021,219771,222011,253166,239477,245988,218625,238294,243634,241958,251846,237796,221217,236850,227453,235822,231512,241765,241699,245273,233727,223309,226214,231517,220411,211326,238148,240387,245589,254322,255862,219387,226030,225401,245652
STAT,popedge,Conflicts,65,0,0,0,0,0,0,0,0,0,0,0,0,0,0,0,0,0,0,0,0,0,0,0,0,0,0,0,0,0,0,0,0,0,0,0,0,0,0,0,0,0,0,0,0,0,0,0,0,0,0,0,0,0,0,0,0,0,0,0,0,0,0,0,0,0,0
STAT,popedge,Iterations,65,7346295,104999,101709,104902,102056,108157,114779,110123,110821,116314,114664,116487,112816,114548,112874,114088,110351,115373,109468,112727,114808,113727,110560,106986,105514,103236,106648,114267,117590,112599,113242,113038,107373,111024,118272,119786,117764,116624,115541,115486,116446,118961,116490,113974,109100,115041,116612,111332,112482,113521,111794,116023,109233,107426,108248,115582,125744,127877,123401,125006,123197,122165,102069,106460,110230,106540
STAT,refine,Conflicts,65,3816,180,155,126,138,107,110,112,96,72,70,85,73,85,70,75,72,51,61,46,60,79,59,55,58,66,63,51,63,70,49,46,35,42,46,33,39,43,32,28,32,58,42,35,46,35,64,27,47,25,56,54,37,37,36,50,39,40,53,21,36,37,17,38,20,33
STAT,refine,Iterations,65,44135,684,750,742,643,1036,960,1035,832,487,891,627,668,645,614,681,925,784,1005,705,485,898,699,563,807,872,660,532,407,782,626,853,690,731,526,295,591,668,879,525,480,1057,782,1016,538,348,522,714,978,385,833,730,838,509,523,793,707,774,496,294,314,414,362,682,552,691
