Hello from MIC
Galois Benchmark Suite v2.2.0 (r0)
Copyright (C) 2013 The University of Texas at Austin
http://iss.ices.utexas.edu/galois/

application: GMetis
Partitions a graph into K parts and minimizing the graph cut
http://iss.ices.utexas.edu/?p=projects/galois/benchmarks/gMetis

INFO: CommandLine /work/02556/dpereira/MIC/apps/gmetis/gmetis -t=47 /work/02556/dpereira/Inputs/USA-road-d.W.gr 128
INFO: Hostname c557-901-mic0.stampede.tacc.utexas.edu
Created Graph with 6262104 nodes and 15248146 edges
Nodes 6262104| Edges 15248146 7624073

  Starting coarsening: 
Time coarsen:  2677 Size of final graph: 3002

  Sarting initial partitioning using GGGP:
Size in decade percentages:  -1,9 -0,113 1,6
Time clustering:  399

  Sarting refinnement with BKL2
Initial dist
Size in decade percentages:  -1,9 -0,113 1,6
Refined dist
Size in decade percentages:  -1,44 0,37 1,47
Time refinement:  656


Time:  3909
Total edge cut : 8027

Part saved in : 0x7fffb74884e0
STATTYPE,LOOP,CATEGORY,n,sum,T0,T1,T2,T3,T4,T5,T6,T7,T8,T9,T10,T11,T12,T13,T14,T15,T16,T17,T18,T19,T20,T21,T22,T23,T24,T25,T26,T27,T28,T29,T30,T31,T32,T33,T34,T35,T36,T37,T38,T39,T40,T41,T42,T43,T44,T45,T46
STAT,(NULL),Coarsen,47,2677,2677,0,0,0,0,0,0,0,0,0,0,0,0,0,0,0,0,0,0,0,0,0,0,0,0,0,0,0,0,0,0,0,0,0,0,0,0,0,0,0,0,0,0,0,0,0,0
STAT,(NULL),Conflicts,47,0,0,0,0,0,0,0,0,0,0,0,0,0,0,0,0,0,0,0,0,0,0,0,0,0,0,0,0,0,0,0,0,0,0,0,0,0,0,0,0,0,0,0,0,0,0,0,0
STAT,(NULL),Iterations,47,255,11,3,8,7,3,2,4,4,0,8,8,5,6,1,10,5,9,4,4,3,9,3,3,7,8,8,4,12,1,4,2,6,4,5,1,4,6,4,4,3,5,6,6,10,13,5,7
STAT,(NULL),MeminfoPost,47,756320,16110,16098,16141,16121,16108,16108,16104,16065,16111,16077,16191,16094,16110,16096,16106,16062,16133,16107,16081,16061,16096,16065,16046,16133,16084,16041,16129,16070,16051,16054,16105,16122,16056,16109,16075,16043,16061,16184,16050,16154,16118,16076,16038,16062,16054,16071,16089
STAT,(NULL),MeminfoPre,47,189077,4041,4029,4072,4052,4039,4039,4035,3996,4042,4008,4122,4025,4041,4027,4037,3993,4064,4038,4012,3992,4027,3996,3977,4064,4015,3972,4060,4001,3982,3985,4036,4053,3987,4040,4006,3974,3992,4115,3981,4085,4049,4007,3969,3993,3985,4002,4020
STAT,(NULL),Partition,47,399,399,0,0,0,0,0,0,0,0,0,0,0,0,0,0,0,0,0,0,0,0,0,0,0,0,0,0,0,0,0,0,0,0,0,0,0,0,0,0,0,0,0,0,0,0,0,0
STAT,(NULL),Refine,47,656,656,0,0,0,0,0,0,0,0,0,0,0,0,0,0,0,0,0,0,0,0,0,0,0,0,0,0,0,0,0,0,0,0,0,0,0,0,0,0,0,0,0,0,0,0,0,0
STAT,(NULL),Threads,47,47,47,0,0,0,0,0,0,0,0,0,0,0,0,0,0,0,0,0,0,0,0,0,0,0,0,0,0,0,0,0,0,0,0,0,0,0,0,0,0,0,0,0,0,0,0,0,0
STAT,(NULL),Time,47,3909,3909,0,0,0,0,0,0,0,0,0,0,0,0,0,0,0,0,0,0,0,0,0,0,0,0,0,0,0,0,0,0,0,0,0,0,0,0,0,0,0,0,0,0,0,0,0,0
STAT,match,Conflicts,47,4902,306,188,228,138,137,137,100,92,142,151,201,101,111,99,97,75,81,70,90,79,99,89,105,71,73,86,76,76,82,77,79,54,65,68,60,73,84,90,102,104,83,91,92,98,98,120,84
STAT,match,Iterations,47,14957275,288571,294726,299868,309255,304891,304551,312550,324706,308956,326339,292871,323109,312711,321063,326446,325941,296128,309321,312196,340725,310383,328093,323672,313493,315489,340792,323060,324675,332844,330212,314927,313003,328093,300417,319025,323459,325330,291169,326996,308787,326912,332055,337286,331243,357068,325462,318406
STAT,popedge,Conflicts,47,0,0,0,0,0,0,0,0,0,0,0,0,0,0,0,0,0,0,0,0,0,0,0,0,0,0,0,0,0,0,0,0,0,0,0,0,0,0,0,0,0,0,0,0,0,0,0,0
STAT,popedge,Iterations,47,7329640,154278,156978,154534,152616,152370,152451,156637,156750,150807,156708,152730,151428,152580,152305,156814,152158,140810,141836,144450,154174,151187,153511,150719,149742,158550,163282,154412,158463,161794,158517,159833,151684,155466,155896,154041,157039,156549,147562,150112,160947,171727,168925,171858,168471,160248,170914,164777
STAT,refine,Conflicts,47,2684,133,111,108,87,87,78,81,79,70,74,73,85,55,55,48,65,63,63,58,55,50,54,50,56,49,42,35,53,40,49,42,48,51,36,40,38,36,51,37,34,40,34,42,26,32,46,45
STAT,refine,Iterations,47,129713,2647,2592,3174,2498,2979,2238,2880,2659,2744,2453,3894,2378,2843,2463,2672,2655,2840,2862,2662,2248,2515,2165,2675,3352,2445,2109,3089,2433,2502,3221,3075,3149,2708,2922,2821,2936,3046,3757,2066,3026,3312,1886,2410,2510,2897,2961,3344
