Hello from MIC
Galois Benchmark Suite v2.2.0 (r0)
Copyright (C) 2013 The University of Texas at Austin
http://iss.ices.utexas.edu/galois/

application: GMetis
Partitions a graph into K parts and minimizing the graph cut
http://iss.ices.utexas.edu/?p=projects/galois/benchmarks/gMetis

INFO: CommandLine /work/02556/dpereira/MIC/apps/gmetis/gmetis -t=62 /work/02556/dpereira/Inputs/USA-road-d.W.gr 16
INFO: Hostname c557-903-mic0.stampede.tacc.utexas.edu
Created Graph with 6262104 nodes and 15248146 edges
Nodes 6262104| Edges 15248146 7624073

  Starting coarsening: 
Time coarsen:  2525 Size of final graph: 423

  Sarting initial partitioning using GGGP:
Size in decade percentages:  -0,16
Time clustering:  354

  Sarting refinnement with BKL2
Initial dist
Size in decade percentages:  -0,16
Refined dist
Size in decade percentages:  -1,5 -0,6 1,5
Time refinement:  915


Time:  3968
Total edge cut : 1863

Part saved in : 0x7fffbd62bd60
STATTYPE,LOOP,CATEGORY,n,sum,T0,T1,T2,T3,T4,T5,T6,T7,T8,T9,T10,T11,T12,T13,T14,T15,T16,T17,T18,T19,T20,T21,T22,T23,T24,T25,T26,T27,T28,T29,T30,T31,T32,T33,T34,T35,T36,T37,T38,T39,T40,T41,T42,T43,T44,T45,T46,T47,T48,T49,T50,T51,T52,T53,T54,T55,T56,T57,T58,T59,T60,T61
STAT,(NULL),Coarsen,62,2525,2525,0,0,0,0,0,0,0,0,0,0,0,0,0,0,0,0,0,0,0,0,0,0,0,0,0,0,0,0,0,0,0,0,0,0,0,0,0,0,0,0,0,0,0,0,0,0,0,0,0,0,0,0,0,0,0,0,0,0,0,0,0
STAT,(NULL),Conflicts,62,0,0,0,0,0,0,0,0,0,0,0,0,0,0,0,0,0,0,0,0,0,0,0,0,0,0,0,0,0,0,0,0,0,0,0,0,0,0,0,0,0,0,0,0,0,0,0,0,0,0,0,0,0,0,0,0,0,0,0,0,0,0,0
STAT,(NULL),Iterations,62,31,5,0,0,0,0,0,0,0,0,0,0,0,2,0,0,0,0,0,0,1,3,0,0,0,0,0,0,0,0,0,0,0,0,0,3,2,0,0,1,0,0,0,4,0,0,0,0,0,5,1,3,0,0,0,0,0,0,0,0,0,1,0
STAT,(NULL),MeminfoPost,62,756384,12217,12212,12198,12257,12228,12186,12232,12201,12199,12193,12184,12230,12200,12217,12285,12173,12224,12221,12180,12209,12181,12209,12233,12211,12192,12192,12167,12211,12178,12167,12225,12192,12199,12147,12216,12218,12181,12171,12162,12173,12237,12229,12192,12160,12226,12185,12167,12159,12196,12278,12182,12184,12260,12219,12196,12176,12152,12178,12149,12195,12195,12198
STAT,(NULL),MeminfoPre,62,189084,3067,3062,3048,3107,3078,3036,3082,3051,3049,3043,3034,3080,3050,3067,3135,3023,3074,3071,3030,3059,3031,3059,3083,3061,3042,3042,3017,3061,3028,3017,3075,3042,3049,2997,3066,3068,3031,3021,3012,3023,3087,3079,3042,3010,3076,3035,3017,3009,3046,3128,3032,3034,3110,3069,3046,3026,3002,3028,2999,3045,3045,3048
STAT,(NULL),Partition,62,354,354,0,0,0,0,0,0,0,0,0,0,0,0,0,0,0,0,0,0,0,0,0,0,0,0,0,0,0,0,0,0,0,0,0,0,0,0,0,0,0,0,0,0,0,0,0,0,0,0,0,0,0,0,0,0,0,0,0,0,0,0,0
STAT,(NULL),Refine,62,915,915,0,0,0,0,0,0,0,0,0,0,0,0,0,0,0,0,0,0,0,0,0,0,0,0,0,0,0,0,0,0,0,0,0,0,0,0,0,0,0,0,0,0,0,0,0,0,0,0,0,0,0,0,0,0,0,0,0,0,0,0,0
STAT,(NULL),Threads,62,62,62,0,0,0,0,0,0,0,0,0,0,0,0,0,0,0,0,0,0,0,0,0,0,0,0,0,0,0,0,0,0,0,0,0,0,0,0,0,0,0,0,0,0,0,0,0,0,0,0,0,0,0,0,0,0,0,0,0,0,0,0,0
STAT,(NULL),Time,62,3968,3968,0,0,0,0,0,0,0,0,0,0,0,0,0,0,0,0,0,0,0,0,0,0,0,0,0,0,0,0,0,0,0,0,0,0,0,0,0,0,0,0,0,0,0,0,0,0,0,0,0,0,0,0,0,0,0,0,0,0,0,0,0
STAT,match,Conflicts,62,4637,166,125,114,121,91,98,102,91,64,97,98,83,79,86,91,66,53,74,80,77,66,72,69,74,66,72,82,68,56,84,60,53,48,56,50,56,54,64,83,48,78,75,77,62,43,72,66,66,76,64,60,63,72,75,54,62,68,75,99,77,69,47
STAT,match,Iterations,62,14971242,208536,217104,243753,219734,241575,248068,237925,252869,240971,245679,236454,207889,237912,241933,213458,265625,228399,241437,251001,248519,255138,227325,232408,242003,237328,238006,250337,231629,240437,242219,230875,256127,266609,260327,236179,252556,252638,255311,238927,244055,243510,226116,238582,245658,239019,234380,254481,256366,235164,223062,240662,235294,234891,246768,244750,262173,259325,245607,246170,248621,258313,233055
STAT,popedge,Conflicts,62,0,0,0,0,0,0,0,0,0,0,0,0,0,0,0,0,0,0,0,0,0,0,0,0,0,0,0,0,0,0,0,0,0,0,0,0,0,0,0,0,0,0,0,0,0,0,0,0,0,0,0,0,0,0,0,0,0,0,0,0,0,0,0
STAT,popedge,Iterations,62,7337976,106426,118368,120394,116725,114926,117603,112416,115581,117654,119498,121044,109661,117124,118309,112598,116992,112862,115537,118690,117958,117442,105780,107909,107017,109934,115288,114784,112654,117952,115971,114573,121715,118945,128650,121704,118549,119244,124086,122790,120014,120229,116692,118460,120013,113069,116779,119155,117672,117992,111599,112441,116120,127057,127634,128718,130125,132998,133966,129864,128327,128452,115247
STAT,refine,Conflicts,62,3526,149,123,124,105,98,100,97,89,83,73,85,81,73,81,84,72,50,48,55,77,61,60,61,54,58,64,56,70,58,53,62,47,21,38,45,39,36,35,62,30,43,40,26,29,28,29,37,40,36,36,31,41,34,42,32,28,26,38,38,47,40,28
STAT,refine,Iterations,62,37276,836,521,815,641,567,626,582,640,553,544,487,559,533,894,780,608,528,579,630,681,549,567,679,543,551,561,508,954,568,777,541,807,382,506,755,1163,624,504,979,514,480,521,377,423,833,562,478,601,328,483,414,695,578,637,289,377,241,470,631,621,825,776
