Hello from MIC
Galois Benchmark Suite v2.2.0 (r0)
Copyright (C) 2013 The University of Texas at Austin
http://iss.ices.utexas.edu/galois/

application: GMetis
Partitions a graph into K parts and minimizing the graph cut
http://iss.ices.utexas.edu/?p=projects/galois/benchmarks/gMetis

INFO: CommandLine /work/02556/dpereira/MIC/apps/gmetis/gmetis -t=187 /work/02556/dpereira/Inputs/USA-road-d.W.gr 16
INFO: Hostname c558-002-mic0.stampede.tacc.utexas.edu
Created Graph with 6262104 nodes and 15248146 edges
Nodes 6262104| Edges 15248146 7624073

  Starting coarsening: 
Time coarsen:  3761 Size of final graph: 432

  Sarting initial partitioning using GGGP:
Size in decade percentages:  -1,1 -0,15
Time clustering:  366

  Sarting refinnement with BKL2
Initial dist
Size in decade percentages:  -1,1 -0,15
Refined dist
Size in decade percentages:  -1,6 0,3 1,7
Time refinement:  2324


Time:  6626
Total edge cut : 2016

Part saved in : 0x7fff9dc11160
STATTYPE,LOOP,CATEGORY,n,sum,T0,T1,T2,T3,T4,T5,T6,T7,T8,T9,T10,T11,T12,T13,T14,T15,T16,T17,T18,T19,T20,T21,T22,T23,T24,T25,T26,T27,T28,T29,T30,T31,T32,T33,T34,T35,T36,T37,T38,T39,T40,T41,T42,T43,T44,T45,T46,T47,T48,T49,T50,T51,T52,T53,T54,T55,T56,T57,T58,T59,T60,T61,T62,T63,T64,T65,T66,T67,T68,T69,T70,T71,T72,T73,T74,T75,T76,T77,T78,T79,T80,T81,T82,T83,T84,T85,T86,T87,T88,T89,T90,T91,T92,T93,T94,T95,T96,T97,T98,T99,T100,T101,T102,T103,T104,T105,T106,T107,T108,T109,T110,T111,T112,T113,T114,T115,T116,T117,T118,T119,T120,T121,T122,T123,T124,T125,T126,T127,T128,T129,T130,T131,T132,T133,T134,T135,T136,T137,T138,T139,T140,T141,T142,T143,T144,T145,T146,T147,T148,T149,T150,T151,T152,T153,T154,T155,T156,T157,T158,T159,T160,T161,T162,T163,T164,T165,T166,T167,T168,T169,T170,T171,T172,T173,T174,T175,T176,T177,T178,T179,T180,T181,T182,T183,T184,T185,T186
STAT,(NULL),Coarsen,187,3761,3761,0,0,0,0,0,0,0,0,0,0,0,0,0,0,0,0,0,0,0,0,0,0,0,0,0,0,0,0,0,0,0,0,0,0,0,0,0,0,0,0,0,0,0,0,0,0,0,0,0,0,0,0,0,0,0,0,0,0,0,0,0,0,0,0,0,0,0,0,0,0,0,0,0,0,0,0,0,0,0,0,0,0,0,0,0,0,0,0,0,0,0,0,0,0,0,0,0,0,0,0,0,0,0,0,0,0,0,0,0,0,0,0,0,0,0,0,0,0,0,0,0,0,0,0,0,0,0,0,0,0,0,0,0,0,0,0,0,0,0,0,0,0,0,0,0,0,0,0,0,0,0,0,0,0,0,0,0,0,0,0,0,0,0,0,0,0,0,0,0,0,0,0,0,0,0,0,0,0,0,0,0,0,0,0,0,0
STAT,(NULL),Conflicts,187,0,0,0,0,0,0,0,0,0,0,0,0,0,0,0,0,0,0,0,0,0,0,0,0,0,0,0,0,0,0,0,0,0,0,0,0,0,0,0,0,0,0,0,0,0,0,0,0,0,0,0,0,0,0,0,0,0,0,0,0,0,0,0,0,0,0,0,0,0,0,0,0,0,0,0,0,0,0,0,0,0,0,0,0,0,0,0,0,0,0,0,0,0,0,0,0,0,0,0,0,0,0,0,0,0,0,0,0,0,0,0,0,0,0,0,0,0,0,0,0,0,0,0,0,0,0,0,0,0,0,0,0,0,0,0,0,0,0,0,0,0,0,0,0,0,0,0,0,0,0,0,0,0,0,0,0,0,0,0,0,0,0,0,0,0,0,0,0,0,0,0,0,0,0,0,0,0,0,0,0,0,0,0,0,0,0,0,0
STAT,(NULL),Iterations,187,31,5,0,0,0,0,0,0,0,0,0,0,0,0,0,1,0,0,0,0,0,0,0,0,0,0,0,0,0,0,0,0,0,0,0,0,0,0,0,0,0,0,0,0,2,0,1,0,0,0,0,0,0,0,0,0,2,0,0,0,0,0,0,0,0,0,0,0,0,0,0,0,0,1,0,0,0,0,0,0,0,0,0,0,0,0,0,0,0,0,0,0,0,0,0,0,0,0,0,0,0,0,0,0,0,1,0,0,0,0,4,0,0,0,0,0,0,0,0,0,0,1,0,0,0,0,0,0,0,0,0,0,1,1,0,0,0,0,0,0,0,0,0,0,0,3,0,0,0,0,0,0,0,0,3,0,0,0,0,0,0,0,0,0,1,0,0,0,0,0,0,2,0,0,0,0,0,0,0,0,0,0,2,0,0,0,0,0
STAT,(NULL),MeminfoPost,187,756935,4050,4038,4072,4050,4055,4052,4056,4033,4054,4041,4067,4084,4085,4055,4036,4040,4039,4055,4054,4062,4054,4056,4055,4038,4043,4040,4056,4064,4035,4040,4039,4048,4046,4051,4067,4056,4045,4046,4044,4042,4053,4065,4074,4101,4059,4034,4045,4039,4048,4050,4055,4076,4046,4053,4047,4035,4041,4049,4055,4056,4038,4036,4045,4052,4055,4040,4059,4082,4040,4047,4062,4052,4037,4056,4039,4043,4037,4054,4036,4025,4046,4055,4059,4047,4037,4044,4041,4036,4031,4035,4046,4041,4075,4071,4045,4035,4037,4046,4062,4032,4026,4029,4047,4051,4054,4062,4057,4046,4048,4030,4056,4035,4040,4045,4026,4034,4036,4032,4056,4035,4032,4049,4072,4075,4070,4057,4034,4039,4061,4032,4026,4035,4050,4051,4061,4051,4047,4035,4048,4039,4043,4034,4026,4039,4051,4032,4035,4065,4076,4074,4070,4043,4037,4037,4032,4047,4057,4077,4069,4061,4073,4050,4036,4046,4046,4043,4040,4046,4029,4028,4037,4031,4072,4029,4027,4038,4029,4025,4062,4037,4038,4043,4051,4047,4053,4037,4048
STAT,(NULL),MeminfoPre,187,189203,1014,1002,1036,1014,1019,1016,1020,997,1018,1005,1031,1048,1049,1019,1000,1004,1003,1019,1018,1026,1018,1020,1019,1002,1007,1004,1020,1028,999,1004,1003,1012,1010,1015,1031,1020,1009,1010,1008,1006,1017,1029,1038,1065,1023,998,1009,1003,1012,1014,1019,1040,1010,1017,1011,999,1005,1013,1019,1020,1002,1000,1009,1016,1019,1004,1023,1046,1004,1011,1026,1016,1001,1020,1003,1007,1001,1018,1000,989,1010,1019,1023,1011,1001,1008,1005,1000,995,999,1010,1005,1039,1035,1009,999,1001,1010,1026,996,990,993,1011,1015,1018,1026,1021,1010,1012,994,1020,999,1004,1009,990,998,1000,996,1020,999,996,1013,1036,1039,1034,1021,998,1003,1025,996,990,999,1014,1015,1025,1015,1011,999,1012,1003,1007,998,990,1003,1015,996,999,1029,1040,1038,1034,1007,1001,1001,996,1011,1021,1041,1033,1025,1037,1014,1000,1010,1010,1007,1004,1010,993,992,1001,995,1036,993,991,1002,993,989,1026,1001,1002,1007,1015,1011,1017,1001,1012
STAT,(NULL),Partition,187,366,366,0,0,0,0,0,0,0,0,0,0,0,0,0,0,0,0,0,0,0,0,0,0,0,0,0,0,0,0,0,0,0,0,0,0,0,0,0,0,0,0,0,0,0,0,0,0,0,0,0,0,0,0,0,0,0,0,0,0,0,0,0,0,0,0,0,0,0,0,0,0,0,0,0,0,0,0,0,0,0,0,0,0,0,0,0,0,0,0,0,0,0,0,0,0,0,0,0,0,0,0,0,0,0,0,0,0,0,0,0,0,0,0,0,0,0,0,0,0,0,0,0,0,0,0,0,0,0,0,0,0,0,0,0,0,0,0,0,0,0,0,0,0,0,0,0,0,0,0,0,0,0,0,0,0,0,0,0,0,0,0,0,0,0,0,0,0,0,0,0,0,0,0,0,0,0,0,0,0,0,0,0,0,0,0,0,0
STAT,(NULL),Refine,187,2324,2324,0,0,0,0,0,0,0,0,0,0,0,0,0,0,0,0,0,0,0,0,0,0,0,0,0,0,0,0,0,0,0,0,0,0,0,0,0,0,0,0,0,0,0,0,0,0,0,0,0,0,0,0,0,0,0,0,0,0,0,0,0,0,0,0,0,0,0,0,0,0,0,0,0,0,0,0,0,0,0,0,0,0,0,0,0,0,0,0,0,0,0,0,0,0,0,0,0,0,0,0,0,0,0,0,0,0,0,0,0,0,0,0,0,0,0,0,0,0,0,0,0,0,0,0,0,0,0,0,0,0,0,0,0,0,0,0,0,0,0,0,0,0,0,0,0,0,0,0,0,0,0,0,0,0,0,0,0,0,0,0,0,0,0,0,0,0,0,0,0,0,0,0,0,0,0,0,0,0,0,0,0,0,0,0,0,0
STAT,(NULL),Threads,187,187,187,0,0,0,0,0,0,0,0,0,0,0,0,0,0,0,0,0,0,0,0,0,0,0,0,0,0,0,0,0,0,0,0,0,0,0,0,0,0,0,0,0,0,0,0,0,0,0,0,0,0,0,0,0,0,0,0,0,0,0,0,0,0,0,0,0,0,0,0,0,0,0,0,0,0,0,0,0,0,0,0,0,0,0,0,0,0,0,0,0,0,0,0,0,0,0,0,0,0,0,0,0,0,0,0,0,0,0,0,0,0,0,0,0,0,0,0,0,0,0,0,0,0,0,0,0,0,0,0,0,0,0,0,0,0,0,0,0,0,0,0,0,0,0,0,0,0,0,0,0,0,0,0,0,0,0,0,0,0,0,0,0,0,0,0,0,0,0,0,0,0,0,0,0,0,0,0,0,0,0,0,0,0,0,0,0,0
STAT,(NULL),Time,187,6626,6626,0,0,0,0,0,0,0,0,0,0,0,0,0,0,0,0,0,0,0,0,0,0,0,0,0,0,0,0,0,0,0,0,0,0,0,0,0,0,0,0,0,0,0,0,0,0,0,0,0,0,0,0,0,0,0,0,0,0,0,0,0,0,0,0,0,0,0,0,0,0,0,0,0,0,0,0,0,0,0,0,0,0,0,0,0,0,0,0,0,0,0,0,0,0,0,0,0,0,0,0,0,0,0,0,0,0,0,0,0,0,0,0,0,0,0,0,0,0,0,0,0,0,0,0,0,0,0,0,0,0,0,0,0,0,0,0,0,0,0,0,0,0,0,0,0,0,0,0,0,0,0,0,0,0,0,0,0,0,0,0,0,0,0,0,0,0,0,0,0,0,0,0,0,0,0,0,0,0,0,0,0,0,0,0,0,0
STAT,match,Conflicts,187,6385,65,53,46,47,45,42,46,53,46,43,45,51,44,42,52,48,54,45,42,40,43,37,46,45,52,41,44,46,47,46,48,37,39,32,46,48,42,33,47,49,50,42,46,46,37,43,40,45,41,42,40,46,38,41,53,35,38,44,43,39,43,31,25,25,24,26,28,31,33,31,23,29,27,18,26,33,31,35,29,27,21,28,26,31,29,26,26,28,24,29,24,35,33,36,35,30,37,29,22,30,37,33,28,38,29,25,36,20,37,35,23,34,35,30,39,31,27,25,31,29,32,29,32,25,28,26,18,22,24,25,23,30,22,33,27,24,30,30,30,26,25,37,33,21,27,32,26,29,25,35,29,32,22,27,29,27,31,27,34,23,41,33,32,29,38,24,26,31,28,31,22,31,35,32,29,27,42,29,28,34,32,22,43,31,34,26,26
STAT,match,Iterations,187,15007286,44703,66163,49344,56051,74035,59295,60376,67940,63202,72287,60192,55172,85881,52961,64321,78931,68266,83411,49650,75803,91609,68592,61619,79422,58921,84386,56528,53074,74235,72141,55817,57780,75630,64683,72666,68545,86094,83549,75841,59953,63708,72664,64026,66424,92019,55571,68998,79349,84497,60401,73771,69675,78267,71819,60187,70648,83184,61716,70156,81801,54886,86294,105745,72837,80800,89807,85729,71754,91478,80704,93789,72510,78986,83879,85515,94243,96541,76944,91310,91994,88678,105418,62686,86884,82703,89256,97903,86162,80170,93494,81994,75669,84546,87457,79668,75871,91706,101793,100451,101084,78017,75171,88711,98873,77894,82794,80207,102315,87294,77489,104196,82928,92479,92918,75973,91783,91422,98271,95420,88404,82088,85766,65331,77859,90439,94153,102472,65934,93891,93597,100205,71458,80566,82447,70214,77145,73313,89970,84438,96290,80733,75571,68574,98199,72641,94749,91042,95981,77094,65726,86950,90677,94781,87158,89020,92198,79474,101880,90013,87117,74436,73701,97419,89502,89252,95164,95370,68961,91859,87218,92037,70581,98997,79979,81585,115074,89327,81505,75448,77565,74101,72103,91228,68748,75817,80001,103307
STAT,popedge,Conflicts,187,0,0,0,0,0,0,0,0,0,0,0,0,0,0,0,0,0,0,0,0,0,0,0,0,0,0,0,0,0,0,0,0,0,0,0,0,0,0,0,0,0,0,0,0,0,0,0,0,0,0,0,0,0,0,0,0,0,0,0,0,0,0,0,0,0,0,0,0,0,0,0,0,0,0,0,0,0,0,0,0,0,0,0,0,0,0,0,0,0,0,0,0,0,0,0,0,0,0,0,0,0,0,0,0,0,0,0,0,0,0,0,0,0,0,0,0,0,0,0,0,0,0,0,0,0,0,0,0,0,0,0,0,0,0,0,0,0,0,0,0,0,0,0,0,0,0,0,0,0,0,0,0,0,0,0,0,0,0,0,0,0,0,0,0,0,0,0,0,0,0,0,0,0,0,0,0,0,0,0,0,0,0,0,0,0,0,0,0
STAT,popedge,Iterations,187,7349355,35528,34480,35223,35800,39378,39252,37422,37499,39434,38858,38290,37057,37120,39192,40464,37635,37248,39133,39042,38329,37254,38009,40389,39035,39605,39299,40909,40341,39720,37508,39067,38174,40447,36282,40416,41423,41628,38014,40055,42049,41961,39318,40236,39871,40815,41172,41465,38997,39375,39504,40059,40674,41556,39446,40705,40206,40448,41194,38633,38487,40282,35631,37164,33523,32988,35998,37624,38073,36904,36783,35549,38127,37262,37523,36891,37455,38036,38354,41454,39305,38455,38792,39444,37721,37798,38816,39116,37451,38566,37376,37812,39766,37929,41240,35579,39024,40517,43851,41970,41067,41015,40211,41032,42309,37642,40920,41532,40744,40823,42912,39670,41903,40494,39329,41792,38884,38867,40560,39128,41559,40117,41695,35332,36504,34126,35302,40612,37877,36631,39831,38580,39854,35909,38104,40121,37333,39620,37902,38827,43080,38316,39585,39477,38565,39750,37339,37389,40428,39809,39675,40225,37846,40005,37092,40772,39063,40234,42652,43099,42908,40385,41096,43180,42695,40517,41004,38951,42226,42493,43301,41929,40962,40062,45211,41527,41922,41153,42339,41512,43418,40927,41739,41358,34452,35960,34147,34631
STAT,refine,Conflicts,187,5924,131,123,117,120,101,91,99,93,102,79,80,89,79,83,72,72,72,62,64,60,68,72,58,61,57,70,62,70,66,67,61,41,35,44,46,34,39,42,35,32,38,32,49,37,32,28,40,38,27,38,43,43,32,32,35,50,33,43,47,43,42,16,11,14,17,25,26,7,15,29,11,14,25,17,15,18,17,16,24,16,28,21,22,25,13,18,25,25,13,8,21,20,18,21,24,23,14,23,19,22,17,21,16,20,19,14,17,25,14,15,7,10,19,15,14,14,22,14,20,18,10,21,18,11,10,28,14,17,11,19,24,13,23,17,19,14,11,18,30,24,12,14,27,22,13,18,19,23,21,27,13,26,21,10,14,21,24,15,19,10,18,19,17,16,26,12,19,23,16,16,12,21,30,23,17,18,22,24,11,18,19,20,16,11,13,9,19
STAT,refine,Iterations,187,42663,372,433,427,442,342,329,288,337,372,278,281,312,305,266,305,281,265,277,283,192,296,322,241,239,242,231,275,335,274,366,211,233,238,258,357,218,251,162,188,170,199,200,270,200,279,217,180,169,210,266,277,307,216,303,215,187,144,259,256,276,262,156,197,189,238,186,203,176,201,186,182,154,236,277,185,222,214,200,188,222,256,270,169,186,210,204,237,224,205,175,229,210,202,279,278,281,188,306,165,217,175,171,209,283,206,286,222,208,180,224,208,203,239,235,210,204,147,111,271,212,231,231,165,148,209,305,205,222,162,170,221,189,204,184,263,200,142,177,249,283,177,155,201,166,217,268,187,232,190,261,192,225,184,181,209,285,328,166,212,112,178,177,234,251,242,196,198,191,177,191,155,202,239,278,200,205,234,154,119,197,187,387,184,123,171,170,222
