Hello from MIC
Galois Benchmark Suite v2.2.0 (r0)
Copyright (C) 2013 The University of Texas at Austin
http://iss.ices.utexas.edu/galois/

application: GMetis
Partitions a graph into K parts and minimizing the graph cut
http://iss.ices.utexas.edu/?p=projects/galois/benchmarks/gMetis

INFO: CommandLine /work/02556/dpereira/MIC/apps/gmetis/gmetis -t=38 /work/02556/dpereira/Inputs/USA-road-d.W.gr 16
INFO: Hostname c557-901-mic0.stampede.tacc.utexas.edu
Created Graph with 6262104 nodes and 15248146 edges
Nodes 6262104| Edges 15248146 7624073

  Starting coarsening: 
Time coarsen:  3133 Size of final graph: 424

  Sarting initial partitioning using GGGP:
Size in decade percentages:  -0,16
Time clustering:  353

  Sarting refinnement with BKL2
Initial dist
Size in decade percentages:  -0,16
Refined dist
Size in decade percentages:  -1,6 -0,4 1,6
Time refinement:  628


Time:  4289
Total edge cut : 1868

Part saved in : 0x7fff79a1ace0
STATTYPE,LOOP,CATEGORY,n,sum,T0,T1,T2,T3,T4,T5,T6,T7,T8,T9,T10,T11,T12,T13,T14,T15,T16,T17,T18,T19,T20,T21,T22,T23,T24,T25,T26,T27,T28,T29,T30,T31,T32,T33,T34,T35,T36,T37
STAT,(NULL),Coarsen,38,3133,3133,0,0,0,0,0,0,0,0,0,0,0,0,0,0,0,0,0,0,0,0,0,0,0,0,0,0,0,0,0,0,0,0,0,0,0,0,0
STAT,(NULL),Conflicts,38,0,0,0,0,0,0,0,0,0,0,0,0,0,0,0,0,0,0,0,0,0,0,0,0,0,0,0,0,0,0,0,0,0,0,0,0,0,0,0
STAT,(NULL),Iterations,38,31,5,3,0,0,4,0,0,1,2,2,0,1,0,2,0,0,0,3,2,0,0,0,0,0,1,1,1,0,1,0,0,0,0,0,0,0,2,0
STAT,(NULL),MeminfoPost,38,756290,19926,19898,19995,19904,19919,19906,19893,19915,19997,19896,19937,19897,19884,19942,19914,19880,19888,19857,19915,19900,19845,19934,19875,19831,19910,19939,19867,19911,19857,19870,19976,19891,19980,19879,19828,19856,19875,19903
STAT,(NULL),MeminfoPre,38,189064,4999,4971,5068,4977,4992,4979,4966,4988,5070,4969,5010,4970,4957,5015,4987,4953,4961,4930,4988,4973,4918,5007,4948,4904,4983,5012,4940,4984,4930,4943,5049,4964,5053,4952,4901,4929,4948,4976
STAT,(NULL),Partition,38,353,353,0,0,0,0,0,0,0,0,0,0,0,0,0,0,0,0,0,0,0,0,0,0,0,0,0,0,0,0,0,0,0,0,0,0,0,0,0
STAT,(NULL),Refine,38,628,628,0,0,0,0,0,0,0,0,0,0,0,0,0,0,0,0,0,0,0,0,0,0,0,0,0,0,0,0,0,0,0,0,0,0,0,0,0
STAT,(NULL),Threads,38,38,38,0,0,0,0,0,0,0,0,0,0,0,0,0,0,0,0,0,0,0,0,0,0,0,0,0,0,0,0,0,0,0,0,0,0,0,0,0
STAT,(NULL),Time,38,4289,4289,0,0,0,0,0,0,0,0,0,0,0,0,0,0,0,0,0,0,0,0,0,0,0,0,0,0,0,0,0,0,0,0,0,0,0,0,0
STAT,match,Conflicts,38,4204,295,189,204,130,161,108,125,120,181,95,76,86,81,86,115,90,104,104,96,90,104,118,97,91,98,67,84,64,79,73,71,104,106,127,105,101,85,94
STAT,match,Iterations,38,14961848,306530,396141,378371,381586,398504,417670,395988,372804,358828,397677,380848,411375,394154,379766,387105,398403,391300,400323,401223,403955,408736,392949,395817,424926,397343,389316,387245,389423,409177,391806,366544,392893,393093,407205,421903,407460,421601,411860
STAT,popedge,Conflicts,38,0,0,0,0,0,0,0,0,0,0,0,0,0,0,0,0,0,0,0,0,0,0,0,0,0,0,0,0,0,0,0,0,0,0,0,0,0,0,0
STAT,popedge,Iterations,38,7331656,167811,195109,185767,189952,189574,191663,191444,188878,189746,189665,185743,191591,189427,174981,171899,185240,187919,189015,186384,198353,198390,196450,197917,203336,194964,192988,198356,187209,190773,193305,183189,190217,209853,211801,216472,211495,209931,204849
STAT,refine,Conflicts,38,2433,161,115,110,105,101,84,79,83,90,93,54,61,64,59,65,65,64,73,85,36,30,36,53,31,43,43,45,34,37,58,60,49,47,43,38,44,49,46
STAT,refine,Iterations,38,36240,1077,819,1191,1096,727,822,1038,852,1142,992,1140,827,1024,865,782,737,1095,989,923,789,846,1227,1204,956,804,1073,820,1198,1068,878,1005,925,1025,877,528,759,757,1363
