Hello from MIC
Galois Benchmark Suite v2.2.0 (r0)
Copyright (C) 2013 The University of Texas at Austin
http://iss.ices.utexas.edu/galois/

application: GMetis
Partitions a graph into K parts and minimizing the graph cut
http://iss.ices.utexas.edu/?p=projects/galois/benchmarks/gMetis

INFO: CommandLine /work/02556/dpereira/MIC/apps/gmetis/gmetis -t=223 /work/02556/dpereira/Inputs/USA-road-d.W.gr 16
INFO: Hostname c558-003-mic0.stampede.tacc.utexas.edu
Created Graph with 6262104 nodes and 15248146 edges
Nodes 6262104| Edges 15248146 7624073

  Starting coarsening: 
Time coarsen:  4829 Size of final graph: 448

  Sarting initial partitioning using GGGP:
Size in decade percentages:  -0,15 1,1
Time clustering:  379

  Sarting refinnement with BKL2
Initial dist
Size in decade percentages:  -0,15 1,1
Refined dist
Size in decade percentages:  -1,5 -0,5 1,6
Time refinement:  2813


Time:  8200
Total edge cut : 1965

Part saved in : 0x7fff5378cfe0
STATTYPE,LOOP,CATEGORY,n,sum,T0,T1,T2,T3,T4,T5,T6,T7,T8,T9,T10,T11,T12,T13,T14,T15,T16,T17,T18,T19,T20,T21,T22,T23,T24,T25,T26,T27,T28,T29,T30,T31,T32,T33,T34,T35,T36,T37,T38,T39,T40,T41,T42,T43,T44,T45,T46,T47,T48,T49,T50,T51,T52,T53,T54,T55,T56,T57,T58,T59,T60,T61,T62,T63,T64,T65,T66,T67,T68,T69,T70,T71,T72,T73,T74,T75,T76,T77,T78,T79,T80,T81,T82,T83,T84,T85,T86,T87,T88,T89,T90,T91,T92,T93,T94,T95,T96,T97,T98,T99,T100,T101,T102,T103,T104,T105,T106,T107,T108,T109,T110,T111,T112,T113,T114,T115,T116,T117,T118,T119,T120,T121,T122,T123,T124,T125,T126,T127,T128,T129,T130,T131,T132,T133,T134,T135,T136,T137,T138,T139,T140,T141,T142,T143,T144,T145,T146,T147,T148,T149,T150,T151,T152,T153,T154,T155,T156,T157,T158,T159,T160,T161,T162,T163,T164,T165,T166,T167,T168,T169,T170,T171,T172,T173,T174,T175,T176,T177,T178,T179,T180,T181,T182,T183,T184,T185,T186,T187,T188,T189,T190,T191,T192,T193,T194,T195,T196,T197,T198,T199,T200,T201,T202,T203,T204,T205,T206,T207,T208,T209,T210,T211,T212,T213,T214,T215,T216,T217,T218,T219,T220,T221,T222
STAT,(NULL),Coarsen,223,4829,4829,0,0,0,0,0,0,0,0,0,0,0,0,0,0,0,0,0,0,0,0,0,0,0,0,0,0,0,0,0,0,0,0,0,0,0,0,0,0,0,0,0,0,0,0,0,0,0,0,0,0,0,0,0,0,0,0,0,0,0,0,0,0,0,0,0,0,0,0,0,0,0,0,0,0,0,0,0,0,0,0,0,0,0,0,0,0,0,0,0,0,0,0,0,0,0,0,0,0,0,0,0,0,0,0,0,0,0,0,0,0,0,0,0,0,0,0,0,0,0,0,0,0,0,0,0,0,0,0,0,0,0,0,0,0,0,0,0,0,0,0,0,0,0,0,0,0,0,0,0,0,0,0,0,0,0,0,0,0,0,0,0,0,0,0,0,0,0,0,0,0,0,0,0,0,0,0,0,0,0,0,0,0,0,0,0,0,0,0,0,0,0,0,0,0,0,0,0,0,0,0,0,0,0,0,0,0,0,0,0,0,0,0,0,0,0,0,0,0,0,0,0,0
STAT,(NULL),Conflicts,223,0,0,0,0,0,0,0,0,0,0,0,0,0,0,0,0,0,0,0,0,0,0,0,0,0,0,0,0,0,0,0,0,0,0,0,0,0,0,0,0,0,0,0,0,0,0,0,0,0,0,0,0,0,0,0,0,0,0,0,0,0,0,0,0,0,0,0,0,0,0,0,0,0,0,0,0,0,0,0,0,0,0,0,0,0,0,0,0,0,0,0,0,0,0,0,0,0,0,0,0,0,0,0,0,0,0,0,0,0,0,0,0,0,0,0,0,0,0,0,0,0,0,0,0,0,0,0,0,0,0,0,0,0,0,0,0,0,0,0,0,0,0,0,0,0,0,0,0,0,0,0,0,0,0,0,0,0,0,0,0,0,0,0,0,0,0,0,0,0,0,0,0,0,0,0,0,0,0,0,0,0,0,0,0,0,0,0,0,0,0,0,0,0,0,0,0,0,0,0,0,0,0,0,0,0,0,0,0,0,0,0,0,0,0,0,0,0,0,0,0,0,0,0,0
STAT,(NULL),Iterations,223,31,5,0,0,0,0,0,0,0,0,0,0,0,0,0,0,0,0,0,0,0,0,0,0,0,0,0,0,0,0,0,0,0,0,0,0,0,0,0,0,0,0,0,0,1,0,2,0,0,0,0,0,0,0,0,0,1,0,0,1,0,0,0,0,0,0,0,3,0,0,1,0,2,0,0,0,0,0,0,0,0,0,0,0,0,0,0,0,0,0,0,0,0,0,0,0,0,0,0,0,1,0,2,0,0,0,0,0,0,0,0,0,0,0,0,0,0,0,0,0,0,0,0,0,0,0,0,0,0,0,0,0,0,0,0,0,0,1,0,0,4,0,0,0,0,0,0,0,0,0,0,1,0,0,0,0,0,0,0,0,0,0,0,0,0,0,0,0,0,0,0,0,0,0,1,0,0,0,0,0,0,0,0,0,0,3,0,0,0,0,0,0,0,0,0,0,0,0,0,0,0,0,0,0,0,0,0,0,0,0,0,0,0,0,2,0,0,0,0,0,0,0,0,0
STAT,(NULL),MeminfoPost,223,757305,3402,3391,3399,3404,3404,3405,3398,3392,3393,3388,3403,3397,3411,3422,3443,3407,3388,3394,3385,3396,3393,3406,3398,3414,3397,3405,3400,3400,3381,3392,3389,3406,3394,3410,3386,3387,3389,3400,3393,3391,3410,3400,3410,3392,3391,3404,3386,3404,3390,3412,3408,3447,3421,3398,3385,3394,3394,3389,3394,3405,3404,3420,3384,3412,3400,3381,3392,3390,3395,3404,3408,3387,3389,3388,3393,3397,3405,3399,3393,3402,3428,3393,3390,3402,3399,3405,3389,3398,3397,3387,3392,3387,3404,3386,3378,3388,3396,3402,3407,3392,3390,3396,3389,3391,3382,3378,3387,3398,3384,3401,3420,3418,3396,3381,3392,3387,3399,3406,3384,3382,3376,3382,3399,3400,3407,3394,3408,3408,3389,3397,3380,3395,3396,3386,3393,3389,3379,3383,3382,3393,3377,3411,3383,3383,3384,3411,3425,3415,3413,3408,3386,3389,3386,3411,3383,3380,3379,3396,3396,3405,3404,3405,3390,3389,3390,3394,3390,3394,3379,3383,3386,3382,3403,3384,3379,3407,3419,3416,3421,3413,3393,3388,3393,3381,3383,3397,3401,3419,3419,3406,3409,3419,3403,3381,3391,3407,3383,3392,3395,3395,3376,3381,3386,3382,3390,3416,3381,3379,3379,3392,3380,3382,3408,3382,3381,3392,3394,3400,3396,3395,3401,3391,3390
STAT,(NULL),MeminfoPre,223,189324,855,844,852,857,857,858,851,845,846,841,856,850,864,875,896,860,841,847,838,849,846,859,851,867,850,858,853,853,834,845,842,859,847,863,839,840,842,853,846,844,863,853,863,845,844,857,839,857,843,865,861,900,874,851,838,847,847,842,847,858,857,873,837,865,853,834,845,843,848,857,861,840,842,841,846,850,858,852,846,855,881,846,843,855,852,858,842,851,850,840,845,840,857,839,831,841,849,855,860,845,843,849,842,844,835,831,840,851,837,854,873,871,849,834,845,840,852,859,837,835,829,835,852,853,860,847,861,861,842,850,833,848,849,839,846,842,832,836,835,846,830,864,836,836,837,864,878,868,866,861,839,842,839,864,836,833,832,849,849,858,857,858,843,842,843,847,843,847,832,836,839,835,856,837,832,860,872,869,874,866,846,841,846,834,836,850,854,872,872,859,862,872,856,834,844,860,836,845,848,848,829,834,839,835,843,869,834,832,832,845,833,835,861,835,834,845,847,853,849,848,854,844,843
STAT,(NULL),Partition,223,379,379,0,0,0,0,0,0,0,0,0,0,0,0,0,0,0,0,0,0,0,0,0,0,0,0,0,0,0,0,0,0,0,0,0,0,0,0,0,0,0,0,0,0,0,0,0,0,0,0,0,0,0,0,0,0,0,0,0,0,0,0,0,0,0,0,0,0,0,0,0,0,0,0,0,0,0,0,0,0,0,0,0,0,0,0,0,0,0,0,0,0,0,0,0,0,0,0,0,0,0,0,0,0,0,0,0,0,0,0,0,0,0,0,0,0,0,0,0,0,0,0,0,0,0,0,0,0,0,0,0,0,0,0,0,0,0,0,0,0,0,0,0,0,0,0,0,0,0,0,0,0,0,0,0,0,0,0,0,0,0,0,0,0,0,0,0,0,0,0,0,0,0,0,0,0,0,0,0,0,0,0,0,0,0,0,0,0,0,0,0,0,0,0,0,0,0,0,0,0,0,0,0,0,0,0,0,0,0,0,0,0,0,0,0,0,0,0,0,0,0,0,0,0
STAT,(NULL),Refine,223,2813,2813,0,0,0,0,0,0,0,0,0,0,0,0,0,0,0,0,0,0,0,0,0,0,0,0,0,0,0,0,0,0,0,0,0,0,0,0,0,0,0,0,0,0,0,0,0,0,0,0,0,0,0,0,0,0,0,0,0,0,0,0,0,0,0,0,0,0,0,0,0,0,0,0,0,0,0,0,0,0,0,0,0,0,0,0,0,0,0,0,0,0,0,0,0,0,0,0,0,0,0,0,0,0,0,0,0,0,0,0,0,0,0,0,0,0,0,0,0,0,0,0,0,0,0,0,0,0,0,0,0,0,0,0,0,0,0,0,0,0,0,0,0,0,0,0,0,0,0,0,0,0,0,0,0,0,0,0,0,0,0,0,0,0,0,0,0,0,0,0,0,0,0,0,0,0,0,0,0,0,0,0,0,0,0,0,0,0,0,0,0,0,0,0,0,0,0,0,0,0,0,0,0,0,0,0,0,0,0,0,0,0,0,0,0,0,0,0,0,0,0,0,0,0
STAT,(NULL),Threads,223,223,223,0,0,0,0,0,0,0,0,0,0,0,0,0,0,0,0,0,0,0,0,0,0,0,0,0,0,0,0,0,0,0,0,0,0,0,0,0,0,0,0,0,0,0,0,0,0,0,0,0,0,0,0,0,0,0,0,0,0,0,0,0,0,0,0,0,0,0,0,0,0,0,0,0,0,0,0,0,0,0,0,0,0,0,0,0,0,0,0,0,0,0,0,0,0,0,0,0,0,0,0,0,0,0,0,0,0,0,0,0,0,0,0,0,0,0,0,0,0,0,0,0,0,0,0,0,0,0,0,0,0,0,0,0,0,0,0,0,0,0,0,0,0,0,0,0,0,0,0,0,0,0,0,0,0,0,0,0,0,0,0,0,0,0,0,0,0,0,0,0,0,0,0,0,0,0,0,0,0,0,0,0,0,0,0,0,0,0,0,0,0,0,0,0,0,0,0,0,0,0,0,0,0,0,0,0,0,0,0,0,0,0,0,0,0,0,0,0,0,0,0,0,0
STAT,(NULL),Time,223,8200,8200,0,0,0,0,0,0,0,0,0,0,0,0,0,0,0,0,0,0,0,0,0,0,0,0,0,0,0,0,0,0,0,0,0,0,0,0,0,0,0,0,0,0,0,0,0,0,0,0,0,0,0,0,0,0,0,0,0,0,0,0,0,0,0,0,0,0,0,0,0,0,0,0,0,0,0,0,0,0,0,0,0,0,0,0,0,0,0,0,0,0,0,0,0,0,0,0,0,0,0,0,0,0,0,0,0,0,0,0,0,0,0,0,0,0,0,0,0,0,0,0,0,0,0,0,0,0,0,0,0,0,0,0,0,0,0,0,0,0,0,0,0,0,0,0,0,0,0,0,0,0,0,0,0,0,0,0,0,0,0,0,0,0,0,0,0,0,0,0,0,0,0,0,0,0,0,0,0,0,0,0,0,0,0,0,0,0,0,0,0,0,0,0,0,0,0,0,0,0,0,0,0,0,0,0,0,0,0,0,0,0,0,0,0,0,0,0,0,0,0,0,0,0
STAT,match,Conflicts,223,6500,42,31,34,39,32,46,44,39,42,39,42,56,46,38,43,39,43,35,44,38,34,44,35,47,35,44,33,41,45,41,39,34,45,33,34,34,35,39,35,25,40,32,44,33,41,44,29,43,28,45,42,34,34,34,34,33,31,32,32,26,25,25,20,25,27,27,24,28,26,26,21,25,36,22,22,29,30,27,22,23,21,26,26,18,23,24,26,26,29,32,28,26,28,26,27,28,26,32,23,32,31,22,29,31,34,23,24,21,23,26,34,27,34,29,28,23,28,24,26,28,21,22,24,27,27,22,22,29,33,21,25,28,20,31,19,20,25,22,31,20,22,24,28,28,21,28,23,27,19,31,30,25,29,20,22,27,23,24,24,32,24,23,27,27,26,25,24,29,27,34,20,21,22,33,37,30,38,25,24,26,26,25,29,29,20,22,21,26,26,24,24,24,23,23,31,25,25,27,19,28,28,31,23,23,27,21,26,20,28,19,26,36,24,29,25,27,24,29,27,30,26,32,27
STAT,match,Iterations,223,15056364,58591,62423,55209,48704,58385,48570,42529,49195,54087,45197,61105,41528,55285,42015,39047,59711,61438,53528,55351,44781,47444,66601,42797,50317,38860,55431,53400,53279,51125,50569,68727,54983,75570,51971,57452,68715,66111,50833,69417,54955,68935,71503,52554,53046,54189,72908,68527,54765,55676,67574,64227,47644,50514,70117,88349,51362,53650,50217,40662,62691,54949,63718,72537,80874,71735,71267,80399,64197,50364,69490,82498,57889,63503,71002,89097,62261,73135,94163,75830,95420,84346,59652,52436,63492,61212,54634,90637,72587,60416,80093,62776,90296,63563,83743,57985,71874,81190,86895,71126,74652,58729,104428,61991,95624,87068,64969,84186,83263,86407,67125,61123,66817,62143,83731,63489,88857,84112,72394,56140,82693,97406,93824,68423,64549,58466,59807,63384,71969,62202,80879,48846,53118,90856,58789,84441,72995,74079,68499,54162,65164,63651,74757,51166,63794,63516,62045,58361,57149,66110,76863,63004,69579,86240,65594,66104,83624,70707,70878,71975,56877,93961,65876,77897,85915,100255,97148,77269,70419,83831,71897,72058,75870,75932,65377,76847,65649,76662,69625,76746,62243,61417,60335,72969,59246,74453,72202,67266,55398,58977,83470,55844,78194,65252,69089,72472,64572,61421,68339,73450,84859,44671,61940,54988,71994,77698,61962,81454,83306,89396,61673,85322,73866,81641,80286,67498,79886,74384,82486,96777,70796,46135,70330,75753
STAT,popedge,Conflicts,223,0,0,0,0,0,0,0,0,0,0,0,0,0,0,0,0,0,0,0,0,0,0,0,0,0,0,0,0,0,0,0,0,0,0,0,0,0,0,0,0,0,0,0,0,0,0,0,0,0,0,0,0,0,0,0,0,0,0,0,0,0,0,0,0,0,0,0,0,0,0,0,0,0,0,0,0,0,0,0,0,0,0,0,0,0,0,0,0,0,0,0,0,0,0,0,0,0,0,0,0,0,0,0,0,0,0,0,0,0,0,0,0,0,0,0,0,0,0,0,0,0,0,0,0,0,0,0,0,0,0,0,0,0,0,0,0,0,0,0,0,0,0,0,0,0,0,0,0,0,0,0,0,0,0,0,0,0,0,0,0,0,0,0,0,0,0,0,0,0,0,0,0,0,0,0,0,0,0,0,0,0,0,0,0,0,0,0,0,0,0,0,0,0,0,0,0,0,0,0,0,0,0,0,0,0,0,0,0,0,0,0,0,0,0,0,0,0,0,0,0,0,0,0,0
STAT,popedge,Iterations,223,7375035,30471,30086,31184,31041,30000,31506,31191,30303,30973,31118,30242,32443,32571,30845,30567,30858,32657,30966,31661,31962,31620,31041,31064,32978,30179,30880,32353,34389,32880,33179,32787,31395,32989,31391,32184,32167,32671,30921,32082,29833,35365,33796,35638,35786,36870,33308,35592,37427,33608,36577,34576,35050,36365,35547,35821,34735,36902,35487,35066,36913,35038,30857,30721,30471,31619,29954,32161,29824,32566,29952,31620,32677,31651,31742,32451,31603,29264,30166,31081,32028,31411,32235,31683,31015,31131,31246,31412,32410,31157,31707,30584,35967,30758,33306,32078,30541,31828,32598,31181,33414,30523,38857,35722,36315,36571,36163,36617,34982,36232,35747,36457,32675,34926,37577,34943,36687,37223,35322,36912,35752,37121,35605,32158,31296,31238,33005,31330,30574,31319,31508,32201,31503,30750,31955,31330,30200,31392,30980,32780,29958,30904,30774,32712,32381,30266,32335,31429,33022,32590,32622,34245,30586,32886,31566,34632,31037,32758,31886,33610,30790,35327,31249,36355,36113,38229,37359,38858,36323,34679,38258,34510,38026,34224,37081,37206,35313,36178,36306,34187,36461,35109,37959,32573,33143,31248,30804,33206,32690,31751,31069,33182,31704,32583,32663,32798,32095,31892,34397,33368,31317,33261,32776,33150,32827,33862,31129,32224,34352,32624,34011,33790,33489,32000,36325,33572,32521,32223,33154,34512,34026,32896,33034,30882
STAT,refine,Conflicts,223,6501,135,121,119,122,114,101,104,102,91,97,96,81,75,81,82,82,63,67,72,68,65,71,51,65,55,69,62,61,60,61,63,22,32,41,32,46,42,50,36,31,45,31,46,28,41,43,51,45,27,44,36,32,45,33,32,41,46,43,47,43,41,12,16,15,16,19,12,14,11,17,19,19,14,20,25,17,13,11,16,23,21,13,17,18,18,15,21,13,16,20,18,23,10,15,19,14,21,16,22,6,20,20,19,28,13,26,19,21,25,18,19,18,11,34,13,22,22,16,24,15,29,28,17,17,14,17,16,23,13,19,10,11,18,7,23,22,11,16,7,14,19,13,19,17,14,21,8,23,17,11,18,11,21,10,11,18,18,22,13,23,16,13,25,17,20,16,16,31,22,18,16,25,20,26,26,16,19,25,15,14,30,12,15,11,13,20,16,17,15,15,11,16,18,18,9,9,14,14,21,14,19,10,11,13,18,10,24,16,25,12,14,19,11,16,9,19,16,15,15,21,15,19,15
STAT,refine,Iterations,223,42180,376,384,330,402,345,354,358,233,288,258,282,218,231,240,355,327,227,170,268,242,204,282,216,253,238,295,220,244,259,194,274,99,149,224,134,232,253,276,264,139,259,207,275,149,230,225,177,300,132,161,189,165,243,203,233,167,234,171,165,209,180,137,228,144,206,125,196,178,85,105,187,115,126,123,195,179,115,176,154,189,171,142,132,153,166,120,160,164,168,171,179,201,118,110,106,166,259,261,306,164,176,180,159,282,178,186,226,162,190,186,154,172,145,249,162,178,168,138,136,155,211,159,145,253,185,189,214,268,176,180,100,143,152,128,128,175,172,168,178,156,178,105,149,145,118,168,122,198,198,147,143,125,229,77,98,159,199,198,246,241,236,166,217,253,238,156,217,220,159,183,155,206,151,176,192,172,157,205,193,151,114,135,131,139,158,163,228,265,170,207,106,136,149,135,102,102,92,206,201,178,103,124,129,90,143,118,208,106,197,134,214,179,168,220,74,134,144,252,249,319,241,252,166
