Hello from MIC
Galois Benchmark Suite v2.2.0 (r0)
Copyright (C) 2013 The University of Texas at Austin
http://iss.ices.utexas.edu/galois/

application: GMetis
Partitions a graph into K parts and minimizing the graph cut
http://iss.ices.utexas.edu/?p=projects/galois/benchmarks/gMetis

INFO: CommandLine /work/02556/dpereira/MIC/apps/gmetis/gmetis -t=164 /work/02556/dpereira/Inputs/USA-road-d.W.gr 1024
INFO: Hostname c558-402-mic0.stampede.tacc.utexas.edu
Created Graph with 6262104 nodes and 15248146 edges
Nodes 6262104| Edges 15248146 7624073

  Starting coarsening: 
Time coarsen:  2334 Size of final graph: 22063

  Sarting initial partitioning using GGGP:
Size in decade percentages:  -1,64 -0,885 1,75
Time clustering:  1069

  Sarting refinnement with BKL2
Initial dist
Size in decade percentages:  -1,64 -0,885 1,75
Refined dist
Size in decade percentages:  -1,362 -0,289 1,372 2,1
Time refinement:  1466


Time:  5049
Total edge cut : 31685

Part saved in : 0x7fff9203d860
STATTYPE,LOOP,CATEGORY,n,sum,T0,T1,T2,T3,T4,T5,T6,T7,T8,T9,T10,T11,T12,T13,T14,T15,T16,T17,T18,T19,T20,T21,T22,T23,T24,T25,T26,T27,T28,T29,T30,T31,T32,T33,T34,T35,T36,T37,T38,T39,T40,T41,T42,T43,T44,T45,T46,T47,T48,T49,T50,T51,T52,T53,T54,T55,T56,T57,T58,T59,T60,T61,T62,T63,T64,T65,T66,T67,T68,T69,T70,T71,T72,T73,T74,T75,T76,T77,T78,T79,T80,T81,T82,T83,T84,T85,T86,T87,T88,T89,T90,T91,T92,T93,T94,T95,T96,T97,T98,T99,T100,T101,T102,T103,T104,T105,T106,T107,T108,T109,T110,T111,T112,T113,T114,T115,T116,T117,T118,T119,T120,T121,T122,T123,T124,T125,T126,T127,T128,T129,T130,T131,T132,T133,T134,T135,T136,T137,T138,T139,T140,T141,T142,T143,T144,T145,T146,T147,T148,T149,T150,T151,T152,T153,T154,T155,T156,T157,T158,T159,T160,T161,T162,T163
STAT,(NULL),Coarsen,164,2334,2334,0,0,0,0,0,0,0,0,0,0,0,0,0,0,0,0,0,0,0,0,0,0,0,0,0,0,0,0,0,0,0,0,0,0,0,0,0,0,0,0,0,0,0,0,0,0,0,0,0,0,0,0,0,0,0,0,0,0,0,0,0,0,0,0,0,0,0,0,0,0,0,0,0,0,0,0,0,0,0,0,0,0,0,0,0,0,0,0,0,0,0,0,0,0,0,0,0,0,0,0,0,0,0,0,0,0,0,0,0,0,0,0,0,0,0,0,0,0,0,0,0,0,0,0,0,0,0,0,0,0,0,0,0,0,0,0,0,0,0,0,0,0,0,0,0,0,0,0,0,0,0,0,0,0,0,0,0,0,0,0,0,0,0
STAT,(NULL),Conflicts,164,0,0,0,0,0,0,0,0,0,0,0,0,0,0,0,0,0,0,0,0,0,0,0,0,0,0,0,0,0,0,0,0,0,0,0,0,0,0,0,0,0,0,0,0,0,0,0,0,0,0,0,0,0,0,0,0,0,0,0,0,0,0,0,0,0,0,0,0,0,0,0,0,0,0,0,0,0,0,0,0,0,0,0,0,0,0,0,0,0,0,0,0,0,0,0,0,0,0,0,0,0,0,0,0,0,0,0,0,0,0,0,0,0,0,0,0,0,0,0,0,0,0,0,0,0,0,0,0,0,0,0,0,0,0,0,0,0,0,0,0,0,0,0,0,0,0,0,0,0,0,0,0,0,0,0,0,0,0,0,0,0,0,0,0,0
STAT,(NULL),Iterations,164,2047,11,13,8,6,17,11,17,6,13,8,15,8,12,22,11,9,9,17,8,14,15,6,19,7,14,6,15,18,9,13,24,7,7,5,6,16,17,16,1,16,16,16,16,27,16,11,23,5,15,15,25,20,12,23,15,12,17,9,10,16,21,24,13,6,6,8,8,16,5,6,9,22,11,11,10,16,7,14,15,3,14,7,12,12,8,6,8,16,20,0,19,19,8,6,7,15,4,16,14,8,15,15,9,12,10,21,20,18,7,14,18,26,12,9,21,11,19,19,7,9,7,19,16,10,12,20,16,10,13,10,13,6,15,16,19,9,11,9,7,16,15,7,10,2,7,8,15,9,11,15,11,17,10,18,14,10,8,3,16,8,7,14,13,12
STAT,(NULL),MeminfoPost,164,756970,4621,4612,4629,4628,4616,4624,4604,4617,4621,4628,4685,4630,4601,4607,4607,4625,4627,4630,4620,4624,4608,4609,4606,4626,4630,4601,4602,4617,4609,4633,4621,4631,4607,4616,4604,4623,4635,4656,4662,4609,4610,4607,4616,4618,4633,4626,4623,4621,4600,4608,4623,4630,4603,4606,4608,4620,4622,4608,4631,4642,4608,4626,4624,4609,4625,4603,4607,4604,4622,4590,4611,4623,4629,4608,4611,4604,4602,4598,4601,4614,4619,4648,4629,4601,4606,4615,4624,4599,4589,4604,4620,4627,4623,4630,4607,4612,4603,4615,4608,4609,4595,4596,4606,4595,4622,4599,4614,4642,4649,4638,4606,4606,4626,4601,4593,4606,4617,4627,4630,4609,4603,4615,4606,4607,4595,4606,4600,4612,4603,4642,4639,4649,4624,4602,4606,4598,4615,4631,4652,4625,4646,4627,4602,4618,4607,4621,4603,4601,4585,4606,4592,4644,4589,4587,4610,4597,4620,4599,4611,4618,4614,4617,4606,4620
STAT,(NULL),MeminfoPre,164,189202,1159,1150,1167,1166,1154,1162,1142,1155,1159,1166,1223,1168,1139,1145,1145,1163,1165,1168,1158,1162,1146,1147,1144,1164,1168,1139,1140,1155,1147,1171,1159,1169,1145,1154,1142,1161,1173,1194,1200,1147,1148,1145,1154,1156,1171,1164,1161,1159,1138,1146,1161,1168,1141,1144,1146,1158,1160,1146,1169,1180,1146,1164,1162,1147,1163,1141,1145,1142,1160,1128,1149,1161,1167,1146,1149,1142,1140,1136,1139,1152,1157,1186,1167,1139,1144,1153,1162,1137,1127,1142,1158,1165,1161,1168,1145,1150,1141,1153,1146,1147,1133,1134,1144,1133,1160,1137,1152,1180,1187,1176,1144,1144,1164,1139,1131,1144,1155,1165,1168,1147,1141,1153,1144,1145,1133,1144,1138,1150,1141,1180,1177,1187,1162,1140,1144,1136,1153,1169,1190,1163,1184,1165,1140,1156,1145,1159,1141,1139,1123,1144,1130,1182,1127,1125,1148,1135,1158,1137,1149,1156,1152,1155,1144,1158
STAT,(NULL),Partition,164,1069,1069,0,0,0,0,0,0,0,0,0,0,0,0,0,0,0,0,0,0,0,0,0,0,0,0,0,0,0,0,0,0,0,0,0,0,0,0,0,0,0,0,0,0,0,0,0,0,0,0,0,0,0,0,0,0,0,0,0,0,0,0,0,0,0,0,0,0,0,0,0,0,0,0,0,0,0,0,0,0,0,0,0,0,0,0,0,0,0,0,0,0,0,0,0,0,0,0,0,0,0,0,0,0,0,0,0,0,0,0,0,0,0,0,0,0,0,0,0,0,0,0,0,0,0,0,0,0,0,0,0,0,0,0,0,0,0,0,0,0,0,0,0,0,0,0,0,0,0,0,0,0,0,0,0,0,0,0,0,0,0,0,0,0,0
STAT,(NULL),Refine,164,1466,1466,0,0,0,0,0,0,0,0,0,0,0,0,0,0,0,0,0,0,0,0,0,0,0,0,0,0,0,0,0,0,0,0,0,0,0,0,0,0,0,0,0,0,0,0,0,0,0,0,0,0,0,0,0,0,0,0,0,0,0,0,0,0,0,0,0,0,0,0,0,0,0,0,0,0,0,0,0,0,0,0,0,0,0,0,0,0,0,0,0,0,0,0,0,0,0,0,0,0,0,0,0,0,0,0,0,0,0,0,0,0,0,0,0,0,0,0,0,0,0,0,0,0,0,0,0,0,0,0,0,0,0,0,0,0,0,0,0,0,0,0,0,0,0,0,0,0,0,0,0,0,0,0,0,0,0,0,0,0,0,0,0,0,0
STAT,(NULL),Threads,164,164,164,0,0,0,0,0,0,0,0,0,0,0,0,0,0,0,0,0,0,0,0,0,0,0,0,0,0,0,0,0,0,0,0,0,0,0,0,0,0,0,0,0,0,0,0,0,0,0,0,0,0,0,0,0,0,0,0,0,0,0,0,0,0,0,0,0,0,0,0,0,0,0,0,0,0,0,0,0,0,0,0,0,0,0,0,0,0,0,0,0,0,0,0,0,0,0,0,0,0,0,0,0,0,0,0,0,0,0,0,0,0,0,0,0,0,0,0,0,0,0,0,0,0,0,0,0,0,0,0,0,0,0,0,0,0,0,0,0,0,0,0,0,0,0,0,0,0,0,0,0,0,0,0,0,0,0,0,0,0,0,0,0,0,0
STAT,(NULL),Time,164,5049,5049,0,0,0,0,0,0,0,0,0,0,0,0,0,0,0,0,0,0,0,0,0,0,0,0,0,0,0,0,0,0,0,0,0,0,0,0,0,0,0,0,0,0,0,0,0,0,0,0,0,0,0,0,0,0,0,0,0,0,0,0,0,0,0,0,0,0,0,0,0,0,0,0,0,0,0,0,0,0,0,0,0,0,0,0,0,0,0,0,0,0,0,0,0,0,0,0,0,0,0,0,0,0,0,0,0,0,0,0,0,0,0,0,0,0,0,0,0,0,0,0,0,0,0,0,0,0,0,0,0,0,0,0,0,0,0,0,0,0,0,0,0,0,0,0,0,0,0,0,0,0,0,0,0,0,0,0,0,0,0,0,0,0,0
STAT,match,Conflicts,164,5875,54,62,50,53,55,47,50,50,44,46,46,46,52,49,49,59,41,49,42,47,46,46,52,49,60,45,52,46,48,42,45,46,43,32,44,39,50,50,38,34,38,45,34,35,49,40,46,34,42,37,44,42,37,36,41,28,48,43,41,32,40,23,21,26,28,30,30,30,29,35,25,28,24,35,31,33,32,31,38,29,36,31,34,31,45,28,30,31,33,30,31,34,29,35,38,28,31,39,39,35,27,28,31,33,35,37,43,31,26,31,21,28,27,32,24,29,31,34,27,29,25,28,29,29,27,30,20,35,27,24,30,30,29,24,34,25,21,33,29,29,28,29,27,32,31,33,31,31,27,29,41,37,31,41,33,34,31,28,36,40,23,25,23,36
STAT,match,Iterations,164,14989038,54725,69476,71636,66350,66341,88308,72182,68237,67254,91625,69991,79044,80254,89601,72100,60887,73966,74477,88030,74022,80702,86435,78760,73885,63836,75011,71657,74340,77485,73238,89465,76384,77537,76357,78334,79319,77499,79707,90532,94194,72125,88612,105720,106007,90118,96535,102802,69834,81741,84240,99013,79482,110308,112571,98099,110443,85366,91077,97438,89843,101967,94074,106538,92246,81309,78195,94511,84614,87001,100617,91860,89249,92749,107993,74807,83882,76035,88480,84096,96784,75022,97152,90347,101138,93770,97891,112237,113896,101034,91946,85574,78148,90643,79999,109772,94135,98552,103600,100757,85272,99622,84986,93652,101290,105285,108536,97730,108708,119899,102077,115390,115790,110268,123444,131473,105459,125092,97165,97893,110169,108635,105741,95248,103299,80151,102438,99963,98915,86662,104495,75667,89425,88898,111526,87855,103953,103690,90424,94265,109733,83023,96604,112065,87889,97750,91217,89632,95626,93372,101539,80512,73991,77916,92500,104212,103567,103537,85786,98274,82655,113980,98738,103849,93444
STAT,popedge,Conflicts,164,0,0,0,0,0,0,0,0,0,0,0,0,0,0,0,0,0,0,0,0,0,0,0,0,0,0,0,0,0,0,0,0,0,0,0,0,0,0,0,0,0,0,0,0,0,0,0,0,0,0,0,0,0,0,0,0,0,0,0,0,0,0,0,0,0,0,0,0,0,0,0,0,0,0,0,0,0,0,0,0,0,0,0,0,0,0,0,0,0,0,0,0,0,0,0,0,0,0,0,0,0,0,0,0,0,0,0,0,0,0,0,0,0,0,0,0,0,0,0,0,0,0,0,0,0,0,0,0,0,0,0,0,0,0,0,0,0,0,0,0,0,0,0,0,0,0,0,0,0,0,0,0,0,0,0,0,0,0,0,0,0,0,0,0,0
STAT,popedge,Iterations,164,7346019,41460,44781,43643,41823,41465,44088,43106,43150,42225,41513,41038,42197,42321,43361,44465,44525,45477,42850,43280,45031,43094,45018,46494,44742,46957,45176,44839,46275,43945,42227,38656,44010,44193,43291,44283,43891,43627,43391,40753,42585,45567,43136,48519,51097,49400,47767,50244,49664,51830,49764,49952,50349,50277,48639,50080,46633,47399,47892,45886,47445,48709,40399,36980,39981,39254,41301,42211,41631,42921,41344,40779,41916,42050,42781,43364,43840,43591,43890,41689,44149,45047,43926,44492,45446,44650,45986,45267,43333,47096,43566,42085,40744,44267,45101,42624,44135,43093,42530,43269,44264,44349,44320,44053,49480,51114,48668,47117,52657,51213,49949,49257,49958,50185,49773,53332,51730,52727,49871,48173,49715,51403,47464,39960,38867,42937,41764,38939,41694,40433,42252,41797,42511,41889,41752,45000,40920,43826,42639,45033,42901,45960,43487,42278,44299,43611,45321,46091,46397,44856,45931,42820,43601,42780,43606,44184,44353,45266,46572,44353,45283,44888,44675,45908,43390
STAT,refine,Conflicts,164,5165,85,85,76,72,65,80,68,73,62,61,67,63,58,57,62,52,50,54,57,54,49,55,51,48,45,54,34,37,47,49,47,31,39,25,37,31,43,42,41,45,32,46,28,42,28,43,32,40,38,31,34,28,31,34,29,40,34,29,48,34,35,22,21,15,16,12,26,18,34,27,28,26,24,24,29,22,26,27,22,20,22,19,26,25,21,16,20,12,17,21,19,17,18,26,19,19,20,26,30,25,16,15,24,17,34,21,27,21,34,28,21,30,19,22,23,26,29,26,22,21,26,22,25,21,21,31,26,22,12,19,17,28,28,17,30,19,25,24,23,21,18,20,20,23,18,15,26,17,11,16,26,13,21,19,29,21,30,18,29,16,24,21,17,20
STAT,refine,Iterations,164,429625,2001,2559,2100,2110,2052,2522,1763,2727,1813,3132,2716,3086,2372,2117,2362,1986,2381,2717,3028,2334,2293,2696,2121,2114,2233,2194,1693,2164,2071,2109,2929,1949,1606,2061,2400,2094,2376,2962,3275,2595,1983,2397,2927,3637,2436,2991,3192,2615,2543,2887,2953,2702,3000,3207,2438,3337,2652,2765,3957,3027,2697,2425,2922,2487,2262,1595,2668,1997,3263,2134,3036,2969,3252,2740,2109,2413,2860,2838,2277,3246,2221,2671,2702,2178,2219,2228,2980,2046,2448,2598,2509,2878,1977,2516,2239,2823,2274,2731,3204,2889,2420,2198,3095,2632,3732,2694,2836,3706,4077,3701,2677,3606,3156,2989,3005,3182,3918,3141,2603,3236,2907,2651,2181,2652,2027,2909,2038,2778,1812,3255,2192,3052,3051,2869,2576,2126,2581,2712,2937,2685,3109,2665,2374,3215,1991,2365,2674,2390,1667,2512,2675,2026,2701,1544,2449,2300,3310,2006,3303,2719,3031,2656,2590,2778
