Hello from MIC
Galois Benchmark Suite v2.2.0 (r0)
Copyright (C) 2013 The University of Texas at Austin
http://iss.ices.utexas.edu/galois/

application: GMetis
Partitions a graph into K parts and minimizing the graph cut
http://iss.ices.utexas.edu/?p=projects/galois/benchmarks/gMetis

INFO: CommandLine /work/02556/dpereira/MIC/apps/gmetis/gmetis -t=135 /work/02556/dpereira/Inputs/USA-road-d.W.gr 1024
INFO: Hostname c558-401-mic0.stampede.tacc.utexas.edu
Created Graph with 6262104 nodes and 15248146 edges
Nodes 6262104| Edges 15248146 7624073

  Starting coarsening: 
Time coarsen:  2252 Size of final graph: 21803

  Sarting initial partitioning using GGGP:
Size in decade percentages:  -1,75 -0,885 1,64
Time clustering:  1006

  Sarting refinnement with BKL2
Initial dist
Size in decade percentages:  -1,75 -0,885 1,64
Refined dist
Size in decade percentages:  -1,371 -0,270 1,382 2,1
Time refinement:  1273


Time:  4710
Total edge cut : 31319

Part saved in : 0x7fffb2f46360
STATTYPE,LOOP,CATEGORY,n,sum,T0,T1,T2,T3,T4,T5,T6,T7,T8,T9,T10,T11,T12,T13,T14,T15,T16,T17,T18,T19,T20,T21,T22,T23,T24,T25,T26,T27,T28,T29,T30,T31,T32,T33,T34,T35,T36,T37,T38,T39,T40,T41,T42,T43,T44,T45,T46,T47,T48,T49,T50,T51,T52,T53,T54,T55,T56,T57,T58,T59,T60,T61,T62,T63,T64,T65,T66,T67,T68,T69,T70,T71,T72,T73,T74,T75,T76,T77,T78,T79,T80,T81,T82,T83,T84,T85,T86,T87,T88,T89,T90,T91,T92,T93,T94,T95,T96,T97,T98,T99,T100,T101,T102,T103,T104,T105,T106,T107,T108,T109,T110,T111,T112,T113,T114,T115,T116,T117,T118,T119,T120,T121,T122,T123,T124,T125,T126,T127,T128,T129,T130,T131,T132,T133,T134
STAT,(NULL),Coarsen,135,2252,2252,0,0,0,0,0,0,0,0,0,0,0,0,0,0,0,0,0,0,0,0,0,0,0,0,0,0,0,0,0,0,0,0,0,0,0,0,0,0,0,0,0,0,0,0,0,0,0,0,0,0,0,0,0,0,0,0,0,0,0,0,0,0,0,0,0,0,0,0,0,0,0,0,0,0,0,0,0,0,0,0,0,0,0,0,0,0,0,0,0,0,0,0,0,0,0,0,0,0,0,0,0,0,0,0,0,0,0,0,0,0,0,0,0,0,0,0,0,0,0,0,0,0,0,0,0,0,0,0,0,0,0,0,0,0
STAT,(NULL),Conflicts,135,0,0,0,0,0,0,0,0,0,0,0,0,0,0,0,0,0,0,0,0,0,0,0,0,0,0,0,0,0,0,0,0,0,0,0,0,0,0,0,0,0,0,0,0,0,0,0,0,0,0,0,0,0,0,0,0,0,0,0,0,0,0,0,0,0,0,0,0,0,0,0,0,0,0,0,0,0,0,0,0,0,0,0,0,0,0,0,0,0,0,0,0,0,0,0,0,0,0,0,0,0,0,0,0,0,0,0,0,0,0,0,0,0,0,0,0,0,0,0,0,0,0,0,0,0,0,0,0,0,0,0,0,0,0,0,0
STAT,(NULL),Iterations,135,2047,11,15,11,13,7,6,11,14,9,6,11,15,11,10,11,21,22,18,14,10,11,10,17,18,17,21,10,19,21,21,11,10,14,21,20,15,18,14,9,11,15,13,21,10,13,13,13,19,15,18,18,12,17,10,18,12,16,18,18,32,21,11,12,7,14,12,15,13,17,14,9,4,22,12,13,18,22,23,13,20,16,16,23,22,25,19,15,24,11,14,16,13,18,10,16,13,17,9,10,15,12,19,12,16,8,13,15,12,22,11,14,8,16,14,14,13,17,29,32,23,24,26,33,11,16,13,7,17,9,23,15,9,5,15,15
STAT,(NULL),MeminfoPost,135,756527,5610,5605,5616,5614,5611,5584,5608,5624,5672,5622,5590,5593,5606,5617,5627,5601,5610,5591,5593,5617,5604,5590,5606,5589,5624,5624,5600,5603,5601,5612,5634,5661,5603,5597,5592,5616,5616,5616,5613,5595,5595,5612,5613,5593,5592,5602,5613,5600,5643,5601,5608,5617,5595,5603,5593,5591,5605,5578,5610,5617,5597,5595,5595,5581,5584,5597,5628,5628,5593,5592,5614,5599,5573,5582,5610,5615,5617,5606,5598,5600,5589,5597,5582,5584,5590,5604,5584,5593,5643,5630,5624,5587,5610,5588,5574,5604,5611,5623,5599,5594,5592,5593,5579,5588,5600,5580,5633,5636,5640,5596,5591,5581,5602,5638,5634,5630,5615,5588,5604,5600,5599,5581,5586,5588,5611,5577,5581,5579,5612,5582,5595,5604,5607,5600,5603
STAT,(NULL),MeminfoPre,135,189122,1407,1402,1413,1411,1408,1381,1405,1421,1469,1419,1387,1390,1403,1414,1424,1398,1407,1388,1390,1414,1401,1387,1403,1386,1421,1421,1397,1400,1398,1409,1431,1458,1400,1394,1389,1413,1413,1413,1410,1392,1392,1409,1410,1390,1389,1399,1410,1397,1440,1398,1405,1414,1392,1400,1390,1388,1402,1375,1407,1414,1394,1392,1392,1378,1381,1394,1425,1425,1390,1389,1411,1396,1370,1379,1407,1412,1414,1403,1395,1397,1386,1394,1379,1381,1387,1401,1381,1390,1440,1427,1421,1384,1407,1385,1371,1401,1408,1420,1396,1391,1389,1390,1376,1385,1397,1377,1430,1433,1437,1393,1388,1378,1399,1435,1431,1427,1412,1385,1401,1397,1396,1378,1383,1385,1408,1374,1378,1376,1409,1379,1392,1401,1404,1397,1400
STAT,(NULL),Partition,135,1006,1006,0,0,0,0,0,0,0,0,0,0,0,0,0,0,0,0,0,0,0,0,0,0,0,0,0,0,0,0,0,0,0,0,0,0,0,0,0,0,0,0,0,0,0,0,0,0,0,0,0,0,0,0,0,0,0,0,0,0,0,0,0,0,0,0,0,0,0,0,0,0,0,0,0,0,0,0,0,0,0,0,0,0,0,0,0,0,0,0,0,0,0,0,0,0,0,0,0,0,0,0,0,0,0,0,0,0,0,0,0,0,0,0,0,0,0,0,0,0,0,0,0,0,0,0,0,0,0,0,0,0,0,0,0,0
STAT,(NULL),Refine,135,1273,1273,0,0,0,0,0,0,0,0,0,0,0,0,0,0,0,0,0,0,0,0,0,0,0,0,0,0,0,0,0,0,0,0,0,0,0,0,0,0,0,0,0,0,0,0,0,0,0,0,0,0,0,0,0,0,0,0,0,0,0,0,0,0,0,0,0,0,0,0,0,0,0,0,0,0,0,0,0,0,0,0,0,0,0,0,0,0,0,0,0,0,0,0,0,0,0,0,0,0,0,0,0,0,0,0,0,0,0,0,0,0,0,0,0,0,0,0,0,0,0,0,0,0,0,0,0,0,0,0,0,0,0,0,0,0
STAT,(NULL),Threads,135,135,135,0,0,0,0,0,0,0,0,0,0,0,0,0,0,0,0,0,0,0,0,0,0,0,0,0,0,0,0,0,0,0,0,0,0,0,0,0,0,0,0,0,0,0,0,0,0,0,0,0,0,0,0,0,0,0,0,0,0,0,0,0,0,0,0,0,0,0,0,0,0,0,0,0,0,0,0,0,0,0,0,0,0,0,0,0,0,0,0,0,0,0,0,0,0,0,0,0,0,0,0,0,0,0,0,0,0,0,0,0,0,0,0,0,0,0,0,0,0,0,0,0,0,0,0,0,0,0,0,0,0,0,0,0,0
STAT,(NULL),Time,135,4710,4710,0,0,0,0,0,0,0,0,0,0,0,0,0,0,0,0,0,0,0,0,0,0,0,0,0,0,0,0,0,0,0,0,0,0,0,0,0,0,0,0,0,0,0,0,0,0,0,0,0,0,0,0,0,0,0,0,0,0,0,0,0,0,0,0,0,0,0,0,0,0,0,0,0,0,0,0,0,0,0,0,0,0,0,0,0,0,0,0,0,0,0,0,0,0,0,0,0,0,0,0,0,0,0,0,0,0,0,0,0,0,0,0,0,0,0,0,0,0,0,0,0,0,0,0,0,0,0,0,0,0,0,0,0,0
STAT,match,Conflicts,135,5672,74,52,56,58,58,72,58,54,52,52,58,58,47,56,41,51,42,44,58,56,49,57,55,43,47,51,47,52,53,50,52,55,48,38,44,44,43,49,44,47,46,44,38,50,47,42,45,41,37,40,34,49,56,46,53,56,57,46,34,46,57,43,34,36,39,31,34,37,29,26,31,37,38,28,39,35,33,24,37,36,38,38,48,40,33,35,31,38,33,36,34,41,40,42,33,42,32,27,39,36,42,44,37,33,41,33,35,36,34,34,34,37,31,35,45,36,42,37,31,34,36,40,42,36,31,36,36,37,34,27,34,28,44,39,29
STAT,match,Iterations,135,14968732,62169,72822,78161,70755,98794,80043,76879,93239,71702,79508,87804,81914,115407,112547,99934,105617,118447,108154,98721,122204,106578,111134,95785,100115,121496,112876,108770,96571,106220,116125,100678,103004,103035,115096,126300,104526,114638,116182,118653,102728,101671,124272,103735,120286,126584,95569,111447,115568,117304,130694,112806,115722,94348,117930,108550,105661,104221,113057,127823,108638,93814,77964,91773,106930,116872,99312,111061,99786,105799,107820,92468,107142,108112,109584,127493,131327,118974,140709,130743,110145,125211,121959,111544,140632,116399,127289,132173,117286,112738,124979,133723,116685,116352,115083,128406,131172,111698,128762,130177,122604,115594,128936,132889,133361,129473,148617,115220,105130,122315,104997,108935,111123,129693,133938,114376,125952,129397,124763,124003,111389,122056,130454,84042,104711,106338,112389,99621,118673,101601,98060,97965,101277,96473,104834,116220
STAT,popedge,Conflicts,135,0,0,0,0,0,0,0,0,0,0,0,0,0,0,0,0,0,0,0,0,0,0,0,0,0,0,0,0,0,0,0,0,0,0,0,0,0,0,0,0,0,0,0,0,0,0,0,0,0,0,0,0,0,0,0,0,0,0,0,0,0,0,0,0,0,0,0,0,0,0,0,0,0,0,0,0,0,0,0,0,0,0,0,0,0,0,0,0,0,0,0,0,0,0,0,0,0,0,0,0,0,0,0,0,0,0,0,0,0,0,0,0,0,0,0,0,0,0,0,0,0,0,0,0,0,0,0,0,0,0,0,0,0,0,0,0
STAT,popedge,Iterations,135,7337131,49496,48031,50082,50455,48148,51179,48213,49767,47226,46845,48759,49734,47509,58298,55187,56808,53925,57162,58134,56699,57986,56690,57387,56947,55855,57039,57595,56158,56885,57727,54766,56196,56127,57029,57791,52544,55243,55872,54814,58922,56093,55297,56327,58069,59037,53049,53161,51975,52208,51848,49464,50752,56660,54550,54927,57674,57707,56348,56232,58538,57021,48802,48975,47269,48011,49964,47029,47600,49458,48659,48818,48443,51529,49874,57686,55846,54977,55017,59277,58458,57793,60168,59651,56712,55390,56992,56764,60222,54472,56488,58906,53350,54807,56487,58589,54886,56351,56410,57009,55066,58875,53789,55801,54065,58193,60914,55474,55177,55462,56819,53711,51796,57258,59437,61568,58923,58182,57669,60001,62015,58083,57882,49568,52593,46868,47213,50232,47523,49605,51398,52655,50658,49493,49280,48579
STAT,refine,Conflicts,135,4770,79,87,89,79,75,71,70,68,72,63,59,65,61,54,60,58,39,45,51,49,67,44,53,50,64,43,50,39,42,47,39,52,28,39,44,42,36,46,41,45,27,48,35,32,40,42,36,45,36,40,37,43,43,29,42,39,27,41,30,27,35,16,19,21,32,17,31,29,22,27,27,24,18,22,27,14,30,23,22,29,20,17,19,25,28,36,27,24,24,23,28,19,30,28,23,32,27,23,35,24,28,25,29,27,19,26,31,35,32,30,21,33,24,25,24,14,23,19,21,14,27,14,27,19,17,20,26,27,33,23,25,19,15,23,14
STAT,refine,Iterations,135,424805,1997,2523,2114,2358,2167,2170,2779,2514,3254,3006,2506,2238,2948,3840,3555,3191,2934,2875,3098,2764,3123,2444,2964,2148,3642,2735,3475,2766,3037,4130,3012,4091,2430,3100,4300,3737,3360,3969,3260,3334,2463,3660,3236,3494,4093,2702,3677,3777,4189,3403,3538,3345,3130,3720,2869,3125,2983,2618,3640,3117,2149,2226,2138,2241,2587,2050,3331,3057,2798,2933,3238,2781,2343,2419,3480,3405,3511,3356,2994,2797,2877,3106,3159,3620,2775,3934,3395,3492,3379,3897,4545,2924,4343,2677,2811,3633,3380,3927,3943,3076,3495,3000,3993,3721,3868,4616,4127,3855,4495,3562,2780,3438,3951,3945,3762,3402,3896,2870,3407,3265,3424,2556,1902,2252,2821,2472,2315,2720,3341,2378,3218,2873,2196,2871,2624
