Hello from MIC
Galois Benchmark Suite v2.2.0 (r0)
Copyright (C) 2013 The University of Texas at Austin
http://iss.ices.utexas.edu/galois/

application: GMetis
Partitions a graph into K parts and minimizing the graph cut
http://iss.ices.utexas.edu/?p=projects/galois/benchmarks/gMetis

INFO: CommandLine /work/02556/dpereira/MIC/apps/gmetis/gmetis -t=174 /work/02556/dpereira/Inputs/USA-road-d.W.gr 128
INFO: Hostname c558-002-mic0.stampede.tacc.utexas.edu
Created Graph with 6262104 nodes and 15248146 edges
Nodes 6262104| Edges 15248146 7624073

  Starting coarsening: 
Time coarsen:  2867 Size of final graph: 3141

  Sarting initial partitioning using GGGP:
Size in decade percentages:  -1,7 -0,118 1,3
Time clustering:  445

  Sarting refinnement with BKL2
Initial dist
Size in decade percentages:  -1,7 -0,118 1,3
Refined dist
Size in decade percentages:  -1,44 0,37 1,47
Time refinement:  1800


Time:  5291
Total edge cut : 7961

Part saved in : 0x7fffefd28c60
STATTYPE,LOOP,CATEGORY,n,sum,T0,T1,T2,T3,T4,T5,T6,T7,T8,T9,T10,T11,T12,T13,T14,T15,T16,T17,T18,T19,T20,T21,T22,T23,T24,T25,T26,T27,T28,T29,T30,T31,T32,T33,T34,T35,T36,T37,T38,T39,T40,T41,T42,T43,T44,T45,T46,T47,T48,T49,T50,T51,T52,T53,T54,T55,T56,T57,T58,T59,T60,T61,T62,T63,T64,T65,T66,T67,T68,T69,T70,T71,T72,T73,T74,T75,T76,T77,T78,T79,T80,T81,T82,T83,T84,T85,T86,T87,T88,T89,T90,T91,T92,T93,T94,T95,T96,T97,T98,T99,T100,T101,T102,T103,T104,T105,T106,T107,T108,T109,T110,T111,T112,T113,T114,T115,T116,T117,T118,T119,T120,T121,T122,T123,T124,T125,T126,T127,T128,T129,T130,T131,T132,T133,T134,T135,T136,T137,T138,T139,T140,T141,T142,T143,T144,T145,T146,T147,T148,T149,T150,T151,T152,T153,T154,T155,T156,T157,T158,T159,T160,T161,T162,T163,T164,T165,T166,T167,T168,T169,T170,T171,T172,T173
STAT,(NULL),Coarsen,174,2867,2867,0,0,0,0,0,0,0,0,0,0,0,0,0,0,0,0,0,0,0,0,0,0,0,0,0,0,0,0,0,0,0,0,0,0,0,0,0,0,0,0,0,0,0,0,0,0,0,0,0,0,0,0,0,0,0,0,0,0,0,0,0,0,0,0,0,0,0,0,0,0,0,0,0,0,0,0,0,0,0,0,0,0,0,0,0,0,0,0,0,0,0,0,0,0,0,0,0,0,0,0,0,0,0,0,0,0,0,0,0,0,0,0,0,0,0,0,0,0,0,0,0,0,0,0,0,0,0,0,0,0,0,0,0,0,0,0,0,0,0,0,0,0,0,0,0,0,0,0,0,0,0,0,0,0,0,0,0,0,0,0,0,0,0,0,0,0,0,0,0,0,0,0,0
STAT,(NULL),Conflicts,174,0,0,0,0,0,0,0,0,0,0,0,0,0,0,0,0,0,0,0,0,0,0,0,0,0,0,0,0,0,0,0,0,0,0,0,0,0,0,0,0,0,0,0,0,0,0,0,0,0,0,0,0,0,0,0,0,0,0,0,0,0,0,0,0,0,0,0,0,0,0,0,0,0,0,0,0,0,0,0,0,0,0,0,0,0,0,0,0,0,0,0,0,0,0,0,0,0,0,0,0,0,0,0,0,0,0,0,0,0,0,0,0,0,0,0,0,0,0,0,0,0,0,0,0,0,0,0,0,0,0,0,0,0,0,0,0,0,0,0,0,0,0,0,0,0,0,0,0,0,0,0,0,0,0,0,0,0,0,0,0,0,0,0,0,0,0,0,0,0,0,0,0,0,0,0
STAT,(NULL),Iterations,174,255,8,7,0,1,0,1,0,0,2,5,2,5,0,0,1,1,2,1,0,2,3,0,1,1,0,0,2,0,2,5,0,0,2,1,3,4,0,1,0,3,0,1,3,2,0,1,0,1,3,0,0,0,0,4,0,1,0,0,5,3,1,7,2,5,0,0,0,5,0,0,0,0,3,0,2,2,0,4,1,0,1,0,1,1,2,0,0,5,3,0,2,2,2,0,0,4,0,0,2,3,1,2,1,0,3,0,3,1,2,0,0,3,0,0,4,6,1,1,0,3,2,2,9,0,0,0,1,0,0,0,1,2,7,5,0,4,0,0,0,0,4,0,5,0,0,3,0,0,1,0,0,0,3,0,0,3,3,0,0,0,3,3,1,1,1,4,1,3,0,2,0,0,0,0
STAT,(NULL),MeminfoPost,174,756771,4353,4342,4363,4360,4357,4340,4354,4339,4356,4368,4373,4398,4360,4338,4344,4339,4359,4358,4363,4346,4367,4350,4334,4343,4361,4363,4336,4342,4340,4351,4337,4371,4356,4361,4345,4353,4332,4357,4366,4377,4404,4359,4335,4342,4340,4352,4360,4364,4357,4360,4352,4335,4344,4348,4370,4340,4339,4343,4342,4364,4349,4347,4386,4349,4347,4360,4356,4338,4359,4339,4341,4339,4356,4329,4336,4352,4360,4351,4339,4347,4343,4334,4335,4345,4333,4357,4379,4361,4336,4342,4339,4369,4333,4328,4329,4349,4353,4361,4360,4362,4341,4338,4346,4345,4342,4344,4327,4334,4337,4330,4359,4336,4328,4367,4383,4370,4370,4337,4340,4362,4333,4326,4340,4349,4357,4365,4345,4340,4352,4336,4346,4329,4332,4339,4349,4333,4340,4379,4369,4382,4355,4342,4341,4332,4343,4355,4380,4372,4364,4375,4350,4334,4360,4333,4352,4341,4334,4322,4339,4335,4368,4330,4324,4346,4321,4345,4348,4337,4343,4352,4349,4354,4337,4351
STAT,(NULL),MeminfoPre,174,189183,1091,1080,1101,1098,1095,1078,1092,1077,1094,1106,1111,1136,1098,1076,1082,1077,1097,1096,1101,1084,1105,1088,1072,1081,1099,1101,1074,1080,1078,1089,1075,1109,1094,1099,1083,1091,1070,1095,1104,1115,1142,1097,1073,1080,1078,1090,1098,1102,1095,1098,1090,1073,1082,1086,1108,1078,1077,1081,1080,1102,1087,1085,1124,1087,1085,1098,1094,1076,1097,1077,1079,1077,1094,1067,1074,1090,1098,1089,1077,1085,1081,1072,1073,1083,1071,1095,1117,1099,1074,1080,1077,1107,1071,1066,1067,1087,1091,1099,1098,1100,1079,1076,1084,1083,1080,1082,1065,1072,1075,1068,1097,1074,1066,1105,1121,1108,1108,1075,1078,1100,1071,1064,1078,1087,1095,1103,1083,1078,1090,1074,1084,1067,1070,1077,1087,1071,1078,1117,1107,1120,1093,1080,1079,1070,1081,1093,1118,1110,1102,1113,1088,1072,1098,1071,1090,1079,1072,1060,1077,1073,1106,1068,1062,1084,1059,1083,1086,1075,1081,1090,1087,1092,1075,1089
STAT,(NULL),Partition,174,445,445,0,0,0,0,0,0,0,0,0,0,0,0,0,0,0,0,0,0,0,0,0,0,0,0,0,0,0,0,0,0,0,0,0,0,0,0,0,0,0,0,0,0,0,0,0,0,0,0,0,0,0,0,0,0,0,0,0,0,0,0,0,0,0,0,0,0,0,0,0,0,0,0,0,0,0,0,0,0,0,0,0,0,0,0,0,0,0,0,0,0,0,0,0,0,0,0,0,0,0,0,0,0,0,0,0,0,0,0,0,0,0,0,0,0,0,0,0,0,0,0,0,0,0,0,0,0,0,0,0,0,0,0,0,0,0,0,0,0,0,0,0,0,0,0,0,0,0,0,0,0,0,0,0,0,0,0,0,0,0,0,0,0,0,0,0,0,0,0,0,0,0,0,0
STAT,(NULL),Refine,174,1800,1800,0,0,0,0,0,0,0,0,0,0,0,0,0,0,0,0,0,0,0,0,0,0,0,0,0,0,0,0,0,0,0,0,0,0,0,0,0,0,0,0,0,0,0,0,0,0,0,0,0,0,0,0,0,0,0,0,0,0,0,0,0,0,0,0,0,0,0,0,0,0,0,0,0,0,0,0,0,0,0,0,0,0,0,0,0,0,0,0,0,0,0,0,0,0,0,0,0,0,0,0,0,0,0,0,0,0,0,0,0,0,0,0,0,0,0,0,0,0,0,0,0,0,0,0,0,0,0,0,0,0,0,0,0,0,0,0,0,0,0,0,0,0,0,0,0,0,0,0,0,0,0,0,0,0,0,0,0,0,0,0,0,0,0,0,0,0,0,0,0,0,0,0,0
STAT,(NULL),Threads,174,174,174,0,0,0,0,0,0,0,0,0,0,0,0,0,0,0,0,0,0,0,0,0,0,0,0,0,0,0,0,0,0,0,0,0,0,0,0,0,0,0,0,0,0,0,0,0,0,0,0,0,0,0,0,0,0,0,0,0,0,0,0,0,0,0,0,0,0,0,0,0,0,0,0,0,0,0,0,0,0,0,0,0,0,0,0,0,0,0,0,0,0,0,0,0,0,0,0,0,0,0,0,0,0,0,0,0,0,0,0,0,0,0,0,0,0,0,0,0,0,0,0,0,0,0,0,0,0,0,0,0,0,0,0,0,0,0,0,0,0,0,0,0,0,0,0,0,0,0,0,0,0,0,0,0,0,0,0,0,0,0,0,0,0,0,0,0,0,0,0,0,0,0,0,0
STAT,(NULL),Time,174,5291,5291,0,0,0,0,0,0,0,0,0,0,0,0,0,0,0,0,0,0,0,0,0,0,0,0,0,0,0,0,0,0,0,0,0,0,0,0,0,0,0,0,0,0,0,0,0,0,0,0,0,0,0,0,0,0,0,0,0,0,0,0,0,0,0,0,0,0,0,0,0,0,0,0,0,0,0,0,0,0,0,0,0,0,0,0,0,0,0,0,0,0,0,0,0,0,0,0,0,0,0,0,0,0,0,0,0,0,0,0,0,0,0,0,0,0,0,0,0,0,0,0,0,0,0,0,0,0,0,0,0,0,0,0,0,0,0,0,0,0,0,0,0,0,0,0,0,0,0,0,0,0,0,0,0,0,0,0,0,0,0,0,0,0,0,0,0,0,0,0,0,0,0,0,0
STAT,match,Conflicts,174,6155,55,47,54,45,58,59,47,48,49,52,56,62,58,56,61,36,40,41,44,46,47,53,50,35,46,47,55,56,49,48,36,35,45,40,40,53,38,41,41,35,39,38,42,46,41,36,41,40,34,33,42,37,34,40,37,40,36,33,40,45,38,30,29,27,27,43,26,25,27,35,22,27,39,24,31,33,23,27,27,30,23,26,28,31,26,35,27,36,29,31,29,35,26,30,37,33,37,33,31,26,33,35,29,33,28,38,24,28,31,28,25,33,24,35,35,30,38,33,33,32,32,31,25,30,26,27,31,34,28,28,31,24,31,35,35,40,34,26,35,27,25,31,32,24,32,27,31,25,27,36,27,34,28,27,34,35,37,30,30,34,30,31,32,41,32,28,28,37,27,35,32,29,30,25
STAT,match,Iterations,174,15007894,54351,63738,75023,72314,72449,60495,68849,78113,67717,63072,66742,69115,67453,98484,89947,86150,84219,70075,71473,55514,68722,77976,82267,86092,71085,69653,50666,75472,76011,55550,80685,93391,79808,78449,91053,61800,82516,50748,71437,77275,80287,78494,91013,65123,72716,86832,73892,84409,94058,90609,77448,83525,101578,82494,95747,96703,94267,94508,92541,93417,109390,92057,83729,82900,96306,83450,101408,90539,96107,87049,103809,121363,112880,107830,85406,99515,85901,89740,78695,97824,105859,92251,92904,92996,91303,77234,103334,78228,113761,88342,97558,82468,86377,80906,74256,94642,98719,70778,102537,98069,71463,76585,100618,78900,100337,86981,77540,75988,102284,76727,109163,91187,82507,90483,105859,84753,89788,98692,101827,91345,111597,100143,91144,88785,98096,89945,102196,74753,103824,91893,108644,81648,97054,93335,81669,84977,93957,80066,85416,89123,90449,80209,80078,106039,94000,106060,87380,92294,74623,68864,102138,75289,81505,86369,92768,86177,90028,86681,87784,76250,88584,103489,87537,92299,80872,101827,86592,72545,105669,75727,71230,81053,88713,111450
STAT,popedge,Conflicts,174,0,0,0,0,0,0,0,0,0,0,0,0,0,0,0,0,0,0,0,0,0,0,0,0,0,0,0,0,0,0,0,0,0,0,0,0,0,0,0,0,0,0,0,0,0,0,0,0,0,0,0,0,0,0,0,0,0,0,0,0,0,0,0,0,0,0,0,0,0,0,0,0,0,0,0,0,0,0,0,0,0,0,0,0,0,0,0,0,0,0,0,0,0,0,0,0,0,0,0,0,0,0,0,0,0,0,0,0,0,0,0,0,0,0,0,0,0,0,0,0,0,0,0,0,0,0,0,0,0,0,0,0,0,0,0,0,0,0,0,0,0,0,0,0,0,0,0,0,0,0,0,0,0,0,0,0,0,0,0,0,0,0,0,0,0,0,0,0,0,0,0,0,0,0,0
STAT,popedge,Iterations,174,7350864,41624,39380,39146,39861,40017,39607,39300,40751,41314,38994,41657,41918,42319,42028,42150,38760,40018,39656,41734,41803,39804,40919,41299,42365,42380,41172,43772,42756,42887,42767,44213,40743,42160,42851,42704,41026,42461,43907,43913,43659,39307,41396,42270,43854,44224,38198,42101,39982,40578,40854,36854,41457,47073,47081,49602,48416,48752,50694,46788,46042,45733,39336,38062,38907,37443,39488,37824,39225,38845,40087,39966,41034,42295,42540,42254,41957,38568,41725,40846,39795,42903,38261,44186,40822,43620,42391,40340,42033,42681,41758,44156,42549,41072,44178,43217,41997,42606,42135,40330,44020,44272,42486,42066,42719,42647,42986,42420,40749,42190,41585,40723,37454,42960,47947,46879,50320,48041,49731,50920,47608,47945,51149,41241,38796,40892,39185,37864,41102,40462,43581,39750,40500,39726,42114,42566,43342,43535,41135,40747,39749,40285,41432,39240,40065,41209,41166,42562,41628,43393,44150,44217,46531,43632,42772,44308,46017,42776,44312,41491,43002,42832,41272,41549,42245,45585,40526,43663,43514,43137,43232,40628,41385,36279,42242
STAT,refine,Conflicts,174,6255,112,119,118,107,103,104,100,86,80,92,94,89,86,80,79,63,54,61,63,76,69,73,64,79,70,58,62,66,46,53,43,40,37,28,43,44,48,38,43,44,43,50,56,38,40,49,39,46,41,42,40,55,50,36,44,48,29,35,34,31,33,25,19,19,27,19,17,30,26,18,18,21,18,24,20,26,19,26,27,19,24,19,23,22,25,24,16,28,28,18,18,22,16,24,19,22,29,19,18,20,28,23,32,25,21,24,27,27,21,16,21,26,26,25,29,29,21,27,24,20,18,24,16,20,23,16,23,29,25,29,20,26,33,22,27,23,38,21,25,25,20,20,17,37,24,23,21,29,24,13,19,18,22,25,13,17,16,24,32,18,34,26,19,22,26,23,13,19,16,20,21,24,18,22
STAT,refine,Iterations,174,133009,740,799,880,741,665,572,727,729,817,723,1087,940,1115,873,1029,721,829,921,601,564,707,1093,592,822,895,752,577,849,761,570,660,748,787,501,545,477,692,621,793,1023,855,790,800,574,542,525,570,813,682,844,746,801,895,853,1006,887,736,586,843,793,444,658,738,819,769,770,709,793,718,577,811,1068,1031,973,692,1092,644,987,763,948,768,603,964,743,911,1055,742,783,875,663,795,843,547,567,695,557,812,564,939,981,839,573,842,688,587,524,551,650,846,664,662,741,681,942,1073,1043,1192,838,1055,917,742,796,554,711,890,636,829,609,709,836,745,674,1022,849,910,905,1124,757,924,1093,796,638,617,1021,735,928,960,817,869,569,873,716,748,600,576,515,469,596,646,650,814,778,619,786,696,793,448,548,584,877,508,657,638,611
