Hello from MIC
Galois Benchmark Suite v2.2.0 (r0)
Copyright (C) 2013 The University of Texas at Austin
http://iss.ices.utexas.edu/galois/

application: GMetis
Partitions a graph into K parts and minimizing the graph cut
http://iss.ices.utexas.edu/?p=projects/galois/benchmarks/gMetis

INFO: CommandLine /work/02556/dpereira/MIC/apps/gmetis/gmetis -t=219 /work/02556/dpereira/Inputs/USA-road-d.W.gr 1024
INFO: Hostname c557-803-mic0.stampede.tacc.utexas.edu
Created Graph with 6262104 nodes and 15248146 edges
Nodes 6262104| Edges 15248146 7624073

  Starting coarsening: 
Time coarsen:  2808 Size of final graph: 22291

  Sarting initial partitioning using GGGP:
Size in decade percentages:  -1,75 -0,880 1,69
Time clustering:  1174

  Sarting refinnement with BKL2
Initial dist
Size in decade percentages:  -1,75 -0,880 1,69
Refined dist
Size in decade percentages:  -1,367 -0,283 1,373 3,1
Time refinement:  1922


Time:  6085
Total edge cut : 31286

Part saved in : 0x7fff69ce4d60
STATTYPE,LOOP,CATEGORY,n,sum,T0,T1,T2,T3,T4,T5,T6,T7,T8,T9,T10,T11,T12,T13,T14,T15,T16,T17,T18,T19,T20,T21,T22,T23,T24,T25,T26,T27,T28,T29,T30,T31,T32,T33,T34,T35,T36,T37,T38,T39,T40,T41,T42,T43,T44,T45,T46,T47,T48,T49,T50,T51,T52,T53,T54,T55,T56,T57,T58,T59,T60,T61,T62,T63,T64,T65,T66,T67,T68,T69,T70,T71,T72,T73,T74,T75,T76,T77,T78,T79,T80,T81,T82,T83,T84,T85,T86,T87,T88,T89,T90,T91,T92,T93,T94,T95,T96,T97,T98,T99,T100,T101,T102,T103,T104,T105,T106,T107,T108,T109,T110,T111,T112,T113,T114,T115,T116,T117,T118,T119,T120,T121,T122,T123,T124,T125,T126,T127,T128,T129,T130,T131,T132,T133,T134,T135,T136,T137,T138,T139,T140,T141,T142,T143,T144,T145,T146,T147,T148,T149,T150,T151,T152,T153,T154,T155,T156,T157,T158,T159,T160,T161,T162,T163,T164,T165,T166,T167,T168,T169,T170,T171,T172,T173,T174,T175,T176,T177,T178,T179,T180,T181,T182,T183,T184,T185,T186,T187,T188,T189,T190,T191,T192,T193,T194,T195,T196,T197,T198,T199,T200,T201,T202,T203,T204,T205,T206,T207,T208,T209,T210,T211,T212,T213,T214,T215,T216,T217,T218
STAT,(NULL),Coarsen,219,2808,2808,0,0,0,0,0,0,0,0,0,0,0,0,0,0,0,0,0,0,0,0,0,0,0,0,0,0,0,0,0,0,0,0,0,0,0,0,0,0,0,0,0,0,0,0,0,0,0,0,0,0,0,0,0,0,0,0,0,0,0,0,0,0,0,0,0,0,0,0,0,0,0,0,0,0,0,0,0,0,0,0,0,0,0,0,0,0,0,0,0,0,0,0,0,0,0,0,0,0,0,0,0,0,0,0,0,0,0,0,0,0,0,0,0,0,0,0,0,0,0,0,0,0,0,0,0,0,0,0,0,0,0,0,0,0,0,0,0,0,0,0,0,0,0,0,0,0,0,0,0,0,0,0,0,0,0,0,0,0,0,0,0,0,0,0,0,0,0,0,0,0,0,0,0,0,0,0,0,0,0,0,0,0,0,0,0,0,0,0,0,0,0,0,0,0,0,0,0,0,0,0,0,0,0,0,0,0,0,0,0,0,0,0,0,0,0,0,0,0
STAT,(NULL),Conflicts,219,0,0,0,0,0,0,0,0,0,0,0,0,0,0,0,0,0,0,0,0,0,0,0,0,0,0,0,0,0,0,0,0,0,0,0,0,0,0,0,0,0,0,0,0,0,0,0,0,0,0,0,0,0,0,0,0,0,0,0,0,0,0,0,0,0,0,0,0,0,0,0,0,0,0,0,0,0,0,0,0,0,0,0,0,0,0,0,0,0,0,0,0,0,0,0,0,0,0,0,0,0,0,0,0,0,0,0,0,0,0,0,0,0,0,0,0,0,0,0,0,0,0,0,0,0,0,0,0,0,0,0,0,0,0,0,0,0,0,0,0,0,0,0,0,0,0,0,0,0,0,0,0,0,0,0,0,0,0,0,0,0,0,0,0,0,0,0,0,0,0,0,0,0,0,0,0,0,0,0,0,0,0,0,0,0,0,0,0,0,0,0,0,0,0,0,0,0,0,0,0,0,0,0,0,0,0,0,0,0,0,0,0,0,0,0,0,0,0,0,0
STAT,(NULL),Iterations,219,2047,11,5,11,11,8,18,8,10,9,5,8,9,15,9,5,17,3,10,6,4,13,4,11,10,13,9,13,6,6,7,12,13,14,7,2,9,13,7,17,18,9,2,17,18,2,8,5,9,6,3,12,10,3,4,2,17,10,8,16,16,12,14,5,14,7,6,9,10,12,12,17,6,6,11,14,11,13,1,8,7,6,11,7,8,6,23,16,12,13,7,12,10,14,11,9,6,15,10,4,6,13,11,3,10,11,7,12,3,15,1,5,7,4,8,7,12,9,22,12,10,11,1,12,6,9,13,7,11,5,10,10,6,4,4,6,5,6,11,4,8,1,14,16,10,6,7,11,4,11,9,6,13,7,16,15,5,2,16,14,5,13,15,13,13,14,8,11,12,9,11,0,6,19,3,9,1,7,4,16,3,8,8,16,18,8,8,12,9,12,6,7,16,11,3,9,11,6,14,7,8,3,7,12,10,7,11,4,15,8,7,6,7,20,11,10,15,10,3,14
STAT,(NULL),MeminfoPost,219,756856,3462,3450,3458,3467,3464,3468,3452,3461,3442,3448,3466,3464,3467,3490,3500,3464,3442,3455,3450,3444,3468,3456,3466,3470,3456,3464,3465,3445,3446,3457,3448,3469,3467,3447,3449,3448,3454,3459,3444,3474,3469,3461,3458,3454,3463,3446,3452,3457,3470,3464,3515,3477,3460,3445,3454,3451,3452,3457,3464,3464,3477,3450,3462,3461,3441,3454,3447,3462,3460,3472,3444,3446,3449,3454,3462,3459,3454,3455,3479,3474,3450,3456,3464,3462,3452,3457,3458,3449,3452,3445,3453,3461,3437,3442,3457,3462,3464,3457,3452,3454,3446,3453,3442,3440,3446,3457,3444,3460,3480,3479,3455,3443,3450,3447,3465,3460,3444,3439,3435,3447,3458,3460,3461,3468,3466,3460,3450,3453,3443,3464,3443,3451,3451,3447,3445,3437,3446,3446,3441,3468,3445,3438,3468,3471,3481,3472,3475,3451,3449,3447,3470,3447,3436,3438,3454,3457,3463,3467,3464,3448,3453,3446,3455,3450,3454,3438,3443,3446,3441,3463,3444,3440,3468,3483,3472,3485,3468,3452,3445,3452,3441,3446,3457,3468,3480,3479,3461,3478,3476,3453,3441,3450,3457,3451,3464,3445,3447,3437,3438,3452,3448,3464,3454,3439,3438,3444,3446,3442,3458,3449,3443,3450,3454,3459,3457,3455,3459,3451,3451
STAT,(NULL),MeminfoPre,219,189208,870,858,866,875,872,876,860,869,850,856,874,872,875,898,908,872,850,863,858,852,876,864,874,878,864,872,873,853,854,865,856,877,875,855,857,856,862,867,852,882,877,869,866,862,871,854,860,865,878,872,923,885,868,853,862,859,860,865,872,872,885,858,870,869,849,862,855,870,868,880,852,854,857,862,870,867,862,863,887,882,858,864,872,870,860,865,866,857,860,853,861,869,845,850,865,870,872,865,860,862,854,861,850,848,854,865,852,868,888,887,863,851,858,855,873,868,852,847,843,855,866,868,869,876,874,868,858,861,851,872,851,859,859,855,853,845,854,854,849,876,853,846,876,879,889,880,883,859,857,855,878,855,844,846,862,865,871,875,872,856,861,854,863,858,862,846,851,854,849,871,852,848,876,891,880,893,876,860,853,860,849,854,865,876,888,887,869,886,884,861,849,858,865,859,872,853,855,845,846,860,856,872,862,847,846,852,854,850,866,857,851,858,862,867,865,863,867,859,859
STAT,(NULL),Partition,219,1174,1174,0,0,0,0,0,0,0,0,0,0,0,0,0,0,0,0,0,0,0,0,0,0,0,0,0,0,0,0,0,0,0,0,0,0,0,0,0,0,0,0,0,0,0,0,0,0,0,0,0,0,0,0,0,0,0,0,0,0,0,0,0,0,0,0,0,0,0,0,0,0,0,0,0,0,0,0,0,0,0,0,0,0,0,0,0,0,0,0,0,0,0,0,0,0,0,0,0,0,0,0,0,0,0,0,0,0,0,0,0,0,0,0,0,0,0,0,0,0,0,0,0,0,0,0,0,0,0,0,0,0,0,0,0,0,0,0,0,0,0,0,0,0,0,0,0,0,0,0,0,0,0,0,0,0,0,0,0,0,0,0,0,0,0,0,0,0,0,0,0,0,0,0,0,0,0,0,0,0,0,0,0,0,0,0,0,0,0,0,0,0,0,0,0,0,0,0,0,0,0,0,0,0,0,0,0,0,0,0,0,0,0,0,0,0,0,0,0,0
STAT,(NULL),Refine,219,1922,1922,0,0,0,0,0,0,0,0,0,0,0,0,0,0,0,0,0,0,0,0,0,0,0,0,0,0,0,0,0,0,0,0,0,0,0,0,0,0,0,0,0,0,0,0,0,0,0,0,0,0,0,0,0,0,0,0,0,0,0,0,0,0,0,0,0,0,0,0,0,0,0,0,0,0,0,0,0,0,0,0,0,0,0,0,0,0,0,0,0,0,0,0,0,0,0,0,0,0,0,0,0,0,0,0,0,0,0,0,0,0,0,0,0,0,0,0,0,0,0,0,0,0,0,0,0,0,0,0,0,0,0,0,0,0,0,0,0,0,0,0,0,0,0,0,0,0,0,0,0,0,0,0,0,0,0,0,0,0,0,0,0,0,0,0,0,0,0,0,0,0,0,0,0,0,0,0,0,0,0,0,0,0,0,0,0,0,0,0,0,0,0,0,0,0,0,0,0,0,0,0,0,0,0,0,0,0,0,0,0,0,0,0,0,0,0,0,0,0
STAT,(NULL),Threads,219,219,219,0,0,0,0,0,0,0,0,0,0,0,0,0,0,0,0,0,0,0,0,0,0,0,0,0,0,0,0,0,0,0,0,0,0,0,0,0,0,0,0,0,0,0,0,0,0,0,0,0,0,0,0,0,0,0,0,0,0,0,0,0,0,0,0,0,0,0,0,0,0,0,0,0,0,0,0,0,0,0,0,0,0,0,0,0,0,0,0,0,0,0,0,0,0,0,0,0,0,0,0,0,0,0,0,0,0,0,0,0,0,0,0,0,0,0,0,0,0,0,0,0,0,0,0,0,0,0,0,0,0,0,0,0,0,0,0,0,0,0,0,0,0,0,0,0,0,0,0,0,0,0,0,0,0,0,0,0,0,0,0,0,0,0,0,0,0,0,0,0,0,0,0,0,0,0,0,0,0,0,0,0,0,0,0,0,0,0,0,0,0,0,0,0,0,0,0,0,0,0,0,0,0,0,0,0,0,0,0,0,0,0,0,0,0,0,0,0,0
STAT,(NULL),Time,219,6085,6085,0,0,0,0,0,0,0,0,0,0,0,0,0,0,0,0,0,0,0,0,0,0,0,0,0,0,0,0,0,0,0,0,0,0,0,0,0,0,0,0,0,0,0,0,0,0,0,0,0,0,0,0,0,0,0,0,0,0,0,0,0,0,0,0,0,0,0,0,0,0,0,0,0,0,0,0,0,0,0,0,0,0,0,0,0,0,0,0,0,0,0,0,0,0,0,0,0,0,0,0,0,0,0,0,0,0,0,0,0,0,0,0,0,0,0,0,0,0,0,0,0,0,0,0,0,0,0,0,0,0,0,0,0,0,0,0,0,0,0,0,0,0,0,0,0,0,0,0,0,0,0,0,0,0,0,0,0,0,0,0,0,0,0,0,0,0,0,0,0,0,0,0,0,0,0,0,0,0,0,0,0,0,0,0,0,0,0,0,0,0,0,0,0,0,0,0,0,0,0,0,0,0,0,0,0,0,0,0,0,0,0,0,0,0,0,0,0,0
STAT,match,Conflicts,219,6009,43,46,38,41,43,44,41,44,42,46,45,41,42,32,36,32,41,38,29,30,33,33,37,36,39,42,41,38,34,36,34,35,30,28,36,40,30,31,39,29,36,27,32,31,33,38,33,38,29,30,31,30,37,38,30,40,27,27,33,33,33,22,28,22,27,25,24,16,23,33,26,19,18,29,20,28,25,25,23,22,18,23,24,28,24,24,22,29,25,25,27,20,28,23,23,24,22,26,28,25,26,28,21,24,22,23,24,25,25,35,21,24,30,24,28,19,23,28,22,32,29,21,21,27,21,23,24,28,27,36,21,21,21,21,25,24,20,20,24,26,25,22,23,27,28,20,26,24,22,20,23,20,18,25,22,36,26,28,30,21,22,18,28,24,23,20,28,21,22,25,23,21,30,28,24,30,25,27,24,25,25,26,18,20,32,18,26,22,22,23,24,26,24,30,24,24,22,23,32,27,20,17,24,19,25,19,23,26,25,32,24,21,24,18,22,18,31,23,28
STAT,match,Iterations,219,15014141,43056,49626,44919,62023,43645,52304,39902,58557,57458,45785,48139,53531,45538,69898,48195,59451,50878,63709,46274,48600,51057,51350,54156,44678,55135,43040,84192,56084,55391,56773,47581,62406,48597,68956,50024,58696,77964,51177,74155,63173,82909,70621,61989,58647,63791,55164,58300,64580,68281,68380,62259,58123,59669,68976,67065,68370,83057,71095,59884,80447,47594,56151,70876,62560,64959,71457,64220,68639,75981,60191,75219,60508,73852,52681,66602,53893,68193,62286,74874,66506,70224,56955,70180,76186,67769,65358,72375,89781,70643,78028,59258,54608,67644,63570,84260,61744,79999,79309,88904,81069,61878,88838,85753,96454,91552,77433,82495,50414,59791,70990,90675,73896,59835,78031,80246,84249,96780,60570,76936,77823,56527,88053,58193,84650,68813,81914,67169,92297,60734,65512,53911,82461,83652,66873,50765,62599,69497,74826,78494,94542,59742,43081,64675,72413,68188,89279,61965,82846,60017,72381,63223,77970,69533,69084,55674,82384,72643,75755,74311,67331,73576,87149,73288,82243,94471,73529,55183,84984,89243,71093,73437,87173,70110,76193,73762,95412,71028,98984,86364,84642,74108,76375,85794,49583,75022,61760,76818,69446,64936,73699,80694,76055,70643,69353,67860,73879,71440,78339,85081,70921,86888,73369,63856,65968,64385,70996,75653,68765,63773,73333,70884,83396,71510,58501,67736,69864,60325,57283,92584
STAT,popedge,Conflicts,219,0,0,0,0,0,0,0,0,0,0,0,0,0,0,0,0,0,0,0,0,0,0,0,0,0,0,0,0,0,0,0,0,0,0,0,0,0,0,0,0,0,0,0,0,0,0,0,0,0,0,0,0,0,0,0,0,0,0,0,0,0,0,0,0,0,0,0,0,0,0,0,0,0,0,0,0,0,0,0,0,0,0,0,0,0,0,0,0,0,0,0,0,0,0,0,0,0,0,0,0,0,0,0,0,0,0,0,0,0,0,0,0,0,0,0,0,0,0,0,0,0,0,0,0,0,0,0,0,0,0,0,0,0,0,0,0,0,0,0,0,0,0,0,0,0,0,0,0,0,0,0,0,0,0,0,0,0,0,0,0,0,0,0,0,0,0,0,0,0,0,0,0,0,0,0,0,0,0,0,0,0,0,0,0,0,0,0,0,0,0,0,0,0,0,0,0,0,0,0,0,0,0,0,0,0,0,0,0,0,0,0,0,0,0,0,0,0,0,0,0
STAT,popedge,Iterations,219,7354724,30134,31444,30473,31324,31339,30693,33374,32508,31523,33077,30927,31809,30525,32128,29654,31824,31027,34027,30860,31880,31879,34854,31178,31908,32984,32730,31762,32021,32625,33969,32821,32926,33157,32907,30547,33486,36402,35092,36713,34894,35966,37451,38115,36588,36954,38952,36126,36864,32516,37583,35537,37688,35437,36082,35890,37577,37110,35492,36053,35119,34947,32715,32168,31063,31140,30652,32815,31498,33242,33025,31022,31821,31303,32135,31547,31469,31194,31327,32512,30511,30962,32024,31710,31944,31765,31116,30746,33210,32034,30551,32880,32950,33815,32425,34167,32211,32768,36187,34744,35865,34911,36539,37455,37764,35913,34765,36816,35238,35061,34859,37671,37343,35974,35198,37499,37769,39174,38959,38347,36773,36378,34189,31555,31131,30286,31607,31903,31064,31332,32019,31801,31567,31501,32031,32198,31498,31090,31357,31699,32080,32333,32938,33001,31359,31033,31241,32568,31618,33018,33124,31896,32958,31507,34958,31151,31715,33851,32018,35853,35347,35384,36404,39131,37241,36352,36513,35745,37201,33273,36400,34683,36538,38113,36489,37506,37149,38651,39795,37230,36622,37522,36531,36587,32214,33163,31692,32297,31901,32345,31914,32125,32109,31935,31914,32452,31423,32167,31282,32192,30310,30624,31487,32472,33691,31223,34002,31884,31692,31398,33544,32592,32854,34122,32400,33777,32651,34363,32662,34305
STAT,refine,Conflicts,219,6173,90,81,78,83,80,77,71,69,63,71,65,60,66,65,62,59,43,50,47,48,46,53,52,42,51,53,54,44,48,41,34,36,30,42,31,29,33,28,40,27,38,27,31,46,44,37,27,38,52,31,34,41,35,54,37,37,31,33,33,40,39,19,21,22,24,22,19,24,22,17,20,24,17,18,23,20,23,16,18,18,22,13,26,25,21,13,28,27,16,29,17,15,21,21,14,18,19,22,27,22,15,26,17,21,34,26,21,13,25,15,20,24,17,21,32,23,34,14,18,19,21,26,18,25,20,25,21,24,17,14,18,25,20,12,26,16,17,14,27,24,17,14,23,21,21,23,22,29,24,17,17,32,17,21,18,25,20,19,19,10,24,19,27,25,25,20,20,18,20,24,17,12,31,27,16,30,30,25,26,17,22,24,17,19,21,20,22,18,19,24,16,17,18,28,18,24,15,16,16,15,19,18,18,13,17,21,29,25,19,15,18,20,18,16,14,12,23,13,19
STAT,refine,Iterations,219,428308,1446,2225,1400,2267,1410,1753,1342,1662,1908,1686,1609,1544,1395,2052,2294,2462,1597,1637,1093,1104,1908,1684,1932,1758,1574,1692,2337,1710,1623,2047,1325,2199,1649,2146,1720,2329,1960,998,1984,1836,2228,2062,2361,1921,2341,2077,1620,2558,2458,1788,2391,2336,1904,2673,1664,2362,1886,1637,1978,2195,1891,1921,2016,1773,1658,1939,1712,2212,1966,1692,1775,1663,1436,1435,1631,1568,1992,1857,2281,1678,1663,1578,2070,2437,1597,1572,1648,2130,1641,2132,2157,1695,2353,1445,2354,2042,2656,2352,2125,2224,1558,3086,2255,3034,2834,1988,2408,1651,2388,2482,2449,2010,1890,1840,3412,2430,2591,1423,1868,2090,1732,2466,1387,2259,1506,2297,1954,2157,1266,1723,1619,1455,1830,1269,1560,1328,1717,1733,1919,2451,1541,1053,1958,1854,1862,2161,2179,2189,1900,1859,2022,2438,1487,1975,1312,2437,2251,2220,2228,1507,2017,1816,2509,2125,2711,1763,2030,2458,1827,2816,2040,1807,3182,2519,2369,3327,2689,2813,2054,1922,2055,2101,2337,1738,2483,1763,2058,2132,1656,1980,1680,1890,2049,1994,1777,1880,1319,1633,1773,1399,1492,1963,1298,1725,1847,1999,2051,1775,1894,1827,1729,1837,2256,1515,2028,1498,2354,1467,2810
