Hello from MIC
Galois Benchmark Suite v2.2.0 (r0)
Copyright (C) 2013 The University of Texas at Austin
http://iss.ices.utexas.edu/galois/

application: GMetis
Partitions a graph into K parts and minimizing the graph cut
http://iss.ices.utexas.edu/?p=projects/galois/benchmarks/gMetis

INFO: CommandLine /work/02556/dpereira/MIC/apps/gmetis/gmetis -t=228 /work/02556/dpereira/Inputs/USA-road-d.W.gr 16
INFO: Hostname c558-003-mic0.stampede.tacc.utexas.edu
Created Graph with 6262104 nodes and 15248146 edges
Nodes 6262104| Edges 15248146 7624073

  Starting coarsening: 
Time coarsen:  4908 Size of final graph: 443

  Sarting initial partitioning using GGGP:
Size in decade percentages:  -0,16
Time clustering:  379

  Sarting refinnement with BKL2
Initial dist
Size in decade percentages:  -0,16
Refined dist
Size in decade percentages:  -1,4 0,8 1,4
Time refinement:  3217


Time:  8683
Total edge cut : 1752

Part saved in : 0x7fff0bfff360
STATTYPE,LOOP,CATEGORY,n,sum,T0,T1,T2,T3,T4,T5,T6,T7,T8,T9,T10,T11,T12,T13,T14,T15,T16,T17,T18,T19,T20,T21,T22,T23,T24,T25,T26,T27,T28,T29,T30,T31,T32,T33,T34,T35,T36,T37,T38,T39,T40,T41,T42,T43,T44,T45,T46,T47,T48,T49,T50,T51,T52,T53,T54,T55,T56,T57,T58,T59,T60,T61,T62,T63,T64,T65,T66,T67,T68,T69,T70,T71,T72,T73,T74,T75,T76,T77,T78,T79,T80,T81,T82,T83,T84,T85,T86,T87,T88,T89,T90,T91,T92,T93,T94,T95,T96,T97,T98,T99,T100,T101,T102,T103,T104,T105,T106,T107,T108,T109,T110,T111,T112,T113,T114,T115,T116,T117,T118,T119,T120,T121,T122,T123,T124,T125,T126,T127,T128,T129,T130,T131,T132,T133,T134,T135,T136,T137,T138,T139,T140,T141,T142,T143,T144,T145,T146,T147,T148,T149,T150,T151,T152,T153,T154,T155,T156,T157,T158,T159,T160,T161,T162,T163,T164,T165,T166,T167,T168,T169,T170,T171,T172,T173,T174,T175,T176,T177,T178,T179,T180,T181,T182,T183,T184,T185,T186,T187,T188,T189,T190,T191,T192,T193,T194,T195,T196,T197,T198,T199,T200,T201,T202,T203,T204,T205,T206,T207,T208,T209,T210,T211,T212,T213,T214,T215,T216,T217,T218,T219,T220,T221,T222,T223,T224,T225,T226,T227
STAT,(NULL),Coarsen,228,4908,4908,0,0,0,0,0,0,0,0,0,0,0,0,0,0,0,0,0,0,0,0,0,0,0,0,0,0,0,0,0,0,0,0,0,0,0,0,0,0,0,0,0,0,0,0,0,0,0,0,0,0,0,0,0,0,0,0,0,0,0,0,0,0,0,0,0,0,0,0,0,0,0,0,0,0,0,0,0,0,0,0,0,0,0,0,0,0,0,0,0,0,0,0,0,0,0,0,0,0,0,0,0,0,0,0,0,0,0,0,0,0,0,0,0,0,0,0,0,0,0,0,0,0,0,0,0,0,0,0,0,0,0,0,0,0,0,0,0,0,0,0,0,0,0,0,0,0,0,0,0,0,0,0,0,0,0,0,0,0,0,0,0,0,0,0,0,0,0,0,0,0,0,0,0,0,0,0,0,0,0,0,0,0,0,0,0,0,0,0,0,0,0,0,0,0,0,0,0,0,0,0,0,0,0,0,0,0,0,0,0,0,0,0,0,0,0,0,0,0,0,0,0,0,0,0,0,0,0
STAT,(NULL),Conflicts,228,0,0,0,0,0,0,0,0,0,0,0,0,0,0,0,0,0,0,0,0,0,0,0,0,0,0,0,0,0,0,0,0,0,0,0,0,0,0,0,0,0,0,0,0,0,0,0,0,0,0,0,0,0,0,0,0,0,0,0,0,0,0,0,0,0,0,0,0,0,0,0,0,0,0,0,0,0,0,0,0,0,0,0,0,0,0,0,0,0,0,0,0,0,0,0,0,0,0,0,0,0,0,0,0,0,0,0,0,0,0,0,0,0,0,0,0,0,0,0,0,0,0,0,0,0,0,0,0,0,0,0,0,0,0,0,0,0,0,0,0,0,0,0,0,0,0,0,0,0,0,0,0,0,0,0,0,0,0,0,0,0,0,0,0,0,0,0,0,0,0,0,0,0,0,0,0,0,0,0,0,0,0,0,0,0,0,0,0,0,0,0,0,0,0,0,0,0,0,0,0,0,0,0,0,0,0,0,0,0,0,0,0,0,0,0,0,0,0,0,0,0,0,0,0,0,0,0,0,0
STAT,(NULL),Iterations,228,31,5,0,0,0,0,0,0,0,0,0,0,0,0,0,0,0,0,0,0,0,0,0,0,0,0,0,0,0,0,0,2,0,0,0,0,0,0,0,0,0,0,0,0,0,0,0,0,0,0,0,0,0,0,0,1,0,0,0,0,0,1,0,0,0,0,0,0,0,0,0,0,0,0,0,0,0,0,0,0,0,0,0,0,0,0,0,0,1,0,0,0,0,0,0,0,0,0,0,0,0,0,0,0,0,0,1,0,0,0,0,0,0,1,0,0,0,0,1,0,0,0,0,1,0,0,0,0,0,0,0,0,0,0,0,0,0,0,0,4,3,0,0,0,0,0,0,0,0,0,0,0,0,0,0,0,0,0,0,0,0,0,0,0,0,0,0,0,0,0,0,0,0,1,0,0,0,2,0,0,2,0,0,0,0,0,0,0,0,0,3,0,0,0,0,0,0,0,0,0,0,2,0,0,0,0,0,0,0,0,0,0,0,0,0,0,0,0,0,0,0,0,0,0,0,0,0,0,0
STAT,(NULL),MeminfoPost,228,756954,3326,3316,3323,3326,3329,3324,3324,3314,3327,3308,3333,3310,3337,3333,3370,3342,3322,3308,3317,3319,3308,3326,3324,3327,3336,3321,3328,3324,3316,3311,3312,3316,3331,3337,3313,3314,3307,3315,3319,3325,3318,3327,3328,3333,3316,3316,3328,3312,3322,3318,3334,3325,3375,3342,3331,3308,3318,3314,3310,3333,3316,3336,3326,3328,3325,3324,3319,3308,3314,3317,3329,3327,3326,3310,3312,3312,3318,3322,3327,3319,3316,3332,3353,3313,3316,3327,3327,3324,3313,3326,3318,3311,3315,3312,3326,3315,3302,3308,3322,3326,3328,3321,3316,3316,3313,3315,3307,3307,3315,3316,3310,3312,3338,3342,3329,3319,3308,3316,3309,3336,3318,3307,3302,3302,3312,3322,3324,3327,3329,3327,3331,3312,3322,3303,3321,3318,3310,3318,3315,3301,3310,3305,3317,3301,3325,3317,3309,3303,3335,3339,3343,3335,3339,3317,3311,3312,3329,3316,3304,3302,3312,3321,3323,3328,3331,3318,3320,3309,3324,3310,3313,3317,3305,3305,3314,3303,3327,3309,3303,3332,3344,3339,3345,3337,3318,3311,3313,3312,3305,3319,3320,3340,3348,3332,3330,3341,3334,3312,3309,3320,3317,3315,3327,3307,3312,3308,3299,3317,3307,3302,3346,3306,3305,3297,3330,3289,3303,3339,3303,3313,3318,3317,3323,3320,3320,3322,3317,3316
STAT,(NULL),MeminfoPre,228,189234,836,826,833,836,839,834,834,824,837,818,843,820,847,843,880,852,832,818,827,829,818,836,834,837,846,831,838,834,826,821,822,826,841,847,823,824,817,825,829,835,828,837,838,843,826,826,838,822,832,828,844,835,885,852,841,818,828,824,820,843,826,846,836,838,835,834,829,818,824,827,839,837,836,820,822,822,828,832,837,829,826,842,863,823,826,837,837,834,823,836,828,821,825,822,836,825,812,818,832,836,838,831,826,826,823,825,817,817,825,826,820,822,848,852,839,829,818,826,819,846,828,817,812,812,822,832,834,837,839,837,841,822,832,813,831,828,820,828,825,811,820,815,827,811,835,827,819,813,845,849,853,845,849,827,821,822,839,826,814,812,822,831,833,838,841,828,830,819,834,820,823,827,815,815,824,813,837,819,813,842,854,849,855,847,828,821,823,822,815,829,830,850,858,842,840,851,844,822,819,830,827,825,837,817,822,818,809,827,817,812,856,816,815,807,840,799,813,849,813,823,828,827,833,830,830,832,827,826
STAT,(NULL),Partition,228,379,379,0,0,0,0,0,0,0,0,0,0,0,0,0,0,0,0,0,0,0,0,0,0,0,0,0,0,0,0,0,0,0,0,0,0,0,0,0,0,0,0,0,0,0,0,0,0,0,0,0,0,0,0,0,0,0,0,0,0,0,0,0,0,0,0,0,0,0,0,0,0,0,0,0,0,0,0,0,0,0,0,0,0,0,0,0,0,0,0,0,0,0,0,0,0,0,0,0,0,0,0,0,0,0,0,0,0,0,0,0,0,0,0,0,0,0,0,0,0,0,0,0,0,0,0,0,0,0,0,0,0,0,0,0,0,0,0,0,0,0,0,0,0,0,0,0,0,0,0,0,0,0,0,0,0,0,0,0,0,0,0,0,0,0,0,0,0,0,0,0,0,0,0,0,0,0,0,0,0,0,0,0,0,0,0,0,0,0,0,0,0,0,0,0,0,0,0,0,0,0,0,0,0,0,0,0,0,0,0,0,0,0,0,0,0,0,0,0,0,0,0,0,0,0,0,0,0,0
STAT,(NULL),Refine,228,3217,3217,0,0,0,0,0,0,0,0,0,0,0,0,0,0,0,0,0,0,0,0,0,0,0,0,0,0,0,0,0,0,0,0,0,0,0,0,0,0,0,0,0,0,0,0,0,0,0,0,0,0,0,0,0,0,0,0,0,0,0,0,0,0,0,0,0,0,0,0,0,0,0,0,0,0,0,0,0,0,0,0,0,0,0,0,0,0,0,0,0,0,0,0,0,0,0,0,0,0,0,0,0,0,0,0,0,0,0,0,0,0,0,0,0,0,0,0,0,0,0,0,0,0,0,0,0,0,0,0,0,0,0,0,0,0,0,0,0,0,0,0,0,0,0,0,0,0,0,0,0,0,0,0,0,0,0,0,0,0,0,0,0,0,0,0,0,0,0,0,0,0,0,0,0,0,0,0,0,0,0,0,0,0,0,0,0,0,0,0,0,0,0,0,0,0,0,0,0,0,0,0,0,0,0,0,0,0,0,0,0,0,0,0,0,0,0,0,0,0,0,0,0,0,0,0,0,0,0
STAT,(NULL),Threads,228,228,228,0,0,0,0,0,0,0,0,0,0,0,0,0,0,0,0,0,0,0,0,0,0,0,0,0,0,0,0,0,0,0,0,0,0,0,0,0,0,0,0,0,0,0,0,0,0,0,0,0,0,0,0,0,0,0,0,0,0,0,0,0,0,0,0,0,0,0,0,0,0,0,0,0,0,0,0,0,0,0,0,0,0,0,0,0,0,0,0,0,0,0,0,0,0,0,0,0,0,0,0,0,0,0,0,0,0,0,0,0,0,0,0,0,0,0,0,0,0,0,0,0,0,0,0,0,0,0,0,0,0,0,0,0,0,0,0,0,0,0,0,0,0,0,0,0,0,0,0,0,0,0,0,0,0,0,0,0,0,0,0,0,0,0,0,0,0,0,0,0,0,0,0,0,0,0,0,0,0,0,0,0,0,0,0,0,0,0,0,0,0,0,0,0,0,0,0,0,0,0,0,0,0,0,0,0,0,0,0,0,0,0,0,0,0,0,0,0,0,0,0,0,0,0,0,0,0,0
STAT,(NULL),Time,228,8683,8683,0,0,0,0,0,0,0,0,0,0,0,0,0,0,0,0,0,0,0,0,0,0,0,0,0,0,0,0,0,0,0,0,0,0,0,0,0,0,0,0,0,0,0,0,0,0,0,0,0,0,0,0,0,0,0,0,0,0,0,0,0,0,0,0,0,0,0,0,0,0,0,0,0,0,0,0,0,0,0,0,0,0,0,0,0,0,0,0,0,0,0,0,0,0,0,0,0,0,0,0,0,0,0,0,0,0,0,0,0,0,0,0,0,0,0,0,0,0,0,0,0,0,0,0,0,0,0,0,0,0,0,0,0,0,0,0,0,0,0,0,0,0,0,0,0,0,0,0,0,0,0,0,0,0,0,0,0,0,0,0,0,0,0,0,0,0,0,0,0,0,0,0,0,0,0,0,0,0,0,0,0,0,0,0,0,0,0,0,0,0,0,0,0,0,0,0,0,0,0,0,0,0,0,0,0,0,0,0,0,0,0,0,0,0,0,0,0,0,0,0,0,0,0,0,0,0,0
STAT,match,Conflicts,228,6542,42,43,40,39,40,48,44,47,41,42,56,40,47,36,38,37,36,37,41,39,37,39,42,31,32,45,37,34,49,37,38,29,34,35,32,40,31,35,31,38,39,34,33,34,38,33,39,40,48,31,42,34,35,29,43,34,25,38,31,28,37,19,30,29,22,23,30,28,27,26,21,25,19,20,25,24,18,18,22,29,21,26,26,26,26,27,30,26,24,19,25,26,26,25,21,23,24,27,24,23,22,27,24,23,34,25,30,34,28,31,27,24,22,28,23,22,29,28,30,23,28,18,27,23,24,27,30,28,27,24,21,24,36,27,23,27,22,27,26,26,18,21,29,33,24,26,21,27,24,26,25,22,23,32,23,30,31,24,24,27,27,23,30,27,24,31,23,31,29,23,30,28,29,24,27,24,23,27,26,27,20,24,37,27,33,22,26,20,24,22,25,20,27,22,17,22,25,22,24,23,24,22,26,24,34,26,29,23,30,23,24,20,23,26,29,25,26,28,23,23,24,21,31,22,26,25,31,26
STAT,match,Iterations,228,15061504,52168,55856,56153,48652,41452,52434,58042,51975,51165,56859,53577,41263,46803,71845,44445,51665,49866,53854,64079,64197,49882,55756,45287,58008,67562,50597,54941,62968,45094,38758,46060,65481,60317,47213,32771,57464,74058,59959,59641,70772,42631,53764,42362,63511,63163,77437,63620,79959,66404,67811,62144,54823,57223,61603,65140,60945,51925,55432,69640,59707,55477,74136,64566,73395,75683,89361,55550,62381,79008,42308,67346,70049,77559,57881,52223,68269,60661,63526,74482,65380,65842,84620,63679,67038,66996,67554,60704,75227,67973,76692,64568,78638,85002,74308,65137,62605,72235,83615,73047,58760,72553,61700,63154,63356,56105,72429,67612,83965,83207,78261,77686,91961,79444,51555,72864,93216,67012,64403,52492,62072,66897,76607,62238,75520,63395,38965,74140,54156,71713,70578,83071,66467,51965,58222,70956,68445,62514,66512,77993,82230,64674,63128,56092,65485,68439,76698,61478,66747,67304,77058,75773,79627,67892,58338,63585,56982,69977,77677,65443,54735,58493,65757,63948,70652,91157,77174,71752,86362,82532,95142,81637,74076,84310,69867,57364,75547,71476,69212,79061,72373,77232,51322,84900,73969,54639,85219,39882,71460,63237,68991,69239,70697,56493,72505,74203,80035,74851,76167,67119,65956,68852,71281,68274,64941,74974,65550,66747,70424,79685,70933,68852,85241,54218,52395,87533,72393,59381,65292,63323,57570,82076,83984,68565,64387,60209,70126,65993,95870
STAT,popedge,Conflicts,228,0,0,0,0,0,0,0,0,0,0,0,0,0,0,0,0,0,0,0,0,0,0,0,0,0,0,0,0,0,0,0,0,0,0,0,0,0,0,0,0,0,0,0,0,0,0,0,0,0,0,0,0,0,0,0,0,0,0,0,0,0,0,0,0,0,0,0,0,0,0,0,0,0,0,0,0,0,0,0,0,0,0,0,0,0,0,0,0,0,0,0,0,0,0,0,0,0,0,0,0,0,0,0,0,0,0,0,0,0,0,0,0,0,0,0,0,0,0,0,0,0,0,0,0,0,0,0,0,0,0,0,0,0,0,0,0,0,0,0,0,0,0,0,0,0,0,0,0,0,0,0,0,0,0,0,0,0,0,0,0,0,0,0,0,0,0,0,0,0,0,0,0,0,0,0,0,0,0,0,0,0,0,0,0,0,0,0,0,0,0,0,0,0,0,0,0,0,0,0,0,0,0,0,0,0,0,0,0,0,0,0,0,0,0,0,0,0,0,0,0,0,0,0,0,0,0,0,0,0
STAT,popedge,Iterations,228,7377260,30547,30588,30256,30316,30623,30350,30960,31044,32603,31148,31410,31527,30865,29933,30448,30682,29041,30711,31841,31470,30770,30000,30125,30557,30428,32440,31989,31368,32839,31263,31702,32086,31949,31761,32201,31626,33202,32672,31201,31473,30616,31010,32398,32193,31149,34650,35081,33974,35959,34536,35851,34996,33608,35733,33032,34236,35652,35316,35563,33754,35078,30461,30379,30059,28715,32154,30432,30735,30729,31362,30196,30446,32820,31822,31240,31091,33243,29772,29318,30209,30903,31605,29531,31476,31252,30451,30460,30497,30001,30690,30079,30844,30597,31706,32439,30411,30723,33651,31977,32585,31896,32718,31615,30905,32880,33630,35970,34950,35932,35205,34629,38141,35435,35870,34272,37931,37506,37336,33927,38347,34682,32492,30955,31370,30917,31372,29472,31194,31410,31182,31596,30309,31979,31600,31007,32201,32882,32122,30774,31506,31465,33927,30536,32120,31243,30153,32598,31002,33761,32881,29615,32368,30454,32424,32694,32448,30432,34560,33622,33302,33679,31474,29392,31018,30935,31651,33162,35268,36024,37759,37526,37484,38231,34263,37263,36948,35047,36618,36331,35625,35094,36348,35281,29949,30520,31682,31396,31455,29431,31160,30587,32658,31010,32891,36124,31993,32120,34694,33998,32927,31731,32477,33036,32051,30158,31631,33057,32110,32220,31495,30391,31614,33715,30579,32564,31607,31178,30792,33205,32907,31212,30929,31488,30585,31694,30488,30443,33704
STAT,refine,Conflicts,228,6202,119,111,101,106,99,103,98,91,89,80,89,80,76,79,76,59,58,66,62,55,76,65,65,49,59,65,61,65,60,53,45,42,39,38,35,41,44,37,29,43,41,36,31,50,42,30,41,36,39,39,36,31,34,34,44,43,47,39,45,33,30,8,15,18,11,17,16,18,26,7,18,14,14,15,11,25,19,13,14,13,13,12,22,18,15,12,16,15,20,14,19,14,14,19,11,17,21,17,21,7,20,16,18,12,24,16,22,18,21,24,22,19,16,24,19,19,13,22,16,13,26,15,19,19,11,9,17,20,9,11,15,15,19,5,17,11,12,12,15,16,14,14,16,21,20,11,21,11,14,12,13,16,14,13,20,15,16,13,19,13,23,14,32,10,10,16,17,19,26,19,22,15,20,17,18,20,25,21,24,23,25,11,15,24,14,12,18,12,11,20,19,19,15,16,22,14,20,8,16,15,8,12,16,9,12,9,13,18,10,11,15,20,24,14,15,12,15,17,15,11,18,9,10,14,23,9,19,16
STAT,refine,Iterations,228,37799,331,367,307,321,317,297,285,279,232,249,328,236,342,286,227,313,205,219,242,321,248,178,235,154,304,193,175,186,238,193,138,117,196,141,141,213,244,150,96,192,189,159,140,149,203,140,214,202,256,138,264,131,153,186,253,155,163,191,259,98,166,131,182,141,102,126,124,119,201,76,176,143,159,176,167,156,158,85,64,139,123,142,164,158,143,130,161,134,107,123,133,160,100,150,88,152,132,203,209,137,184,162,155,127,184,170,177,192,189,319,183,172,114,135,150,160,96,162,132,163,136,136,123,219,161,105,113,172,160,192,232,125,192,84,218,128,186,119,141,196,94,175,110,120,246,76,141,93,70,116,102,128,105,60,116,106,143,122,136,131,168,190,152,102,181,220,214,211,248,181,211,169,219,139,109,159,272,162,146,185,209,116,168,136,164,88,126,90,90,162,157,143,124,231,200,166,153,152,134,166,159,168,139,114,92,111,133,118,125,87,87,164,131,101,139,113,106,95,93,88,210,120,122,162,139,98,155,244
