Hello from MIC
Galois Benchmark Suite v2.2.0 (r0)
Copyright (C) 2013 The University of Texas at Austin
http://iss.ices.utexas.edu/galois/

application: GMetis
Partitions a graph into K parts and minimizing the graph cut
http://iss.ices.utexas.edu/?p=projects/galois/benchmarks/gMetis

INFO: CommandLine /work/02556/dpereira/MIC/apps/gmetis/gmetis -t=40 /work/02556/dpereira/Inputs/USA-road-d.W.gr 1024
INFO: Hostname c557-803-mic0.stampede.tacc.utexas.edu
Created Graph with 6262104 nodes and 15248146 edges
Nodes 6262104| Edges 15248146 7624073

  Starting coarsening: 
Time coarsen:  2836 Size of final graph: 40387

  Sarting initial partitioning using GGGP:
Size in decade percentages:  -0,1023 1,1
Time clustering:  1242

  Sarting refinnement with BKL2
Initial dist
Size in decade percentages:  -0,1023 1,1
Refined dist
Size in decade percentages:  -1,349 -0,308 1,367
Time refinement:  896


Time:  5153
Total edge cut : 36380

Part saved in : 0x7fff2216dce0
STATTYPE,LOOP,CATEGORY,n,sum,T0,T1,T2,T3,T4,T5,T6,T7,T8,T9,T10,T11,T12,T13,T14,T15,T16,T17,T18,T19,T20,T21,T22,T23,T24,T25,T26,T27,T28,T29,T30,T31,T32,T33,T34,T35,T36,T37,T38,T39
STAT,(NULL),Coarsen,40,2836,2836,0,0,0,0,0,0,0,0,0,0,0,0,0,0,0,0,0,0,0,0,0,0,0,0,0,0,0,0,0,0,0,0,0,0,0,0,0,0,0
STAT,(NULL),Conflicts,40,0,0,0,0,0,0,0,0,0,0,0,0,0,0,0,0,0,0,0,0,0,0,0,0,0,0,0,0,0,0,0,0,0,0,0,0,0,0,0,0,0
STAT,(NULL),Iterations,40,2047,12,45,62,47,59,49,35,25,37,74,60,70,71,53,75,12,68,56,49,51,16,26,33,38,62,60,60,60,67,58,21,59,48,86,44,41,75,49,58,76
STAT,(NULL),MeminfoPost,40,756148,18933,18898,19003,18885,18944,18902,18878,18927,18918,18977,18920,18902,18912,18898,18931,18912,18868,18906,18854,18922,18895,18853,18942,18871,18846,18863,18991,18864,18913,18877,18859,18934,18911,18948,18930,18884,18869,18824,18881,18903
STAT,(NULL),MeminfoPre,40,189028,4755,4720,4825,4707,4766,4724,4700,4749,4740,4799,4742,4724,4734,4720,4753,4734,4690,4728,4676,4744,4717,4675,4764,4693,4668,4685,4813,4686,4735,4699,4681,4756,4733,4770,4752,4706,4691,4646,4703,4725
STAT,(NULL),Partition,40,1242,1242,0,0,0,0,0,0,0,0,0,0,0,0,0,0,0,0,0,0,0,0,0,0,0,0,0,0,0,0,0,0,0,0,0,0,0,0,0,0,0
STAT,(NULL),Refine,40,896,896,0,0,0,0,0,0,0,0,0,0,0,0,0,0,0,0,0,0,0,0,0,0,0,0,0,0,0,0,0,0,0,0,0,0,0,0,0,0,0
STAT,(NULL),Threads,40,40,40,0,0,0,0,0,0,0,0,0,0,0,0,0,0,0,0,0,0,0,0,0,0,0,0,0,0,0,0,0,0,0,0,0,0,0,0,0,0,0
STAT,(NULL),Time,40,5153,5153,0,0,0,0,0,0,0,0,0,0,0,0,0,0,0,0,0,0,0,0,0,0,0,0,0,0,0,0,0,0,0,0,0,0,0,0,0,0,0
STAT,match,Conflicts,40,4118,167,132,209,114,178,84,96,94,88,186,83,170,108,91,85,91,79,86,97,81,50,98,107,68,95,92,125,96,85,77,74,80,74,71,89,74,122,162,75,85
STAT,match,Iterations,40,14874419,344302,349771,357379,360550,342655,372814,368897,375489,377536,349044,382944,370757,389640,367517,351528,365507,381939,351729,373192,358067,374556,388723,368656,384614,391208,388159,346585,387823,363925,386220,392581,364883,380592,350926,372653,394824,387861,392037,387607,378729
STAT,popedge,Conflicts,40,0,0,0,0,0,0,0,0,0,0,0,0,0,0,0,0,0,0,0,0,0,0,0,0,0,0,0,0,0,0,0,0,0,0,0,0,0,0,0,0,0
STAT,popedge,Iterations,40,7289380,177042,180751,173023,178591,176946,182445,185399,176938,176994,174546,177123,179159,182617,167718,162732,164356,181295,176753,178660,178442,184155,194694,183842,188519,185776,188305,180738,179328,179250,181955,187104,178297,174519,171288,200672,198870,197637,207106,198299,197496
STAT,refine,Conflicts,40,2014,69,62,60,53,37,57,59,53,61,41,45,57,59,62,49,59,65,48,56,53,46,44,52,56,45,46,50,44,58,63,44,46,51,46,44,38,41,33,32,30
STAT,refine,Iterations,40,467730,11878,11371,14171,11829,12984,11727,11915,11250,11704,12738,12217,10856,10830,10722,11597,11389,10894,12399,10096,13535,12473,10023,12315,10725,10900,11238,14576,10682,11906,10434,10274,13607,10748,12628,11302,11115,10613,10057,13018,12994
