Hello from MIC
Galois Benchmark Suite v2.2.0 (r0)
Copyright (C) 2013 The University of Texas at Austin
http://iss.ices.utexas.edu/galois/

application: GMetis
Partitions a graph into K parts and minimizing the graph cut
http://iss.ices.utexas.edu/?p=projects/galois/benchmarks/gMetis

INFO: CommandLine /work/02556/dpereira/MIC/apps/gmetis/gmetis -t=116 /work/02556/dpereira/Inputs/USA-road-d.W.gr 128
INFO: Hostname c558-001-mic0.stampede.tacc.utexas.edu
Created Graph with 6262104 nodes and 15248146 edges
Nodes 6262104| Edges 15248146 7624073

  Starting coarsening: 
Time coarsen:  2341 Size of final graph: 3079

  Sarting initial partitioning using GGGP:
Size in decade percentages:  -1,6 -0,119 1,3
Time clustering:  417

  Sarting refinnement with BKL2
Initial dist
Size in decade percentages:  -1,6 -0,119 1,3
Refined dist
Size in decade percentages:  -1,48 0,33 1,47
Time refinement:  1234


Time:  4170
Total edge cut : 7830

Part saved in : 0x7fff1ddf6360
STATTYPE,LOOP,CATEGORY,n,sum,T0,T1,T2,T3,T4,T5,T6,T7,T8,T9,T10,T11,T12,T13,T14,T15,T16,T17,T18,T19,T20,T21,T22,T23,T24,T25,T26,T27,T28,T29,T30,T31,T32,T33,T34,T35,T36,T37,T38,T39,T40,T41,T42,T43,T44,T45,T46,T47,T48,T49,T50,T51,T52,T53,T54,T55,T56,T57,T58,T59,T60,T61,T62,T63,T64,T65,T66,T67,T68,T69,T70,T71,T72,T73,T74,T75,T76,T77,T78,T79,T80,T81,T82,T83,T84,T85,T86,T87,T88,T89,T90,T91,T92,T93,T94,T95,T96,T97,T98,T99,T100,T101,T102,T103,T104,T105,T106,T107,T108,T109,T110,T111,T112,T113,T114,T115
STAT,(NULL),Coarsen,116,2341,2341,0,0,0,0,0,0,0,0,0,0,0,0,0,0,0,0,0,0,0,0,0,0,0,0,0,0,0,0,0,0,0,0,0,0,0,0,0,0,0,0,0,0,0,0,0,0,0,0,0,0,0,0,0,0,0,0,0,0,0,0,0,0,0,0,0,0,0,0,0,0,0,0,0,0,0,0,0,0,0,0,0,0,0,0,0,0,0,0,0,0,0,0,0,0,0,0,0,0,0,0,0,0,0,0,0,0,0,0,0,0,0,0,0,0,0
STAT,(NULL),Conflicts,116,0,0,0,0,0,0,0,0,0,0,0,0,0,0,0,0,0,0,0,0,0,0,0,0,0,0,0,0,0,0,0,0,0,0,0,0,0,0,0,0,0,0,0,0,0,0,0,0,0,0,0,0,0,0,0,0,0,0,0,0,0,0,0,0,0,0,0,0,0,0,0,0,0,0,0,0,0,0,0,0,0,0,0,0,0,0,0,0,0,0,0,0,0,0,0,0,0,0,0,0,0,0,0,0,0,0,0,0,0,0,0,0,0,0,0,0,0
STAT,(NULL),Iterations,116,255,8,3,1,2,0,1,3,3,1,5,3,7,5,6,8,2,1,2,1,4,1,3,2,2,0,3,3,5,1,0,3,0,3,0,3,0,0,5,0,0,3,1,0,0,0,1,1,0,1,2,2,1,2,2,1,0,0,2,3,2,0,6,0,2,1,2,2,4,1,0,2,0,8,7,8,2,10,0,3,1,2,5,0,1,4,1,1,4,4,0,5,0,0,0,5,2,2,3,4,4,0,0,0,1,3,1,0,1,4,2,0,8,1,3,0,1
STAT,(NULL),MeminfoPost,116,756457,6524,6529,6538,6514,6523,6520,6539,6595,6522,6515,6518,6532,6537,6533,6512,6510,6529,6525,6507,6521,6521,6537,6531,6523,6521,6528,6585,6549,6507,6505,6532,6539,6537,6527,6505,6516,6541,6502,6513,6531,6514,6562,6517,6533,6520,6527,6510,6504,6520,6496,6528,6530,6516,6507,6495,6514,6503,6560,6530,6503,6527,6508,6489,6512,6534,6534,6526,6509,6519,6508,6508,6493,6505,6515,6498,6528,6568,6549,6504,6530,6494,6500,6530,6535,6518,6514,6504,6502,6500,6514,6493,6554,6561,6540,6507,6503,6512,6560,6547,6559,6508,6531,6503,6517,6492,6498,6524,6503,6482,6503,6523,6500,6516,6523,6523,6518
STAT,(NULL),MeminfoPre,116,189101,1633,1638,1647,1623,1632,1629,1648,1704,1631,1624,1627,1641,1646,1642,1621,1619,1638,1634,1616,1630,1630,1646,1640,1632,1630,1637,1694,1658,1616,1614,1641,1648,1646,1636,1614,1625,1650,1611,1622,1640,1623,1671,1626,1642,1629,1636,1619,1613,1629,1605,1637,1639,1625,1616,1604,1623,1612,1669,1639,1612,1636,1617,1598,1621,1643,1643,1635,1618,1628,1617,1617,1602,1614,1624,1607,1637,1677,1658,1613,1639,1603,1609,1639,1644,1627,1623,1613,1611,1609,1623,1602,1663,1670,1649,1616,1612,1621,1669,1656,1668,1617,1640,1612,1626,1601,1607,1633,1612,1591,1612,1632,1609,1625,1632,1632,1627
STAT,(NULL),Partition,116,417,417,0,0,0,0,0,0,0,0,0,0,0,0,0,0,0,0,0,0,0,0,0,0,0,0,0,0,0,0,0,0,0,0,0,0,0,0,0,0,0,0,0,0,0,0,0,0,0,0,0,0,0,0,0,0,0,0,0,0,0,0,0,0,0,0,0,0,0,0,0,0,0,0,0,0,0,0,0,0,0,0,0,0,0,0,0,0,0,0,0,0,0,0,0,0,0,0,0,0,0,0,0,0,0,0,0,0,0,0,0,0,0,0,0,0,0
STAT,(NULL),Refine,116,1234,1234,0,0,0,0,0,0,0,0,0,0,0,0,0,0,0,0,0,0,0,0,0,0,0,0,0,0,0,0,0,0,0,0,0,0,0,0,0,0,0,0,0,0,0,0,0,0,0,0,0,0,0,0,0,0,0,0,0,0,0,0,0,0,0,0,0,0,0,0,0,0,0,0,0,0,0,0,0,0,0,0,0,0,0,0,0,0,0,0,0,0,0,0,0,0,0,0,0,0,0,0,0,0,0,0,0,0,0,0,0,0,0,0,0,0,0
STAT,(NULL),Threads,116,116,116,0,0,0,0,0,0,0,0,0,0,0,0,0,0,0,0,0,0,0,0,0,0,0,0,0,0,0,0,0,0,0,0,0,0,0,0,0,0,0,0,0,0,0,0,0,0,0,0,0,0,0,0,0,0,0,0,0,0,0,0,0,0,0,0,0,0,0,0,0,0,0,0,0,0,0,0,0,0,0,0,0,0,0,0,0,0,0,0,0,0,0,0,0,0,0,0,0,0,0,0,0,0,0,0,0,0,0,0,0,0,0,0,0,0,0
STAT,(NULL),Time,116,4170,4170,0,0,0,0,0,0,0,0,0,0,0,0,0,0,0,0,0,0,0,0,0,0,0,0,0,0,0,0,0,0,0,0,0,0,0,0,0,0,0,0,0,0,0,0,0,0,0,0,0,0,0,0,0,0,0,0,0,0,0,0,0,0,0,0,0,0,0,0,0,0,0,0,0,0,0,0,0,0,0,0,0,0,0,0,0,0,0,0,0,0,0,0,0,0,0,0,0,0,0,0,0,0,0,0,0,0,0,0,0,0,0,0,0,0,0
STAT,match,Conflicts,116,6091,95,65,76,76,92,75,78,87,73,73,71,70,71,82,63,74,68,56,58,68,65,63,70,64,75,75,61,70,66,55,60,42,49,53,57,57,59,70,60,70,51,52,47,49,64,50,48,42,67,67,52,65,48,76,59,53,53,50,37,32,45,43,34,39,27,45,34,29,45,38,44,35,41,35,43,39,44,47,32,39,45,41,38,37,49,47,42,41,37,40,36,41,40,33,38,36,49,46,41,60,56,43,37,45,43,52,33,41,43,47,50,37,41,33,48,53
STAT,match,Iterations,116,14989566,107065,106293,123594,129727,101062,111677,106304,94334,132887,118356,134194,120630,119933,119906,117280,128955,114630,111936,124522,121053,104056,113006,116426,126225,130982,113019,116299,129312,115583,121156,110844,129420,141488,104172,118647,125201,106310,120592,111584,109109,122527,113594,126505,132288,113054,122213,131232,129428,124507,105300,120308,127390,123056,114569,132196,147851,144337,118433,149528,159635,142703,137343,153624,132825,159076,124476,144011,157045,132966,129261,142230,155979,142215,147578,133765,143822,139422,146120,133754,153727,146033,136860,129791,147019,143816,132984,130641,140933,140851,131336,138546,117690,113397,143233,141183,150495,140580,122268,134706,140779,119284,146328,134373,141960,122086,134176,147839,126106,125185,140511,132691,150151,127226,141865,126042,132940
STAT,popedge,Conflicts,116,0,0,0,0,0,0,0,0,0,0,0,0,0,0,0,0,0,0,0,0,0,0,0,0,0,0,0,0,0,0,0,0,0,0,0,0,0,0,0,0,0,0,0,0,0,0,0,0,0,0,0,0,0,0,0,0,0,0,0,0,0,0,0,0,0,0,0,0,0,0,0,0,0,0,0,0,0,0,0,0,0,0,0,0,0,0,0,0,0,0,0,0,0,0,0,0,0,0,0,0,0,0,0,0,0,0,0,0,0,0,0,0,0,0,0,0,0
STAT,popedge,Iterations,116,7344388,66266,63196,62478,60906,66953,63191,62301,63041,63818,63775,61613,62167,61909,63947,64389,61571,62228,57667,63318,63240,64645,64587,61150,61266,59700,64642,61478,60219,65934,63252,62010,58409,59931,63380,63595,62454,66880,63618,62953,61198,60421,59624,59403,58590,62029,61382,61315,63072,66066,66879,64832,62389,61705,64697,63396,68344,70869,68928,71699,71571,74047,63569,63971,65107,61460,62557,61231,60752,61053,64042,61763,63825,62566,60618,67831,61845,63295,59374,57393,62295,60999,63033,65165,63017,61375,60721,63750,60668,61806,64988,62822,62057,60679,61491,59363,59839,61432,64790,67544,64567,65439,60818,64743,62796,61825,67218,61803,64789,70220,64177,67669,65824,66507,64884,66712,63778
STAT,refine,Conflicts,116,4866,118,111,99,113,92,95,102,90,77,77,83,72,81,97,77,64,55,54,60,58,58,65,52,56,52,75,54,67,54,51,48,36,39,34,34,38,44,40,36,41,34,51,43,44,35,42,40,35,37,42,49,42,33,33,40,33,36,23,41,29,35,28,21,20,26,33,23,25,36,28,34,36,34,20,26,26,30,30,24,26,34,22,26,23,26,20,27,24,32,38,26,28,26,26,29,22,26,23,30,16,18,21,32,29,27,19,18,30,20,19,30,24,21,15,18,29
STAT,refine,Iterations,116,131616,1431,1016,1205,1477,1043,1067,1196,1407,1244,1207,1366,1128,1010,1272,1055,1109,1015,908,1138,956,918,1164,1039,1129,915,1138,1426,1365,1064,843,1301,1070,1073,763,1097,1011,1268,829,961,862,974,1433,966,905,881,987,1042,814,944,1066,1234,1345,1173,972,1245,1162,1250,1348,1475,1077,1379,1112,852,997,1293,1161,1041,1289,1254,1247,1271,1532,1147,1005,1178,1256,1407,1474,933,1353,1141,1038,1403,1143,1288,1100,1022,1045,1150,1148,888,1368,1344,1126,873,1154,1134,1746,1091,895,885,1169,1341,1132,882,976,1098,964,759,933,1214,1351,1298,1220,1102,1235
