Hello from MIC
Galois Benchmark Suite v2.2.0 (r0)
Copyright (C) 2013 The University of Texas at Austin
http://iss.ices.utexas.edu/galois/

application: GMetis
Partitions a graph into K parts and minimizing the graph cut
http://iss.ices.utexas.edu/?p=projects/galois/benchmarks/gMetis

INFO: CommandLine /work/02556/dpereira/MIC/apps/gmetis/gmetis -t=226 /work/02556/dpereira/Inputs/USA-road-d.W.gr 1024
INFO: Hostname c557-803-mic0.stampede.tacc.utexas.edu
Created Graph with 6262104 nodes and 15248146 edges
Nodes 6262104| Edges 15248146 7624073

  Starting coarsening: 
Time coarsen:  3036 Size of final graph: 22075

  Sarting initial partitioning using GGGP:
Size in decade percentages:  -1,64 -0,892 1,68
Time clustering:  1185

  Sarting refinnement with BKL2
Initial dist
Size in decade percentages:  -1,64 -0,892 1,68
Refined dist
Size in decade percentages:  -1,369 0,287 1,367 3,1
Time refinement:  1978


Time:  6377
Total edge cut : 31756

Part saved in : 0x7fff4dd79860
STATTYPE,LOOP,CATEGORY,n,sum,T0,T1,T2,T3,T4,T5,T6,T7,T8,T9,T10,T11,T12,T13,T14,T15,T16,T17,T18,T19,T20,T21,T22,T23,T24,T25,T26,T27,T28,T29,T30,T31,T32,T33,T34,T35,T36,T37,T38,T39,T40,T41,T42,T43,T44,T45,T46,T47,T48,T49,T50,T51,T52,T53,T54,T55,T56,T57,T58,T59,T60,T61,T62,T63,T64,T65,T66,T67,T68,T69,T70,T71,T72,T73,T74,T75,T76,T77,T78,T79,T80,T81,T82,T83,T84,T85,T86,T87,T88,T89,T90,T91,T92,T93,T94,T95,T96,T97,T98,T99,T100,T101,T102,T103,T104,T105,T106,T107,T108,T109,T110,T111,T112,T113,T114,T115,T116,T117,T118,T119,T120,T121,T122,T123,T124,T125,T126,T127,T128,T129,T130,T131,T132,T133,T134,T135,T136,T137,T138,T139,T140,T141,T142,T143,T144,T145,T146,T147,T148,T149,T150,T151,T152,T153,T154,T155,T156,T157,T158,T159,T160,T161,T162,T163,T164,T165,T166,T167,T168,T169,T170,T171,T172,T173,T174,T175,T176,T177,T178,T179,T180,T181,T182,T183,T184,T185,T186,T187,T188,T189,T190,T191,T192,T193,T194,T195,T196,T197,T198,T199,T200,T201,T202,T203,T204,T205,T206,T207,T208,T209,T210,T211,T212,T213,T214,T215,T216,T217,T218,T219,T220,T221,T222,T223,T224,T225
STAT,(NULL),Coarsen,226,3036,3036,0,0,0,0,0,0,0,0,0,0,0,0,0,0,0,0,0,0,0,0,0,0,0,0,0,0,0,0,0,0,0,0,0,0,0,0,0,0,0,0,0,0,0,0,0,0,0,0,0,0,0,0,0,0,0,0,0,0,0,0,0,0,0,0,0,0,0,0,0,0,0,0,0,0,0,0,0,0,0,0,0,0,0,0,0,0,0,0,0,0,0,0,0,0,0,0,0,0,0,0,0,0,0,0,0,0,0,0,0,0,0,0,0,0,0,0,0,0,0,0,0,0,0,0,0,0,0,0,0,0,0,0,0,0,0,0,0,0,0,0,0,0,0,0,0,0,0,0,0,0,0,0,0,0,0,0,0,0,0,0,0,0,0,0,0,0,0,0,0,0,0,0,0,0,0,0,0,0,0,0,0,0,0,0,0,0,0,0,0,0,0,0,0,0,0,0,0,0,0,0,0,0,0,0,0,0,0,0,0,0,0,0,0,0,0,0,0,0,0,0,0,0,0,0,0
STAT,(NULL),Conflicts,226,0,0,0,0,0,0,0,0,0,0,0,0,0,0,0,0,0,0,0,0,0,0,0,0,0,0,0,0,0,0,0,0,0,0,0,0,0,0,0,0,0,0,0,0,0,0,0,0,0,0,0,0,0,0,0,0,0,0,0,0,0,0,0,0,0,0,0,0,0,0,0,0,0,0,0,0,0,0,0,0,0,0,0,0,0,0,0,0,0,0,0,0,0,0,0,0,0,0,0,0,0,0,0,0,0,0,0,0,0,0,0,0,0,0,0,0,0,0,0,0,0,0,0,0,0,0,0,0,0,0,0,0,0,0,0,0,0,0,0,0,0,0,0,0,0,0,0,0,0,0,0,0,0,0,0,0,0,0,0,0,0,0,0,0,0,0,0,0,0,0,0,0,0,0,0,0,0,0,0,0,0,0,0,0,0,0,0,0,0,0,0,0,0,0,0,0,0,0,0,0,0,0,0,0,0,0,0,0,0,0,0,0,0,0,0,0,0,0,0,0,0,0,0,0,0,0,0
STAT,(NULL),Iterations,226,2047,11,9,7,7,15,9,17,8,9,9,18,9,9,11,9,10,6,13,9,12,6,10,8,10,14,12,3,5,6,2,4,13,5,2,0,5,3,13,7,9,9,3,2,12,6,9,12,11,12,11,11,9,4,12,8,18,12,23,11,11,20,9,12,23,5,22,8,12,7,3,7,13,11,9,3,8,10,6,15,3,12,6,8,12,11,10,5,11,5,4,4,9,8,4,3,7,1,0,9,3,15,2,10,1,8,8,5,12,8,17,19,5,12,3,15,5,10,13,17,13,7,12,12,9,7,5,15,6,9,2,12,10,14,5,10,9,15,7,11,10,7,16,6,8,6,4,10,10,4,0,4,1,13,15,1,6,5,3,2,10,13,10,4,8,5,14,9,14,8,13,21,8,12,10,4,12,4,9,21,7,16,15,14,14,8,14,8,13,17,20,9,13,7,8,7,11,13,9,13,7,8,13,8,6,3,5,10,5,10,10,8,5,3,10,9,5,17,6,2,10,13,13,9,4,5,4
STAT,(NULL),MeminfoPost,226,756940,3356,3345,3352,3356,3357,3355,3353,3343,3354,3339,3358,3347,3367,3367,3396,3373,3342,3338,3349,3342,3347,3351,3357,3356,3372,3335,3367,3355,3335,3342,3346,3343,3362,3360,3341,3348,3335,3346,3350,3343,3356,3364,3356,3360,3350,3347,3343,3341,3357,3351,3365,3375,3397,3362,3344,3343,3341,3346,3346,3358,3352,3362,3365,3346,3355,3358,3331,3347,3341,3352,3353,3362,3341,3343,3341,3347,3350,3360,3349,3345,3357,3379,3349,3342,3356,3358,3356,3340,3352,3351,3341,3343,3344,3348,3350,3331,3336,3351,3352,3359,3352,3345,3342,3347,3343,3337,3337,3343,3345,3341,3340,3367,3372,3359,3348,3338,3344,3339,3367,3345,3336,3331,3332,3344,3351,3352,3354,3363,3358,3355,3342,3347,3336,3358,3338,3345,3342,3344,3331,3337,3334,3347,3331,3363,3338,3338,3340,3362,3379,3367,3366,3362,3339,3342,3341,3364,3338,3331,3334,3348,3350,3356,3360,3358,3342,3347,3339,3351,3342,3344,3340,3335,3331,3346,3340,3351,3334,3348,3367,3373,3370,3369,3354,3346,3340,3342,3338,3342,3347,3366,3379,3364,3356,3370,3369,3346,3335,3343,3358,3339,3351,3340,3347,3339,3325,3346,3333,3328,3388,3330,3332,3328,3352,3328,3336,3362,3333,3340,3345,3348,3352,3349,3349,3354,3345,3345
STAT,(NULL),MeminfoPre,226,189228,844,833,840,844,845,843,841,831,842,827,846,835,855,855,884,861,830,826,837,830,835,839,845,844,860,823,855,843,823,830,834,831,850,848,829,836,823,834,838,831,844,852,844,848,838,835,831,829,845,839,853,863,885,850,832,831,829,834,834,846,840,850,853,834,843,846,819,835,829,840,841,850,829,831,829,835,838,848,837,833,845,867,837,830,844,846,844,828,840,839,829,831,832,836,838,819,824,839,840,847,840,833,830,835,831,825,825,831,833,829,828,855,860,847,836,826,832,827,855,833,824,819,820,832,839,840,842,851,846,843,830,835,824,846,826,833,830,832,819,825,822,835,819,851,826,826,828,850,867,855,854,850,827,830,829,852,826,819,822,836,838,844,848,846,830,835,827,839,830,832,828,823,819,834,828,839,822,836,855,861,858,857,842,834,828,830,826,830,835,854,867,852,844,858,857,834,823,831,846,827,839,828,835,827,813,834,821,816,876,818,820,816,840,816,824,850,821,828,833,836,840,837,837,842,833,833
STAT,(NULL),Partition,226,1185,1185,0,0,0,0,0,0,0,0,0,0,0,0,0,0,0,0,0,0,0,0,0,0,0,0,0,0,0,0,0,0,0,0,0,0,0,0,0,0,0,0,0,0,0,0,0,0,0,0,0,0,0,0,0,0,0,0,0,0,0,0,0,0,0,0,0,0,0,0,0,0,0,0,0,0,0,0,0,0,0,0,0,0,0,0,0,0,0,0,0,0,0,0,0,0,0,0,0,0,0,0,0,0,0,0,0,0,0,0,0,0,0,0,0,0,0,0,0,0,0,0,0,0,0,0,0,0,0,0,0,0,0,0,0,0,0,0,0,0,0,0,0,0,0,0,0,0,0,0,0,0,0,0,0,0,0,0,0,0,0,0,0,0,0,0,0,0,0,0,0,0,0,0,0,0,0,0,0,0,0,0,0,0,0,0,0,0,0,0,0,0,0,0,0,0,0,0,0,0,0,0,0,0,0,0,0,0,0,0,0,0,0,0,0,0,0,0,0,0,0,0,0,0,0,0,0
STAT,(NULL),Refine,226,1978,1978,0,0,0,0,0,0,0,0,0,0,0,0,0,0,0,0,0,0,0,0,0,0,0,0,0,0,0,0,0,0,0,0,0,0,0,0,0,0,0,0,0,0,0,0,0,0,0,0,0,0,0,0,0,0,0,0,0,0,0,0,0,0,0,0,0,0,0,0,0,0,0,0,0,0,0,0,0,0,0,0,0,0,0,0,0,0,0,0,0,0,0,0,0,0,0,0,0,0,0,0,0,0,0,0,0,0,0,0,0,0,0,0,0,0,0,0,0,0,0,0,0,0,0,0,0,0,0,0,0,0,0,0,0,0,0,0,0,0,0,0,0,0,0,0,0,0,0,0,0,0,0,0,0,0,0,0,0,0,0,0,0,0,0,0,0,0,0,0,0,0,0,0,0,0,0,0,0,0,0,0,0,0,0,0,0,0,0,0,0,0,0,0,0,0,0,0,0,0,0,0,0,0,0,0,0,0,0,0,0,0,0,0,0,0,0,0,0,0,0,0,0,0,0,0,0
STAT,(NULL),Threads,226,226,226,0,0,0,0,0,0,0,0,0,0,0,0,0,0,0,0,0,0,0,0,0,0,0,0,0,0,0,0,0,0,0,0,0,0,0,0,0,0,0,0,0,0,0,0,0,0,0,0,0,0,0,0,0,0,0,0,0,0,0,0,0,0,0,0,0,0,0,0,0,0,0,0,0,0,0,0,0,0,0,0,0,0,0,0,0,0,0,0,0,0,0,0,0,0,0,0,0,0,0,0,0,0,0,0,0,0,0,0,0,0,0,0,0,0,0,0,0,0,0,0,0,0,0,0,0,0,0,0,0,0,0,0,0,0,0,0,0,0,0,0,0,0,0,0,0,0,0,0,0,0,0,0,0,0,0,0,0,0,0,0,0,0,0,0,0,0,0,0,0,0,0,0,0,0,0,0,0,0,0,0,0,0,0,0,0,0,0,0,0,0,0,0,0,0,0,0,0,0,0,0,0,0,0,0,0,0,0,0,0,0,0,0,0,0,0,0,0,0,0,0,0,0,0,0,0
STAT,(NULL),Time,226,6377,6377,0,0,0,0,0,0,0,0,0,0,0,0,0,0,0,0,0,0,0,0,0,0,0,0,0,0,0,0,0,0,0,0,0,0,0,0,0,0,0,0,0,0,0,0,0,0,0,0,0,0,0,0,0,0,0,0,0,0,0,0,0,0,0,0,0,0,0,0,0,0,0,0,0,0,0,0,0,0,0,0,0,0,0,0,0,0,0,0,0,0,0,0,0,0,0,0,0,0,0,0,0,0,0,0,0,0,0,0,0,0,0,0,0,0,0,0,0,0,0,0,0,0,0,0,0,0,0,0,0,0,0,0,0,0,0,0,0,0,0,0,0,0,0,0,0,0,0,0,0,0,0,0,0,0,0,0,0,0,0,0,0,0,0,0,0,0,0,0,0,0,0,0,0,0,0,0,0,0,0,0,0,0,0,0,0,0,0,0,0,0,0,0,0,0,0,0,0,0,0,0,0,0,0,0,0,0,0,0,0,0,0,0,0,0,0,0,0,0,0,0,0,0,0,0,0
STAT,match,Conflicts,226,5972,41,47,38,42,32,49,35,38,41,36,36,36,41,40,50,35,45,39,34,34,40,41,44,48,33,32,41,35,35,42,32,32,29,39,34,40,38,32,27,33,35,32,34,26,33,26,33,30,28,32,26,26,30,28,33,25,29,31,34,30,27,20,21,22,28,26,22,25,23,23,28,23,25,23,20,28,22,32,17,20,21,19,27,27,19,19,27,22,13,19,25,17,25,25,21,20,21,22,18,24,28,21,21,31,23,23,21,24,23,18,21,20,21,23,21,26,24,26,25,25,28,27,25,22,22,24,19,21,16,24,22,24,22,22,21,27,34,21,21,22,27,19,26,23,24,35,21,25,28,17,25,28,24,19,22,32,19,31,27,25,24,19,24,24,26,22,18,23,22,21,22,18,18,19,23,20,30,21,29,17,25,19,27,24,29,25,25,25,21,30,26,24,20,21,20,30,18,20,16,23,28,21,26,19,29,19,28,21,24,28,23,22,25,19,23,20,23,20,33,26,18,26,16,24,26,28
STAT,match,Iterations,226,14993759,41195,50558,44918,46976,53962,67355,52836,50063,41440,60168,51294,51912,41117,33235,45340,41414,55038,49188,55876,58621,42306,48686,59659,57876,43222,51834,68866,49590,48219,62895,45718,56001,52608,54121,52844,42120,68407,39797,54823,51181,57628,58543,59415,56711,68839,72530,58737,52015,43641,64488,53201,60376,62873,51980,56835,64004,78952,56399,78683,66438,63903,68020,66958,58671,65010,43424,59031,59510,63024,78565,59554,64230,75446,71546,60106,76840,65762,60038,59195,67528,71743,80893,65566,58098,90699,60821,48658,60031,72819,74900,56804,81261,79634,74641,66423,52854,73257,66988,78176,76484,52140,67298,68496,62618,67593,58519,79445,93607,50698,83316,73283,71546,63707,75201,56462,66881,69437,86298,69929,75497,86820,72928,66316,74807,66601,75218,67689,47622,76270,73411,73035,67257,70902,85636,87335,65157,70739,64882,90898,69793,77988,60849,55460,89113,72129,75006,65525,36889,71819,66347,65821,71083,73946,79549,50550,58933,71343,77451,69836,70636,68321,62684,67902,76671,64904,88386,75170,61556,82958,63632,98688,87783,66855,74089,88681,79743,67229,70016,64674,61078,81040,63049,82956,76261,75191,62375,76195,65768,68183,49987,86123,62541,76943,58074,64186,85804,78504,91032,73789,86966,73398,80855,56796,59756,71436,79364,65988,91109,67905,95561,48902,82741,69445,57193,94304,64254,94383,64636,76480,71619,73180,81289,74295,72913,71865,69867
STAT,popedge,Conflicts,226,0,0,0,0,0,0,0,0,0,0,0,0,0,0,0,0,0,0,0,0,0,0,0,0,0,0,0,0,0,0,0,0,0,0,0,0,0,0,0,0,0,0,0,0,0,0,0,0,0,0,0,0,0,0,0,0,0,0,0,0,0,0,0,0,0,0,0,0,0,0,0,0,0,0,0,0,0,0,0,0,0,0,0,0,0,0,0,0,0,0,0,0,0,0,0,0,0,0,0,0,0,0,0,0,0,0,0,0,0,0,0,0,0,0,0,0,0,0,0,0,0,0,0,0,0,0,0,0,0,0,0,0,0,0,0,0,0,0,0,0,0,0,0,0,0,0,0,0,0,0,0,0,0,0,0,0,0,0,0,0,0,0,0,0,0,0,0,0,0,0,0,0,0,0,0,0,0,0,0,0,0,0,0,0,0,0,0,0,0,0,0,0,0,0,0,0,0,0,0,0,0,0,0,0,0,0,0,0,0,0,0,0,0,0,0,0,0,0,0,0,0,0,0,0,0,0,0
STAT,popedge,Iterations,226,7346782,31094,31649,30508,32041,29760,30621,30772,32807,30080,32123,30381,33034,31716,32927,33014,30497,31635,32964,31529,30139,31137,31997,31969,32744,30994,31362,31078,30540,32020,32104,31038,32445,30190,33803,33442,32999,32972,32246,32403,31999,31118,30698,30639,34589,34345,33036,34597,37494,35058,35025,34396,33686,34080,35208,34458,37378,35155,34539,33865,33945,35733,29447,30385,29998,29860,31003,34292,30180,32345,30543,33137,31354,31809,31416,30586,31524,29202,32280,31060,32461,29865,28117,31586,30810,32137,28599,31176,32993,30284,33092,33027,30400,32620,30845,32790,32831,33240,32566,30513,31803,32281,32875,30333,32638,36171,35014,33682,36917,33672,34923,35624,34420,32363,32459,36430,35505,35576,36884,34056,38379,38935,37284,30588,31642,31031,31646,31217,32279,31965,31328,30260,33364,32149,32238,33199,30729,32395,30521,31894,30772,31391,30338,30168,32873,31804,32167,32527,32019,32080,31926,30996,33768,30754,32897,32458,32841,30589,30786,33527,31012,32942,31835,31484,29873,32975,34826,36012,36518,36422,34832,34622,34392,32768,35137,36324,32257,36987,34611,36348,33815,36147,34794,35554,29284,29570,30576,30106,29574,32094,31075,32549,32226,31451,32036,32879,32471,31746,34310,30693,33694,31087,33575,31880,29594,31363,31626,34607,31224,30693,33241,34074,30684,32682,30993,33918,30320,33989,31225,34722,32752,32204,32987,31165,32825,31876,31117
STAT,refine,Conflicts,226,6384,88,86,83,87,76,76,72,65,64,66,68,70,59,71,52,54,55,57,44,57,63,59,48,56,51,49,55,57,43,43,43,39,36,60,36,42,24,31,35,42,47,44,41,31,37,35,32,34,41,38,32,34,46,38,38,31,34,35,38,32,44,19,23,24,29,28,23,17,19,24,17,15,18,23,15,15,15,20,23,18,25,16,22,30,21,27,17,28,23,13,21,17,21,22,27,17,30,21,20,25,18,22,17,25,18,14,15,17,20,14,16,18,24,20,20,26,17,23,13,22,18,25,30,24,22,13,34,24,18,19,32,23,16,20,22,28,22,15,20,21,19,16,17,28,18,24,15,14,18,23,21,14,17,24,12,29,17,14,17,17,22,18,17,25,20,20,11,25,20,12,34,20,21,21,17,16,24,18,24,16,25,20,16,20,21,16,27,19,26,16,23,19,23,16,24,17,18,21,16,18,17,27,17,16,21,12,21,24,21,28,23,18,18,17,20,20,24,10,24,12,13,23,21,19,28,17
STAT,refine,Iterations,226,430868,1792,1884,1784,1846,1577,1990,1655,1854,1580,2169,1447,1759,1863,1730,1864,1725,1906,1438,1763,1539,1736,1771,1142,1980,1330,1710,2237,1661,1414,1710,1480,1790,1597,2111,1560,1644,1792,1285,1677,1442,2046,1870,2032,1593,2012,1968,1450,1719,1710,2492,1612,2134,2484,1634,1709,1787,2319,1800,2042,2410,1830,2061,1835,2095,2212,1684,2209,1729,2158,2162,2239,1606,1916,2262,1372,1991,1824,1900,1486,1813,2059,1930,1958,1804,2136,1776,1880,2149,2145,1529,1941,1686,2502,2183,2180,1274,1925,1847,1770,2507,1650,2100,1896,2087,1609,1175,1633,2378,1994,1740,2350,1827,2181,2198,1554,1772,1773,2249,2062,2470,2006,1910,1968,1783,1921,2147,2068,1872,1738,1929,2153,2092,1822,2363,2067,1784,2157,1639,2313,1925,2042,1742,1156,2832,1399,1987,1600,1341,2024,2022,1604,2452,1648,2051,1523,2353,1326,1470,2088,1947,2172,1577,2467,1829,1529,2097,1441,2128,1752,1693,2661,2173,1503,2705,2773,1807,2422,1938,2133,1782,2588,2682,2038,1877,1913,2031,1990,1969,2074,1912,2429,1922,2224,1738,2285,2110,1874,2772,1889,1965,1535,1736,1702,1605,1662,1383,1559,1889,1651,2560,1952,1487,2142,1666,2374,1498,1987,1505,2243,1982,2026,2295,1774,2317,2032,1858
