Hello from MIC
Galois Benchmark Suite v2.2.0 (r0)
Copyright (C) 2013 The University of Texas at Austin
http://iss.ices.utexas.edu/galois/

application: GMetis
Partitions a graph into K parts and minimizing the graph cut
http://iss.ices.utexas.edu/?p=projects/galois/benchmarks/gMetis

INFO: CommandLine /work/02556/dpereira/MIC/apps/gmetis/gmetis -t=232 /work/02556/dpereira/Inputs/USA-road-d.W.gr 128
INFO: Hostname c558-003-mic0.stampede.tacc.utexas.edu
Created Graph with 6262104 nodes and 15248146 edges
Nodes 6262104| Edges 15248146 7624073

  Starting coarsening: 
Time coarsen:  3928 Size of final graph: 3148

  Sarting initial partitioning using GGGP:
Size in decade percentages:  -1,5 -0,118 1,5
Time clustering:  458

  Sarting refinnement with BKL2
Initial dist
Size in decade percentages:  -1,5 -0,118 1,5
Refined dist
Size in decade percentages:  -1,49 0,29 1,49 2,1
Time refinement:  2648


Time:  7213
Total edge cut : 8659

Part saved in : 0x7fff58dba860
STATTYPE,LOOP,CATEGORY,n,sum,T0,T1,T2,T3,T4,T5,T6,T7,T8,T9,T10,T11,T12,T13,T14,T15,T16,T17,T18,T19,T20,T21,T22,T23,T24,T25,T26,T27,T28,T29,T30,T31,T32,T33,T34,T35,T36,T37,T38,T39,T40,T41,T42,T43,T44,T45,T46,T47,T48,T49,T50,T51,T52,T53,T54,T55,T56,T57,T58,T59,T60,T61,T62,T63,T64,T65,T66,T67,T68,T69,T70,T71,T72,T73,T74,T75,T76,T77,T78,T79,T80,T81,T82,T83,T84,T85,T86,T87,T88,T89,T90,T91,T92,T93,T94,T95,T96,T97,T98,T99,T100,T101,T102,T103,T104,T105,T106,T107,T108,T109,T110,T111,T112,T113,T114,T115,T116,T117,T118,T119,T120,T121,T122,T123,T124,T125,T126,T127,T128,T129,T130,T131,T132,T133,T134,T135,T136,T137,T138,T139,T140,T141,T142,T143,T144,T145,T146,T147,T148,T149,T150,T151,T152,T153,T154,T155,T156,T157,T158,T159,T160,T161,T162,T163,T164,T165,T166,T167,T168,T169,T170,T171,T172,T173,T174,T175,T176,T177,T178,T179,T180,T181,T182,T183,T184,T185,T186,T187,T188,T189,T190,T191,T192,T193,T194,T195,T196,T197,T198,T199,T200,T201,T202,T203,T204,T205,T206,T207,T208,T209,T210,T211,T212,T213,T214,T215,T216,T217,T218,T219,T220,T221,T222,T223,T224,T225,T226,T227,T228,T229,T230,T231
STAT,(NULL),Coarsen,232,3928,3928,0,0,0,0,0,0,0,0,0,0,0,0,0,0,0,0,0,0,0,0,0,0,0,0,0,0,0,0,0,0,0,0,0,0,0,0,0,0,0,0,0,0,0,0,0,0,0,0,0,0,0,0,0,0,0,0,0,0,0,0,0,0,0,0,0,0,0,0,0,0,0,0,0,0,0,0,0,0,0,0,0,0,0,0,0,0,0,0,0,0,0,0,0,0,0,0,0,0,0,0,0,0,0,0,0,0,0,0,0,0,0,0,0,0,0,0,0,0,0,0,0,0,0,0,0,0,0,0,0,0,0,0,0,0,0,0,0,0,0,0,0,0,0,0,0,0,0,0,0,0,0,0,0,0,0,0,0,0,0,0,0,0,0,0,0,0,0,0,0,0,0,0,0,0,0,0,0,0,0,0,0,0,0,0,0,0,0,0,0,0,0,0,0,0,0,0,0,0,0,0,0,0,0,0,0,0,0,0,0,0,0,0,0,0,0,0,0,0,0,0,0,0,0,0,0,0,0,0,0,0,0
STAT,(NULL),Conflicts,232,0,0,0,0,0,0,0,0,0,0,0,0,0,0,0,0,0,0,0,0,0,0,0,0,0,0,0,0,0,0,0,0,0,0,0,0,0,0,0,0,0,0,0,0,0,0,0,0,0,0,0,0,0,0,0,0,0,0,0,0,0,0,0,0,0,0,0,0,0,0,0,0,0,0,0,0,0,0,0,0,0,0,0,0,0,0,0,0,0,0,0,0,0,0,0,0,0,0,0,0,0,0,0,0,0,0,0,0,0,0,0,0,0,0,0,0,0,0,0,0,0,0,0,0,0,0,0,0,0,0,0,0,0,0,0,0,0,0,0,0,0,0,0,0,0,0,0,0,0,0,0,0,0,0,0,0,0,0,0,0,0,0,0,0,0,0,0,0,0,0,0,0,0,0,0,0,0,0,0,0,0,0,0,0,0,0,0,0,0,0,0,0,0,0,0,0,0,0,0,0,0,0,0,0,0,0,0,0,0,0,0,0,0,0,0,0,0,0,0,0,0,0,0,0,0,0,0,0,0,0,0,0,0
STAT,(NULL),Iterations,232,255,8,0,2,1,2,3,0,2,0,0,3,4,2,0,0,0,0,5,0,2,0,1,3,0,0,0,1,0,4,0,0,0,1,0,1,0,0,1,1,0,0,0,1,0,0,0,1,0,0,3,0,2,0,1,5,0,1,0,0,1,0,8,0,2,1,0,0,1,0,0,2,0,0,0,2,1,0,0,5,2,0,0,0,0,1,0,1,2,0,0,4,0,0,4,0,0,0,0,1,0,0,0,0,3,0,2,0,3,0,0,5,2,3,0,0,4,3,0,3,0,0,1,0,2,0,1,1,0,2,0,0,0,0,3,0,0,0,0,2,0,0,3,0,1,3,0,3,5,0,1,0,2,0,2,3,0,0,1,0,3,2,1,0,0,6,2,0,2,2,0,1,9,1,2,0,0,0,7,2,1,3,1,0,0,0,0,1,0,0,0,0,0,0,0,1,0,0,1,0,2,2,0,0,0,0,2,0,0,1,0,4,0,0,3,0,0,6,0,0,0,2,0,0,7,0,6,0,2,0,4,0,3
STAT,(NULL),MeminfoPost,232,756864,3268,3260,3265,3267,3271,3270,3261,3256,3272,3255,3263,3261,3279,3264,3311,3287,3276,3250,3262,3257,3252,3269,3268,3267,3277,3264,3271,3265,3267,3248,3260,3254,3265,3267,3275,3254,3260,3251,3259,3265,3257,3267,3271,3270,3268,3266,3256,3270,3250,3274,3254,3278,3271,3318,3281,3272,3250,3260,3257,3252,3274,3261,3274,3268,3272,3268,3266,3264,3249,3259,3254,3265,3271,3273,3252,3253,3255,3261,3261,3273,3259,3259,3272,3293,3263,3257,3264,3273,3266,3258,3260,3271,3253,3260,3252,3255,3272,3251,3243,3256,3263,3269,3273,3260,3255,3264,3252,3259,3247,3251,3254,3263,3251,3256,3280,3284,3272,3262,3249,3257,3255,3275,3261,3251,3248,3245,3249,3266,3266,3272,3264,3274,3273,3257,3261,3252,3256,3267,3255,3257,3258,3253,3251,3245,3248,3261,3243,3275,3254,3248,3256,3275,3291,3280,3278,3275,3252,3256,3255,3279,3253,3245,3244,3259,3263,3271,3266,3273,3259,3262,3251,3267,3252,3256,3259,3247,3250,3254,3248,3270,3251,3246,3272,3285,3280,3285,3281,3263,3259,3251,3255,3251,3256,3260,3278,3285,3285,3265,3286,3277,3262,3249,3261,3273,3248,3259,3261,3259,3245,3251,3246,3255,3258,3269,3264,3243,3244,3242,3268,3239,3247,3280,3248,3256,3259,3260,3265,3262,3263,3263,3260,3262
STAT,(NULL),MeminfoPre,232,189160,821,813,818,820,824,823,814,809,825,808,816,814,832,817,864,840,829,803,815,810,805,822,821,820,830,817,824,818,820,801,813,807,818,820,828,807,813,804,812,818,810,820,824,823,821,819,809,823,803,827,807,831,824,871,834,825,803,813,810,805,827,814,827,821,825,821,819,817,802,812,807,818,824,826,805,806,808,814,814,826,812,812,825,846,816,810,817,826,819,811,813,824,806,813,805,808,825,804,796,809,816,822,826,813,808,817,805,812,800,804,807,816,804,809,833,837,825,815,802,810,808,828,814,804,801,798,802,819,819,825,817,827,826,810,814,805,809,820,808,810,811,806,804,798,801,814,796,828,807,801,809,828,844,833,831,828,805,809,808,832,806,798,797,812,816,824,819,826,812,815,804,820,805,809,812,800,803,807,801,823,804,799,825,838,833,838,834,816,812,804,808,804,809,813,831,838,838,818,839,830,815,802,814,826,801,812,814,812,798,804,799,808,811,822,817,796,797,795,821,792,800,833,801,809,812,813,818,815,816,816,813,815
STAT,(NULL),Partition,232,458,458,0,0,0,0,0,0,0,0,0,0,0,0,0,0,0,0,0,0,0,0,0,0,0,0,0,0,0,0,0,0,0,0,0,0,0,0,0,0,0,0,0,0,0,0,0,0,0,0,0,0,0,0,0,0,0,0,0,0,0,0,0,0,0,0,0,0,0,0,0,0,0,0,0,0,0,0,0,0,0,0,0,0,0,0,0,0,0,0,0,0,0,0,0,0,0,0,0,0,0,0,0,0,0,0,0,0,0,0,0,0,0,0,0,0,0,0,0,0,0,0,0,0,0,0,0,0,0,0,0,0,0,0,0,0,0,0,0,0,0,0,0,0,0,0,0,0,0,0,0,0,0,0,0,0,0,0,0,0,0,0,0,0,0,0,0,0,0,0,0,0,0,0,0,0,0,0,0,0,0,0,0,0,0,0,0,0,0,0,0,0,0,0,0,0,0,0,0,0,0,0,0,0,0,0,0,0,0,0,0,0,0,0,0,0,0,0,0,0,0,0,0,0,0,0,0,0,0,0,0,0,0
STAT,(NULL),Refine,232,2648,2648,0,0,0,0,0,0,0,0,0,0,0,0,0,0,0,0,0,0,0,0,0,0,0,0,0,0,0,0,0,0,0,0,0,0,0,0,0,0,0,0,0,0,0,0,0,0,0,0,0,0,0,0,0,0,0,0,0,0,0,0,0,0,0,0,0,0,0,0,0,0,0,0,0,0,0,0,0,0,0,0,0,0,0,0,0,0,0,0,0,0,0,0,0,0,0,0,0,0,0,0,0,0,0,0,0,0,0,0,0,0,0,0,0,0,0,0,0,0,0,0,0,0,0,0,0,0,0,0,0,0,0,0,0,0,0,0,0,0,0,0,0,0,0,0,0,0,0,0,0,0,0,0,0,0,0,0,0,0,0,0,0,0,0,0,0,0,0,0,0,0,0,0,0,0,0,0,0,0,0,0,0,0,0,0,0,0,0,0,0,0,0,0,0,0,0,0,0,0,0,0,0,0,0,0,0,0,0,0,0,0,0,0,0,0,0,0,0,0,0,0,0,0,0,0,0,0,0,0,0,0,0
STAT,(NULL),Threads,232,232,232,0,0,0,0,0,0,0,0,0,0,0,0,0,0,0,0,0,0,0,0,0,0,0,0,0,0,0,0,0,0,0,0,0,0,0,0,0,0,0,0,0,0,0,0,0,0,0,0,0,0,0,0,0,0,0,0,0,0,0,0,0,0,0,0,0,0,0,0,0,0,0,0,0,0,0,0,0,0,0,0,0,0,0,0,0,0,0,0,0,0,0,0,0,0,0,0,0,0,0,0,0,0,0,0,0,0,0,0,0,0,0,0,0,0,0,0,0,0,0,0,0,0,0,0,0,0,0,0,0,0,0,0,0,0,0,0,0,0,0,0,0,0,0,0,0,0,0,0,0,0,0,0,0,0,0,0,0,0,0,0,0,0,0,0,0,0,0,0,0,0,0,0,0,0,0,0,0,0,0,0,0,0,0,0,0,0,0,0,0,0,0,0,0,0,0,0,0,0,0,0,0,0,0,0,0,0,0,0,0,0,0,0,0,0,0,0,0,0,0,0,0,0,0,0,0,0,0,0,0,0,0
STAT,(NULL),Time,232,7213,7213,0,0,0,0,0,0,0,0,0,0,0,0,0,0,0,0,0,0,0,0,0,0,0,0,0,0,0,0,0,0,0,0,0,0,0,0,0,0,0,0,0,0,0,0,0,0,0,0,0,0,0,0,0,0,0,0,0,0,0,0,0,0,0,0,0,0,0,0,0,0,0,0,0,0,0,0,0,0,0,0,0,0,0,0,0,0,0,0,0,0,0,0,0,0,0,0,0,0,0,0,0,0,0,0,0,0,0,0,0,0,0,0,0,0,0,0,0,0,0,0,0,0,0,0,0,0,0,0,0,0,0,0,0,0,0,0,0,0,0,0,0,0,0,0,0,0,0,0,0,0,0,0,0,0,0,0,0,0,0,0,0,0,0,0,0,0,0,0,0,0,0,0,0,0,0,0,0,0,0,0,0,0,0,0,0,0,0,0,0,0,0,0,0,0,0,0,0,0,0,0,0,0,0,0,0,0,0,0,0,0,0,0,0,0,0,0,0,0,0,0,0,0,0,0,0,0,0,0,0,0,0
STAT,match,Conflicts,232,6772,36,39,49,43,50,45,40,33,40,41,39,37,42,42,44,36,44,43,46,40,34,37,41,44,36,38,33,44,44,44,42,33,42,38,29,38,35,39,35,35,28,39,29,41,37,36,38,35,43,34,28,33,37,40,37,31,34,35,29,33,42,24,22,28,26,28,27,29,19,25,26,25,21,31,27,23,28,33,19,25,23,25,23,28,27,25,28,24,30,25,24,32,22,31,20,28,31,24,33,25,26,29,32,25,31,26,29,34,28,28,19,31,23,30,28,31,32,28,24,27,28,33,20,29,24,27,28,23,24,21,24,26,30,26,22,27,27,22,27,26,27,27,21,25,18,26,30,28,20,24,23,27,26,23,28,25,26,29,24,29,21,28,22,37,26,24,29,27,22,30,23,28,27,24,24,27,28,27,22,28,27,24,29,22,23,24,21,29,21,25,22,23,27,25,32,25,23,27,23,23,26,22,24,28,21,25,26,27,32,20,26,30,20,24,30,24,24,29,28,24,22,30,26,26,28,30,32,25,23,25,29,23
STAT,match,Iterations,232,15035620,44869,47665,52595,50158,51020,46769,55654,35411,48745,40115,58111,45864,39232,59046,41325,52625,46398,42947,54210,47688,65664,54811,53498,45101,53133,56377,53239,55091,66833,46515,53148,49458,44171,50796,62240,42599,58366,55896,48557,59155,54244,60403,38148,58638,72475,49707,65830,52838,62329,56131,47789,72449,73062,49323,70667,74076,74307,64419,53891,36126,67942,45980,68721,75916,70593,72555,59105,70504,71741,75052,43943,63882,70336,60404,50318,64875,54663,69642,60487,62604,79848,65011,65902,51080,68314,65336,67424,59395,55047,83065,71330,73285,44121,77559,88177,73860,66778,79801,55523,62071,72336,52109,66048,70543,74818,79081,45498,60328,81810,59906,85160,53332,68953,62329,65909,69182,58023,66428,86391,77874,71369,81480,78873,51006,84203,63808,73111,72001,62010,72329,51548,67667,57133,86188,75826,52980,66107,74475,64129,84514,63738,58002,81933,68743,72239,74103,64240,62974,57805,90089,76530,57551,66515,66590,67736,52430,71078,52200,62681,58366,64792,91494,61717,70837,81612,67833,72997,61278,74020,71110,77675,70645,59680,85430,81648,79277,81611,87918,82443,63345,88912,62757,78681,60037,63844,80536,72311,71207,75106,63969,78123,84242,67181,71645,45679,71454,81031,66955,85596,75503,53540,65159,67049,52924,72011,74290,70519,71539,68586,68858,58183,79366,48804,86080,50039,86123,60402,67788,60388,64923,76436,70299,68002,71841,76819,58911,69496,87248,66414,69150,61041,74766
STAT,popedge,Conflicts,232,0,0,0,0,0,0,0,0,0,0,0,0,0,0,0,0,0,0,0,0,0,0,0,0,0,0,0,0,0,0,0,0,0,0,0,0,0,0,0,0,0,0,0,0,0,0,0,0,0,0,0,0,0,0,0,0,0,0,0,0,0,0,0,0,0,0,0,0,0,0,0,0,0,0,0,0,0,0,0,0,0,0,0,0,0,0,0,0,0,0,0,0,0,0,0,0,0,0,0,0,0,0,0,0,0,0,0,0,0,0,0,0,0,0,0,0,0,0,0,0,0,0,0,0,0,0,0,0,0,0,0,0,0,0,0,0,0,0,0,0,0,0,0,0,0,0,0,0,0,0,0,0,0,0,0,0,0,0,0,0,0,0,0,0,0,0,0,0,0,0,0,0,0,0,0,0,0,0,0,0,0,0,0,0,0,0,0,0,0,0,0,0,0,0,0,0,0,0,0,0,0,0,0,0,0,0,0,0,0,0,0,0,0,0,0,0,0,0,0,0,0,0,0,0,0,0,0,0,0,0,0,0,0
STAT,popedge,Iterations,232,7364554,30290,30387,30960,30084,30854,29285,29972,31103,30121,29825,29832,31035,30326,30575,30849,29432,30844,30916,30522,30848,29598,31150,31457,30503,29914,32286,29295,31234,31253,31131,31255,32942,32743,31187,32230,32023,29911,30589,32015,31234,30999,30798,32622,31171,32096,30186,31790,31244,29325,35885,36366,35460,35060,34956,34540,34926,36225,35683,34643,35209,34158,31006,29002,29750,29545,29787,29719,29816,31297,28484,31769,30064,33152,31532,32574,32652,31902,30963,30695,29666,31908,31001,30569,30154,29845,31582,33306,30026,31012,30464,30992,30281,29951,31625,30552,30972,31041,30307,31964,30302,31914,29182,31140,28634,31986,30470,31032,30099,32168,30527,35719,35418,35575,37209,34597,35383,36791,36773,35907,36647,34358,36794,33883,28751,32061,32505,33043,29036,31284,29024,29953,30117,31249,31296,30607,32327,30601,29857,31791,29753,30011,29731,29508,31210,28666,29498,31457,31997,30213,32709,31409,29657,30386,29924,32955,32411,31728,30574,30030,31264,30222,34563,31600,30278,32609,31861,31719,31219,30200,30187,29741,35385,34216,37603,36148,33492,35344,40478,36910,34493,36216,36499,34975,30651,29243,29891,29078,30448,31087,31200,28035,33539,31041,31057,32257,32021,30716,32137,32728,30744,32093,33487,29465,32721,31955,30031,31520,29923,34811,30910,33606,31719,31270,30858,30836,31939,32157,32157,30887,32887,33346,31540,31949,33501,31916,31758,31211,31041,31280,32322,31012,29235
STAT,refine,Conflicts,232,7385,109,100,101,105,97,98,106,94,88,78,77,91,92,90,77,80,73,61,51,57,55,69,67,75,68,69,63,66,56,69,61,39,44,43,40,41,44,43,39,40,35,47,45,39,54,54,43,54,50,40,35,50,54,40,45,41,34,45,39,37,52,20,25,25,31,20,19,21,17,21,28,19,22,20,12,19,28,20,15,21,29,21,24,25,18,16,19,23,22,17,24,24,12,19,23,13,24,17,21,20,24,17,27,19,17,23,19,26,25,26,28,26,23,26,27,22,25,17,20,32,30,28,24,24,21,17,27,16,31,20,21,18,30,23,20,19,23,17,28,17,14,14,12,21,23,27,17,19,16,28,22,22,25,20,20,24,18,17,17,17,16,23,21,21,24,23,26,17,19,27,19,26,22,25,32,18,22,28,21,23,20,16,25,20,22,23,15,26,13,33,23,21,23,17,13,20,19,21,20,18,21,15,15,21,22,12,22,21,22,17,31,22,9,21,19,19,12,25,15,21,23,22,20,18,26,13,21,24,29,17,28,22
STAT,refine,Iterations,232,144867,738,711,724,639,827,688,726,489,735,536,600,797,788,646,652,796,613,519,391,420,556,531,552,538,553,615,620,527,800,588,588,458,570,561,614,388,542,648,544,530,521,680,439,821,894,673,719,780,556,749,359,947,829,545,1069,703,579,700,552,402,815,516,619,714,540,527,419,676,480,584,573,455,692,739,523,550,631,666,481,574,792,583,625,631,555,503,543,575,448,612,646,643,360,664,628,470,623,425,653,594,619,556,786,527,724,761,432,717,674,544,766,539,1028,904,937,834,732,595,641,781,686,784,752,552,693,588,661,510,607,564,568,702,627,806,704,499,641,527,663,531,460,396,426,395,607,624,618,551,380,534,641,485,694,576,687,436,501,670,436,677,564,595,459,716,733,755,828,510,649,676,657,712,475,852,977,570,834,983,685,682,731,530,892,701,657,802,560,592,494,755,463,619,633,613,582,836,593,607,635,449,668,466,591,617,460,454,562,651,575,534,565,741,310,716,548,714,412,558,572,543,769,759,570,681,826,470,874,841,598,621,675,492
