Hello from MIC
Galois Benchmark Suite v2.2.0 (r0)
Copyright (C) 2013 The University of Texas at Austin
http://iss.ices.utexas.edu/galois/

application: GMetis
Partitions a graph into K parts and minimizing the graph cut
http://iss.ices.utexas.edu/?p=projects/galois/benchmarks/gMetis

INFO: CommandLine /work/02556/dpereira/MIC/apps/gmetis/gmetis -t=73 /work/02556/dpereira/Inputs/USA-road-d.W.gr 16
INFO: Hostname c557-903-mic0.stampede.tacc.utexas.edu
Created Graph with 6262104 nodes and 15248146 edges
Nodes 6262104| Edges 15248146 7624073

  Starting coarsening: 
Time coarsen:  2450 Size of final graph: 432

  Sarting initial partitioning using GGGP:
Size in decade percentages:  -0,16
Time clustering:  358

  Sarting refinnement with BKL2
Initial dist
Size in decade percentages:  -0,16
Refined dist
Size in decade percentages:  -1,7 0,2 1,7
Time refinement:  894


Time:  3878
Total edge cut : 1701

Part saved in : 0x7fff28fed460
STATTYPE,LOOP,CATEGORY,n,sum,T0,T1,T2,T3,T4,T5,T6,T7,T8,T9,T10,T11,T12,T13,T14,T15,T16,T17,T18,T19,T20,T21,T22,T23,T24,T25,T26,T27,T28,T29,T30,T31,T32,T33,T34,T35,T36,T37,T38,T39,T40,T41,T42,T43,T44,T45,T46,T47,T48,T49,T50,T51,T52,T53,T54,T55,T56,T57,T58,T59,T60,T61,T62,T63,T64,T65,T66,T67,T68,T69,T70,T71,T72
STAT,(NULL),Coarsen,73,2450,2450,0,0,0,0,0,0,0,0,0,0,0,0,0,0,0,0,0,0,0,0,0,0,0,0,0,0,0,0,0,0,0,0,0,0,0,0,0,0,0,0,0,0,0,0,0,0,0,0,0,0,0,0,0,0,0,0,0,0,0,0,0,0,0,0,0,0,0,0,0,0,0,0
STAT,(NULL),Conflicts,73,0,0,0,0,0,0,0,0,0,0,0,0,0,0,0,0,0,0,0,0,0,0,0,0,0,0,0,0,0,0,0,0,0,0,0,0,0,0,0,0,0,0,0,0,0,0,0,0,0,0,0,0,0,0,0,0,0,0,0,0,0,0,0,0,0,0,0,0,0,0,0,0,0,0
STAT,(NULL),Iterations,73,31,5,0,0,0,0,0,0,0,0,1,0,2,0,0,0,1,0,0,0,0,0,0,0,0,0,0,0,0,0,0,3,1,4,0,0,0,0,3,0,0,0,0,0,0,0,2,0,0,0,0,4,1,0,3,0,0,0,0,0,0,0,1,0,0,0,0,0,0,0,0,0,0,0
STAT,(NULL),MeminfoPost,73,756276,10363,10391,10347,10369,10449,10353,10354,10384,10377,10339,10375,10336,10348,10396,10367,10347,10440,10374,10349,10377,10381,10349,10362,10354,10357,10360,10396,10373,10359,10339,10343,10352,10365,10345,10320,10353,10406,10332,10361,10314,10371,10386,10338,10351,10335,10320,10347,10369,10420,10339,10345,10341,10385,10339,10352,10320,10340,10383,10417,10341,10336,10419,10407,10336,10364,10321,10330,10348,10319,10341,10339,10364,10357
STAT,(NULL),MeminfoPre,73,189066,2593,2621,2577,2599,2679,2583,2584,2614,2607,2569,2605,2566,2578,2626,2597,2577,2670,2604,2579,2607,2611,2579,2592,2584,2587,2590,2626,2603,2589,2569,2573,2582,2595,2575,2550,2583,2636,2562,2591,2544,2601,2616,2568,2581,2565,2550,2577,2599,2650,2569,2575,2571,2615,2569,2582,2550,2570,2613,2647,2571,2566,2649,2637,2566,2594,2551,2560,2578,2549,2571,2569,2594,2587
STAT,(NULL),Partition,73,358,358,0,0,0,0,0,0,0,0,0,0,0,0,0,0,0,0,0,0,0,0,0,0,0,0,0,0,0,0,0,0,0,0,0,0,0,0,0,0,0,0,0,0,0,0,0,0,0,0,0,0,0,0,0,0,0,0,0,0,0,0,0,0,0,0,0,0,0,0,0,0,0,0
STAT,(NULL),Refine,73,894,894,0,0,0,0,0,0,0,0,0,0,0,0,0,0,0,0,0,0,0,0,0,0,0,0,0,0,0,0,0,0,0,0,0,0,0,0,0,0,0,0,0,0,0,0,0,0,0,0,0,0,0,0,0,0,0,0,0,0,0,0,0,0,0,0,0,0,0,0,0,0,0,0
STAT,(NULL),Threads,73,73,73,0,0,0,0,0,0,0,0,0,0,0,0,0,0,0,0,0,0,0,0,0,0,0,0,0,0,0,0,0,0,0,0,0,0,0,0,0,0,0,0,0,0,0,0,0,0,0,0,0,0,0,0,0,0,0,0,0,0,0,0,0,0,0,0,0,0,0,0,0,0,0,0
STAT,(NULL),Time,73,3878,3878,0,0,0,0,0,0,0,0,0,0,0,0,0,0,0,0,0,0,0,0,0,0,0,0,0,0,0,0,0,0,0,0,0,0,0,0,0,0,0,0,0,0,0,0,0,0,0,0,0,0,0,0,0,0,0,0,0,0,0,0,0,0,0,0,0,0,0,0,0,0,0,0
STAT,match,Conflicts,73,5990,200,149,150,167,163,148,125,123,116,127,171,140,67,72,77,57,71,64,75,63,72,77,85,60,75,66,71,65,81,62,75,59,56,61,78,73,70,69,77,55,75,66,68,55,71,53,65,86,58,63,56,49,59,63,75,63,58,64,50,54,50,76,72,69,88,83,85,79,82,73,80,96,94
STAT,match,Iterations,73,15000369,176937,170277,186347,179301,160005,184481,185749,176795,188258,190707,173002,183312,209059,200218,202224,217984,194495,203906,219860,205084,209869,207835,209753,200350,211223,220231,201592,214111,217207,215953,207395,212106,213382,216277,230462,201460,205706,228554,204021,232131,214317,214773,233129,216024,218525,229814,217488,195289,192327,221185,214026,231785,201925,228941,210383,213911,219109,204973,199549,220204,204622,202483,186198,206923,196497,192997,215200,206250,214510,206076,210048,193335,199934
STAT,popedge,Conflicts,73,0,0,0,0,0,0,0,0,0,0,0,0,0,0,0,0,0,0,0,0,0,0,0,0,0,0,0,0,0,0,0,0,0,0,0,0,0,0,0,0,0,0,0,0,0,0,0,0,0,0,0,0,0,0,0,0,0,0,0,0,0,0,0,0,0,0,0,0,0,0,0,0,0,0
STAT,popedge,Iterations,73,7354087,94311,89629,94070,95525,90485,95788,92675,91743,92563,97338,97363,98567,105536,100239,104287,103849,100782,101364,104484,101741,101372,104841,103935,100973,99822,95714,94952,94806,95829,103376,104221,102767,103780,104804,103547,104893,101018,112748,110997,112296,106210,105492,104909,109547,108776,104014,105841,108195,103263,105089,105858,101245,101175,103528,104610,106762,101772,102573,100440,100707,101436,94084,95179,100493,95404,95891,99989,89826,92766,95317,97163,101319,96184
STAT,refine,Conflicts,73,3948,170,151,144,134,110,116,111,117,95,77,88,78,91,63,71,58,55,65,50,58,57,52,50,56,62,59,44,49,58,51,43,36,53,37,32,54,43,35,37,39,34,75,38,45,30,35,46,40,38,46,27,40,33,43,30,28,36,39,49,28,25,35,28,26,22,14,15,22,35,21,23,27,26
STAT,refine,Iterations,73,35692,661,586,689,596,325,420,422,640,394,424,462,488,607,467,620,738,287,456,525,726,370,254,430,411,550,610,309,453,375,459,368,656,702,472,361,446,466,619,345,402,675,1044,583,507,406,369,655,377,521,613,265,547,885,684,429,360,545,369,564,364,519,412,344,610,381,185,304,356,486,331,438,451,522
