Hello from MIC
Galois Benchmark Suite v2.2.0 (r0)
Copyright (C) 2013 The University of Texas at Austin
http://iss.ices.utexas.edu/galois/

application: GMetis
Partitions a graph into K parts and minimizing the graph cut
http://iss.ices.utexas.edu/?p=projects/galois/benchmarks/gMetis

INFO: CommandLine /work/02556/dpereira/MIC/apps/gmetis/gmetis -t=137 /work/02556/dpereira/Inputs/USA-road-d.W.gr 16
INFO: Hostname c558-001-mic0.stampede.tacc.utexas.edu
Created Graph with 6262104 nodes and 15248146 edges
Nodes 6262104| Edges 15248146 7624073

  Starting coarsening: 
Time coarsen:  2855 Size of final graph: 434

  Sarting initial partitioning using GGGP:
Size in decade percentages:  -0,16
Time clustering:  368

  Sarting refinnement with BKL2
Initial dist
Size in decade percentages:  -0,16
Refined dist
Size in decade percentages:  -1,6 0,3 1,7
Time refinement:  1601


Time:  5001
Total edge cut : 1762

Part saved in : 0x7fffaf81afe0
STATTYPE,LOOP,CATEGORY,n,sum,T0,T1,T2,T3,T4,T5,T6,T7,T8,T9,T10,T11,T12,T13,T14,T15,T16,T17,T18,T19,T20,T21,T22,T23,T24,T25,T26,T27,T28,T29,T30,T31,T32,T33,T34,T35,T36,T37,T38,T39,T40,T41,T42,T43,T44,T45,T46,T47,T48,T49,T50,T51,T52,T53,T54,T55,T56,T57,T58,T59,T60,T61,T62,T63,T64,T65,T66,T67,T68,T69,T70,T71,T72,T73,T74,T75,T76,T77,T78,T79,T80,T81,T82,T83,T84,T85,T86,T87,T88,T89,T90,T91,T92,T93,T94,T95,T96,T97,T98,T99,T100,T101,T102,T103,T104,T105,T106,T107,T108,T109,T110,T111,T112,T113,T114,T115,T116,T117,T118,T119,T120,T121,T122,T123,T124,T125,T126,T127,T128,T129,T130,T131,T132,T133,T134,T135,T136
STAT,(NULL),Coarsen,137,2855,2855,0,0,0,0,0,0,0,0,0,0,0,0,0,0,0,0,0,0,0,0,0,0,0,0,0,0,0,0,0,0,0,0,0,0,0,0,0,0,0,0,0,0,0,0,0,0,0,0,0,0,0,0,0,0,0,0,0,0,0,0,0,0,0,0,0,0,0,0,0,0,0,0,0,0,0,0,0,0,0,0,0,0,0,0,0,0,0,0,0,0,0,0,0,0,0,0,0,0,0,0,0,0,0,0,0,0,0,0,0,0,0,0,0,0,0,0,0,0,0,0,0,0,0,0,0,0,0,0,0,0,0,0,0,0,0,0
STAT,(NULL),Conflicts,137,0,0,0,0,0,0,0,0,0,0,0,0,0,0,0,0,0,0,0,0,0,0,0,0,0,0,0,0,0,0,0,0,0,0,0,0,0,0,0,0,0,0,0,0,0,0,0,0,0,0,0,0,0,0,0,0,0,0,0,0,0,0,0,0,0,0,0,0,0,0,0,0,0,0,0,0,0,0,0,0,0,0,0,0,0,0,0,0,0,0,0,0,0,0,0,0,0,0,0,0,0,0,0,0,0,0,0,0,0,0,0,0,0,0,0,0,0,0,0,0,0,0,0,0,0,0,0,0,0,0,0,0,0,0,0,0,0,0
STAT,(NULL),Iterations,137,31,5,0,0,0,0,0,0,0,0,0,0,0,0,0,0,0,0,0,0,0,0,0,0,1,0,0,2,0,1,0,0,0,0,0,0,0,3,2,0,0,0,0,0,1,0,0,0,0,0,0,0,0,0,0,0,0,4,1,1,0,0,0,0,0,0,0,0,0,0,0,0,0,0,0,0,0,0,0,0,2,0,0,0,0,0,0,0,4,0,0,0,0,0,0,0,0,0,0,0,0,0,0,0,0,0,0,0,0,0,0,0,0,1,0,0,2,0,0,0,0,0,0,1,0,0,0,0,0,0,0,0,0,0,0,0,0,0
STAT,(NULL),MeminfoPost,137,756416,5527,5521,5536,5530,5527,5503,5524,5542,5581,5549,5505,5517,5518,5531,5536,5530,5533,5503,5511,5531,5533,5505,5511,5525,5523,5534,5531,5529,5501,5527,5543,5581,5546,5511,5515,5518,5523,5544,5529,5533,5501,5513,5528,5529,5509,5512,5528,5525,5523,5558,5512,5537,5519,5521,5516,5512,5518,5510,5502,5523,5538,5509,5515,5512,5496,5504,5514,5546,5546,5512,5510,5528,5518,5492,5498,5528,5528,5537,5527,5520,5503,5518,5512,5508,5498,5508,5497,5528,5496,5548,5561,5546,5510,5508,5530,5493,5510,5529,5531,5524,5509,5518,5512,5505,5498,5502,5520,5516,5556,5556,5534,5511,5510,5505,5530,5563,5536,5555,5519,5507,5522,5524,5508,5495,5505,5497,5538,5496,5503,5495,5524,5499,5515,5522,5523,5518,5521
STAT,(NULL),MeminfoPre,137,189099,1386,1380,1395,1389,1386,1362,1383,1401,1440,1408,1364,1376,1377,1390,1395,1389,1392,1362,1370,1390,1392,1364,1370,1384,1382,1393,1390,1388,1360,1386,1402,1440,1405,1370,1374,1377,1382,1403,1388,1392,1360,1372,1387,1388,1368,1371,1387,1384,1382,1417,1371,1396,1378,1380,1375,1371,1377,1369,1361,1382,1397,1368,1374,1371,1355,1363,1373,1405,1405,1371,1369,1387,1377,1351,1357,1387,1387,1396,1386,1379,1362,1377,1371,1367,1357,1367,1356,1387,1355,1407,1420,1405,1369,1367,1389,1352,1369,1388,1390,1383,1368,1377,1371,1364,1357,1361,1379,1375,1415,1415,1393,1370,1369,1364,1389,1422,1395,1414,1378,1366,1381,1383,1367,1354,1364,1356,1397,1355,1362,1354,1383,1358,1374,1381,1382,1377,1380
STAT,(NULL),Partition,137,368,368,0,0,0,0,0,0,0,0,0,0,0,0,0,0,0,0,0,0,0,0,0,0,0,0,0,0,0,0,0,0,0,0,0,0,0,0,0,0,0,0,0,0,0,0,0,0,0,0,0,0,0,0,0,0,0,0,0,0,0,0,0,0,0,0,0,0,0,0,0,0,0,0,0,0,0,0,0,0,0,0,0,0,0,0,0,0,0,0,0,0,0,0,0,0,0,0,0,0,0,0,0,0,0,0,0,0,0,0,0,0,0,0,0,0,0,0,0,0,0,0,0,0,0,0,0,0,0,0,0,0,0,0,0,0,0,0
STAT,(NULL),Refine,137,1601,1601,0,0,0,0,0,0,0,0,0,0,0,0,0,0,0,0,0,0,0,0,0,0,0,0,0,0,0,0,0,0,0,0,0,0,0,0,0,0,0,0,0,0,0,0,0,0,0,0,0,0,0,0,0,0,0,0,0,0,0,0,0,0,0,0,0,0,0,0,0,0,0,0,0,0,0,0,0,0,0,0,0,0,0,0,0,0,0,0,0,0,0,0,0,0,0,0,0,0,0,0,0,0,0,0,0,0,0,0,0,0,0,0,0,0,0,0,0,0,0,0,0,0,0,0,0,0,0,0,0,0,0,0,0,0,0,0
STAT,(NULL),Threads,137,137,137,0,0,0,0,0,0,0,0,0,0,0,0,0,0,0,0,0,0,0,0,0,0,0,0,0,0,0,0,0,0,0,0,0,0,0,0,0,0,0,0,0,0,0,0,0,0,0,0,0,0,0,0,0,0,0,0,0,0,0,0,0,0,0,0,0,0,0,0,0,0,0,0,0,0,0,0,0,0,0,0,0,0,0,0,0,0,0,0,0,0,0,0,0,0,0,0,0,0,0,0,0,0,0,0,0,0,0,0,0,0,0,0,0,0,0,0,0,0,0,0,0,0,0,0,0,0,0,0,0,0,0,0,0,0,0,0
STAT,(NULL),Time,137,5001,5001,0,0,0,0,0,0,0,0,0,0,0,0,0,0,0,0,0,0,0,0,0,0,0,0,0,0,0,0,0,0,0,0,0,0,0,0,0,0,0,0,0,0,0,0,0,0,0,0,0,0,0,0,0,0,0,0,0,0,0,0,0,0,0,0,0,0,0,0,0,0,0,0,0,0,0,0,0,0,0,0,0,0,0,0,0,0,0,0,0,0,0,0,0,0,0,0,0,0,0,0,0,0,0,0,0,0,0,0,0,0,0,0,0,0,0,0,0,0,0,0,0,0,0,0,0,0,0,0,0,0,0,0,0,0,0,0
STAT,match,Conflicts,137,6430,85,61,62,60,71,79,58,66,69,68,65,52,65,63,60,52,67,57,59,50,59,68,63,59,55,56,51,63,52,55,52,44,68,45,57,48,56,45,58,46,52,45,50,47,52,44,46,48,61,45,52,54,47,50,48,50,54,53,44,54,52,44,45,40,42,38,40,35,45,41,49,39,35,41,40,29,40,40,43,41,40,52,50,50,36,33,40,41,38,30,42,39,37,48,35,43,36,40,46,38,37,45,33,25,35,38,42,34,36,44,36,39,36,44,37,39,35,36,46,36,46,41,38,33,40,36,40,44,43,37,39,31,44,38,44,35,50
STAT,match,Iterations,137,15019968,61149,93367,93563,81540,95349,78470,94060,67823,93326,85331,92805,93669,79795,71677,90665,102113,88194,88751,86132,102840,107593,110771,95523,124349,90586,112227,119467,97665,100825,102309,90032,120630,89485,125272,125800,111450,99917,109685,90785,110106,110856,101207,95071,100295,118057,101406,100596,105870,90198,110332,98225,99091,111072,128583,107997,106604,118131,113599,107833,103483,101792,115245,96795,116462,96685,112378,111253,100064,76816,91574,96190,140558,112557,117339,97975,118745,126168,130958,128438,139866,127737,119665,123465,121111,141143,140011,120150,123832,134950,138447,112610,98451,112915,116006,123008,119726,127572,123267,102033,127368,129108,119228,139061,109738,128474,135076,117145,133214,140423,107781,117670,126020,127628,105692,123712,115926,116322,132280,110707,135834,123981,142600,89979,104607,106691,117840,107381,91442,115417,109840,107951,117907,107170,107657,112888,113287,87364
STAT,popedge,Conflicts,137,0,0,0,0,0,0,0,0,0,0,0,0,0,0,0,0,0,0,0,0,0,0,0,0,0,0,0,0,0,0,0,0,0,0,0,0,0,0,0,0,0,0,0,0,0,0,0,0,0,0,0,0,0,0,0,0,0,0,0,0,0,0,0,0,0,0,0,0,0,0,0,0,0,0,0,0,0,0,0,0,0,0,0,0,0,0,0,0,0,0,0,0,0,0,0,0,0,0,0,0,0,0,0,0,0,0,0,0,0,0,0,0,0,0,0,0,0,0,0,0,0,0,0,0,0,0,0,0,0,0,0,0,0,0,0,0,0,0
STAT,popedge,Iterations,137,7360629,48325,45969,47714,49558,48235,50381,49693,49848,49833,50039,51109,48354,51259,48981,50079,54192,59199,53494,60536,56844,57166,58901,57533,57874,56194,56273,55718,57734,55673,56047,56348,53627,55302,56728,56273,55437,56351,53707,54015,54829,54960,56508,56315,55318,55575,56940,53522,53491,54158,50986,54195,50475,52142,52042,54781,60542,54440,56576,58230,55868,56051,46742,47285,46763,46782,48009,48034,47927,48316,49391,50612,49011,49438,49632,48860,48661,55957,57961,49582,55833,55690,58206,59309,58064,59674,57677,59128,55765,55007,57745,57707,56754,56481,56870,57671,55371,54572,57354,53986,56474,53931,56795,55630,54206,55157,55817,55419,55005,57137,53659,52981,53540,53910,53242,57305,55360,58612,60092,60604,59016,56360,59596,51049,48469,50694,49692,48362,49373,48776,46093,48969,51675,51355,50725,50387,50274,48574
STAT,refine,Conflicts,137,5053,129,135,122,114,126,82,102,93,89,77,69,90,87,80,99,64,66,72,58,65,54,41,47,54,49,61,68,60,61,69,38,38,24,33,42,35,39,33,37,39,38,32,32,31,33,27,43,39,38,29,40,35,36,33,57,30,38,27,36,39,30,20,17,22,21,21,11,18,16,21,16,23,18,31,16,22,21,25,21,14,23,18,13,24,23,21,19,26,22,22,12,25,27,15,19,18,19,29,23,31,18,23,17,22,20,25,18,20,20,22,19,27,24,28,20,26,23,23,16,17,16,24,21,13,25,23,27,14,16,15,19,31,23,15,25,9,22
STAT,refine,Iterations,137,38382,428,405,405,338,544,299,318,335,335,412,298,360,347,340,474,302,381,409,383,351,289,324,288,302,341,243,344,301,315,317,234,347,229,224,265,319,295,269,328,278,259,217,193,168,261,216,248,347,336,238,253,236,194,259,309,337,288,179,219,321,310,266,188,272,226,319,166,230,214,186,265,257,191,247,260,278,227,345,344,426,286,230,269,277,251,465,207,294,259,316,271,242,278,268,233,196,263,269,262,370,234,270,267,189,212,258,280,245,285,291,248,279,287,277,324,254,400,286,268,241,339,339,199,151,234,205,314,140,174,169,227,210,264,202,186,188,329
