Hello from MIC
Galois Benchmark Suite v2.2.0 (r0)
Copyright (C) 2013 The University of Texas at Austin
http://iss.ices.utexas.edu/galois/

application: GMetis
Partitions a graph into K parts and minimizing the graph cut
http://iss.ices.utexas.edu/?p=projects/galois/benchmarks/gMetis

INFO: CommandLine /work/02556/dpereira/MIC/apps/gmetis/gmetis -t=121 /work/02556/dpereira/Inputs/USA-road-d.W.gr 128
INFO: Hostname c558-001-mic0.stampede.tacc.utexas.edu
Created Graph with 6262104 nodes and 15248146 edges
Nodes 6262104| Edges 15248146 7624073

  Starting coarsening: 
Time coarsen:  2272 Size of final graph: 3068

  Sarting initial partitioning using GGGP:
Size in decade percentages:  -1,6 -0,112 1,10
Time clustering:  415

  Sarting refinnement with BKL2
Initial dist
Size in decade percentages:  -1,6 -0,112 1,10
Refined dist
Size in decade percentages:  -1,55 -0,24 1,49
Time refinement:  1213


Time:  4078
Total edge cut : 8310

Part saved in : 0x7fff54cf8de0
STATTYPE,LOOP,CATEGORY,n,sum,T0,T1,T2,T3,T4,T5,T6,T7,T8,T9,T10,T11,T12,T13,T14,T15,T16,T17,T18,T19,T20,T21,T22,T23,T24,T25,T26,T27,T28,T29,T30,T31,T32,T33,T34,T35,T36,T37,T38,T39,T40,T41,T42,T43,T44,T45,T46,T47,T48,T49,T50,T51,T52,T53,T54,T55,T56,T57,T58,T59,T60,T61,T62,T63,T64,T65,T66,T67,T68,T69,T70,T71,T72,T73,T74,T75,T76,T77,T78,T79,T80,T81,T82,T83,T84,T85,T86,T87,T88,T89,T90,T91,T92,T93,T94,T95,T96,T97,T98,T99,T100,T101,T102,T103,T104,T105,T106,T107,T108,T109,T110,T111,T112,T113,T114,T115,T116,T117,T118,T119,T120
STAT,(NULL),Coarsen,121,2272,2272,0,0,0,0,0,0,0,0,0,0,0,0,0,0,0,0,0,0,0,0,0,0,0,0,0,0,0,0,0,0,0,0,0,0,0,0,0,0,0,0,0,0,0,0,0,0,0,0,0,0,0,0,0,0,0,0,0,0,0,0,0,0,0,0,0,0,0,0,0,0,0,0,0,0,0,0,0,0,0,0,0,0,0,0,0,0,0,0,0,0,0,0,0,0,0,0,0,0,0,0,0,0,0,0,0,0,0,0,0,0,0,0,0,0,0,0,0,0,0,0
STAT,(NULL),Conflicts,121,0,0,0,0,0,0,0,0,0,0,0,0,0,0,0,0,0,0,0,0,0,0,0,0,0,0,0,0,0,0,0,0,0,0,0,0,0,0,0,0,0,0,0,0,0,0,0,0,0,0,0,0,0,0,0,0,0,0,0,0,0,0,0,0,0,0,0,0,0,0,0,0,0,0,0,0,0,0,0,0,0,0,0,0,0,0,0,0,0,0,0,0,0,0,0,0,0,0,0,0,0,0,0,0,0,0,0,0,0,0,0,0,0,0,0,0,0,0,0,0,0,0
STAT,(NULL),Iterations,121,255,8,5,1,3,1,8,1,1,3,2,4,0,0,2,0,3,0,2,2,0,4,2,7,1,0,1,2,4,0,4,2,6,2,1,1,0,2,0,0,3,2,4,1,2,3,1,0,0,0,3,0,3,4,0,0,4,0,3,1,0,3,7,3,1,4,8,4,0,0,4,2,0,0,1,0,2,1,2,0,7,1,3,4,1,1,1,0,6,1,1,2,0,7,5,0,4,0,1,1,1,9,1,1,4,4,7,0,0,0,4,1,0,0,9,0,0,3,0,3,1,0
STAT,(NULL),MeminfoPost,121,756778,6261,6260,6270,6252,6250,6255,6274,6315,6277,6241,6240,6268,6274,6259,6270,6233,6245,6283,6242,6235,6258,6253,6273,6261,6255,6248,6268,6293,6309,6239,6244,6250,6268,6278,6261,6244,6242,6263,6259,6241,6247,6267,6250,6299,6242,6268,6254,6261,6245,6236,6255,6226,6258,6266,6245,6247,6238,6229,6247,6270,6282,6243,6240,6270,6230,6222,6254,6262,6273,6258,6242,6252,6242,6243,6224,6240,6250,6234,6251,6292,6294,6245,6240,6261,6220,6251,6261,6267,6245,6250,6243,6235,6233,6246,6228,6289,6294,6273,6243,6235,6246,6283,6287,6282,6267,6235,6255,6248,6235,6229,6240,6263,6227,6234,6226,6250,6238,6254,6253,6256,6252
STAT,(NULL),MeminfoPre,121,189167,1570,1569,1579,1561,1559,1564,1583,1624,1586,1550,1549,1577,1583,1568,1579,1542,1554,1592,1551,1544,1567,1562,1582,1570,1564,1557,1577,1602,1618,1548,1553,1559,1577,1587,1570,1553,1551,1572,1568,1550,1556,1576,1559,1608,1551,1577,1563,1570,1554,1545,1564,1535,1567,1575,1554,1556,1547,1538,1556,1579,1591,1552,1549,1579,1539,1531,1563,1571,1582,1567,1551,1561,1551,1552,1533,1549,1559,1543,1560,1601,1603,1554,1549,1570,1529,1560,1570,1576,1554,1559,1552,1544,1542,1555,1537,1598,1603,1582,1552,1544,1555,1592,1596,1591,1576,1544,1564,1557,1544,1538,1549,1572,1536,1543,1535,1559,1547,1563,1562,1565,1561
STAT,(NULL),Partition,121,415,415,0,0,0,0,0,0,0,0,0,0,0,0,0,0,0,0,0,0,0,0,0,0,0,0,0,0,0,0,0,0,0,0,0,0,0,0,0,0,0,0,0,0,0,0,0,0,0,0,0,0,0,0,0,0,0,0,0,0,0,0,0,0,0,0,0,0,0,0,0,0,0,0,0,0,0,0,0,0,0,0,0,0,0,0,0,0,0,0,0,0,0,0,0,0,0,0,0,0,0,0,0,0,0,0,0,0,0,0,0,0,0,0,0,0,0,0,0,0,0,0
STAT,(NULL),Refine,121,1213,1213,0,0,0,0,0,0,0,0,0,0,0,0,0,0,0,0,0,0,0,0,0,0,0,0,0,0,0,0,0,0,0,0,0,0,0,0,0,0,0,0,0,0,0,0,0,0,0,0,0,0,0,0,0,0,0,0,0,0,0,0,0,0,0,0,0,0,0,0,0,0,0,0,0,0,0,0,0,0,0,0,0,0,0,0,0,0,0,0,0,0,0,0,0,0,0,0,0,0,0,0,0,0,0,0,0,0,0,0,0,0,0,0,0,0,0,0,0,0,0,0
STAT,(NULL),Threads,121,121,121,0,0,0,0,0,0,0,0,0,0,0,0,0,0,0,0,0,0,0,0,0,0,0,0,0,0,0,0,0,0,0,0,0,0,0,0,0,0,0,0,0,0,0,0,0,0,0,0,0,0,0,0,0,0,0,0,0,0,0,0,0,0,0,0,0,0,0,0,0,0,0,0,0,0,0,0,0,0,0,0,0,0,0,0,0,0,0,0,0,0,0,0,0,0,0,0,0,0,0,0,0,0,0,0,0,0,0,0,0,0,0,0,0,0,0,0,0,0,0,0
STAT,(NULL),Time,121,4078,4078,0,0,0,0,0,0,0,0,0,0,0,0,0,0,0,0,0,0,0,0,0,0,0,0,0,0,0,0,0,0,0,0,0,0,0,0,0,0,0,0,0,0,0,0,0,0,0,0,0,0,0,0,0,0,0,0,0,0,0,0,0,0,0,0,0,0,0,0,0,0,0,0,0,0,0,0,0,0,0,0,0,0,0,0,0,0,0,0,0,0,0,0,0,0,0,0,0,0,0,0,0,0,0,0,0,0,0,0,0,0,0,0,0,0,0,0,0,0,0,0
STAT,match,Conflicts,121,6118,75,70,76,66,57,86,74,60,69,58,83,80,82,63,63,58,59,56,63,62,60,60,47,73,70,67,59,68,66,57,59,55,59,52,52,42,46,53,51,51,61,48,56,60,71,49,55,49,50,51,53,64,51,42,52,56,57,52,60,63,38,33,26,39,30,34,52,42,41,43,40,37,42,47,37,37,42,41,46,43,40,36,34,33,37,54,49,37,35,46,39,38,41,37,44,37,47,40,44,41,45,44,44,42,54,40,35,32,57,43,46,39,46,47,42,44,39,44,39,50,40
STAT,match,Iterations,121,14971694,97232,113391,108201,108267,111501,116886,111356,104320,106073,108639,104878,88291,104418,117146,119394,128107,123065,118623,118197,110664,112341,128108,121206,111508,114390,110746,129436,109593,120284,117827,114285,121864,119348,107227,122412,115987,136286,115174,114914,111751,109061,116256,123723,117950,101676,121774,111480,121432,118672,114944,119625,116508,124913,126369,127271,116339,110037,107219,112405,106863,112123,139664,137798,141635,141410,139344,129348,129640,120801,128963,141551,129399,138388,141096,133302,150565,136743,119790,125530,135011,141244,135867,134478,124596,140945,131702,124982,131271,127338,131021,153983,149170,134958,140694,145792,127411,127194,138345,126962,139791,130762,134649,131519,125352,125060,129878,138803,127196,112359,145415,110668,140775,140753,116838,140937,113546,126549,125554,121631,128340,127412
STAT,popedge,Conflicts,121,0,0,0,0,0,0,0,0,0,0,0,0,0,0,0,0,0,0,0,0,0,0,0,0,0,0,0,0,0,0,0,0,0,0,0,0,0,0,0,0,0,0,0,0,0,0,0,0,0,0,0,0,0,0,0,0,0,0,0,0,0,0,0,0,0,0,0,0,0,0,0,0,0,0,0,0,0,0,0,0,0,0,0,0,0,0,0,0,0,0,0,0,0,0,0,0,0,0,0,0,0,0,0,0,0,0,0,0,0,0,0,0,0,0,0,0,0,0,0,0,0,0
STAT,popedge,Iterations,121,7333683,63164,60174,59730,62085,60946,60238,58764,59686,58724,65227,62781,63965,59991,58572,60425,60113,60856,60122,60554,60930,61572,59702,59457,63784,60890,60959,58250,62201,58377,62397,59387,60570,59248,60288,56130,60585,61805,60728,61060,62310,61240,57023,57991,56679,59475,56882,57603,57487,59909,60881,60885,62020,62280,60498,56639,62259,56328,63077,59819,62876,67830,60048,61673,60135,61076,60468,58172,58981,58409,56132,60944,58913,62479,62642,62388,61658,60351,62501,62126,57975,60779,61773,60093,61411,62182,58716,61927,59351,61911,58081,60853,58589,62670,57741,59566,59369,59166,60259,59954,57497,60174,60366,61381,60007,57705,62513,59923,63885,64277,59169,63247,61878,61775,66822,62254,64403,63362,55215,65655,60392,63893
STAT,refine,Conflicts,121,4815,99,102,95,106,80,93,105,84,79,64,74,72,76,79,75,59,59,66,63,52,54,56,61,54,72,60,59,64,59,51,48,47,42,32,43,38,35,41,35,34,37,51,45,48,43,42,38,42,38,48,42,42,41,38,45,31,36,34,33,32,19,25,24,23,14,20,24,20,31,26,26,27,28,25,29,21,23,23,25,23,17,30,18,24,23,25,26,21,29,20,24,24,30,20,28,22,22,30,27,27,27,19,21,19,16,26,33,19,19,18,24,27,29,32,27,26,15,19,26,20,17
STAT,refine,Iterations,121,135700,1367,1040,1144,1026,884,1443,1077,1496,1418,989,1078,1014,1082,726,1272,1119,1282,1273,1366,1176,1012,1048,1147,1063,1073,1109,1169,1754,1342,1219,933,1331,1034,1139,990,1258,1271,1233,1112,1242,1120,1125,1136,1132,896,824,756,1035,765,845,1074,923,1310,1080,1092,791,1058,867,950,1035,1115,1402,987,1266,845,909,1273,1388,1301,1078,914,1306,1289,1178,1074,1186,1081,1265,1406,1208,1180,1215,1161,1256,1144,1115,1347,1139,1226,1125,1226,1120,1351,1101,1212,1377,1197,1281,1048,1089,1329,1054,1160,1234,857,810,941,1001,799,726,834,1306,1135,1074,1181,1229,794,1231,921,1044,1094
