Hello from MIC
Galois Benchmark Suite v2.2.0 (r0)
Copyright (C) 2013 The University of Texas at Austin
http://iss.ices.utexas.edu/galois/

application: GMetis
Partitions a graph into K parts and minimizing the graph cut
http://iss.ices.utexas.edu/?p=projects/galois/benchmarks/gMetis

INFO: CommandLine /work/02556/dpereira/MIC/apps/gmetis/gmetis -t=100 /work/02556/dpereira/Inputs/USA-road-d.W.gr 128
INFO: Hostname c557-903-mic0.stampede.tacc.utexas.edu
Created Graph with 6262104 nodes and 15248146 edges
Nodes 6262104| Edges 15248146 7624073

  Starting coarsening: 
Time coarsen:  2208 Size of final graph: 3056

  Sarting initial partitioning using GGGP:
Size in decade percentages:  -1,5 -0,114 1,9
Time clustering:  410

  Sarting refinnement with BKL2
Initial dist
Size in decade percentages:  -1,5 -0,114 1,9
Refined dist
Size in decade percentages:  -1,46 -0,39 1,43
Time refinement:  1015


Time:  3810
Total edge cut : 8254

Part saved in : 0x7fffb0e31ae0
STATTYPE,LOOP,CATEGORY,n,sum,T0,T1,T2,T3,T4,T5,T6,T7,T8,T9,T10,T11,T12,T13,T14,T15,T16,T17,T18,T19,T20,T21,T22,T23,T24,T25,T26,T27,T28,T29,T30,T31,T32,T33,T34,T35,T36,T37,T38,T39,T40,T41,T42,T43,T44,T45,T46,T47,T48,T49,T50,T51,T52,T53,T54,T55,T56,T57,T58,T59,T60,T61,T62,T63,T64,T65,T66,T67,T68,T69,T70,T71,T72,T73,T74,T75,T76,T77,T78,T79,T80,T81,T82,T83,T84,T85,T86,T87,T88,T89,T90,T91,T92,T93,T94,T95,T96,T97,T98,T99
STAT,(NULL),Coarsen,100,2208,2208,0,0,0,0,0,0,0,0,0,0,0,0,0,0,0,0,0,0,0,0,0,0,0,0,0,0,0,0,0,0,0,0,0,0,0,0,0,0,0,0,0,0,0,0,0,0,0,0,0,0,0,0,0,0,0,0,0,0,0,0,0,0,0,0,0,0,0,0,0,0,0,0,0,0,0,0,0,0,0,0,0,0,0,0,0,0,0,0,0,0,0,0,0,0,0,0,0,0,0
STAT,(NULL),Conflicts,100,0,0,0,0,0,0,0,0,0,0,0,0,0,0,0,0,0,0,0,0,0,0,0,0,0,0,0,0,0,0,0,0,0,0,0,0,0,0,0,0,0,0,0,0,0,0,0,0,0,0,0,0,0,0,0,0,0,0,0,0,0,0,0,0,0,0,0,0,0,0,0,0,0,0,0,0,0,0,0,0,0,0,0,0,0,0,0,0,0,0,0,0,0,0,0,0,0,0,0,0,0
STAT,(NULL),Iterations,100,255,8,2,0,3,0,0,7,0,2,3,1,4,4,0,3,2,0,0,3,2,3,0,2,0,2,0,5,3,4,3,1,4,6,4,2,2,4,2,2,3,0,1,3,3,6,2,2,1,2,3,2,0,4,1,4,2,8,1,5,1,2,3,1,5,1,6,0,4,4,2,2,6,0,4,4,4,2,1,1,2,4,0,2,0,7,2,3,5,4,3,7,0,6,2,1,4,1,0,3,0
STAT,(NULL),MeminfoPost,100,756258,7557,7589,7568,7561,7562,7578,7643,7554,7550,7569,7589,7572,7553,7552,7585,7544,7556,7562,7579,7569,7560,7559,7607,7631,7543,7552,7571,7586,7570,7549,7560,7583,7540,7558,7575,7572,7581,7573,7560,7564,7548,7562,7531,7570,7570,7549,7542,7535,7548,7606,7566,7545,7572,7529,7542,7571,7578,7567,7547,7554,7552,7529,7540,7556,7536,7607,7610,7548,7568,7528,7549,7576,7569,7550,7552,7544,7534,7553,7555,7612,7594,7545,7542,7573,7611,7597,7559,7569,7553,7542,7528,7534,7572,7521,7545,7553,7549,7565,7565,7555
STAT,(NULL),MeminfoPre,100,189058,1885,1917,1896,1889,1890,1906,1971,1882,1878,1897,1917,1900,1881,1880,1913,1872,1884,1890,1907,1897,1888,1887,1935,1959,1871,1880,1899,1914,1898,1877,1888,1911,1868,1886,1903,1900,1909,1901,1888,1892,1876,1890,1859,1898,1898,1877,1870,1863,1876,1934,1894,1873,1900,1857,1870,1899,1906,1895,1875,1882,1880,1857,1868,1884,1864,1935,1938,1876,1896,1856,1877,1904,1897,1878,1880,1872,1862,1881,1883,1940,1922,1873,1870,1901,1939,1925,1887,1897,1881,1870,1856,1862,1900,1849,1873,1881,1877,1893,1893,1883
STAT,(NULL),Partition,100,410,410,0,0,0,0,0,0,0,0,0,0,0,0,0,0,0,0,0,0,0,0,0,0,0,0,0,0,0,0,0,0,0,0,0,0,0,0,0,0,0,0,0,0,0,0,0,0,0,0,0,0,0,0,0,0,0,0,0,0,0,0,0,0,0,0,0,0,0,0,0,0,0,0,0,0,0,0,0,0,0,0,0,0,0,0,0,0,0,0,0,0,0,0,0,0,0,0,0,0,0
STAT,(NULL),Refine,100,1015,1015,0,0,0,0,0,0,0,0,0,0,0,0,0,0,0,0,0,0,0,0,0,0,0,0,0,0,0,0,0,0,0,0,0,0,0,0,0,0,0,0,0,0,0,0,0,0,0,0,0,0,0,0,0,0,0,0,0,0,0,0,0,0,0,0,0,0,0,0,0,0,0,0,0,0,0,0,0,0,0,0,0,0,0,0,0,0,0,0,0,0,0,0,0,0,0,0,0,0,0
STAT,(NULL),Threads,100,100,100,0,0,0,0,0,0,0,0,0,0,0,0,0,0,0,0,0,0,0,0,0,0,0,0,0,0,0,0,0,0,0,0,0,0,0,0,0,0,0,0,0,0,0,0,0,0,0,0,0,0,0,0,0,0,0,0,0,0,0,0,0,0,0,0,0,0,0,0,0,0,0,0,0,0,0,0,0,0,0,0,0,0,0,0,0,0,0,0,0,0,0,0,0,0,0,0,0,0,0
STAT,(NULL),Time,100,3810,3810,0,0,0,0,0,0,0,0,0,0,0,0,0,0,0,0,0,0,0,0,0,0,0,0,0,0,0,0,0,0,0,0,0,0,0,0,0,0,0,0,0,0,0,0,0,0,0,0,0,0,0,0,0,0,0,0,0,0,0,0,0,0,0,0,0,0,0,0,0,0,0,0,0,0,0,0,0,0,0,0,0,0,0,0,0,0,0,0,0,0,0,0,0,0,0,0,0,0,0
STAT,match,Conflicts,100,5900,83,89,81,92,94,69,101,77,82,61,69,80,84,73,84,73,83,64,64,54,73,78,66,73,63,80,74,74,79,84,56,75,56,58,65,78,60,70,87,45,52,48,55,44,46,44,44,44,40,66,58,32,52,57,42,41,54,48,52,43,46,33,44,43,49,59,37,61,42,44,33,38,58,54,52,51,45,50,51,37,36,45,40,48,56,44,44,48,56,59,72,45,63,64,47,55,46,43,72,77
STAT,match,Iterations,100,14979285,145441,106991,141607,123004,129146,126964,119599,145506,138163,148060,123665,129082,140283,144325,126702,141623,141471,145205,146961,145761,129825,135659,137039,139933,130836,148006,110608,144484,144442,141818,152653,123896,162727,147923,134173,131059,139695,130059,131119,156554,169646,161648,168187,161868,154215,157644,162503,173235,158541,132968,155933,175659,156187,168341,167674,158652,155620,169871,163872,178943,152796,169765,157205,162428,157584,160039,155501,140108,154429,158312,175678,143137,147335,152989,164921,161512,157278,162014,161975,146179,152505,147759,156943,145336,153425,159101,174443,147159,169245,159008,152924,173852,147827,157647,147845,152284,154787,151199,163249,138288
STAT,popedge,Conflicts,100,0,0,0,0,0,0,0,0,0,0,0,0,0,0,0,0,0,0,0,0,0,0,0,0,0,0,0,0,0,0,0,0,0,0,0,0,0,0,0,0,0,0,0,0,0,0,0,0,0,0,0,0,0,0,0,0,0,0,0,0,0,0,0,0,0,0,0,0,0,0,0,0,0,0,0,0,0,0,0,0,0,0,0,0,0,0,0,0,0,0,0,0,0,0,0,0,0,0,0,0,0
STAT,popedge,Iterations,100,7336527,73236,70887,70842,70298,71495,71484,69529,69735,70497,69258,67745,70894,71550,72002,73829,71365,75212,69551,70501,67924,74419,73371,70283,69983,75874,75621,74146,71947,73216,74632,72209,75009,73880,70576,70363,68162,67703,68220,69838,74913,76128,77471,81417,76650,77868,78948,77791,78529,77822,76336,80138,80722,82671,84292,84053,81413,83863,79375,80248,85231,75503,70400,69211,71905,71106,69789,67946,69415,70411,73167,69027,69152,69475,70586,69916,70276,73339,69246,69777,69786,72649,68061,70849,72029,73320,74537,72423,75744,73505,74682,75928,76121,76080,78257,71186,71432,71118,74888,70660,70460
STAT,refine,Conflicts,100,4310,111,107,96,111,89,87,90,88,84,77,63,74,70,71,70,64,65,66,70,48,46,50,52,59,56,52,67,44,45,54,61,33,38,48,46,45,41,39,34,32,34,31,34,36,35,26,31,46,36,30,41,38,27,36,38,39,33,29,39,41,37,25,15,29,25,29,27,27,36,19,24,25,29,24,18,36,31,26,29,31,22,24,27,30,30,36,31,27,29,23,20,24,30,19,19,33,35,22,21,23
STAT,refine,Iterations,100,136267,1414,1413,1462,1120,1598,1579,1415,1544,1591,1548,1347,1180,1333,1273,1545,1221,1551,974,1705,1144,935,1194,1667,1406,923,1360,1306,1301,1014,1054,1274,1462,1185,995,1225,1376,1411,1114,930,1419,1229,1628,1184,1277,1455,1169,1299,1741,1509,2097,1455,1617,1546,1282,1487,1382,1542,1462,1328,1810,1259,1236,1262,1707,1001,1987,1607,1590,1610,1126,1375,1157,1374,1197,1324,1541,1517,1481,1438,1793,1493,1065,1496,1659,1502,1442,1385,1264,1025,1006,972,1217,1406,1094,885,1573,1564,1323,1414,893
