Hello from MIC
Galois Benchmark Suite v2.2.0 (r0)
Copyright (C) 2013 The University of Texas at Austin
http://iss.ices.utexas.edu/galois/

application: GMetis
Partitions a graph into K parts and minimizing the graph cut
http://iss.ices.utexas.edu/?p=projects/galois/benchmarks/gMetis

INFO: CommandLine /work/02556/dpereira/MIC/apps/gmetis/gmetis -t=120 /work/02556/dpereira/Inputs/USA-road-d.W.gr 128
INFO: Hostname c558-001-mic0.stampede.tacc.utexas.edu
Created Graph with 6262104 nodes and 15248146 edges
Nodes 6262104| Edges 15248146 7624073

  Starting coarsening: 
Time coarsen:  2280 Size of final graph: 3065

  Sarting initial partitioning using GGGP:
Size in decade percentages:  -1,7 -0,117 1,4
Time clustering:  414

  Sarting refinnement with BKL2
Initial dist
Size in decade percentages:  -1,7 -0,117 1,4
Refined dist
Size in decade percentages:  -1,45 0,37 1,46
Time refinement:  1218


Time:  4090
Total edge cut : 8110

Part saved in : 0x7fff958b33e0
STATTYPE,LOOP,CATEGORY,n,sum,T0,T1,T2,T3,T4,T5,T6,T7,T8,T9,T10,T11,T12,T13,T14,T15,T16,T17,T18,T19,T20,T21,T22,T23,T24,T25,T26,T27,T28,T29,T30,T31,T32,T33,T34,T35,T36,T37,T38,T39,T40,T41,T42,T43,T44,T45,T46,T47,T48,T49,T50,T51,T52,T53,T54,T55,T56,T57,T58,T59,T60,T61,T62,T63,T64,T65,T66,T67,T68,T69,T70,T71,T72,T73,T74,T75,T76,T77,T78,T79,T80,T81,T82,T83,T84,T85,T86,T87,T88,T89,T90,T91,T92,T93,T94,T95,T96,T97,T98,T99,T100,T101,T102,T103,T104,T105,T106,T107,T108,T109,T110,T111,T112,T113,T114,T115,T116,T117,T118,T119
STAT,(NULL),Coarsen,120,2280,2280,0,0,0,0,0,0,0,0,0,0,0,0,0,0,0,0,0,0,0,0,0,0,0,0,0,0,0,0,0,0,0,0,0,0,0,0,0,0,0,0,0,0,0,0,0,0,0,0,0,0,0,0,0,0,0,0,0,0,0,0,0,0,0,0,0,0,0,0,0,0,0,0,0,0,0,0,0,0,0,0,0,0,0,0,0,0,0,0,0,0,0,0,0,0,0,0,0,0,0,0,0,0,0,0,0,0,0,0,0,0,0,0,0,0,0,0,0,0,0
STAT,(NULL),Conflicts,120,0,0,0,0,0,0,0,0,0,0,0,0,0,0,0,0,0,0,0,0,0,0,0,0,0,0,0,0,0,0,0,0,0,0,0,0,0,0,0,0,0,0,0,0,0,0,0,0,0,0,0,0,0,0,0,0,0,0,0,0,0,0,0,0,0,0,0,0,0,0,0,0,0,0,0,0,0,0,0,0,0,0,0,0,0,0,0,0,0,0,0,0,0,0,0,0,0,0,0,0,0,0,0,0,0,0,0,0,0,0,0,0,0,0,0,0,0,0,0,0,0
STAT,(NULL),Iterations,120,255,8,4,4,0,0,1,0,3,1,2,1,2,3,2,4,1,4,5,6,7,6,3,1,6,0,1,0,5,1,2,3,1,1,1,2,3,0,1,0,0,0,0,0,2,1,1,0,3,5,2,0,4,4,1,4,2,1,2,2,2,0,2,2,8,0,0,0,0,0,0,0,3,6,5,3,11,0,3,4,5,3,8,1,1,3,0,3,6,4,0,3,3,0,1,0,1,7,0,2,3,0,1,3,0,0,2,4,0,3,0,0,1,1,2,0,1,0,2,3,0
STAT,(NULL),MeminfoPost,120,756306,6308,6309,6320,6300,6300,6302,6319,6371,6317,6288,6289,6313,6321,6318,6310,6287,6290,6328,6289,6288,6304,6315,6314,6303,6297,6306,6319,6362,6331,6287,6288,6314,6323,6311,6315,6280,6295,6330,6291,6286,6302,6314,6303,6332,6300,6317,6295,6305,6290,6301,6281,6291,6316,6304,6293,6290,6274,6296,6287,6342,6312,6283,6304,6301,6268,6288,6307,6322,6317,6297,6282,6295,6298,6279,6272,6282,6306,6280,6335,6340,6320,6286,6308,6275,6288,6309,6320,6301,6293,6286,6283,6283,6297,6278,6318,6341,6338,6289,6288,6288,6319,6345,6330,6317,6287,6300,6297,6291,6268,6290,6316,6271,6283,6274,6298,6284,6303,6303,6303,6299
STAT,(NULL),MeminfoPre,120,189066,1581,1582,1593,1573,1573,1575,1592,1644,1590,1561,1562,1586,1594,1591,1583,1560,1563,1601,1562,1561,1577,1588,1587,1576,1570,1579,1592,1635,1604,1560,1561,1587,1596,1584,1588,1553,1568,1603,1564,1559,1575,1587,1576,1605,1573,1590,1568,1578,1563,1574,1554,1564,1589,1577,1566,1563,1547,1569,1560,1615,1585,1556,1577,1574,1541,1561,1580,1595,1590,1570,1555,1568,1571,1552,1545,1555,1579,1553,1608,1613,1593,1559,1581,1548,1561,1582,1593,1574,1566,1559,1556,1556,1570,1551,1591,1614,1611,1562,1561,1561,1592,1618,1603,1590,1560,1573,1570,1564,1541,1563,1589,1544,1556,1547,1571,1557,1576,1576,1576,1572
STAT,(NULL),Partition,120,414,414,0,0,0,0,0,0,0,0,0,0,0,0,0,0,0,0,0,0,0,0,0,0,0,0,0,0,0,0,0,0,0,0,0,0,0,0,0,0,0,0,0,0,0,0,0,0,0,0,0,0,0,0,0,0,0,0,0,0,0,0,0,0,0,0,0,0,0,0,0,0,0,0,0,0,0,0,0,0,0,0,0,0,0,0,0,0,0,0,0,0,0,0,0,0,0,0,0,0,0,0,0,0,0,0,0,0,0,0,0,0,0,0,0,0,0,0,0,0,0
STAT,(NULL),Refine,120,1218,1218,0,0,0,0,0,0,0,0,0,0,0,0,0,0,0,0,0,0,0,0,0,0,0,0,0,0,0,0,0,0,0,0,0,0,0,0,0,0,0,0,0,0,0,0,0,0,0,0,0,0,0,0,0,0,0,0,0,0,0,0,0,0,0,0,0,0,0,0,0,0,0,0,0,0,0,0,0,0,0,0,0,0,0,0,0,0,0,0,0,0,0,0,0,0,0,0,0,0,0,0,0,0,0,0,0,0,0,0,0,0,0,0,0,0,0,0,0,0,0
STAT,(NULL),Threads,120,120,120,0,0,0,0,0,0,0,0,0,0,0,0,0,0,0,0,0,0,0,0,0,0,0,0,0,0,0,0,0,0,0,0,0,0,0,0,0,0,0,0,0,0,0,0,0,0,0,0,0,0,0,0,0,0,0,0,0,0,0,0,0,0,0,0,0,0,0,0,0,0,0,0,0,0,0,0,0,0,0,0,0,0,0,0,0,0,0,0,0,0,0,0,0,0,0,0,0,0,0,0,0,0,0,0,0,0,0,0,0,0,0,0,0,0,0,0,0,0,0
STAT,(NULL),Time,120,4090,4090,0,0,0,0,0,0,0,0,0,0,0,0,0,0,0,0,0,0,0,0,0,0,0,0,0,0,0,0,0,0,0,0,0,0,0,0,0,0,0,0,0,0,0,0,0,0,0,0,0,0,0,0,0,0,0,0,0,0,0,0,0,0,0,0,0,0,0,0,0,0,0,0,0,0,0,0,0,0,0,0,0,0,0,0,0,0,0,0,0,0,0,0,0,0,0,0,0,0,0,0,0,0,0,0,0,0,0,0,0,0,0,0,0,0,0,0,0,0,0
STAT,match,Conflicts,120,6078,77,71,70,73,63,74,60,67,70,68,78,65,76,70,72,66,85,62,71,65,63,52,75,64,64,59,73,58,64,58,75,40,47,44,60,58,62,62,53,47,53,61,70,52,59,67,51,44,56,50,56,53,36,48,59,49,53,51,36,39,34,45,38,32,51,39,40,34,29,41,38,40,35,42,40,39,36,50,44,41,36,41,39,40,46,31,42,51,42,40,38,52,36,39,41,50,45,48,47,48,29,43,40,38,36,43,48,38,47,30,38,37,44,35,47,57,40,52,37,35
STAT,match,Iterations,120,14973141,96148,102022,111927,111399,115489,109935,111954,119785,100322,130457,111520,127841,99594,115823,124948,114105,113768,120105,109702,114146,113966,112683,109244,107707,102705,131000,116926,99051,104186,113356,114654,127280,112757,119455,105143,106583,121710,110687,121761,116002,118386,103847,99672,117886,112866,109566,100795,116807,115175,118178,123890,115288,118666,121937,110582,118185,123507,119647,129535,132808,156415,132997,128879,138126,139209,132677,118467,134516,131894,135389,147790,122462,153942,147510,141695,152642,127747,127063,144308,117281,165301,142634,118218,146496,142531,140431,143916,139338,121762,123957,134583,120351,133728,130817,133163,121325,139572,134774,139526,129215,143198,124923,154162,120491,136870,122223,143119,134688,130646,162584,136759,133088,144719,117607,134747,114436,134025,125157,139718,132265
STAT,popedge,Conflicts,120,0,0,0,0,0,0,0,0,0,0,0,0,0,0,0,0,0,0,0,0,0,0,0,0,0,0,0,0,0,0,0,0,0,0,0,0,0,0,0,0,0,0,0,0,0,0,0,0,0,0,0,0,0,0,0,0,0,0,0,0,0,0,0,0,0,0,0,0,0,0,0,0,0,0,0,0,0,0,0,0,0,0,0,0,0,0,0,0,0,0,0,0,0,0,0,0,0,0,0,0,0,0,0,0,0,0,0,0,0,0,0,0,0,0,0,0,0,0,0,0,0
STAT,popedge,Iterations,120,7334266,64078,61867,60290,64483,62432,62715,60377,58661,60975,61190,54990,60323,61489,61260,62240,61109,61447,61828,63198,64540,62545,57023,63250,60080,62927,58330,60495,59025,60015,62692,61417,60181,58708,57461,59851,64044,60116,61089,61193,62304,58617,60521,60663,56260,58374,59512,60314,58444,61030,61185,63752,61294,58974,60709,60822,63693,61413,61816,60702,67300,69825,60931,61605,60322,59853,61274,61898,59721,61015,58414,60496,53834,63529,61573,60045,61459,59984,61999,61631,61423,60111,60894,61728,61953,57610,60235,60589,61443,57802,63639,61188,63487,60638,59303,58146,59983,59700,59119,60859,59908,60852,62093,61676,61277,61346,61563,57855,61919,62264,62499,60286,64392,62637,65808,61539,65353,64037,63464,62690,63917
STAT,refine,Conflicts,120,5127,113,111,121,97,98,103,94,101,97,81,87,83,80,75,83,76,68,69,49,68,72,62,65,60,57,57,61,53,66,50,47,51,47,49,39,48,37,38,50,38,41,39,43,49,38,41,34,44,36,39,38,22,42,38,39,31,29,51,47,34,34,27,28,17,29,20,28,31,22,26,29,21,30,24,29,15,23,23,37,15,34,21,24,33,29,28,21,28,24,30,24,34,34,27,25,28,33,18,30,33,26,27,31,31,31,24,22,27,18,19,29,19,18,24,20,18,22,26,26,27
STAT,refine,Iterations,120,134604,954,1179,1091,1033,1230,1240,1109,1916,1471,1077,1138,1309,1475,889,1207,952,843,1426,980,890,997,853,997,1041,1177,1314,1106,1378,1489,994,1108,1165,1143,1257,1253,1065,794,957,878,1064,1017,952,824,1394,1159,957,653,1053,951,1289,900,885,1213,1100,1005,912,976,1089,1130,1602,1324,920,1000,848,959,1051,1448,1375,1361,899,1110,1036,1384,1347,1349,1239,948,778,1483,1178,1344,1002,1043,1080,1216,1404,1506,1172,1152,1070,1145,1225,1176,1075,1000,1285,1224,1000,1121,1289,1292,1404,1407,1046,1282,1017,1114,743,1227,938,1166,699,990,994,1370,754,989,1081,983,1042
