Hello from MIC
Galois Benchmark Suite v2.2.0 (r0)
Copyright (C) 2013 The University of Texas at Austin
http://iss.ices.utexas.edu/galois/

application: GMetis
Partitions a graph into K parts and minimizing the graph cut
http://iss.ices.utexas.edu/?p=projects/galois/benchmarks/gMetis

INFO: CommandLine /work/02556/dpereira/MIC/apps/gmetis/gmetis -t=114 /work/02556/dpereira/Inputs/USA-road-d.W.gr 16
INFO: Hostname c558-001-mic0.stampede.tacc.utexas.edu
Created Graph with 6262104 nodes and 15248146 edges
Nodes 6262104| Edges 15248146 7624073

  Starting coarsening: 
Time coarsen:  2537 Size of final graph: 424

  Sarting initial partitioning using GGGP:
Size in decade percentages:  -0,16
Time clustering:  365

  Sarting refinnement with BKL2
Initial dist
Size in decade percentages:  -0,16
Refined dist
Size in decade percentages:  -1,5 0,6 1,5
Time refinement:  1364


Time:  4444
Total edge cut : 1922

Part saved in : 0x7fffa398f160
STATTYPE,LOOP,CATEGORY,n,sum,T0,T1,T2,T3,T4,T5,T6,T7,T8,T9,T10,T11,T12,T13,T14,T15,T16,T17,T18,T19,T20,T21,T22,T23,T24,T25,T26,T27,T28,T29,T30,T31,T32,T33,T34,T35,T36,T37,T38,T39,T40,T41,T42,T43,T44,T45,T46,T47,T48,T49,T50,T51,T52,T53,T54,T55,T56,T57,T58,T59,T60,T61,T62,T63,T64,T65,T66,T67,T68,T69,T70,T71,T72,T73,T74,T75,T76,T77,T78,T79,T80,T81,T82,T83,T84,T85,T86,T87,T88,T89,T90,T91,T92,T93,T94,T95,T96,T97,T98,T99,T100,T101,T102,T103,T104,T105,T106,T107,T108,T109,T110,T111,T112,T113
STAT,(NULL),Coarsen,114,2537,2537,0,0,0,0,0,0,0,0,0,0,0,0,0,0,0,0,0,0,0,0,0,0,0,0,0,0,0,0,0,0,0,0,0,0,0,0,0,0,0,0,0,0,0,0,0,0,0,0,0,0,0,0,0,0,0,0,0,0,0,0,0,0,0,0,0,0,0,0,0,0,0,0,0,0,0,0,0,0,0,0,0,0,0,0,0,0,0,0,0,0,0,0,0,0,0,0,0,0,0,0,0,0,0,0,0,0,0,0,0,0,0,0,0
STAT,(NULL),Conflicts,114,0,0,0,0,0,0,0,0,0,0,0,0,0,0,0,0,0,0,0,0,0,0,0,0,0,0,0,0,0,0,0,0,0,0,0,0,0,0,0,0,0,0,0,0,0,0,0,0,0,0,0,0,0,0,0,0,0,0,0,0,0,0,0,0,0,0,0,0,0,0,0,0,0,0,0,0,0,0,0,0,0,0,0,0,0,0,0,0,0,0,0,0,0,0,0,0,0,0,0,0,0,0,0,0,0,0,0,0,0,0,0,0,0,0,0
STAT,(NULL),Iterations,114,31,5,0,0,0,0,3,1,0,0,0,0,0,0,0,0,0,0,1,0,0,0,0,0,0,2,0,0,0,0,3,0,0,0,0,0,0,2,0,0,0,0,1,0,1,0,0,0,0,2,0,0,0,0,0,1,0,2,0,0,0,0,0,0,0,0,0,0,0,0,0,0,0,0,0,0,0,0,0,0,0,0,1,0,0,0,0,0,0,0,0,0,0,0,0,0,0,0,0,0,0,0,0,4,0,0,0,0,0,0,1,0,0,1,0
STAT,(NULL),MeminfoPost,114,756788,6641,6647,6652,6636,6634,6641,6668,6711,6629,6634,6633,6650,6656,6651,6626,6626,6667,6626,6621,6642,6643,6659,6631,6638,6638,6657,6715,6638,6631,6641,6651,6652,6647,6626,6630,6654,6634,6623,6639,6645,6646,6664,6641,6649,6637,6628,6625,6640,6608,6646,6647,6630,6627,6613,6630,6620,6678,6647,6622,6644,6623,6602,6633,6650,6655,6642,6624,6637,6627,6614,6613,6616,6641,6611,6672,6676,6654,6622,6644,6605,6631,6649,6648,6626,6633,6628,6609,6616,6635,6633,6681,6680,6627,6624,6623,6658,6678,6670,6645,6628,6630,6634,6619,6614,6608,6651,6601,6618,6640,6615,6633,6642,6641,6634
STAT,(NULL),MeminfoPre,114,189182,1662,1668,1673,1657,1655,1662,1689,1732,1650,1655,1654,1671,1677,1672,1647,1647,1688,1647,1642,1663,1664,1680,1652,1659,1659,1678,1736,1659,1652,1662,1672,1673,1668,1647,1651,1675,1655,1644,1660,1666,1667,1685,1662,1670,1658,1649,1646,1661,1629,1667,1668,1651,1648,1634,1651,1641,1699,1668,1643,1665,1644,1623,1654,1671,1676,1663,1645,1658,1648,1635,1634,1637,1662,1632,1693,1697,1675,1643,1665,1626,1652,1670,1669,1647,1654,1649,1630,1637,1656,1654,1702,1701,1648,1645,1644,1679,1699,1691,1666,1649,1651,1655,1640,1635,1629,1672,1622,1639,1661,1636,1654,1663,1662,1655
STAT,(NULL),Partition,114,365,365,0,0,0,0,0,0,0,0,0,0,0,0,0,0,0,0,0,0,0,0,0,0,0,0,0,0,0,0,0,0,0,0,0,0,0,0,0,0,0,0,0,0,0,0,0,0,0,0,0,0,0,0,0,0,0,0,0,0,0,0,0,0,0,0,0,0,0,0,0,0,0,0,0,0,0,0,0,0,0,0,0,0,0,0,0,0,0,0,0,0,0,0,0,0,0,0,0,0,0,0,0,0,0,0,0,0,0,0,0,0,0,0,0
STAT,(NULL),Refine,114,1364,1364,0,0,0,0,0,0,0,0,0,0,0,0,0,0,0,0,0,0,0,0,0,0,0,0,0,0,0,0,0,0,0,0,0,0,0,0,0,0,0,0,0,0,0,0,0,0,0,0,0,0,0,0,0,0,0,0,0,0,0,0,0,0,0,0,0,0,0,0,0,0,0,0,0,0,0,0,0,0,0,0,0,0,0,0,0,0,0,0,0,0,0,0,0,0,0,0,0,0,0,0,0,0,0,0,0,0,0,0,0,0,0,0,0
STAT,(NULL),Threads,114,114,114,0,0,0,0,0,0,0,0,0,0,0,0,0,0,0,0,0,0,0,0,0,0,0,0,0,0,0,0,0,0,0,0,0,0,0,0,0,0,0,0,0,0,0,0,0,0,0,0,0,0,0,0,0,0,0,0,0,0,0,0,0,0,0,0,0,0,0,0,0,0,0,0,0,0,0,0,0,0,0,0,0,0,0,0,0,0,0,0,0,0,0,0,0,0,0,0,0,0,0,0,0,0,0,0,0,0,0,0,0,0,0,0,0
STAT,(NULL),Time,114,4444,4444,0,0,0,0,0,0,0,0,0,0,0,0,0,0,0,0,0,0,0,0,0,0,0,0,0,0,0,0,0,0,0,0,0,0,0,0,0,0,0,0,0,0,0,0,0,0,0,0,0,0,0,0,0,0,0,0,0,0,0,0,0,0,0,0,0,0,0,0,0,0,0,0,0,0,0,0,0,0,0,0,0,0,0,0,0,0,0,0,0,0,0,0,0,0,0,0,0,0,0,0,0,0,0,0,0,0,0,0,0,0,0,0,0
STAT,match,Conflicts,114,6385,105,89,76,79,83,73,84,78,76,83,78,75,87,71,75,69,77,67,74,70,66,70,56,68,60,87,77,66,68,57,60,54,60,63,56,71,69,62,51,62,50,61,56,47,57,63,69,54,52,49,57,54,56,42,50,39,52,62,50,51,39,58,40,40,39,43,46,40,54,36,52,53,32,60,35,42,38,47,47,58,44,37,48,34,49,50,51,52,43,52,34,44,48,35,45,38,70,47,44,43,46,50,60,47,36,36,59,43,50,48,35,51,44,50
STAT,match,Iterations,114,14977902,111141,99672,108564,118867,112219,131959,109075,116188,123446,104735,117402,115923,131009,122808,113335,115785,127555,116412,121422,119803,113318,116336,116322,124201,126769,121843,96759,115100,132698,115061,114442,118289,117280,117518,120958,119252,118994,114427,123400,130884,134984,123627,129686,125456,138780,132246,102028,117816,136480,113304,121575,130812,137410,151855,140632,157603,133075,131641,142685,126268,166070,134351,141136,142707,138398,144915,131747,131707,137127,154417,138915,148979,149720,145133,138989,150778,137132,162932,133852,144220,147587,139454,143895,144033,140712,133648,144213,128826,152893,129626,138406,135525,134071,167221,126489,142915,138552,149970,137469,148810,138575,138470,138768,142368,135000,141718,144513,143050,130610,135295,137242,141954,133115,140550
STAT,popedge,Conflicts,114,0,0,0,0,0,0,0,0,0,0,0,0,0,0,0,0,0,0,0,0,0,0,0,0,0,0,0,0,0,0,0,0,0,0,0,0,0,0,0,0,0,0,0,0,0,0,0,0,0,0,0,0,0,0,0,0,0,0,0,0,0,0,0,0,0,0,0,0,0,0,0,0,0,0,0,0,0,0,0,0,0,0,0,0,0,0,0,0,0,0,0,0,0,0,0,0,0,0,0,0,0,0,0,0,0,0,0,0,0,0,0,0,0,0,0
STAT,popedge,Iterations,114,7336678,68230,64397,64486,63293,65604,62649,64025,63700,65987,61780,65674,63032,64669,62761,64858,63095,64958,65678,68039,64563,63253,63334,64609,63321,62312,64447,62989,64165,62581,61940,63353,61769,64541,63796,65853,65567,65559,67493,62248,62412,59586,60355,59506,60238,61491,63331,65648,66364,65609,65445,63208,61333,61680,69197,71510,70184,68860,75036,74333,76324,70245,65808,62783,63875,62088,62447,61750,64578,62338,63848,59814,65368,65806,63780,64947,62661,61431,59768,65294,66155,65379,61450,61177,63915,62145,62645,61604,61916,62161,63461,61069,61286,60998,65335,64140,64540,64633,65383,70514,66674,63118,66686,64374,61190,67980,62051,65617,66435,65078,66643,64883,62725,65656,62775
STAT,refine,Conflicts,114,4586,122,118,118,114,97,116,107,111,83,79,91,82,73,77,92,76,68,59,63,49,59,71,55,52,48,62,51,47,48,41,43,31,37,44,25,34,34,41,27,30,54,27,45,48,35,50,25,31,23,36,50,47,44,32,37,25,17,20,20,21,31,19,17,29,17,28,28,24,33,25,27,32,30,26,24,29,27,23,19,34,34,18,26,12,23,22,18,14,19,15,19,20,21,24,16,18,18,17,31,20,13,28,22,21,33,28,19,10,17,11,22,25,29,19
STAT,refine,Iterations,114,38596,410,318,448,391,403,402,565,652,489,460,507,666,296,397,509,391,550,409,345,264,251,398,234,358,239,416,429,471,368,296,532,169,245,285,197,379,286,263,214,229,338,379,377,238,288,364,187,238,167,193,264,343,339,366,503,349,312,510,222,456,324,175,215,273,318,301,266,522,343,359,338,414,741,321,390,453,396,333,348,318,271,315,379,207,392,289,311,280,534,278,307,417,195,315,225,250,346,258,259,272,247,307,293,319,295,352,300,212,233,134,279,241,252,320
