Hello from MIC
Galois Benchmark Suite v2.2.0 (r0)
Copyright (C) 2013 The University of Texas at Austin
http://iss.ices.utexas.edu/galois/

application: GMetis
Partitions a graph into K parts and minimizing the graph cut
http://iss.ices.utexas.edu/?p=projects/galois/benchmarks/gMetis

INFO: CommandLine /work/02556/dpereira/MIC/apps/gmetis/gmetis -t=161 /work/02556/dpereira/Inputs/USA-road-d.W.gr 16
INFO: Hostname c558-002-mic0.stampede.tacc.utexas.edu
Created Graph with 6262104 nodes and 15248146 edges
Nodes 6262104| Edges 15248146 7624073

  Starting coarsening: 
Time coarsen:  3349 Size of final graph: 436

  Sarting initial partitioning using GGGP:
Size in decade percentages:  -0,16
Time clustering:  369

  Sarting refinnement with BKL2
Initial dist
Size in decade percentages:  -0,16
Refined dist
Size in decade percentages:  -1,5 -0,5 1,6
Time refinement:  2045


Time:  5941
Total edge cut : 1878

Part saved in : 0x7fffd4127e60
STATTYPE,LOOP,CATEGORY,n,sum,T0,T1,T2,T3,T4,T5,T6,T7,T8,T9,T10,T11,T12,T13,T14,T15,T16,T17,T18,T19,T20,T21,T22,T23,T24,T25,T26,T27,T28,T29,T30,T31,T32,T33,T34,T35,T36,T37,T38,T39,T40,T41,T42,T43,T44,T45,T46,T47,T48,T49,T50,T51,T52,T53,T54,T55,T56,T57,T58,T59,T60,T61,T62,T63,T64,T65,T66,T67,T68,T69,T70,T71,T72,T73,T74,T75,T76,T77,T78,T79,T80,T81,T82,T83,T84,T85,T86,T87,T88,T89,T90,T91,T92,T93,T94,T95,T96,T97,T98,T99,T100,T101,T102,T103,T104,T105,T106,T107,T108,T109,T110,T111,T112,T113,T114,T115,T116,T117,T118,T119,T120,T121,T122,T123,T124,T125,T126,T127,T128,T129,T130,T131,T132,T133,T134,T135,T136,T137,T138,T139,T140,T141,T142,T143,T144,T145,T146,T147,T148,T149,T150,T151,T152,T153,T154,T155,T156,T157,T158,T159,T160
STAT,(NULL),Coarsen,161,3349,3349,0,0,0,0,0,0,0,0,0,0,0,0,0,0,0,0,0,0,0,0,0,0,0,0,0,0,0,0,0,0,0,0,0,0,0,0,0,0,0,0,0,0,0,0,0,0,0,0,0,0,0,0,0,0,0,0,0,0,0,0,0,0,0,0,0,0,0,0,0,0,0,0,0,0,0,0,0,0,0,0,0,0,0,0,0,0,0,0,0,0,0,0,0,0,0,0,0,0,0,0,0,0,0,0,0,0,0,0,0,0,0,0,0,0,0,0,0,0,0,0,0,0,0,0,0,0,0,0,0,0,0,0,0,0,0,0,0,0,0,0,0,0,0,0,0,0,0,0,0,0,0,0,0,0,0,0,0,0,0,0
STAT,(NULL),Conflicts,161,0,0,0,0,0,0,0,0,0,0,0,0,0,0,0,0,0,0,0,0,0,0,0,0,0,0,0,0,0,0,0,0,0,0,0,0,0,0,0,0,0,0,0,0,0,0,0,0,0,0,0,0,0,0,0,0,0,0,0,0,0,0,0,0,0,0,0,0,0,0,0,0,0,0,0,0,0,0,0,0,0,0,0,0,0,0,0,0,0,0,0,0,0,0,0,0,0,0,0,0,0,0,0,0,0,0,0,0,0,0,0,0,0,0,0,0,0,0,0,0,0,0,0,0,0,0,0,0,0,0,0,0,0,0,0,0,0,0,0,0,0,0,0,0,0,0,0,0,0,0,0,0,0,0,0,0,0,0,0,0,0,0
STAT,(NULL),Iterations,161,31,5,0,0,0,0,2,0,3,0,0,0,2,0,0,0,0,0,0,0,0,0,0,0,0,0,0,0,0,0,0,0,0,0,0,0,0,0,0,0,1,0,0,0,0,0,0,0,0,0,0,0,0,0,1,0,0,1,0,0,0,0,0,0,0,1,0,0,0,0,0,0,1,0,0,0,0,0,0,0,0,0,0,0,0,0,0,0,0,0,0,0,0,1,0,0,0,0,0,0,0,0,0,0,0,0,2,0,0,3,0,0,0,0,0,0,0,0,0,0,0,0,0,4,0,0,0,0,0,0,0,0,0,0,0,0,0,0,0,0,0,0,0,0,0,2,0,0,0,0,0,0,0,0,0,0,0,2,0,0,0,0
STAT,(NULL),MeminfoPost,161,756650,4705,4699,4712,4712,4700,4708,4680,4705,4715,4722,4757,4706,4690,4691,4694,4708,4706,4716,4707,4712,4681,4692,4701,4721,4686,4692,4689,4703,4702,4714,4711,4701,4707,4678,4707,4712,4726,4757,4705,4692,4690,4691,4707,4708,4716,4708,4711,4680,4695,4701,4718,4686,4690,4692,4703,4707,4696,4718,4719,4694,4711,4710,4688,4705,4690,4691,4699,4693,4675,4700,4710,4704,4691,4695,4694,4679,4688,4692,4684,4728,4725,4693,4687,4689,4720,4682,4678,4676,4702,4705,4709,4717,4697,4700,4682,4702,4689,4695,4676,4682,4691,4676,4709,4683,4695,4727,4734,4722,4692,4689,4712,4683,4674,4694,4702,4712,4712,4695,4685,4697,4692,4684,4682,4686,4699,4682,4701,4728,4731,4726,4693,4684,4688,4691,4706,4729,4724,4722,4723,4686,4690,4702,4692,4699,4683,4677,4687,4687,4714,4678,4673,4694,4678,4703,4686,4686,4702,4700,4701,4690,4702
STAT,(NULL),MeminfoPre,161,189125,1180,1174,1187,1187,1175,1183,1155,1180,1190,1197,1232,1181,1165,1166,1169,1183,1181,1191,1182,1187,1156,1167,1176,1196,1161,1167,1164,1178,1177,1189,1186,1176,1182,1153,1182,1187,1201,1232,1180,1167,1165,1166,1182,1183,1191,1183,1186,1155,1170,1176,1193,1161,1165,1167,1178,1182,1171,1193,1194,1169,1186,1185,1163,1180,1165,1166,1174,1168,1150,1175,1185,1179,1166,1170,1169,1154,1163,1167,1159,1203,1200,1168,1162,1164,1195,1157,1153,1151,1177,1180,1184,1192,1172,1175,1157,1177,1164,1170,1151,1157,1166,1151,1184,1158,1170,1202,1209,1197,1167,1164,1187,1158,1149,1169,1177,1187,1187,1170,1160,1172,1167,1159,1157,1161,1174,1157,1176,1203,1206,1201,1168,1159,1163,1166,1181,1204,1199,1197,1198,1161,1165,1177,1167,1174,1158,1152,1162,1162,1189,1153,1148,1169,1153,1178,1161,1161,1177,1175,1176,1165,1177
STAT,(NULL),Partition,161,369,369,0,0,0,0,0,0,0,0,0,0,0,0,0,0,0,0,0,0,0,0,0,0,0,0,0,0,0,0,0,0,0,0,0,0,0,0,0,0,0,0,0,0,0,0,0,0,0,0,0,0,0,0,0,0,0,0,0,0,0,0,0,0,0,0,0,0,0,0,0,0,0,0,0,0,0,0,0,0,0,0,0,0,0,0,0,0,0,0,0,0,0,0,0,0,0,0,0,0,0,0,0,0,0,0,0,0,0,0,0,0,0,0,0,0,0,0,0,0,0,0,0,0,0,0,0,0,0,0,0,0,0,0,0,0,0,0,0,0,0,0,0,0,0,0,0,0,0,0,0,0,0,0,0,0,0,0,0,0,0,0
STAT,(NULL),Refine,161,2045,2045,0,0,0,0,0,0,0,0,0,0,0,0,0,0,0,0,0,0,0,0,0,0,0,0,0,0,0,0,0,0,0,0,0,0,0,0,0,0,0,0,0,0,0,0,0,0,0,0,0,0,0,0,0,0,0,0,0,0,0,0,0,0,0,0,0,0,0,0,0,0,0,0,0,0,0,0,0,0,0,0,0,0,0,0,0,0,0,0,0,0,0,0,0,0,0,0,0,0,0,0,0,0,0,0,0,0,0,0,0,0,0,0,0,0,0,0,0,0,0,0,0,0,0,0,0,0,0,0,0,0,0,0,0,0,0,0,0,0,0,0,0,0,0,0,0,0,0,0,0,0,0,0,0,0,0,0,0,0,0,0
STAT,(NULL),Threads,161,161,161,0,0,0,0,0,0,0,0,0,0,0,0,0,0,0,0,0,0,0,0,0,0,0,0,0,0,0,0,0,0,0,0,0,0,0,0,0,0,0,0,0,0,0,0,0,0,0,0,0,0,0,0,0,0,0,0,0,0,0,0,0,0,0,0,0,0,0,0,0,0,0,0,0,0,0,0,0,0,0,0,0,0,0,0,0,0,0,0,0,0,0,0,0,0,0,0,0,0,0,0,0,0,0,0,0,0,0,0,0,0,0,0,0,0,0,0,0,0,0,0,0,0,0,0,0,0,0,0,0,0,0,0,0,0,0,0,0,0,0,0,0,0,0,0,0,0,0,0,0,0,0,0,0,0,0,0,0,0,0,0
STAT,(NULL),Time,161,5941,5941,0,0,0,0,0,0,0,0,0,0,0,0,0,0,0,0,0,0,0,0,0,0,0,0,0,0,0,0,0,0,0,0,0,0,0,0,0,0,0,0,0,0,0,0,0,0,0,0,0,0,0,0,0,0,0,0,0,0,0,0,0,0,0,0,0,0,0,0,0,0,0,0,0,0,0,0,0,0,0,0,0,0,0,0,0,0,0,0,0,0,0,0,0,0,0,0,0,0,0,0,0,0,0,0,0,0,0,0,0,0,0,0,0,0,0,0,0,0,0,0,0,0,0,0,0,0,0,0,0,0,0,0,0,0,0,0,0,0,0,0,0,0,0,0,0,0,0,0,0,0,0,0,0,0,0,0,0,0,0,0
STAT,match,Conflicts,161,6208,65,51,55,69,51,58,63,56,53,56,52,51,68,62,48,53,47,50,47,57,41,57,51,54,55,47,53,62,53,54,58,51,48,46,38,42,53,54,45,52,42,42,38,43,51,45,39,39,36,36,45,47,49,31,41,37,42,43,39,45,34,36,22,32,25,30,36,28,36,42,28,22,29,33,32,35,33,39,30,33,39,31,30,39,43,32,25,35,35,34,27,42,37,32,40,32,31,38,36,29,45,30,34,28,31,35,32,25,29,36,27,37,36,41,29,28,34,29,23,28,35,29,33,27,36,29,33,27,21,29,27,34,33,30,29,31,25,35,28,31,29,32,33,30,33,37,30,25,37,42,33,33,34,34,35,29,35,33,29,33,35
STAT,match,Iterations,161,15031911,50252,71515,75056,58648,65768,74244,76029,76680,81472,57413,86683,71246,78774,70219,80510,58676,76273,73715,92635,70930,71451,74156,94380,68978,85878,69879,85402,69441,85906,70161,71999,83946,75640,95102,92868,90495,75560,74838,77870,85492,95420,100659,104745,97859,69120,94255,88374,106851,99018,106386,89222,88801,97628,76879,82225,83314,94483,95420,93656,108986,116624,85283,109109,99947,90054,102995,105399,101514,72506,83793,90716,103285,108578,75311,110441,94342,87724,79429,98561,108271,98808,92230,106564,102800,78011,111694,92604,101639,86789,86297,92538,104979,99343,96103,93590,89388,110297,76599,95808,103369,108698,118430,105837,111918,117700,111399,119641,100990,106237,114091,108564,94380,90012,102882,131119,112516,116202,117113,128453,111586,89053,133071,65068,105280,85825,96755,102591,107479,106256,97014,116785,84417,99091,88859,87512,105265,107387,107974,94902,112346,105596,102387,84083,117927,89671,114561,95964,102052,97911,87633,103457,87232,90407,99227,96496,82023,85580,95535,109530,87419,113709
STAT,popedge,Conflicts,161,0,0,0,0,0,0,0,0,0,0,0,0,0,0,0,0,0,0,0,0,0,0,0,0,0,0,0,0,0,0,0,0,0,0,0,0,0,0,0,0,0,0,0,0,0,0,0,0,0,0,0,0,0,0,0,0,0,0,0,0,0,0,0,0,0,0,0,0,0,0,0,0,0,0,0,0,0,0,0,0,0,0,0,0,0,0,0,0,0,0,0,0,0,0,0,0,0,0,0,0,0,0,0,0,0,0,0,0,0,0,0,0,0,0,0,0,0,0,0,0,0,0,0,0,0,0,0,0,0,0,0,0,0,0,0,0,0,0,0,0,0,0,0,0,0,0,0,0,0,0,0,0,0,0,0,0,0,0,0,0,0,0
STAT,popedge,Iterations,161,7365341,41845,44266,43060,42851,45465,41441,42898,43287,43165,42651,40788,44508,42553,43522,44133,44675,44191,42585,41782,45603,45127,45740,43645,43840,44787,46369,45185,43591,46260,42410,45117,45373,43991,44669,46154,43555,44456,45163,45362,51132,50063,50456,50738,50333,51029,48617,50277,50203,49578,51487,52572,51084,51829,52811,49425,47453,45020,48599,48635,48478,46833,39570,41721,39024,41491,41921,40627,40889,43207,40511,41021,40854,42740,43401,44257,43650,44011,42071,43153,42870,43599,45449,43245,45603,46061,45109,45792,45238,45302,45643,42780,41390,42908,43837,44526,44919,45909,44229,43394,45263,52064,51450,50460,52821,50229,49604,54313,50830,52266,53253,52949,52712,53000,50158,50546,50940,50358,47603,52801,48200,51290,48825,41158,42492,42318,42014,43219,42482,43370,42787,42318,43850,43190,41564,43172,47897,44309,46830,44941,46871,48081,43140,47889,45282,46088,46109,46442,44761,43491,46620,46399,45126,45450,45754,43512,46059,45302,45333,46325,42530,44294
STAT,refine,Conflicts,161,5390,117,119,133,104,104,100,100,90,74,91,86,96,76,94,73,67,55,65,64,55,66,59,61,55,54,50,69,67,53,58,55,42,32,36,30,53,37,32,47,31,36,41,41,30,37,29,39,40,31,32,31,39,51,37,32,45,34,32,45,35,40,23,13,18,20,18,18,23,25,22,34,19,23,6,18,13,12,15,15,21,9,23,9,23,13,17,12,19,15,11,20,19,12,15,18,14,25,17,19,28,19,29,37,34,13,19,18,18,29,26,20,21,25,31,25,19,28,21,19,17,19,19,13,22,20,11,18,14,24,14,29,30,16,16,12,12,8,13,18,14,15,13,18,16,16,21,11,7,14,20,22,17,23,15,18,15,12,22,17,24,23
STAT,refine,Iterations,161,39386,373,388,398,300,394,356,349,296,371,337,399,402,269,314,200,187,234,204,298,227,298,250,232,216,219,175,277,206,214,231,242,196,192,197,175,308,301,235,406,241,238,201,206,176,130,349,217,349,267,209,319,246,314,253,217,309,245,302,353,314,234,159,167,226,204,207,204,246,209,222,251,355,227,155,254,185,132,199,192,187,280,232,203,180,120,234,108,271,153,205,278,368,199,211,152,152,392,289,227,384,324,258,288,227,105,204,375,271,353,328,206,255,337,337,333,342,386,370,291,323,304,286,158,199,226,174,164,241,324,195,231,231,247,191,154,201,98,158,119,263,196,164,218,209,133,180,130,67,169,138,205,293,275,229,151,148,130,188,318,209,385
