Hello from MIC
Galois Benchmark Suite v2.2.0 (r0)
Copyright (C) 2013 The University of Texas at Austin
http://iss.ices.utexas.edu/galois/

application: GMetis
Partitions a graph into K parts and minimizing the graph cut
http://iss.ices.utexas.edu/?p=projects/galois/benchmarks/gMetis

INFO: CommandLine /work/02556/dpereira/MIC/apps/gmetis/gmetis -t=128 /work/02556/dpereira/Inputs/USA-road-d.W.gr 1024
INFO: Hostname c558-401-mic0.stampede.tacc.utexas.edu
Created Graph with 6262104 nodes and 15248146 edges
Nodes 6262104| Edges 15248146 7624073

  Starting coarsening: 
Time coarsen:  2182 Size of final graph: 21611

  Sarting initial partitioning using GGGP:
Size in decade percentages:  -1,79 -0,861 1,84
Time clustering:  1026

  Sarting refinnement with BKL2
Initial dist
Size in decade percentages:  -1,79 -0,861 1,84
Refined dist
Size in decade percentages:  -1,363 0,290 1,371
Time refinement:  1330


Time:  4716
Total edge cut : 31603

Part saved in : 0x7fff9cfd3560
STATTYPE,LOOP,CATEGORY,n,sum,T0,T1,T2,T3,T4,T5,T6,T7,T8,T9,T10,T11,T12,T13,T14,T15,T16,T17,T18,T19,T20,T21,T22,T23,T24,T25,T26,T27,T28,T29,T30,T31,T32,T33,T34,T35,T36,T37,T38,T39,T40,T41,T42,T43,T44,T45,T46,T47,T48,T49,T50,T51,T52,T53,T54,T55,T56,T57,T58,T59,T60,T61,T62,T63,T64,T65,T66,T67,T68,T69,T70,T71,T72,T73,T74,T75,T76,T77,T78,T79,T80,T81,T82,T83,T84,T85,T86,T87,T88,T89,T90,T91,T92,T93,T94,T95,T96,T97,T98,T99,T100,T101,T102,T103,T104,T105,T106,T107,T108,T109,T110,T111,T112,T113,T114,T115,T116,T117,T118,T119,T120,T121,T122,T123,T124,T125,T126,T127
STAT,(NULL),Coarsen,128,2182,2182,0,0,0,0,0,0,0,0,0,0,0,0,0,0,0,0,0,0,0,0,0,0,0,0,0,0,0,0,0,0,0,0,0,0,0,0,0,0,0,0,0,0,0,0,0,0,0,0,0,0,0,0,0,0,0,0,0,0,0,0,0,0,0,0,0,0,0,0,0,0,0,0,0,0,0,0,0,0,0,0,0,0,0,0,0,0,0,0,0,0,0,0,0,0,0,0,0,0,0,0,0,0,0,0,0,0,0,0,0,0,0,0,0,0,0,0,0,0,0,0,0,0,0,0,0,0,0
STAT,(NULL),Conflicts,128,0,0,0,0,0,0,0,0,0,0,0,0,0,0,0,0,0,0,0,0,0,0,0,0,0,0,0,0,0,0,0,0,0,0,0,0,0,0,0,0,0,0,0,0,0,0,0,0,0,0,0,0,0,0,0,0,0,0,0,0,0,0,0,0,0,0,0,0,0,0,0,0,0,0,0,0,0,0,0,0,0,0,0,0,0,0,0,0,0,0,0,0,0,0,0,0,0,0,0,0,0,0,0,0,0,0,0,0,0,0,0,0,0,0,0,0,0,0,0,0,0,0,0,0,0,0,0,0,0
STAT,(NULL),Iterations,128,2047,11,5,5,13,7,16,11,18,15,16,14,18,17,11,15,18,15,19,13,12,13,20,8,16,14,13,13,8,14,15,15,28,21,18,14,32,19,25,14,16,14,19,11,18,14,24,12,11,15,15,11,18,15,10,19,16,19,16,4,18,21,12,11,5,8,16,22,12,15,13,24,23,19,17,15,16,14,17,25,12,18,13,14,15,18,26,17,18,28,17,23,34,25,16,36,13,26,14,23,20,20,12,16,17,19,24,19,17,15,10,16,23,10,16,10,17,18,15,15,8,13,22,21,3,4,8,9,15
STAT,(NULL),MeminfoPost,128,756702,5919,5919,5919,5921,5909,5901,5923,5946,5971,5901,5905,5904,5923,5931,5921,5920,5894,5903,5933,5909,5893,5912,5909,5931,5923,5903,5907,5915,5933,5982,5925,5899,5898,5922,5919,5932,5919,5900,5905,5918,5924,5895,5903,5917,5911,5919,5942,5909,5925,5905,5919,5902,5895,5912,5885,5918,5926,5898,5905,5898,5891,5903,5902,5948,5922,5894,5898,5927,5884,5885,5917,5921,5927,5915,5903,5911,5896,5904,5890,5882,5892,5917,5887,5932,5955,5937,5898,5909,5905,5880,5912,5919,5929,5902,5905,5899,5895,5886,5898,5906,5908,5950,5949,5918,5899,5890,5905,5946,5942,5939,5924,5895,5909,5914,5897,5880,5893,5908,5908,5881,5894,5882,5918,5898,5914,5910,5913,5910
STAT,(NULL),MeminfoPre,128,189150,1485,1485,1485,1487,1475,1467,1489,1512,1537,1467,1471,1470,1489,1497,1487,1486,1460,1469,1499,1475,1459,1478,1475,1497,1489,1469,1473,1481,1499,1548,1491,1465,1464,1488,1485,1498,1485,1466,1471,1484,1490,1461,1469,1483,1477,1485,1508,1475,1491,1471,1485,1468,1461,1478,1451,1484,1492,1464,1471,1464,1457,1469,1468,1514,1488,1460,1464,1493,1450,1451,1483,1487,1493,1481,1469,1477,1462,1470,1456,1448,1458,1483,1453,1498,1521,1503,1464,1475,1471,1446,1478,1485,1495,1468,1471,1465,1461,1452,1464,1472,1474,1516,1515,1484,1465,1456,1471,1512,1508,1505,1490,1461,1475,1480,1463,1446,1459,1474,1474,1447,1460,1448,1484,1464,1480,1476,1479,1476
STAT,(NULL),Partition,128,1026,1026,0,0,0,0,0,0,0,0,0,0,0,0,0,0,0,0,0,0,0,0,0,0,0,0,0,0,0,0,0,0,0,0,0,0,0,0,0,0,0,0,0,0,0,0,0,0,0,0,0,0,0,0,0,0,0,0,0,0,0,0,0,0,0,0,0,0,0,0,0,0,0,0,0,0,0,0,0,0,0,0,0,0,0,0,0,0,0,0,0,0,0,0,0,0,0,0,0,0,0,0,0,0,0,0,0,0,0,0,0,0,0,0,0,0,0,0,0,0,0,0,0,0,0,0,0,0,0
STAT,(NULL),Refine,128,1330,1330,0,0,0,0,0,0,0,0,0,0,0,0,0,0,0,0,0,0,0,0,0,0,0,0,0,0,0,0,0,0,0,0,0,0,0,0,0,0,0,0,0,0,0,0,0,0,0,0,0,0,0,0,0,0,0,0,0,0,0,0,0,0,0,0,0,0,0,0,0,0,0,0,0,0,0,0,0,0,0,0,0,0,0,0,0,0,0,0,0,0,0,0,0,0,0,0,0,0,0,0,0,0,0,0,0,0,0,0,0,0,0,0,0,0,0,0,0,0,0,0,0,0,0,0,0,0,0
STAT,(NULL),Threads,128,128,128,0,0,0,0,0,0,0,0,0,0,0,0,0,0,0,0,0,0,0,0,0,0,0,0,0,0,0,0,0,0,0,0,0,0,0,0,0,0,0,0,0,0,0,0,0,0,0,0,0,0,0,0,0,0,0,0,0,0,0,0,0,0,0,0,0,0,0,0,0,0,0,0,0,0,0,0,0,0,0,0,0,0,0,0,0,0,0,0,0,0,0,0,0,0,0,0,0,0,0,0,0,0,0,0,0,0,0,0,0,0,0,0,0,0,0,0,0,0,0,0,0,0,0,0,0,0,0
STAT,(NULL),Time,128,4716,4716,0,0,0,0,0,0,0,0,0,0,0,0,0,0,0,0,0,0,0,0,0,0,0,0,0,0,0,0,0,0,0,0,0,0,0,0,0,0,0,0,0,0,0,0,0,0,0,0,0,0,0,0,0,0,0,0,0,0,0,0,0,0,0,0,0,0,0,0,0,0,0,0,0,0,0,0,0,0,0,0,0,0,0,0,0,0,0,0,0,0,0,0,0,0,0,0,0,0,0,0,0,0,0,0,0,0,0,0,0,0,0,0,0,0,0,0,0,0,0,0,0,0,0,0,0,0,0
STAT,match,Conflicts,128,5355,81,55,71,60,60,51,60,59,62,63,65,60,51,47,53,46,55,54,53,60,57,62,42,53,55,54,55,47,53,46,49,51,47,37,41,35,41,47,43,47,48,40,46,39,39,45,43,41,46,42,53,48,40,46,42,49,47,34,47,47,49,37,33,38,35,28,42,28,31,28,36,40,43,32,31,33,33,32,43,37,35,41,47,29,36,29,37,37,25,37,37,33,40,37,34,35,34,30,39,30,34,29,36,36,31,29,33,25,35,31,28,41,32,29,37,30,28,40,32,37,34,34,26,32,38,40,39,38
STAT,match,Iterations,128,14941745,70773,104369,83117,105959,90607,95711,96233,112795,98791,96424,89160,124809,95463,112342,103461,103157,109838,111940,106812,108565,103425,113259,121371,113430,87176,97990,94472,116604,107265,100950,124557,107420,106548,114510,107347,107655,120931,131684,111630,88371,101879,109039,92515,105596,128000,97185,103860,109400,100125,99943,94863,111716,110543,116388,106234,107685,96044,144232,125672,96901,107674,100866,101068,95352,125446,120682,105314,137753,153934,149122,144986,122493,135350,125669,141565,113449,128238,135812,115009,127530,112798,127750,120859,145886,131164,134961,118521,134556,140381,119548,121870,134131,122874,116836,119962,130703,131249,141234,115326,125792,113339,106136,128382,131614,136263,140864,130208,109527,120655,135072,151823,144802,144093,121316,130199,141786,140848,113925,123547,137679,146870,125533,114450,119326,107836,122055,105658,109485
STAT,popedge,Conflicts,128,0,0,0,0,0,0,0,0,0,0,0,0,0,0,0,0,0,0,0,0,0,0,0,0,0,0,0,0,0,0,0,0,0,0,0,0,0,0,0,0,0,0,0,0,0,0,0,0,0,0,0,0,0,0,0,0,0,0,0,0,0,0,0,0,0,0,0,0,0,0,0,0,0,0,0,0,0,0,0,0,0,0,0,0,0,0,0,0,0,0,0,0,0,0,0,0,0,0,0,0,0,0,0,0,0,0,0,0,0,0,0,0,0,0,0,0,0,0,0,0,0,0,0,0,0,0,0,0,0
STAT,popedge,Iterations,128,7320802,48976,50874,48658,51145,52206,49833,58990,58358,57930,60589,60163,57341,59042,57532,57760,59772,60222,58884,59298,60279,59167,59510,56831,56957,58761,62809,61580,57993,59126,56984,56885,60924,52229,55660,58038,58407,58346,56513,57640,60214,57907,55461,58293,54994,53855,55065,54994,56561,56062,58796,55242,56441,62770,56532,60728,57923,57243,58466,58798,61294,58585,49999,51049,48996,50302,50604,52089,57436,59848,59396,58785,58001,56415,58338,56104,61417,62210,58668,61438,58490,61118,57872,61375,59568,58393,56152,57764,59607,58236,59898,60933,56866,57548,51960,55862,60553,54764,57568,56779,56909,56700,58302,55351,56107,55539,55028,56779,58658,60744,56906,59701,54655,61150,60529,61444,57065,58722,60927,63616,61247,56559,64214,49689,49675,49471,49130,51675,53473
STAT,refine,Conflicts,128,4471,92,91,74,77,62,68,70,63,64,56,62,68,52,51,75,45,33,43,53,44,47,46,59,46,46,43,45,45,55,46,37,37,24,33,33,37,49,42,40,22,46,37,30,41,39,40,35,41,44,40,27,30,35,40,48,35,42,45,35,32,31,34,26,22,20,17,22,33,23,29,21,27,34,22,15,29,17,23,23,26,17,26,30,26,24,27,22,22,27,26,28,24,14,23,22,14,28,31,31,26,16,30,19,22,25,30,35,24,19,22,21,21,25,14,25,24,23,30,31,23,22,20,30,20,25,17,18,21
STAT,refine,Iterations,128,426668,2417,3086,2652,3089,2159,2803,3588,3636,4230,3111,2792,3500,3142,3660,3496,2593,3040,2783,3435,3033,2949,2706,3809,3688,3047,3255,2791,3709,3648,4578,3879,3134,3295,3037,3104,2803,3719,3313,2945,2573,3266,2885,2169,3301,3586,3312,3286,3720,3351,2985,2913,3127,2995,2793,2712,3488,3559,3982,2895,2068,3207,3023,3465,3147,3520,3075,2635,3928,3969,3378,3471,3886,4243,3866,3352,3603,3046,3428,3190,3597,3107,3473,3125,4183,4298,3966,3961,3759,4279,3198,3926,3898,3317,3644,2871,3146,3675,3500,3625,3485,2987,4497,3737,2941,3155,3929,3570,4597,4263,3973,3666,3206,4127,2790,2739,2770,3369,3154,3546,2891,2996,3640,3121,3512,2824,2886,2562,3135
