Hello from MIC
Galois Benchmark Suite v2.2.0 (r0)
Copyright (C) 2013 The University of Texas at Austin
http://iss.ices.utexas.edu/galois/

application: GMetis
Partitions a graph into K parts and minimizing the graph cut
http://iss.ices.utexas.edu/?p=projects/galois/benchmarks/gMetis

INFO: CommandLine /work/02556/dpereira/MIC/apps/gmetis/gmetis -t=60 /work/02556/dpereira/Inputs/USA-road-d.W.gr 128
INFO: Hostname c557-903-mic0.stampede.tacc.utexas.edu
Created Graph with 6262104 nodes and 15248146 edges
Nodes 6262104| Edges 15248146 7624073

  Starting coarsening: 
Time coarsen:  2440 Size of final graph: 3036

  Sarting initial partitioning using GGGP:
Size in decade percentages:  -1,6 -0,117 1,5
Time clustering:  400

  Sarting refinnement with BKL2
Initial dist
Size in decade percentages:  -1,6 -0,117 1,5
Refined dist
Size in decade percentages:  -1,45 0,35 1,48
Time refinement:  769


Time:  3786
Total edge cut : 8507

Part saved in : 0x7fff224300e0
STATTYPE,LOOP,CATEGORY,n,sum,T0,T1,T2,T3,T4,T5,T6,T7,T8,T9,T10,T11,T12,T13,T14,T15,T16,T17,T18,T19,T20,T21,T22,T23,T24,T25,T26,T27,T28,T29,T30,T31,T32,T33,T34,T35,T36,T37,T38,T39,T40,T41,T42,T43,T44,T45,T46,T47,T48,T49,T50,T51,T52,T53,T54,T55,T56,T57,T58,T59
STAT,(NULL),Coarsen,60,2440,2440,0,0,0,0,0,0,0,0,0,0,0,0,0,0,0,0,0,0,0,0,0,0,0,0,0,0,0,0,0,0,0,0,0,0,0,0,0,0,0,0,0,0,0,0,0,0,0,0,0,0,0,0,0,0,0,0,0,0,0
STAT,(NULL),Conflicts,60,0,0,0,0,0,0,0,0,0,0,0,0,0,0,0,0,0,0,0,0,0,0,0,0,0,0,0,0,0,0,0,0,0,0,0,0,0,0,0,0,0,0,0,0,0,0,0,0,0,0,0,0,0,0,0,0,0,0,0,0,0
STAT,(NULL),Iterations,60,255,11,1,1,2,1,5,3,3,2,6,4,4,8,7,7,7,3,3,2,4,3,3,4,2,3,5,1,4,5,3,3,0,3,2,1,4,3,1,2,3,6,4,3,7,17,20,9,6,5,4,9,7,4,3,3,0,0,4,3,2
STAT,(NULL),MeminfoPost,60,756223,12616,12619,12601,12688,12604,12600,12637,12596,12617,12576,12618,12615,12601,12680,12617,12600,12632,12593,12624,12575,12615,12634,12615,12598,12590,12570,12619,12582,12569,12628,12593,12605,12555,12628,12612,12576,12576,12552,12585,12674,12604,12581,12596,12620,12578,12565,12573,12658,12626,12574,12663,12645,12586,12586,12556,12584,12556,12580,12604,12603
STAT,(NULL),MeminfoPre,60,189043,3163,3166,3148,3235,3151,3147,3184,3143,3164,3123,3165,3162,3148,3227,3164,3147,3179,3140,3171,3122,3162,3181,3162,3145,3137,3117,3166,3129,3116,3175,3140,3152,3102,3175,3159,3123,3123,3099,3132,3221,3151,3128,3143,3167,3125,3112,3120,3205,3173,3121,3210,3192,3133,3133,3103,3131,3103,3127,3151,3150
STAT,(NULL),Partition,60,400,400,0,0,0,0,0,0,0,0,0,0,0,0,0,0,0,0,0,0,0,0,0,0,0,0,0,0,0,0,0,0,0,0,0,0,0,0,0,0,0,0,0,0,0,0,0,0,0,0,0,0,0,0,0,0,0,0,0,0,0
STAT,(NULL),Refine,60,769,769,0,0,0,0,0,0,0,0,0,0,0,0,0,0,0,0,0,0,0,0,0,0,0,0,0,0,0,0,0,0,0,0,0,0,0,0,0,0,0,0,0,0,0,0,0,0,0,0,0,0,0,0,0,0,0,0,0,0,0
STAT,(NULL),Threads,60,60,60,0,0,0,0,0,0,0,0,0,0,0,0,0,0,0,0,0,0,0,0,0,0,0,0,0,0,0,0,0,0,0,0,0,0,0,0,0,0,0,0,0,0,0,0,0,0,0,0,0,0,0,0,0,0,0,0,0,0,0
STAT,(NULL),Time,60,3786,3786,0,0,0,0,0,0,0,0,0,0,0,0,0,0,0,0,0,0,0,0,0,0,0,0,0,0,0,0,0,0,0,0,0,0,0,0,0,0,0,0,0,0,0,0,0,0,0,0,0,0,0,0,0,0,0,0,0,0,0
STAT,match,Conflicts,60,5406,182,203,155,141,177,145,143,148,140,145,100,118,106,108,159,128,103,115,95,126,57,72,79,59,75,68,81,93,79,73,83,72,59,62,89,64,66,83,55,83,69,58,50,60,62,58,45,68,47,65,43,53,48,55,78,69,90,61,86,52
STAT,match,Iterations,60,14974507,239675,223425,230325,223186,243708,247807,226233,249524,241923,254077,240997,244243,242042,230604,238956,248506,244687,254123,244999,255644,248732,250796,236829,222902,257213,258486,240368,251292,250671,245016,243954,254651,269319,250032,250488,251816,269250,263654,264866,222022,247386,242339,252315,255082,250910,269181,251968,239311,257437,248904,265569,267858,277166,250605,267901,266765,256244,279458,244604,256463
STAT,popedge,Conflicts,60,0,0,0,0,0,0,0,0,0,0,0,0,0,0,0,0,0,0,0,0,0,0,0,0,0,0,0,0,0,0,0,0,0,0,0,0,0,0,0,0,0,0,0,0,0,0,0,0,0,0,0,0,0,0,0,0,0,0,0,0,0
STAT,popedge,Iterations,60,7339584,121549,123294,122855,118478,125225,121001,120197,121915,123061,127429,120354,121888,123274,118684,120623,119966,117115,123252,122696,123250,114199,108976,112640,104611,117676,119585,119219,118612,119819,118523,124830,123636,126437,120432,122849,127869,123558,125511,122467,121065,120092,123184,120670,118235,121251,120718,122172,116657,116925,118585,130031,129262,131138,134719,134901,126984,132460,128682,132375,131923
STAT,refine,Conflicts,60,3549,132,131,132,103,97,93,95,87,71,82,73,82,84,79,75,72,56,56,71,54,66,64,59,51,62,52,53,49,49,61,52,46,40,48,38,33,44,48,36,45,50,45,42,30,42,52,34,42,42,49,40,44,50,34,36,40,32,41,44,39
STAT,refine,Iterations,60,138239,2153,2345,2200,3163,2460,2541,2341,2045,2050,2023,1848,2290,2108,2707,2173,2240,2027,2088,2300,1894,1969,2576,1963,1863,2147,1756,2343,1819,2335,2756,2266,2090,2084,2450,2423,2127,2241,2278,2208,3044,2849,2097,2761,2668,1750,2356,2262,2707,2794,2182,3153,2570,2405,1802,2041,2260,2078,2549,2234,2987
