Hello from MIC
Galois Benchmark Suite v2.2.0 (r0)
Copyright (C) 2013 The University of Texas at Austin
http://iss.ices.utexas.edu/galois/

application: GMetis
Partitions a graph into K parts and minimizing the graph cut
http://iss.ices.utexas.edu/?p=projects/galois/benchmarks/gMetis

INFO: CommandLine /work/02556/dpereira/MIC/apps/gmetis/gmetis -t=70 /work/02556/dpereira/Inputs/USA-road-d.W.gr 1024
INFO: Hostname c558-304-mic0.stampede.tacc.utexas.edu
Created Graph with 6262104 nodes and 15248146 edges
Nodes 6262104| Edges 15248146 7624073

  Starting coarsening: 
Time coarsen:  2097 Size of final graph: 40768

  Sarting initial partitioning using GGGP:
Size in decade percentages:  -1,3 -0,1021
Time clustering:  1481

  Sarting refinnement with BKL2
Initial dist
Size in decade percentages:  -1,3 -0,1021
Refined dist
Size in decade percentages:  -1,359 0,302 1,363
Time refinement:  885


Time:  4641
Total edge cut : 37321

Part saved in : 0x7fffade40d60
STATTYPE,LOOP,CATEGORY,n,sum,T0,T1,T2,T3,T4,T5,T6,T7,T8,T9,T10,T11,T12,T13,T14,T15,T16,T17,T18,T19,T20,T21,T22,T23,T24,T25,T26,T27,T28,T29,T30,T31,T32,T33,T34,T35,T36,T37,T38,T39,T40,T41,T42,T43,T44,T45,T46,T47,T48,T49,T50,T51,T52,T53,T54,T55,T56,T57,T58,T59,T60,T61,T62,T63,T64,T65,T66,T67,T68,T69
STAT,(NULL),Coarsen,70,2097,2097,0,0,0,0,0,0,0,0,0,0,0,0,0,0,0,0,0,0,0,0,0,0,0,0,0,0,0,0,0,0,0,0,0,0,0,0,0,0,0,0,0,0,0,0,0,0,0,0,0,0,0,0,0,0,0,0,0,0,0,0,0,0,0,0,0,0,0,0,0
STAT,(NULL),Conflicts,70,0,0,0,0,0,0,0,0,0,0,0,0,0,0,0,0,0,0,0,0,0,0,0,0,0,0,0,0,0,0,0,0,0,0,0,0,0,0,0,0,0,0,0,0,0,0,0,0,0,0,0,0,0,0,0,0,0,0,0,0,0,0,0,0,0,0,0,0,0,0,0
STAT,(NULL),Iterations,70,2047,11,18,29,28,27,24,33,16,32,22,21,39,24,22,22,25,38,32,22,35,27,35,25,33,30,24,32,20,25,25,33,49,53,51,32,27,13,43,45,45,27,20,30,30,32,43,36,36,25,23,40,40,16,36,39,29,28,14,26,21,25,45,27,23,19,28,25,17,35,25
STAT,(NULL),MeminfoPost,70,756351,10808,10831,10799,10819,10891,10786,10805,10827,10811,10796,10815,10788,10817,10818,10796,10834,10883,10785,10819,10828,10792,10809,10800,10803,10808,10832,10823,10799,10782,10781,10817,10801,10776,10779,10834,10799,10811,10756,10799,10834,10797,10786,10778,10772,10787,10810,10868,10783,10786,10793,10824,10794,10780,10763,10784,10865,10833,10771,10832,10859,10809,10797,10792,10761,10800,10773,10772,10779,10809,10803
STAT,(NULL),MeminfoPre,70,189071,2704,2727,2695,2715,2787,2682,2701,2723,2707,2692,2711,2684,2713,2714,2692,2730,2779,2681,2715,2724,2688,2705,2696,2699,2704,2728,2719,2695,2678,2677,2713,2697,2672,2675,2730,2695,2707,2652,2695,2730,2693,2682,2674,2668,2683,2706,2764,2679,2682,2689,2720,2690,2676,2659,2680,2761,2729,2667,2728,2755,2705,2693,2688,2657,2696,2669,2668,2675,2705,2699
STAT,(NULL),Partition,70,1481,1481,0,0,0,0,0,0,0,0,0,0,0,0,0,0,0,0,0,0,0,0,0,0,0,0,0,0,0,0,0,0,0,0,0,0,0,0,0,0,0,0,0,0,0,0,0,0,0,0,0,0,0,0,0,0,0,0,0,0,0,0,0,0,0,0,0,0,0,0,0
STAT,(NULL),Refine,70,885,885,0,0,0,0,0,0,0,0,0,0,0,0,0,0,0,0,0,0,0,0,0,0,0,0,0,0,0,0,0,0,0,0,0,0,0,0,0,0,0,0,0,0,0,0,0,0,0,0,0,0,0,0,0,0,0,0,0,0,0,0,0,0,0,0,0,0,0,0,0
STAT,(NULL),Threads,70,70,70,0,0,0,0,0,0,0,0,0,0,0,0,0,0,0,0,0,0,0,0,0,0,0,0,0,0,0,0,0,0,0,0,0,0,0,0,0,0,0,0,0,0,0,0,0,0,0,0,0,0,0,0,0,0,0,0,0,0,0,0,0,0,0,0,0,0,0,0,0
STAT,(NULL),Time,70,4641,4641,0,0,0,0,0,0,0,0,0,0,0,0,0,0,0,0,0,0,0,0,0,0,0,0,0,0,0,0,0,0,0,0,0,0,0,0,0,0,0,0,0,0,0,0,0,0,0,0,0,0,0,0,0,0,0,0,0,0,0,0,0,0,0,0,0,0,0,0,0
STAT,match,Conflicts,70,4800,208,133,120,121,142,147,84,124,111,69,71,66,57,62,62,55,67,74,57,66,58,78,59,57,52,61,58,67,65,72,53,56,46,56,61,43,50,63,50,52,42,40,46,57,45,60,49,46,47,53,44,54,47,68,49,46,54,60,47,62,66,74,67,83,72,70,95,48,87,69
STAT,match,Iterations,70,14901980,172356,187171,186827,183953,180499,188536,193229,170558,188702,227977,218291,218469,221852,214293,213287,211876,199406,216978,215462,202561,227000,228879,223617,207034,207590,210436,208213,220187,221866,227695,201199,221546,222968,200385,197392,230750,220534,238218,223930,216020,228004,235429,237340,225211,223602,211551,213587,231606,224572,214977,215063,223365,232357,219575,220907,206582,208496,208693,214765,218647,222113,208569,217396,213071,197183,216865,211781,220751,200528,211652
STAT,popedge,Conflicts,70,0,0,0,0,0,0,0,0,0,0,0,0,0,0,0,0,0,0,0,0,0,0,0,0,0,0,0,0,0,0,0,0,0,0,0,0,0,0,0,0,0,0,0,0,0,0,0,0,0,0,0,0,0,0,0,0,0,0,0,0,0,0,0,0,0,0,0,0,0,0,0
STAT,popedge,Iterations,70,7304590,99429,97397,99610,96549,96824,99233,97004,94105,96182,110413,108309,110524,103067,106614,107772,103770,102027,108396,103624,106649,106880,106702,110612,104097,98734,98579,97137,100913,105225,109147,104696,104554,107839,95872,106402,109881,110854,113601,111808,108057,109881,110526,110326,112579,108735,111053,105164,103216,108405,110835,103910,105362,105195,105672,108386,102167,101120,102915,108075,115470,119143,98054,94184,102313,96360,94727,98200,99321,98597,95611
STAT,refine,Conflicts,70,2993,64,70,75,57,57,59,50,56,62,63,45,50,57,57,51,52,54,38,41,49,41,51,42,49,58,59,45,51,28,57,48,41,31,16,42,53,28,37,40,54,22,35,45,36,41,40,42,30,43,39,41,38,34,38,36,32,36,30,39,32,40,26,27,22,25,35,26,27,35,23
STAT,refine,Iterations,70,479446,4813,5058,4847,5956,6831,5807,6057,6041,6148,7492,6294,5999,6367,6330,6631,7694,9257,6669,6702,7454,7234,7407,6493,6801,6977,8349,6994,7902,6459,6314,7086,7272,6357,6590,8703,9056,8523,5995,8415,8231,7419,7594,7150,7234,8052,7827,8943,6743,6404,6796,6801,6486,5803,6575,6617,7717,6396,5973,8824,7411,6382,5971,5675,4886,6039,6441,5492,6544,6937,6709
