Hello from MIC
Galois Benchmark Suite v2.2.0 (r0)
Copyright (C) 2013 The University of Texas at Austin
http://iss.ices.utexas.edu/galois/

application: GMetis
Partitions a graph into K parts and minimizing the graph cut
http://iss.ices.utexas.edu/?p=projects/galois/benchmarks/gMetis

INFO: CommandLine /work/02556/dpereira/MIC/apps/gmetis/gmetis -t=48 /work/02556/dpereira/Inputs/USA-road-d.W.gr 128
INFO: Hostname c557-901-mic0.stampede.tacc.utexas.edu
Created Graph with 6262104 nodes and 15248146 edges
Nodes 6262104| Edges 15248146 7624073

  Starting coarsening: 
Time coarsen:  2672 Size of final graph: 3005

  Sarting initial partitioning using GGGP:
Size in decade percentages:  -1,11 -0,113 1,4
Time clustering:  395

  Sarting refinnement with BKL2
Initial dist
Size in decade percentages:  -1,11 -0,113 1,4
Refined dist
Size in decade percentages:  -1,42 -0,43 1,43
Time refinement:  690


Time:  3932
Total edge cut : 7683

Part saved in : 0x7fffa2743360
STATTYPE,LOOP,CATEGORY,n,sum,T0,T1,T2,T3,T4,T5,T6,T7,T8,T9,T10,T11,T12,T13,T14,T15,T16,T17,T18,T19,T20,T21,T22,T23,T24,T25,T26,T27,T28,T29,T30,T31,T32,T33,T34,T35,T36,T37,T38,T39,T40,T41,T42,T43,T44,T45,T46,T47
STAT,(NULL),Coarsen,48,2672,2672,0,0,0,0,0,0,0,0,0,0,0,0,0,0,0,0,0,0,0,0,0,0,0,0,0,0,0,0,0,0,0,0,0,0,0,0,0,0,0,0,0,0,0,0,0,0,0
STAT,(NULL),Conflicts,48,0,0,0,0,0,0,0,0,0,0,0,0,0,0,0,0,0,0,0,0,0,0,0,0,0,0,0,0,0,0,0,0,0,0,0,0,0,0,0,0,0,0,0,0,0,0,0,0,0
STAT,(NULL),Iterations,48,255,11,4,8,6,3,3,3,3,4,4,2,3,1,1,4,5,4,10,4,2,4,5,3,2,2,8,9,6,5,3,4,9,4,9,4,8,4,14,18,12,7,3,5,5,5,3,3,6
STAT,(NULL),MeminfoPost,48,756275,15772,15764,15795,15801,15765,15783,15741,15741,15775,15757,15791,15814,15757,15792,15737,15743,15762,15788,15771,15736,15727,15756,15708,15781,15739,15728,15754,15776,15724,15702,15727,15814,15759,15715,15776,15732,15705,15753,15826,15717,15822,15774,15745,15699,15720,15720,15738,15753
STAT,(NULL),MeminfoPre,48,189059,3955,3947,3978,3984,3948,3966,3924,3924,3958,3940,3974,3997,3940,3975,3920,3926,3945,3971,3954,3919,3910,3939,3891,3964,3922,3911,3937,3959,3907,3885,3910,3997,3942,3898,3959,3915,3888,3936,4009,3900,4005,3957,3928,3882,3903,3903,3921,3936
STAT,(NULL),Partition,48,395,395,0,0,0,0,0,0,0,0,0,0,0,0,0,0,0,0,0,0,0,0,0,0,0,0,0,0,0,0,0,0,0,0,0,0,0,0,0,0,0,0,0,0,0,0,0,0,0
STAT,(NULL),Refine,48,690,690,0,0,0,0,0,0,0,0,0,0,0,0,0,0,0,0,0,0,0,0,0,0,0,0,0,0,0,0,0,0,0,0,0,0,0,0,0,0,0,0,0,0,0,0,0,0,0
STAT,(NULL),Threads,48,48,48,0,0,0,0,0,0,0,0,0,0,0,0,0,0,0,0,0,0,0,0,0,0,0,0,0,0,0,0,0,0,0,0,0,0,0,0,0,0,0,0,0,0,0,0,0,0,0
STAT,(NULL),Time,48,3932,3932,0,0,0,0,0,0,0,0,0,0,0,0,0,0,0,0,0,0,0,0,0,0,0,0,0,0,0,0,0,0,0,0,0,0,0,0,0,0,0,0,0,0,0,0,0,0,0
STAT,match,Conflicts,48,5377,297,233,158,148,172,157,171,198,142,182,127,136,128,94,180,185,76,58,69,80,103,84,106,88,86,79,76,69,93,80,68,76,62,76,61,86,78,75,88,96,71,109,79,110,138,98,84,67
STAT,match,Iterations,48,14965814,285163,307116,287505,298159,313216,304495,317807,325158,305404,305616,254283,302717,312706,304970,320041,311429,304127,304325,315804,311216,316139,317488,323912,303375,322330,321202,323205,316771,327778,327956,310009,317877,307005,307820,293665,316921,317443,309613,283602,322007,313698,313576,334646,342490,312766,327899,327277,316087
STAT,popedge,Conflicts,48,0,0,0,0,0,0,0,0,0,0,0,0,0,0,0,0,0,0,0,0,0,0,0,0,0,0,0,0,0,0,0,0,0,0,0,0,0,0,0,0,0,0,0,0,0,0,0,0,0
STAT,popedge,Iterations,48,7333975,150196,154588,152031,150566,152082,146963,155898,155242,149688,153116,136605,149524,148075,145993,152840,153624,137579,138348,139741,146187,150285,145941,154261,148184,154807,158313,153749,151237,161118,157084,157380,149320,149085,152097,150821,152189,154712,151098,147047,143610,159183,166551,165241,167322,166364,165739,168556,163795
STAT,refine,Conflicts,48,3007,144,137,122,100,120,89,76,78,85,77,78,81,74,71,70,49,66,73,60,56,68,55,66,68,54,44,33,51,40,40,40,47,62,46,47,34,35,52,52,43,46,29,33,41,37,55,45,38
STAT,refine,Iterations,48,126512,2610,2363,2634,2847,2733,2239,2566,2651,2807,2176,2660,2902,3024,2546,2881,2548,2364,2885,2551,2405,2185,2309,2528,3181,2773,2475,2559,2471,2437,2513,3348,2904,2770,2310,2929,2358,3050,3734,2882,2635,3374,1939,2316,2013,2177,3032,2099,2819
