Hello from MIC
Galois Benchmark Suite v2.2.0 (r0)
Copyright (C) 2013 The University of Texas at Austin
http://iss.ices.utexas.edu/galois/

application: GMetis
Partitions a graph into K parts and minimizing the graph cut
http://iss.ices.utexas.edu/?p=projects/galois/benchmarks/gMetis

INFO: CommandLine /work/02556/dpereira/MIC/apps/gmetis/gmetis -t=165 /work/02556/dpereira/Inputs/USA-road-d.W.gr 16
INFO: Hostname c558-002-mic0.stampede.tacc.utexas.edu
Created Graph with 6262104 nodes and 15248146 edges
Nodes 6262104| Edges 15248146 7624073

  Starting coarsening: 
Time coarsen:  3222 Size of final graph: 440

  Sarting initial partitioning using GGGP:
Size in decade percentages:  -1,1 -0,14 1,1
Time clustering:  371

  Sarting refinnement with BKL2
Initial dist
Size in decade percentages:  -1,1 -0,14 1,1
Refined dist
Size in decade percentages:  -1,6 0,5 1,5
Time refinement:  2065


Time:  5836
Total edge cut : 1936

Part saved in : 0x7fff246dde60
STATTYPE,LOOP,CATEGORY,n,sum,T0,T1,T2,T3,T4,T5,T6,T7,T8,T9,T10,T11,T12,T13,T14,T15,T16,T17,T18,T19,T20,T21,T22,T23,T24,T25,T26,T27,T28,T29,T30,T31,T32,T33,T34,T35,T36,T37,T38,T39,T40,T41,T42,T43,T44,T45,T46,T47,T48,T49,T50,T51,T52,T53,T54,T55,T56,T57,T58,T59,T60,T61,T62,T63,T64,T65,T66,T67,T68,T69,T70,T71,T72,T73,T74,T75,T76,T77,T78,T79,T80,T81,T82,T83,T84,T85,T86,T87,T88,T89,T90,T91,T92,T93,T94,T95,T96,T97,T98,T99,T100,T101,T102,T103,T104,T105,T106,T107,T108,T109,T110,T111,T112,T113,T114,T115,T116,T117,T118,T119,T120,T121,T122,T123,T124,T125,T126,T127,T128,T129,T130,T131,T132,T133,T134,T135,T136,T137,T138,T139,T140,T141,T142,T143,T144,T145,T146,T147,T148,T149,T150,T151,T152,T153,T154,T155,T156,T157,T158,T159,T160,T161,T162,T163,T164
STAT,(NULL),Coarsen,165,3222,3222,0,0,0,0,0,0,0,0,0,0,0,0,0,0,0,0,0,0,0,0,0,0,0,0,0,0,0,0,0,0,0,0,0,0,0,0,0,0,0,0,0,0,0,0,0,0,0,0,0,0,0,0,0,0,0,0,0,0,0,0,0,0,0,0,0,0,0,0,0,0,0,0,0,0,0,0,0,0,0,0,0,0,0,0,0,0,0,0,0,0,0,0,0,0,0,0,0,0,0,0,0,0,0,0,0,0,0,0,0,0,0,0,0,0,0,0,0,0,0,0,0,0,0,0,0,0,0,0,0,0,0,0,0,0,0,0,0,0,0,0,0,0,0,0,0,0,0,0,0,0,0,0,0,0,0,0,0,0,0,0,0,0,0,0
STAT,(NULL),Conflicts,165,0,0,0,0,0,0,0,0,0,0,0,0,0,0,0,0,0,0,0,0,0,0,0,0,0,0,0,0,0,0,0,0,0,0,0,0,0,0,0,0,0,0,0,0,0,0,0,0,0,0,0,0,0,0,0,0,0,0,0,0,0,0,0,0,0,0,0,0,0,0,0,0,0,0,0,0,0,0,0,0,0,0,0,0,0,0,0,0,0,0,0,0,0,0,0,0,0,0,0,0,0,0,0,0,0,0,0,0,0,0,0,0,0,0,0,0,0,0,0,0,0,0,0,0,0,0,0,0,0,0,0,0,0,0,0,0,0,0,0,0,0,0,0,0,0,0,0,0,0,0,0,0,0,0,0,0,0,0,0,0,0,0,0,0,0,0
STAT,(NULL),Iterations,165,31,5,0,0,0,0,0,0,0,0,0,0,0,0,0,0,0,0,1,0,2,0,0,0,0,0,0,0,0,0,0,2,0,0,0,0,0,0,0,0,0,1,0,0,0,0,0,0,3,0,0,0,0,0,0,0,1,1,0,0,0,2,0,0,0,0,0,0,0,0,1,0,0,0,0,0,0,0,0,0,0,0,0,0,0,0,0,0,0,0,3,0,0,0,0,0,0,0,0,0,0,0,0,0,0,0,0,0,0,0,0,0,0,0,0,0,0,0,0,5,0,0,0,0,0,0,0,0,0,0,0,0,0,0,0,0,0,0,0,0,0,0,0,0,0,0,0,0,0,0,0,0,0,1,0,2,0,0,0,0,1,0,0,0,0,0
STAT,(NULL),MeminfoPost,165,756765,4592,4582,4599,4599,4587,4593,4577,4589,4588,4598,4655,4608,4569,4577,4579,4589,4599,4603,4587,4603,4581,4579,4577,4597,4598,4578,4570,4585,4587,4586,4601,4594,4589,4590,4572,4589,4605,4617,4635,4598,4578,4576,4581,4594,4591,4612,4587,4594,4570,4579,4582,4599,4593,4575,4579,4580,4599,4584,4592,4623,4579,4586,4599,4584,4587,4585,4581,4573,4594,4566,4570,4588,4597,4588,4578,4581,4579,4566,4574,4582,4573,4614,4611,4582,4573,4577,4605,4575,4561,4564,4585,4590,4598,4597,4591,4585,4574,4591,4571,4581,4577,4568,4560,4580,4591,4575,4564,4600,4619,4609,4609,4573,4576,4597,4569,4560,4584,4593,4598,4590,4588,4570,4584,4578,4572,4568,4576,4585,4569,4583,4614,4612,4617,4587,4575,4573,4572,4585,4613,4619,4597,4616,4590,4573,4595,4571,4588,4581,4572,4556,4572,4574,4603,4565,4557,4581,4562,4596,4570,4582,4589,4586,4588,4577,4588
STAT,(NULL),MeminfoPre,165,189165,1152,1142,1159,1159,1147,1153,1137,1149,1148,1158,1215,1168,1129,1137,1139,1149,1159,1163,1147,1163,1141,1139,1137,1157,1158,1138,1130,1145,1147,1146,1161,1154,1149,1150,1132,1149,1165,1177,1195,1158,1138,1136,1141,1154,1151,1172,1147,1154,1130,1139,1142,1159,1153,1135,1139,1140,1159,1144,1152,1183,1139,1146,1159,1144,1147,1145,1141,1133,1154,1126,1130,1148,1157,1148,1138,1141,1139,1126,1134,1142,1133,1174,1171,1142,1133,1137,1165,1135,1121,1124,1145,1150,1158,1157,1151,1145,1134,1151,1131,1141,1137,1128,1120,1140,1151,1135,1124,1160,1179,1169,1169,1133,1136,1157,1129,1120,1144,1153,1158,1150,1148,1130,1144,1138,1132,1128,1136,1145,1129,1143,1174,1172,1177,1147,1135,1133,1132,1145,1173,1179,1157,1176,1150,1133,1155,1131,1148,1141,1132,1116,1132,1134,1163,1125,1117,1141,1122,1156,1130,1142,1149,1146,1148,1137,1148
STAT,(NULL),Partition,165,371,371,0,0,0,0,0,0,0,0,0,0,0,0,0,0,0,0,0,0,0,0,0,0,0,0,0,0,0,0,0,0,0,0,0,0,0,0,0,0,0,0,0,0,0,0,0,0,0,0,0,0,0,0,0,0,0,0,0,0,0,0,0,0,0,0,0,0,0,0,0,0,0,0,0,0,0,0,0,0,0,0,0,0,0,0,0,0,0,0,0,0,0,0,0,0,0,0,0,0,0,0,0,0,0,0,0,0,0,0,0,0,0,0,0,0,0,0,0,0,0,0,0,0,0,0,0,0,0,0,0,0,0,0,0,0,0,0,0,0,0,0,0,0,0,0,0,0,0,0,0,0,0,0,0,0,0,0,0,0,0,0,0,0,0,0
STAT,(NULL),Refine,165,2065,2065,0,0,0,0,0,0,0,0,0,0,0,0,0,0,0,0,0,0,0,0,0,0,0,0,0,0,0,0,0,0,0,0,0,0,0,0,0,0,0,0,0,0,0,0,0,0,0,0,0,0,0,0,0,0,0,0,0,0,0,0,0,0,0,0,0,0,0,0,0,0,0,0,0,0,0,0,0,0,0,0,0,0,0,0,0,0,0,0,0,0,0,0,0,0,0,0,0,0,0,0,0,0,0,0,0,0,0,0,0,0,0,0,0,0,0,0,0,0,0,0,0,0,0,0,0,0,0,0,0,0,0,0,0,0,0,0,0,0,0,0,0,0,0,0,0,0,0,0,0,0,0,0,0,0,0,0,0,0,0,0,0,0,0,0
STAT,(NULL),Threads,165,165,165,0,0,0,0,0,0,0,0,0,0,0,0,0,0,0,0,0,0,0,0,0,0,0,0,0,0,0,0,0,0,0,0,0,0,0,0,0,0,0,0,0,0,0,0,0,0,0,0,0,0,0,0,0,0,0,0,0,0,0,0,0,0,0,0,0,0,0,0,0,0,0,0,0,0,0,0,0,0,0,0,0,0,0,0,0,0,0,0,0,0,0,0,0,0,0,0,0,0,0,0,0,0,0,0,0,0,0,0,0,0,0,0,0,0,0,0,0,0,0,0,0,0,0,0,0,0,0,0,0,0,0,0,0,0,0,0,0,0,0,0,0,0,0,0,0,0,0,0,0,0,0,0,0,0,0,0,0,0,0,0,0,0,0,0
STAT,(NULL),Time,165,5836,5836,0,0,0,0,0,0,0,0,0,0,0,0,0,0,0,0,0,0,0,0,0,0,0,0,0,0,0,0,0,0,0,0,0,0,0,0,0,0,0,0,0,0,0,0,0,0,0,0,0,0,0,0,0,0,0,0,0,0,0,0,0,0,0,0,0,0,0,0,0,0,0,0,0,0,0,0,0,0,0,0,0,0,0,0,0,0,0,0,0,0,0,0,0,0,0,0,0,0,0,0,0,0,0,0,0,0,0,0,0,0,0,0,0,0,0,0,0,0,0,0,0,0,0,0,0,0,0,0,0,0,0,0,0,0,0,0,0,0,0,0,0,0,0,0,0,0,0,0,0,0,0,0,0,0,0,0,0,0,0,0,0,0,0,0
STAT,match,Conflicts,165,6594,63,69,56,62,48,59,56,61,55,56,62,62,52,56,49,46,46,56,47,57,52,49,49,64,52,47,49,44,53,57,54,49,49,42,42,47,40,46,46,43,50,47,39,44,36,48,39,52,42,44,45,47,43,41,41,37,48,44,29,45,49,33,39,34,23,29,33,30,40,26,30,30,33,23,35,31,26,28,42,30,41,38,40,35,44,37,29,43,40,31,43,52,34,37,37,42,37,27,35,29,34,38,37,33,38,30,39,32,43,41,42,35,37,33,32,35,34,33,33,33,46,37,31,30,30,33,26,30,28,31,34,33,35,26,25,35,30,28,35,40,38,38,38,30,35,40,42,26,41,34,41,31,42,27,38,35,34,43,41,31,37,35,30,29,35
STAT,match,Iterations,165,15032174,56501,68707,76272,72947,86238,67388,71638,76071,68859,71459,73941,64185,59650,69616,84065,76823,70796,89465,80849,73673,76377,64415,90807,61795,92679,72760,77829,77065,75289,71655,72141,81635,70823,81435,79486,81828,97228,85908,84972,76474,67037,85433,75205,81362,103218,88663,89844,96622,83732,94781,103867,90837,92115,110805,97160,99369,104640,105567,109761,86715,81634,103370,98703,90902,113011,101060,99563,106180,110484,89728,90146,95614,83037,102860,104914,91670,96166,91317,81677,88052,104984,101715,76023,105002,99380,103042,70526,114709,97349,88559,99301,90155,100313,105753,94777,76647,94740,98665,101347,92832,84007,86421,94686,90178,130026,125068,87635,85082,95190,101670,98741,112887,105973,122096,119930,90711,109962,113017,116239,105106,110607,117054,90372,97708,99373,94887,84477,107162,90709,107429,85352,101179,89018,86014,80220,91781,92363,100193,78292,94397,78677,86692,94551,92820,103090,97826,92059,97258,96659,87164,82074,106539,94729,101748,87101,85394,101669,88096,98654,99798,82388,87061,95758,97758,89015
STAT,popedge,Conflicts,165,0,0,0,0,0,0,0,0,0,0,0,0,0,0,0,0,0,0,0,0,0,0,0,0,0,0,0,0,0,0,0,0,0,0,0,0,0,0,0,0,0,0,0,0,0,0,0,0,0,0,0,0,0,0,0,0,0,0,0,0,0,0,0,0,0,0,0,0,0,0,0,0,0,0,0,0,0,0,0,0,0,0,0,0,0,0,0,0,0,0,0,0,0,0,0,0,0,0,0,0,0,0,0,0,0,0,0,0,0,0,0,0,0,0,0,0,0,0,0,0,0,0,0,0,0,0,0,0,0,0,0,0,0,0,0,0,0,0,0,0,0,0,0,0,0,0,0,0,0,0,0,0,0,0,0,0,0,0,0,0,0,0,0,0,0,0
STAT,popedge,Iterations,165,7368278,40961,43207,39696,42086,40870,44445,40343,42839,43275,43963,39635,41108,43515,44609,43290,42041,42271,43406,42172,43679,42669,44061,45120,46048,44207,44693,44998,44780,44208,45527,43683,46088,44798,44406,43717,44219,42916,42895,42233,43057,45576,43250,45887,49230,50001,48238,49475,49599,50316,48002,50196,50906,50936,49568,48760,47778,46801,48689,45670,45903,46822,40099,40395,39803,41589,38501,42601,39020,43197,41905,44428,42066,39449,40606,39933,44171,42813,42120,44010,41861,42416,42888,43876,44911,44557,45382,45195,43434,46077,43135,45677,44666,47238,43898,42205,45471,44072,45724,42582,44375,44167,45731,43590,43527,49386,50199,50464,51637,52163,49332,49156,48484,49998,52114,52930,53372,51063,49589,51201,47594,47686,46657,39996,44806,39154,41538,39951,40984,40615,42151,40547,42637,40323,38827,41570,42882,41699,42928,44213,44419,43815,45743,43057,43032,45317,44245,44360,43942,47649,48049,46403,43976,42201,44954,44966,42871,43686,44360,44941,45145,44755,45557,44632,44331,47328
STAT,refine,Conflicts,165,5454,112,122,122,106,107,107,96,103,83,85,89,68,86,78,77,79,60,55,57,55,60,65,57,48,71,57,51,48,48,55,49,41,50,37,33,31,38,47,36,28,33,24,34,38,48,30,48,29,43,38,34,43,23,35,32,33,36,26,35,26,39,23,24,19,12,17,20,13,20,20,37,27,19,28,19,20,20,19,18,18,19,19,23,25,13,29,15,19,13,20,16,13,16,19,16,13,23,33,16,12,21,15,14,31,19,22,15,35,27,28,20,21,26,14,24,21,35,19,17,29,19,19,26,15,18,22,20,21,17,27,18,25,16,7,21,26,26,28,22,12,9,15,20,21,22,10,18,18,12,5,4,22,20,20,23,10,12,21,26,23,21,20,15,14,6
STAT,refine,Iterations,165,41965,411,411,455,396,297,350,369,405,305,439,352,285,331,276,476,445,266,236,216,256,286,308,346,233,336,192,221,270,216,222,284,234,199,225,213,155,314,238,192,278,250,232,282,281,295,157,240,234,325,270,328,269,179,254,193,197,315,277,278,175,339,257,208,204,241,187,284,200,270,166,368,269,157,308,265,318,265,205,247,174,226,292,259,246,213,320,254,164,159,139,197,210,218,272,236,211,228,456,202,190,227,223,239,198,427,292,157,220,297,340,301,234,272,209,253,239,292,281,352,307,234,379,296,209,211,239,178,273,228,235,224,379,243,171,151,227,257,312,260,202,102,204,275,229,274,226,294,108,180,130,84,197,202,189,232,139,173,187,332,195,252,283,277,172,167
