Hello from MIC
Galois Benchmark Suite v2.2.0 (r0)
Copyright (C) 2013 The University of Texas at Austin
http://iss.ices.utexas.edu/galois/

application: GMetis
Partitions a graph into K parts and minimizing the graph cut
http://iss.ices.utexas.edu/?p=projects/galois/benchmarks/gMetis

INFO: CommandLine /work/02556/dpereira/MIC/apps/gmetis/gmetis -t=218 /work/02556/dpereira/Inputs/USA-road-d.W.gr 1024
INFO: Hostname c557-803-mic0.stampede.tacc.utexas.edu
Created Graph with 6262104 nodes and 15248146 edges
Nodes 6262104| Edges 15248146 7624073

  Starting coarsening: 
Time coarsen:  3049 Size of final graph: 22238

  Sarting initial partitioning using GGGP:
Size in decade percentages:  -1,78 -0,880 1,66
Time clustering:  1204

  Sarting refinnement with BKL2
Initial dist
Size in decade percentages:  -1,78 -0,880 1,66
Refined dist
Size in decade percentages:  -1,361 -0,295 1,367 2,1
Time refinement:  2091


Time:  6526
Total edge cut : 31305

Part saved in : 0x7fff200403e0
STATTYPE,LOOP,CATEGORY,n,sum,T0,T1,T2,T3,T4,T5,T6,T7,T8,T9,T10,T11,T12,T13,T14,T15,T16,T17,T18,T19,T20,T21,T22,T23,T24,T25,T26,T27,T28,T29,T30,T31,T32,T33,T34,T35,T36,T37,T38,T39,T40,T41,T42,T43,T44,T45,T46,T47,T48,T49,T50,T51,T52,T53,T54,T55,T56,T57,T58,T59,T60,T61,T62,T63,T64,T65,T66,T67,T68,T69,T70,T71,T72,T73,T74,T75,T76,T77,T78,T79,T80,T81,T82,T83,T84,T85,T86,T87,T88,T89,T90,T91,T92,T93,T94,T95,T96,T97,T98,T99,T100,T101,T102,T103,T104,T105,T106,T107,T108,T109,T110,T111,T112,T113,T114,T115,T116,T117,T118,T119,T120,T121,T122,T123,T124,T125,T126,T127,T128,T129,T130,T131,T132,T133,T134,T135,T136,T137,T138,T139,T140,T141,T142,T143,T144,T145,T146,T147,T148,T149,T150,T151,T152,T153,T154,T155,T156,T157,T158,T159,T160,T161,T162,T163,T164,T165,T166,T167,T168,T169,T170,T171,T172,T173,T174,T175,T176,T177,T178,T179,T180,T181,T182,T183,T184,T185,T186,T187,T188,T189,T190,T191,T192,T193,T194,T195,T196,T197,T198,T199,T200,T201,T202,T203,T204,T205,T206,T207,T208,T209,T210,T211,T212,T213,T214,T215,T216,T217
STAT,(NULL),Coarsen,218,3049,3049,0,0,0,0,0,0,0,0,0,0,0,0,0,0,0,0,0,0,0,0,0,0,0,0,0,0,0,0,0,0,0,0,0,0,0,0,0,0,0,0,0,0,0,0,0,0,0,0,0,0,0,0,0,0,0,0,0,0,0,0,0,0,0,0,0,0,0,0,0,0,0,0,0,0,0,0,0,0,0,0,0,0,0,0,0,0,0,0,0,0,0,0,0,0,0,0,0,0,0,0,0,0,0,0,0,0,0,0,0,0,0,0,0,0,0,0,0,0,0,0,0,0,0,0,0,0,0,0,0,0,0,0,0,0,0,0,0,0,0,0,0,0,0,0,0,0,0,0,0,0,0,0,0,0,0,0,0,0,0,0,0,0,0,0,0,0,0,0,0,0,0,0,0,0,0,0,0,0,0,0,0,0,0,0,0,0,0,0,0,0,0,0,0,0,0,0,0,0,0,0,0,0,0,0,0,0,0,0,0,0,0,0,0,0,0,0,0
STAT,(NULL),Conflicts,218,0,0,0,0,0,0,0,0,0,0,0,0,0,0,0,0,0,0,0,0,0,0,0,0,0,0,0,0,0,0,0,0,0,0,0,0,0,0,0,0,0,0,0,0,0,0,0,0,0,0,0,0,0,0,0,0,0,0,0,0,0,0,0,0,0,0,0,0,0,0,0,0,0,0,0,0,0,0,0,0,0,0,0,0,0,0,0,0,0,0,0,0,0,0,0,0,0,0,0,0,0,0,0,0,0,0,0,0,0,0,0,0,0,0,0,0,0,0,0,0,0,0,0,0,0,0,0,0,0,0,0,0,0,0,0,0,0,0,0,0,0,0,0,0,0,0,0,0,0,0,0,0,0,0,0,0,0,0,0,0,0,0,0,0,0,0,0,0,0,0,0,0,0,0,0,0,0,0,0,0,0,0,0,0,0,0,0,0,0,0,0,0,0,0,0,0,0,0,0,0,0,0,0,0,0,0,0,0,0,0,0,0,0,0,0,0,0,0,0
STAT,(NULL),Iterations,218,2047,11,6,9,11,6,14,3,9,11,4,13,6,8,3,8,13,4,2,4,6,13,1,7,0,1,4,12,9,4,2,7,5,10,4,7,6,5,10,14,8,16,16,13,22,14,18,10,8,10,6,9,13,18,12,14,8,11,23,17,16,18,11,3,14,7,12,6,7,8,12,7,9,5,8,10,9,17,13,10,7,7,16,6,6,2,5,9,6,9,8,5,2,6,7,0,7,25,9,13,17,16,13,14,11,11,13,17,11,9,16,17,9,14,12,11,13,6,16,12,13,20,8,18,12,11,7,9,1,4,7,10,4,3,4,6,7,9,17,5,2,6,10,14,6,9,3,15,8,7,7,8,11,8,7,3,7,8,12,6,20,6,10,7,8,5,7,13,17,16,12,8,13,16,7,11,9,19,10,13,16,17,10,15,12,8,9,10,11,7,13,6,14,10,11,6,3,14,9,9,5,7,7,5,2,2,12,3,15,6,2,11,9,8,2,3,11,2,13
STAT,(NULL),MeminfoPost,218,757168,3480,3468,3475,3485,3480,3487,3468,3479,3459,3466,3479,3485,3481,3512,3510,3483,3462,3471,3468,3463,3481,3476,3481,3493,3462,3492,3480,3459,3468,3466,3475,3480,3486,3466,3463,3463,3476,3474,3464,3494,3474,3488,3469,3468,3482,3463,3485,3464,3492,3493,3522,3497,3465,3465,3465,3472,3470,3483,3475,3489,3477,3481,3476,3475,3461,3467,3471,3479,3491,3465,3466,3463,3468,3471,3485,3474,3467,3484,3506,3472,3467,3480,3482,3478,3464,3477,3474,3464,3468,3466,3483,3461,3454,3466,3474,3482,3483,3468,3463,3473,3465,3466,3457,3466,3457,3476,3462,3491,3496,3484,3470,3462,3465,3466,3496,3463,3459,3453,3457,3472,3478,3477,3482,3484,3484,3467,3474,3460,3469,3475,3463,3470,3467,3455,3461,3458,3470,3454,3487,3464,3457,3471,3487,3501,3494,3499,3469,3462,3466,3479,3472,3457,3454,3467,3475,3482,3478,3480,3472,3470,3464,3474,3465,3468,3464,3457,3459,3464,3480,3462,3454,3482,3496,3493,3498,3491,3469,3464,3471,3455,3463,3475,3481,3497,3498,3478,3496,3490,3472,3459,3468,3481,3463,3480,3464,3464,3459,3453,3467,3466,3475,3482,3452,3454,3457,3465,3461,3470,3471,3461,3470,3468,3477,3474,3474,3476,3468,3468
STAT,(NULL),MeminfoPre,218,189278,875,863,870,880,875,882,863,874,854,861,874,880,876,907,905,878,857,866,863,858,876,871,876,888,857,887,875,854,863,861,870,875,881,861,858,858,871,869,859,889,869,883,864,863,877,858,880,859,887,888,917,892,860,860,860,867,865,878,870,884,872,876,871,870,856,862,866,874,886,860,861,858,863,866,880,869,862,879,901,867,862,875,877,873,859,872,869,859,863,861,878,856,849,861,869,877,878,863,858,868,860,861,852,861,852,871,857,886,891,879,865,857,860,861,891,858,854,848,852,867,873,872,877,879,879,862,869,855,864,870,858,865,862,850,856,853,865,849,882,859,852,866,882,896,889,894,864,857,861,874,867,852,849,862,870,877,873,875,867,865,859,869,860,863,859,852,854,859,875,857,849,877,891,888,893,886,864,859,866,850,858,870,876,892,893,873,891,885,867,854,863,876,858,875,859,859,854,848,862,861,870,877,847,849,852,860,856,865,866,856,865,863,872,869,869,871,863,863
STAT,(NULL),Partition,218,1204,1204,0,0,0,0,0,0,0,0,0,0,0,0,0,0,0,0,0,0,0,0,0,0,0,0,0,0,0,0,0,0,0,0,0,0,0,0,0,0,0,0,0,0,0,0,0,0,0,0,0,0,0,0,0,0,0,0,0,0,0,0,0,0,0,0,0,0,0,0,0,0,0,0,0,0,0,0,0,0,0,0,0,0,0,0,0,0,0,0,0,0,0,0,0,0,0,0,0,0,0,0,0,0,0,0,0,0,0,0,0,0,0,0,0,0,0,0,0,0,0,0,0,0,0,0,0,0,0,0,0,0,0,0,0,0,0,0,0,0,0,0,0,0,0,0,0,0,0,0,0,0,0,0,0,0,0,0,0,0,0,0,0,0,0,0,0,0,0,0,0,0,0,0,0,0,0,0,0,0,0,0,0,0,0,0,0,0,0,0,0,0,0,0,0,0,0,0,0,0,0,0,0,0,0,0,0,0,0,0,0,0,0,0,0,0,0,0,0
STAT,(NULL),Refine,218,2091,2091,0,0,0,0,0,0,0,0,0,0,0,0,0,0,0,0,0,0,0,0,0,0,0,0,0,0,0,0,0,0,0,0,0,0,0,0,0,0,0,0,0,0,0,0,0,0,0,0,0,0,0,0,0,0,0,0,0,0,0,0,0,0,0,0,0,0,0,0,0,0,0,0,0,0,0,0,0,0,0,0,0,0,0,0,0,0,0,0,0,0,0,0,0,0,0,0,0,0,0,0,0,0,0,0,0,0,0,0,0,0,0,0,0,0,0,0,0,0,0,0,0,0,0,0,0,0,0,0,0,0,0,0,0,0,0,0,0,0,0,0,0,0,0,0,0,0,0,0,0,0,0,0,0,0,0,0,0,0,0,0,0,0,0,0,0,0,0,0,0,0,0,0,0,0,0,0,0,0,0,0,0,0,0,0,0,0,0,0,0,0,0,0,0,0,0,0,0,0,0,0,0,0,0,0,0,0,0,0,0,0,0,0,0,0,0,0,0
STAT,(NULL),Threads,218,218,218,0,0,0,0,0,0,0,0,0,0,0,0,0,0,0,0,0,0,0,0,0,0,0,0,0,0,0,0,0,0,0,0,0,0,0,0,0,0,0,0,0,0,0,0,0,0,0,0,0,0,0,0,0,0,0,0,0,0,0,0,0,0,0,0,0,0,0,0,0,0,0,0,0,0,0,0,0,0,0,0,0,0,0,0,0,0,0,0,0,0,0,0,0,0,0,0,0,0,0,0,0,0,0,0,0,0,0,0,0,0,0,0,0,0,0,0,0,0,0,0,0,0,0,0,0,0,0,0,0,0,0,0,0,0,0,0,0,0,0,0,0,0,0,0,0,0,0,0,0,0,0,0,0,0,0,0,0,0,0,0,0,0,0,0,0,0,0,0,0,0,0,0,0,0,0,0,0,0,0,0,0,0,0,0,0,0,0,0,0,0,0,0,0,0,0,0,0,0,0,0,0,0,0,0,0,0,0,0,0,0,0,0,0,0,0,0,0
STAT,(NULL),Time,218,6526,6526,0,0,0,0,0,0,0,0,0,0,0,0,0,0,0,0,0,0,0,0,0,0,0,0,0,0,0,0,0,0,0,0,0,0,0,0,0,0,0,0,0,0,0,0,0,0,0,0,0,0,0,0,0,0,0,0,0,0,0,0,0,0,0,0,0,0,0,0,0,0,0,0,0,0,0,0,0,0,0,0,0,0,0,0,0,0,0,0,0,0,0,0,0,0,0,0,0,0,0,0,0,0,0,0,0,0,0,0,0,0,0,0,0,0,0,0,0,0,0,0,0,0,0,0,0,0,0,0,0,0,0,0,0,0,0,0,0,0,0,0,0,0,0,0,0,0,0,0,0,0,0,0,0,0,0,0,0,0,0,0,0,0,0,0,0,0,0,0,0,0,0,0,0,0,0,0,0,0,0,0,0,0,0,0,0,0,0,0,0,0,0,0,0,0,0,0,0,0,0,0,0,0,0,0,0,0,0,0,0,0,0,0,0,0,0,0,0
STAT,match,Conflicts,218,5868,52,40,45,36,42,50,46,45,40,43,45,40,41,36,40,39,35,45,38,37,37,40,40,36,32,44,39,33,38,37,42,34,35,30,43,34,25,26,29,23,36,26,26,33,28,22,34,36,28,27,30,34,39,34,26,28,35,29,29,27,41,21,19,24,25,20,25,20,21,22,17,24,22,24,27,23,25,25,27,19,23,18,20,21,20,18,23,17,23,26,27,27,25,25,11,25,21,21,25,22,27,21,24,19,18,26,26,28,27,28,23,24,23,32,31,26,19,31,23,22,25,34,23,29,23,25,28,25,24,24,26,23,25,24,24,21,26,25,20,28,20,25,23,23,26,18,25,25,23,20,19,26,31,25,20,22,21,22,19,24,22,20,22,25,18,25,24,22,20,22,22,26,21,22,39,21,23,27,21,27,23,22,27,21,28,18,22,26,28,26,22,29,20,23,27,23,25,21,21,22,25,29,23,21,20,22,19,19,27,23,26,28,21,30,23,19,22,23
STAT,match,Iterations,218,15020920,41599,54946,49161,48912,55029,48765,40026,44350,49658,45643,51154,62189,49467,47068,27324,57453,61963,64961,28178,58171,52581,42051,48839,63391,50727,59486,35601,58571,77966,55707,56536,69920,54935,56487,64077,53147,60924,83399,63539,57874,53407,67628,67584,53467,57743,98615,53235,63728,69487,67033,90574,64657,65605,73316,44266,61327,61364,79435,65948,69102,51766,68723,91614,63696,78422,66334,69916,61696,85528,85967,78591,78052,71065,68432,57361,81461,76221,68493,60519,82493,54114,58970,65046,74694,63684,82534,96283,72720,71148,84516,49765,93527,54093,57878,82493,78296,85366,60518,75738,76964,78420,69422,57215,75675,72569,55432,80997,59262,55488,58314,66269,77325,71123,81860,64606,88411,86592,74668,75985,71254,60474,68616,94157,55799,74888,66413,65843,65663,68616,65771,62764,73450,81421,60942,65015,79221,73453,77836,87352,73135,77941,75371,81886,64389,70147,84017,52976,93739,88113,87738,77842,78040,88008,53811,88151,69478,76374,70099,106536,68941,64560,65538,68547,63906,122543,68097,94053,70973,67505,90892,81819,68622,68925,70298,59631,71959,87084,92816,76600,89934,91337,77764,77098,55266,94104,78716,71855,74014,71974,74196,60860,61800,68617,78638,74584,75005,78981,57165,71012,49805,78783,53482,65260,86437,59558,77606,75321,63104,74951,65175,62286,66008,66785,78405,98553,83459,45035,74313
STAT,popedge,Conflicts,218,0,0,0,0,0,0,0,0,0,0,0,0,0,0,0,0,0,0,0,0,0,0,0,0,0,0,0,0,0,0,0,0,0,0,0,0,0,0,0,0,0,0,0,0,0,0,0,0,0,0,0,0,0,0,0,0,0,0,0,0,0,0,0,0,0,0,0,0,0,0,0,0,0,0,0,0,0,0,0,0,0,0,0,0,0,0,0,0,0,0,0,0,0,0,0,0,0,0,0,0,0,0,0,0,0,0,0,0,0,0,0,0,0,0,0,0,0,0,0,0,0,0,0,0,0,0,0,0,0,0,0,0,0,0,0,0,0,0,0,0,0,0,0,0,0,0,0,0,0,0,0,0,0,0,0,0,0,0,0,0,0,0,0,0,0,0,0,0,0,0,0,0,0,0,0,0,0,0,0,0,0,0,0,0,0,0,0,0,0,0,0,0,0,0,0,0,0,0,0,0,0,0,0,0,0,0,0,0,0,0,0,0,0,0,0,0,0,0,0
STAT,popedge,Iterations,218,7357903,32077,33521,31154,31852,32114,30382,32946,32526,30922,32513,33979,31379,31932,33103,33003,32770,30818,32257,33849,32899,32781,32662,32716,30759,32723,32805,34310,32738,32331,32033,33412,31516,34732,31165,32467,36432,36994,36160,33808,35706,35902,34474,35897,36436,34665,36328,35042,34237,34894,35289,37581,34678,35065,35845,38272,36927,35328,34166,38000,35585,35359,31341,34075,30595,33422,31579,32405,30856,33962,32234,31095,31711,30844,31909,31110,32109,30323,31417,33620,35330,31043,31353,29761,33635,31972,29472,35434,31244,31959,33531,32742,32722,33610,32181,31549,33553,36006,35944,36223,35877,34830,36796,34416,35932,35407,35910,37480,36522,33012,35564,34195,35914,35802,37116,33713,39158,36479,38689,36952,36381,36465,35950,32252,33598,31366,30579,30533,31898,31593,33740,32887,32843,32425,34097,31351,31500,33207,32715,31944,31749,34255,33360,34159,31853,33418,33179,29254,32000,30559,33232,33244,31471,31808,33762,33780,33697,32691,36010,37682,36774,37568,37750,35903,35824,35126,35970,36425,36369,34639,34497,36414,36404,36267,35382,36475,36431,34791,37982,36381,36907,34932,35669,37782,31126,32366,33804,32221,31536,32436,32582,33638,34277,33991,33555,32648,31184,30991,31995,32054,32792,31421,31653,32212,31841,33634,32368,32396,31023,33716,32484,35430,34807,33589,35533,37554,34717,32549,32780
STAT,refine,Conflicts,218,6085,80,83,76,79,70,72,81,74,66,62,61,58,67,62,61,72,56,50,45,49,44,42,56,52,45,46,46,44,47,45,42,43,43,31,42,31,32,30,32,41,28,29,32,39,34,36,48,38,44,44,36,31,35,37,28,36,33,37,40,26,43,21,14,23,16,19,23,19,19,22,20,17,22,20,21,25,27,27,28,22,25,16,18,21,20,17,22,14,15,19,13,20,17,23,10,19,16,14,16,21,16,21,16,11,19,19,28,24,31,24,20,14,19,24,15,25,19,13,25,19,13,18,27,16,18,19,14,22,19,25,19,16,25,26,17,22,29,33,21,22,21,18,18,22,25,21,21,26,18,21,18,12,17,20,18,22,18,12,25,22,18,18,23,12,14,20,27,14,24,21,25,26,24,22,24,29,22,22,23,28,27,14,25,13,26,20,25,17,24,17,17,17,15,19,12,12,15,18,20,20,25,26,19,22,13,30,20,18,31,20,21,22,29,20,15,19,23,12
STAT,refine,Iterations,218,425072,1434,2126,1692,1568,1557,1683,1413,1589,1610,1312,1744,1749,1695,1358,1793,1910,1659,1581,1114,1378,2065,1320,2517,1790,1291,2013,956,2173,2237,1730,1963,1983,2224,1244,2094,1907,1761,2271,1747,1724,1447,1464,1821,1630,1583,2087,1801,1987,2382,2376,2704,1984,2131,2109,1346,1666,1892,1973,2170,2100,2280,2442,1927,1632,1924,1500,1903,1540,1881,1996,1801,1833,1933,1526,1825,2008,1914,2032,2645,2254,1859,2146,1432,2794,1646,1659,2099,1595,2129,2426,1635,2196,1249,1940,1828,2299,2448,1401,1737,1774,1555,1888,1380,1672,1820,1696,2599,2259,2199,2373,1722,2162,2447,2586,1915,2036,1760,1593,1852,1940,2186,2415,2577,1877,2193,1516,1567,1653,1623,1808,1682,1592,2418,1766,1633,2010,2333,2152,2330,2114,1857,2247,2270,1988,2934,2293,1284,2555,2063,2526,2248,1632,1848,1796,2714,1910,2397,2203,2290,2066,1559,1615,1884,1537,2221,1821,2504,1586,2039,2120,2581,2417,2500,2403,2567,2469,2275,2124,2369,2164,2479,2338,2217,1939,2332,1989,2229,2003,1875,1420,1908,1983,1350,2060,1415,1775,2118,1349,1503,1442,2414,1528,1597,2177,1786,2694,1989,1712,2084,1550,2247,2193,2480,2319,2237,2982,1504,2364
