Hello from MIC
Galois Benchmark Suite v2.2.0 (r0)
Copyright (C) 2013 The University of Texas at Austin
http://iss.ices.utexas.edu/galois/

application: GMetis
Partitions a graph into K parts and minimizing the graph cut
http://iss.ices.utexas.edu/?p=projects/galois/benchmarks/gMetis

INFO: CommandLine /work/02556/dpereira/MIC/apps/gmetis/gmetis -t=159 /work/02556/dpereira/Inputs/USA-road-d.W.gr 16
INFO: Hostname c558-002-mic0.stampede.tacc.utexas.edu
Created Graph with 6262104 nodes and 15248146 edges
Nodes 6262104| Edges 15248146 7624073

  Starting coarsening: 
Time coarsen:  3163 Size of final graph: 437

  Sarting initial partitioning using GGGP:
Size in decade percentages:  -1,2 -0,14
Time clustering:  369

  Sarting refinnement with BKL2
Initial dist
Size in decade percentages:  -1,2 -0,14
Refined dist
Size in decade percentages:  -1,4 0,8 1,4
Time refinement:  1952


Time:  5662
Total edge cut : 1748

Part saved in : 0x7fff57b892e0
STATTYPE,LOOP,CATEGORY,n,sum,T0,T1,T2,T3,T4,T5,T6,T7,T8,T9,T10,T11,T12,T13,T14,T15,T16,T17,T18,T19,T20,T21,T22,T23,T24,T25,T26,T27,T28,T29,T30,T31,T32,T33,T34,T35,T36,T37,T38,T39,T40,T41,T42,T43,T44,T45,T46,T47,T48,T49,T50,T51,T52,T53,T54,T55,T56,T57,T58,T59,T60,T61,T62,T63,T64,T65,T66,T67,T68,T69,T70,T71,T72,T73,T74,T75,T76,T77,T78,T79,T80,T81,T82,T83,T84,T85,T86,T87,T88,T89,T90,T91,T92,T93,T94,T95,T96,T97,T98,T99,T100,T101,T102,T103,T104,T105,T106,T107,T108,T109,T110,T111,T112,T113,T114,T115,T116,T117,T118,T119,T120,T121,T122,T123,T124,T125,T126,T127,T128,T129,T130,T131,T132,T133,T134,T135,T136,T137,T138,T139,T140,T141,T142,T143,T144,T145,T146,T147,T148,T149,T150,T151,T152,T153,T154,T155,T156,T157,T158
STAT,(NULL),Coarsen,159,3163,3163,0,0,0,0,0,0,0,0,0,0,0,0,0,0,0,0,0,0,0,0,0,0,0,0,0,0,0,0,0,0,0,0,0,0,0,0,0,0,0,0,0,0,0,0,0,0,0,0,0,0,0,0,0,0,0,0,0,0,0,0,0,0,0,0,0,0,0,0,0,0,0,0,0,0,0,0,0,0,0,0,0,0,0,0,0,0,0,0,0,0,0,0,0,0,0,0,0,0,0,0,0,0,0,0,0,0,0,0,0,0,0,0,0,0,0,0,0,0,0,0,0,0,0,0,0,0,0,0,0,0,0,0,0,0,0,0,0,0,0,0,0,0,0,0,0,0,0,0,0,0,0,0,0,0,0,0,0,0
STAT,(NULL),Conflicts,159,0,0,0,0,0,0,0,0,0,0,0,0,0,0,0,0,0,0,0,0,0,0,0,0,0,0,0,0,0,0,0,0,0,0,0,0,0,0,0,0,0,0,0,0,0,0,0,0,0,0,0,0,0,0,0,0,0,0,0,0,0,0,0,0,0,0,0,0,0,0,0,0,0,0,0,0,0,0,0,0,0,0,0,0,0,0,0,0,0,0,0,0,0,0,0,0,0,0,0,0,0,0,0,0,0,0,0,0,0,0,0,0,0,0,0,0,0,0,0,0,0,0,0,0,0,0,0,0,0,0,0,0,0,0,0,0,0,0,0,0,0,0,0,0,0,0,0,0,0,0,0,0,0,0,0,0,0,0,0,0
STAT,(NULL),Iterations,159,31,5,0,0,0,0,0,0,0,0,0,0,0,0,0,0,0,0,0,0,0,2,0,0,1,0,1,0,0,0,0,0,0,0,1,0,0,0,0,0,1,0,0,1,0,0,3,0,0,0,0,0,0,0,0,0,0,0,0,1,0,0,0,0,0,0,0,0,0,0,0,0,0,0,0,0,0,0,0,0,0,0,0,0,0,0,0,0,0,0,0,0,2,0,0,0,0,0,0,0,0,0,1,0,0,0,3,0,0,0,0,0,0,0,0,0,0,0,0,0,0,0,0,0,0,0,0,0,0,0,0,0,0,0,0,0,0,0,1,0,0,0,0,0,0,2,0,0,0,0,0,2,0,0,0,4,0,0,0,0
STAT,(NULL),MeminfoPost,159,756600,4764,4759,4772,4770,4760,4764,4738,4764,4772,4790,4805,4766,4751,4754,4751,4764,4776,4767,4770,4759,4744,4748,4769,4771,4752,4742,4759,4755,4764,4770,4775,4750,4758,4748,4764,4780,4816,4785,4749,4755,4745,4762,4768,4776,4765,4767,4750,4753,4749,4770,4768,4746,4748,4754,4773,4754,4766,4793,4749,4762,4770,4751,4769,4745,4750,4748,4762,4733,4757,4767,4765,4751,4754,4751,4740,4746,4750,4742,4787,4784,4752,4747,4746,4778,4741,4735,4738,4763,4763,4772,4771,4757,4753,4745,4758,4750,4751,4741,4734,4752,4735,4765,4738,4771,4789,4783,4782,4742,4747,4768,4739,4735,4760,4765,4771,4759,4749,4757,4749,4751,4738,4744,4741,4761,4741,4782,4786,4792,4765,4746,4745,4744,4757,4788,4789,4770,4788,4759,4743,4765,4750,4748,4752,4735,4747,4746,4778,4729,4732,4758,4728,4763,4740,4748,4759,4760,4759,4750,4762
STAT,(NULL),MeminfoPre,159,189129,1195,1190,1203,1201,1191,1195,1169,1195,1203,1221,1236,1197,1182,1185,1182,1195,1207,1198,1201,1190,1175,1179,1200,1202,1183,1173,1190,1186,1195,1201,1206,1181,1189,1179,1195,1211,1247,1216,1180,1186,1176,1193,1199,1207,1196,1198,1181,1184,1180,1201,1199,1177,1179,1185,1204,1185,1197,1224,1180,1193,1201,1182,1200,1176,1181,1179,1193,1164,1188,1198,1196,1182,1185,1182,1171,1177,1181,1173,1218,1215,1183,1178,1177,1209,1172,1166,1169,1194,1194,1203,1202,1188,1184,1176,1189,1181,1182,1172,1165,1183,1166,1196,1169,1202,1220,1214,1213,1173,1178,1199,1170,1166,1191,1196,1202,1190,1180,1188,1180,1182,1169,1175,1172,1192,1172,1213,1217,1223,1196,1177,1176,1175,1188,1219,1220,1201,1219,1190,1174,1196,1181,1179,1183,1166,1178,1177,1209,1160,1163,1189,1159,1194,1171,1179,1190,1191,1190,1181,1193
STAT,(NULL),Partition,159,369,369,0,0,0,0,0,0,0,0,0,0,0,0,0,0,0,0,0,0,0,0,0,0,0,0,0,0,0,0,0,0,0,0,0,0,0,0,0,0,0,0,0,0,0,0,0,0,0,0,0,0,0,0,0,0,0,0,0,0,0,0,0,0,0,0,0,0,0,0,0,0,0,0,0,0,0,0,0,0,0,0,0,0,0,0,0,0,0,0,0,0,0,0,0,0,0,0,0,0,0,0,0,0,0,0,0,0,0,0,0,0,0,0,0,0,0,0,0,0,0,0,0,0,0,0,0,0,0,0,0,0,0,0,0,0,0,0,0,0,0,0,0,0,0,0,0,0,0,0,0,0,0,0,0,0,0,0,0,0
STAT,(NULL),Refine,159,1952,1952,0,0,0,0,0,0,0,0,0,0,0,0,0,0,0,0,0,0,0,0,0,0,0,0,0,0,0,0,0,0,0,0,0,0,0,0,0,0,0,0,0,0,0,0,0,0,0,0,0,0,0,0,0,0,0,0,0,0,0,0,0,0,0,0,0,0,0,0,0,0,0,0,0,0,0,0,0,0,0,0,0,0,0,0,0,0,0,0,0,0,0,0,0,0,0,0,0,0,0,0,0,0,0,0,0,0,0,0,0,0,0,0,0,0,0,0,0,0,0,0,0,0,0,0,0,0,0,0,0,0,0,0,0,0,0,0,0,0,0,0,0,0,0,0,0,0,0,0,0,0,0,0,0,0,0,0,0,0
STAT,(NULL),Threads,159,159,159,0,0,0,0,0,0,0,0,0,0,0,0,0,0,0,0,0,0,0,0,0,0,0,0,0,0,0,0,0,0,0,0,0,0,0,0,0,0,0,0,0,0,0,0,0,0,0,0,0,0,0,0,0,0,0,0,0,0,0,0,0,0,0,0,0,0,0,0,0,0,0,0,0,0,0,0,0,0,0,0,0,0,0,0,0,0,0,0,0,0,0,0,0,0,0,0,0,0,0,0,0,0,0,0,0,0,0,0,0,0,0,0,0,0,0,0,0,0,0,0,0,0,0,0,0,0,0,0,0,0,0,0,0,0,0,0,0,0,0,0,0,0,0,0,0,0,0,0,0,0,0,0,0,0,0,0,0,0
STAT,(NULL),Time,159,5662,5662,0,0,0,0,0,0,0,0,0,0,0,0,0,0,0,0,0,0,0,0,0,0,0,0,0,0,0,0,0,0,0,0,0,0,0,0,0,0,0,0,0,0,0,0,0,0,0,0,0,0,0,0,0,0,0,0,0,0,0,0,0,0,0,0,0,0,0,0,0,0,0,0,0,0,0,0,0,0,0,0,0,0,0,0,0,0,0,0,0,0,0,0,0,0,0,0,0,0,0,0,0,0,0,0,0,0,0,0,0,0,0,0,0,0,0,0,0,0,0,0,0,0,0,0,0,0,0,0,0,0,0,0,0,0,0,0,0,0,0,0,0,0,0,0,0,0,0,0,0,0,0,0,0,0,0,0,0,0
STAT,match,Conflicts,159,6469,68,68,68,56,68,58,57,60,60,64,51,61,61,57,56,51,55,52,42,45,53,68,52,46,56,43,52,53,48,48,52,42,42,36,47,53,37,48,45,43,58,59,42,40,51,45,36,45,46,47,41,42,47,47,48,48,41,42,42,51,45,35,26,28,27,27,29,38,33,36,37,35,30,40,33,33,33,31,39,31,36,38,48,38,38,24,38,39,35,37,33,32,36,36,37,37,37,35,43,35,44,31,38,27,38,37,39,28,39,34,37,34,33,35,34,36,28,27,29,37,36,41,37,36,34,29,35,35,35,28,32,30,34,27,43,32,34,33,36,37,27,35,44,33,48,41,28,32,38,36,40,32,40,37,31,31,27,32,30
STAT,match,Iterations,159,15030335,76024,47988,72965,76723,59037,72816,77723,65217,65769,69394,75329,69830,72320,83358,84918,86690,78327,69368,90379,94039,89666,78450,86626,88427,86502,84371,85655,90257,75573,72608,76496,90125,88239,85766,76318,77713,83414,89930,103776,109802,100947,75885,101782,98772,86615,99028,97518,88608,95495,119101,98504,96763,80607,102178,101680,118346,105152,90784,101338,108771,83429,104920,104901,107105,97438,97833,109386,99935,100153,80886,92360,108921,83435,89393,89876,99537,97312,95189,85450,93691,92783,108594,91766,108797,86323,103577,99586,81058,98060,100066,83428,94790,92206,83474,81475,104481,91303,92466,94189,121100,117108,109773,117898,114646,108630,106259,119788,121856,107475,106999,107480,119818,136003,115398,92414,125114,109286,117786,121956,128904,112034,107038,93550,78681,107071,117325,101566,89325,78674,112165,89187,105506,98935,87349,95717,79210,93207,85580,101478,87956,106403,100050,76034,86871,88579,88512,83186,96281,88768,100138,97805,104167,91080,80771,98883,107437,106054,98963,97734
STAT,popedge,Conflicts,159,0,0,0,0,0,0,0,0,0,0,0,0,0,0,0,0,0,0,0,0,0,0,0,0,0,0,0,0,0,0,0,0,0,0,0,0,0,0,0,0,0,0,0,0,0,0,0,0,0,0,0,0,0,0,0,0,0,0,0,0,0,0,0,0,0,0,0,0,0,0,0,0,0,0,0,0,0,0,0,0,0,0,0,0,0,0,0,0,0,0,0,0,0,0,0,0,0,0,0,0,0,0,0,0,0,0,0,0,0,0,0,0,0,0,0,0,0,0,0,0,0,0,0,0,0,0,0,0,0,0,0,0,0,0,0,0,0,0,0,0,0,0,0,0,0,0,0,0,0,0,0,0,0,0,0,0,0,0,0,0
STAT,popedge,Iterations,159,7364926,43444,43254,44605,41659,43129,44331,42717,45834,43286,43407,42905,42706,44840,44344,44782,44327,43358,44172,43969,44553,44543,45391,44818,44536,44371,46721,45320,45302,44190,43961,41170,43975,44246,43872,44547,44417,43032,52538,52973,52340,51151,53684,50048,48985,49417,52858,50047,53184,49060,49841,52900,51782,50885,49346,48561,47803,48435,47745,50779,47511,47984,40669,40445,42278,44270,40998,41445,42663,41745,42144,41159,41374,42153,43705,43846,43175,44627,41534,41934,44200,44399,43311,46463,43043,46631,43568,48146,48562,45557,45562,44176,41706,43826,46695,47970,46321,44500,43957,52589,52480,52634,51994,50057,51844,52144,52650,52889,51529,53258,52695,51645,49860,50576,53013,52025,53067,50301,52059,55620,51921,51118,53205,44088,41690,43844,41515,42396,41773,41654,41404,43007,42629,41418,43654,44290,46984,47140,45830,45251,43226,44219,45163,47947,48048,46850,49210,45952,49652,47528,44814,43573,43738,42009,46794,47324,44716,46158,44463,45154
STAT,refine,Conflicts,159,5273,118,126,121,103,102,110,95,100,88,79,89,72,76,75,80,61,47,74,55,52,51,67,56,66,51,52,52,65,71,56,50,28,31,35,60,45,35,35,33,40,38,37,32,39,23,35,32,39,45,36,36,34,41,25,43,41,35,37,27,37,26,17,21,24,8,25,22,22,12,17,18,15,14,17,14,19,16,13,22,17,21,17,24,13,8,9,16,19,26,28,13,23,14,15,14,29,18,22,21,27,27,23,25,17,26,19,22,23,22,29,23,25,21,23,17,31,32,20,29,22,26,25,21,15,18,11,12,12,22,15,20,14,11,19,18,14,18,18,14,12,23,9,17,18,11,21,13,7,15,14,20,23,19,15,14,13,27,24,9
STAT,refine,Iterations,159,38104,380,411,536,353,383,359,294,367,376,328,444,261,276,285,255,192,242,254,213,175,276,229,208,223,164,265,281,234,305,267,260,220,238,203,304,282,234,403,318,236,215,215,181,273,193,222,249,292,221,241,233,261,288,304,420,314,310,402,271,262,200,220,197,295,168,276,226,229,136,197,255,261,151,150,190,212,200,165,162,200,187,225,193,237,105,119,175,129,257,286,206,206,205,249,130,223,181,262,352,284,277,243,220,139,203,252,341,205,327,289,211,220,312,350,345,449,353,357,302,259,290,289,229,185,269,179,176,161,172,195,159,165,211,155,139,183,172,257,126,139,192,192,168,150,181,167,80,149,96,170,226,218,188,135,181,211,283,257,153
