Hello from MIC
Galois Benchmark Suite v2.2.0 (r0)
Copyright (C) 2013 The University of Texas at Austin
http://iss.ices.utexas.edu/galois/

application: GMetis
Partitions a graph into K parts and minimizing the graph cut
http://iss.ices.utexas.edu/?p=projects/galois/benchmarks/gMetis

INFO: CommandLine /work/02556/dpereira/MIC/apps/gmetis/gmetis -t=140 /work/02556/dpereira/Inputs/USA-road-d.W.gr 16
INFO: Hostname c558-001-mic0.stampede.tacc.utexas.edu
Created Graph with 6262104 nodes and 15248146 edges
Nodes 6262104| Edges 15248146 7624073

  Starting coarsening: 
Time coarsen:  2877 Size of final graph: 434

  Sarting initial partitioning using GGGP:
Size in decade percentages:  -1,1 -0,15
Time clustering:  369

  Sarting refinnement with BKL2
Initial dist
Size in decade percentages:  -1,1 -0,15
Refined dist
Size in decade percentages:  -1,5 0,7 1,4
Time refinement:  1669


Time:  5093
Total edge cut : 2096

Part saved in : 0x7fff03fcc860
STATTYPE,LOOP,CATEGORY,n,sum,T0,T1,T2,T3,T4,T5,T6,T7,T8,T9,T10,T11,T12,T13,T14,T15,T16,T17,T18,T19,T20,T21,T22,T23,T24,T25,T26,T27,T28,T29,T30,T31,T32,T33,T34,T35,T36,T37,T38,T39,T40,T41,T42,T43,T44,T45,T46,T47,T48,T49,T50,T51,T52,T53,T54,T55,T56,T57,T58,T59,T60,T61,T62,T63,T64,T65,T66,T67,T68,T69,T70,T71,T72,T73,T74,T75,T76,T77,T78,T79,T80,T81,T82,T83,T84,T85,T86,T87,T88,T89,T90,T91,T92,T93,T94,T95,T96,T97,T98,T99,T100,T101,T102,T103,T104,T105,T106,T107,T108,T109,T110,T111,T112,T113,T114,T115,T116,T117,T118,T119,T120,T121,T122,T123,T124,T125,T126,T127,T128,T129,T130,T131,T132,T133,T134,T135,T136,T137,T138,T139
STAT,(NULL),Coarsen,140,2877,2877,0,0,0,0,0,0,0,0,0,0,0,0,0,0,0,0,0,0,0,0,0,0,0,0,0,0,0,0,0,0,0,0,0,0,0,0,0,0,0,0,0,0,0,0,0,0,0,0,0,0,0,0,0,0,0,0,0,0,0,0,0,0,0,0,0,0,0,0,0,0,0,0,0,0,0,0,0,0,0,0,0,0,0,0,0,0,0,0,0,0,0,0,0,0,0,0,0,0,0,0,0,0,0,0,0,0,0,0,0,0,0,0,0,0,0,0,0,0,0,0,0,0,0,0,0,0,0,0,0,0,0,0,0,0,0,0,0,0,0
STAT,(NULL),Conflicts,140,0,0,0,0,0,0,0,0,0,0,0,0,0,0,0,0,0,0,0,0,0,0,0,0,0,0,0,0,0,0,0,0,0,0,0,0,0,0,0,0,0,0,0,0,0,0,0,0,0,0,0,0,0,0,0,0,0,0,0,0,0,0,0,0,0,0,0,0,0,0,0,0,0,0,0,0,0,0,0,0,0,0,0,0,0,0,0,0,0,0,0,0,0,0,0,0,0,0,0,0,0,0,0,0,0,0,0,0,0,0,0,0,0,0,0,0,0,0,0,0,0,0,0,0,0,0,0,0,0,0,0,0,0,0,0,0,0,0,0,0,0
STAT,(NULL),Iterations,140,31,5,0,0,0,0,1,3,0,0,0,0,0,0,0,0,1,0,0,0,0,0,0,0,0,0,0,0,0,0,0,0,0,0,0,0,0,1,2,1,0,3,0,0,0,0,0,0,0,0,0,0,1,0,0,0,0,0,0,0,0,0,0,0,0,0,0,0,0,0,0,0,1,0,0,0,0,0,0,0,0,0,2,0,0,4,0,0,0,0,1,0,2,0,0,0,0,0,2,0,0,0,0,0,0,0,0,0,0,0,0,0,0,0,0,0,0,0,0,0,0,0,0,0,0,0,0,0,0,0,0,0,1,0,0,0,0,0,0,0,0
STAT,(NULL),MeminfoPost,140,756522,5410,5401,5420,5414,5399,5403,5404,5417,5446,5448,5393,5396,5400,5407,5425,5405,5418,5395,5392,5406,5423,5394,5387,5403,5394,5426,5420,5400,5406,5393,5412,5425,5476,5409,5393,5395,5400,5422,5427,5403,5411,5383,5400,5411,5411,5392,5395,5411,5409,5402,5443,5391,5414,5411,5400,5401,5394,5391,5406,5377,5403,5417,5405,5398,5391,5388,5385,5397,5399,5438,5415,5386,5393,5420,5386,5373,5394,5408,5414,5422,5401,5398,5401,5387,5398,5383,5382,5393,5388,5402,5382,5430,5442,5428,5394,5391,5412,5376,5390,5406,5421,5406,5394,5402,5391,5392,5379,5386,5404,5382,5436,5432,5438,5397,5394,5380,5401,5434,5433,5427,5426,5386,5412,5387,5398,5396,5375,5389,5390,5412,5376,5400,5371,5404,5383,5399,5407,5404,5400,5402
STAT,(NULL),MeminfoPre,140,189102,1357,1348,1367,1361,1346,1350,1351,1364,1393,1395,1340,1343,1347,1354,1372,1352,1365,1342,1339,1353,1370,1341,1334,1350,1341,1373,1367,1347,1353,1340,1359,1372,1423,1356,1340,1342,1347,1369,1374,1350,1358,1330,1347,1358,1358,1339,1342,1358,1356,1349,1390,1338,1361,1358,1347,1348,1341,1338,1353,1324,1350,1364,1352,1345,1338,1335,1332,1344,1346,1385,1362,1333,1340,1367,1333,1320,1341,1355,1361,1369,1348,1345,1348,1334,1345,1330,1329,1340,1335,1349,1329,1377,1389,1375,1341,1338,1359,1323,1337,1353,1368,1353,1341,1349,1338,1339,1326,1333,1351,1329,1383,1379,1385,1344,1341,1327,1348,1381,1380,1374,1373,1333,1359,1334,1345,1343,1322,1336,1337,1359,1323,1347,1318,1351,1330,1346,1354,1351,1347,1349
STAT,(NULL),Partition,140,369,369,0,0,0,0,0,0,0,0,0,0,0,0,0,0,0,0,0,0,0,0,0,0,0,0,0,0,0,0,0,0,0,0,0,0,0,0,0,0,0,0,0,0,0,0,0,0,0,0,0,0,0,0,0,0,0,0,0,0,0,0,0,0,0,0,0,0,0,0,0,0,0,0,0,0,0,0,0,0,0,0,0,0,0,0,0,0,0,0,0,0,0,0,0,0,0,0,0,0,0,0,0,0,0,0,0,0,0,0,0,0,0,0,0,0,0,0,0,0,0,0,0,0,0,0,0,0,0,0,0,0,0,0,0,0,0,0,0,0,0
STAT,(NULL),Refine,140,1669,1669,0,0,0,0,0,0,0,0,0,0,0,0,0,0,0,0,0,0,0,0,0,0,0,0,0,0,0,0,0,0,0,0,0,0,0,0,0,0,0,0,0,0,0,0,0,0,0,0,0,0,0,0,0,0,0,0,0,0,0,0,0,0,0,0,0,0,0,0,0,0,0,0,0,0,0,0,0,0,0,0,0,0,0,0,0,0,0,0,0,0,0,0,0,0,0,0,0,0,0,0,0,0,0,0,0,0,0,0,0,0,0,0,0,0,0,0,0,0,0,0,0,0,0,0,0,0,0,0,0,0,0,0,0,0,0,0,0,0,0
STAT,(NULL),Threads,140,140,140,0,0,0,0,0,0,0,0,0,0,0,0,0,0,0,0,0,0,0,0,0,0,0,0,0,0,0,0,0,0,0,0,0,0,0,0,0,0,0,0,0,0,0,0,0,0,0,0,0,0,0,0,0,0,0,0,0,0,0,0,0,0,0,0,0,0,0,0,0,0,0,0,0,0,0,0,0,0,0,0,0,0,0,0,0,0,0,0,0,0,0,0,0,0,0,0,0,0,0,0,0,0,0,0,0,0,0,0,0,0,0,0,0,0,0,0,0,0,0,0,0,0,0,0,0,0,0,0,0,0,0,0,0,0,0,0,0,0,0
STAT,(NULL),Time,140,5093,5093,0,0,0,0,0,0,0,0,0,0,0,0,0,0,0,0,0,0,0,0,0,0,0,0,0,0,0,0,0,0,0,0,0,0,0,0,0,0,0,0,0,0,0,0,0,0,0,0,0,0,0,0,0,0,0,0,0,0,0,0,0,0,0,0,0,0,0,0,0,0,0,0,0,0,0,0,0,0,0,0,0,0,0,0,0,0,0,0,0,0,0,0,0,0,0,0,0,0,0,0,0,0,0,0,0,0,0,0,0,0,0,0,0,0,0,0,0,0,0,0,0,0,0,0,0,0,0,0,0,0,0,0,0,0,0,0,0,0,0
STAT,match,Conflicts,140,6427,68,75,70,64,54,73,69,60,67,61,64,63,71,66,74,59,55,68,59,59,52,63,56,55,52,60,57,60,56,57,49,51,51,49,51,47,45,51,46,51,44,59,48,44,53,51,47,42,50,48,51,41,55,52,50,40,46,55,47,40,57,28,38,40,36,42,42,41,33,39,32,37,45,38,40,46,38,32,34,43,35,34,39,48,38,39,36,43,33,45,41,36,36,42,44,40,33,41,36,42,44,36,43,37,37,41,38,33,26,41,40,40,32,38,36,40,47,39,35,45,33,36,38,38,40,30,36,38,42,38,30,39,44,53,48,34,46,32,39,42
STAT,match,Iterations,140,15018706,75185,85368,65472,81746,93058,61945,97929,95776,95819,88404,84130,89338,80467,105473,73523,83784,94868,79019,122953,102832,104014,105220,97026,104906,91615,108582,102658,97376,98532,108002,102737,98637,102925,109714,112207,97140,127909,94443,90779,108144,100027,103204,116158,108481,105274,104974,113827,87912,96462,104144,96068,113275,95613,93144,108687,105729,109669,98186,96299,123734,110590,104846,106266,93754,106218,95806,101955,96854,100254,111038,110472,111237,103770,131478,95939,89049,124738,116053,111496,121901,108514,127890,128595,126492,118367,119064,121618,110708,123959,114017,117634,130830,121376,105323,115770,119627,125326,108746,124887,99551,120116,132304,143004,108233,112263,119761,121839,121374,130178,127838,119400,113091,130562,98562,107668,118414,111331,108606,128193,116691,127682,130929,100313,115333,99541,107853,112406,101385,109655,119371,118632,102472,112798,111866,129369,112658,102704,96282,108916,96583
STAT,popedge,Conflicts,140,0,0,0,0,0,0,0,0,0,0,0,0,0,0,0,0,0,0,0,0,0,0,0,0,0,0,0,0,0,0,0,0,0,0,0,0,0,0,0,0,0,0,0,0,0,0,0,0,0,0,0,0,0,0,0,0,0,0,0,0,0,0,0,0,0,0,0,0,0,0,0,0,0,0,0,0,0,0,0,0,0,0,0,0,0,0,0,0,0,0,0,0,0,0,0,0,0,0,0,0,0,0,0,0,0,0,0,0,0,0,0,0,0,0,0,0,0,0,0,0,0,0,0,0,0,0,0,0,0,0,0,0,0,0,0,0,0,0,0,0,0
STAT,popedge,Iterations,140,7359249,46406,47786,48190,47616,48716,52142,48432,49692,47857,48528,49823,49050,50631,49029,49086,49177,47793,51299,55136,56347,55842,57816,57910,58819,55929,55411,55440,56135,57755,56961,55187,54631,54408,52741,55066,54560,55232,54496,54501,57129,53560,55053,54097,55416,53801,57265,57203,52840,53124,52410,49404,52245,51539,51792,52127,50415,56311,55196,51569,56738,56996,44057,45471,45864,46214,48202,47889,46892,48453,45970,46617,50591,49461,50033,50621,48587,48024,48678,48472,56513,57498,54613,57405,54866,59064,55370,54298,55948,56541,53950,57160,57470,55268,57747,52547,55031,55693,55932,53028,54780,52644,54976,54614,54174,58204,52609,56897,53361,51921,54396,54081,52528,53589,54320,53796,52849,52860,58129,60639,52342,58437,60973,48151,48687,48426,47092,47143,47511,46558,48301,51348,48224,50519,49022,50126,51342,50157,48249,50447,50983
STAT,refine,Conflicts,140,5217,133,134,111,134,99,97,117,100,86,76,74,87,84,75,83,71,66,63,70,51,55,55,62,70,64,58,59,60,58,51,53,44,34,39,27,45,33,45,32,37,38,27,41,25,35,49,35,36,40,41,45,31,36,32,36,44,42,40,25,29,40,19,28,10,18,28,15,23,20,24,18,14,20,21,15,16,29,18,18,31,18,20,22,22,22,15,28,15,27,17,24,31,25,20,14,12,26,15,22,18,22,22,23,18,15,21,20,21,25,27,24,29,25,24,19,16,29,28,28,18,22,15,28,26,24,20,17,17,19,18,12,22,13,25,18,14,25,23,23,25
STAT,refine,Iterations,140,43323,410,473,380,429,401,246,345,425,370,338,324,412,356,338,477,279,308,370,507,325,253,332,329,512,308,562,294,419,280,363,306,351,344,235,226,399,302,400,398,300,248,298,223,170,193,398,268,282,256,329,364,262,293,142,323,225,368,369,226,269,452,311,232,203,203,228,186,223,299,315,237,283,271,220,229,223,319,335,450,582,231,224,363,280,380,193,536,256,345,235,301,431,528,359,204,270,316,283,315,410,377,326,321,280,284,206,371,246,304,353,338,371,403,198,188,215,274,406,516,256,286,411,221,227,220,193,190,149,148,192,190,271,288,200,204,176,372,222,296,441
