Hello from MIC
Galois Benchmark Suite v2.2.0 (r0)
Copyright (C) 2013 The University of Texas at Austin
http://iss.ices.utexas.edu/galois/

application: GMetis
Partitions a graph into K parts and minimizing the graph cut
http://iss.ices.utexas.edu/?p=projects/galois/benchmarks/gMetis

INFO: CommandLine /work/02556/dpereira/MIC/apps/gmetis/gmetis -t=178 /work/02556/dpereira/Inputs/USA-road-d.W.gr 16
INFO: Hostname c558-002-mic0.stampede.tacc.utexas.edu
Created Graph with 6262104 nodes and 15248146 edges
Nodes 6262104| Edges 15248146 7624073

  Starting coarsening: 
Time coarsen:  3509 Size of final graph: 435

  Sarting initial partitioning using GGGP:
Size in decade percentages:  -1,1 -0,15
Time clustering:  367

  Sarting refinnement with BKL2
Initial dist
Size in decade percentages:  -1,1 -0,15
Refined dist
Size in decade percentages:  -1,6 0,5 1,5
Time refinement:  2212


Time:  6265
Total edge cut : 1761

Part saved in : 0x7fff6bba1160
STATTYPE,LOOP,CATEGORY,n,sum,T0,T1,T2,T3,T4,T5,T6,T7,T8,T9,T10,T11,T12,T13,T14,T15,T16,T17,T18,T19,T20,T21,T22,T23,T24,T25,T26,T27,T28,T29,T30,T31,T32,T33,T34,T35,T36,T37,T38,T39,T40,T41,T42,T43,T44,T45,T46,T47,T48,T49,T50,T51,T52,T53,T54,T55,T56,T57,T58,T59,T60,T61,T62,T63,T64,T65,T66,T67,T68,T69,T70,T71,T72,T73,T74,T75,T76,T77,T78,T79,T80,T81,T82,T83,T84,T85,T86,T87,T88,T89,T90,T91,T92,T93,T94,T95,T96,T97,T98,T99,T100,T101,T102,T103,T104,T105,T106,T107,T108,T109,T110,T111,T112,T113,T114,T115,T116,T117,T118,T119,T120,T121,T122,T123,T124,T125,T126,T127,T128,T129,T130,T131,T132,T133,T134,T135,T136,T137,T138,T139,T140,T141,T142,T143,T144,T145,T146,T147,T148,T149,T150,T151,T152,T153,T154,T155,T156,T157,T158,T159,T160,T161,T162,T163,T164,T165,T166,T167,T168,T169,T170,T171,T172,T173,T174,T175,T176,T177
STAT,(NULL),Coarsen,178,3509,3509,0,0,0,0,0,0,0,0,0,0,0,0,0,0,0,0,0,0,0,0,0,0,0,0,0,0,0,0,0,0,0,0,0,0,0,0,0,0,0,0,0,0,0,0,0,0,0,0,0,0,0,0,0,0,0,0,0,0,0,0,0,0,0,0,0,0,0,0,0,0,0,0,0,0,0,0,0,0,0,0,0,0,0,0,0,0,0,0,0,0,0,0,0,0,0,0,0,0,0,0,0,0,0,0,0,0,0,0,0,0,0,0,0,0,0,0,0,0,0,0,0,0,0,0,0,0,0,0,0,0,0,0,0,0,0,0,0,0,0,0,0,0,0,0,0,0,0,0,0,0,0,0,0,0,0,0,0,0,0,0,0,0,0,0,0,0,0,0,0,0,0,0,0,0,0,0,0
STAT,(NULL),Conflicts,178,0,0,0,0,0,0,0,0,0,0,0,0,0,0,0,0,0,0,0,0,0,0,0,0,0,0,0,0,0,0,0,0,0,0,0,0,0,0,0,0,0,0,0,0,0,0,0,0,0,0,0,0,0,0,0,0,0,0,0,0,0,0,0,0,0,0,0,0,0,0,0,0,0,0,0,0,0,0,0,0,0,0,0,0,0,0,0,0,0,0,0,0,0,0,0,0,0,0,0,0,0,0,0,0,0,0,0,0,0,0,0,0,0,0,0,0,0,0,0,0,0,0,0,0,0,0,0,0,0,0,0,0,0,0,0,0,0,0,0,0,0,0,0,0,0,0,0,0,0,0,0,0,0,0,0,0,0,0,0,0,0,0,0,0,0,0,0,0,0,0,0,0,0,0,0,0,0,0,0
STAT,(NULL),Iterations,178,31,5,0,0,0,0,0,0,0,0,0,0,0,0,0,3,0,0,0,0,0,0,1,0,0,0,3,0,0,0,0,0,0,2,0,0,1,1,0,0,0,0,0,0,0,2,0,0,0,0,0,0,0,0,0,0,0,0,0,0,0,0,4,0,0,0,1,0,0,0,0,0,0,0,0,1,1,0,0,0,0,0,0,0,0,0,0,0,0,0,0,0,0,0,0,0,0,0,0,0,0,0,0,0,0,0,0,0,0,0,0,0,0,0,0,0,0,0,2,0,0,0,0,0,0,0,0,0,1,0,0,0,0,0,0,0,0,0,0,0,0,0,0,0,0,0,0,0,0,0,0,0,0,0,0,0,1,0,0,0,0,0,0,0,0,0,0,0,0,0,0,2,0,0,0,0,0,0,0
STAT,(NULL),MeminfoPost,178,756563,4254,4242,4265,4261,4260,4247,4252,4238,4252,4268,4271,4309,4264,4235,4246,4243,4256,4250,4266,4258,4258,4260,4235,4244,4242,4263,4266,4239,4235,4246,4253,4249,4260,4261,4258,4241,4255,4240,4258,4267,4279,4304,4259,4235,4243,4242,4256,4262,4265,4258,4256,4258,4234,4241,4246,4264,4262,4237,4239,4246,4259,4251,4247,4261,4283,4241,4253,4262,4248,4251,4251,4244,4240,4246,4249,4227,4246,4256,4263,4247,4240,4246,4245,4231,4239,4246,4235,4261,4279,4261,4237,4242,4241,4272,4234,4230,4228,4248,4255,4255,4265,4264,4245,4246,4240,4251,4239,4244,4240,4235,4229,4245,4229,4259,4235,4245,4272,4283,4274,4257,4238,4240,4263,4234,4226,4246,4250,4259,4264,4247,4241,4253,4238,4247,4231,4236,4240,4251,4233,4238,4271,4279,4281,4261,4246,4240,4234,4241,4249,4281,4277,4260,4277,4263,4234,4245,4254,4245,4242,4248,4227,4235,4236,4240,4267,4228,4225,4251,4226,4259,4228,4241,4246,4254,4250,4255,4238,4254
STAT,(NULL),MeminfoPre,178,189099,1066,1054,1077,1073,1072,1059,1064,1050,1064,1080,1083,1121,1076,1047,1058,1055,1068,1062,1078,1070,1070,1072,1047,1056,1054,1075,1078,1051,1047,1058,1065,1061,1072,1073,1070,1053,1067,1052,1070,1079,1091,1116,1071,1047,1055,1054,1068,1074,1077,1070,1068,1070,1046,1053,1058,1076,1074,1049,1051,1058,1071,1063,1059,1073,1095,1053,1065,1074,1060,1063,1063,1056,1052,1058,1061,1039,1058,1068,1075,1059,1052,1058,1057,1043,1051,1058,1047,1073,1091,1073,1049,1054,1053,1084,1046,1042,1040,1060,1067,1067,1077,1076,1057,1058,1052,1063,1051,1056,1052,1047,1041,1057,1041,1071,1047,1057,1084,1095,1086,1069,1050,1052,1075,1046,1038,1058,1062,1071,1076,1059,1053,1065,1050,1059,1043,1048,1052,1063,1045,1050,1083,1091,1093,1073,1058,1052,1046,1053,1061,1093,1089,1072,1089,1075,1046,1057,1066,1057,1054,1060,1039,1047,1048,1052,1079,1040,1037,1063,1038,1071,1040,1053,1058,1066,1062,1067,1050,1066
STAT,(NULL),Partition,178,367,367,0,0,0,0,0,0,0,0,0,0,0,0,0,0,0,0,0,0,0,0,0,0,0,0,0,0,0,0,0,0,0,0,0,0,0,0,0,0,0,0,0,0,0,0,0,0,0,0,0,0,0,0,0,0,0,0,0,0,0,0,0,0,0,0,0,0,0,0,0,0,0,0,0,0,0,0,0,0,0,0,0,0,0,0,0,0,0,0,0,0,0,0,0,0,0,0,0,0,0,0,0,0,0,0,0,0,0,0,0,0,0,0,0,0,0,0,0,0,0,0,0,0,0,0,0,0,0,0,0,0,0,0,0,0,0,0,0,0,0,0,0,0,0,0,0,0,0,0,0,0,0,0,0,0,0,0,0,0,0,0,0,0,0,0,0,0,0,0,0,0,0,0,0,0,0,0,0
STAT,(NULL),Refine,178,2212,2212,0,0,0,0,0,0,0,0,0,0,0,0,0,0,0,0,0,0,0,0,0,0,0,0,0,0,0,0,0,0,0,0,0,0,0,0,0,0,0,0,0,0,0,0,0,0,0,0,0,0,0,0,0,0,0,0,0,0,0,0,0,0,0,0,0,0,0,0,0,0,0,0,0,0,0,0,0,0,0,0,0,0,0,0,0,0,0,0,0,0,0,0,0,0,0,0,0,0,0,0,0,0,0,0,0,0,0,0,0,0,0,0,0,0,0,0,0,0,0,0,0,0,0,0,0,0,0,0,0,0,0,0,0,0,0,0,0,0,0,0,0,0,0,0,0,0,0,0,0,0,0,0,0,0,0,0,0,0,0,0,0,0,0,0,0,0,0,0,0,0,0,0,0,0,0,0,0
STAT,(NULL),Threads,178,178,178,0,0,0,0,0,0,0,0,0,0,0,0,0,0,0,0,0,0,0,0,0,0,0,0,0,0,0,0,0,0,0,0,0,0,0,0,0,0,0,0,0,0,0,0,0,0,0,0,0,0,0,0,0,0,0,0,0,0,0,0,0,0,0,0,0,0,0,0,0,0,0,0,0,0,0,0,0,0,0,0,0,0,0,0,0,0,0,0,0,0,0,0,0,0,0,0,0,0,0,0,0,0,0,0,0,0,0,0,0,0,0,0,0,0,0,0,0,0,0,0,0,0,0,0,0,0,0,0,0,0,0,0,0,0,0,0,0,0,0,0,0,0,0,0,0,0,0,0,0,0,0,0,0,0,0,0,0,0,0,0,0,0,0,0,0,0,0,0,0,0,0,0,0,0,0,0,0
STAT,(NULL),Time,178,6265,6265,0,0,0,0,0,0,0,0,0,0,0,0,0,0,0,0,0,0,0,0,0,0,0,0,0,0,0,0,0,0,0,0,0,0,0,0,0,0,0,0,0,0,0,0,0,0,0,0,0,0,0,0,0,0,0,0,0,0,0,0,0,0,0,0,0,0,0,0,0,0,0,0,0,0,0,0,0,0,0,0,0,0,0,0,0,0,0,0,0,0,0,0,0,0,0,0,0,0,0,0,0,0,0,0,0,0,0,0,0,0,0,0,0,0,0,0,0,0,0,0,0,0,0,0,0,0,0,0,0,0,0,0,0,0,0,0,0,0,0,0,0,0,0,0,0,0,0,0,0,0,0,0,0,0,0,0,0,0,0,0,0,0,0,0,0,0,0,0,0,0,0,0,0,0,0,0,0
STAT,match,Conflicts,178,6397,61,50,65,48,67,51,50,51,45,41,49,45,53,52,47,49,46,49,49,41,46,46,49,46,48,49,58,51,49,46,51,49,35,31,46,44,51,42,37,38,43,45,48,49,37,41,45,42,46,34,44,43,44,50,41,48,45,40,44,38,39,28,32,21,30,40,32,30,23,31,24,31,25,28,29,31,37,26,31,35,27,25,36,31,19,28,28,30,25,31,32,33,35,28,29,36,30,29,28,27,26,29,26,38,41,33,29,38,30,34,32,33,33,37,30,29,31,39,24,34,31,32,33,27,27,28,33,26,23,32,22,31,32,26,31,33,27,33,34,31,31,26,29,26,33,28,36,31,28,36,30,30,36,31,35,30,35,24,35,29,31,30,25,27,27,31,31,32,33,31,28,28,41,34,28,31,36,38
STAT,match,Iterations,178,15014789,55233,60152,63977,65584,60561,52479,55951,79906,72130,65872,60052,71619,69886,58213,62822,70311,63644,57423,70316,79765,66889,69987,57515,68099,55986,75648,62027,53280,66293,62405,71356,69585,74142,87399,63672,91603,78921,82244,70012,79198,74969,61870,69403,74437,81649,83938,62242,78042,58522,64469,73740,72928,62351,85688,65054,79258,109263,84772,91520,111626,109128,75574,98283,94269,82030,93998,83548,87074,90776,79272,90660,89936,100696,86478,87620,88510,89395,106964,98839,83343,89650,95402,79187,105155,99064,88661,97885,96077,99832,97054,82923,90868,89293,78688,104083,83789,77578,122494,92332,73591,91480,76134,92164,89323,117192,87297,80793,67043,115416,91380,92497,108491,103553,91981,100982,100267,93160,117103,89400,101584,115266,125353,84725,98350,108363,74224,93307,101941,100907,74517,97205,76081,97112,94421,98903,74686,107840,82946,61235,82370,94654,101632,84477,95843,104613,96641,80573,88329,80304,93741,104396,97211,85773,89431,100722,69907,80609,89333,92061,90900,88324,80610,95852,96981,94493,64803,87748,96292,73401,66698,92450,89878,76726,78107,82623,96276,77229,90259
STAT,popedge,Conflicts,178,0,0,0,0,0,0,0,0,0,0,0,0,0,0,0,0,0,0,0,0,0,0,0,0,0,0,0,0,0,0,0,0,0,0,0,0,0,0,0,0,0,0,0,0,0,0,0,0,0,0,0,0,0,0,0,0,0,0,0,0,0,0,0,0,0,0,0,0,0,0,0,0,0,0,0,0,0,0,0,0,0,0,0,0,0,0,0,0,0,0,0,0,0,0,0,0,0,0,0,0,0,0,0,0,0,0,0,0,0,0,0,0,0,0,0,0,0,0,0,0,0,0,0,0,0,0,0,0,0,0,0,0,0,0,0,0,0,0,0,0,0,0,0,0,0,0,0,0,0,0,0,0,0,0,0,0,0,0,0,0,0,0,0,0,0,0,0,0,0,0,0,0,0,0,0,0,0,0,0
STAT,popedge,Iterations,178,7354317,39878,40502,39518,39616,42216,42721,38374,38032,40685,40981,41986,39937,38900,41354,40140,39933,39171,41622,37554,39398,43766,38953,42223,40409,41762,40202,41615,42605,42830,42416,41919,42116,40178,40861,41573,43182,40964,41217,41529,41771,42452,40976,40482,42061,41816,40013,42278,41177,40985,39059,40280,41224,42340,42834,40352,41325,49604,46330,46286,47583,47095,41531,38006,39380,37532,38774,38866,35006,36741,38040,38211,39933,41153,39089,38878,38433,41554,38924,40305,38508,38352,37722,39874,39465,39483,38699,38925,39854,39099,41157,41812,42524,41700,42894,42257,43960,45843,39731,41227,42258,41508,41065,42405,41505,39653,42730,42932,42780,39595,40269,41378,42958,41380,41038,42254,40233,39795,51645,48986,47257,50356,50644,41028,40489,39638,39587,38133,40321,39143,39322,39256,39062,39613,39206,40741,40954,39038,39953,40025,40778,40731,38005,40044,39858,41251,39317,40807,40679,42627,41367,42369,41827,41714,42588,41793,44146,42953,44135,43776,42180,42343,42279,40824,40448,40531,45540,43560,42117,43397,42640,43085,42122,44872,42532,43184,41484,44944,40734
STAT,refine,Conflicts,178,5757,122,114,115,109,100,111,103,108,74,76,95,76,69,90,83,78,50,64,55,64,71,60,55,65,64,59,65,64,64,57,60,48,28,39,35,35,44,34,42,37,47,49,39,30,30,39,48,29,40,27,43,34,32,50,42,40,38,40,38,30,27,15,19,11,13,17,22,18,26,20,10,12,11,19,20,19,19,19,19,19,19,20,8,18,18,26,20,19,8,18,11,23,22,18,10,28,23,15,24,16,12,24,38,14,18,24,16,21,19,19,12,23,17,15,22,22,16,25,25,27,18,24,18,16,26,19,15,19,18,24,16,10,24,19,11,16,24,23,11,16,19,16,21,15,24,21,29,17,17,17,22,15,19,20,10,22,5,15,28,16,28,23,18,26,19,10,19,17,21,14,21,19,19,14,22,22,25,10
STAT,refine,Iterations,178,38748,387,390,335,362,345,367,387,409,252,292,306,236,340,317,254,384,227,374,229,249,244,216,209,211,224,294,320,234,233,210,199,191,116,186,186,158,222,281,146,154,240,247,199,165,219,314,170,277,234,112,152,188,162,262,196,308,333,271,250,267,214,133,245,121,131,257,252,224,179,218,144,211,171,188,148,163,254,206,302,269,175,134,102,177,145,152,204,287,190,227,201,206,174,189,149,187,200,218,188,148,197,165,266,200,173,198,163,142,215,220,164,214,205,184,235,212,290,292,202,208,326,329,137,199,183,178,183,253,307,251,158,145,188,150,153,186,203,208,144,180,331,178,162,172,192,185,221,202,308,130,299,119,223,174,198,149,143,147,188,136,219,198,182,180,189,226,169,159,246,184,188,133,160,153,240,318,274,342
