Hello from MIC
Galois Benchmark Suite v2.2.0 (r0)
Copyright (C) 2013 The University of Texas at Austin
http://iss.ices.utexas.edu/galois/

application: GMetis
Partitions a graph into K parts and minimizing the graph cut
http://iss.ices.utexas.edu/?p=projects/galois/benchmarks/gMetis

INFO: CommandLine /work/02556/dpereira/MIC/apps/gmetis/gmetis -t=169 /work/02556/dpereira/Inputs/USA-road-d.W.gr 1024
INFO: Hostname c558-402-mic0.stampede.tacc.utexas.edu
Created Graph with 6262104 nodes and 15248146 edges
Nodes 6262104| Edges 15248146 7624073

  Starting coarsening: 
Time coarsen:  2393 Size of final graph: 21966

  Sarting initial partitioning using GGGP:
Size in decade percentages:  -1,75 -0,880 1,69
Time clustering:  1051

  Sarting refinnement with BKL2
Initial dist
Size in decade percentages:  -1,75 -0,880 1,69
Refined dist
Size in decade percentages:  -1,353 0,299 1,371 2,1
Time refinement:  1499


Time:  5123
Total edge cut : 31443

Part saved in : 0x7fffd487d460
STATTYPE,LOOP,CATEGORY,n,sum,T0,T1,T2,T3,T4,T5,T6,T7,T8,T9,T10,T11,T12,T13,T14,T15,T16,T17,T18,T19,T20,T21,T22,T23,T24,T25,T26,T27,T28,T29,T30,T31,T32,T33,T34,T35,T36,T37,T38,T39,T40,T41,T42,T43,T44,T45,T46,T47,T48,T49,T50,T51,T52,T53,T54,T55,T56,T57,T58,T59,T60,T61,T62,T63,T64,T65,T66,T67,T68,T69,T70,T71,T72,T73,T74,T75,T76,T77,T78,T79,T80,T81,T82,T83,T84,T85,T86,T87,T88,T89,T90,T91,T92,T93,T94,T95,T96,T97,T98,T99,T100,T101,T102,T103,T104,T105,T106,T107,T108,T109,T110,T111,T112,T113,T114,T115,T116,T117,T118,T119,T120,T121,T122,T123,T124,T125,T126,T127,T128,T129,T130,T131,T132,T133,T134,T135,T136,T137,T138,T139,T140,T141,T142,T143,T144,T145,T146,T147,T148,T149,T150,T151,T152,T153,T154,T155,T156,T157,T158,T159,T160,T161,T162,T163,T164,T165,T166,T167,T168
STAT,(NULL),Coarsen,169,2393,2393,0,0,0,0,0,0,0,0,0,0,0,0,0,0,0,0,0,0,0,0,0,0,0,0,0,0,0,0,0,0,0,0,0,0,0,0,0,0,0,0,0,0,0,0,0,0,0,0,0,0,0,0,0,0,0,0,0,0,0,0,0,0,0,0,0,0,0,0,0,0,0,0,0,0,0,0,0,0,0,0,0,0,0,0,0,0,0,0,0,0,0,0,0,0,0,0,0,0,0,0,0,0,0,0,0,0,0,0,0,0,0,0,0,0,0,0,0,0,0,0,0,0,0,0,0,0,0,0,0,0,0,0,0,0,0,0,0,0,0,0,0,0,0,0,0,0,0,0,0,0,0,0,0,0,0,0,0,0,0,0,0,0,0,0,0,0,0,0
STAT,(NULL),Conflicts,169,0,0,0,0,0,0,0,0,0,0,0,0,0,0,0,0,0,0,0,0,0,0,0,0,0,0,0,0,0,0,0,0,0,0,0,0,0,0,0,0,0,0,0,0,0,0,0,0,0,0,0,0,0,0,0,0,0,0,0,0,0,0,0,0,0,0,0,0,0,0,0,0,0,0,0,0,0,0,0,0,0,0,0,0,0,0,0,0,0,0,0,0,0,0,0,0,0,0,0,0,0,0,0,0,0,0,0,0,0,0,0,0,0,0,0,0,0,0,0,0,0,0,0,0,0,0,0,0,0,0,0,0,0,0,0,0,0,0,0,0,0,0,0,0,0,0,0,0,0,0,0,0,0,0,0,0,0,0,0,0,0,0,0,0,0,0,0,0,0,0
STAT,(NULL),Iterations,169,2047,11,13,14,6,10,1,10,5,11,11,9,11,5,4,8,4,16,11,14,4,12,11,5,10,8,15,14,8,12,9,13,11,20,13,18,12,9,10,12,19,6,7,18,18,17,21,17,32,28,21,12,8,22,15,16,11,21,23,17,15,18,15,6,19,6,13,11,7,8,8,14,9,7,21,4,8,21,8,14,8,1,6,12,12,14,4,8,6,10,22,8,8,9,9,12,8,2,7,18,15,12,4,17,19,12,10,16,16,16,17,22,16,18,12,15,13,17,13,21,14,13,21,10,6,7,5,19,15,11,7,13,11,3,6,6,8,11,22,6,4,15,5,15,12,15,14,12,15,12,16,12,6,20,3,10,11,12,8,5,12,18,20,22,9,9,16,19,8,12
STAT,(NULL),MeminfoPost,169,757066,4484,4474,4492,4491,4487,4472,4481,4478,4481,4498,4534,4514,4465,4473,4474,4481,4483,4493,4490,4488,4491,4462,4470,4479,4488,4488,4468,4469,4482,4469,4503,4484,4492,4474,4483,4462,4490,4498,4506,4530,4491,4471,4469,4476,4487,4487,4503,4480,4479,4473,4475,4470,4490,4497,4464,4467,4476,4485,4481,4480,4505,4491,4474,4489,4489,4470,4489,4469,4471,4469,4487,4456,4471,4483,4495,4476,4468,4476,4474,4458,4465,4477,4468,4507,4504,4477,4465,4470,4495,4471,4459,4454,4476,4484,4486,4496,4490,4470,4475,4469,4477,4472,4475,4456,4463,4472,4456,4490,4465,4468,4501,4513,4506,4484,4467,4469,4491,4460,4457,4480,4486,4490,4483,4480,4464,4478,4472,4465,4461,4473,4476,4463,4469,4508,4500,4513,4487,4469,4471,4462,4475,4492,4513,4496,4504,4499,4465,4472,4482,4475,4471,4474,4459,4469,4464,4492,4465,4455,4465,4462,4456,4491,4464,4477,4482,4478,4482,4470,4485
STAT,(NULL),MeminfoPre,169,189226,1124,1114,1132,1131,1127,1112,1121,1118,1121,1138,1174,1154,1105,1113,1114,1121,1123,1133,1130,1128,1131,1102,1110,1119,1128,1128,1108,1109,1122,1109,1143,1124,1132,1114,1123,1102,1130,1138,1146,1170,1131,1111,1109,1116,1127,1127,1143,1120,1119,1113,1115,1110,1130,1137,1104,1107,1116,1125,1121,1120,1145,1131,1114,1129,1129,1110,1129,1109,1111,1109,1127,1096,1111,1123,1135,1116,1108,1116,1114,1098,1105,1117,1108,1147,1144,1117,1105,1110,1135,1111,1099,1094,1116,1124,1126,1136,1130,1110,1115,1109,1117,1112,1115,1096,1103,1112,1096,1130,1105,1108,1141,1153,1146,1124,1107,1109,1131,1100,1097,1120,1126,1130,1123,1120,1104,1118,1112,1105,1101,1113,1116,1103,1109,1148,1140,1153,1127,1109,1111,1102,1115,1132,1153,1136,1144,1139,1105,1112,1122,1115,1111,1114,1099,1109,1104,1132,1105,1095,1105,1102,1096,1131,1104,1117,1122,1118,1122,1110,1125
STAT,(NULL),Partition,169,1051,1051,0,0,0,0,0,0,0,0,0,0,0,0,0,0,0,0,0,0,0,0,0,0,0,0,0,0,0,0,0,0,0,0,0,0,0,0,0,0,0,0,0,0,0,0,0,0,0,0,0,0,0,0,0,0,0,0,0,0,0,0,0,0,0,0,0,0,0,0,0,0,0,0,0,0,0,0,0,0,0,0,0,0,0,0,0,0,0,0,0,0,0,0,0,0,0,0,0,0,0,0,0,0,0,0,0,0,0,0,0,0,0,0,0,0,0,0,0,0,0,0,0,0,0,0,0,0,0,0,0,0,0,0,0,0,0,0,0,0,0,0,0,0,0,0,0,0,0,0,0,0,0,0,0,0,0,0,0,0,0,0,0,0,0,0,0,0,0,0
STAT,(NULL),Refine,169,1499,1499,0,0,0,0,0,0,0,0,0,0,0,0,0,0,0,0,0,0,0,0,0,0,0,0,0,0,0,0,0,0,0,0,0,0,0,0,0,0,0,0,0,0,0,0,0,0,0,0,0,0,0,0,0,0,0,0,0,0,0,0,0,0,0,0,0,0,0,0,0,0,0,0,0,0,0,0,0,0,0,0,0,0,0,0,0,0,0,0,0,0,0,0,0,0,0,0,0,0,0,0,0,0,0,0,0,0,0,0,0,0,0,0,0,0,0,0,0,0,0,0,0,0,0,0,0,0,0,0,0,0,0,0,0,0,0,0,0,0,0,0,0,0,0,0,0,0,0,0,0,0,0,0,0,0,0,0,0,0,0,0,0,0,0,0,0,0,0,0
STAT,(NULL),Threads,169,169,169,0,0,0,0,0,0,0,0,0,0,0,0,0,0,0,0,0,0,0,0,0,0,0,0,0,0,0,0,0,0,0,0,0,0,0,0,0,0,0,0,0,0,0,0,0,0,0,0,0,0,0,0,0,0,0,0,0,0,0,0,0,0,0,0,0,0,0,0,0,0,0,0,0,0,0,0,0,0,0,0,0,0,0,0,0,0,0,0,0,0,0,0,0,0,0,0,0,0,0,0,0,0,0,0,0,0,0,0,0,0,0,0,0,0,0,0,0,0,0,0,0,0,0,0,0,0,0,0,0,0,0,0,0,0,0,0,0,0,0,0,0,0,0,0,0,0,0,0,0,0,0,0,0,0,0,0,0,0,0,0,0,0,0,0,0,0,0,0
STAT,(NULL),Time,169,5123,5123,0,0,0,0,0,0,0,0,0,0,0,0,0,0,0,0,0,0,0,0,0,0,0,0,0,0,0,0,0,0,0,0,0,0,0,0,0,0,0,0,0,0,0,0,0,0,0,0,0,0,0,0,0,0,0,0,0,0,0,0,0,0,0,0,0,0,0,0,0,0,0,0,0,0,0,0,0,0,0,0,0,0,0,0,0,0,0,0,0,0,0,0,0,0,0,0,0,0,0,0,0,0,0,0,0,0,0,0,0,0,0,0,0,0,0,0,0,0,0,0,0,0,0,0,0,0,0,0,0,0,0,0,0,0,0,0,0,0,0,0,0,0,0,0,0,0,0,0,0,0,0,0,0,0,0,0,0,0,0,0,0,0,0,0,0,0,0,0
STAT,match,Conflicts,169,5837,48,43,46,53,55,51,45,50,47,48,50,54,44,55,47,48,47,34,43,51,32,38,48,45,45,45,45,52,41,52,36,53,43,46,41,47,36,40,45,46,45,41,39,43,36,44,52,45,32,38,35,39,41,50,42,35,36,34,37,33,36,31,21,26,32,26,28,32,20,22,29,28,26,27,27,29,29,26,26,29,26,26,28,30,31,38,30,28,32,33,32,31,41,28,29,36,28,26,30,31,41,40,33,31,30,34,40,30,36,33,32,31,37,17,33,32,32,30,30,35,29,29,29,20,28,26,25,22,37,26,28,27,22,27,23,28,25,31,26,25,27,33,23,27,32,33,25,24,24,32,39,30,23,23,33,19,35,30,28,29,35,31,29,31,29,30,24,38,35
STAT,match,Iterations,169,14978532,67608,83755,67580,58151,60770,58082,80251,66743,59225,71814,56389,66690,60765,60414,71568,82586,62315,89551,59753,68464,96653,77012,78411,84270,75686,68252,61539,93302,68086,70590,63200,78402,93682,75570,87063,88145,81393,82097,72628,48617,80152,70247,98286,83546,91020,94693,65522,110888,100637,97331,94879,96076,76578,93511,101502,115059,103134,102910,88811,98562,96504,80673,91194,85992,93895,100019,83818,81198,111546,89792,97079,92620,73108,113048,83057,104233,90614,84968,91562,97517,95635,82698,86563,86388,84072,75890,95116,86023,99431,87993,88791,98119,89438,101815,86241,76793,82811,110426,90106,102102,64602,95798,92637,91316,83434,74488,102323,85777,117728,111989,113367,110438,115450,124472,122077,91155,100916,93757,106643,111112,110803,79518,90376,111213,77756,86061,100924,98918,79492,91685,104549,91136,91867,93014,85775,102117,89930,92793,100934,86612,86002,87939,92693,88976,86093,94940,96681,96195,101278,90980,84441,86102,104850,93883,103933,115590,67219,100573,79544,90968,93290,81323,117071,91987,98454,83362,82036,105530,92343
STAT,popedge,Conflicts,169,0,0,0,0,0,0,0,0,0,0,0,0,0,0,0,0,0,0,0,0,0,0,0,0,0,0,0,0,0,0,0,0,0,0,0,0,0,0,0,0,0,0,0,0,0,0,0,0,0,0,0,0,0,0,0,0,0,0,0,0,0,0,0,0,0,0,0,0,0,0,0,0,0,0,0,0,0,0,0,0,0,0,0,0,0,0,0,0,0,0,0,0,0,0,0,0,0,0,0,0,0,0,0,0,0,0,0,0,0,0,0,0,0,0,0,0,0,0,0,0,0,0,0,0,0,0,0,0,0,0,0,0,0,0,0,0,0,0,0,0,0,0,0,0,0,0,0,0,0,0,0,0,0,0,0,0,0,0,0,0,0,0,0,0,0,0,0,0,0,0
STAT,popedge,Iterations,169,7339513,38910,40424,39849,41782,43700,41021,41845,39648,41251,41943,41486,41273,45013,41563,42275,39224,42205,40955,42628,42792,40321,42668,41754,41677,43077,44475,44203,43265,43282,44581,43740,43040,42759,44229,42274,42376,39011,41341,43987,42711,43040,43089,42412,43499,40922,42512,43839,48184,50782,49032,50929,48314,49933,46769,49621,49519,49211,44885,47092,47109,45668,39471,39035,38484,37675,39958,39138,42410,39551,41532,39125,40219,42628,39833,41150,40419,41615,41323,40690,40188,42547,42161,43693,40892,41451,44038,42342,44621,43830,44945,44514,42144,44047,44349,43474,42532,43251,39441,40863,42201,43210,43744,43626,43604,43542,44004,43992,41626,49424,52909,52901,50696,51229,51355,50867,49073,52860,53014,45954,48705,49307,47770,40535,38988,42070,41387,39308,38715,40105,42100,40693,39943,39808,40323,39567,40027,42179,41830,39823,40486,41795,42967,43107,44519,42906,43153,45434,45613,45182,46348,46572,44693,40520,47181,43225,41294,45245,47470,43177,43352,44794,42762,43494,42732,42588,44100,43845,45984,41463
STAT,refine,Conflicts,169,5328,80,77,71,73,63,63,68,65,69,58,61,60,58,57,58,47,54,45,54,54,54,43,45,50,53,40,45,48,53,56,55,35,31,31,35,36,36,32,46,31,37,44,37,25,35,44,40,36,49,38,36,39,30,38,36,43,40,28,38,50,39,18,19,37,25,31,19,19,22,25,29,29,24,15,22,24,23,29,17,21,25,25,31,25,16,24,15,16,24,21,18,23,26,21,20,40,17,26,17,36,30,28,22,23,20,23,23,25,25,32,23,36,31,24,29,23,21,26,18,25,29,28,16,22,19,20,25,14,22,23,17,19,18,17,30,23,21,17,32,22,27,21,22,19,15,16,16,16,15,16,15,24,15,29,18,22,17,15,20,25,27,17,25,23,26,18,20,22,20
STAT,refine,Iterations,169,426836,1868,1972,2434,1509,2041,1377,2160,2351,2258,2810,2798,2758,1897,1884,2288,1831,2181,2134,1673,2220,2749,1838,1852,2410,2426,1929,1818,2454,2100,1557,2010,2234,2106,1637,2538,2269,2428,2008,2249,1926,2752,1964,2957,2089,2828,3002,2849,4014,3766,3649,3285,3024,2659,2875,2899,3820,2846,2598,2497,3197,3224,2311,2311,2724,2439,2502,2351,2293,2700,2381,3040,1984,2630,2401,2409,2851,2103,2465,2057,2272,2383,2507,2657,2236,2469,2241,1797,2149,2535,2093,1512,2596,2734,2720,2235,2748,2284,2816,2065,2781,2163,3064,2636,2608,1936,2722,3176,3111,4080,3406,3931,4211,4183,3663,3599,2338,4067,2963,2386,2961,3738,3152,2182,2402,1980,1916,2228,2010,1923,2490,2461,2718,2196,3133,2365,3195,2406,2258,2688,2045,2548,2914,3141,2799,2374,2429,1914,2146,2323,2580,2093,1886,2015,2687,2165,2859,2066,2625,2415,1959,2356,2096,3372,2676,3021,1910,2741,3138,3340
