Hello from MIC
Galois Benchmark Suite v2.2.0 (r0)
Copyright (C) 2013 The University of Texas at Austin
http://iss.ices.utexas.edu/galois/

application: GMetis
Partitions a graph into K parts and minimizing the graph cut
http://iss.ices.utexas.edu/?p=projects/galois/benchmarks/gMetis

INFO: CommandLine /work/02556/dpereira/MIC/apps/gmetis/gmetis -t=82 /work/02556/dpereira/Inputs/USA-road-d.W.gr 1024
INFO: Hostname c558-304-mic0.stampede.tacc.utexas.edu
Created Graph with 6262104 nodes and 15248146 edges
Nodes 6262104| Edges 15248146 7624073

  Starting coarsening: 
Time coarsen:  2078 Size of final graph: 40824

  Sarting initial partitioning using GGGP:
Size in decade percentages:  -0,1024
Time clustering:  1471

  Sarting refinnement with BKL2
Initial dist
Size in decade percentages:  -0,1024
Refined dist
Size in decade percentages:  -1,353 0,309 1,361 2,1
Time refinement:  916


Time:  4641
Total edge cut : 36604

Part saved in : 0x7ffff4262d60
STATTYPE,LOOP,CATEGORY,n,sum,T0,T1,T2,T3,T4,T5,T6,T7,T8,T9,T10,T11,T12,T13,T14,T15,T16,T17,T18,T19,T20,T21,T22,T23,T24,T25,T26,T27,T28,T29,T30,T31,T32,T33,T34,T35,T36,T37,T38,T39,T40,T41,T42,T43,T44,T45,T46,T47,T48,T49,T50,T51,T52,T53,T54,T55,T56,T57,T58,T59,T60,T61,T62,T63,T64,T65,T66,T67,T68,T69,T70,T71,T72,T73,T74,T75,T76,T77,T78,T79,T80,T81
STAT,(NULL),Coarsen,82,2078,2078,0,0,0,0,0,0,0,0,0,0,0,0,0,0,0,0,0,0,0,0,0,0,0,0,0,0,0,0,0,0,0,0,0,0,0,0,0,0,0,0,0,0,0,0,0,0,0,0,0,0,0,0,0,0,0,0,0,0,0,0,0,0,0,0,0,0,0,0,0,0,0,0,0,0,0,0,0,0,0,0,0
STAT,(NULL),Conflicts,82,0,0,0,0,0,0,0,0,0,0,0,0,0,0,0,0,0,0,0,0,0,0,0,0,0,0,0,0,0,0,0,0,0,0,0,0,0,0,0,0,0,0,0,0,0,0,0,0,0,0,0,0,0,0,0,0,0,0,0,0,0,0,0,0,0,0,0,0,0,0,0,0,0,0,0,0,0,0,0,0,0,0,0
STAT,(NULL),Iterations,82,2047,11,20,27,25,19,19,18,39,20,14,10,24,34,10,22,23,22,19,28,16,19,25,28,22,18,20,14,16,29,24,27,32,39,21,25,14,38,47,39,75,29,32,13,9,19,28,24,35,11,20,27,18,31,31,33,29,40,27,27,32,27,24,15,21,19,15,39,20,28,17,27,28,40,24,30,32,20,16,20,22,26,30
STAT,(NULL),MeminfoPost,82,756365,9226,9249,9232,9214,9242,9307,9201,9225,9250,9237,9209,9225,9224,9212,9234,9245,9216,9219,9283,9264,9209,9226,9252,9237,9200,9246,9201,9221,9223,9265,9227,9225,9221,9204,9205,9226,9229,9208,9192,9208,9259,9222,9213,9216,9186,9239,9246,9212,9211,9210,9184,9194,9214,9248,9280,9204,9220,9191,9237,9231,9211,9205,9193,9205,9238,9281,9218,9197,9239,9270,9265,9213,9220,9197,9184,9229,9169,9199,9212,9221,9224,9219
STAT,(NULL),MeminfoPre,82,189089,2308,2331,2314,2296,2324,2389,2283,2307,2332,2319,2291,2307,2306,2294,2316,2327,2298,2301,2365,2346,2291,2308,2334,2319,2282,2328,2283,2303,2305,2347,2309,2307,2303,2286,2287,2308,2311,2290,2274,2290,2341,2304,2295,2298,2268,2321,2328,2294,2293,2292,2266,2276,2296,2330,2362,2286,2302,2273,2319,2313,2293,2287,2275,2287,2320,2363,2300,2279,2321,2352,2347,2295,2302,2279,2266,2311,2251,2281,2294,2303,2306,2301
STAT,(NULL),Partition,82,1471,1471,0,0,0,0,0,0,0,0,0,0,0,0,0,0,0,0,0,0,0,0,0,0,0,0,0,0,0,0,0,0,0,0,0,0,0,0,0,0,0,0,0,0,0,0,0,0,0,0,0,0,0,0,0,0,0,0,0,0,0,0,0,0,0,0,0,0,0,0,0,0,0,0,0,0,0,0,0,0,0,0,0
STAT,(NULL),Refine,82,916,916,0,0,0,0,0,0,0,0,0,0,0,0,0,0,0,0,0,0,0,0,0,0,0,0,0,0,0,0,0,0,0,0,0,0,0,0,0,0,0,0,0,0,0,0,0,0,0,0,0,0,0,0,0,0,0,0,0,0,0,0,0,0,0,0,0,0,0,0,0,0,0,0,0,0,0,0,0,0,0,0,0
STAT,(NULL),Threads,82,82,82,0,0,0,0,0,0,0,0,0,0,0,0,0,0,0,0,0,0,0,0,0,0,0,0,0,0,0,0,0,0,0,0,0,0,0,0,0,0,0,0,0,0,0,0,0,0,0,0,0,0,0,0,0,0,0,0,0,0,0,0,0,0,0,0,0,0,0,0,0,0,0,0,0,0,0,0,0,0,0,0,0
STAT,(NULL),Time,82,4641,4641,0,0,0,0,0,0,0,0,0,0,0,0,0,0,0,0,0,0,0,0,0,0,0,0,0,0,0,0,0,0,0,0,0,0,0,0,0,0,0,0,0,0,0,0,0,0,0,0,0,0,0,0,0,0,0,0,0,0,0,0,0,0,0,0,0,0,0,0,0,0,0,0,0,0,0,0,0,0,0,0,0
STAT,match,Conflicts,82,5424,142,118,109,106,74,117,93,68,94,103,138,92,126,85,109,85,91,95,74,71,84,55,65,62,64,49,49,48,48,49,45,44,43,56,43,47,58,56,57,53,59,51,49,51,63,46,70,66,60,60,47,48,45,60,32,60,44,48,45,58,54,64,47,47,51,36,68,52,43,55,63,83,53,84,56,73,70,59,67,67,48,57
STAT,match,Iterations,82,14903487,135133,148282,160669,157574,160262,150457,160593,168324,151389,174415,165622,160882,162556,154352,159105,168757,165417,164124,162786,178823,160263,196745,184378,189760,196494,192287,187391,189120,186122,171794,192101,193618,182488,206663,206382,210371,190171,195378,198017,188258,164496,185002,205967,194500,196250,199460,174596,204179,189540,183799,184208,196340,208770,175787,190709,200291,178611,198593,185426,189898,197616,183472,183555,199462,177132,157356,159340,189419,181622,194628,176029,194582,197901,189704,184376,182355,195758,197676,187968,174900,184979,179912
STAT,popedge,Conflicts,82,0,0,0,0,0,0,0,0,0,0,0,0,0,0,0,0,0,0,0,0,0,0,0,0,0,0,0,0,0,0,0,0,0,0,0,0,0,0,0,0,0,0,0,0,0,0,0,0,0,0,0,0,0,0,0,0,0,0,0,0,0,0,0,0,0,0,0,0,0,0,0,0,0,0,0,0,0,0,0,0,0,0,0
STAT,popedge,Iterations,82,7304155,82986,80056,80606,82367,80223,78767,82571,79782,81726,79864,88157,88362,89864,89778,83558,84201,87532,88457,84262,81867,87328,95852,90611,96598,95590,95444,87611,88877,88860,86467,86649,87457,89017,93721,94876,90452,91445,95769,92466,93523,94093,97587,94171,98214,102153,93097,98558,94301,96509,99529,99663,97225,95054,95943,90310,95263,100042,99071,93553,94897,93398,79583,80493,78504,80616,79328,78295,81008,81237,84731,86027,86278,84414,92675,87992,85203,89908,86062,87179,89661,90267,88464
STAT,refine,Conflicts,82,3454,81,74,62,70,63,73,57,69,54,66,50,47,51,53,56,50,51,43,50,64,45,57,45,52,39,50,38,52,49,60,52,41,31,41,37,44,39,48,44,50,38,22,45,40,31,39,40,34,47,26,52,40,41,44,33,36,36,40,26,42,31,23,29,29,25,23,40,30,26,22,22,26,23,24,24,35,26,30,27,29,38,22
STAT,refine,Iterations,82,472763,4345,5414,4691,5523,5909,6419,4360,5574,6010,5319,4995,5061,4958,4207,4882,4793,5012,5350,6496,6213,5200,6223,6249,6650,5675,6868,5647,5783,6207,7581,6235,6524,5447,6196,5147,6196,5806,5391,5909,6139,6652,5872,5555,5906,4389,6065,6216,5096,5616,5747,5877,6329,7389,5882,7559,6582,6500,5090,6526,6411,6108,5307,4988,5967,5646,6357,6281,4748,5877,6752,6560,5747,5656,5267,4154,5212,4733,5434,5962,6799,6218,5127
