Hello from MIC
Galois Benchmark Suite v2.2.0 (r0)
Copyright (C) 2013 The University of Texas at Austin
http://iss.ices.utexas.edu/galois/

application: GMetis
Partitions a graph into K parts and minimizing the graph cut
http://iss.ices.utexas.edu/?p=projects/galois/benchmarks/gMetis

INFO: CommandLine /work/02556/dpereira/MIC/apps/gmetis/gmetis -t=243 /work/02556/dpereira/Inputs/USA-road-d.W.gr 1024
INFO: Hostname c557-803-mic0.stampede.tacc.utexas.edu
Created Graph with 6262104 nodes and 15248146 edges
Nodes 6262104| Edges 15248146 7624073

  Starting coarsening: 
Time coarsen:  3192 Size of final graph: 22229

  Sarting initial partitioning using GGGP:
Size in decade percentages:  -1,67 -0,905 1,52
Time clustering:  1172

  Sarting refinnement with BKL2
Initial dist
Size in decade percentages:  -1,67 -0,905 1,52
Refined dist
Size in decade percentages:  -1,364 -0,286 1,373 2,1
Time refinement:  2188


Time:  6733
Total edge cut : 31899

Part saved in : 0x7fff44ffb960
STATTYPE,LOOP,CATEGORY,n,sum,T0,T1,T2,T3,T4,T5,T6,T7,T8,T9,T10,T11,T12,T13,T14,T15,T16,T17,T18,T19,T20,T21,T22,T23,T24,T25,T26,T27,T28,T29,T30,T31,T32,T33,T34,T35,T36,T37,T38,T39,T40,T41,T42,T43,T44,T45,T46,T47,T48,T49,T50,T51,T52,T53,T54,T55,T56,T57,T58,T59,T60,T61,T62,T63,T64,T65,T66,T67,T68,T69,T70,T71,T72,T73,T74,T75,T76,T77,T78,T79,T80,T81,T82,T83,T84,T85,T86,T87,T88,T89,T90,T91,T92,T93,T94,T95,T96,T97,T98,T99,T100,T101,T102,T103,T104,T105,T106,T107,T108,T109,T110,T111,T112,T113,T114,T115,T116,T117,T118,T119,T120,T121,T122,T123,T124,T125,T126,T127,T128,T129,T130,T131,T132,T133,T134,T135,T136,T137,T138,T139,T140,T141,T142,T143,T144,T145,T146,T147,T148,T149,T150,T151,T152,T153,T154,T155,T156,T157,T158,T159,T160,T161,T162,T163,T164,T165,T166,T167,T168,T169,T170,T171,T172,T173,T174,T175,T176,T177,T178,T179,T180,T181,T182,T183,T184,T185,T186,T187,T188,T189,T190,T191,T192,T193,T194,T195,T196,T197,T198,T199,T200,T201,T202,T203,T204,T205,T206,T207,T208,T209,T210,T211,T212,T213,T214,T215,T216,T217,T218,T219,T220,T221,T222,T223,T224,T225,T226,T227,T228,T229,T230,T231,T232,T233,T234,T235,T236,T237,T238,T239,T240,T241,T242
STAT,(NULL),Coarsen,243,3192,3192,0,0,0,0,0,0,0,0,0,0,0,0,0,0,0,0,0,0,0,0,0,0,0,0,0,0,0,0,0,0,0,0,0,0,0,0,0,0,0,0,0,0,0,0,0,0,0,0,0,0,0,0,0,0,0,0,0,0,0,0,0,0,0,0,0,0,0,0,0,0,0,0,0,0,0,0,0,0,0,0,0,0,0,0,0,0,0,0,0,0,0,0,0,0,0,0,0,0,0,0,0,0,0,0,0,0,0,0,0,0,0,0,0,0,0,0,0,0,0,0,0,0,0,0,0,0,0,0,0,0,0,0,0,0,0,0,0,0,0,0,0,0,0,0,0,0,0,0,0,0,0,0,0,0,0,0,0,0,0,0,0,0,0,0,0,0,0,0,0,0,0,0,0,0,0,0,0,0,0,0,0,0,0,0,0,0,0,0,0,0,0,0,0,0,0,0,0,0,0,0,0,0,0,0,0,0,0,0,0,0,0,0,0,0,0,0,0,0,0,0,0,0,0,0,0,0,0,0,0,0,0,0,0,0,0,0,0,0,0,0,0,0
STAT,(NULL),Conflicts,243,0,0,0,0,0,0,0,0,0,0,0,0,0,0,0,0,0,0,0,0,0,0,0,0,0,0,0,0,0,0,0,0,0,0,0,0,0,0,0,0,0,0,0,0,0,0,0,0,0,0,0,0,0,0,0,0,0,0,0,0,0,0,0,0,0,0,0,0,0,0,0,0,0,0,0,0,0,0,0,0,0,0,0,0,0,0,0,0,0,0,0,0,0,0,0,0,0,0,0,0,0,0,0,0,0,0,0,0,0,0,0,0,0,0,0,0,0,0,0,0,0,0,0,0,0,0,0,0,0,0,0,0,0,0,0,0,0,0,0,0,0,0,0,0,0,0,0,0,0,0,0,0,0,0,0,0,0,0,0,0,0,0,0,0,0,0,0,0,0,0,0,0,0,0,0,0,0,0,0,0,0,0,0,0,0,0,0,0,0,0,0,0,0,0,0,0,0,0,0,0,0,0,0,0,0,0,0,0,0,0,0,0,0,0,0,0,0,0,0,0,0,0,0,0,0,0,0,0,0,0,0,0,0,0,0,0,0,0,0,0,0,0,0,0
STAT,(NULL),Iterations,243,2047,11,7,2,13,6,9,2,19,3,17,6,9,19,10,12,6,6,1,5,17,13,9,6,11,9,0,8,8,12,7,6,8,10,5,5,6,10,11,7,4,0,4,15,9,7,21,4,10,7,2,7,8,8,6,0,12,7,11,7,11,9,12,6,9,22,13,8,14,8,5,9,7,11,8,12,6,3,6,8,10,13,15,8,10,10,12,3,10,1,9,10,10,8,7,10,12,6,10,7,14,5,4,9,7,11,5,8,9,7,3,6,7,3,6,9,8,6,10,7,3,9,5,9,10,13,11,8,9,8,13,4,11,9,7,15,5,13,10,8,3,6,13,14,10,6,16,17,9,13,7,1,11,7,5,11,7,9,8,14,6,13,7,5,5,7,3,7,11,11,4,5,4,13,9,4,5,4,8,10,5,8,13,9,15,14,5,8,5,9,10,10,5,7,12,7,19,12,7,10,10,2,10,10,8,9,13,12,9,10,4,3,9,6,7,4,3,11,6,11,9,10,8,3,1,2,5,14,12,9,4,18,6,13,13,4,7,13,7,7,6,11,6,12
STAT,(NULL),MeminfoPost,243,756797,3119,3117,3111,3124,3118,3126,3115,3112,3124,3099,3104,3127,3114,3132,3129,3159,3134,3122,3100,3114,3112,3102,3120,3122,3115,3128,3130,3104,3127,3120,3103,3110,3106,3114,3124,3116,3128,3106,3101,3106,3112,3115,3109,3122,3123,3123,3121,3115,3112,3123,3106,3107,3116,3127,3126,3137,3164,3128,3111,3104,3113,3112,3102,3124,3113,3128,3121,3121,3123,3114,3121,3100,3110,3112,3107,3127,3129,3107,3110,3103,3109,3113,3117,3120,3118,3107,3123,3145,3114,3112,3114,3121,3120,3113,3110,3125,3109,3105,3110,3109,3110,3119,3101,3098,3111,3117,3122,3123,3111,3108,3117,3104,3110,3102,3103,3108,3100,3118,3101,3124,3138,3134,3116,3103,3106,3107,3110,3132,3111,3101,3098,3097,3103,3117,3118,3118,3123,3125,3121,3113,3113,3110,3102,3121,3108,3106,3111,3112,3101,3105,3096,3106,3108,3098,3128,3105,3102,3104,3129,3133,3139,3127,3134,3113,3103,3107,3115,3121,3104,3099,3098,3114,3115,3120,3123,3123,3111,3115,3103,3118,3106,3109,3113,3101,3100,3097,3115,3099,3121,3102,3105,3125,3139,3130,3138,3130,3115,3109,3103,3108,3100,3109,3116,3123,3137,3135,3124,3125,3135,3126,3107,3104,3109,3122,3105,3114,3106,3120,3094,3103,3100,3109,3108,3112,3125,3099,3101,3092,3117,3096,3104,3122,3103,3105,3108,3110,3119,3114,3113,3117,3113,3112,3115
STAT,(NULL),MeminfoPre,243,189149,783,781,775,788,782,790,779,776,788,763,768,791,778,796,793,823,798,786,764,778,776,766,784,786,779,792,794,768,791,784,767,774,770,778,788,780,792,770,765,770,776,779,773,786,787,787,785,779,776,787,770,771,780,791,790,801,828,792,775,768,777,776,766,788,777,792,785,785,787,778,785,764,774,776,771,791,793,771,774,767,773,777,781,784,782,771,787,809,778,776,778,785,784,777,774,789,773,769,774,773,774,783,765,762,775,781,786,787,775,772,781,768,774,766,767,772,764,782,765,788,802,798,780,767,770,771,774,796,775,765,762,761,767,781,782,782,787,789,785,777,777,774,766,785,772,770,775,776,765,769,760,770,772,762,792,769,766,768,793,797,803,791,798,777,767,771,779,785,768,763,762,778,779,784,787,787,775,779,767,782,770,773,777,765,764,761,779,763,785,766,769,789,803,794,802,794,779,773,767,772,764,773,780,787,801,799,788,789,799,790,771,768,773,786,769,778,770,784,758,767,764,773,772,776,789,763,765,756,781,760,768,786,767,769,772,774,783,778,777,781,777,776,779
STAT,(NULL),Partition,243,1172,1172,0,0,0,0,0,0,0,0,0,0,0,0,0,0,0,0,0,0,0,0,0,0,0,0,0,0,0,0,0,0,0,0,0,0,0,0,0,0,0,0,0,0,0,0,0,0,0,0,0,0,0,0,0,0,0,0,0,0,0,0,0,0,0,0,0,0,0,0,0,0,0,0,0,0,0,0,0,0,0,0,0,0,0,0,0,0,0,0,0,0,0,0,0,0,0,0,0,0,0,0,0,0,0,0,0,0,0,0,0,0,0,0,0,0,0,0,0,0,0,0,0,0,0,0,0,0,0,0,0,0,0,0,0,0,0,0,0,0,0,0,0,0,0,0,0,0,0,0,0,0,0,0,0,0,0,0,0,0,0,0,0,0,0,0,0,0,0,0,0,0,0,0,0,0,0,0,0,0,0,0,0,0,0,0,0,0,0,0,0,0,0,0,0,0,0,0,0,0,0,0,0,0,0,0,0,0,0,0,0,0,0,0,0,0,0,0,0,0,0,0,0,0,0,0,0,0,0,0,0,0,0,0,0,0,0,0,0,0,0,0,0,0
STAT,(NULL),Refine,243,2188,2188,0,0,0,0,0,0,0,0,0,0,0,0,0,0,0,0,0,0,0,0,0,0,0,0,0,0,0,0,0,0,0,0,0,0,0,0,0,0,0,0,0,0,0,0,0,0,0,0,0,0,0,0,0,0,0,0,0,0,0,0,0,0,0,0,0,0,0,0,0,0,0,0,0,0,0,0,0,0,0,0,0,0,0,0,0,0,0,0,0,0,0,0,0,0,0,0,0,0,0,0,0,0,0,0,0,0,0,0,0,0,0,0,0,0,0,0,0,0,0,0,0,0,0,0,0,0,0,0,0,0,0,0,0,0,0,0,0,0,0,0,0,0,0,0,0,0,0,0,0,0,0,0,0,0,0,0,0,0,0,0,0,0,0,0,0,0,0,0,0,0,0,0,0,0,0,0,0,0,0,0,0,0,0,0,0,0,0,0,0,0,0,0,0,0,0,0,0,0,0,0,0,0,0,0,0,0,0,0,0,0,0,0,0,0,0,0,0,0,0,0,0,0,0,0,0,0,0,0,0,0,0,0,0,0,0,0,0,0,0,0,0,0
STAT,(NULL),Threads,243,243,243,0,0,0,0,0,0,0,0,0,0,0,0,0,0,0,0,0,0,0,0,0,0,0,0,0,0,0,0,0,0,0,0,0,0,0,0,0,0,0,0,0,0,0,0,0,0,0,0,0,0,0,0,0,0,0,0,0,0,0,0,0,0,0,0,0,0,0,0,0,0,0,0,0,0,0,0,0,0,0,0,0,0,0,0,0,0,0,0,0,0,0,0,0,0,0,0,0,0,0,0,0,0,0,0,0,0,0,0,0,0,0,0,0,0,0,0,0,0,0,0,0,0,0,0,0,0,0,0,0,0,0,0,0,0,0,0,0,0,0,0,0,0,0,0,0,0,0,0,0,0,0,0,0,0,0,0,0,0,0,0,0,0,0,0,0,0,0,0,0,0,0,0,0,0,0,0,0,0,0,0,0,0,0,0,0,0,0,0,0,0,0,0,0,0,0,0,0,0,0,0,0,0,0,0,0,0,0,0,0,0,0,0,0,0,0,0,0,0,0,0,0,0,0,0,0,0,0,0,0,0,0,0,0,0,0,0,0,0,0,0,0,0
STAT,(NULL),Time,243,6733,6733,0,0,0,0,0,0,0,0,0,0,0,0,0,0,0,0,0,0,0,0,0,0,0,0,0,0,0,0,0,0,0,0,0,0,0,0,0,0,0,0,0,0,0,0,0,0,0,0,0,0,0,0,0,0,0,0,0,0,0,0,0,0,0,0,0,0,0,0,0,0,0,0,0,0,0,0,0,0,0,0,0,0,0,0,0,0,0,0,0,0,0,0,0,0,0,0,0,0,0,0,0,0,0,0,0,0,0,0,0,0,0,0,0,0,0,0,0,0,0,0,0,0,0,0,0,0,0,0,0,0,0,0,0,0,0,0,0,0,0,0,0,0,0,0,0,0,0,0,0,0,0,0,0,0,0,0,0,0,0,0,0,0,0,0,0,0,0,0,0,0,0,0,0,0,0,0,0,0,0,0,0,0,0,0,0,0,0,0,0,0,0,0,0,0,0,0,0,0,0,0,0,0,0,0,0,0,0,0,0,0,0,0,0,0,0,0,0,0,0,0,0,0,0,0,0,0,0,0,0,0,0,0,0,0,0,0,0,0,0,0,0,0
STAT,match,Conflicts,243,6082,46,34,40,38,40,32,35,30,50,37,40,31,41,36,39,43,33,39,29,33,24,40,32,40,31,39,38,39,37,29,32,34,34,29,36,32,30,37,30,34,34,31,32,28,26,32,34,26,28,29,35,30,25,36,35,32,32,37,28,32,30,21,20,22,17,22,18,25,22,32,19,24,22,21,23,18,20,19,23,15,25,19,26,28,31,26,26,22,21,25,17,25,21,25,18,22,20,25,22,20,23,22,24,25,24,22,23,21,19,23,23,27,19,20,22,27,27,24,25,21,24,24,18,24,19,21,24,23,21,17,30,20,19,24,28,28,19,26,17,21,18,24,23,24,17,27,20,26,19,22,23,20,34,28,22,21,23,17,21,27,26,27,25,24,18,22,21,14,20,21,16,31,22,15,20,26,20,16,25,25,18,16,24,22,21,21,22,19,21,22,22,17,18,24,26,27,18,24,22,19,20,16,21,17,24,22,25,20,22,24,18,22,19,23,18,23,22,26,20,20,29,23,23,19,21,24,21,24,22,23,18,19,24,23,23,20,24,19,23,16,23,18,18
STAT,match,Iterations,243,15003016,35186,40271,53927,66792,48616,44071,67274,44423,52725,49332,52918,43965,31240,56335,45314,54465,54969,58039,37610,46237,40970,69365,47319,72159,39884,58997,51828,46471,53587,37608,51109,55268,59662,42221,60041,56981,41506,45849,49031,53745,62749,48943,64228,59372,62374,49823,41945,32302,57138,61615,30277,65344,62241,51395,60008,37412,45634,53927,45591,49352,54365,82394,81153,68104,58897,69686,60179,52483,60242,78520,73089,51532,65007,71887,74962,57732,60124,76470,54548,64792,71339,71263,75003,55289,65039,64877,62387,58750,69559,68783,73932,66044,63687,65525,52136,63119,57311,72510,85043,56242,70593,62606,55430,65377,68995,67125,52971,75729,65358,75033,54296,56275,61990,62807,58511,56713,53960,37898,72172,58966,55813,74920,80329,70618,66725,71309,66482,49363,64939,49491,68505,71816,72290,70840,68346,70046,57756,64941,79817,61790,67696,57468,50191,64569,77915,70945,53577,70839,60511,67201,67031,80873,75108,61279,66018,57256,53089,77493,51827,60879,70239,80928,55019,78082,59663,37858,63784,59047,61936,53179,65369,53067,72105,78098,52396,62615,65569,75097,63941,63402,51540,67118,88476,53184,72975,84992,47331,61528,59817,98011,45264,71673,67756,86002,43929,60183,65561,66538,57034,68533,64485,78965,70856,57074,79504,64100,82719,67364,73616,72130,91686,78194,54540,74839,63212,77056,57003,75718,67259,64625,74917,51345,63848,50917,63047,67098,53453,62845,66541,66880,75328,61335,61759,63592,52807,60968,75632,64045,55912,53187,69126,67794,63166
STAT,popedge,Conflicts,243,0,0,0,0,0,0,0,0,0,0,0,0,0,0,0,0,0,0,0,0,0,0,0,0,0,0,0,0,0,0,0,0,0,0,0,0,0,0,0,0,0,0,0,0,0,0,0,0,0,0,0,0,0,0,0,0,0,0,0,0,0,0,0,0,0,0,0,0,0,0,0,0,0,0,0,0,0,0,0,0,0,0,0,0,0,0,0,0,0,0,0,0,0,0,0,0,0,0,0,0,0,0,0,0,0,0,0,0,0,0,0,0,0,0,0,0,0,0,0,0,0,0,0,0,0,0,0,0,0,0,0,0,0,0,0,0,0,0,0,0,0,0,0,0,0,0,0,0,0,0,0,0,0,0,0,0,0,0,0,0,0,0,0,0,0,0,0,0,0,0,0,0,0,0,0,0,0,0,0,0,0,0,0,0,0,0,0,0,0,0,0,0,0,0,0,0,0,0,0,0,0,0,0,0,0,0,0,0,0,0,0,0,0,0,0,0,0,0,0,0,0,0,0,0,0,0,0,0,0,0,0,0,0,0,0,0,0,0,0,0,0,0,0,0
STAT,popedge,Iterations,243,7350519,30265,29021,31452,28202,28683,29778,29236,30660,30431,29741,31662,28439,30322,30783,29008,30024,28819,29100,30587,30327,29804,30243,29076,30563,30005,30344,29432,31372,33173,30593,30811,29243,29627,29564,30902,29525,30965,31904,30211,29494,28657,29467,29259,29380,28070,30052,32333,29124,30567,27491,29174,29279,28811,28815,28527,29793,28892,29641,29310,30100,34965,28172,29007,30598,28553,29788,29071,30129,27760,29765,28016,32551,28431,30652,31151,29025,29120,29658,30853,30607,30419,29439,30331,31133,30614,28911,30110,29984,30840,31385,30113,30110,28206,30914,28416,30105,30138,29458,31136,29244,28824,30368,30368,30797,29902,29601,29667,29203,30545,30217,30023,30500,28174,28928,30262,28606,29535,29098,30757,29298,29956,35221,31158,30187,31836,30662,34216,28854,32808,29735,30359,30761,31743,31413,30021,30249,28765,30202,31872,31450,28607,33066,30619,31852,29568,30757,29942,30300,30673,32010,31460,29525,30662,30271,30365,29664,32023,30747,30094,30503,27669,32203,29351,31137,30003,30499,29176,30856,30828,29880,30266,30072,29073,29108,29462,29531,28522,29060,29380,30146,30129,31502,34720,31367,29800,31464,30190,30065,29839,31429,29586,30258,28196,30664,28955,32133,31436,28533,30567,33958,30715,29127,31195,30998,32583,30816,31951,31636,32686,30426,33829,32826,31408,31140,29127,30304,28886,31083,28558,31158,30754,30685,30486,29385,29226,29813,31889,30137,29847,30111,28139,32584,28594,31443,30784,29430,33052,29988,30294,32132,31277,31581,29563
STAT,refine,Conflicts,243,6552,82,83,80,72,75,67,71,61,59,70,71,62,63,69,61,60,51,56,51,55,46,56,48,53,57,56,52,51,52,49,51,43,47,36,52,38,45,35,39,37,36,38,38,40,40,33,40,21,32,46,31,37,46,44,41,41,33,43,40,40,40,21,17,18,20,30,18,21,17,28,14,18,18,22,20,12,22,24,15,11,20,20,24,12,23,24,17,23,22,24,21,27,26,23,19,38,18,18,20,16,16,14,23,17,25,19,10,16,17,15,31,20,19,18,17,15,18,11,30,16,17,24,25,18,21,28,29,14,20,11,21,14,20,23,21,17,19,21,28,22,17,15,14,29,19,20,16,19,14,14,13,15,24,14,20,15,18,21,8,19,21,23,21,24,15,12,23,18,16,11,21,27,17,14,16,29,21,7,16,30,20,13,22,19,21,27,17,20,21,28,17,24,16,20,20,23,19,18,24,30,14,16,17,13,29,20,24,22,19,27,20,20,14,23,13,13,25,22,14,24,15,19,16,14,11,13,17,15,21,19,12,21,20,17,13,15,19,13,13,16,17,23,16
STAT,refine,Iterations,243,434512,1698,1800,1929,1937,1770,1370,2078,1097,1960,1383,1982,1999,1148,2244,1875,2422,1926,2175,1264,1269,1263,2476,1154,2184,1586,2257,1569,1469,1983,1360,1838,1479,2102,1343,1702,1506,1589,1458,1589,1465,1593,1169,1537,2025,1826,1738,1122,1015,1523,1696,987,1750,1950,1541,1580,1735,1959,2000,1367,1288,1833,1841,1335,2085,1533,2423,1810,1705,1326,2130,1606,2114,1778,1382,2189,1717,2219,2023,1911,1412,2093,1524,2576,1363,2230,1849,1966,2144,2394,2178,2028,1997,1639,2145,1170,2351,1153,1759,2101,1543,1783,1944,1638,1593,2034,2181,1384,1881,1500,1725,1966,1754,1387,1955,1524,1823,1538,1413,2351,1559,1769,2333,2588,1621,2193,1707,2493,1766,2251,1135,2261,1795,2153,1878,2040,2030,1494,2743,2409,2278,1642,1507,1221,2731,1827,2293,1250,2135,1472,2086,2111,1704,2477,1535,1937,1505,2014,1970,1390,1870,1591,2004,1850,2036,1328,1038,2335,2081,1596,1308,1381,1581,2113,1611,1431,2165,2106,1368,1201,2164,1428,1518,1910,1604,1692,2609,1210,1896,2081,2432,1308,2713,1734,2678,1931,1728,2098,1539,1982,2054,1875,1760,1708,1526,2937,1737,2291,2223,2563,2191,2340,2081,1394,2098,1191,1778,1167,2044,1412,2029,2102,1445,1364,1282,1725,910,1354,1642,1706,1418,1478,1917,1653,1259,1363,1443,2283,1462,1359,1546,2026,1988,1788
