Hello from MIC
Galois Benchmark Suite v2.2.0 (r0)
Copyright (C) 2013 The University of Texas at Austin
http://iss.ices.utexas.edu/galois/

application: GMetis
Partitions a graph into K parts and minimizing the graph cut
http://iss.ices.utexas.edu/?p=projects/galois/benchmarks/gMetis

INFO: CommandLine /work/02556/dpereira/MIC/apps/gmetis/gmetis -t=41 /work/02556/dpereira/Inputs/USA-road-d.W.gr 16
INFO: Hostname c557-901-mic0.stampede.tacc.utexas.edu
Created Graph with 6262104 nodes and 15248146 edges
Nodes 6262104| Edges 15248146 7624073

  Starting coarsening: 
Time coarsen:  2972 Size of final graph: 428

  Sarting initial partitioning using GGGP:
Size in decade percentages:  -1,1 -0,14 1,1
Time clustering:  356

  Sarting refinnement with BKL2
Initial dist
Size in decade percentages:  -1,1 -0,14 1,1
Refined dist
Size in decade percentages:  -1,6 -0,3 1,7
Time refinement:  642


Time:  4145
Total edge cut : 1824

Part saved in : 0x7fff448883e0
STATTYPE,LOOP,CATEGORY,n,sum,T0,T1,T2,T3,T4,T5,T6,T7,T8,T9,T10,T11,T12,T13,T14,T15,T16,T17,T18,T19,T20,T21,T22,T23,T24,T25,T26,T27,T28,T29,T30,T31,T32,T33,T34,T35,T36,T37,T38,T39,T40
STAT,(NULL),Coarsen,41,2972,2972,0,0,0,0,0,0,0,0,0,0,0,0,0,0,0,0,0,0,0,0,0,0,0,0,0,0,0,0,0,0,0,0,0,0,0,0,0,0,0,0
STAT,(NULL),Conflicts,41,0,0,0,0,0,0,0,0,0,0,0,0,0,0,0,0,0,0,0,0,0,0,0,0,0,0,0,0,0,0,0,0,0,0,0,0,0,0,0,0,0,0
STAT,(NULL),Iterations,41,31,5,0,0,0,4,1,3,2,0,0,0,0,0,0,0,0,0,0,0,1,0,0,0,2,1,0,0,0,0,0,3,0,1,0,0,1,4,0,0,0,3
STAT,(NULL),MeminfoPost,41,756304,18474,18445,18548,18424,18486,18433,18434,18478,18434,18545,18434,18488,18445,18421,18487,18450,18424,18429,18436,18398,18479,18427,18424,18456,18419,18376,18460,18483,18410,18467,18414,18396,18517,18413,18507,18476,18415,18412,18367,18431,18442
STAT,(NULL),MeminfoPre,41,189069,4639,4610,4713,4589,4651,4598,4599,4643,4599,4710,4599,4653,4610,4586,4652,4615,4589,4594,4601,4563,4644,4592,4589,4621,4584,4541,4625,4648,4575,4632,4579,4561,4682,4578,4672,4641,4580,4577,4532,4596,4607
STAT,(NULL),Partition,41,356,356,0,0,0,0,0,0,0,0,0,0,0,0,0,0,0,0,0,0,0,0,0,0,0,0,0,0,0,0,0,0,0,0,0,0,0,0,0,0,0,0
STAT,(NULL),Refine,41,642,642,0,0,0,0,0,0,0,0,0,0,0,0,0,0,0,0,0,0,0,0,0,0,0,0,0,0,0,0,0,0,0,0,0,0,0,0,0,0,0,0
STAT,(NULL),Threads,41,41,41,0,0,0,0,0,0,0,0,0,0,0,0,0,0,0,0,0,0,0,0,0,0,0,0,0,0,0,0,0,0,0,0,0,0,0,0,0,0,0,0
STAT,(NULL),Time,41,4145,4145,0,0,0,0,0,0,0,0,0,0,0,0,0,0,0,0,0,0,0,0,0,0,0,0,0,0,0,0,0,0,0,0,0,0,0,0,0,0,0,0
STAT,match,Conflicts,41,4851,217,178,203,217,180,130,120,126,106,176,175,116,129,116,89,89,104,90,98,122,81,34,71,91,135,91,121,93,83,72,77,89,94,102,110,71,103,171,183,124,74
STAT,match,Iterations,41,14967818,334365,333288,309501,356062,352497,349322,353784,363579,376273,362797,375098,370002,377106,376112,353028,366146,371376,352519,351109,361814,343877,379216,386028,378710,371189,388148,343706,377659,388099,354626,377117,378064,351958,376061,357664,379769,382704,381371,385344,365688,375042
STAT,popedge,Conflicts,41,0,0,0,0,0,0,0,0,0,0,0,0,0,0,0,0,0,0,0,0,0,0,0,0,0,0,0,0,0,0,0,0,0,0,0,0,0,0,0,0,0,0
STAT,popedge,Iterations,41,7334849,177312,177099,170829,178258,171464,168875,180272,173441,176995,171730,175245,169165,179241,174689,159326,160131,168825,171446,173781,177549,176781,185640,182516,180756,187734,183900,186072,176987,183552,175288,178669,180364,173422,169969,186948,195860,197415,192169,198528,194024,192582
STAT,refine,Conflicts,41,2455,134,119,123,102,97,75,76,66,74,91,70,69,53,60,56,64,60,52,70,62,53,55,38,46,40,29,33,50,21,32,44,49,37,61,36,37,43,46,54,44,34
STAT,refine,Iterations,41,37063,939,864,1088,995,922,798,947,651,820,927,855,770,763,835,711,773,1010,1023,1202,1198,1099,1421,868,1373,903,1062,841,980,834,1197,963,888,654,631,757,428,697,520,821,747,1288
