Hello from MIC
Galois Benchmark Suite v2.2.0 (r0)
Copyright (C) 2013 The University of Texas at Austin
http://iss.ices.utexas.edu/galois/

application: GMetis
Partitions a graph into K parts and minimizing the graph cut
http://iss.ices.utexas.edu/?p=projects/galois/benchmarks/gMetis

INFO: CommandLine /work/02556/dpereira/MIC/apps/gmetis/gmetis -t=150 /work/02556/dpereira/Inputs/USA-road-d.W.gr 1024
INFO: Hostname c558-401-mic0.stampede.tacc.utexas.edu
Created Graph with 6262104 nodes and 15248146 edges
Nodes 6262104| Edges 15248146 7624073

  Starting coarsening: 
Time coarsen:  2294 Size of final graph: 22100

  Sarting initial partitioning using GGGP:
Size in decade percentages:  -1,66 -0,883 1,75
Time clustering:  1050

  Sarting refinnement with BKL2
Initial dist
Size in decade percentages:  -1,66 -0,883 1,75
Refined dist
Size in decade percentages:  -1,381 0,264 1,378 3,1
Time refinement:  1402


Time:  4923
Total edge cut : 31572

Part saved in : 0x7fff043a42e0
STATTYPE,LOOP,CATEGORY,n,sum,T0,T1,T2,T3,T4,T5,T6,T7,T8,T9,T10,T11,T12,T13,T14,T15,T16,T17,T18,T19,T20,T21,T22,T23,T24,T25,T26,T27,T28,T29,T30,T31,T32,T33,T34,T35,T36,T37,T38,T39,T40,T41,T42,T43,T44,T45,T46,T47,T48,T49,T50,T51,T52,T53,T54,T55,T56,T57,T58,T59,T60,T61,T62,T63,T64,T65,T66,T67,T68,T69,T70,T71,T72,T73,T74,T75,T76,T77,T78,T79,T80,T81,T82,T83,T84,T85,T86,T87,T88,T89,T90,T91,T92,T93,T94,T95,T96,T97,T98,T99,T100,T101,T102,T103,T104,T105,T106,T107,T108,T109,T110,T111,T112,T113,T114,T115,T116,T117,T118,T119,T120,T121,T122,T123,T124,T125,T126,T127,T128,T129,T130,T131,T132,T133,T134,T135,T136,T137,T138,T139,T140,T141,T142,T143,T144,T145,T146,T147,T148,T149
STAT,(NULL),Coarsen,150,2294,2294,0,0,0,0,0,0,0,0,0,0,0,0,0,0,0,0,0,0,0,0,0,0,0,0,0,0,0,0,0,0,0,0,0,0,0,0,0,0,0,0,0,0,0,0,0,0,0,0,0,0,0,0,0,0,0,0,0,0,0,0,0,0,0,0,0,0,0,0,0,0,0,0,0,0,0,0,0,0,0,0,0,0,0,0,0,0,0,0,0,0,0,0,0,0,0,0,0,0,0,0,0,0,0,0,0,0,0,0,0,0,0,0,0,0,0,0,0,0,0,0,0,0,0,0,0,0,0,0,0,0,0,0,0,0,0,0,0,0,0,0,0,0,0,0,0,0,0,0,0
STAT,(NULL),Conflicts,150,0,0,0,0,0,0,0,0,0,0,0,0,0,0,0,0,0,0,0,0,0,0,0,0,0,0,0,0,0,0,0,0,0,0,0,0,0,0,0,0,0,0,0,0,0,0,0,0,0,0,0,0,0,0,0,0,0,0,0,0,0,0,0,0,0,0,0,0,0,0,0,0,0,0,0,0,0,0,0,0,0,0,0,0,0,0,0,0,0,0,0,0,0,0,0,0,0,0,0,0,0,0,0,0,0,0,0,0,0,0,0,0,0,0,0,0,0,0,0,0,0,0,0,0,0,0,0,0,0,0,0,0,0,0,0,0,0,0,0,0,0,0,0,0,0,0,0,0,0,0,0
STAT,(NULL),Iterations,150,2047,11,15,15,17,9,16,9,10,9,10,20,19,15,5,22,12,8,10,13,15,12,9,17,7,14,11,13,11,20,12,17,20,15,20,9,9,12,18,10,17,7,21,14,17,18,9,21,17,19,7,12,16,12,13,9,22,24,24,18,21,16,27,10,9,20,19,11,20,13,11,9,14,12,22,6,11,16,6,11,8,6,22,6,14,10,16,12,14,4,10,12,16,19,26,17,18,13,12,14,6,17,17,10,14,13,24,10,18,12,15,21,17,12,17,9,19,22,18,18,13,16,11,14,6,11,11,19,12,12,18,7,8,17,16,16,10,10,23,3,11,10,7,6,3,14,9,15,6,10,8
STAT,(NULL),MeminfoPost,150,756383,5047,5042,5059,5047,5044,5040,5035,5049,5059,5112,5059,5029,5039,5032,5050,5059,5053,5052,5044,5031,5034,5050,5055,5027,5033,5044,5044,5061,5047,5043,5045,5028,5049,5064,5101,5075,5024,5036,5036,5051,5049,5060,5052,5044,5026,5039,5050,5056,5031,5029,5041,5051,5035,5062,5064,5039,5053,5044,5042,5041,5034,5030,5048,5017,5036,5050,5050,5034,5038,5034,5021,5025,5040,5041,5076,5056,5026,5031,5056,5034,5014,5021,5045,5050,5058,5055,5035,5031,5047,5026,5035,5029,5020,5029,5020,5050,5024,5048,5073,5068,5064,5028,5033,5049,5017,5029,5043,5055,5055,5038,5027,5036,5039,5023,5022,5025,5043,5027,5072,5070,5076,5041,5025,5028,5036,5053,5082,5055,5074,5049,5029,5052,5028,5033,5036,5015,5030,5019,5069,5013,5013,5033,5019,5049,5029,5040,5048,5039,5038,5045
STAT,(NULL),MeminfoPre,150,189083,1265,1260,1277,1265,1262,1258,1253,1267,1277,1330,1277,1247,1257,1250,1268,1277,1271,1270,1262,1249,1252,1268,1273,1245,1251,1262,1262,1279,1265,1261,1263,1246,1267,1282,1319,1293,1242,1254,1254,1269,1267,1278,1270,1262,1244,1257,1268,1274,1249,1247,1259,1269,1253,1280,1282,1257,1271,1262,1260,1259,1252,1248,1266,1235,1254,1268,1268,1252,1256,1252,1239,1243,1258,1259,1294,1274,1244,1249,1274,1252,1232,1239,1263,1268,1276,1273,1253,1249,1265,1244,1253,1247,1238,1247,1238,1268,1242,1266,1291,1286,1282,1246,1251,1267,1235,1247,1261,1273,1273,1256,1245,1254,1257,1241,1240,1243,1261,1245,1290,1288,1294,1259,1243,1246,1254,1271,1300,1273,1292,1267,1247,1270,1246,1251,1254,1233,1248,1237,1287,1231,1231,1251,1237,1267,1247,1258,1266,1257,1256,1263
STAT,(NULL),Partition,150,1050,1050,0,0,0,0,0,0,0,0,0,0,0,0,0,0,0,0,0,0,0,0,0,0,0,0,0,0,0,0,0,0,0,0,0,0,0,0,0,0,0,0,0,0,0,0,0,0,0,0,0,0,0,0,0,0,0,0,0,0,0,0,0,0,0,0,0,0,0,0,0,0,0,0,0,0,0,0,0,0,0,0,0,0,0,0,0,0,0,0,0,0,0,0,0,0,0,0,0,0,0,0,0,0,0,0,0,0,0,0,0,0,0,0,0,0,0,0,0,0,0,0,0,0,0,0,0,0,0,0,0,0,0,0,0,0,0,0,0,0,0,0,0,0,0,0,0,0,0,0,0
STAT,(NULL),Refine,150,1402,1402,0,0,0,0,0,0,0,0,0,0,0,0,0,0,0,0,0,0,0,0,0,0,0,0,0,0,0,0,0,0,0,0,0,0,0,0,0,0,0,0,0,0,0,0,0,0,0,0,0,0,0,0,0,0,0,0,0,0,0,0,0,0,0,0,0,0,0,0,0,0,0,0,0,0,0,0,0,0,0,0,0,0,0,0,0,0,0,0,0,0,0,0,0,0,0,0,0,0,0,0,0,0,0,0,0,0,0,0,0,0,0,0,0,0,0,0,0,0,0,0,0,0,0,0,0,0,0,0,0,0,0,0,0,0,0,0,0,0,0,0,0,0,0,0,0,0,0,0,0
STAT,(NULL),Threads,150,150,150,0,0,0,0,0,0,0,0,0,0,0,0,0,0,0,0,0,0,0,0,0,0,0,0,0,0,0,0,0,0,0,0,0,0,0,0,0,0,0,0,0,0,0,0,0,0,0,0,0,0,0,0,0,0,0,0,0,0,0,0,0,0,0,0,0,0,0,0,0,0,0,0,0,0,0,0,0,0,0,0,0,0,0,0,0,0,0,0,0,0,0,0,0,0,0,0,0,0,0,0,0,0,0,0,0,0,0,0,0,0,0,0,0,0,0,0,0,0,0,0,0,0,0,0,0,0,0,0,0,0,0,0,0,0,0,0,0,0,0,0,0,0,0,0,0,0,0,0,0
STAT,(NULL),Time,150,4923,4923,0,0,0,0,0,0,0,0,0,0,0,0,0,0,0,0,0,0,0,0,0,0,0,0,0,0,0,0,0,0,0,0,0,0,0,0,0,0,0,0,0,0,0,0,0,0,0,0,0,0,0,0,0,0,0,0,0,0,0,0,0,0,0,0,0,0,0,0,0,0,0,0,0,0,0,0,0,0,0,0,0,0,0,0,0,0,0,0,0,0,0,0,0,0,0,0,0,0,0,0,0,0,0,0,0,0,0,0,0,0,0,0,0,0,0,0,0,0,0,0,0,0,0,0,0,0,0,0,0,0,0,0,0,0,0,0,0,0,0,0,0,0,0,0,0,0,0,0,0
STAT,match,Conflicts,150,5773,54,53,65,57,45,59,61,66,57,52,57,53,61,54,62,58,47,56,53,64,50,51,41,42,49,45,50,51,56,54,51,42,39,43,40,33,51,43,45,37,42,54,46,50,45,40,32,40,47,37,43,36,44,38,44,39,39,49,47,43,34,23,28,36,29,29,26,31,36,27,35,32,31,31,30,45,35,27,45,25,44,36,39,29,30,27,21,30,27,33,37,32,48,28,27,37,33,31,39,42,32,26,35,38,34,37,30,29,38,30,31,31,30,33,30,33,25,34,36,27,30,25,32,35,34,32,25,29,34,25,29,29,41,25,31,28,36,42,32,25,41,41,31,33,29,24,34,27,21,27
STAT,match,Iterations,150,14983542,60410,80768,62234,76816,75061,72811,72011,84359,71401,78478,72451,91831,95750,66278,91111,67600,89409,82667,79670,64086,88103,76045,90581,71602,72539,75934,75345,82711,99607,92634,84314,102866,107633,108821,90697,108112,104894,103920,102694,100604,106946,88838,88954,102312,89400,95618,104209,93913,107431,89576,108539,94648,109976,110822,109345,94770,100826,75561,86477,104970,117166,110176,94541,84595,98309,93586,98419,89706,90542,94039,97745,112687,92450,112408,116355,105268,105155,110325,103153,117703,98735,112102,107449,97459,89125,108549,107051,105954,91046,128876,129220,129995,108686,125887,126518,94900,109159,107339,99791,103553,99269,121734,103890,122349,118611,118242,120894,122322,96337,135359,118952,123861,109543,104783,123170,123395,127325,98498,99796,111768,109383,133625,91880,89078,74829,90481,115907,115947,100723,116990,117407,111790,69078,117651,113437,113516,106045,76406,90807,111207,115493,103322,108118,101397,103933,103874,91258,107932,116375,101844
STAT,popedge,Conflicts,150,0,0,0,0,0,0,0,0,0,0,0,0,0,0,0,0,0,0,0,0,0,0,0,0,0,0,0,0,0,0,0,0,0,0,0,0,0,0,0,0,0,0,0,0,0,0,0,0,0,0,0,0,0,0,0,0,0,0,0,0,0,0,0,0,0,0,0,0,0,0,0,0,0,0,0,0,0,0,0,0,0,0,0,0,0,0,0,0,0,0,0,0,0,0,0,0,0,0,0,0,0,0,0,0,0,0,0,0,0,0,0,0,0,0,0,0,0,0,0,0,0,0,0,0,0,0,0,0,0,0,0,0,0,0,0,0,0,0,0,0,0,0,0,0,0,0,0,0,0,0,0
STAT,popedge,Iterations,150,7344780,45130,44079,45475,45464,46127,48046,47903,47634,46363,44470,47526,45876,44815,47884,46988,46113,45081,48622,46708,52439,47464,48001,42189,48181,46212,45688,48992,47099,51325,53811,55848,53102,54108,53891,52785,52291,56304,52572,51078,52911,52385,50851,55389,52343,53660,53398,53775,51840,54238,52525,51599,48703,48836,50647,47913,48602,51243,50504,49179,51337,51007,44439,42066,44115,43886,44881,44879,44775,44517,46512,44010,45936,46709,44350,45809,46672,45470,46008,45250,46768,47487,47723,46249,42367,47475,45217,44727,45497,44846,52706,58433,54894,54134,55110,54011,54174,54190,54002,53790,52159,52458,53115,52128,52259,53703,51667,53248,51821,54163,52002,50623,50060,49899,49559,52466,49205,49907,53478,50540,49113,52573,52271,45331,44008,44411,45809,44813,47691,45213,45262,47545,48047,48592,49561,47332,46746,46251,49186,48161,48734,48105,48685,48849,49481,40890,48311,48229,46158,48315,45994
STAT,refine,Conflicts,150,5040,92,92,83,71,75,77,69,64,62,75,60,61,61,62,60,53,48,53,43,55,59,55,52,49,56,51,56,51,42,54,48,31,37,28,48,45,37,32,45,46,38,44,40,32,49,36,32,28,39,32,33,29,33,47,45,29,45,35,38,46,33,16,18,18,16,25,21,23,20,25,19,17,16,30,25,31,17,20,19,25,16,22,31,16,18,31,19,21,27,20,31,32,26,18,20,30,21,21,25,21,25,20,21,25,17,20,24,23,24,32,27,22,23,19,28,30,22,26,21,28,22,26,18,21,14,24,23,16,26,19,23,24,25,20,15,27,30,25,21,24,22,27,27,29,31,16,26,22,17,15
STAT,refine,Iterations,150,428920,2036,2434,2603,2268,2099,2861,1984,2245,2842,3438,2576,2438,2386,2600,2171,2216,2251,2767,1996,2393,2651,2602,2916,2080,2269,1878,2332,2717,2291,3149,2575,2434,3216,3113,4164,4164,3135,3206,3189,3083,3526,2756,3465,2598,2619,3219,2967,2469,3247,2300,2617,2716,2582,3846,4101,3245,3622,2321,2892,3486,2775,2131,2284,2268,2694,2676,2621,2294,2350,2826,2846,2593,2278,3170,3271,2682,2307,2477,3007,2646,2623,2910,2720,3125,1983,3057,2359,2737,2747,2733,3268,3583,3293,3488,3779,3715,3257,3232,3664,3598,3725,3075,2602,3758,2382,3434,3358,2633,3532,3854,2502,3004,3371,3010,3593,3862,3602,3305,3146,3692,3917,3048,2267,2371,2318,2881,3124,2991,2596,2702,2613,3040,2441,2401,2814,3198,2804,2227,2129,3085,2645,3046,3195,3003,3105,2285,2973,2263,2892,2677
