Hello from MIC
Galois Benchmark Suite v2.2.0 (r0)
Copyright (C) 2013 The University of Texas at Austin
http://iss.ices.utexas.edu/galois/

application: GMetis
Partitions a graph into K parts and minimizing the graph cut
http://iss.ices.utexas.edu/?p=projects/galois/benchmarks/gMetis

INFO: CommandLine /work/02556/dpereira/MIC/apps/gmetis/gmetis -t=155 /work/02556/dpereira/Inputs/USA-road-d.W.gr 16
INFO: Hostname c558-002-mic0.stampede.tacc.utexas.edu
Created Graph with 6262104 nodes and 15248146 edges
Nodes 6262104| Edges 15248146 7624073

  Starting coarsening: 
Time coarsen:  3215 Size of final graph: 434

  Sarting initial partitioning using GGGP:
Size in decade percentages:  -0,16
Time clustering:  369

  Sarting refinnement with BKL2
Initial dist
Size in decade percentages:  -0,16
Refined dist
Size in decade percentages:  -1,6 -0,4 1,6
Time refinement:  1882


Time:  5642
Total edge cut : 2230

Part saved in : 0x7fff5a858e60
STATTYPE,LOOP,CATEGORY,n,sum,T0,T1,T2,T3,T4,T5,T6,T7,T8,T9,T10,T11,T12,T13,T14,T15,T16,T17,T18,T19,T20,T21,T22,T23,T24,T25,T26,T27,T28,T29,T30,T31,T32,T33,T34,T35,T36,T37,T38,T39,T40,T41,T42,T43,T44,T45,T46,T47,T48,T49,T50,T51,T52,T53,T54,T55,T56,T57,T58,T59,T60,T61,T62,T63,T64,T65,T66,T67,T68,T69,T70,T71,T72,T73,T74,T75,T76,T77,T78,T79,T80,T81,T82,T83,T84,T85,T86,T87,T88,T89,T90,T91,T92,T93,T94,T95,T96,T97,T98,T99,T100,T101,T102,T103,T104,T105,T106,T107,T108,T109,T110,T111,T112,T113,T114,T115,T116,T117,T118,T119,T120,T121,T122,T123,T124,T125,T126,T127,T128,T129,T130,T131,T132,T133,T134,T135,T136,T137,T138,T139,T140,T141,T142,T143,T144,T145,T146,T147,T148,T149,T150,T151,T152,T153,T154
STAT,(NULL),Coarsen,155,3215,3215,0,0,0,0,0,0,0,0,0,0,0,0,0,0,0,0,0,0,0,0,0,0,0,0,0,0,0,0,0,0,0,0,0,0,0,0,0,0,0,0,0,0,0,0,0,0,0,0,0,0,0,0,0,0,0,0,0,0,0,0,0,0,0,0,0,0,0,0,0,0,0,0,0,0,0,0,0,0,0,0,0,0,0,0,0,0,0,0,0,0,0,0,0,0,0,0,0,0,0,0,0,0,0,0,0,0,0,0,0,0,0,0,0,0,0,0,0,0,0,0,0,0,0,0,0,0,0,0,0,0,0,0,0,0,0,0,0,0,0,0,0,0,0,0,0,0,0,0,0,0,0,0,0,0
STAT,(NULL),Conflicts,155,0,0,0,0,0,0,0,0,0,0,0,0,0,0,0,0,0,0,0,0,0,0,0,0,0,0,0,0,0,0,0,0,0,0,0,0,0,0,0,0,0,0,0,0,0,0,0,0,0,0,0,0,0,0,0,0,0,0,0,0,0,0,0,0,0,0,0,0,0,0,0,0,0,0,0,0,0,0,0,0,0,0,0,0,0,0,0,0,0,0,0,0,0,0,0,0,0,0,0,0,0,0,0,0,0,0,0,0,0,0,0,0,0,0,0,0,0,0,0,0,0,0,0,0,0,0,0,0,0,0,0,0,0,0,0,0,0,0,0,0,0,0,0,0,0,0,0,0,0,0,0,0,0,0,0,0
STAT,(NULL),Iterations,155,31,5,0,0,0,0,0,0,0,1,0,0,3,0,0,0,0,0,0,0,0,0,0,0,0,0,0,0,0,0,1,0,0,0,0,0,0,0,0,0,0,0,1,0,0,3,0,0,0,0,0,0,0,0,0,0,0,0,0,0,2,0,0,0,1,0,3,0,0,0,0,0,0,0,0,0,0,0,0,0,0,0,0,0,0,0,0,0,0,0,1,0,0,0,0,0,0,0,0,0,0,0,0,0,0,0,0,0,0,0,0,0,0,0,0,0,0,0,0,0,0,0,0,0,0,0,4,0,0,0,0,0,0,2,0,0,0,0,0,0,0,2,0,0,0,0,0,0,0,0,0,0,1,0,0,1
STAT,(NULL),MeminfoPost,155,756770,4888,4884,4899,4887,4884,4882,4866,4891,4901,4927,4927,4865,4880,4870,4885,4895,4900,4890,4885,4874,4872,4881,4900,4878,4872,4873,4885,4883,4901,4884,4885,4885,4864,4893,4902,4933,4919,4871,4878,4869,4884,4898,4899,4891,4885,4872,4873,4884,4904,4869,4875,4873,4885,4888,4880,4914,4888,4878,4894,4882,4884,4880,4876,4869,4888,4858,4872,4890,4896,4874,4877,4872,4868,4865,4875,4864,4911,4909,4876,4870,4872,4899,4865,4856,4867,4887,4891,4897,4895,4876,4868,4887,4866,4875,4869,4862,4868,4861,4890,4867,4874,4909,4917,4905,4874,4872,4893,4865,4855,4880,4888,4894,4885,4874,4881,4871,4874,4861,4871,4863,4881,4870,4912,4910,4914,4882,4870,4866,4873,4889,4921,4901,4906,4900,4864,4886,4876,4887,4872,4865,4854,4868,4893,4870,4857,4873,4854,4890,4862,4877,4877,4885,4881,4876,4886
STAT,(NULL),MeminfoPre,155,189160,1226,1222,1237,1225,1222,1220,1204,1229,1239,1265,1265,1203,1218,1208,1223,1233,1238,1228,1223,1212,1210,1219,1238,1216,1210,1211,1223,1221,1239,1222,1223,1223,1202,1231,1240,1271,1257,1209,1216,1207,1222,1236,1237,1229,1223,1210,1211,1222,1242,1207,1213,1211,1223,1226,1218,1252,1226,1216,1232,1220,1222,1218,1214,1207,1226,1196,1210,1228,1234,1212,1215,1210,1206,1203,1213,1202,1249,1247,1214,1208,1210,1237,1203,1194,1205,1225,1229,1235,1233,1214,1206,1225,1204,1213,1207,1200,1206,1199,1228,1205,1212,1247,1255,1243,1212,1210,1231,1203,1193,1218,1226,1232,1223,1212,1219,1209,1212,1199,1209,1201,1219,1208,1250,1248,1252,1220,1208,1204,1211,1227,1259,1239,1244,1238,1202,1224,1214,1225,1210,1203,1192,1206,1231,1208,1195,1211,1192,1228,1200,1215,1215,1223,1219,1214,1224
STAT,(NULL),Partition,155,369,369,0,0,0,0,0,0,0,0,0,0,0,0,0,0,0,0,0,0,0,0,0,0,0,0,0,0,0,0,0,0,0,0,0,0,0,0,0,0,0,0,0,0,0,0,0,0,0,0,0,0,0,0,0,0,0,0,0,0,0,0,0,0,0,0,0,0,0,0,0,0,0,0,0,0,0,0,0,0,0,0,0,0,0,0,0,0,0,0,0,0,0,0,0,0,0,0,0,0,0,0,0,0,0,0,0,0,0,0,0,0,0,0,0,0,0,0,0,0,0,0,0,0,0,0,0,0,0,0,0,0,0,0,0,0,0,0,0,0,0,0,0,0,0,0,0,0,0,0,0,0,0,0,0,0
STAT,(NULL),Refine,155,1882,1882,0,0,0,0,0,0,0,0,0,0,0,0,0,0,0,0,0,0,0,0,0,0,0,0,0,0,0,0,0,0,0,0,0,0,0,0,0,0,0,0,0,0,0,0,0,0,0,0,0,0,0,0,0,0,0,0,0,0,0,0,0,0,0,0,0,0,0,0,0,0,0,0,0,0,0,0,0,0,0,0,0,0,0,0,0,0,0,0,0,0,0,0,0,0,0,0,0,0,0,0,0,0,0,0,0,0,0,0,0,0,0,0,0,0,0,0,0,0,0,0,0,0,0,0,0,0,0,0,0,0,0,0,0,0,0,0,0,0,0,0,0,0,0,0,0,0,0,0,0,0,0,0,0,0
STAT,(NULL),Threads,155,155,155,0,0,0,0,0,0,0,0,0,0,0,0,0,0,0,0,0,0,0,0,0,0,0,0,0,0,0,0,0,0,0,0,0,0,0,0,0,0,0,0,0,0,0,0,0,0,0,0,0,0,0,0,0,0,0,0,0,0,0,0,0,0,0,0,0,0,0,0,0,0,0,0,0,0,0,0,0,0,0,0,0,0,0,0,0,0,0,0,0,0,0,0,0,0,0,0,0,0,0,0,0,0,0,0,0,0,0,0,0,0,0,0,0,0,0,0,0,0,0,0,0,0,0,0,0,0,0,0,0,0,0,0,0,0,0,0,0,0,0,0,0,0,0,0,0,0,0,0,0,0,0,0,0,0
STAT,(NULL),Time,155,5642,5642,0,0,0,0,0,0,0,0,0,0,0,0,0,0,0,0,0,0,0,0,0,0,0,0,0,0,0,0,0,0,0,0,0,0,0,0,0,0,0,0,0,0,0,0,0,0,0,0,0,0,0,0,0,0,0,0,0,0,0,0,0,0,0,0,0,0,0,0,0,0,0,0,0,0,0,0,0,0,0,0,0,0,0,0,0,0,0,0,0,0,0,0,0,0,0,0,0,0,0,0,0,0,0,0,0,0,0,0,0,0,0,0,0,0,0,0,0,0,0,0,0,0,0,0,0,0,0,0,0,0,0,0,0,0,0,0,0,0,0,0,0,0,0,0,0,0,0,0,0,0,0,0,0,0
STAT,match,Conflicts,155,6536,78,67,67,61,68,59,62,69,51,64,61,52,52,53,68,61,65,60,54,58,64,59,50,55,62,49,53,56,55,58,70,49,48,42,59,52,49,39,46,54,51,49,46,49,45,47,39,43,41,40,40,59,39,42,43,50,45,49,37,45,50,30,36,28,30,43,34,38,35,32,37,27,38,35,27,38,33,27,26,43,28,43,32,41,34,37,33,31,33,32,39,29,49,30,30,45,50,38,27,46,42,42,39,31,44,34,38,32,35,35,42,30,34,32,37,44,30,37,38,38,36,42,28,34,29,36,35,34,27,33,33,38,34,28,34,36,35,32,26,37,37,36,38,31,37,33,29,36,32,32,29,26,49,36,42
STAT,match,Iterations,155,15030128,49648,65085,69746,69890,68683,68309,82023,78017,69735,79966,82259,84523,74083,86543,79645,78473,67230,77715,88047,82104,74143,69972,92783,76692,78010,68858,85475,76542,70263,81768,73669,91419,81394,92362,100429,93917,85838,119579,97958,94394,108618,93862,113275,94887,95036,107776,107575,105842,121358,109410,105185,89168,113972,110218,105712,101349,98552,102285,101438,103267,104401,89449,90725,86275,104148,97644,91779,85342,108243,108381,83162,108875,95288,108813,99755,112209,73955,98734,121448,86431,107348,75059,111182,94733,98197,91080,108281,108098,96174,102195,72753,103885,98016,106522,127097,118710,106119,117033,124184,94044,102742,104182,104959,123214,100398,113498,111250,131448,127160,99460,99315,130318,126499,126251,108186,103782,131669,88427,107629,102629,110058,100711,89446,112920,87507,92989,94192,104382,103159,96142,96236,92170,103256,112032,109425,89327,103353,109903,106307,74111,98252,84105,114119,111876,95471,100604,102947,112729,103978,86740,96268,100176,91921,100961,87598
STAT,popedge,Conflicts,155,0,0,0,0,0,0,0,0,0,0,0,0,0,0,0,0,0,0,0,0,0,0,0,0,0,0,0,0,0,0,0,0,0,0,0,0,0,0,0,0,0,0,0,0,0,0,0,0,0,0,0,0,0,0,0,0,0,0,0,0,0,0,0,0,0,0,0,0,0,0,0,0,0,0,0,0,0,0,0,0,0,0,0,0,0,0,0,0,0,0,0,0,0,0,0,0,0,0,0,0,0,0,0,0,0,0,0,0,0,0,0,0,0,0,0,0,0,0,0,0,0,0,0,0,0,0,0,0,0,0,0,0,0,0,0,0,0,0,0,0,0,0,0,0,0,0,0,0,0,0,0,0,0,0,0,0
STAT,popedge,Iterations,155,7365994,43668,44330,42334,44085,44816,43993,44059,42840,45837,45076,44062,44861,46002,45756,44303,42607,45521,46156,45891,48357,48341,48286,46910,47352,46646,48307,46786,44718,43789,44785,48350,45338,46280,50876,52819,52111,51895,51654,54618,53943,52784,49866,50700,49213,51801,51783,51767,51539,49666,52759,53259,51949,48112,47796,49549,49996,49822,49411,47207,50106,49889,39702,42526,41873,41500,41134,42907,44217,41426,42890,43984,45325,44917,44005,42440,42843,43710,44110,44823,46125,45975,43785,46484,48176,46128,47926,44971,44409,45254,45025,46293,46165,45420,46922,48796,54554,53467,52319,51828,54835,54311,53760,50175,53296,50361,52727,52514,54355,55596,52114,56184,55350,52483,54714,53069,54360,50497,49233,53549,52308,47417,52109,40980,42380,42413,42059,42278,41578,43746,43901,44510,44453,43431,46829,47560,48157,44592,44990,45343,47131,49164,47538,44362,47237,47750,46114,48507,44742,44687,48235,46562,46081,48434,46429,46818
STAT,refine,Conflicts,155,5471,131,123,124,123,105,87,107,100,94,90,87,75,76,84,80,72,57,59,61,65,69,58,65,71,67,59,61,56,70,61,44,40,49,43,30,41,40,38,26,44,55,30,44,34,42,38,42,39,32,37,37,36,33,29,24,33,42,41,40,40,35,16,19,23,20,18,17,22,21,23,16,18,12,33,23,20,21,23,14,18,12,22,24,22,25,14,16,28,15,26,15,14,18,15,25,24,32,16,29,20,31,23,15,28,17,23,34,31,24,31,12,36,21,26,15,17,22,22,33,22,17,18,17,16,23,16,12,10,24,13,32,14,16,15,24,17,10,12,19,11,17,18,20,10,21,12,16,22,11,15,16,14,13,21,22
STAT,refine,Iterations,155,45330,375,355,502,353,324,321,414,365,397,414,358,429,322,283,340,357,282,189,248,251,274,304,331,356,278,253,327,227,427,208,223,257,244,340,334,312,363,603,307,292,520,314,425,225,302,377,307,411,315,362,380,353,334,261,275,326,377,355,372,251,273,215,174,231,251,235,214,254,288,251,217,217,148,293,255,223,239,253,159,218,183,242,287,234,289,182,257,320,173,317,212,260,211,249,251,327,391,397,543,360,315,418,304,411,210,289,467,394,369,327,313,463,373,329,343,326,343,281,361,315,316,256,201,218,187,239,168,241,277,307,294,230,204,256,238,207,158,266,302,133,282,171,212,161,282,182,203,268,278,180,266,196,199,242,285
