Hello from MIC
Galois Benchmark Suite v2.2.0 (r0)
Copyright (C) 2013 The University of Texas at Austin
http://iss.ices.utexas.edu/galois/

application: GMetis
Partitions a graph into K parts and minimizing the graph cut
http://iss.ices.utexas.edu/?p=projects/galois/benchmarks/gMetis

INFO: CommandLine /work/02556/dpereira/MIC/apps/gmetis/gmetis -t=205 /work/02556/dpereira/Inputs/USA-road-d.W.gr 128
INFO: Hostname c558-003-mic0.stampede.tacc.utexas.edu
Created Graph with 6262104 nodes and 15248146 edges
Nodes 6262104| Edges 15248146 7624073

  Starting coarsening: 
Time coarsen:  3517 Size of final graph: 3149

  Sarting initial partitioning using GGGP:
Size in decade percentages:  -1,10 -0,113 1,5
Time clustering:  458

  Sarting refinnement with BKL2
Initial dist
Size in decade percentages:  -1,10 -0,113 1,5
Refined dist
Size in decade percentages:  -1,48 -0,32 1,48
Time refinement:  2180


Time:  6333
Total edge cut : 7978

Part saved in : 0x7fff5e4a45e0
STATTYPE,LOOP,CATEGORY,n,sum,T0,T1,T2,T3,T4,T5,T6,T7,T8,T9,T10,T11,T12,T13,T14,T15,T16,T17,T18,T19,T20,T21,T22,T23,T24,T25,T26,T27,T28,T29,T30,T31,T32,T33,T34,T35,T36,T37,T38,T39,T40,T41,T42,T43,T44,T45,T46,T47,T48,T49,T50,T51,T52,T53,T54,T55,T56,T57,T58,T59,T60,T61,T62,T63,T64,T65,T66,T67,T68,T69,T70,T71,T72,T73,T74,T75,T76,T77,T78,T79,T80,T81,T82,T83,T84,T85,T86,T87,T88,T89,T90,T91,T92,T93,T94,T95,T96,T97,T98,T99,T100,T101,T102,T103,T104,T105,T106,T107,T108,T109,T110,T111,T112,T113,T114,T115,T116,T117,T118,T119,T120,T121,T122,T123,T124,T125,T126,T127,T128,T129,T130,T131,T132,T133,T134,T135,T136,T137,T138,T139,T140,T141,T142,T143,T144,T145,T146,T147,T148,T149,T150,T151,T152,T153,T154,T155,T156,T157,T158,T159,T160,T161,T162,T163,T164,T165,T166,T167,T168,T169,T170,T171,T172,T173,T174,T175,T176,T177,T178,T179,T180,T181,T182,T183,T184,T185,T186,T187,T188,T189,T190,T191,T192,T193,T194,T195,T196,T197,T198,T199,T200,T201,T202,T203,T204
STAT,(NULL),Coarsen,205,3517,3517,0,0,0,0,0,0,0,0,0,0,0,0,0,0,0,0,0,0,0,0,0,0,0,0,0,0,0,0,0,0,0,0,0,0,0,0,0,0,0,0,0,0,0,0,0,0,0,0,0,0,0,0,0,0,0,0,0,0,0,0,0,0,0,0,0,0,0,0,0,0,0,0,0,0,0,0,0,0,0,0,0,0,0,0,0,0,0,0,0,0,0,0,0,0,0,0,0,0,0,0,0,0,0,0,0,0,0,0,0,0,0,0,0,0,0,0,0,0,0,0,0,0,0,0,0,0,0,0,0,0,0,0,0,0,0,0,0,0,0,0,0,0,0,0,0,0,0,0,0,0,0,0,0,0,0,0,0,0,0,0,0,0,0,0,0,0,0,0,0,0,0,0,0,0,0,0,0,0,0,0,0,0,0,0,0,0,0,0,0,0,0,0,0,0,0,0,0,0,0,0,0,0,0,0
STAT,(NULL),Conflicts,205,0,0,0,0,0,0,0,0,0,0,0,0,0,0,0,0,0,0,0,0,0,0,0,0,0,0,0,0,0,0,0,0,0,0,0,0,0,0,0,0,0,0,0,0,0,0,0,0,0,0,0,0,0,0,0,0,0,0,0,0,0,0,0,0,0,0,0,0,0,0,0,0,0,0,0,0,0,0,0,0,0,0,0,0,0,0,0,0,0,0,0,0,0,0,0,0,0,0,0,0,0,0,0,0,0,0,0,0,0,0,0,0,0,0,0,0,0,0,0,0,0,0,0,0,0,0,0,0,0,0,0,0,0,0,0,0,0,0,0,0,0,0,0,0,0,0,0,0,0,0,0,0,0,0,0,0,0,0,0,0,0,0,0,0,0,0,0,0,0,0,0,0,0,0,0,0,0,0,0,0,0,0,0,0,0,0,0,0,0,0,0,0,0,0,0,0,0,0,0,0,0,0,0,0,0,0
STAT,(NULL),Iterations,205,255,8,0,1,0,1,5,0,1,0,0,1,0,0,3,0,0,1,0,7,0,0,2,2,0,2,0,0,0,0,1,0,4,0,0,0,5,2,0,0,0,1,0,0,0,0,2,0,2,2,0,0,2,2,1,4,3,1,3,3,0,3,0,0,0,0,0,1,0,3,0,2,0,0,2,2,1,0,6,2,0,1,0,4,0,1,1,1,0,1,0,1,2,5,0,0,3,1,0,0,2,0,0,0,0,2,1,0,3,0,1,1,1,1,4,0,0,1,0,0,3,3,0,7,1,2,0,0,2,0,5,0,0,0,2,2,1,3,5,0,2,1,5,3,0,0,1,0,0,4,4,0,2,0,3,0,0,0,1,6,0,0,1,3,0,0,0,0,0,0,0,0,0,0,2,0,1,1,0,2,0,3,2,1,1,1,0,2,2,0,0,0,7,1,2,6,0,0,5,5,0,0,3,0,1,3
STAT,(NULL),MeminfoPost,205,757085,3699,3683,3703,3711,3696,3695,3688,3697,3681,3702,3692,3710,3719,3744,3702,3680,3687,3694,3685,3697,3701,3709,3695,3701,3698,3692,3682,3685,3687,3705,3705,3688,3681,3685,3694,3695,3692,3700,3704,3705,3686,3705,3679,3690,3694,3709,3713,3746,3710,3686,3690,3686,3681,3704,3693,3702,3719,3687,3700,3699,3679,3686,3689,3700,3710,3682,3690,3680,3691,3697,3699,3691,3692,3720,3705,3687,3694,3704,3699,3685,3703,3685,3691,3681,3684,3702,3675,3677,3694,3700,3704,3690,3684,3693,3684,3684,3678,3686,3689,3681,3694,3716,3717,3691,3680,3686,3684,3712,3687,3678,3671,3677,3694,3697,3704,3698,3704,3693,3693,3687,3681,3696,3683,3689,3689,3673,3679,3675,3694,3674,3703,3682,3675,3707,3713,3721,3711,3706,3679,3684,3698,3693,3677,3671,3689,3694,3700,3702,3702,3687,3682,3698,3681,3688,3684,3677,3676,3685,3698,3680,3676,3707,3720,3714,3719,3698,3690,3683,3683,3679,3693,3699,3719,3719,3697,3717,3714,3685,3682,3697,3684,3690,3689,3691,3680,3669,3688,3680,3693,3701,3672,3674,3686,3675,3679,3702,3678,3684,3690,3696,3692,3694,3694,3687,3694
STAT,(NULL),MeminfoPre,205,189235,929,913,933,941,926,925,918,927,911,932,922,940,949,974,932,910,917,924,915,927,931,939,925,931,928,922,912,915,917,935,935,918,911,915,924,925,922,930,934,935,916,935,909,920,924,939,943,976,940,916,920,916,911,934,923,932,949,917,930,929,909,916,919,930,940,912,920,910,921,927,929,921,922,950,935,917,924,934,929,915,933,915,921,911,914,932,905,907,924,930,934,920,914,923,914,914,908,916,919,911,924,946,947,921,910,916,914,942,917,908,901,907,924,927,934,928,934,923,923,917,911,926,913,919,919,903,909,905,924,904,933,912,905,937,943,951,941,936,909,914,928,923,907,901,919,924,930,932,932,917,912,928,911,918,914,907,906,915,928,910,906,937,950,944,949,928,920,913,913,909,923,929,949,949,927,947,944,915,912,927,914,920,919,921,910,899,918,910,923,931,902,904,916,905,909,932,908,914,920,926,922,924,924,917,924
STAT,(NULL),Partition,205,458,458,0,0,0,0,0,0,0,0,0,0,0,0,0,0,0,0,0,0,0,0,0,0,0,0,0,0,0,0,0,0,0,0,0,0,0,0,0,0,0,0,0,0,0,0,0,0,0,0,0,0,0,0,0,0,0,0,0,0,0,0,0,0,0,0,0,0,0,0,0,0,0,0,0,0,0,0,0,0,0,0,0,0,0,0,0,0,0,0,0,0,0,0,0,0,0,0,0,0,0,0,0,0,0,0,0,0,0,0,0,0,0,0,0,0,0,0,0,0,0,0,0,0,0,0,0,0,0,0,0,0,0,0,0,0,0,0,0,0,0,0,0,0,0,0,0,0,0,0,0,0,0,0,0,0,0,0,0,0,0,0,0,0,0,0,0,0,0,0,0,0,0,0,0,0,0,0,0,0,0,0,0,0,0,0,0,0,0,0,0,0,0,0,0,0,0,0,0,0,0,0,0,0,0,0
STAT,(NULL),Refine,205,2180,2180,0,0,0,0,0,0,0,0,0,0,0,0,0,0,0,0,0,0,0,0,0,0,0,0,0,0,0,0,0,0,0,0,0,0,0,0,0,0,0,0,0,0,0,0,0,0,0,0,0,0,0,0,0,0,0,0,0,0,0,0,0,0,0,0,0,0,0,0,0,0,0,0,0,0,0,0,0,0,0,0,0,0,0,0,0,0,0,0,0,0,0,0,0,0,0,0,0,0,0,0,0,0,0,0,0,0,0,0,0,0,0,0,0,0,0,0,0,0,0,0,0,0,0,0,0,0,0,0,0,0,0,0,0,0,0,0,0,0,0,0,0,0,0,0,0,0,0,0,0,0,0,0,0,0,0,0,0,0,0,0,0,0,0,0,0,0,0,0,0,0,0,0,0,0,0,0,0,0,0,0,0,0,0,0,0,0,0,0,0,0,0,0,0,0,0,0,0,0,0,0,0,0,0,0
STAT,(NULL),Threads,205,205,205,0,0,0,0,0,0,0,0,0,0,0,0,0,0,0,0,0,0,0,0,0,0,0,0,0,0,0,0,0,0,0,0,0,0,0,0,0,0,0,0,0,0,0,0,0,0,0,0,0,0,0,0,0,0,0,0,0,0,0,0,0,0,0,0,0,0,0,0,0,0,0,0,0,0,0,0,0,0,0,0,0,0,0,0,0,0,0,0,0,0,0,0,0,0,0,0,0,0,0,0,0,0,0,0,0,0,0,0,0,0,0,0,0,0,0,0,0,0,0,0,0,0,0,0,0,0,0,0,0,0,0,0,0,0,0,0,0,0,0,0,0,0,0,0,0,0,0,0,0,0,0,0,0,0,0,0,0,0,0,0,0,0,0,0,0,0,0,0,0,0,0,0,0,0,0,0,0,0,0,0,0,0,0,0,0,0,0,0,0,0,0,0,0,0,0,0,0,0,0,0,0,0,0,0
STAT,(NULL),Time,205,6333,6333,0,0,0,0,0,0,0,0,0,0,0,0,0,0,0,0,0,0,0,0,0,0,0,0,0,0,0,0,0,0,0,0,0,0,0,0,0,0,0,0,0,0,0,0,0,0,0,0,0,0,0,0,0,0,0,0,0,0,0,0,0,0,0,0,0,0,0,0,0,0,0,0,0,0,0,0,0,0,0,0,0,0,0,0,0,0,0,0,0,0,0,0,0,0,0,0,0,0,0,0,0,0,0,0,0,0,0,0,0,0,0,0,0,0,0,0,0,0,0,0,0,0,0,0,0,0,0,0,0,0,0,0,0,0,0,0,0,0,0,0,0,0,0,0,0,0,0,0,0,0,0,0,0,0,0,0,0,0,0,0,0,0,0,0,0,0,0,0,0,0,0,0,0,0,0,0,0,0,0,0,0,0,0,0,0,0,0,0,0,0,0,0,0,0,0,0,0,0,0,0,0,0,0,0
STAT,match,Conflicts,205,6496,53,48,52,47,51,52,47,48,45,41,41,45,40,43,51,39,44,42,44,47,47,41,41,42,32,40,43,47,39,44,42,47,39,40,33,49,40,38,41,32,36,37,40,41,33,30,40,35,42,36,34,37,36,34,41,43,30,38,36,30,34,27,31,26,27,25,26,23,35,28,26,26,30,29,24,25,24,27,24,26,36,22,28,30,35,21,25,24,26,25,32,31,23,28,29,35,33,27,25,32,30,35,27,32,33,27,28,28,28,25,26,30,34,28,28,32,36,30,22,30,29,23,21,26,30,26,27,33,23,29,27,33,29,28,24,25,32,25,27,30,25,25,21,29,27,31,25,21,29,25,29,34,28,28,32,28,30,26,39,25,27,27,27,30,27,29,25,27,30,21,25,31,31,26,25,28,37,29,28,23,25,26,29,23,26,27,34,31,29,22,29,24,32,25,23,32,24,35,24,24,26,25,27,24,28
STAT,match,Iterations,205,15045886,42548,57798,53916,49751,50983,58463,41820,48415,53446,59817,38292,52408,52989,45862,61698,55413,62889,61227,66653,50141,48300,64420,69202,62427,70686,70116,76938,50196,74021,72992,72880,72440,51266,88260,60220,59244,98011,58505,71215,53465,79453,65220,81822,62822,59593,54522,59042,75910,74915,56645,69457,65588,51674,83495,69291,65074,76592,61866,68463,82068,56175,76772,68735,68760,79504,57252,87271,66884,86484,80817,73235,69785,87149,63206,70929,81814,78220,69534,95346,77914,54717,79001,81666,73582,75848,102374,72720,90752,92933,74836,98932,81240,99852,79099,65583,76817,76940,106036,80087,92230,71654,77154,75395,83158,56903,84302,78633,86850,70967,71262,82527,59993,67182,91340,74053,77883,84090,69481,87515,80488,74706,62231,75252,80455,77448,87751,68885,73893,60180,57263,56238,58357,66915,66069,79222,61785,75748,74343,69167,63452,90112,89249,73163,73858,86390,71984,88994,96715,65369,92473,72893,76849,73316,95585,84871,92890,72733,104424,79683,84128,87921,75023,70451,86828,85393,76212,94396,102650,63245,73526,83460,74867,85563,96913,76304,97816,76226,69045,77246,94897,76998,89086,57097,63424,70123,72628,62600,75191,70349,77235,85815,75997,81177,85846,74364,65821,91030,70061,65908,84471,90279,69036,74627,84572,74424
STAT,popedge,Conflicts,205,0,0,0,0,0,0,0,0,0,0,0,0,0,0,0,0,0,0,0,0,0,0,0,0,0,0,0,0,0,0,0,0,0,0,0,0,0,0,0,0,0,0,0,0,0,0,0,0,0,0,0,0,0,0,0,0,0,0,0,0,0,0,0,0,0,0,0,0,0,0,0,0,0,0,0,0,0,0,0,0,0,0,0,0,0,0,0,0,0,0,0,0,0,0,0,0,0,0,0,0,0,0,0,0,0,0,0,0,0,0,0,0,0,0,0,0,0,0,0,0,0,0,0,0,0,0,0,0,0,0,0,0,0,0,0,0,0,0,0,0,0,0,0,0,0,0,0,0,0,0,0,0,0,0,0,0,0,0,0,0,0,0,0,0,0,0,0,0,0,0,0,0,0,0,0,0,0,0,0,0,0,0,0,0,0,0,0,0,0,0,0,0,0,0,0,0,0,0,0,0,0,0,0,0,0,0
STAT,popedge,Iterations,205,7370426,33519,32978,32817,32635,32484,31898,33700,33582,33965,33239,32556,34224,31984,32632,32033,31812,33117,33516,33613,33318,32151,32889,38677,37290,36989,37333,38216,36573,38696,38258,38700,38473,38956,38059,37749,38452,36281,37877,36018,37779,35646,36622,40373,38857,39761,36452,36871,35404,40458,39675,38232,39401,39151,37740,37335,37370,37106,38170,36759,37888,39138,31910,32814,33064,32172,32389,33805,32293,33939,31794,32922,32566,30279,31889,32911,31813,33221,31783,31954,32025,32652,31911,32949,37461,38864,37478,38283,38508,36692,40764,37544,37748,37271,36807,38140,37104,39169,42127,36140,36383,37973,37166,35959,40768,39363,37743,37418,37340,36664,40283,36408,41727,38596,40851,38098,36569,36224,37657,35811,36769,39409,39311,32597,33430,34187,31288,33482,31262,33840,34486,33021,32441,32831,32483,34960,32764,33254,32194,32769,32082,33031,35747,32469,33613,35285,37745,38431,39645,39349,37657,39626,37738,37761,38386,39817,37884,37834,37598,39182,36311,38152,38644,36456,36213,41160,35856,36399,37916,37835,36481,38707,43534,38538,39076,39509,39815,38555,39427,40451,40442,38726,37779,40466,34709,34292,34322,33968,33291,32906,32197,33256,31382,33811,33049,33683,33767,33775,32827,35318,32662,34658,34028,33528,34849,34439
STAT,refine,Conflicts,205,6536,109,105,116,108,100,108,92,79,76,89,78,82,75,83,80,62,71,64,65,74,67,67,55,52,64,53,61,61,58,61,38,44,45,37,36,45,47,39,50,41,45,38,44,35,43,31,47,43,39,30,43,40,34,49,43,41,35,36,47,35,26,22,16,12,23,22,24,21,19,18,15,10,21,19,21,28,23,29,18,20,13,23,28,22,19,24,19,24,27,25,21,12,25,26,31,24,26,24,25,21,24,24,22,19,16,33,19,23,23,18,24,15,20,16,25,16,19,14,19,27,16,15,17,12,20,25,20,15,16,15,16,17,13,22,14,21,20,25,29,25,20,17,19,19,19,17,17,15,22,26,21,17,21,27,21,19,23,26,29,20,31,24,22,15,30,23,16,18,30,22,26,15,19,26,21,22,27,12,20,17,22,20,19,15,20,13,23,27,12,20,27,15,20,19,19,19,27,23,12,25,20,22,29,17,10
STAT,refine,Iterations,205,135008,588,770,729,708,653,843,597,718,536,740,437,709,859,803,741,605,782,625,635,728,460,764,564,591,783,596,593,559,848,879,684,643,558,710,440,852,730,634,844,747,957,692,989,570,723,525,633,997,789,402,843,636,434,665,602,633,760,615,523,454,379,699,608,460,529,651,838,653,719,517,579,426,768,775,696,738,563,657,602,586,577,594,647,697,646,889,450,573,579,861,846,519,822,619,700,687,871,930,626,896,868,1068,715,1112,488,814,654,906,606,470,485,494,508,469,774,563,755,495,564,563,565,365,488,393,482,436,578,557,434,682,470,625,345,696,774,815,699,614,633,525,751,570,478,679,493,547,875,798,649,632,591,808,399,786,700,764,605,875,929,709,807,842,990,769,998,474,500,816,655,763,865,627,797,638,673,883,621,494,829,627,550,564,583,542,505,585,468,470,615,400,817,383,576,608,736,782,696,544,468,807,742,684,719,506,606
