Hello from MIC
Galois Benchmark Suite v2.2.0 (r0)
Copyright (C) 2013 The University of Texas at Austin
http://iss.ices.utexas.edu/galois/

application: GMetis
Partitions a graph into K parts and minimizing the graph cut
http://iss.ices.utexas.edu/?p=projects/galois/benchmarks/gMetis

INFO: CommandLine /work/02556/dpereira/MIC/apps/gmetis/gmetis -t=50 /work/02556/dpereira/Inputs/USA-road-d.W.gr 128
INFO: Hostname c557-901-mic0.stampede.tacc.utexas.edu
Created Graph with 6262104 nodes and 15248146 edges
Nodes 6262104| Edges 15248146 7624073

  Starting coarsening: 
Time coarsen:  2579 Size of final graph: 3013

  Sarting initial partitioning using GGGP:
Size in decade percentages:  -1,5 -0,119 1,4
Time clustering:  396

  Sarting refinnement with BKL2
Initial dist
Size in decade percentages:  -1,5 -0,119 1,4
Refined dist
Size in decade percentages:  -1,48 0,33 1,47
Time refinement:  680


Time:  3832
Total edge cut : 8023

Part saved in : 0x7fff6c321960
STATTYPE,LOOP,CATEGORY,n,sum,T0,T1,T2,T3,T4,T5,T6,T7,T8,T9,T10,T11,T12,T13,T14,T15,T16,T17,T18,T19,T20,T21,T22,T23,T24,T25,T26,T27,T28,T29,T30,T31,T32,T33,T34,T35,T36,T37,T38,T39,T40,T41,T42,T43,T44,T45,T46,T47,T48,T49
STAT,(NULL),Coarsen,50,2579,2579,0,0,0,0,0,0,0,0,0,0,0,0,0,0,0,0,0,0,0,0,0,0,0,0,0,0,0,0,0,0,0,0,0,0,0,0,0,0,0,0,0,0,0,0,0,0,0,0,0
STAT,(NULL),Conflicts,50,0,0,0,0,0,0,0,0,0,0,0,0,0,0,0,0,0,0,0,0,0,0,0,0,0,0,0,0,0,0,0,0,0,0,0,0,0,0,0,0,0,0,0,0,0,0,0,0,0,0,0
STAT,(NULL),Iterations,50,255,10,4,6,10,1,5,5,4,4,2,6,11,4,4,3,5,3,5,6,5,3,6,2,3,1,9,6,3,4,20,10,3,4,3,6,9,3,6,2,4,6,5,0,7,3,0,4,10,6,4
STAT,(NULL),MeminfoPost,50,756185,15145,15128,15138,15196,15117,15160,15104,15128,15117,15147,15118,15236,15093,15156,15117,15141,15097,15145,15152,15123,15108,15099,15118,15076,15153,15109,15100,15112,15144,15100,15080,15095,15141,15156,15094,15124,15117,15095,15085,15165,15137,15113,15207,15126,15093,15060,15091,15096,15113,15120
STAT,(NULL),MeminfoPre,50,189035,3802,3785,3795,3853,3774,3817,3761,3785,3774,3804,3775,3893,3750,3813,3774,3798,3754,3802,3809,3780,3765,3756,3775,3733,3810,3766,3757,3769,3801,3757,3737,3752,3798,3813,3751,3781,3774,3752,3742,3822,3794,3770,3864,3783,3750,3717,3748,3753,3770,3777
STAT,(NULL),Partition,50,396,396,0,0,0,0,0,0,0,0,0,0,0,0,0,0,0,0,0,0,0,0,0,0,0,0,0,0,0,0,0,0,0,0,0,0,0,0,0,0,0,0,0,0,0,0,0,0,0,0,0
STAT,(NULL),Refine,50,680,680,0,0,0,0,0,0,0,0,0,0,0,0,0,0,0,0,0,0,0,0,0,0,0,0,0,0,0,0,0,0,0,0,0,0,0,0,0,0,0,0,0,0,0,0,0,0,0,0,0
STAT,(NULL),Threads,50,50,50,0,0,0,0,0,0,0,0,0,0,0,0,0,0,0,0,0,0,0,0,0,0,0,0,0,0,0,0,0,0,0,0,0,0,0,0,0,0,0,0,0,0,0,0,0,0,0,0,0
STAT,(NULL),Time,50,3832,3832,0,0,0,0,0,0,0,0,0,0,0,0,0,0,0,0,0,0,0,0,0,0,0,0,0,0,0,0,0,0,0,0,0,0,0,0,0,0,0,0,0,0,0,0,0,0,0,0,0
STAT,match,Conflicts,50,4369,144,112,107,101,100,105,116,79,91,73,100,118,126,88,84,73,82,82,74,85,84,77,100,102,83,81,76,91,73,63,81,101,78,60,87,61,57,43,78,73,67,76,89,71,95,93,109,116,107,57
STAT,match,Iterations,50,14962586,267139,277870,298826,271313,301304,280990,301872,306738,309404,298661,309160,267224,314217,303861,299762,298317,283435,284680,297418,297363,299342,288165,281332,304779,289289,317768,321839,308010,291337,318075,307339,311761,290895,284259,295927,304701,311587,300518,302005,293989,299341,297597,287293,314497,310590,318409,317745,305206,309072,310365
STAT,popedge,Conflicts,50,0,0,0,0,0,0,0,0,0,0,0,0,0,0,0,0,0,0,0,0,0,0,0,0,0,0,0,0,0,0,0,0,0,0,0,0,0,0,0,0,0,0,0,0,0,0,0,0,0,0,0
STAT,popedge,Iterations,50,7331388,142257,148117,145769,143118,141879,141804,150659,146982,146671,142432,145316,137796,144487,140419,145557,146192,129433,131641,127676,134541,143051,145440,143811,144963,142546,149570,151663,153215,146829,146110,153549,148594,150479,143176,148204,142368,146130,148143,147582,141437,138564,142102,160700,160568,160362,159776,161784,160749,158744,158433
STAT,refine,Conflicts,50,2885,128,116,117,91,102,84,82,60,75,73,69,69,66,53,63,52,53,53,58,71,55,66,60,56,67,45,47,37,53,59,49,32,50,38,47,47,41,40,49,52,29,39,35,32,35,47,39,27,38,39
STAT,refine,Iterations,50,131870,2532,2166,3343,3413,3012,2000,3059,3149,2366,2235,2389,3385,2637,2504,2697,3227,1909,2468,2633,2834,2895,2526,2932,2627,2832,2695,2342,2439,2689,2735,2446,2594,2889,3233,2251,2643,2741,2550,2956,2762,2289,2609,2676,2655,1884,2232,1986,2361,3182,2261
