Hello from MIC
Galois Benchmark Suite v2.2.0 (r0)
Copyright (C) 2013 The University of Texas at Austin
http://iss.ices.utexas.edu/galois/

application: GMetis
Partitions a graph into K parts and minimizing the graph cut
http://iss.ices.utexas.edu/?p=projects/galois/benchmarks/gMetis

INFO: CommandLine /work/02556/dpereira/MIC/apps/gmetis/gmetis -t=98 /work/02556/dpereira/Inputs/USA-road-d.W.gr 128
INFO: Hostname c557-903-mic0.stampede.tacc.utexas.edu
Created Graph with 6262104 nodes and 15248146 edges
Nodes 6262104| Edges 15248146 7624073

  Starting coarsening: 
Time coarsen:  2258 Size of final graph: 3053

  Sarting initial partitioning using GGGP:
Size in decade percentages:  -1,3 -0,120 1,5
Time clustering:  406

  Sarting refinnement with BKL2
Initial dist
Size in decade percentages:  -1,3 -0,120 1,5
Refined dist
Size in decade percentages:  -1,44 -0,35 1,49
Time refinement:  1040


Time:  3881
Total edge cut : 7817

Part saved in : 0x7ffffb6bdde0
STATTYPE,LOOP,CATEGORY,n,sum,T0,T1,T2,T3,T4,T5,T6,T7,T8,T9,T10,T11,T12,T13,T14,T15,T16,T17,T18,T19,T20,T21,T22,T23,T24,T25,T26,T27,T28,T29,T30,T31,T32,T33,T34,T35,T36,T37,T38,T39,T40,T41,T42,T43,T44,T45,T46,T47,T48,T49,T50,T51,T52,T53,T54,T55,T56,T57,T58,T59,T60,T61,T62,T63,T64,T65,T66,T67,T68,T69,T70,T71,T72,T73,T74,T75,T76,T77,T78,T79,T80,T81,T82,T83,T84,T85,T86,T87,T88,T89,T90,T91,T92,T93,T94,T95,T96,T97
STAT,(NULL),Coarsen,98,2258,2258,0,0,0,0,0,0,0,0,0,0,0,0,0,0,0,0,0,0,0,0,0,0,0,0,0,0,0,0,0,0,0,0,0,0,0,0,0,0,0,0,0,0,0,0,0,0,0,0,0,0,0,0,0,0,0,0,0,0,0,0,0,0,0,0,0,0,0,0,0,0,0,0,0,0,0,0,0,0,0,0,0,0,0,0,0,0,0,0,0,0,0,0,0,0,0,0,0
STAT,(NULL),Conflicts,98,0,0,0,0,0,0,0,0,0,0,0,0,0,0,0,0,0,0,0,0,0,0,0,0,0,0,0,0,0,0,0,0,0,0,0,0,0,0,0,0,0,0,0,0,0,0,0,0,0,0,0,0,0,0,0,0,0,0,0,0,0,0,0,0,0,0,0,0,0,0,0,0,0,0,0,0,0,0,0,0,0,0,0,0,0,0,0,0,0,0,0,0,0,0,0,0,0,0,0
STAT,(NULL),Iterations,98,255,8,4,0,3,0,4,0,0,3,0,1,1,3,3,0,2,2,0,1,0,4,0,4,0,5,1,4,1,5,3,0,1,0,0,3,8,1,8,4,4,1,11,3,0,3,5,9,4,3,5,4,3,4,1,3,5,3,2,0,4,1,7,7,3,4,10,2,0,5,3,0,0,2,0,1,4,4,1,3,0,0,3,2,4,3,1,2,0,1,0,4,0,1,0,5,2,2,4
STAT,(NULL),MeminfoPost,98,756670,7715,7746,7731,7714,7720,7749,7797,7711,7703,7739,7738,7732,7707,7719,7739,7697,7721,7732,7731,7732,7704,7741,7798,7722,7716,7719,7741,7735,7715,7710,7746,7707,7706,7729,7723,7753,7722,7728,7725,7705,7720,7686,7727,7730,7709,7701,7694,7706,7764,7723,7703,7733,7684,7704,7732,7743,7718,7705,7714,7704,7688,7693,7721,7713,7769,7751,7700,7724,7682,7723,7742,7713,7710,7710,7683,7718,7691,7766,7768,7713,7699,7711,7774,7753,7741,7708,7711,7714,7681,7708,7719,7677,7701,7716,7702,7722,7725,7712
STAT,(NULL),MeminfoPre,98,189152,1924,1955,1940,1923,1929,1958,2006,1920,1912,1948,1947,1941,1916,1928,1948,1906,1930,1941,1940,1941,1913,1950,2007,1931,1925,1928,1950,1944,1924,1919,1955,1916,1915,1938,1932,1962,1931,1937,1934,1914,1929,1895,1936,1939,1918,1910,1903,1915,1973,1932,1912,1942,1893,1913,1941,1952,1927,1914,1923,1913,1897,1902,1930,1922,1978,1960,1909,1933,1891,1932,1951,1922,1919,1919,1892,1927,1900,1975,1977,1922,1908,1920,1983,1962,1950,1917,1920,1923,1890,1917,1928,1886,1910,1925,1911,1931,1934,1921
STAT,(NULL),Partition,98,406,406,0,0,0,0,0,0,0,0,0,0,0,0,0,0,0,0,0,0,0,0,0,0,0,0,0,0,0,0,0,0,0,0,0,0,0,0,0,0,0,0,0,0,0,0,0,0,0,0,0,0,0,0,0,0,0,0,0,0,0,0,0,0,0,0,0,0,0,0,0,0,0,0,0,0,0,0,0,0,0,0,0,0,0,0,0,0,0,0,0,0,0,0,0,0,0,0,0
STAT,(NULL),Refine,98,1040,1040,0,0,0,0,0,0,0,0,0,0,0,0,0,0,0,0,0,0,0,0,0,0,0,0,0,0,0,0,0,0,0,0,0,0,0,0,0,0,0,0,0,0,0,0,0,0,0,0,0,0,0,0,0,0,0,0,0,0,0,0,0,0,0,0,0,0,0,0,0,0,0,0,0,0,0,0,0,0,0,0,0,0,0,0,0,0,0,0,0,0,0,0,0,0,0,0,0
STAT,(NULL),Threads,98,98,98,0,0,0,0,0,0,0,0,0,0,0,0,0,0,0,0,0,0,0,0,0,0,0,0,0,0,0,0,0,0,0,0,0,0,0,0,0,0,0,0,0,0,0,0,0,0,0,0,0,0,0,0,0,0,0,0,0,0,0,0,0,0,0,0,0,0,0,0,0,0,0,0,0,0,0,0,0,0,0,0,0,0,0,0,0,0,0,0,0,0,0,0,0,0,0,0,0
STAT,(NULL),Time,98,3881,3881,0,0,0,0,0,0,0,0,0,0,0,0,0,0,0,0,0,0,0,0,0,0,0,0,0,0,0,0,0,0,0,0,0,0,0,0,0,0,0,0,0,0,0,0,0,0,0,0,0,0,0,0,0,0,0,0,0,0,0,0,0,0,0,0,0,0,0,0,0,0,0,0,0,0,0,0,0,0,0,0,0,0,0,0,0,0,0,0,0,0,0,0,0,0,0,0,0
STAT,match,Conflicts,98,6007,145,107,116,90,93,106,107,99,88,76,83,95,87,76,81,96,97,70,54,82,54,73,82,90,82,74,82,68,62,62,77,97,72,74,56,71,57,34,48,39,43,44,53,50,50,47,52,48,42,44,37,44,52,41,45,52,42,45,31,38,40,51,54,65,52,49,42,45,45,44,39,48,49,47,48,47,50,63,54,35,53,33,52,54,63,55,53,47,54,39,55,56,62,48,51,53,49,61
STAT,match,Iterations,98,14984202,111966,130930,120140,126985,130269,120144,135702,131269,126320,134554,130339,141334,132378,141403,133276,144651,134218,138880,155285,138496,144279,136942,129921,133087,151368,143943,136645,141003,147686,162530,151471,140937,135833,142921,154348,148084,165688,179021,157447,179140,167080,170731,157026,174426,170709,152399,155915,164147,157073,175350,167076,156750,158785,179441,150743,145282,159763,169240,189843,182952,170170,152877,153075,149447,137192,159382,152980,157850,168472,167666,165938,143247,167748,162649,164769,170101,168168,155226,127928,175820,150175,172437,150401,156773,149682,177454,149433,158116,159057,170465,157367,167304,148646,155401,167266,157681,160061,160214
STAT,popedge,Conflicts,98,0,0,0,0,0,0,0,0,0,0,0,0,0,0,0,0,0,0,0,0,0,0,0,0,0,0,0,0,0,0,0,0,0,0,0,0,0,0,0,0,0,0,0,0,0,0,0,0,0,0,0,0,0,0,0,0,0,0,0,0,0,0,0,0,0,0,0,0,0,0,0,0,0,0,0,0,0,0,0,0,0,0,0,0,0,0,0,0,0,0,0,0,0,0,0,0,0,0,0
STAT,popedge,Iterations,98,7343069,73005,72561,72532,71966,71501,73891,68375,74853,71058,71156,70288,70689,75656,72377,74771,72703,72087,69739,71366,71503,71662,72578,72536,74718,74224,73841,75466,73303,73416,72124,75105,76936,73754,68841,68944,70890,67353,76610,73636,76868,80550,80669,81233,76877,80511,82671,83700,77714,78912,78577,83864,85566,89466,83373,82655,84456,82216,83993,83053,81103,86381,71371,69909,72723,72128,68743,73885,66035,75199,72422,69355,69985,71037,74349,71686,71849,71980,69947,69906,70718,71283,72173,74289,78552,75270,74245,77185,76147,78676,77185,75740,76959,78863,76263,73087,75338,72942,73223
STAT,refine,Conflicts,98,4397,117,115,118,110,107,97,100,84,72,77,79,84,71,75,77,67,68,72,59,58,53,60,59,52,61,52,51,56,46,58,57,47,49,53,48,40,42,40,33,36,43,30,37,41,36,38,33,32,41,30,23,31,32,34,33,29,22,29,44,35,34,26,28,25,26,27,27,27,30,24,23,21,24,24,29,33,34,29,28,25,27,25,29,37,23,19,24,29,25,25,34,23,26,26,31,26,21,30
STAT,refine,Iterations,98,129886,1155,1337,984,1052,1299,1196,1514,1091,1522,1365,1269,1262,1219,1175,1463,1520,1328,1175,1343,874,1014,1134,1800,1238,1271,1200,1497,963,1221,1156,1327,1431,1125,1256,1166,1511,1487,1487,1594,1659,1474,1070,1476,1605,1384,1057,1407,1176,1563,1783,1127,1338,1092,1243,1607,1455,1435,1473,1293,1405,1653,1193,1292,957,1064,1716,1371,1306,1068,1735,1526,1170,1313,1148,1323,1776,1529,1481,1469,1326,1092,1482,1414,2139,969,1365,855,1378,945,1205,1101,1041,1457,941,1568,1270,1419,1686
