Hello from MIC
Galois Benchmark Suite v2.2.0 (r0)
Copyright (C) 2013 The University of Texas at Austin
http://iss.ices.utexas.edu/galois/

application: GMetis
Partitions a graph into K parts and minimizing the graph cut
http://iss.ices.utexas.edu/?p=projects/galois/benchmarks/gMetis

INFO: CommandLine /work/02556/dpereira/MIC/apps/gmetis/gmetis -t=217 /work/02556/dpereira/Inputs/USA-road-d.W.gr 1024
INFO: Hostname c557-803-mic0.stampede.tacc.utexas.edu
Created Graph with 6262104 nodes and 15248146 edges
Nodes 6262104| Edges 15248146 7624073

  Starting coarsening: 
Time coarsen:  2866 Size of final graph: 22219

  Sarting initial partitioning using GGGP:
Size in decade percentages:  -1,61 -0,898 1,65
Time clustering:  1133

  Sarting refinnement with BKL2
Initial dist
Size in decade percentages:  -1,61 -0,898 1,65
Refined dist
Size in decade percentages:  -1,362 0,292 1,369 4,1
Time refinement:  1931


Time:  6110
Total edge cut : 31912

Part saved in : 0x7fff107fd8e0
STATTYPE,LOOP,CATEGORY,n,sum,T0,T1,T2,T3,T4,T5,T6,T7,T8,T9,T10,T11,T12,T13,T14,T15,T16,T17,T18,T19,T20,T21,T22,T23,T24,T25,T26,T27,T28,T29,T30,T31,T32,T33,T34,T35,T36,T37,T38,T39,T40,T41,T42,T43,T44,T45,T46,T47,T48,T49,T50,T51,T52,T53,T54,T55,T56,T57,T58,T59,T60,T61,T62,T63,T64,T65,T66,T67,T68,T69,T70,T71,T72,T73,T74,T75,T76,T77,T78,T79,T80,T81,T82,T83,T84,T85,T86,T87,T88,T89,T90,T91,T92,T93,T94,T95,T96,T97,T98,T99,T100,T101,T102,T103,T104,T105,T106,T107,T108,T109,T110,T111,T112,T113,T114,T115,T116,T117,T118,T119,T120,T121,T122,T123,T124,T125,T126,T127,T128,T129,T130,T131,T132,T133,T134,T135,T136,T137,T138,T139,T140,T141,T142,T143,T144,T145,T146,T147,T148,T149,T150,T151,T152,T153,T154,T155,T156,T157,T158,T159,T160,T161,T162,T163,T164,T165,T166,T167,T168,T169,T170,T171,T172,T173,T174,T175,T176,T177,T178,T179,T180,T181,T182,T183,T184,T185,T186,T187,T188,T189,T190,T191,T192,T193,T194,T195,T196,T197,T198,T199,T200,T201,T202,T203,T204,T205,T206,T207,T208,T209,T210,T211,T212,T213,T214,T215,T216
STAT,(NULL),Coarsen,217,2866,2866,0,0,0,0,0,0,0,0,0,0,0,0,0,0,0,0,0,0,0,0,0,0,0,0,0,0,0,0,0,0,0,0,0,0,0,0,0,0,0,0,0,0,0,0,0,0,0,0,0,0,0,0,0,0,0,0,0,0,0,0,0,0,0,0,0,0,0,0,0,0,0,0,0,0,0,0,0,0,0,0,0,0,0,0,0,0,0,0,0,0,0,0,0,0,0,0,0,0,0,0,0,0,0,0,0,0,0,0,0,0,0,0,0,0,0,0,0,0,0,0,0,0,0,0,0,0,0,0,0,0,0,0,0,0,0,0,0,0,0,0,0,0,0,0,0,0,0,0,0,0,0,0,0,0,0,0,0,0,0,0,0,0,0,0,0,0,0,0,0,0,0,0,0,0,0,0,0,0,0,0,0,0,0,0,0,0,0,0,0,0,0,0,0,0,0,0,0,0,0,0,0,0,0,0,0,0,0,0,0,0,0,0,0,0,0,0
STAT,(NULL),Conflicts,217,0,0,0,0,0,0,0,0,0,0,0,0,0,0,0,0,0,0,0,0,0,0,0,0,0,0,0,0,0,0,0,0,0,0,0,0,0,0,0,0,0,0,0,0,0,0,0,0,0,0,0,0,0,0,0,0,0,0,0,0,0,0,0,0,0,0,0,0,0,0,0,0,0,0,0,0,0,0,0,0,0,0,0,0,0,0,0,0,0,0,0,0,0,0,0,0,0,0,0,0,0,0,0,0,0,0,0,0,0,0,0,0,0,0,0,0,0,0,0,0,0,0,0,0,0,0,0,0,0,0,0,0,0,0,0,0,0,0,0,0,0,0,0,0,0,0,0,0,0,0,0,0,0,0,0,0,0,0,0,0,0,0,0,0,0,0,0,0,0,0,0,0,0,0,0,0,0,0,0,0,0,0,0,0,0,0,0,0,0,0,0,0,0,0,0,0,0,0,0,0,0,0,0,0,0,0,0,0,0,0,0,0,0,0,0,0,0,0
STAT,(NULL),Iterations,217,2047,11,12,5,6,8,2,11,4,3,2,12,2,4,14,0,8,11,9,2,12,13,8,10,8,10,8,7,2,9,3,14,7,5,4,10,9,13,14,13,14,1,17,9,15,7,6,8,8,10,10,9,13,12,10,7,8,9,22,8,5,18,16,5,10,5,12,8,9,11,13,7,8,11,6,8,5,7,5,13,10,13,6,9,5,12,12,8,10,10,13,6,9,7,3,8,15,12,9,16,9,4,8,17,11,9,5,13,12,7,23,4,13,3,13,9,6,21,11,9,9,3,19,18,11,15,19,18,6,8,6,8,10,5,6,5,8,6,5,5,18,11,11,16,7,12,14,4,7,10,5,11,2,14,5,9,1,7,9,8,17,12,17,8,21,12,14,8,5,8,11,12,6,14,9,7,15,10,10,1,23,9,3,15,9,12,11,11,2,12,9,12,11,8,8,15,6,6,7,3,8,18,4,8,12,12,6,12,20,11,15,1,9,7,11,12,6,5
STAT,(NULL),MeminfoPost,217,756590,3493,3481,3489,3500,3492,3501,3481,3493,3475,3476,3491,3500,3495,3532,3514,3498,3474,3483,3486,3475,3490,3495,3495,3510,3476,3501,3494,3468,3484,3476,3492,3494,3502,3475,3474,3480,3490,3484,3484,3493,3497,3492,3490,3481,3490,3477,3495,3487,3503,3511,3537,3501,3475,3484,3480,3476,3495,3486,3501,3494,3495,3491,3490,3480,3480,3483,3480,3498,3498,3478,3481,3478,3485,3489,3493,3489,3482,3495,3522,3479,3485,3493,3494,3484,3483,3498,3475,3484,3477,3478,3496,3471,3469,3486,3490,3496,3489,3484,3483,3478,3483,3472,3472,3477,3487,3475,3490,3510,3510,3485,3473,3480,3478,3497,3488,3474,3470,3467,3479,3489,3490,3493,3500,3496,3485,3487,3479,3478,3489,3478,3481,3484,3470,3477,3469,3478,3470,3490,3484,3474,3472,3502,3514,3507,3504,3500,3474,3480,3480,3497,3474,3467,3472,3488,3489,3493,3500,3486,3486,3474,3490,3476,3482,3479,3474,3468,3482,3472,3490,3471,3491,3506,3508,3509,3505,3489,3476,3481,3477,3470,3487,3492,3512,3510,3497,3506,3505,3486,3472,3484,3498,3473,3488,3479,3483,3474,3461,3483,3475,3481,3501,3468,3467,3467,3481,3474,3478,3489,3475,3485,3478,3491,3487,3487,3490,3481,3485
STAT,(NULL),MeminfoPre,217,189135,878,866,874,885,877,886,866,878,860,861,876,885,880,917,899,883,859,868,871,860,875,880,880,895,861,886,879,853,869,861,877,879,887,860,859,865,875,869,869,878,882,877,875,866,875,862,880,872,888,896,922,886,860,869,865,861,880,871,886,879,880,876,875,865,865,868,865,883,883,863,866,863,870,874,878,874,867,880,907,864,870,878,879,869,868,883,860,869,862,863,881,856,854,871,875,881,874,869,868,863,868,857,857,862,872,860,875,895,895,870,858,865,863,882,873,859,855,852,864,874,875,878,885,881,870,872,864,863,874,863,866,869,855,862,854,863,855,875,869,859,857,887,899,892,889,885,859,865,865,882,859,852,857,873,874,878,885,871,871,859,875,861,867,864,859,853,867,857,875,856,876,891,893,894,890,874,861,866,862,855,872,877,897,895,882,891,890,871,857,869,883,858,873,864,868,859,846,868,860,866,886,853,852,852,866,859,863,874,860,870,863,876,872,872,875,866,870
STAT,(NULL),Partition,217,1133,1133,0,0,0,0,0,0,0,0,0,0,0,0,0,0,0,0,0,0,0,0,0,0,0,0,0,0,0,0,0,0,0,0,0,0,0,0,0,0,0,0,0,0,0,0,0,0,0,0,0,0,0,0,0,0,0,0,0,0,0,0,0,0,0,0,0,0,0,0,0,0,0,0,0,0,0,0,0,0,0,0,0,0,0,0,0,0,0,0,0,0,0,0,0,0,0,0,0,0,0,0,0,0,0,0,0,0,0,0,0,0,0,0,0,0,0,0,0,0,0,0,0,0,0,0,0,0,0,0,0,0,0,0,0,0,0,0,0,0,0,0,0,0,0,0,0,0,0,0,0,0,0,0,0,0,0,0,0,0,0,0,0,0,0,0,0,0,0,0,0,0,0,0,0,0,0,0,0,0,0,0,0,0,0,0,0,0,0,0,0,0,0,0,0,0,0,0,0,0,0,0,0,0,0,0,0,0,0,0,0,0,0,0,0,0,0,0
STAT,(NULL),Refine,217,1931,1931,0,0,0,0,0,0,0,0,0,0,0,0,0,0,0,0,0,0,0,0,0,0,0,0,0,0,0,0,0,0,0,0,0,0,0,0,0,0,0,0,0,0,0,0,0,0,0,0,0,0,0,0,0,0,0,0,0,0,0,0,0,0,0,0,0,0,0,0,0,0,0,0,0,0,0,0,0,0,0,0,0,0,0,0,0,0,0,0,0,0,0,0,0,0,0,0,0,0,0,0,0,0,0,0,0,0,0,0,0,0,0,0,0,0,0,0,0,0,0,0,0,0,0,0,0,0,0,0,0,0,0,0,0,0,0,0,0,0,0,0,0,0,0,0,0,0,0,0,0,0,0,0,0,0,0,0,0,0,0,0,0,0,0,0,0,0,0,0,0,0,0,0,0,0,0,0,0,0,0,0,0,0,0,0,0,0,0,0,0,0,0,0,0,0,0,0,0,0,0,0,0,0,0,0,0,0,0,0,0,0,0,0,0,0,0,0
STAT,(NULL),Threads,217,217,217,0,0,0,0,0,0,0,0,0,0,0,0,0,0,0,0,0,0,0,0,0,0,0,0,0,0,0,0,0,0,0,0,0,0,0,0,0,0,0,0,0,0,0,0,0,0,0,0,0,0,0,0,0,0,0,0,0,0,0,0,0,0,0,0,0,0,0,0,0,0,0,0,0,0,0,0,0,0,0,0,0,0,0,0,0,0,0,0,0,0,0,0,0,0,0,0,0,0,0,0,0,0,0,0,0,0,0,0,0,0,0,0,0,0,0,0,0,0,0,0,0,0,0,0,0,0,0,0,0,0,0,0,0,0,0,0,0,0,0,0,0,0,0,0,0,0,0,0,0,0,0,0,0,0,0,0,0,0,0,0,0,0,0,0,0,0,0,0,0,0,0,0,0,0,0,0,0,0,0,0,0,0,0,0,0,0,0,0,0,0,0,0,0,0,0,0,0,0,0,0,0,0,0,0,0,0,0,0,0,0,0,0,0,0,0,0
STAT,(NULL),Time,217,6110,6110,0,0,0,0,0,0,0,0,0,0,0,0,0,0,0,0,0,0,0,0,0,0,0,0,0,0,0,0,0,0,0,0,0,0,0,0,0,0,0,0,0,0,0,0,0,0,0,0,0,0,0,0,0,0,0,0,0,0,0,0,0,0,0,0,0,0,0,0,0,0,0,0,0,0,0,0,0,0,0,0,0,0,0,0,0,0,0,0,0,0,0,0,0,0,0,0,0,0,0,0,0,0,0,0,0,0,0,0,0,0,0,0,0,0,0,0,0,0,0,0,0,0,0,0,0,0,0,0,0,0,0,0,0,0,0,0,0,0,0,0,0,0,0,0,0,0,0,0,0,0,0,0,0,0,0,0,0,0,0,0,0,0,0,0,0,0,0,0,0,0,0,0,0,0,0,0,0,0,0,0,0,0,0,0,0,0,0,0,0,0,0,0,0,0,0,0,0,0,0,0,0,0,0,0,0,0,0,0,0,0,0,0,0,0,0,0
STAT,match,Conflicts,217,6094,49,47,43,35,43,35,45,33,46,37,49,39,33,37,45,40,45,37,42,39,38,31,37,38,35,41,39,37,32,35,45,33,29,39,27,31,33,29,33,24,35,29,31,30,35,30,32,40,36,36,40,39,29,39,30,32,32,32,26,39,38,29,23,26,27,27,30,35,19,23,26,28,24,19,29,25,22,28,23,20,28,25,25,27,31,26,27,23,23,26,23,26,21,28,28,23,23,18,23,22,26,21,20,27,21,21,26,25,28,25,26,31,27,25,27,21,21,29,32,29,20,24,26,23,31,28,23,27,15,20,30,23,20,21,19,26,25,23,24,19,24,29,26,20,22,23,25,24,29,26,22,22,23,25,23,26,23,24,24,22,21,26,28,30,23,24,26,18,23,28,27,25,22,29,25,26,25,27,27,32,25,28,32,31,20,29,20,25,33,30,28,23,19,28,21,21,23,26,26,22,30,24,21,25,20,23,25,23,27,31,15,29,27,26,23,25,27
STAT,match,Iterations,217,15013518,41168,37820,64511,53785,56557,53584,57862,46853,48213,48862,61028,54804,50624,42085,49064,55720,48494,60875,47999,60412,72400,48448,72340,65349,55670,55296,43767,63695,55100,49746,47663,42295,59707,43639,66013,82903,47820,65075,53479,67297,76823,58329,63763,62397,78085,75172,62589,47763,46893,55105,58091,61294,69389,70089,70597,56247,74053,75381,79242,57965,63597,58875,71940,84311,51856,53181,53010,68723,89600,64322,76219,77734,79886,71315,70191,69226,62801,58719,71607,80829,81083,61544,45058,77817,55205,80889,78232,68218,75789,72189,73179,64791,82701,78152,73287,90594,85443,75820,75977,68455,77334,85432,73831,72036,85109,80313,89951,75032,78237,91219,74619,63875,90587,69858,84213,83151,84313,81009,68954,57808,85820,73494,55818,54833,67559,57639,95402,52176,93207,69982,79166,78439,91389,74879,66617,70490,71365,76213,68186,85086,56549,79342,68376,51913,76665,44668,70113,87897,72200,64175,82736,87460,63355,79056,70754,85218,75478,76096,64987,80541,92775,65380,79259,75884,72477,65528,58598,76859,67907,66703,88369,80639,83658,64543,75839,72620,65890,73366,85624,61156,74047,73562,85351,77633,112876,55665,84231,80012,71347,80519,49906,77988,70664,57766,72959,69112,80884,64439,73081,68922,75423,77404,76868,88033,57564,82629,68114,66805,77603,66598,84514,77992,64017,78402,83026,69389,53225
STAT,popedge,Conflicts,217,0,0,0,0,0,0,0,0,0,0,0,0,0,0,0,0,0,0,0,0,0,0,0,0,0,0,0,0,0,0,0,0,0,0,0,0,0,0,0,0,0,0,0,0,0,0,0,0,0,0,0,0,0,0,0,0,0,0,0,0,0,0,0,0,0,0,0,0,0,0,0,0,0,0,0,0,0,0,0,0,0,0,0,0,0,0,0,0,0,0,0,0,0,0,0,0,0,0,0,0,0,0,0,0,0,0,0,0,0,0,0,0,0,0,0,0,0,0,0,0,0,0,0,0,0,0,0,0,0,0,0,0,0,0,0,0,0,0,0,0,0,0,0,0,0,0,0,0,0,0,0,0,0,0,0,0,0,0,0,0,0,0,0,0,0,0,0,0,0,0,0,0,0,0,0,0,0,0,0,0,0,0,0,0,0,0,0,0,0,0,0,0,0,0,0,0,0,0,0,0,0,0,0,0,0,0,0,0,0,0,0,0,0,0,0,0,0,0
STAT,popedge,Iterations,217,7356212,31086,32423,31425,31568,32847,30921,32790,30864,32702,31916,32021,31904,32297,32602,31346,33110,31031,30531,32193,32722,30367,31524,31505,31330,32831,33244,34871,32546,33840,32980,31900,35332,32279,34196,36613,35273,35988,39115,37397,35241,35765,37969,35618,36215,37106,35398,35963,38318,37925,36121,36702,36500,36217,38705,37859,35077,37624,36362,36158,33881,38342,32003,30919,30269,32996,33975,30797,32638,34184,32423,31396,31383,31151,31410,31818,30672,32145,30850,31164,32321,32166,32118,30506,31309,32165,31628,30843,32552,32533,32385,31452,31565,33700,30651,30167,38654,38539,34759,35627,38620,33655,34164,35868,37068,35121,34402,38706,34619,35182,39600,37087,37310,36456,36891,37111,38480,34462,40027,40254,36801,34947,36123,31688,30556,32057,32042,35305,31781,33552,32802,33020,32328,32166,31060,32034,30756,32034,31479,30846,32243,32397,32361,30965,31073,31614,31044,33894,31306,32675,32961,30979,34521,33547,33087,32931,32775,39778,37843,35778,37453,34609,36527,35604,35727,37618,38534,37102,37228,35709,40165,37518,38357,36528,35199,37843,36590,38686,36753,38489,37963,36006,34772,35583,32137,33399,31953,32137,32759,31696,35487,33276,33272,31373,32949,32114,29915,32473,32758,33592,30356,30978,31698,33309,30861,34051,32975,31365,31742,31367,33513,34605,31544,32314,32309,33726,32736,32349
STAT,refine,Conflicts,217,6008,72,69,72,64,69,69,67,66,66,58,52,70,60,65,63,63,52,57,43,51,50,43,46,57,56,45,53,47,53,52,51,35,36,36,33,31,32,30,32,28,41,25,33,40,43,29,39,37,44,35,36,39,37,45,31,32,33,31,53,31,42,14,18,25,22,18,12,26,17,14,20,20,20,18,20,18,13,20,23,23,24,25,10,19,23,25,21,26,23,15,22,21,16,21,20,25,27,16,17,17,21,20,14,23,25,24,18,25,25,26,20,14,20,19,31,10,19,21,18,25,16,17,23,16,24,17,18,17,19,11,19,21,26,23,12,20,21,24,15,34,18,14,15,15,28,14,14,25,16,16,24,23,14,20,28,17,16,12,12,19,19,17,23,13,24,15,22,15,23,16,26,21,27,15,14,21,19,20,29,20,23,26,26,28,18,23,17,15,19,18,20,25,21,18,23,15,27,24,20,16,30,19,22,23,17,27,20,15,32,32,22,18,22,22,19,18,14
STAT,refine,Iterations,217,432080,1634,1406,2513,1367,2159,1552,2141,1463,1660,1270,1983,2034,1852,2198,1825,2058,1207,1744,1300,1780,1993,1562,2090,2222,1478,1619,1602,1757,2003,1937,1957,1610,2160,1764,1454,1931,1489,1751,1710,1539,2477,1828,1948,1730,2338,1722,2325,1463,2088,1893,3068,2254,2161,2290,2007,1390,2167,2082,2794,2005,2263,1835,1565,2216,1733,2251,1411,2421,2142,1634,1954,2106,1933,1670,1918,1541,2054,1744,2379,1958,1752,2009,1312,1955,1698,2404,2018,1827,2055,1620,1947,1578,1719,2203,2068,2453,2209,1577,1578,1591,1601,1985,1883,2117,2842,1961,2528,2794,3067,2846,2192,2596,2636,1983,2545,1538,1536,2430,2036,2098,3118,2533,2005,1588,2087,1922,2693,1610,2852,1617,1995,1540,2391,1834,1508,2262,1495,2230,1400,2187,1591,2181,2272,1719,2158,1631,1747,2185,1666,1986,2054,2098,1507,2217,2078,2038,2054,1806,1575,1705,2280,1394,2300,1828,2158,2026,2380,2060,2094,1924,2622,2297,2868,2487,2451,2186,1892,1774,2897,1735,2051,3014,3081,2447,2627,2348,2100,2040,1869,2601,1789,2077,1643,1684,1505,1238,2195,1536,1774,1288,2306,1535,1901,1893,1523,2268,1992,1983,1978,2174,2191,1999,2156,2009,2174,2380,1604
