Hello from MIC
Galois Benchmark Suite v2.2.0 (r0)
Copyright (C) 2013 The University of Texas at Austin
http://iss.ices.utexas.edu/galois/

application: GMetis
Partitions a graph into K parts and minimizing the graph cut
http://iss.ices.utexas.edu/?p=projects/galois/benchmarks/gMetis

INFO: CommandLine /work/02556/dpereira/MIC/apps/gmetis/gmetis -t=194 /work/02556/dpereira/Inputs/USA-road-d.W.gr 16
INFO: Hostname c558-002-mic0.stampede.tacc.utexas.edu
Created Graph with 6262104 nodes and 15248146 edges
Nodes 6262104| Edges 15248146 7624073

  Starting coarsening: 
Time coarsen:  3835 Size of final graph: 448

  Sarting initial partitioning using GGGP:
Size in decade percentages:  -1,1 -0,14 1,1
Time clustering:  368

  Sarting refinnement with BKL2
Initial dist
Size in decade percentages:  -1,1 -0,14 1,1
Refined dist
Size in decade percentages:  -1,6 -0,4 1,6
Time refinement:  2206


Time:  6584
Total edge cut : 2024

Part saved in : 0x7fff2005ca60
STATTYPE,LOOP,CATEGORY,n,sum,T0,T1,T2,T3,T4,T5,T6,T7,T8,T9,T10,T11,T12,T13,T14,T15,T16,T17,T18,T19,T20,T21,T22,T23,T24,T25,T26,T27,T28,T29,T30,T31,T32,T33,T34,T35,T36,T37,T38,T39,T40,T41,T42,T43,T44,T45,T46,T47,T48,T49,T50,T51,T52,T53,T54,T55,T56,T57,T58,T59,T60,T61,T62,T63,T64,T65,T66,T67,T68,T69,T70,T71,T72,T73,T74,T75,T76,T77,T78,T79,T80,T81,T82,T83,T84,T85,T86,T87,T88,T89,T90,T91,T92,T93,T94,T95,T96,T97,T98,T99,T100,T101,T102,T103,T104,T105,T106,T107,T108,T109,T110,T111,T112,T113,T114,T115,T116,T117,T118,T119,T120,T121,T122,T123,T124,T125,T126,T127,T128,T129,T130,T131,T132,T133,T134,T135,T136,T137,T138,T139,T140,T141,T142,T143,T144,T145,T146,T147,T148,T149,T150,T151,T152,T153,T154,T155,T156,T157,T158,T159,T160,T161,T162,T163,T164,T165,T166,T167,T168,T169,T170,T171,T172,T173,T174,T175,T176,T177,T178,T179,T180,T181,T182,T183,T184,T185,T186,T187,T188,T189,T190,T191,T192,T193
STAT,(NULL),Coarsen,194,3835,3835,0,0,0,0,0,0,0,0,0,0,0,0,0,0,0,0,0,0,0,0,0,0,0,0,0,0,0,0,0,0,0,0,0,0,0,0,0,0,0,0,0,0,0,0,0,0,0,0,0,0,0,0,0,0,0,0,0,0,0,0,0,0,0,0,0,0,0,0,0,0,0,0,0,0,0,0,0,0,0,0,0,0,0,0,0,0,0,0,0,0,0,0,0,0,0,0,0,0,0,0,0,0,0,0,0,0,0,0,0,0,0,0,0,0,0,0,0,0,0,0,0,0,0,0,0,0,0,0,0,0,0,0,0,0,0,0,0,0,0,0,0,0,0,0,0,0,0,0,0,0,0,0,0,0,0,0,0,0,0,0,0,0,0,0,0,0,0,0,0,0,0,0,0,0,0,0,0,0,0,0,0,0,0,0,0,0,0,0,0,0,0,0,0
STAT,(NULL),Conflicts,194,0,0,0,0,0,0,0,0,0,0,0,0,0,0,0,0,0,0,0,0,0,0,0,0,0,0,0,0,0,0,0,0,0,0,0,0,0,0,0,0,0,0,0,0,0,0,0,0,0,0,0,0,0,0,0,0,0,0,0,0,0,0,0,0,0,0,0,0,0,0,0,0,0,0,0,0,0,0,0,0,0,0,0,0,0,0,0,0,0,0,0,0,0,0,0,0,0,0,0,0,0,0,0,0,0,0,0,0,0,0,0,0,0,0,0,0,0,0,0,0,0,0,0,0,0,0,0,0,0,0,0,0,0,0,0,0,0,0,0,0,0,0,0,0,0,0,0,0,0,0,0,0,0,0,0,0,0,0,0,0,0,0,0,0,0,0,0,0,0,0,0,0,0,0,0,0,0,0,0,0,0,0,0,0,0,0,0,0,0,0,0,0,0,0,0
STAT,(NULL),Iterations,194,31,5,0,0,0,0,0,0,0,0,0,0,0,0,0,0,0,0,0,0,0,0,0,0,0,0,1,0,0,0,0,0,2,3,0,0,0,0,0,0,0,0,0,0,0,0,0,2,0,0,0,0,0,0,0,1,0,0,1,0,0,0,0,0,0,1,0,4,0,0,0,0,0,0,0,0,0,0,0,0,0,0,0,0,0,0,0,0,0,0,0,2,0,0,0,0,0,0,0,0,0,0,0,0,0,0,0,0,1,0,0,0,0,0,0,0,0,0,0,0,1,0,0,0,0,0,0,0,0,0,0,0,0,0,0,0,0,0,0,0,0,0,0,0,0,0,0,0,1,1,0,0,0,0,0,0,0,0,0,0,0,0,0,0,0,0,0,0,0,2,0,0,0,0,0,0,0,0,0,0,0,0,0,0,0,0,0,0,0,0,3,0,0,0,0
STAT,(NULL),MeminfoPost,194,756802,3904,3891,3922,3904,3913,3901,3902,3893,3894,3908,3915,3922,3957,3917,3885,3900,3898,3894,3908,3905,3915,3909,3905,3912,3886,3897,3894,3909,3917,3889,3892,3891,3905,3901,3900,3910,3909,3908,3899,3905,3887,3909,3903,3916,3945,3934,3908,3890,3892,3895,3911,3899,3910,3929,3898,3906,3900,3889,3895,3896,3912,3917,3888,3888,3895,3902,3909,3902,3897,3925,3915,3897,3903,3910,3903,3895,3909,3893,3894,3891,3912,3886,3879,3899,3906,3913,3899,3893,3899,3895,3886,3886,3889,3900,3886,3917,3927,3910,3894,3892,3892,3913,3901,3887,3878,3884,3902,3905,3906,3914,3913,3899,3901,3886,3906,3890,3894,3899,3885,3883,3885,3897,3880,3911,3888,3883,3917,3931,3925,3925,3896,3892,3891,3914,3887,3880,3890,3902,3905,3915,3909,3895,3890,3902,3892,3896,3886,3886,3893,3882,3905,3884,3906,3925,3920,3933,3909,3896,3891,3893,3885,3901,3911,3933,3917,3914,3926,3905,3885,3897,3904,3898,3897,3901,3882,3880,3895,3889,3912,3892,3881,3878,3908,3868,3888,3909,3887,3895,3902,3903,3902,3905,3891,3905
STAT,(NULL),MeminfoPre,194,189158,978,965,996,978,987,975,976,967,968,982,989,996,1031,991,959,974,972,968,982,979,989,983,979,986,960,971,968,983,991,963,966,965,979,975,974,984,983,982,973,979,961,983,977,990,1019,1008,982,964,966,969,985,973,984,1003,972,980,974,963,969,970,986,991,962,962,969,976,983,976,971,999,989,971,977,984,977,969,983,967,968,965,986,960,953,973,980,987,973,967,973,969,960,960,963,974,960,991,1001,984,968,966,966,987,975,961,952,958,976,979,980,988,987,973,975,960,980,964,968,973,959,957,959,971,954,985,962,957,991,1005,999,999,970,966,965,988,961,954,964,976,979,989,983,969,964,976,966,970,960,960,967,956,979,958,980,999,994,1007,983,970,965,967,959,975,985,1007,991,988,1000,979,959,971,978,972,971,975,956,954,969,963,986,966,955,952,982,942,962,983,961,969,976,977,976,979,965,979
STAT,(NULL),Partition,194,368,368,0,0,0,0,0,0,0,0,0,0,0,0,0,0,0,0,0,0,0,0,0,0,0,0,0,0,0,0,0,0,0,0,0,0,0,0,0,0,0,0,0,0,0,0,0,0,0,0,0,0,0,0,0,0,0,0,0,0,0,0,0,0,0,0,0,0,0,0,0,0,0,0,0,0,0,0,0,0,0,0,0,0,0,0,0,0,0,0,0,0,0,0,0,0,0,0,0,0,0,0,0,0,0,0,0,0,0,0,0,0,0,0,0,0,0,0,0,0,0,0,0,0,0,0,0,0,0,0,0,0,0,0,0,0,0,0,0,0,0,0,0,0,0,0,0,0,0,0,0,0,0,0,0,0,0,0,0,0,0,0,0,0,0,0,0,0,0,0,0,0,0,0,0,0,0,0,0,0,0,0,0,0,0,0,0,0,0,0,0,0,0,0,0
STAT,(NULL),Refine,194,2206,2206,0,0,0,0,0,0,0,0,0,0,0,0,0,0,0,0,0,0,0,0,0,0,0,0,0,0,0,0,0,0,0,0,0,0,0,0,0,0,0,0,0,0,0,0,0,0,0,0,0,0,0,0,0,0,0,0,0,0,0,0,0,0,0,0,0,0,0,0,0,0,0,0,0,0,0,0,0,0,0,0,0,0,0,0,0,0,0,0,0,0,0,0,0,0,0,0,0,0,0,0,0,0,0,0,0,0,0,0,0,0,0,0,0,0,0,0,0,0,0,0,0,0,0,0,0,0,0,0,0,0,0,0,0,0,0,0,0,0,0,0,0,0,0,0,0,0,0,0,0,0,0,0,0,0,0,0,0,0,0,0,0,0,0,0,0,0,0,0,0,0,0,0,0,0,0,0,0,0,0,0,0,0,0,0,0,0,0,0,0,0,0,0,0
STAT,(NULL),Threads,194,194,194,0,0,0,0,0,0,0,0,0,0,0,0,0,0,0,0,0,0,0,0,0,0,0,0,0,0,0,0,0,0,0,0,0,0,0,0,0,0,0,0,0,0,0,0,0,0,0,0,0,0,0,0,0,0,0,0,0,0,0,0,0,0,0,0,0,0,0,0,0,0,0,0,0,0,0,0,0,0,0,0,0,0,0,0,0,0,0,0,0,0,0,0,0,0,0,0,0,0,0,0,0,0,0,0,0,0,0,0,0,0,0,0,0,0,0,0,0,0,0,0,0,0,0,0,0,0,0,0,0,0,0,0,0,0,0,0,0,0,0,0,0,0,0,0,0,0,0,0,0,0,0,0,0,0,0,0,0,0,0,0,0,0,0,0,0,0,0,0,0,0,0,0,0,0,0,0,0,0,0,0,0,0,0,0,0,0,0,0,0,0,0,0,0
STAT,(NULL),Time,194,6584,6584,0,0,0,0,0,0,0,0,0,0,0,0,0,0,0,0,0,0,0,0,0,0,0,0,0,0,0,0,0,0,0,0,0,0,0,0,0,0,0,0,0,0,0,0,0,0,0,0,0,0,0,0,0,0,0,0,0,0,0,0,0,0,0,0,0,0,0,0,0,0,0,0,0,0,0,0,0,0,0,0,0,0,0,0,0,0,0,0,0,0,0,0,0,0,0,0,0,0,0,0,0,0,0,0,0,0,0,0,0,0,0,0,0,0,0,0,0,0,0,0,0,0,0,0,0,0,0,0,0,0,0,0,0,0,0,0,0,0,0,0,0,0,0,0,0,0,0,0,0,0,0,0,0,0,0,0,0,0,0,0,0,0,0,0,0,0,0,0,0,0,0,0,0,0,0,0,0,0,0,0,0,0,0,0,0,0,0,0,0,0,0,0,0
STAT,match,Conflicts,194,6521,56,53,49,45,46,51,55,43,51,59,52,58,43,47,46,42,36,42,52,48,49,42,50,57,49,44,51,51,53,42,44,40,37,44,41,39,41,40,44,46,36,46,39,39,43,45,40,43,35,35,43,43,46,41,36,42,42,29,44,32,36,34,29,20,22,29,26,30,24,32,27,25,29,28,25,31,29,26,30,28,26,30,30,31,28,32,30,25,23,32,28,30,33,25,24,37,30,28,31,23,38,29,27,26,39,32,32,30,28,27,31,27,36,28,32,24,31,30,26,26,30,32,36,20,29,23,25,24,25,20,29,28,29,27,26,27,25,25,17,23,27,31,28,29,33,32,35,27,31,27,31,40,25,30,33,31,28,32,29,34,33,36,29,27,26,30,33,34,30,27,30,30,26,28,39,35,32,26,28,30,27,30,32,27,30,22,29,21,26,28,30,19,23,23
STAT,match,Iterations,194,15027040,56372,57093,74720,51918,57671,41762,61757,55464,53074,53942,50177,62085,64418,75465,72009,75218,71045,74910,49742,68738,65844,70039,67460,70659,62059,60397,76415,50789,64031,72462,55294,69004,60143,70983,80803,60296,73879,74819,66205,64493,77647,82716,85101,73295,72191,62705,78682,54978,76705,56170,65301,68502,74117,74460,78531,65915,75737,74733,67373,68345,73292,65422,87514,104344,66491,90305,71312,66034,64724,81119,85173,90893,81389,64827,65251,64152,69930,61953,89530,80327,78469,62261,80195,85265,88270,79797,97288,112420,82837,83980,97034,71236,82879,89340,97463,77549,75955,79244,96073,90369,90259,73805,85994,70034,80370,91501,77343,67932,90035,83559,81360,104470,84635,89094,65835,79608,81374,82616,72827,82393,70118,63140,92493,85996,80528,79298,70727,78355,74848,71678,84174,74517,84490,90505,91200,102355,85198,76854,77607,90211,78792,83615,83152,73580,89239,87886,98304,76120,81683,103021,90138,67459,74597,78716,86571,84634,90362,99122,84545,96931,85202,85418,93034,85002,87709,82914,72698,91018,104885,78060,93946,81603,85812,75532,92682,74978,82108,89225,81723,85031,97866,81870,89772,70574,69287,87924,65054,90337,70598,76630,64734,82524,84418,90305
STAT,popedge,Conflicts,194,0,0,0,0,0,0,0,0,0,0,0,0,0,0,0,0,0,0,0,0,0,0,0,0,0,0,0,0,0,0,0,0,0,0,0,0,0,0,0,0,0,0,0,0,0,0,0,0,0,0,0,0,0,0,0,0,0,0,0,0,0,0,0,0,0,0,0,0,0,0,0,0,0,0,0,0,0,0,0,0,0,0,0,0,0,0,0,0,0,0,0,0,0,0,0,0,0,0,0,0,0,0,0,0,0,0,0,0,0,0,0,0,0,0,0,0,0,0,0,0,0,0,0,0,0,0,0,0,0,0,0,0,0,0,0,0,0,0,0,0,0,0,0,0,0,0,0,0,0,0,0,0,0,0,0,0,0,0,0,0,0,0,0,0,0,0,0,0,0,0,0,0,0,0,0,0,0,0,0,0,0,0,0,0,0,0,0,0,0,0,0,0,0,0,0
STAT,popedge,Iterations,194,7360270,34747,33750,33694,34569,35192,34003,34086,33444,34767,33415,33029,38870,37087,36261,37810,38271,36196,37815,37082,38930,37014,37911,39540,38144,40268,38671,38521,40482,41652,39734,37666,37851,38406,37813,36903,38147,37379,37971,37129,39042,38478,38625,37645,39587,39102,40637,38091,39788,38907,39136,41455,40065,38596,38229,37878,40906,36442,37930,38971,40666,39450,33824,34021,33762,33267,32633,33170,33653,34075,33878,32875,33507,36652,37016,38120,39986,37240,38056,36858,37526,37280,38119,36954,39204,39692,36947,36981,39959,39745,38835,38623,37667,38661,38071,40882,38161,39328,38284,38788,41731,39550,39825,40463,39801,42167,40432,39592,40869,39162,40369,38222,41274,38345,38897,39042,40298,42995,36516,39652,38757,40544,38511,35802,34972,35004,35043,33626,31893,34985,33925,34096,31994,33686,38068,41597,35836,37208,36894,39138,40245,37543,40715,36294,38862,38284,38501,36925,37588,39173,37116,37995,42737,38533,36265,36839,39908,38482,40695,40023,43076,38894,39918,41483,41760,41509,44543,40834,39659,39325,41587,40138,40217,40768,41469,39867,43190,39492,38695,37917,41756,39889,41001,40303,34862,35757,36571,35817,35411,34165,36329,32751,33438,34182,34047
STAT,refine,Conflicts,194,6291,138,123,123,111,111,107,106,104,87,100,104,85,97,104,82,64,48,71,74,59,57,61,64,54,65,70,77,77,60,67,54,27,25,43,38,41,36,42,41,43,44,39,43,47,38,38,40,28,41,45,31,39,36,53,45,42,29,40,44,38,33,14,10,18,11,21,17,22,18,23,26,31,11,14,24,18,18,13,21,21,15,15,20,20,23,18,25,21,30,21,21,14,18,16,28,27,16,21,21,19,30,21,14,20,24,21,22,20,19,23,19,21,19,16,22,18,22,13,19,22,20,12,20,16,13,13,12,12,12,12,19,18,18,29,21,17,26,22,21,21,23,10,19,12,19,24,21,16,25,21,20,17,22,23,15,13,17,20,23,26,28,19,20,25,16,18,24,12,15,16,12,25,14,10,13,22,33,18,17,19,23,23,16,20,13,12,24,13,6,19,8,21,19,20
STAT,refine,Iterations,194,43422,421,399,373,357,373,371,382,283,319,373,420,520,367,420,251,247,163,294,251,284,250,224,320,243,243,324,266,424,263,298,211,228,143,215,218,217,145,207,169,208,201,302,283,415,225,283,240,133,224,197,265,301,255,226,175,246,157,155,286,211,231,160,168,206,147,202,121,147,188,261,235,254,208,139,173,188,238,144,215,231,169,163,178,304,170,213,327,341,327,267,209,210,261,183,203,179,138,164,228,174,323,210,147,194,214,226,275,200,144,184,227,257,307,250,211,146,227,144,131,230,244,173,189,178,134,108,163,172,172,159,172,165,250,243,201,176,166,216,183,266,261,256,188,210,215,254,145,269,295,288,279,209,143,200,140,168,152,156,148,210,207,262,202,260,268,233,211,175,156,130,136,209,251,165,267,161,165,190,147,242,225,192,176,189,121,155,156,198,149,200,128,205,221,179
