Hello from MIC
Galois Benchmark Suite v2.2.0 (r0)
Copyright (C) 2013 The University of Texas at Austin
http://iss.ices.utexas.edu/galois/

application: GMetis
Partitions a graph into K parts and minimizing the graph cut
http://iss.ices.utexas.edu/?p=projects/galois/benchmarks/gMetis

INFO: CommandLine /work/02556/dpereira/MIC/apps/gmetis/gmetis -t=69 /work/02556/dpereira/Inputs/USA-road-d.W.gr 128
INFO: Hostname c557-903-mic0.stampede.tacc.utexas.edu
Created Graph with 6262104 nodes and 15248146 edges
Nodes 6262104| Edges 15248146 7624073

  Starting coarsening: 
Time coarsen:  2312 Size of final graph: 3064

  Sarting initial partitioning using GGGP:
Size in decade percentages:  -1,6 -0,117 1,5
Time clustering:  399

  Sarting refinnement with BKL2
Initial dist
Size in decade percentages:  -1,6 -0,117 1,5
Refined dist
Size in decade percentages:  -1,47 0,39 1,42
Time refinement:  793


Time:  3677
Total edge cut : 7917

Part saved in : 0x7fff9a631d60
STATTYPE,LOOP,CATEGORY,n,sum,T0,T1,T2,T3,T4,T5,T6,T7,T8,T9,T10,T11,T12,T13,T14,T15,T16,T17,T18,T19,T20,T21,T22,T23,T24,T25,T26,T27,T28,T29,T30,T31,T32,T33,T34,T35,T36,T37,T38,T39,T40,T41,T42,T43,T44,T45,T46,T47,T48,T49,T50,T51,T52,T53,T54,T55,T56,T57,T58,T59,T60,T61,T62,T63,T64,T65,T66,T67,T68
STAT,(NULL),Coarsen,69,2312,2312,0,0,0,0,0,0,0,0,0,0,0,0,0,0,0,0,0,0,0,0,0,0,0,0,0,0,0,0,0,0,0,0,0,0,0,0,0,0,0,0,0,0,0,0,0,0,0,0,0,0,0,0,0,0,0,0,0,0,0,0,0,0,0,0,0,0,0,0
STAT,(NULL),Conflicts,69,0,0,0,0,0,0,0,0,0,0,0,0,0,0,0,0,0,0,0,0,0,0,0,0,0,0,0,0,0,0,0,0,0,0,0,0,0,0,0,0,0,0,0,0,0,0,0,0,0,0,0,0,0,0,0,0,0,0,0,0,0,0,0,0,0,0,0,0,0,0
STAT,(NULL),Iterations,69,255,8,3,4,0,1,0,4,0,5,1,5,1,7,2,11,6,3,0,2,3,4,3,7,0,2,5,4,1,3,0,5,2,3,3,3,3,2,3,2,4,5,6,1,6,4,4,15,12,14,12,9,4,4,4,7,0,4,1,0,3,3,1,2,5,0,1,0,3,0
STAT,(NULL),MeminfoPost,69,756419,10967,10987,10952,10985,11052,10938,10966,10990,10957,10961,10964,10950,10976,10967,10966,11023,10994,10947,10991,10977,10948,10978,10939,10970,10997,10962,10966,10959,10952,10932,10978,10945,10928,10948,11007,10934,10960,10925,10977,10977,10953,10943,10915,10950,10936,11027,10966,10954,10931,10985,10945,10953,10924,10936,11003,11006,10931,10968,11015,10988,10952,10953,10916,10958,10921,10938,10935,10967,10958
STAT,(NULL),MeminfoPre,69,189101,2745,2765,2730,2763,2830,2716,2744,2768,2735,2739,2742,2728,2754,2745,2744,2801,2772,2725,2769,2755,2726,2756,2717,2748,2775,2740,2744,2737,2730,2710,2756,2723,2706,2726,2785,2712,2738,2703,2755,2755,2731,2721,2693,2728,2714,2805,2744,2732,2709,2763,2723,2731,2702,2714,2781,2784,2709,2746,2793,2766,2730,2731,2694,2736,2699,2716,2713,2745,2736
STAT,(NULL),Partition,69,399,399,0,0,0,0,0,0,0,0,0,0,0,0,0,0,0,0,0,0,0,0,0,0,0,0,0,0,0,0,0,0,0,0,0,0,0,0,0,0,0,0,0,0,0,0,0,0,0,0,0,0,0,0,0,0,0,0,0,0,0,0,0,0,0,0,0,0,0,0
STAT,(NULL),Refine,69,793,793,0,0,0,0,0,0,0,0,0,0,0,0,0,0,0,0,0,0,0,0,0,0,0,0,0,0,0,0,0,0,0,0,0,0,0,0,0,0,0,0,0,0,0,0,0,0,0,0,0,0,0,0,0,0,0,0,0,0,0,0,0,0,0,0,0,0,0,0
STAT,(NULL),Threads,69,69,69,0,0,0,0,0,0,0,0,0,0,0,0,0,0,0,0,0,0,0,0,0,0,0,0,0,0,0,0,0,0,0,0,0,0,0,0,0,0,0,0,0,0,0,0,0,0,0,0,0,0,0,0,0,0,0,0,0,0,0,0,0,0,0,0,0,0,0,0
STAT,(NULL),Time,69,3677,3677,0,0,0,0,0,0,0,0,0,0,0,0,0,0,0,0,0,0,0,0,0,0,0,0,0,0,0,0,0,0,0,0,0,0,0,0,0,0,0,0,0,0,0,0,0,0,0,0,0,0,0,0,0,0,0,0,0,0,0,0,0,0,0,0,0,0,0,0
STAT,match,Conflicts,69,5160,202,162,146,142,137,110,141,105,77,65,89,81,70,57,85,68,63,67,66,71,77,72,79,60,78,58,55,60,73,75,60,35,52,73,56,49,71,86,38,70,37,65,60,62,68,85,56,70,66,58,56,68,56,56,53,56,60,62,59,66,58,78,83,75,77,71,56,91,71
STAT,match,Iterations,69,14982296,167312,195722,189153,186722,181786,195582,185129,194749,231418,238311,213905,227830,207900,235872,220677,226547,217175,243120,210940,231613,236289,219551,230158,210718,191788,210284,222175,218615,207174,219086,219712,231983,236295,220418,198823,249939,221760,216391,211634,218920,231217,229577,230445,225917,226938,201781,204178,217798,229620,226632,221973,221112,232752,221391,203378,218689,212636,215584,225812,228601,239477,195473,218657,212019,230200,213542,233751,199041,220929
STAT,popedge,Conflicts,69,0,0,0,0,0,0,0,0,0,0,0,0,0,0,0,0,0,0,0,0,0,0,0,0,0,0,0,0,0,0,0,0,0,0,0,0,0,0,0,0,0,0,0,0,0,0,0,0,0,0,0,0,0,0,0,0,0,0,0,0,0,0,0,0,0,0,0,0,0,0
STAT,popedge,Iterations,69,7343452,101752,101197,98487,101456,96753,99637,97129,93953,108483,109696,114152,111513,108490,105690,109578,105516,106962,109669,105286,106372,111348,110205,111456,99583,101217,101301,100092,101623,107818,107071,104111,108256,106100,110087,105028,111287,113861,120021,111089,110268,109595,115535,111947,108223,115037,108838,96782,110145,112429,105687,109532,110579,109117,108408,102672,102882,106361,107431,115880,120239,116493,101967,99606,99097,100827,95587,101349,101895,95719
STAT,refine,Conflicts,69,3544,122,127,111,112,92,94,98,81,68,65,79,64,59,63,70,59,61,52,51,59,46,62,56,51,46,62,65,59,49,57,45,41,44,29,49,36,32,37,24,38,38,27,36,38,33,51,41,38,30,33,38,44,47,40,38,34,27,48,48,26,32,25,30,34,27,33,29,32,32
STAT,refine,Iterations,69,131150,1462,2029,1871,1888,2304,1633,1676,1651,1959,2281,1741,1678,1668,1946,2019,2618,2567,1809,1644,1494,1970,2138,1968,1750,2195,1845,1792,1976,1843,1548,1841,2034,1973,2183,2437,2293,1856,1369,1468,2152,2242,1491,1791,2090,1680,2209,2133,1683,1271,1531,1893,1825,1825,1772,2216,2065,1800,2491,2329,1650,1701,1686,1900,1671,2449,2030,1518,1580,2059
