Hello from MIC
Galois Benchmark Suite v2.2.0 (r0)
Copyright (C) 2013 The University of Texas at Austin
http://iss.ices.utexas.edu/galois/

application: GMetis
Partitions a graph into K parts and minimizing the graph cut
http://iss.ices.utexas.edu/?p=projects/galois/benchmarks/gMetis

INFO: CommandLine /work/02556/dpereira/MIC/apps/gmetis/gmetis -t=76 /work/02556/dpereira/Inputs/USA-road-d.W.gr 128
INFO: Hostname c557-903-mic0.stampede.tacc.utexas.edu
Created Graph with 6262104 nodes and 15248146 edges
Nodes 6262104| Edges 15248146 7624073

  Starting coarsening: 
Time coarsen:  2312 Size of final graph: 3045

  Sarting initial partitioning using GGGP:
Size in decade percentages:  -1,6 -0,117 1,5
Time clustering:  408

  Sarting refinnement with BKL2
Initial dist
Size in decade percentages:  -1,6 -0,117 1,5
Refined dist
Size in decade percentages:  -1,44 0,38 1,46
Time refinement:  875


Time:  3771
Total edge cut : 8034

Part saved in : 0x7fffd05d5de0
STATTYPE,LOOP,CATEGORY,n,sum,T0,T1,T2,T3,T4,T5,T6,T7,T8,T9,T10,T11,T12,T13,T14,T15,T16,T17,T18,T19,T20,T21,T22,T23,T24,T25,T26,T27,T28,T29,T30,T31,T32,T33,T34,T35,T36,T37,T38,T39,T40,T41,T42,T43,T44,T45,T46,T47,T48,T49,T50,T51,T52,T53,T54,T55,T56,T57,T58,T59,T60,T61,T62,T63,T64,T65,T66,T67,T68,T69,T70,T71,T72,T73,T74,T75
STAT,(NULL),Coarsen,76,2312,2312,0,0,0,0,0,0,0,0,0,0,0,0,0,0,0,0,0,0,0,0,0,0,0,0,0,0,0,0,0,0,0,0,0,0,0,0,0,0,0,0,0,0,0,0,0,0,0,0,0,0,0,0,0,0,0,0,0,0,0,0,0,0,0,0,0,0,0,0,0,0,0,0,0,0,0
STAT,(NULL),Conflicts,76,0,0,0,0,0,0,0,0,0,0,0,0,0,0,0,0,0,0,0,0,0,0,0,0,0,0,0,0,0,0,0,0,0,0,0,0,0,0,0,0,0,0,0,0,0,0,0,0,0,0,0,0,0,0,0,0,0,0,0,0,0,0,0,0,0,0,0,0,0,0,0,0,0,0,0,0,0
STAT,(NULL),Iterations,76,255,8,0,3,2,2,2,4,1,0,1,2,3,2,2,0,2,0,3,4,2,1,6,5,4,2,3,0,5,6,2,1,4,4,2,3,2,1,3,4,3,5,6,4,3,9,12,14,15,6,5,2,4,2,4,2,3,4,9,1,3,1,10,2,2,5,0,6,2,2,1,2,2,0,0,3,0
STAT,(NULL),MeminfoPost,76,756345,9957,9971,9957,9943,10032,9965,9936,9969,9977,9944,9950,9957,9933,9961,9969,9948,9965,10033,9949,9948,9969,9969,9934,9965,9940,9945,9954,9989,9961,9954,9936,9945,9923,9967,9937,9921,9934,9983,9948,9953,9918,9928,9972,9963,9938,9939,9918,9915,9943,9969,10008,9932,9942,9927,9974,9938,9939,9919,9937,9935,10020,9958,9922,9971,10001,9980,9939,9941,9911,9919,9949,9908,9937,9939,9955,9950
STAT,(NULL),MeminfoPre,76,189081,2493,2507,2493,2479,2568,2501,2472,2505,2513,2480,2486,2493,2469,2497,2505,2484,2501,2569,2485,2484,2505,2505,2470,2501,2476,2481,2490,2525,2497,2490,2472,2481,2459,2503,2473,2457,2470,2519,2484,2489,2454,2464,2508,2499,2474,2475,2454,2451,2479,2505,2544,2468,2478,2463,2510,2474,2475,2455,2473,2471,2556,2494,2458,2507,2537,2516,2475,2477,2447,2455,2485,2444,2473,2475,2491,2486
STAT,(NULL),Partition,76,408,408,0,0,0,0,0,0,0,0,0,0,0,0,0,0,0,0,0,0,0,0,0,0,0,0,0,0,0,0,0,0,0,0,0,0,0,0,0,0,0,0,0,0,0,0,0,0,0,0,0,0,0,0,0,0,0,0,0,0,0,0,0,0,0,0,0,0,0,0,0,0,0,0,0,0,0
STAT,(NULL),Refine,76,875,875,0,0,0,0,0,0,0,0,0,0,0,0,0,0,0,0,0,0,0,0,0,0,0,0,0,0,0,0,0,0,0,0,0,0,0,0,0,0,0,0,0,0,0,0,0,0,0,0,0,0,0,0,0,0,0,0,0,0,0,0,0,0,0,0,0,0,0,0,0,0,0,0,0,0,0
STAT,(NULL),Threads,76,76,76,0,0,0,0,0,0,0,0,0,0,0,0,0,0,0,0,0,0,0,0,0,0,0,0,0,0,0,0,0,0,0,0,0,0,0,0,0,0,0,0,0,0,0,0,0,0,0,0,0,0,0,0,0,0,0,0,0,0,0,0,0,0,0,0,0,0,0,0,0,0,0,0,0,0,0
STAT,(NULL),Time,76,3771,3771,0,0,0,0,0,0,0,0,0,0,0,0,0,0,0,0,0,0,0,0,0,0,0,0,0,0,0,0,0,0,0,0,0,0,0,0,0,0,0,0,0,0,0,0,0,0,0,0,0,0,0,0,0,0,0,0,0,0,0,0,0,0,0,0,0,0,0,0,0,0,0,0,0,0,0
STAT,match,Conflicts,76,5642,159,149,150,164,110,131,116,74,138,120,94,121,102,139,62,57,57,62,64,64,58,72,71,76,75,64,69,63,68,46,55,46,53,54,55,56,63,51,44,59,53,55,53,70,44,60,49,60,75,55,86,64,66,67,67,66,56,54,61,40,62,69,81,57,95,53,79,72,51,71,64,71,77,86,84,38
STAT,match,Iterations,76,14987785,164118,159590,158042,158809,158704,177564,176441,179173,153556,184385,186712,170064,175763,165250,170778,203498,200468,197133,206236,219625,207032,204932,225727,197249,211038,204903,191300,218104,197456,219090,214859,205350,205886,200110,217805,207639,201060,213537,210390,203893,230472,225405,192964,202438,216133,214808,216033,206167,201016,218830,177353,203743,198407,217203,205607,197311,195762,208593,202244,205556,174913,180803,183975,188590,191971,191751,207886,196986,215166,208229,198223,222505,191656,186954,188130,200733
STAT,popedge,Conflicts,76,0,0,0,0,0,0,0,0,0,0,0,0,0,0,0,0,0,0,0,0,0,0,0,0,0,0,0,0,0,0,0,0,0,0,0,0,0,0,0,0,0,0,0,0,0,0,0,0,0,0,0,0,0,0,0,0,0,0,0,0,0,0,0,0,0,0,0,0,0,0,0,0,0,0,0,0,0
STAT,popedge,Iterations,76,7346224,87036,86457,90077,90519,89551,87794,92658,88760,89720,90962,90480,92899,92897,94164,89454,103328,101757,99556,99471,98163,99920,101102,100054,102309,101228,98164,92933,94554,92624,91117,98564,99216,100581,97024,98462,100648,99537,97896,102002,102327,105063,104864,103609,103563,101413,105756,102379,105909,102846,99462,100202,102266,101979,103539,95572,100255,101590,102966,98723,101485,91993,86432,86367,87936,89588,91438,93832,95233,94421,90654,91934,92529,99402,98070,95125,91864
STAT,refine,Conflicts,76,3957,146,136,118,116,109,93,107,98,73,79,75,75,83,84,71,70,54,62,65,45,49,54,60,49,67,56,54,59,50,62,62,23,34,42,34,47,44,42,34,26,34,40,31,25,37,44,33,38,40,51,40,34,43,37,37,47,38,35,34,50,45,34,28,33,26,38,23,29,30,21,24,28,30,27,37,29
STAT,refine,Iterations,76,132532,1717,1504,1810,1655,2195,1354,1386,1637,1606,1184,1443,1568,1499,1964,1491,1931,1895,2775,1477,1741,2335,2097,1417,1880,1982,2115,1624,2408,1898,1794,2221,1625,1669,1908,1826,1869,1968,2349,1820,2010,1515,1656,1567,2022,1400,1390,1679,1832,1649,1902,2199,1411,1534,1388,1579,1541,1541,1690,2025,1604,2150,1659,1340,1977,1760,1920,1408,1282,1370,1678,1241,1477,1678,1849,2144,1828
