Hello from MIC
Galois Benchmark Suite v2.2.0 (r0)
Copyright (C) 2013 The University of Texas at Austin
http://iss.ices.utexas.edu/galois/

application: GMetis
Partitions a graph into K parts and minimizing the graph cut
http://iss.ices.utexas.edu/?p=projects/galois/benchmarks/gMetis

INFO: CommandLine /work/02556/dpereira/MIC/apps/gmetis/gmetis -t=131 /work/02556/dpereira/Inputs/USA-road-d.W.gr 16
INFO: Hostname c558-001-mic0.stampede.tacc.utexas.edu
Created Graph with 6262104 nodes and 15248146 edges
Nodes 6262104| Edges 15248146 7624073

  Starting coarsening: 
Time coarsen:  2727 Size of final graph: 428

  Sarting initial partitioning using GGGP:
Size in decade percentages:  -1,1 -0,15
Time clustering:  366

  Sarting refinnement with BKL2
Initial dist
Size in decade percentages:  -1,1 -0,15
Refined dist
Size in decade percentages:  -1,6 0,4 1,6
Time refinement:  1556


Time:  4826
Total edge cut : 2364

Part saved in : 0x7fff6b4bc060
STATTYPE,LOOP,CATEGORY,n,sum,T0,T1,T2,T3,T4,T5,T6,T7,T8,T9,T10,T11,T12,T13,T14,T15,T16,T17,T18,T19,T20,T21,T22,T23,T24,T25,T26,T27,T28,T29,T30,T31,T32,T33,T34,T35,T36,T37,T38,T39,T40,T41,T42,T43,T44,T45,T46,T47,T48,T49,T50,T51,T52,T53,T54,T55,T56,T57,T58,T59,T60,T61,T62,T63,T64,T65,T66,T67,T68,T69,T70,T71,T72,T73,T74,T75,T76,T77,T78,T79,T80,T81,T82,T83,T84,T85,T86,T87,T88,T89,T90,T91,T92,T93,T94,T95,T96,T97,T98,T99,T100,T101,T102,T103,T104,T105,T106,T107,T108,T109,T110,T111,T112,T113,T114,T115,T116,T117,T118,T119,T120,T121,T122,T123,T124,T125,T126,T127,T128,T129,T130
STAT,(NULL),Coarsen,131,2727,2727,0,0,0,0,0,0,0,0,0,0,0,0,0,0,0,0,0,0,0,0,0,0,0,0,0,0,0,0,0,0,0,0,0,0,0,0,0,0,0,0,0,0,0,0,0,0,0,0,0,0,0,0,0,0,0,0,0,0,0,0,0,0,0,0,0,0,0,0,0,0,0,0,0,0,0,0,0,0,0,0,0,0,0,0,0,0,0,0,0,0,0,0,0,0,0,0,0,0,0,0,0,0,0,0,0,0,0,0,0,0,0,0,0,0,0,0,0,0,0,0,0,0,0,0,0,0,0,0,0,0
STAT,(NULL),Conflicts,131,0,0,0,0,0,0,0,0,0,0,0,0,0,0,0,0,0,0,0,0,0,0,0,0,0,0,0,0,0,0,0,0,0,0,0,0,0,0,0,0,0,0,0,0,0,0,0,0,0,0,0,0,0,0,0,0,0,0,0,0,0,0,0,0,0,0,0,0,0,0,0,0,0,0,0,0,0,0,0,0,0,0,0,0,0,0,0,0,0,0,0,0,0,0,0,0,0,0,0,0,0,0,0,0,0,0,0,0,0,0,0,0,0,0,0,0,0,0,0,0,0,0,0,0,0,0,0,0,0,0,0,0
STAT,(NULL),Iterations,131,31,5,0,0,0,0,0,0,0,0,0,0,0,0,4,0,0,0,0,0,0,1,0,0,0,1,0,0,1,0,2,0,0,0,0,0,0,0,0,1,2,0,0,0,0,0,0,0,0,0,0,0,0,0,2,0,0,0,0,0,0,0,0,0,0,0,0,0,0,0,0,0,0,3,0,0,0,0,0,0,0,0,0,0,0,0,0,0,0,1,1,1,0,0,0,0,0,0,0,1,3,0,0,0,0,0,0,2,0,0,0,0,0,0,0,0,0,0,0,0,0,0,0,0,0,0,0,0,0,0,0,0
STAT,(NULL),MeminfoPost,131,756618,5781,5781,5787,5781,5781,5758,5785,5797,5848,5775,5770,5761,5790,5789,5778,5794,5763,5767,5784,5790,5755,5767,5780,5785,5783,5783,5777,5760,5787,5803,5838,5779,5766,5766,5784,5797,5775,5789,5768,5765,5786,5785,5760,5767,5781,5777,5783,5805,5770,5791,5772,5781,5767,5760,5780,5747,5773,5788,5778,5766,5766,5751,5755,5770,5798,5800,5766,5763,5789,5760,5747,5763,5778,5786,5793,5774,5762,5776,5763,5766,5752,5755,5753,5781,5750,5800,5817,5801,5763,5768,5775,5745,5771,5785,5791,5771,5766,5766,5764,5749,5758,5774,5757,5808,5813,5796,5765,5763,5761,5786,5817,5790,5814,5760,5777,5764,5769,5762,5748,5762,5791,5750,5740,5764,5766,5765,5766,5776,5780,5770,5773
STAT,(NULL),MeminfoPre,131,189126,1449,1449,1455,1449,1449,1426,1453,1465,1516,1443,1438,1429,1458,1457,1446,1462,1431,1435,1452,1458,1423,1435,1448,1453,1451,1451,1445,1428,1455,1471,1506,1447,1434,1434,1452,1465,1443,1457,1436,1433,1454,1453,1428,1435,1449,1445,1451,1473,1438,1459,1440,1449,1435,1428,1448,1415,1441,1456,1446,1434,1434,1419,1423,1438,1466,1468,1434,1431,1457,1428,1415,1431,1446,1454,1461,1442,1430,1444,1431,1434,1420,1423,1421,1449,1418,1468,1485,1469,1431,1436,1443,1413,1439,1453,1459,1439,1434,1434,1432,1417,1426,1442,1425,1476,1481,1464,1433,1431,1429,1454,1485,1458,1482,1428,1445,1432,1437,1430,1416,1430,1459,1418,1408,1432,1434,1433,1434,1444,1448,1438,1441
STAT,(NULL),Partition,131,366,366,0,0,0,0,0,0,0,0,0,0,0,0,0,0,0,0,0,0,0,0,0,0,0,0,0,0,0,0,0,0,0,0,0,0,0,0,0,0,0,0,0,0,0,0,0,0,0,0,0,0,0,0,0,0,0,0,0,0,0,0,0,0,0,0,0,0,0,0,0,0,0,0,0,0,0,0,0,0,0,0,0,0,0,0,0,0,0,0,0,0,0,0,0,0,0,0,0,0,0,0,0,0,0,0,0,0,0,0,0,0,0,0,0,0,0,0,0,0,0,0,0,0,0,0,0,0,0,0,0,0
STAT,(NULL),Refine,131,1556,1556,0,0,0,0,0,0,0,0,0,0,0,0,0,0,0,0,0,0,0,0,0,0,0,0,0,0,0,0,0,0,0,0,0,0,0,0,0,0,0,0,0,0,0,0,0,0,0,0,0,0,0,0,0,0,0,0,0,0,0,0,0,0,0,0,0,0,0,0,0,0,0,0,0,0,0,0,0,0,0,0,0,0,0,0,0,0,0,0,0,0,0,0,0,0,0,0,0,0,0,0,0,0,0,0,0,0,0,0,0,0,0,0,0,0,0,0,0,0,0,0,0,0,0,0,0,0,0,0,0,0
STAT,(NULL),Threads,131,131,131,0,0,0,0,0,0,0,0,0,0,0,0,0,0,0,0,0,0,0,0,0,0,0,0,0,0,0,0,0,0,0,0,0,0,0,0,0,0,0,0,0,0,0,0,0,0,0,0,0,0,0,0,0,0,0,0,0,0,0,0,0,0,0,0,0,0,0,0,0,0,0,0,0,0,0,0,0,0,0,0,0,0,0,0,0,0,0,0,0,0,0,0,0,0,0,0,0,0,0,0,0,0,0,0,0,0,0,0,0,0,0,0,0,0,0,0,0,0,0,0,0,0,0,0,0,0,0,0,0,0
STAT,(NULL),Time,131,4826,4826,0,0,0,0,0,0,0,0,0,0,0,0,0,0,0,0,0,0,0,0,0,0,0,0,0,0,0,0,0,0,0,0,0,0,0,0,0,0,0,0,0,0,0,0,0,0,0,0,0,0,0,0,0,0,0,0,0,0,0,0,0,0,0,0,0,0,0,0,0,0,0,0,0,0,0,0,0,0,0,0,0,0,0,0,0,0,0,0,0,0,0,0,0,0,0,0,0,0,0,0,0,0,0,0,0,0,0,0,0,0,0,0,0,0,0,0,0,0,0,0,0,0,0,0,0,0,0,0,0,0
STAT,match,Conflicts,131,6587,98,74,74,75,69,69,88,88,76,72,74,66,67,71,70,64,64,66,60,66,71,69,69,52,60,54,61,52,59,50,53,41,46,60,45,51,49,56,53,67,62,47,73,54,58,58,42,52,48,50,66,64,59,54,62,52,52,45,69,53,59,31,44,36,38,36,37,41,44,39,44,42,39,32,52,43,36,44,41,46,40,46,36,35,43,37,45,44,33,36,39,37,31,45,53,39,32,42,49,41,33,39,33,56,45,41,42,35,41,44,32,42,47,46,45,43,33,38,49,43,45,40,36,44,37,35,44,40,41,41,41
STAT,match,Iterations,131,14998124,61299,83879,93192,91806,86774,88971,81054,74884,88241,105560,104612,116904,106155,105551,111038,97676,104979,103114,109220,115376,123530,95211,78240,108305,99491,107697,126872,118079,110658,118602,101353,131681,93113,96577,102005,107461,132300,108952,125912,96874,106854,113659,120670,133489,101057,112716,125483,115172,119706,107668,105538,117747,109329,112057,89026,130336,131246,125667,105089,116155,109722,99279,117282,116073,117623,102475,115068,113164,105598,120608,127452,117261,125059,132497,112291,125918,116784,108440,115860,131148,125003,124014,130333,128850,135316,122724,111881,113385,120641,117709,114652,126522,146583,110921,110506,134301,145105,129429,121473,117474,128645,133631,131087,123729,111215,112849,131430,133922,124725,114996,153827,132743,123169,132477,130818,130800,165146,114536,107447,144340,115225,113343,123940,98447,98803,119666,106884,105546,105035,107566,93851
STAT,popedge,Conflicts,131,0,0,0,0,0,0,0,0,0,0,0,0,0,0,0,0,0,0,0,0,0,0,0,0,0,0,0,0,0,0,0,0,0,0,0,0,0,0,0,0,0,0,0,0,0,0,0,0,0,0,0,0,0,0,0,0,0,0,0,0,0,0,0,0,0,0,0,0,0,0,0,0,0,0,0,0,0,0,0,0,0,0,0,0,0,0,0,0,0,0,0,0,0,0,0,0,0,0,0,0,0,0,0,0,0,0,0,0,0,0,0,0,0,0,0,0,0,0,0,0,0,0,0,0,0,0,0,0,0,0,0,0
STAT,popedge,Iterations,131,7346680,50397,49002,48698,50333,50006,49560,51538,51698,49103,59563,59483,58845,57750,56524,55430,57969,60407,60577,56609,56744,56900,62114,61509,57716,59877,57184,56758,57559,57096,55988,57084,56048,49713,58516,55024,56795,55405,58044,55939,59744,58445,57478,55129,53545,51778,55711,54073,54168,55119,54774,58091,55864,58869,60091,61975,59177,57822,56526,56697,56088,59574,50934,49000,46589,48801,50020,50880,49001,48942,47044,58260,58919,58577,59363,57664,60202,57575,59769,58566,55893,57554,57207,58344,59998,56747,60517,57498,57835,60488,61181,57283,60866,57221,49105,58033,54733,58955,59630,57971,58809,56687,55604,58294,57642,56256,54405,54225,56184,56251,58385,61936,60492,58704,61002,57180,61503,63791,60338,64037,56437,61065,59935,48079,49992,50747,47693,48482,52597,49554,49134,47832
STAT,refine,Conflicts,131,5569,140,145,139,136,122,112,108,108,102,87,82,80,98,97,94,72,70,53,67,54,62,69,58,69,76,64,71,57,69,67,53,41,31,59,25,40,30,47,41,31,36,48,39,46,40,35,38,42,46,49,46,35,34,31,37,38,43,39,32,45,34,24,23,27,27,31,19,25,28,31,24,19,35,21,26,23,29,31,19,20,18,27,23,24,28,39,36,30,19,35,20,21,28,24,26,17,13,18,31,30,25,32,32,29,29,25,23,18,30,33,33,22,16,18,21,28,18,21,22,16,25,12,15,19,16,18,24,21,22,22,36
STAT,refine,Iterations,131,46243,446,542,412,374,456,423,433,533,591,342,314,399,485,411,372,250,362,345,312,374,463,426,267,401,437,271,479,320,392,423,638,345,260,482,189,249,386,293,419,214,361,432,462,431,233,315,331,488,428,366,382,242,459,432,394,293,325,453,252,214,238,275,231,298,232,394,306,253,334,336,207,267,397,414,459,263,313,285,353,250,300,367,299,345,361,376,237,447,305,365,291,377,289,267,482,319,347,405,361,450,266,422,465,341,410,275,325,321,437,543,334,469,278,428,442,428,401,286,347,243,179,180,187,331,217,166,273,331,276,387,337
