Hello from MIC
Galois Benchmark Suite v2.2.0 (r0)
Copyright (C) 2013 The University of Texas at Austin
http://iss.ices.utexas.edu/galois/

application: GMetis
Partitions a graph into K parts and minimizing the graph cut
http://iss.ices.utexas.edu/?p=projects/galois/benchmarks/gMetis

INFO: CommandLine /work/02556/dpereira/MIC/apps/gmetis/gmetis -t=105 /work/02556/dpereira/Inputs/USA-road-d.W.gr 16
INFO: Hostname c558-001-mic0.stampede.tacc.utexas.edu
Created Graph with 6262104 nodes and 15248146 edges
Nodes 6262104| Edges 15248146 7624073

  Starting coarsening: 
Time coarsen:  2435 Size of final graph: 438

  Sarting initial partitioning using GGGP:
Size in decade percentages:  -0,16
Time clustering:  364

  Sarting refinnement with BKL2
Initial dist
Size in decade percentages:  -0,16
Refined dist
Size in decade percentages:  -1,5 0,7 1,4
Time refinement:  1236


Time:  4211
Total edge cut : 2088

Part saved in : 0x7fffaa617760
STATTYPE,LOOP,CATEGORY,n,sum,T0,T1,T2,T3,T4,T5,T6,T7,T8,T9,T10,T11,T12,T13,T14,T15,T16,T17,T18,T19,T20,T21,T22,T23,T24,T25,T26,T27,T28,T29,T30,T31,T32,T33,T34,T35,T36,T37,T38,T39,T40,T41,T42,T43,T44,T45,T46,T47,T48,T49,T50,T51,T52,T53,T54,T55,T56,T57,T58,T59,T60,T61,T62,T63,T64,T65,T66,T67,T68,T69,T70,T71,T72,T73,T74,T75,T76,T77,T78,T79,T80,T81,T82,T83,T84,T85,T86,T87,T88,T89,T90,T91,T92,T93,T94,T95,T96,T97,T98,T99,T100,T101,T102,T103,T104
STAT,(NULL),Coarsen,105,2435,2435,0,0,0,0,0,0,0,0,0,0,0,0,0,0,0,0,0,0,0,0,0,0,0,0,0,0,0,0,0,0,0,0,0,0,0,0,0,0,0,0,0,0,0,0,0,0,0,0,0,0,0,0,0,0,0,0,0,0,0,0,0,0,0,0,0,0,0,0,0,0,0,0,0,0,0,0,0,0,0,0,0,0,0,0,0,0,0,0,0,0,0,0,0,0,0,0,0,0,0,0,0,0,0,0
STAT,(NULL),Conflicts,105,0,0,0,0,0,0,0,0,0,0,0,0,0,0,0,0,0,0,0,0,0,0,0,0,0,0,0,0,0,0,0,0,0,0,0,0,0,0,0,0,0,0,0,0,0,0,0,0,0,0,0,0,0,0,0,0,0,0,0,0,0,0,0,0,0,0,0,0,0,0,0,0,0,0,0,0,0,0,0,0,0,0,0,0,0,0,0,0,0,0,0,0,0,0,0,0,0,0,0,0,0,0,0,0,0,0
STAT,(NULL),Iterations,105,31,5,2,0,0,0,0,0,0,0,0,1,0,0,0,0,0,0,0,0,0,0,0,0,1,0,0,0,0,0,0,0,0,0,0,0,0,0,0,0,0,0,0,1,0,0,0,0,0,0,1,0,0,0,3,0,0,0,2,0,2,2,0,0,0,0,0,0,1,0,0,0,0,0,0,0,1,0,0,0,0,0,0,1,0,0,4,0,0,0,0,0,1,0,0,0,0,0,0,0,3,0,0,0,0,0
STAT,(NULL),MeminfoPost,105,756673,7203,7231,7214,7210,7200,7218,7278,7215,7194,7207,7219,7216,7227,7189,7200,7227,7183,7201,7207,7224,7212,7203,7204,7232,7289,7192,7197,7212,7223,7221,7202,7194,7213,7214,7187,7212,7204,7244,7201,7219,7204,7209,7192,7206,7174,7210,7217,7200,7191,7179,7195,7212,7240,7189,7194,7215,7167,7196,7216,7231,7204,7188,7199,7200,7173,7188,7199,7179,7229,7250,7220,7190,7206,7172,7210,7228,7205,7194,7192,7178,7182,7200,7207,7252,7238,7192,7183,7212,7252,7237,7224,7188,7203,7203,7179,7180,7217,7173,7192,7157,7211,7193,7212,7209,7198
STAT,(NULL),MeminfoPre,105,189148,1798,1826,1809,1805,1795,1813,1873,1810,1789,1802,1814,1811,1822,1784,1795,1822,1778,1796,1802,1819,1807,1798,1799,1827,1884,1787,1792,1807,1818,1816,1797,1789,1808,1809,1782,1807,1799,1839,1796,1814,1799,1804,1787,1801,1769,1805,1812,1795,1786,1774,1790,1807,1835,1784,1789,1810,1762,1791,1811,1826,1799,1783,1794,1795,1768,1783,1794,1774,1824,1845,1815,1785,1801,1767,1805,1823,1800,1789,1787,1773,1777,1795,1802,1847,1833,1787,1778,1807,1847,1832,1819,1783,1798,1798,1774,1775,1812,1768,1787,1752,1806,1788,1807,1804,1793
STAT,(NULL),Partition,105,364,364,0,0,0,0,0,0,0,0,0,0,0,0,0,0,0,0,0,0,0,0,0,0,0,0,0,0,0,0,0,0,0,0,0,0,0,0,0,0,0,0,0,0,0,0,0,0,0,0,0,0,0,0,0,0,0,0,0,0,0,0,0,0,0,0,0,0,0,0,0,0,0,0,0,0,0,0,0,0,0,0,0,0,0,0,0,0,0,0,0,0,0,0,0,0,0,0,0,0,0,0,0,0,0,0
STAT,(NULL),Refine,105,1236,1236,0,0,0,0,0,0,0,0,0,0,0,0,0,0,0,0,0,0,0,0,0,0,0,0,0,0,0,0,0,0,0,0,0,0,0,0,0,0,0,0,0,0,0,0,0,0,0,0,0,0,0,0,0,0,0,0,0,0,0,0,0,0,0,0,0,0,0,0,0,0,0,0,0,0,0,0,0,0,0,0,0,0,0,0,0,0,0,0,0,0,0,0,0,0,0,0,0,0,0,0,0,0,0,0
STAT,(NULL),Threads,105,105,105,0,0,0,0,0,0,0,0,0,0,0,0,0,0,0,0,0,0,0,0,0,0,0,0,0,0,0,0,0,0,0,0,0,0,0,0,0,0,0,0,0,0,0,0,0,0,0,0,0,0,0,0,0,0,0,0,0,0,0,0,0,0,0,0,0,0,0,0,0,0,0,0,0,0,0,0,0,0,0,0,0,0,0,0,0,0,0,0,0,0,0,0,0,0,0,0,0,0,0,0,0,0,0,0
STAT,(NULL),Time,105,4211,4211,0,0,0,0,0,0,0,0,0,0,0,0,0,0,0,0,0,0,0,0,0,0,0,0,0,0,0,0,0,0,0,0,0,0,0,0,0,0,0,0,0,0,0,0,0,0,0,0,0,0,0,0,0,0,0,0,0,0,0,0,0,0,0,0,0,0,0,0,0,0,0,0,0,0,0,0,0,0,0,0,0,0,0,0,0,0,0,0,0,0,0,0,0,0,0,0,0,0,0,0,0,0,0,0
STAT,match,Conflicts,105,6319,116,94,100,85,99,94,86,87,92,66,82,68,88,78,81,72,84,66,94,52,85,82,69,58,64,60,66,50,92,85,75,80,72,54,74,63,70,75,61,72,81,85,45,53,41,56,36,36,48,45,49,48,50,45,48,49,50,45,44,55,38,41,40,48,48,47,54,45,48,49,37,50,40,60,46,41,41,52,48,63,33,52,47,50,44,57,45,49,37,55,58,55,58,73,59,52,43,61,45,56,55,58,71,31,39
STAT,match,Iterations,105,14991089,104862,111759,118819,132866,127898,118855,121351,122038,115158,146849,125415,127690,127941,129511,136913,126534,132273,131949,138195,142511,113751,131093,124339,134700,135916,144760,127798,148207,135001,125043,151227,138523,142141,151808,147734,141785,139406,132176,137805,132305,139675,129009,148489,148148,160444,150290,160430,160277,161596,157469,163420,141205,151479,168985,150872,149202,152115,159560,142046,146251,155198,157752,140586,146277,158082,164013,144320,147682,137593,142587,150968,141761,153234,151245,142250,151949,137670,158190,142069,130331,145232,139556,161476,143509,144923,133483,159970,149757,145233,154450,150292,152813,152746,140380,146690,164913,143527,156963,153270,146287,140653,146778,143516,157810,147238
STAT,popedge,Conflicts,105,0,0,0,0,0,0,0,0,0,0,0,0,0,0,0,0,0,0,0,0,0,0,0,0,0,0,0,0,0,0,0,0,0,0,0,0,0,0,0,0,0,0,0,0,0,0,0,0,0,0,0,0,0,0,0,0,0,0,0,0,0,0,0,0,0,0,0,0,0,0,0,0,0,0,0,0,0,0,0,0,0,0,0,0,0,0,0,0,0,0,0,0,0,0,0,0,0,0,0,0,0,0,0,0,0,0
STAT,popedge,Iterations,105,7346830,70708,67184,69753,67205,68292,67362,66981,68726,68674,66805,66901,66865,70071,67794,67358,69153,68634,71296,70095,66179,66030,68506,65953,68415,64723,69878,68671,66965,68557,71493,68879,71127,70187,70421,72400,64954,66725,64823,66932,65728,65222,66171,68659,66956,78475,75899,77290,75920,75691,75161,75648,79553,74432,79441,78284,79045,83771,78986,79143,76920,76360,64416,69155,67349,69168,67469,66390,67034,66531,67509,66876,66536,66066,68316,69242,65634,68242,65914,71020,70449,66433,64700,69039,64900,68218,65377,67563,66788,73215,73070,73421,76106,70415,72991,73336,72052,67766,67735,73293,66748,66550,72161,70836,73718,72653
STAT,refine,Conflicts,105,4487,135,119,122,118,111,104,114,98,87,93,83,85,69,72,79,72,75,67,64,63,74,52,51,57,50,48,70,53,52,49,37,44,47,32,46,27,40,29,49,38,48,46,38,39,34,34,33,34,24,16,32,22,31,49,33,13,31,23,18,16,23,28,20,17,29,24,27,22,27,27,25,25,17,22,15,26,36,30,29,34,27,31,32,26,24,18,21,25,29,23,30,19,27,17,18,27,15,18,28,20,16,24,29,22,29
STAT,refine,Iterations,105,43001,539,530,523,555,553,471,734,594,386,582,417,416,411,325,481,563,522,383,386,425,526,437,280,541,518,417,518,428,465,440,261,360,617,254,409,263,364,450,516,286,405,533,364,274,267,450,424,564,455,264,437,366,292,517,371,188,221,245,382,251,502,376,350,300,378,377,379,409,428,297,434,338,224,268,254,427,519,526,401,385,345,480,414,214,454,421,405,423,530,509,564,294,302,587,250,438,194,305,362,482,337,418,612,330,343
