Hello from MIC
Galois Benchmark Suite v2.2.0 (r0)
Copyright (C) 2013 The University of Texas at Austin
http://iss.ices.utexas.edu/galois/

application: GMetis
Partitions a graph into K parts and minimizing the graph cut
http://iss.ices.utexas.edu/?p=projects/galois/benchmarks/gMetis

INFO: CommandLine /work/02556/dpereira/MIC/apps/gmetis/gmetis -t=31 /work/02556/dpereira/Inputs/USA-road-d.W.gr 128
INFO: Hostname c557-901-mic0.stampede.tacc.utexas.edu
Created Graph with 6262104 nodes and 15248146 edges
Nodes 6262104| Edges 15248146 7624073

  Starting coarsening: 
Time coarsen:  3545 Size of final graph: 2965

  Sarting initial partitioning using GGGP:
Size in decade percentages:  -1,8 -0,115 1,5
Time clustering:  391

  Sarting refinnement with BKL2
Initial dist
Size in decade percentages:  -1,8 -0,115 1,5
Refined dist
Size in decade percentages:  -1,45 0,40 1,43
Time refinement:  615


Time:  4726
Total edge cut : 7927

Part saved in : 0x7ffffdf1dfe0
STATTYPE,LOOP,CATEGORY,n,sum,T0,T1,T2,T3,T4,T5,T6,T7,T8,T9,T10,T11,T12,T13,T14,T15,T16,T17,T18,T19,T20,T21,T22,T23,T24,T25,T26,T27,T28,T29,T30
STAT,(NULL),Coarsen,31,3545,3545,0,0,0,0,0,0,0,0,0,0,0,0,0,0,0,0,0,0,0,0,0,0,0,0,0,0,0,0,0,0
STAT,(NULL),Conflicts,31,0,0,0,0,0,0,0,0,0,0,0,0,0,0,0,0,0,0,0,0,0,0,0,0,0,0,0,0,0,0,0,0
STAT,(NULL),Iterations,31,255,8,5,8,4,13,9,8,8,8,15,9,4,14,4,9,8,13,7,12,8,13,5,7,5,5,6,6,14,7,4,9
STAT,(NULL),MeminfoPost,31,756186,24422,24448,24407,24426,24385,24408,24411,24451,24439,24382,24384,24438,24377,24372,24338,24411,24340,24427,24346,24329,24460,24346,24405,24320,24467,24360,24473,24366,24323,24337,24388
STAT,(NULL),MeminfoPre,31,189041,6127,6153,6112,6131,6090,6113,6116,6156,6144,6087,6089,6143,6082,6077,6043,6116,6045,6132,6051,6034,6165,6051,6110,6025,6172,6065,6178,6071,6028,6042,6093
STAT,(NULL),Partition,31,391,391,0,0,0,0,0,0,0,0,0,0,0,0,0,0,0,0,0,0,0,0,0,0,0,0,0,0,0,0,0,0
STAT,(NULL),Refine,31,615,615,0,0,0,0,0,0,0,0,0,0,0,0,0,0,0,0,0,0,0,0,0,0,0,0,0,0,0,0,0,0
STAT,(NULL),Threads,31,31,31,0,0,0,0,0,0,0,0,0,0,0,0,0,0,0,0,0,0,0,0,0,0,0,0,0,0,0,0,0,0
STAT,(NULL),Time,31,4726,4726,0,0,0,0,0,0,0,0,0,0,0,0,0,0,0,0,0,0,0,0,0,0,0,0,0,0,0,0,0,0
STAT,match,Conflicts,31,3819,214,191,161,239,143,140,120,115,214,121,105,129,104,110,111,88,137,129,76,91,119,86,72,101,109,65,104,107,90,175,53
STAT,match,Iterations,31,14947373,449622,455694,469766,470212,479037,467353,472472,462859,467915,487127,468534,478141,505344,465587,482660,458248,513394,476537,439984,499410,462948,488833,492614,505961,463207,501095,496266,517219,518285,519195,511854
STAT,popedge,Conflicts,31,0,0,0,0,0,0,0,0,0,0,0,0,0,0,0,0,0,0,0,0,0,0,0,0,0,0,0,0,0,0,0,0
STAT,popedge,Iterations,31,7323166,229217,234869,228339,228160,236024,232209,232454,228979,222253,239088,221696,210891,228197,228703,232686,234493,241484,237573,217803,246176,234458,239652,232937,241557,230799,229762,257707,264085,259820,259454,261641
STAT,refine,Conflicts,31,1942,107,107,80,89,75,74,74,74,73,63,64,67,71,64,67,48,58,63,55,58,50,52,48,53,52,53,35,43,40,48,37
STAT,refine,Iterations,31,127981,4092,4061,4484,4175,3912,3538,3430,5027,3757,3704,3353,3826,3839,3808,4229,4369,3673,4570,4270,4629,4941,3699,4407,4279,4685,4046,4521,4683,3899,3376,4699
