Hello from MIC
Galois Benchmark Suite v2.2.0 (r0)
Copyright (C) 2013 The University of Texas at Austin
http://iss.ices.utexas.edu/galois/

application: GMetis
Partitions a graph into K parts and minimizing the graph cut
http://iss.ices.utexas.edu/?p=projects/galois/benchmarks/gMetis

INFO: CommandLine /work/02556/dpereira/MIC/apps/gmetis/gmetis -t=196 /work/02556/dpereira/Inputs/USA-road-d.W.gr 16
INFO: Hostname c558-002-mic0.stampede.tacc.utexas.edu
Created Graph with 6262104 nodes and 15248146 edges
Nodes 6262104| Edges 15248146 7624073

  Starting coarsening: 
Time coarsen:  4053 Size of final graph: 437

  Sarting initial partitioning using GGGP:
Size in decade percentages:  -0,16
Time clustering:  374

  Sarting refinnement with BKL2
Initial dist
Size in decade percentages:  -0,16
Refined dist
Size in decade percentages:  -1,5 -0,5 1,6
Time refinement:  2463


Time:  7068
Total edge cut : 1904

Part saved in : 0x7fffeeb614e0
STATTYPE,LOOP,CATEGORY,n,sum,T0,T1,T2,T3,T4,T5,T6,T7,T8,T9,T10,T11,T12,T13,T14,T15,T16,T17,T18,T19,T20,T21,T22,T23,T24,T25,T26,T27,T28,T29,T30,T31,T32,T33,T34,T35,T36,T37,T38,T39,T40,T41,T42,T43,T44,T45,T46,T47,T48,T49,T50,T51,T52,T53,T54,T55,T56,T57,T58,T59,T60,T61,T62,T63,T64,T65,T66,T67,T68,T69,T70,T71,T72,T73,T74,T75,T76,T77,T78,T79,T80,T81,T82,T83,T84,T85,T86,T87,T88,T89,T90,T91,T92,T93,T94,T95,T96,T97,T98,T99,T100,T101,T102,T103,T104,T105,T106,T107,T108,T109,T110,T111,T112,T113,T114,T115,T116,T117,T118,T119,T120,T121,T122,T123,T124,T125,T126,T127,T128,T129,T130,T131,T132,T133,T134,T135,T136,T137,T138,T139,T140,T141,T142,T143,T144,T145,T146,T147,T148,T149,T150,T151,T152,T153,T154,T155,T156,T157,T158,T159,T160,T161,T162,T163,T164,T165,T166,T167,T168,T169,T170,T171,T172,T173,T174,T175,T176,T177,T178,T179,T180,T181,T182,T183,T184,T185,T186,T187,T188,T189,T190,T191,T192,T193,T194,T195
STAT,(NULL),Coarsen,196,4053,4053,0,0,0,0,0,0,0,0,0,0,0,0,0,0,0,0,0,0,0,0,0,0,0,0,0,0,0,0,0,0,0,0,0,0,0,0,0,0,0,0,0,0,0,0,0,0,0,0,0,0,0,0,0,0,0,0,0,0,0,0,0,0,0,0,0,0,0,0,0,0,0,0,0,0,0,0,0,0,0,0,0,0,0,0,0,0,0,0,0,0,0,0,0,0,0,0,0,0,0,0,0,0,0,0,0,0,0,0,0,0,0,0,0,0,0,0,0,0,0,0,0,0,0,0,0,0,0,0,0,0,0,0,0,0,0,0,0,0,0,0,0,0,0,0,0,0,0,0,0,0,0,0,0,0,0,0,0,0,0,0,0,0,0,0,0,0,0,0,0,0,0,0,0,0,0,0,0,0,0,0,0,0,0,0,0,0,0,0,0,0,0,0,0,0,0
STAT,(NULL),Conflicts,196,0,0,0,0,0,0,0,0,0,0,0,0,0,0,0,0,0,0,0,0,0,0,0,0,0,0,0,0,0,0,0,0,0,0,0,0,0,0,0,0,0,0,0,0,0,0,0,0,0,0,0,0,0,0,0,0,0,0,0,0,0,0,0,0,0,0,0,0,0,0,0,0,0,0,0,0,0,0,0,0,0,0,0,0,0,0,0,0,0,0,0,0,0,0,0,0,0,0,0,0,0,0,0,0,0,0,0,0,0,0,0,0,0,0,0,0,0,0,0,0,0,0,0,0,0,0,0,0,0,0,0,0,0,0,0,0,0,0,0,0,0,0,0,0,0,0,0,0,0,0,0,0,0,0,0,0,0,0,0,0,0,0,0,0,0,0,0,0,0,0,0,0,0,0,0,0,0,0,0,0,0,0,0,0,0,0,0,0,0,0,0,0,0,0,0,0,0
STAT,(NULL),Iterations,196,31,5,4,0,0,0,0,0,0,0,0,0,0,0,0,0,0,0,0,0,0,1,0,0,2,0,0,0,0,0,0,0,0,0,1,3,0,0,1,0,0,0,0,1,0,0,0,0,0,0,0,0,0,0,0,0,0,0,0,0,0,0,0,0,0,0,0,0,0,0,0,0,0,0,0,0,0,0,0,0,0,0,1,0,0,0,0,0,0,0,1,0,0,2,0,0,0,0,0,0,0,0,0,0,3,1,0,0,0,0,0,0,0,0,0,0,0,0,0,0,0,0,0,0,0,1,0,0,0,0,0,0,0,0,0,0,0,0,0,0,0,0,0,0,0,0,0,0,0,0,0,0,0,0,0,0,0,0,0,0,0,0,0,0,0,0,0,0,0,0,0,0,0,0,0,0,2,2,0,0,0,0,0,0,0,0,0,0,0,0,0,0,0,0,0,0,0
STAT,(NULL),MeminfoPost,196,757296,3868,3853,3882,3870,3876,3861,3860,3860,3858,3869,3881,3875,3921,3883,3856,3861,3857,3852,3867,3879,3877,3867,3871,3867,3858,3855,3858,3867,3868,3877,3852,3851,3860,3868,3853,3886,3867,3870,3872,3867,3853,3857,3867,3880,3887,3918,3881,3848,3861,3861,3857,3869,3867,3880,3872,3869,3870,3851,3860,3856,3874,3878,3854,3859,3850,3862,3866,3870,3862,3867,3897,3863,3859,3869,3874,3860,3866,3866,3853,3859,3854,3873,3847,3845,3864,3870,3874,3862,3853,3862,3857,3850,3849,3852,3864,3849,3880,3890,3873,3856,3856,3854,3874,3866,3849,3841,3847,3864,3867,3872,3874,3875,3861,3863,3852,3859,3862,3858,3857,3854,3850,3844,3857,3842,3875,3852,3845,3874,3882,3893,3884,3873,3852,3854,3873,3857,3842,3846,3863,3867,3874,3875,3861,3859,3854,3862,3856,3860,3848,3841,3858,3867,3849,3849,3882,3891,3888,3887,3865,3854,3859,3846,3855,3863,3883,3897,3876,3884,3883,3865,3848,3866,3857,3860,3858,3863,3853,3834,3857,3857,3877,3848,3845,3839,3867,3841,3858,3865,3846,3862,3863,3866,3866,3865,3854,3864
STAT,(NULL),MeminfoPre,196,189288,970,955,984,972,978,963,962,962,960,971,983,977,1023,985,958,963,959,954,969,981,979,969,973,969,960,957,960,969,970,979,954,953,962,970,955,988,969,972,974,969,955,959,969,982,989,1020,983,950,963,963,959,971,969,982,974,971,972,953,962,958,976,980,956,961,952,964,968,972,964,969,999,965,961,971,976,962,968,968,955,961,956,975,949,947,966,972,976,964,955,964,959,952,951,954,966,951,982,992,975,958,958,956,976,968,951,943,949,966,969,974,976,977,963,965,954,961,964,960,959,956,952,946,959,944,977,954,947,976,984,995,986,975,954,956,975,959,944,948,965,969,976,977,963,961,956,964,958,962,950,943,960,969,951,951,984,993,990,989,967,956,961,948,957,965,985,999,978,986,985,967,950,968,959,962,960,965,955,936,959,959,979,950,947,941,969,943,960,967,948,964,965,968,968,967,956,966
STAT,(NULL),Partition,196,374,374,0,0,0,0,0,0,0,0,0,0,0,0,0,0,0,0,0,0,0,0,0,0,0,0,0,0,0,0,0,0,0,0,0,0,0,0,0,0,0,0,0,0,0,0,0,0,0,0,0,0,0,0,0,0,0,0,0,0,0,0,0,0,0,0,0,0,0,0,0,0,0,0,0,0,0,0,0,0,0,0,0,0,0,0,0,0,0,0,0,0,0,0,0,0,0,0,0,0,0,0,0,0,0,0,0,0,0,0,0,0,0,0,0,0,0,0,0,0,0,0,0,0,0,0,0,0,0,0,0,0,0,0,0,0,0,0,0,0,0,0,0,0,0,0,0,0,0,0,0,0,0,0,0,0,0,0,0,0,0,0,0,0,0,0,0,0,0,0,0,0,0,0,0,0,0,0,0,0,0,0,0,0,0,0,0,0,0,0,0,0,0,0,0,0,0
STAT,(NULL),Refine,196,2463,2463,0,0,0,0,0,0,0,0,0,0,0,0,0,0,0,0,0,0,0,0,0,0,0,0,0,0,0,0,0,0,0,0,0,0,0,0,0,0,0,0,0,0,0,0,0,0,0,0,0,0,0,0,0,0,0,0,0,0,0,0,0,0,0,0,0,0,0,0,0,0,0,0,0,0,0,0,0,0,0,0,0,0,0,0,0,0,0,0,0,0,0,0,0,0,0,0,0,0,0,0,0,0,0,0,0,0,0,0,0,0,0,0,0,0,0,0,0,0,0,0,0,0,0,0,0,0,0,0,0,0,0,0,0,0,0,0,0,0,0,0,0,0,0,0,0,0,0,0,0,0,0,0,0,0,0,0,0,0,0,0,0,0,0,0,0,0,0,0,0,0,0,0,0,0,0,0,0,0,0,0,0,0,0,0,0,0,0,0,0,0,0,0,0,0,0
STAT,(NULL),Threads,196,196,196,0,0,0,0,0,0,0,0,0,0,0,0,0,0,0,0,0,0,0,0,0,0,0,0,0,0,0,0,0,0,0,0,0,0,0,0,0,0,0,0,0,0,0,0,0,0,0,0,0,0,0,0,0,0,0,0,0,0,0,0,0,0,0,0,0,0,0,0,0,0,0,0,0,0,0,0,0,0,0,0,0,0,0,0,0,0,0,0,0,0,0,0,0,0,0,0,0,0,0,0,0,0,0,0,0,0,0,0,0,0,0,0,0,0,0,0,0,0,0,0,0,0,0,0,0,0,0,0,0,0,0,0,0,0,0,0,0,0,0,0,0,0,0,0,0,0,0,0,0,0,0,0,0,0,0,0,0,0,0,0,0,0,0,0,0,0,0,0,0,0,0,0,0,0,0,0,0,0,0,0,0,0,0,0,0,0,0,0,0,0,0,0,0,0,0
STAT,(NULL),Time,196,7068,7068,0,0,0,0,0,0,0,0,0,0,0,0,0,0,0,0,0,0,0,0,0,0,0,0,0,0,0,0,0,0,0,0,0,0,0,0,0,0,0,0,0,0,0,0,0,0,0,0,0,0,0,0,0,0,0,0,0,0,0,0,0,0,0,0,0,0,0,0,0,0,0,0,0,0,0,0,0,0,0,0,0,0,0,0,0,0,0,0,0,0,0,0,0,0,0,0,0,0,0,0,0,0,0,0,0,0,0,0,0,0,0,0,0,0,0,0,0,0,0,0,0,0,0,0,0,0,0,0,0,0,0,0,0,0,0,0,0,0,0,0,0,0,0,0,0,0,0,0,0,0,0,0,0,0,0,0,0,0,0,0,0,0,0,0,0,0,0,0,0,0,0,0,0,0,0,0,0,0,0,0,0,0,0,0,0,0,0,0,0,0,0,0,0,0,0
STAT,match,Conflicts,196,6239,55,47,40,48,51,42,48,46,50,43,38,42,46,44,36,46,47,52,41,36,44,40,49,43,46,47,50,34,47,41,41,38,43,39,44,43,43,35,34,37,38,39,31,36,42,31,34,37,39,38,41,31,37,41,35,45,34,33,33,36,31,27,23,28,25,25,23,29,22,24,17,28,24,21,29,34,42,32,33,27,30,28,27,28,26,27,31,35,23,25,30,22,31,26,30,29,23,23,28,27,29,30,35,28,30,35,30,29,21,27,31,27,25,27,30,27,28,26,31,29,30,26,24,26,27,26,27,28,33,26,28,25,25,26,23,26,30,24,25,28,22,29,26,32,28,24,27,26,34,29,34,32,29,26,24,30,28,26,29,31,27,30,23,33,27,29,31,34,25,31,27,34,34,29,28,33,24,35,27,27,26,24,26,25,25,30,28,32,30,25,27,23,23,28,23,22
STAT,match,Iterations,196,15040186,54749,60840,52495,80406,68391,47316,53579,47581,61474,49666,60186,47202,51743,60165,95496,64928,48999,87531,74310,66699,74091,78951,75521,65504,73739,72559,75688,58908,54245,73465,67957,68839,67307,56441,78879,55762,62485,79711,64824,78770,61341,55116,73613,53867,70078,65873,60469,79092,55013,42556,76495,66938,69057,44298,84667,64222,60860,66360,88480,73842,68848,76118,58783,65037,86049,83317,50992,65964,94090,87163,76308,111380,94428,78300,89839,66885,79582,78441,75312,69158,82150,76434,76597,90074,85656,85944,74384,109928,103002,91833,77959,92464,75723,92017,68340,104503,101714,64284,87828,94543,94642,98973,89676,70661,84730,71504,84239,90840,96679,77068,71097,75243,85637,91303,76112,70221,72723,83825,72520,80349,74514,68285,71699,88932,77195,87818,89486,88269,51844,81708,75052,82955,81948,73030,80132,82625,87637,115602,92909,115822,91777,68884,91876,82556,67575,80570,112581,70264,85889,79323,82253,63345,79123,81147,77764,70435,73795,81380,77192,107076,87088,74664,80936,100393,83672,89313,74056,93599,96346,64965,94655,62921,84312,82816,78683,86073,64737,88155,70691,93431,96333,86247,89734,72233,68981,69291,60392,73960,69549,102747,67808,84560,80598,78731,64647,71550
STAT,popedge,Conflicts,196,0,0,0,0,0,0,0,0,0,0,0,0,0,0,0,0,0,0,0,0,0,0,0,0,0,0,0,0,0,0,0,0,0,0,0,0,0,0,0,0,0,0,0,0,0,0,0,0,0,0,0,0,0,0,0,0,0,0,0,0,0,0,0,0,0,0,0,0,0,0,0,0,0,0,0,0,0,0,0,0,0,0,0,0,0,0,0,0,0,0,0,0,0,0,0,0,0,0,0,0,0,0,0,0,0,0,0,0,0,0,0,0,0,0,0,0,0,0,0,0,0,0,0,0,0,0,0,0,0,0,0,0,0,0,0,0,0,0,0,0,0,0,0,0,0,0,0,0,0,0,0,0,0,0,0,0,0,0,0,0,0,0,0,0,0,0,0,0,0,0,0,0,0,0,0,0,0,0,0,0,0,0,0,0,0,0,0,0,0,0,0,0,0,0,0,0,0
STAT,popedge,Iterations,196,7368500,35546,34643,34976,32527,35536,33729,34685,34200,33575,33364,33872,33681,31200,37757,37325,39337,37190,38599,36636,37220,38146,37084,36621,38299,38754,39465,38683,40046,39615,37613,37346,37232,38632,38356,37570,36748,37649,38146,37555,38335,38804,39028,37350,40560,39727,37861,39130,36556,38784,38182,38667,38515,38187,37923,37631,39580,37231,38936,38103,38692,39162,34270,34657,34134,33855,33247,32595,32713,34568,34786,32359,34642,33391,34645,37171,37717,38943,35081,37745,37597,38069,40107,37656,39423,36596,38669,36628,38933,38450,37389,38631,37708,39808,36693,35890,41948,39568,39041,39573,35931,39331,37634,39485,40366,41376,40752,38860,42136,36562,39442,37380,39324,39098,38992,38838,39799,38567,39783,40196,38306,41324,39246,33903,33974,35609,34409,34871,36515,33798,32593,33602,31848,35503,35243,34694,38520,37513,42540,37190,44642,36341,38830,37274,38476,41249,37569,41842,38577,40760,38522,38389,39634,38835,37730,37971,35919,40977,37980,37714,41474,37237,40520,38811,38706,39648,40741,42096,38602,40116,39709,39315,39468,39012,39664,39270,38208,41431,43208,43315,41146,37496,39360,40254,36578,36041,35722,34392,33583,34259,38554,35029,34914,33857,33725,34954,32803
STAT,refine,Conflicts,196,6016,121,120,108,109,91,109,108,101,94,78,88,83,89,90,80,72,70,69,65,51,63,64,70,46,61,70,59,71,66,70,58,32,44,36,53,25,47,37,29,30,36,44,28,41,43,41,49,29,31,43,30,40,31,31,28,53,32,43,35,44,30,12,11,13,14,19,13,15,18,10,16,18,27,19,21,19,14,19,24,19,25,16,12,28,16,33,34,20,21,26,21,12,19,27,27,28,11,14,21,13,10,26,18,21,17,20,22,20,8,11,18,13,22,18,12,14,14,13,12,26,20,24,7,20,24,22,12,16,13,20,17,21,14,19,19,13,13,14,22,20,19,14,19,21,12,18,23,11,14,25,25,23,27,20,23,19,32,11,19,18,17,19,15,23,13,15,21,16,16,15,18,20,15,16,14,20,14,22,7,23,12,25,17,16,12,14,12,16,12,20,13,20,9,19,8,20
STAT,refine,Iterations,196,40545,373,390,311,406,308,321,354,332,293,233,318,249,298,319,391,305,261,296,299,266,329,320,296,246,303,372,243,222,270,355,238,161,274,164,282,124,281,154,130,168,165,200,136,191,186,151,314,229,202,169,196,215,171,190,189,258,160,164,249,137,145,113,206,103,179,121,107,171,190,122,144,230,203,187,239,158,217,193,180,180,244,222,201,200,170,317,305,217,210,262,221,175,242,347,203,299,244,135,176,114,151,176,184,148,147,123,196,237,81,127,246,338,225,217,140,142,180,133,104,264,141,144,136,249,230,197,134,190,140,191,120,162,177,139,192,187,92,209,150,180,270,281,228,211,189,224,295,206,216,163,351,289,240,158,247,162,284,166,219,191,149,184,110,219,237,195,194,168,272,164,150,186,216,185,176,155,96,180,111,211,145,129,121,134,149,124,194,151,120,183,145,108,142,164,173,277
