Hello from MIC
Galois Benchmark Suite v2.2.0 (r0)
Copyright (C) 2013 The University of Texas at Austin
http://iss.ices.utexas.edu/galois/

application: GMetis
Partitions a graph into K parts and minimizing the graph cut
http://iss.ices.utexas.edu/?p=projects/galois/benchmarks/gMetis

INFO: CommandLine /work/02556/dpereira/MIC/apps/gmetis/gmetis -t=99 /work/02556/dpereira/Inputs/USA-road-d.W.gr 1024
INFO: Hostname c558-304-mic0.stampede.tacc.utexas.edu
Created Graph with 6262104 nodes and 15248146 edges
Nodes 6262104| Edges 15248146 7624073

  Starting coarsening: 
Time coarsen:  2057 Size of final graph: 21503

  Sarting initial partitioning using GGGP:
Size in decade percentages:  -1,75 -0,873 1,76
Time clustering:  887

  Sarting refinnement with BKL2
Initial dist
Size in decade percentages:  -1,75 -0,873 1,76
Refined dist
Size in decade percentages:  -1,375 0,284 1,364 5,1
Time refinement:  1004


Time:  4127
Total edge cut : 32014

Part saved in : 0x7fff82ef4de0
STATTYPE,LOOP,CATEGORY,n,sum,T0,T1,T2,T3,T4,T5,T6,T7,T8,T9,T10,T11,T12,T13,T14,T15,T16,T17,T18,T19,T20,T21,T22,T23,T24,T25,T26,T27,T28,T29,T30,T31,T32,T33,T34,T35,T36,T37,T38,T39,T40,T41,T42,T43,T44,T45,T46,T47,T48,T49,T50,T51,T52,T53,T54,T55,T56,T57,T58,T59,T60,T61,T62,T63,T64,T65,T66,T67,T68,T69,T70,T71,T72,T73,T74,T75,T76,T77,T78,T79,T80,T81,T82,T83,T84,T85,T86,T87,T88,T89,T90,T91,T92,T93,T94,T95,T96,T97,T98
STAT,(NULL),Coarsen,99,2057,2057,0,0,0,0,0,0,0,0,0,0,0,0,0,0,0,0,0,0,0,0,0,0,0,0,0,0,0,0,0,0,0,0,0,0,0,0,0,0,0,0,0,0,0,0,0,0,0,0,0,0,0,0,0,0,0,0,0,0,0,0,0,0,0,0,0,0,0,0,0,0,0,0,0,0,0,0,0,0,0,0,0,0,0,0,0,0,0,0,0,0,0,0,0,0,0,0,0,0
STAT,(NULL),Conflicts,99,0,0,0,0,0,0,0,0,0,0,0,0,0,0,0,0,0,0,0,0,0,0,0,0,0,0,0,0,0,0,0,0,0,0,0,0,0,0,0,0,0,0,0,0,0,0,0,0,0,0,0,0,0,0,0,0,0,0,0,0,0,0,0,0,0,0,0,0,0,0,0,0,0,0,0,0,0,0,0,0,0,0,0,0,0,0,0,0,0,0,0,0,0,0,0,0,0,0,0,0
STAT,(NULL),Iterations,99,2047,11,19,15,23,26,25,16,12,25,19,22,24,32,23,23,32,17,22,16,21,11,19,12,26,9,20,14,31,23,12,16,12,16,18,19,17,23,17,22,40,29,29,25,22,17,32,22,16,14,23,14,36,21,30,18,25,29,30,26,18,29,25,16,14,13,18,18,12,26,32,31,24,20,25,20,14,24,15,26,19,13,19,23,18,18,19,24,17,20,10,22,22,29,14,10,24,18,17,13
STAT,(NULL),MeminfoPost,99,756337,7634,7665,7647,7637,7635,7661,7728,7626,7621,7651,7673,7644,7627,7627,7665,7620,7633,7640,7665,7632,7636,7655,7701,7674,7619,7642,7646,7661,7654,7615,7649,7641,7624,7643,7637,7686,7630,7656,7635,7633,7622,7631,7625,7657,7628,7630,7611,7629,7641,7676,7623,7640,7627,7601,7641,7656,7652,7632,7632,7623,7618,7611,7634,7614,7655,7685,7650,7629,7632,7613,7648,7652,7626,7632,7620,7617,7626,7624,7685,7682,7625,7616,7643,7689,7668,7651,7639,7624,7627,7604,7622,7640,7595,7621,7636,7620,7643,7643,7633
STAT,(NULL),MeminfoPre,99,189067,1904,1935,1917,1907,1905,1931,1998,1896,1891,1921,1943,1914,1897,1897,1935,1890,1903,1910,1935,1902,1906,1925,1971,1944,1889,1912,1916,1931,1924,1885,1919,1911,1894,1913,1907,1956,1900,1926,1905,1903,1892,1901,1895,1927,1898,1900,1881,1899,1911,1946,1893,1910,1897,1871,1911,1926,1922,1902,1902,1893,1888,1881,1904,1884,1925,1955,1920,1899,1902,1883,1918,1922,1896,1902,1890,1887,1896,1894,1955,1952,1895,1886,1913,1959,1938,1921,1909,1894,1897,1874,1892,1910,1865,1891,1906,1890,1913,1913,1903
STAT,(NULL),Partition,99,887,887,0,0,0,0,0,0,0,0,0,0,0,0,0,0,0,0,0,0,0,0,0,0,0,0,0,0,0,0,0,0,0,0,0,0,0,0,0,0,0,0,0,0,0,0,0,0,0,0,0,0,0,0,0,0,0,0,0,0,0,0,0,0,0,0,0,0,0,0,0,0,0,0,0,0,0,0,0,0,0,0,0,0,0,0,0,0,0,0,0,0,0,0,0,0,0,0,0,0
STAT,(NULL),Refine,99,1004,1004,0,0,0,0,0,0,0,0,0,0,0,0,0,0,0,0,0,0,0,0,0,0,0,0,0,0,0,0,0,0,0,0,0,0,0,0,0,0,0,0,0,0,0,0,0,0,0,0,0,0,0,0,0,0,0,0,0,0,0,0,0,0,0,0,0,0,0,0,0,0,0,0,0,0,0,0,0,0,0,0,0,0,0,0,0,0,0,0,0,0,0,0,0,0,0,0,0,0
STAT,(NULL),Threads,99,99,99,0,0,0,0,0,0,0,0,0,0,0,0,0,0,0,0,0,0,0,0,0,0,0,0,0,0,0,0,0,0,0,0,0,0,0,0,0,0,0,0,0,0,0,0,0,0,0,0,0,0,0,0,0,0,0,0,0,0,0,0,0,0,0,0,0,0,0,0,0,0,0,0,0,0,0,0,0,0,0,0,0,0,0,0,0,0,0,0,0,0,0,0,0,0,0,0,0,0
STAT,(NULL),Time,99,4127,4127,0,0,0,0,0,0,0,0,0,0,0,0,0,0,0,0,0,0,0,0,0,0,0,0,0,0,0,0,0,0,0,0,0,0,0,0,0,0,0,0,0,0,0,0,0,0,0,0,0,0,0,0,0,0,0,0,0,0,0,0,0,0,0,0,0,0,0,0,0,0,0,0,0,0,0,0,0,0,0,0,0,0,0,0,0,0,0,0,0,0,0,0,0,0,0,0,0,0
STAT,match,Conflicts,99,5746,94,81,94,107,84,91,88,69,73,91,91,89,63,75,89,73,60,57,76,42,55,65,63,62,92,79,71,80,93,81,60,65,91,52,58,66,68,55,44,38,46,42,41,38,36,33,44,43,44,53,52,36,47,36,51,49,55,35,44,41,51,52,48,58,50,41,59,49,45,51,53,39,52,41,54,63,43,48,52,42,36,55,49,48,52,69,44,41,45,74,61,48,55,64,46,46,48,48,35
STAT,match,Iterations,99,14940397,124737,133476,135569,128366,127635,144248,137267,148781,129205,122768,119833,130734,145254,143989,138706,132477,139895,145801,139572,139443,149905,137613,131052,140772,127312,145888,131764,136769,129264,141517,146483,146852,144442,148212,151177,122231,141794,142613,157089,162566,166472,159997,143033,178492,170618,182073,154080,164662,160392,143531,168663,179058,170458,179013,150157,157232,167106,178155,158520,171494,171396,146600,168477,157868,154763,154889,148407,161448,156115,157062,146374,165303,154682,166208,146954,153766,159064,156316,143536,155040,156090,141272,162869,139399,146568,158880,161754,160692,172192,150481,164622,148263,162939,163733,150112,166811,146796,162094,154285
STAT,popedge,Conflicts,99,0,0,0,0,0,0,0,0,0,0,0,0,0,0,0,0,0,0,0,0,0,0,0,0,0,0,0,0,0,0,0,0,0,0,0,0,0,0,0,0,0,0,0,0,0,0,0,0,0,0,0,0,0,0,0,0,0,0,0,0,0,0,0,0,0,0,0,0,0,0,0,0,0,0,0,0,0,0,0,0,0,0,0,0,0,0,0,0,0,0,0,0,0,0,0,0,0,0,0,0
STAT,popedge,Iterations,99,7319382,71581,68391,72132,71250,71515,68752,68121,71233,74495,71512,69186,73162,72241,71361,72309,73073,73115,68267,67694,71075,70259,69950,70343,72856,74710,75114,74150,69882,77282,76024,72736,75210,74128,69506,69434,68494,68232,66944,74758,77822,78125,81082,75918,76856,78449,76372,81320,77944,79295,80663,84130,81656,84973,83757,85464,83526,79883,82727,83104,84579,85643,72722,68811,69658,70830,69431,70685,66965,72791,70299,69118,66997,70822,72012,71456,72599,69627,72551,68940,68932,69617,70962,69584,75941,77665,75590,73709,75167,73032,78040,76542,77196,76890,75048,75024,70241,75317,71490,73316
STAT,refine,Conflicts,99,3714,68,65,55,59,75,56,56,56,63,56,47,46,55,59,69,54,42,51,55,44,38,55,41,46,41,38,48,37,42,46,44,40,34,36,42,36,40,40,34,40,33,37,34,36,24,29,32,32,33,39,30,28,34,48,34,31,30,34,23,28,34,25,28,33,25,42,31,22,27,34,28,33,27,23,27,29,35,28,33,37,35,24,28,29,38,27,30,18,21,24,29,25,26,27,22,33,29,33,17
STAT,refine,Iterations,99,429474,3403,5595,3609,4041,4414,4714,5424,4124,3641,4333,4344,4052,4445,3581,4330,3993,4130,3874,4490,3380,3472,4387,4469,4889,3007,3572,4282,3899,3416,3667,3870,3700,3863,3986,4165,4510,3740,4632,4534,4922,4496,4400,4229,5809,4128,4573,4369,5126,5567,5971,4528,5109,4753,3976,5030,5716,4793,5629,3703,4232,4918,3763,5425,4198,5010,5551,5064,4331,4061,4046,4725,4253,3948,4332,3619,4386,3864,4338,4821,5244,3837,4029,4484,5583,5761,3767,4085,3711,4200,3387,3551,3687,3324,4186,3850,4413,4640,4238,3808
