Hello from MIC
Galois Benchmark Suite v2.2.0 (r0)
Copyright (C) 2013 The University of Texas at Austin
http://iss.ices.utexas.edu/galois/

application: GMetis
Partitions a graph into K parts and minimizing the graph cut
http://iss.ices.utexas.edu/?p=projects/galois/benchmarks/gMetis

INFO: CommandLine /work/02556/dpereira/MIC/apps/gmetis/gmetis -t=77 /work/02556/dpereira/Inputs/USA-road-d.W.gr 16
INFO: Hostname c557-903-mic0.stampede.tacc.utexas.edu
Created Graph with 6262104 nodes and 15248146 edges
Nodes 6262104| Edges 15248146 7624073

  Starting coarsening: 
Time coarsen:  2458 Size of final graph: 434

  Sarting initial partitioning using GGGP:
Size in decade percentages:  -0,16
Time clustering:  358

  Sarting refinnement with BKL2
Initial dist
Size in decade percentages:  -0,16
Refined dist
Size in decade percentages:  -1,6 -0,2 1,8
Time refinement:  948


Time:  3939
Total edge cut : 1798

Part saved in : 0x7fff334c6160
STATTYPE,LOOP,CATEGORY,n,sum,T0,T1,T2,T3,T4,T5,T6,T7,T8,T9,T10,T11,T12,T13,T14,T15,T16,T17,T18,T19,T20,T21,T22,T23,T24,T25,T26,T27,T28,T29,T30,T31,T32,T33,T34,T35,T36,T37,T38,T39,T40,T41,T42,T43,T44,T45,T46,T47,T48,T49,T50,T51,T52,T53,T54,T55,T56,T57,T58,T59,T60,T61,T62,T63,T64,T65,T66,T67,T68,T69,T70,T71,T72,T73,T74,T75,T76
STAT,(NULL),Coarsen,77,2458,2458,0,0,0,0,0,0,0,0,0,0,0,0,0,0,0,0,0,0,0,0,0,0,0,0,0,0,0,0,0,0,0,0,0,0,0,0,0,0,0,0,0,0,0,0,0,0,0,0,0,0,0,0,0,0,0,0,0,0,0,0,0,0,0,0,0,0,0,0,0,0,0,0,0,0,0,0
STAT,(NULL),Conflicts,77,0,0,0,0,0,0,0,0,0,0,0,0,0,0,0,0,0,0,0,0,0,0,0,0,0,0,0,0,0,0,0,0,0,0,0,0,0,0,0,0,0,0,0,0,0,0,0,0,0,0,0,0,0,0,0,0,0,0,0,0,0,0,0,0,0,0,0,0,0,0,0,0,0,0,0,0,0,0
STAT,(NULL),Iterations,77,31,5,0,0,0,0,0,0,0,2,0,0,2,0,0,1,0,1,0,0,0,1,1,0,1,0,4,0,0,0,1,0,0,0,0,0,0,0,0,0,0,0,0,0,0,0,0,0,0,0,0,3,0,1,2,0,0,0,0,0,0,0,3,0,0,0,0,0,0,0,0,0,0,0,0,3,0,0
STAT,(NULL),MeminfoPost,77,756327,9828,9842,9826,9815,9894,9843,9805,9844,9843,9816,9816,9833,9803,9825,9854,9814,9821,9904,9833,9808,9836,9850,9813,9822,9827,9805,9831,9862,9817,9827,9820,9807,9795,9835,9815,9809,9782,9819,9871,9794,9828,9774,9825,9851,9815,9808,9806,9780,9813,9785,9879,9853,9814,9788,9815,9841,9811,9810,9781,9808,9826,9885,9816,9793,9856,9873,9829,9816,9814,9779,9811,9793,9783,9811,9808,9825,9820
STAT,(NULL),MeminfoPre,77,189068,2461,2475,2459,2448,2527,2476,2438,2477,2476,2449,2449,2466,2436,2458,2487,2447,2454,2537,2466,2441,2469,2483,2446,2455,2460,2438,2464,2495,2450,2460,2453,2440,2428,2468,2448,2442,2415,2452,2504,2427,2461,2407,2458,2484,2448,2441,2439,2413,2446,2418,2512,2486,2447,2421,2448,2474,2444,2443,2414,2441,2459,2518,2449,2426,2489,2506,2462,2449,2447,2412,2444,2426,2416,2444,2441,2458,2453
STAT,(NULL),Partition,77,358,358,0,0,0,0,0,0,0,0,0,0,0,0,0,0,0,0,0,0,0,0,0,0,0,0,0,0,0,0,0,0,0,0,0,0,0,0,0,0,0,0,0,0,0,0,0,0,0,0,0,0,0,0,0,0,0,0,0,0,0,0,0,0,0,0,0,0,0,0,0,0,0,0,0,0,0,0
STAT,(NULL),Refine,77,948,948,0,0,0,0,0,0,0,0,0,0,0,0,0,0,0,0,0,0,0,0,0,0,0,0,0,0,0,0,0,0,0,0,0,0,0,0,0,0,0,0,0,0,0,0,0,0,0,0,0,0,0,0,0,0,0,0,0,0,0,0,0,0,0,0,0,0,0,0,0,0,0,0,0,0,0,0
STAT,(NULL),Threads,77,77,77,0,0,0,0,0,0,0,0,0,0,0,0,0,0,0,0,0,0,0,0,0,0,0,0,0,0,0,0,0,0,0,0,0,0,0,0,0,0,0,0,0,0,0,0,0,0,0,0,0,0,0,0,0,0,0,0,0,0,0,0,0,0,0,0,0,0,0,0,0,0,0,0,0,0,0,0
STAT,(NULL),Time,77,3939,3939,0,0,0,0,0,0,0,0,0,0,0,0,0,0,0,0,0,0,0,0,0,0,0,0,0,0,0,0,0,0,0,0,0,0,0,0,0,0,0,0,0,0,0,0,0,0,0,0,0,0,0,0,0,0,0,0,0,0,0,0,0,0,0,0,0,0,0,0,0,0,0,0,0,0,0,0
STAT,match,Conflicts,77,5805,158,156,135,104,131,165,143,107,102,105,123,102,123,115,99,68,65,75,62,87,69,82,61,74,77,73,68,61,57,67,58,55,49,57,59,54,64,56,54,58,54,70,81,42,57,51,65,55,79,64,56,50,76,69,63,49,44,58,65,57,57,71,61,63,49,74,99,67,50,63,63,94,64,77,75,47,48
STAT,match,Iterations,77,15014320,139346,159990,173267,167731,163685,160218,170206,175327,174483,174587,165115,158715,183403,174733,165191,179776,204123,196502,204274,200730,206201,193799,211362,198776,203557,212502,191554,183406,195482,211096,199540,210864,211334,201851,218354,222088,218832,217053,206157,208696,214016,224492,188303,226265,227171,207782,208469,199821,199512,217952,199289,202253,205499,196135,199033,208131,203368,215696,210616,202261,196519,154384,190914,184393,209645,189301,175307,203352,198341,194136,194951,191518,177267,199468,192507,194024,198323
STAT,popedge,Conflicts,77,0,0,0,0,0,0,0,0,0,0,0,0,0,0,0,0,0,0,0,0,0,0,0,0,0,0,0,0,0,0,0,0,0,0,0,0,0,0,0,0,0,0,0,0,0,0,0,0,0,0,0,0,0,0,0,0,0,0,0,0,0,0,0,0,0,0,0,0,0,0,0,0,0,0,0,0,0,0
STAT,popedge,Iterations,77,7363607,89083,85969,85888,91007,89485,91710,92312,87845,89363,90813,93025,83960,92982,92223,87602,89449,100979,94967,97476,101001,96350,97773,100433,101966,99550,95848,93487,92231,93837,94658,93928,100145,102916,100069,97045,101400,103108,96369,101445,103857,100554,107833,103161,97198,99198,103353,106695,101683,105016,100110,99584,97098,102797,106273,100480,95622,99109,98418,98923,100476,96717,82512,82046,84442,88308,90016,92734,93076,92618,95872,92755,93505,90341,92221,91766,93157,94386
STAT,refine,Conflicts,77,4018,146,139,130,130,126,108,118,97,83,82,81,75,100,84,80,74,55,60,51,48,47,42,50,60,52,61,51,58,57,57,43,34,41,35,54,40,37,51,40,41,22,47,29,26,28,47,49,30,40,43,44,49,27,28,60,32,29,52,23,33,43,34,31,25,20,34,16,27,27,21,19,34,21,32,26,20,32
STAT,refine,Iterations,77,38475,589,645,643,531,550,411,552,601,461,551,433,413,489,539,561,645,442,407,317,562,905,490,679,500,527,472,617,439,739,645,562,430,410,568,641,813,485,491,652,354,405,350,279,744,581,658,791,441,389,396,511,625,383,390,433,764,464,543,430,412,349,435,372,326,454,424,259,389,449,367,467,281,278,311,459,512,593
