Hello from MIC
Galois Benchmark Suite v2.2.0 (r0)
Copyright (C) 2013 The University of Texas at Austin
http://iss.ices.utexas.edu/galois/

application: GMetis
Partitions a graph into K parts and minimizing the graph cut
http://iss.ices.utexas.edu/?p=projects/galois/benchmarks/gMetis

INFO: CommandLine /work/02556/dpereira/MIC/apps/gmetis/gmetis -t=49 /work/02556/dpereira/Inputs/USA-road-d.W.gr 128
INFO: Hostname c557-901-mic0.stampede.tacc.utexas.edu
Created Graph with 6262104 nodes and 15248146 edges
Nodes 6262104| Edges 15248146 7624073

  Starting coarsening: 
Time coarsen:  2615 Size of final graph: 2982

  Sarting initial partitioning using GGGP:
Size in decade percentages:  -1,6 -0,117 1,5
Time clustering:  398

  Sarting refinnement with BKL2
Initial dist
Size in decade percentages:  -1,6 -0,117 1,5
Refined dist
Size in decade percentages:  -1,45 0,37 1,46
Time refinement:  662


Time:  3851
Total edge cut : 8231

Part saved in : 0x7fff85f982e0
STATTYPE,LOOP,CATEGORY,n,sum,T0,T1,T2,T3,T4,T5,T6,T7,T8,T9,T10,T11,T12,T13,T14,T15,T16,T17,T18,T19,T20,T21,T22,T23,T24,T25,T26,T27,T28,T29,T30,T31,T32,T33,T34,T35,T36,T37,T38,T39,T40,T41,T42,T43,T44,T45,T46,T47,T48
STAT,(NULL),Coarsen,49,2615,2615,0,0,0,0,0,0,0,0,0,0,0,0,0,0,0,0,0,0,0,0,0,0,0,0,0,0,0,0,0,0,0,0,0,0,0,0,0,0,0,0,0,0,0,0,0,0,0,0
STAT,(NULL),Conflicts,49,0,0,0,0,0,0,0,0,0,0,0,0,0,0,0,0,0,0,0,0,0,0,0,0,0,0,0,0,0,0,0,0,0,0,0,0,0,0,0,0,0,0,0,0,0,0,0,0,0,0
STAT,(NULL),Iterations,49,255,10,8,6,2,7,3,8,10,2,4,5,7,7,3,5,6,7,2,6,3,1,3,5,3,2,3,3,7,8,2,2,15,25,3,4,4,3,0,3,3,6,2,10,3,5,4,6,2,7
STAT,(NULL),MeminfoPost,49,756348,15454,15438,15463,15501,15436,15464,15419,15429,15447,15456,15438,15514,15428,15469,15418,15446,15428,15470,15443,15424,15399,15450,15403,15393,15480,15430,15382,15468,15417,15411,15375,15428,15513,15418,15398,15450,15413,15394,15451,15474,15403,15520,15442,15418,15382,15390,15411,15418,15432
STAT,(NULL),MeminfoPre,49,189075,3877,3861,3886,3924,3859,3887,3842,3852,3870,3879,3861,3937,3851,3892,3841,3869,3851,3893,3866,3847,3822,3873,3826,3816,3903,3853,3805,3891,3840,3834,3798,3851,3936,3841,3821,3873,3836,3817,3874,3897,3826,3943,3865,3841,3805,3813,3834,3841,3855
STAT,(NULL),Partition,49,398,398,0,0,0,0,0,0,0,0,0,0,0,0,0,0,0,0,0,0,0,0,0,0,0,0,0,0,0,0,0,0,0,0,0,0,0,0,0,0,0,0,0,0,0,0,0,0,0,0
STAT,(NULL),Refine,49,662,662,0,0,0,0,0,0,0,0,0,0,0,0,0,0,0,0,0,0,0,0,0,0,0,0,0,0,0,0,0,0,0,0,0,0,0,0,0,0,0,0,0,0,0,0,0,0,0,0
STAT,(NULL),Threads,49,49,49,0,0,0,0,0,0,0,0,0,0,0,0,0,0,0,0,0,0,0,0,0,0,0,0,0,0,0,0,0,0,0,0,0,0,0,0,0,0,0,0,0,0,0,0,0,0,0,0
STAT,(NULL),Time,49,3851,3851,0,0,0,0,0,0,0,0,0,0,0,0,0,0,0,0,0,0,0,0,0,0,0,0,0,0,0,0,0,0,0,0,0,0,0,0,0,0,0,0,0,0,0,0,0,0,0,0
STAT,match,Conflicts,49,4694,226,148,181,124,127,136,104,116,103,99,175,118,90,94,89,89,83,75,79,102,87,111,96,101,79,84,78,82,56,69,87,72,64,97,82,77,82,71,75,71,57,79,64,63,81,91,101,96,83
STAT,match,Iterations,49,14944620,299097,300773,289662,307507,300446,307313,312679,320753,296582,298974,297831,295906,315806,305844,316032,312812,304938,285119,300073,307222,320486,286895,295368,310557,280620,304350,311635,295013,311612,328022,315136,298850,288639,296711,300957,310158,310319,312804,298026,288974,308570,289794,316206,303702,318337,321805,309207,315105,321393
STAT,popedge,Conflicts,49,0,0,0,0,0,0,0,0,0,0,0,0,0,0,0,0,0,0,0,0,0,0,0,0,0,0,0,0,0,0,0,0,0,0,0,0,0,0,0,0,0,0,0,0,0,0,0,0,0,0
STAT,popedge,Iterations,49,7322228,148777,149386,147886,142866,145407,145866,151513,152061,147967,146085,147876,144868,147145,143119,149418,150022,139638,134853,135122,140697,146201,143143,151042,150540,142761,151691,160712,149708,150414,154773,152172,154463,145792,147553,153302,143898,149261,148898,146454,139972,143434,157737,160365,147443,169437,161332,164971,163616,160571
STAT,refine,Conflicts,49,2742,109,101,96,83,83,76,78,62,62,75,73,69,65,55,64,61,50,54,71,63,53,63,58,66,58,38,41,44,37,48,58,38,40,37,32,35,39,53,36,44,52,44,41,41,35,40,46,42,33
STAT,refine,Iterations,49,132969,2990,2632,2936,3793,2515,2979,2528,3778,2328,2657,2461,4174,2644,3012,2712,3171,2457,2679,2849,2422,2493,2821,2212,2641,3131,2493,2281,2853,2819,2266,2960,2448,3293,2090,2515,2515,2214,2815,2566,2436,2543,3148,2668,2133,2218,2147,2659,3021,2853
