Hello from MIC
Galois Benchmark Suite v2.2.0 (r0)
Copyright (C) 2013 The University of Texas at Austin
http://iss.ices.utexas.edu/galois/

application: GMetis
Partitions a graph into K parts and minimizing the graph cut
http://iss.ices.utexas.edu/?p=projects/galois/benchmarks/gMetis

INFO: CommandLine /work/02556/dpereira/MIC/apps/gmetis/gmetis -t=202 /work/02556/dpereira/Inputs/USA-road-d.W.gr 128
INFO: Hostname c558-003-mic0.stampede.tacc.utexas.edu
Created Graph with 6262104 nodes and 15248146 edges
Nodes 6262104| Edges 15248146 7624073

  Starting coarsening: 
Time coarsen:  3328 Size of final graph: 3163

  Sarting initial partitioning using GGGP:
Size in decade percentages:  -1,8 -0,117 1,3
Time clustering:  452

  Sarting refinnement with BKL2
Initial dist
Size in decade percentages:  -1,8 -0,117 1,3
Refined dist
Size in decade percentages:  -1,45 -0,38 1,45
Time refinement:  2200


Time:  6159
Total edge cut : 8477

Part saved in : 0x7fffbb3f9a60
STATTYPE,LOOP,CATEGORY,n,sum,T0,T1,T2,T3,T4,T5,T6,T7,T8,T9,T10,T11,T12,T13,T14,T15,T16,T17,T18,T19,T20,T21,T22,T23,T24,T25,T26,T27,T28,T29,T30,T31,T32,T33,T34,T35,T36,T37,T38,T39,T40,T41,T42,T43,T44,T45,T46,T47,T48,T49,T50,T51,T52,T53,T54,T55,T56,T57,T58,T59,T60,T61,T62,T63,T64,T65,T66,T67,T68,T69,T70,T71,T72,T73,T74,T75,T76,T77,T78,T79,T80,T81,T82,T83,T84,T85,T86,T87,T88,T89,T90,T91,T92,T93,T94,T95,T96,T97,T98,T99,T100,T101,T102,T103,T104,T105,T106,T107,T108,T109,T110,T111,T112,T113,T114,T115,T116,T117,T118,T119,T120,T121,T122,T123,T124,T125,T126,T127,T128,T129,T130,T131,T132,T133,T134,T135,T136,T137,T138,T139,T140,T141,T142,T143,T144,T145,T146,T147,T148,T149,T150,T151,T152,T153,T154,T155,T156,T157,T158,T159,T160,T161,T162,T163,T164,T165,T166,T167,T168,T169,T170,T171,T172,T173,T174,T175,T176,T177,T178,T179,T180,T181,T182,T183,T184,T185,T186,T187,T188,T189,T190,T191,T192,T193,T194,T195,T196,T197,T198,T199,T200,T201
STAT,(NULL),Coarsen,202,3328,3328,0,0,0,0,0,0,0,0,0,0,0,0,0,0,0,0,0,0,0,0,0,0,0,0,0,0,0,0,0,0,0,0,0,0,0,0,0,0,0,0,0,0,0,0,0,0,0,0,0,0,0,0,0,0,0,0,0,0,0,0,0,0,0,0,0,0,0,0,0,0,0,0,0,0,0,0,0,0,0,0,0,0,0,0,0,0,0,0,0,0,0,0,0,0,0,0,0,0,0,0,0,0,0,0,0,0,0,0,0,0,0,0,0,0,0,0,0,0,0,0,0,0,0,0,0,0,0,0,0,0,0,0,0,0,0,0,0,0,0,0,0,0,0,0,0,0,0,0,0,0,0,0,0,0,0,0,0,0,0,0,0,0,0,0,0,0,0,0,0,0,0,0,0,0,0,0,0,0,0,0,0,0,0,0,0,0,0,0,0,0,0,0,0,0,0,0,0,0,0,0,0
STAT,(NULL),Conflicts,202,0,0,0,0,0,0,0,0,0,0,0,0,0,0,0,0,0,0,0,0,0,0,0,0,0,0,0,0,0,0,0,0,0,0,0,0,0,0,0,0,0,0,0,0,0,0,0,0,0,0,0,0,0,0,0,0,0,0,0,0,0,0,0,0,0,0,0,0,0,0,0,0,0,0,0,0,0,0,0,0,0,0,0,0,0,0,0,0,0,0,0,0,0,0,0,0,0,0,0,0,0,0,0,0,0,0,0,0,0,0,0,0,0,0,0,0,0,0,0,0,0,0,0,0,0,0,0,0,0,0,0,0,0,0,0,0,0,0,0,0,0,0,0,0,0,0,0,0,0,0,0,0,0,0,0,0,0,0,0,0,0,0,0,0,0,0,0,0,0,0,0,0,0,0,0,0,0,0,0,0,0,0,0,0,0,0,0,0,0,0,0,0,0,0,0,0,0,0,0,0,0,0,0
STAT,(NULL),Iterations,202,255,8,0,0,1,0,0,1,0,0,0,0,0,0,7,0,2,1,0,1,2,0,4,2,0,2,4,0,0,0,3,6,0,0,0,2,5,0,2,2,1,1,3,0,1,4,0,2,0,1,1,1,0,3,0,1,4,4,3,3,0,5,1,0,4,0,0,2,1,0,0,0,0,0,0,2,0,0,0,0,0,3,0,1,1,3,3,0,1,4,0,1,0,0,0,5,0,1,3,0,6,0,3,0,0,3,1,3,1,4,0,1,4,1,2,0,0,2,0,3,2,0,5,6,1,0,2,0,0,0,3,1,0,0,0,1,1,0,5,5,2,0,1,1,3,1,0,2,0,0,0,0,2,0,2,1,3,0,0,3,0,10,1,0,1,0,3,1,2,1,1,0,0,2,0,3,0,1,0,0,0,1,1,4,0,0,0,0,0,0,0,0,0,0,0,3,2,1,0,0,1,0,0
STAT,(NULL),MeminfoPost,202,756796,3753,3736,3758,3761,3753,3746,3737,3756,3734,3753,3751,3760,3787,3779,3759,3732,3744,3738,3744,3758,3754,3756,3753,3752,3756,3732,3743,3737,3758,3756,3745,3737,3733,3744,3749,3734,3771,3749,3760,3744,3741,3750,3733,3757,3758,3754,3806,3771,3749,3735,3737,3743,3751,3747,3758,3760,3740,3767,3751,3728,3745,3739,3753,3765,3736,3743,3733,3745,3749,3754,3743,3747,3778,3753,3740,3752,3751,3755,3739,3756,3737,3743,3736,3745,3748,3726,3737,3746,3757,3756,3743,3734,3744,3741,3733,3728,3736,3748,3731,3766,3771,3757,3740,3736,3740,3750,3754,3733,3727,3727,3745,3747,3750,3755,3757,3760,3737,3744,3734,3753,3735,3739,3745,3727,3731,3731,3743,3726,3756,3736,3729,3759,3766,3775,3765,3757,3734,3738,3753,3744,3729,3725,3745,3747,3756,3754,3750,3746,3733,3747,3739,3742,3732,3733,3736,3730,3753,3732,3738,3767,3773,3771,3767,3744,3736,3742,3727,3741,3746,3763,3779,3760,3759,3771,3747,3733,3742,3749,3743,3746,3741,3729,3731,3738,3731,3727,3775,3730,3725,3733,3736,3732,3758,3724,3740,3743,3748,3747,3748,3747,3739,3746
STAT,(NULL),MeminfoPre,202,189176,943,926,948,951,943,936,927,946,924,943,941,950,977,969,949,922,934,928,934,948,944,946,943,942,946,922,933,927,948,946,935,927,923,934,939,924,961,939,950,934,931,940,923,947,948,944,996,961,939,925,927,933,941,937,948,950,930,957,941,918,935,929,943,955,926,933,923,935,939,944,933,937,968,943,930,942,941,945,929,946,927,933,926,935,938,916,927,936,947,946,933,924,934,931,923,918,926,938,921,956,961,947,930,926,930,940,944,923,917,917,935,937,940,945,947,950,927,934,924,943,925,929,935,917,921,921,933,916,946,926,919,949,956,965,955,947,924,928,943,934,919,915,935,937,946,944,940,936,923,937,929,932,922,923,926,920,943,922,928,957,963,961,957,934,926,932,917,931,936,953,969,950,949,961,937,923,932,939,933,936,931,919,921,928,921,917,965,920,915,923,926,922,948,914,930,933,938,937,938,937,929,936
STAT,(NULL),Partition,202,452,452,0,0,0,0,0,0,0,0,0,0,0,0,0,0,0,0,0,0,0,0,0,0,0,0,0,0,0,0,0,0,0,0,0,0,0,0,0,0,0,0,0,0,0,0,0,0,0,0,0,0,0,0,0,0,0,0,0,0,0,0,0,0,0,0,0,0,0,0,0,0,0,0,0,0,0,0,0,0,0,0,0,0,0,0,0,0,0,0,0,0,0,0,0,0,0,0,0,0,0,0,0,0,0,0,0,0,0,0,0,0,0,0,0,0,0,0,0,0,0,0,0,0,0,0,0,0,0,0,0,0,0,0,0,0,0,0,0,0,0,0,0,0,0,0,0,0,0,0,0,0,0,0,0,0,0,0,0,0,0,0,0,0,0,0,0,0,0,0,0,0,0,0,0,0,0,0,0,0,0,0,0,0,0,0,0,0,0,0,0,0,0,0,0,0,0,0,0,0,0,0,0
STAT,(NULL),Refine,202,2200,2200,0,0,0,0,0,0,0,0,0,0,0,0,0,0,0,0,0,0,0,0,0,0,0,0,0,0,0,0,0,0,0,0,0,0,0,0,0,0,0,0,0,0,0,0,0,0,0,0,0,0,0,0,0,0,0,0,0,0,0,0,0,0,0,0,0,0,0,0,0,0,0,0,0,0,0,0,0,0,0,0,0,0,0,0,0,0,0,0,0,0,0,0,0,0,0,0,0,0,0,0,0,0,0,0,0,0,0,0,0,0,0,0,0,0,0,0,0,0,0,0,0,0,0,0,0,0,0,0,0,0,0,0,0,0,0,0,0,0,0,0,0,0,0,0,0,0,0,0,0,0,0,0,0,0,0,0,0,0,0,0,0,0,0,0,0,0,0,0,0,0,0,0,0,0,0,0,0,0,0,0,0,0,0,0,0,0,0,0,0,0,0,0,0,0,0,0,0,0,0,0,0
STAT,(NULL),Threads,202,202,202,0,0,0,0,0,0,0,0,0,0,0,0,0,0,0,0,0,0,0,0,0,0,0,0,0,0,0,0,0,0,0,0,0,0,0,0,0,0,0,0,0,0,0,0,0,0,0,0,0,0,0,0,0,0,0,0,0,0,0,0,0,0,0,0,0,0,0,0,0,0,0,0,0,0,0,0,0,0,0,0,0,0,0,0,0,0,0,0,0,0,0,0,0,0,0,0,0,0,0,0,0,0,0,0,0,0,0,0,0,0,0,0,0,0,0,0,0,0,0,0,0,0,0,0,0,0,0,0,0,0,0,0,0,0,0,0,0,0,0,0,0,0,0,0,0,0,0,0,0,0,0,0,0,0,0,0,0,0,0,0,0,0,0,0,0,0,0,0,0,0,0,0,0,0,0,0,0,0,0,0,0,0,0,0,0,0,0,0,0,0,0,0,0,0,0,0,0,0,0,0,0
STAT,(NULL),Time,202,6159,6159,0,0,0,0,0,0,0,0,0,0,0,0,0,0,0,0,0,0,0,0,0,0,0,0,0,0,0,0,0,0,0,0,0,0,0,0,0,0,0,0,0,0,0,0,0,0,0,0,0,0,0,0,0,0,0,0,0,0,0,0,0,0,0,0,0,0,0,0,0,0,0,0,0,0,0,0,0,0,0,0,0,0,0,0,0,0,0,0,0,0,0,0,0,0,0,0,0,0,0,0,0,0,0,0,0,0,0,0,0,0,0,0,0,0,0,0,0,0,0,0,0,0,0,0,0,0,0,0,0,0,0,0,0,0,0,0,0,0,0,0,0,0,0,0,0,0,0,0,0,0,0,0,0,0,0,0,0,0,0,0,0,0,0,0,0,0,0,0,0,0,0,0,0,0,0,0,0,0,0,0,0,0,0,0,0,0,0,0,0,0,0,0,0,0,0,0,0,0,0,0,0
STAT,match,Conflicts,202,6292,52,57,40,49,56,39,57,45,42,46,42,41,40,48,48,45,40,42,44,38,43,47,44,43,42,36,35,39,39,44,41,42,35,29,35,32,35,37,31,48,43,45,34,49,37,34,43,38,35,47,41,36,46,34,33,36,31,41,43,46,31,19,21,19,23,28,21,25,24,27,25,24,23,24,20,27,29,26,23,24,27,18,27,24,22,22,30,30,28,22,35,25,29,32,18,28,35,23,25,30,32,28,36,29,33,32,28,27,29,25,29,28,24,27,23,30,29,33,26,24,40,31,21,19,35,30,25,32,29,25,29,21,27,31,24,25,26,19,25,23,22,26,21,30,29,26,21,26,23,26,25,24,27,26,33,27,30,28,21,32,35,26,30,25,27,29,29,28,35,30,23,31,20,26,33,21,28,23,32,38,29,38,27,28,30,28,31,26,27,27,30,29,26,26,23,30,25,24,26,23,18,27
STAT,match,Iterations,202,15041193,57716,49263,62224,61496,66831,85010,49037,46137,60578,57074,54426,50222,56451,58797,56485,74091,58529,47306,66881,69483,68091,63291,61497,57685,58463,73277,56024,59945,52993,64063,66365,65433,76102,59780,67895,73303,65910,63848,73538,65209,64573,59912,77407,74609,65524,70836,80101,72740,56987,71055,51977,69481,53600,53134,72328,45178,78302,60497,66645,55342,59958,86887,76371,69920,72629,64794,56861,85416,73077,83995,76805,89010,92017,72855,68027,75009,64454,55284,82372,83392,92836,74934,100581,92760,87864,87601,89591,86715,74140,91846,91804,82708,78242,98627,76313,101424,54697,76203,76083,88351,81415,96557,102819,85621,89192,93212,91812,90081,88189,69455,83541,48282,98530,82228,73831,84841,79149,65676,101397,74329,68343,67537,73095,78698,57043,83183,61459,74520,86262,80418,75282,80560,90427,62782,77300,71184,79044,79562,69084,69900,68407,87720,91012,81965,64271,69334,80070,75061,91401,89184,84861,88389,80395,89285,88152,78680,80124,63658,57564,73987,72409,92467,86422,75135,81826,82514,107076,86917,77322,59454,100706,78675,93518,90669,74419,80981,88056,81523,72035,80564,78645,67064,83972,80376,73283,72033,67644,84322,77375,61120,72640,58415,58299,65603,78093,75803,82524,77981,77344,86615,98090,78474
STAT,popedge,Conflicts,202,0,0,0,0,0,0,0,0,0,0,0,0,0,0,0,0,0,0,0,0,0,0,0,0,0,0,0,0,0,0,0,0,0,0,0,0,0,0,0,0,0,0,0,0,0,0,0,0,0,0,0,0,0,0,0,0,0,0,0,0,0,0,0,0,0,0,0,0,0,0,0,0,0,0,0,0,0,0,0,0,0,0,0,0,0,0,0,0,0,0,0,0,0,0,0,0,0,0,0,0,0,0,0,0,0,0,0,0,0,0,0,0,0,0,0,0,0,0,0,0,0,0,0,0,0,0,0,0,0,0,0,0,0,0,0,0,0,0,0,0,0,0,0,0,0,0,0,0,0,0,0,0,0,0,0,0,0,0,0,0,0,0,0,0,0,0,0,0,0,0,0,0,0,0,0,0,0,0,0,0,0,0,0,0,0,0,0,0,0,0,0,0,0,0,0,0,0,0,0,0,0,0,0
STAT,popedge,Iterations,202,7368767,33617,33123,32892,33327,33445,32874,34981,34464,32819,31685,35152,34105,33144,32032,33109,32959,33852,33470,32836,36608,37473,37690,36241,39776,37962,37793,39409,38808,40025,37175,36864,38898,37486,38939,38906,38631,36686,36809,36156,37729,36245,39412,37870,38518,39718,37342,38180,37504,39960,40236,37524,38261,38087,38603,38335,39243,36085,35964,38197,37973,37999,33418,33079,32159,32904,34576,35359,32844,32801,33004,31766,32572,35548,33633,32116,31408,32975,31906,32405,31814,37016,37126,38468,35639,36205,38134,38400,35791,36801,37286,36372,36809,36851,37469,36802,37032,37247,37301,39357,36989,38156,36365,39823,38881,40676,40381,40089,39846,39895,41299,39261,37924,39249,38872,38966,38192,35869,39879,38406,37223,38015,39477,32676,32543,35273,33241,34873,34589,33362,33938,32783,33380,34548,32933,35481,33078,32735,33322,33840,33470,33074,38920,38229,36769,35861,37742,38363,36720,39923,38491,39297,37327,36718,37266,39730,37033,36970,38504,36762,37560,38578,36733,38388,40457,37798,39494,40349,39065,39627,38455,36763,41665,38233,39786,41594,39206,39537,38287,38853,38147,39064,40373,37391,35344,36200,33309,32909,33043,34602,33966,33673,36755,36217,38184,31794,32718,34409,32528,35168,36209,34696,34544
STAT,refine,Conflicts,202,6667,119,112,119,103,108,99,104,83,78,88,73,93,82,82,78,72,65,52,64,66,69,58,67,70,65,61,66,60,60,59,53,42,51,38,31,39,36,37,44,57,38,61,44,44,35,52,41,35,45,46,40,43,56,37,45,31,38,44,38,24,36,16,14,21,14,27,19,21,19,20,19,23,22,21,15,15,19,21,14,18,25,28,24,29,26,24,24,19,26,30,19,20,24,23,20,26,22,14,25,23,36,26,22,24,19,18,23,20,25,19,21,14,25,29,28,22,20,23,30,25,15,17,31,27,21,16,20,21,24,18,27,19,20,18,21,20,24,19,17,15,18,23,20,14,18,17,13,16,22,22,24,26,26,22,31,15,19,21,20,21,25,30,21,26,24,22,18,26,20,21,24,21,16,24,22,15,21,17,16,20,25,14,19,23,23,27,19,20,19,21,25,14,27,20,18,17,22,22,20,14,13,24
STAT,refine,Iterations,202,141154,748,687,809,870,727,729,762,736,586,784,745,726,730,1005,858,606,551,559,808,712,871,841,753,689,636,679,672,537,544,685,616,767,841,666,588,626,569,654,864,791,728,873,654,788,801,865,961,615,688,777,481,717,713,456,864,449,633,525,524,464,490,488,639,540,553,625,426,704,620,640,791,772,758,637,822,600,699,512,526,835,801,911,800,780,689,624,750,765,689,902,743,613,806,752,633,786,646,684,738,1040,1083,810,1036,831,899,758,813,839,834,659,594,540,699,661,668,876,486,628,731,624,486,455,638,644,491,589,568,565,660,734,544,882,866,778,722,974,756,744,555,635,660,624,651,575,559,762,562,607,581,1058,714,679,676,576,758,546,657,726,551,795,1143,1007,779,909,748,700,818,1015,918,711,823,874,911,745,818,555,918,410,488,598,767,395,552,661,610,653,461,548,433,542,777,475,805,673,652,485,923,594,667,427,770,692
