Hello from MIC
Galois Benchmark Suite v2.2.0 (r0)
Copyright (C) 2013 The University of Texas at Austin
http://iss.ices.utexas.edu/galois/

application: GMetis
Partitions a graph into K parts and minimizing the graph cut
http://iss.ices.utexas.edu/?p=projects/galois/benchmarks/gMetis

INFO: CommandLine /work/02556/dpereira/MIC/apps/gmetis/gmetis -t=191 /work/02556/dpereira/Inputs/USA-road-d.W.gr 16
INFO: Hostname c558-002-mic0.stampede.tacc.utexas.edu
Created Graph with 6262104 nodes and 15248146 edges
Nodes 6262104| Edges 15248146 7624073

  Starting coarsening: 
Time coarsen:  3803 Size of final graph: 440

  Sarting initial partitioning using GGGP:
Size in decade percentages:  -0,16
Time clustering:  375

  Sarting refinnement with BKL2
Initial dist
Size in decade percentages:  -0,16
Refined dist
Size in decade percentages:  -1,7 0,3 1,6
Time refinement:  2394


Time:  6751
Total edge cut : 1892

Part saved in : 0x7fff81a2ebe0
STATTYPE,LOOP,CATEGORY,n,sum,T0,T1,T2,T3,T4,T5,T6,T7,T8,T9,T10,T11,T12,T13,T14,T15,T16,T17,T18,T19,T20,T21,T22,T23,T24,T25,T26,T27,T28,T29,T30,T31,T32,T33,T34,T35,T36,T37,T38,T39,T40,T41,T42,T43,T44,T45,T46,T47,T48,T49,T50,T51,T52,T53,T54,T55,T56,T57,T58,T59,T60,T61,T62,T63,T64,T65,T66,T67,T68,T69,T70,T71,T72,T73,T74,T75,T76,T77,T78,T79,T80,T81,T82,T83,T84,T85,T86,T87,T88,T89,T90,T91,T92,T93,T94,T95,T96,T97,T98,T99,T100,T101,T102,T103,T104,T105,T106,T107,T108,T109,T110,T111,T112,T113,T114,T115,T116,T117,T118,T119,T120,T121,T122,T123,T124,T125,T126,T127,T128,T129,T130,T131,T132,T133,T134,T135,T136,T137,T138,T139,T140,T141,T142,T143,T144,T145,T146,T147,T148,T149,T150,T151,T152,T153,T154,T155,T156,T157,T158,T159,T160,T161,T162,T163,T164,T165,T166,T167,T168,T169,T170,T171,T172,T173,T174,T175,T176,T177,T178,T179,T180,T181,T182,T183,T184,T185,T186,T187,T188,T189,T190
STAT,(NULL),Coarsen,191,3803,3803,0,0,0,0,0,0,0,0,0,0,0,0,0,0,0,0,0,0,0,0,0,0,0,0,0,0,0,0,0,0,0,0,0,0,0,0,0,0,0,0,0,0,0,0,0,0,0,0,0,0,0,0,0,0,0,0,0,0,0,0,0,0,0,0,0,0,0,0,0,0,0,0,0,0,0,0,0,0,0,0,0,0,0,0,0,0,0,0,0,0,0,0,0,0,0,0,0,0,0,0,0,0,0,0,0,0,0,0,0,0,0,0,0,0,0,0,0,0,0,0,0,0,0,0,0,0,0,0,0,0,0,0,0,0,0,0,0,0,0,0,0,0,0,0,0,0,0,0,0,0,0,0,0,0,0,0,0,0,0,0,0,0,0,0,0,0,0,0,0,0,0,0,0,0,0,0,0,0,0,0,0,0,0,0,0,0,0,0,0,0
STAT,(NULL),Conflicts,191,0,0,0,0,0,0,0,0,0,0,0,0,0,0,0,0,0,0,0,0,0,0,0,0,0,0,0,0,0,0,0,0,0,0,0,0,0,0,0,0,0,0,0,0,0,0,0,0,0,0,0,0,0,0,0,0,0,0,0,0,0,0,0,0,0,0,0,0,0,0,0,0,0,0,0,0,0,0,0,0,0,0,0,0,0,0,0,0,0,0,0,0,0,0,0,0,0,0,0,0,0,0,0,0,0,0,0,0,0,0,0,0,0,0,0,0,0,0,0,0,0,0,0,0,0,0,0,0,0,0,0,0,0,0,0,0,0,0,0,0,0,0,0,0,0,0,0,0,0,0,0,0,0,0,0,0,0,0,0,0,0,0,0,0,0,0,0,0,0,0,0,0,0,0,0,0,0,0,0,0,0,0,0,0,0,0,0,0,0,0,0,0
STAT,(NULL),Iterations,191,31,5,0,0,0,0,0,0,0,0,0,0,1,0,0,0,0,0,0,0,0,0,0,2,0,0,0,0,0,0,0,0,3,0,0,0,0,0,0,0,0,0,0,0,0,0,0,0,0,0,1,0,0,1,0,0,0,0,0,0,2,1,0,0,0,0,0,0,0,0,0,0,0,0,1,0,0,0,0,0,0,0,0,0,0,0,0,0,0,0,0,4,0,2,0,0,0,0,0,0,0,0,0,2,0,0,0,0,0,0,0,0,0,0,0,0,0,0,1,0,0,0,0,0,0,0,0,0,0,0,1,0,0,0,0,0,0,0,0,0,0,0,0,0,0,0,0,0,0,0,0,0,0,0,0,0,0,0,0,1,0,0,0,0,0,0,0,0,0,0,0,0,0,0,0,0,0,3,0,0,0,0,0,0,0,0,0,0,0,0,0,0
STAT,(NULL),MeminfoPost,191,757124,3966,3954,3986,3965,3972,3972,3968,3953,3960,3964,3984,3990,4014,3973,3950,3962,3956,3962,3972,3975,3977,3961,3976,3969,3949,3957,3960,3974,3982,3951,3951,3957,3965,3955,3988,3966,3971,3972,3967,3953,3961,3963,3985,3989,4016,3973,3953,3961,3955,3963,3969,3975,3979,3963,3973,3966,3951,3957,3959,3975,3982,3951,3951,3958,3965,3972,3965,3961,3996,3970,3957,3973,3972,3962,3963,3968,3953,3957,3955,3972,3948,3945,3966,3969,3977,3960,3952,3960,3960,3949,3949,3948,3965,3959,3989,3988,3962,3950,3955,3956,3984,3950,3944,3943,3962,3966,3972,3971,3976,3965,3963,3952,3958,3965,3957,3957,3951,3951,3943,3957,3944,3975,3952,3945,3980,3994,3987,3987,3959,3953,3954,3977,3949,3942,3957,3964,3971,3973,3968,3964,3952,3963,3956,3960,3948,3944,3957,3962,3952,3945,3981,3993,3989,3987,3965,3953,3959,3945,3959,3964,3994,3989,3972,3987,3984,3953,3954,3977,3947,3970,3953,3951,3944,3956,3947,3956,3983,3938,3946,3959,3939,3946,3976,3951,3957,3963,3968,3961,3971,3954,3967
STAT,(NULL),MeminfoPre,191,189281,993,981,1013,992,999,999,995,980,987,991,1011,1017,1041,1000,977,989,983,989,999,1002,1004,988,1003,996,976,984,987,1001,1009,978,978,984,992,982,1015,993,998,999,994,980,988,990,1012,1016,1043,1000,980,988,982,990,996,1002,1006,990,1000,993,978,984,986,1002,1009,978,978,985,992,999,992,988,1023,997,984,1000,999,989,990,995,980,984,982,999,975,972,993,996,1004,987,979,987,987,976,976,975,992,986,1016,1015,989,977,982,983,1011,977,971,970,989,993,999,998,1003,992,990,979,985,992,984,984,978,978,970,984,971,1002,979,972,1007,1021,1014,1014,986,980,981,1004,976,969,984,991,998,1000,995,991,979,990,983,987,975,971,984,989,979,972,1008,1020,1016,1014,992,980,986,972,986,991,1021,1016,999,1014,1011,980,981,1004,974,997,980,978,971,983,974,983,1010,965,973,986,966,973,1003,978,984,990,995,988,998,981,994
STAT,(NULL),Partition,191,375,375,0,0,0,0,0,0,0,0,0,0,0,0,0,0,0,0,0,0,0,0,0,0,0,0,0,0,0,0,0,0,0,0,0,0,0,0,0,0,0,0,0,0,0,0,0,0,0,0,0,0,0,0,0,0,0,0,0,0,0,0,0,0,0,0,0,0,0,0,0,0,0,0,0,0,0,0,0,0,0,0,0,0,0,0,0,0,0,0,0,0,0,0,0,0,0,0,0,0,0,0,0,0,0,0,0,0,0,0,0,0,0,0,0,0,0,0,0,0,0,0,0,0,0,0,0,0,0,0,0,0,0,0,0,0,0,0,0,0,0,0,0,0,0,0,0,0,0,0,0,0,0,0,0,0,0,0,0,0,0,0,0,0,0,0,0,0,0,0,0,0,0,0,0,0,0,0,0,0,0,0,0,0,0,0,0,0,0,0,0,0
STAT,(NULL),Refine,191,2394,2394,0,0,0,0,0,0,0,0,0,0,0,0,0,0,0,0,0,0,0,0,0,0,0,0,0,0,0,0,0,0,0,0,0,0,0,0,0,0,0,0,0,0,0,0,0,0,0,0,0,0,0,0,0,0,0,0,0,0,0,0,0,0,0,0,0,0,0,0,0,0,0,0,0,0,0,0,0,0,0,0,0,0,0,0,0,0,0,0,0,0,0,0,0,0,0,0,0,0,0,0,0,0,0,0,0,0,0,0,0,0,0,0,0,0,0,0,0,0,0,0,0,0,0,0,0,0,0,0,0,0,0,0,0,0,0,0,0,0,0,0,0,0,0,0,0,0,0,0,0,0,0,0,0,0,0,0,0,0,0,0,0,0,0,0,0,0,0,0,0,0,0,0,0,0,0,0,0,0,0,0,0,0,0,0,0,0,0,0,0,0
STAT,(NULL),Threads,191,191,191,0,0,0,0,0,0,0,0,0,0,0,0,0,0,0,0,0,0,0,0,0,0,0,0,0,0,0,0,0,0,0,0,0,0,0,0,0,0,0,0,0,0,0,0,0,0,0,0,0,0,0,0,0,0,0,0,0,0,0,0,0,0,0,0,0,0,0,0,0,0,0,0,0,0,0,0,0,0,0,0,0,0,0,0,0,0,0,0,0,0,0,0,0,0,0,0,0,0,0,0,0,0,0,0,0,0,0,0,0,0,0,0,0,0,0,0,0,0,0,0,0,0,0,0,0,0,0,0,0,0,0,0,0,0,0,0,0,0,0,0,0,0,0,0,0,0,0,0,0,0,0,0,0,0,0,0,0,0,0,0,0,0,0,0,0,0,0,0,0,0,0,0,0,0,0,0,0,0,0,0,0,0,0,0,0,0,0,0,0,0
STAT,(NULL),Time,191,6751,6751,0,0,0,0,0,0,0,0,0,0,0,0,0,0,0,0,0,0,0,0,0,0,0,0,0,0,0,0,0,0,0,0,0,0,0,0,0,0,0,0,0,0,0,0,0,0,0,0,0,0,0,0,0,0,0,0,0,0,0,0,0,0,0,0,0,0,0,0,0,0,0,0,0,0,0,0,0,0,0,0,0,0,0,0,0,0,0,0,0,0,0,0,0,0,0,0,0,0,0,0,0,0,0,0,0,0,0,0,0,0,0,0,0,0,0,0,0,0,0,0,0,0,0,0,0,0,0,0,0,0,0,0,0,0,0,0,0,0,0,0,0,0,0,0,0,0,0,0,0,0,0,0,0,0,0,0,0,0,0,0,0,0,0,0,0,0,0,0,0,0,0,0,0,0,0,0,0,0,0,0,0,0,0,0,0,0,0,0,0,0
STAT,match,Conflicts,191,6350,56,46,51,42,46,44,47,48,44,51,45,36,47,47,41,32,41,36,43,53,43,45,45,43,46,45,53,48,41,48,43,38,42,35,38,35,40,39,40,38,42,53,40,42,39,43,31,50,40,35,31,37,41,36,39,48,46,42,43,46,41,34,36,33,35,28,27,22,19,33,35,21,22,28,22,30,25,27,28,21,38,33,29,27,22,26,24,31,27,31,24,21,24,31,29,28,24,27,33,31,26,33,33,35,35,29,32,31,34,33,32,28,22,37,28,28,37,30,32,32,27,31,22,30,29,25,23,23,26,32,35,27,28,25,22,30,33,31,28,27,29,26,30,23,31,31,28,24,33,31,27,26,32,26,27,29,28,26,36,22,31,31,32,31,29,35,21,35,34,32,31,30,25,27,31,31,25,27,29,26,29,28,33,31,35,32,31,26,26,20,28
STAT,match,Iterations,191,15024217,50382,61427,57189,64346,49983,64330,47075,66306,56127,44187,60411,70331,58519,69638,59477,84852,85294,61243,75104,57543,70295,66989,69650,70084,63724,66893,66710,70708,56731,66415,76363,51183,72961,70689,72250,79621,63430,63418,76035,88980,69832,68439,57528,63918,64199,67344,75360,60576,93070,64579,66934,71809,76266,73337,68408,66616,79590,71497,70990,56281,80343,76910,85594,81849,72786,92926,69520,65103,83734,71330,77063,94528,78787,60354,73129,85252,96024,92149,90095,107515,85719,73144,92315,88112,94599,89329,78493,96530,103871,97347,82815,84318,92006,76962,78097,82179,84746,80537,82347,84920,88583,95705,93868,69207,72342,68814,76202,66803,71468,83791,81170,64879,94922,62506,89283,89478,88260,94042,87411,90771,76577,93019,117706,65123,59503,88016,75808,85529,66661,69726,95427,84479,85927,81124,87301,91490,82526,81291,90037,95893,71875,95650,85110,88576,83881,62678,91234,71542,69548,75144,94553,93625,92860,95437,85501,80274,87189,73080,67842,113055,71822,94170,96821,101956,98588,92392,93611,82436,97186,86343,63887,81767,92053,94839,84667,90577,79361,87125,89230,87118,77735,86889,89596,78109,63002,70412,80036,67329,104002,94566,88427
STAT,popedge,Conflicts,191,0,0,0,0,0,0,0,0,0,0,0,0,0,0,0,0,0,0,0,0,0,0,0,0,0,0,0,0,0,0,0,0,0,0,0,0,0,0,0,0,0,0,0,0,0,0,0,0,0,0,0,0,0,0,0,0,0,0,0,0,0,0,0,0,0,0,0,0,0,0,0,0,0,0,0,0,0,0,0,0,0,0,0,0,0,0,0,0,0,0,0,0,0,0,0,0,0,0,0,0,0,0,0,0,0,0,0,0,0,0,0,0,0,0,0,0,0,0,0,0,0,0,0,0,0,0,0,0,0,0,0,0,0,0,0,0,0,0,0,0,0,0,0,0,0,0,0,0,0,0,0,0,0,0,0,0,0,0,0,0,0,0,0,0,0,0,0,0,0,0,0,0,0,0,0,0,0,0,0,0,0,0,0,0,0,0,0,0,0,0,0,0
STAT,popedge,Iterations,191,7360232,34830,36420,33897,33653,35179,33536,33806,33775,37834,36909,38846,37964,38566,35514,37795,38230,37886,39911,39353,40190,37910,40289,39029,38339,40926,41896,38989,40902,40609,39883,41585,39558,40632,36908,37623,36821,39041,39305,40779,38300,38642,39785,38903,38816,38354,38610,40352,38554,39157,39295,41363,41182,38504,38375,39429,41375,41807,39959,37174,40558,39413,34268,35166,34485,32635,33809,34764,34094,38246,37733,38723,36542,37901,37407,36966,37776,37116,38223,38611,37769,39115,39861,37721,39469,38794,38861,38259,37656,39871,38245,38000,40355,38580,37777,38603,39118,39578,41100,40736,39898,42416,39746,41458,39357,40817,42169,39773,39783,40975,39885,38704,41089,38754,42562,41682,39719,39306,41397,39338,36769,40069,39526,35801,35096,34484,33724,34358,34016,35300,34380,36987,38878,37179,37924,38223,38051,38182,40443,37534,39335,37711,37530,39506,36609,38157,39544,36699,40701,37842,41203,38869,38185,38362,39609,39415,37166,38739,41713,41228,40498,40982,41773,42701,40443,41241,39741,41503,40501,39733,40776,42361,38944,40714,37436,40972,41790,38163,42439,41253,40174,37515,40334,40972,34475,35921,35235,34841,35123,35317,32861,32667
STAT,refine,Conflicts,191,5745,118,120,116,116,101,105,98,96,91,81,87,83,79,87,81,69,74,63,53,61,57,60,70,55,57,69,63,67,60,65,48,32,41,40,32,38,28,31,22,38,26,38,29,37,41,43,37,29,25,32,36,33,34,33,44,43,38,39,39,29,45,12,12,19,13,12,21,19,17,18,18,25,18,15,15,16,14,24,14,24,23,16,19,22,13,13,15,18,18,19,22,21,11,9,24,21,23,18,10,6,16,13,19,18,25,21,27,20,17,12,17,12,19,29,12,21,7,19,23,17,12,22,25,20,14,16,18,19,13,15,15,7,11,9,16,15,27,11,25,20,14,20,23,17,15,16,16,15,21,19,12,21,18,15,20,20,18,16,18,14,12,16,16,18,12,20,15,23,13,5,14,7,21,16,16,22,15,26,23,23,23,14,28,13,11,15,24,17,16,22,18
STAT,refine,Iterations,191,40033,331,409,332,421,413,352,310,332,306,221,245,229,263,397,257,255,356,229,212,240,216,205,331,246,260,251,244,313,303,262,258,146,235,198,161,205,249,210,171,227,133,186,200,170,282,298,214,152,191,138,164,156,159,110,229,195,237,279,229,159,311,131,198,152,205,180,158,146,166,263,138,176,186,190,216,186,165,249,183,175,159,171,185,289,238,299,155,193,193,228,270,220,177,174,233,239,206,247,256,113,165,146,168,123,168,214,249,158,164,173,202,156,127,222,144,181,153,267,312,268,204,245,120,207,139,171,253,315,185,185,246,83,90,91,157,196,259,196,211,236,135,154,132,214,212,173,278,179,171,189,197,291,297,178,224,168,165,176,238,253,125,200,151,191,126,214,160,288,173,101,101,109,195,146,131,213,131,226,205,214,262,224,268,103,177,166,312,257,174,229,187
