Hello from MIC
Galois Benchmark Suite v2.2.0 (r0)
Copyright (C) 2013 The University of Texas at Austin
http://iss.ices.utexas.edu/galois/

application: GMetis
Partitions a graph into K parts and minimizing the graph cut
http://iss.ices.utexas.edu/?p=projects/galois/benchmarks/gMetis

INFO: CommandLine /work/02556/dpereira/MIC/apps/gmetis/gmetis -t=151 /work/02556/dpereira/Inputs/USA-road-d.W.gr 128
INFO: Hostname c558-002-mic0.stampede.tacc.utexas.edu
Created Graph with 6262104 nodes and 15248146 edges
Nodes 6262104| Edges 15248146 7624073

  Starting coarsening: 
Time coarsen:  2587 Size of final graph: 3144

  Sarting initial partitioning using GGGP:
Size in decade percentages:  -1,5 -0,119 1,4
Time clustering:  426

  Sarting refinnement with BKL2
Initial dist
Size in decade percentages:  -1,5 -0,119 1,4
Refined dist
Size in decade percentages:  -1,40 -0,43 1,45
Time refinement:  1507


Time:  4694
Total edge cut : 8084

Part saved in : 0x7fff9477cd60
STATTYPE,LOOP,CATEGORY,n,sum,T0,T1,T2,T3,T4,T5,T6,T7,T8,T9,T10,T11,T12,T13,T14,T15,T16,T17,T18,T19,T20,T21,T22,T23,T24,T25,T26,T27,T28,T29,T30,T31,T32,T33,T34,T35,T36,T37,T38,T39,T40,T41,T42,T43,T44,T45,T46,T47,T48,T49,T50,T51,T52,T53,T54,T55,T56,T57,T58,T59,T60,T61,T62,T63,T64,T65,T66,T67,T68,T69,T70,T71,T72,T73,T74,T75,T76,T77,T78,T79,T80,T81,T82,T83,T84,T85,T86,T87,T88,T89,T90,T91,T92,T93,T94,T95,T96,T97,T98,T99,T100,T101,T102,T103,T104,T105,T106,T107,T108,T109,T110,T111,T112,T113,T114,T115,T116,T117,T118,T119,T120,T121,T122,T123,T124,T125,T126,T127,T128,T129,T130,T131,T132,T133,T134,T135,T136,T137,T138,T139,T140,T141,T142,T143,T144,T145,T146,T147,T148,T149,T150
STAT,(NULL),Coarsen,151,2587,2587,0,0,0,0,0,0,0,0,0,0,0,0,0,0,0,0,0,0,0,0,0,0,0,0,0,0,0,0,0,0,0,0,0,0,0,0,0,0,0,0,0,0,0,0,0,0,0,0,0,0,0,0,0,0,0,0,0,0,0,0,0,0,0,0,0,0,0,0,0,0,0,0,0,0,0,0,0,0,0,0,0,0,0,0,0,0,0,0,0,0,0,0,0,0,0,0,0,0,0,0,0,0,0,0,0,0,0,0,0,0,0,0,0,0,0,0,0,0,0,0,0,0,0,0,0,0,0,0,0,0,0,0,0,0,0,0,0,0,0,0,0,0,0,0,0,0,0,0,0,0
STAT,(NULL),Conflicts,151,0,0,0,0,0,0,0,0,0,0,0,0,0,0,0,0,0,0,0,0,0,0,0,0,0,0,0,0,0,0,0,0,0,0,0,0,0,0,0,0,0,0,0,0,0,0,0,0,0,0,0,0,0,0,0,0,0,0,0,0,0,0,0,0,0,0,0,0,0,0,0,0,0,0,0,0,0,0,0,0,0,0,0,0,0,0,0,0,0,0,0,0,0,0,0,0,0,0,0,0,0,0,0,0,0,0,0,0,0,0,0,0,0,0,0,0,0,0,0,0,0,0,0,0,0,0,0,0,0,0,0,0,0,0,0,0,0,0,0,0,0,0,0,0,0,0,0,0,0,0,0,0
STAT,(NULL),Iterations,151,255,10,0,0,0,0,0,3,0,0,3,0,0,1,5,0,1,1,0,2,0,0,0,3,3,0,3,0,1,2,1,1,3,2,0,3,1,0,0,4,1,3,2,0,0,2,1,3,4,0,5,3,4,0,1,0,5,1,1,0,2,2,4,4,0,0,2,2,0,2,3,6,4,5,0,4,0,0,0,2,0,8,1,1,0,4,8,2,7,0,0,4,3,2,0,5,3,4,1,1,1,3,3,2,0,0,1,2,0,0,4,3,3,0,3,3,0,4,1,1,0,2,1,4,1,1,0,0,0,3,2,1,1,3,0,2,0,2,0,1,0,0,2,3,0,2,1,0,3,1,0,0
STAT,(NULL),MeminfoPost,151,756789,5017,5011,5028,5015,5014,5013,4999,5020,5030,5075,5037,4994,5007,5005,5020,5019,5027,5022,5014,4994,5008,5022,5026,4998,4994,5016,5002,5029,5028,5014,5018,4992,5016,5034,5052,5061,4997,5007,4999,5019,5025,5036,5009,5021,4995,5005,5020,5020,5004,4997,5010,5019,5012,5016,5050,5001,5016,5024,5003,5019,5003,5002,5017,4993,4993,5018,5023,5010,5006,5000,4996,4996,5004,4993,5040,5038,5005,4998,5000,5029,4994,4984,5003,5015,5022,5024,5017,5012,4995,5013,5001,5006,4990,4991,5003,4997,5011,4987,5029,5050,5042,5012,4999,5019,4999,4984,5007,5018,5023,5015,5007,5009,4999,5004,4988,5000,5006,4995,5009,5040,5045,5036,5004,5005,4990,5006,5026,5050,5027,5043,5017,4993,5016,5005,5005,4997,4988,4997,4986,5038,4990,4985,4996,4994,5014,5001,5008,5017,5009,5008,5015
STAT,(NULL),MeminfoPre,151,189180,1258,1252,1269,1256,1255,1254,1240,1261,1271,1316,1278,1235,1248,1246,1261,1260,1268,1263,1255,1235,1249,1263,1267,1239,1235,1257,1243,1270,1269,1255,1259,1233,1257,1275,1293,1302,1238,1248,1240,1260,1266,1277,1250,1262,1236,1246,1261,1261,1245,1238,1251,1260,1253,1257,1291,1242,1257,1265,1244,1260,1244,1243,1258,1234,1234,1259,1264,1251,1247,1241,1237,1237,1245,1234,1281,1279,1246,1239,1241,1270,1235,1225,1244,1256,1263,1265,1258,1253,1236,1254,1242,1247,1231,1232,1244,1238,1252,1228,1270,1291,1283,1253,1240,1260,1240,1225,1248,1259,1264,1256,1248,1250,1240,1245,1229,1241,1247,1236,1250,1281,1286,1277,1245,1246,1231,1247,1267,1291,1268,1284,1258,1234,1257,1246,1246,1238,1229,1238,1227,1279,1231,1226,1237,1235,1255,1242,1249,1258,1250,1249,1256
STAT,(NULL),Partition,151,426,426,0,0,0,0,0,0,0,0,0,0,0,0,0,0,0,0,0,0,0,0,0,0,0,0,0,0,0,0,0,0,0,0,0,0,0,0,0,0,0,0,0,0,0,0,0,0,0,0,0,0,0,0,0,0,0,0,0,0,0,0,0,0,0,0,0,0,0,0,0,0,0,0,0,0,0,0,0,0,0,0,0,0,0,0,0,0,0,0,0,0,0,0,0,0,0,0,0,0,0,0,0,0,0,0,0,0,0,0,0,0,0,0,0,0,0,0,0,0,0,0,0,0,0,0,0,0,0,0,0,0,0,0,0,0,0,0,0,0,0,0,0,0,0,0,0,0,0,0,0,0
STAT,(NULL),Refine,151,1507,1507,0,0,0,0,0,0,0,0,0,0,0,0,0,0,0,0,0,0,0,0,0,0,0,0,0,0,0,0,0,0,0,0,0,0,0,0,0,0,0,0,0,0,0,0,0,0,0,0,0,0,0,0,0,0,0,0,0,0,0,0,0,0,0,0,0,0,0,0,0,0,0,0,0,0,0,0,0,0,0,0,0,0,0,0,0,0,0,0,0,0,0,0,0,0,0,0,0,0,0,0,0,0,0,0,0,0,0,0,0,0,0,0,0,0,0,0,0,0,0,0,0,0,0,0,0,0,0,0,0,0,0,0,0,0,0,0,0,0,0,0,0,0,0,0,0,0,0,0,0,0
STAT,(NULL),Threads,151,151,151,0,0,0,0,0,0,0,0,0,0,0,0,0,0,0,0,0,0,0,0,0,0,0,0,0,0,0,0,0,0,0,0,0,0,0,0,0,0,0,0,0,0,0,0,0,0,0,0,0,0,0,0,0,0,0,0,0,0,0,0,0,0,0,0,0,0,0,0,0,0,0,0,0,0,0,0,0,0,0,0,0,0,0,0,0,0,0,0,0,0,0,0,0,0,0,0,0,0,0,0,0,0,0,0,0,0,0,0,0,0,0,0,0,0,0,0,0,0,0,0,0,0,0,0,0,0,0,0,0,0,0,0,0,0,0,0,0,0,0,0,0,0,0,0,0,0,0,0,0,0
STAT,(NULL),Time,151,4694,4694,0,0,0,0,0,0,0,0,0,0,0,0,0,0,0,0,0,0,0,0,0,0,0,0,0,0,0,0,0,0,0,0,0,0,0,0,0,0,0,0,0,0,0,0,0,0,0,0,0,0,0,0,0,0,0,0,0,0,0,0,0,0,0,0,0,0,0,0,0,0,0,0,0,0,0,0,0,0,0,0,0,0,0,0,0,0,0,0,0,0,0,0,0,0,0,0,0,0,0,0,0,0,0,0,0,0,0,0,0,0,0,0,0,0,0,0,0,0,0,0,0,0,0,0,0,0,0,0,0,0,0,0,0,0,0,0,0,0,0,0,0,0,0,0,0,0,0,0,0,0
STAT,match,Conflicts,151,6216,75,66,67,63,75,53,74,57,51,67,58,62,65,57,63,48,60,53,63,58,53,52,51,45,58,60,56,58,56,49,51,48,49,49,45,42,67,42,37,43,42,44,44,40,40,49,38,48,50,39,44,36,42,52,43,52,43,47,36,43,33,35,33,36,32,36,27,32,37,30,32,36,29,28,32,30,26,44,40,38,38,26,33,36,28,35,32,33,34,37,31,33,44,32,42,42,41,46,34,32,37,33,28,32,35,35,38,34,32,43,39,37,32,30,38,39,41,33,37,25,39,35,37,35,30,31,34,26,37,28,36,36,28,40,28,34,30,34,36,39,28,33,27,33,31,30,39,32,34,36,29
STAT,match,Iterations,151,15020607,55976,72313,84059,71322,76650,80048,59965,78194,83189,80099,76043,69471,98914,83718,88794,79562,87119,80874,67144,70994,86898,58811,79523,82054,79106,87095,72406,76867,77917,93741,91645,115240,96926,97647,110263,88873,91681,100069,127447,100059,95941,107453,132137,82835,130857,91232,120870,96353,112612,108126,116844,112028,106795,97025,92272,99796,112018,105190,99975,93116,107517,98681,78707,103446,107263,89873,102769,101384,96298,101661,96552,88679,114596,110160,95429,100771,107457,89084,100117,99852,104932,105971,108284,94948,104391,94555,103569,101703,88414,96679,127742,123697,113226,122838,114171,113297,98517,119910,101376,118474,108603,117867,112552,128892,93500,115086,125791,118328,110376,107074,120727,114480,118065,121135,136092,117116,114666,107271,116905,112876,108513,94156,101545,97300,102097,100529,92382,102995,78584,108114,102028,80400,112870,82143,85987,88668,86843,114163,82357,98263,118978,113721,116086,87794,102844,118183,95253,102463,99361,104623,104781
STAT,popedge,Conflicts,151,0,0,0,0,0,0,0,0,0,0,0,0,0,0,0,0,0,0,0,0,0,0,0,0,0,0,0,0,0,0,0,0,0,0,0,0,0,0,0,0,0,0,0,0,0,0,0,0,0,0,0,0,0,0,0,0,0,0,0,0,0,0,0,0,0,0,0,0,0,0,0,0,0,0,0,0,0,0,0,0,0,0,0,0,0,0,0,0,0,0,0,0,0,0,0,0,0,0,0,0,0,0,0,0,0,0,0,0,0,0,0,0,0,0,0,0,0,0,0,0,0,0,0,0,0,0,0,0,0,0,0,0,0,0,0,0,0,0,0,0,0,0,0,0,0,0,0,0,0,0,0,0
STAT,popedge,Iterations,151,7362147,45147,44938,43749,45666,42072,43840,48514,44872,44878,45619,44485,49040,46047,46070,44592,45805,44881,46728,48579,49122,46717,48952,46832,46817,45867,47711,47674,46369,46798,55002,54315,54462,54650,54322,52477,52800,53256,52547,53036,50507,51961,50212,52908,53091,54890,53282,55048,51167,53518,53448,53738,49959,50226,51875,48907,50001,50026,47412,49453,50283,52728,43364,43781,44108,45330,39300,43769,44631,42872,46036,43127,44817,42811,46511,43121,46624,49328,47243,46745,47950,46186,47732,45897,45312,44502,46855,45953,46971,45885,46922,55886,50353,54189,53123,53603,52865,54009,53134,54821,52257,51939,54047,51796,53481,54359,56404,56157,54931,51378,55083,52516,54871,55888,53863,50720,48930,51317,49166,52212,51458,49491,51856,41852,41352,42877,44681,41780,44439,45685,46365,47310,46235,46992,50588,48475,51559,48187,46165,48663,46462,44890,45985,45052,49765,46218,47766,46636,46440,47602,45053,47399
STAT,refine,Conflicts,151,5886,127,117,126,120,94,85,103,101,79,90,78,80,84,99,74,62,68,63,62,78,63,62,63,55,55,62,68,73,63,60,52,44,38,38,41,48,35,36,47,52,42,40,39,36,28,44,46,43,43,46,42,46,34,43,45,45,31,40,43,50,39,24,24,23,26,22,24,22,15,12,30,23,20,15,22,24,23,33,26,23,23,32,21,27,22,19,28,24,24,21,23,32,22,23,19,27,31,23,13,25,27,27,17,26,26,20,28,28,28,27,23,28,28,24,22,28,26,16,25,35,34,28,27,21,36,28,19,18,19,20,24,27,14,28,19,25,20,24,25,21,23,28,29,30,23,21,26,22,26,32,20
STAT,refine,Iterations,151,135299,741,869,1139,991,922,723,815,730,894,1065,987,580,644,835,870,724,740,841,601,746,745,772,874,800,704,902,826,851,765,1125,711,1040,981,990,1246,1221,611,994,1220,1064,1160,980,897,850,830,1008,1176,886,1306,1055,1010,1136,903,1011,842,974,967,986,913,937,946,805,926,808,760,724,840,695,641,630,773,898,818,683,711,677,749,720,840,880,550,757,635,816,895,837,1064,846,737,783,1167,825,829,986,824,1380,1248,797,835,1139,1050,1368,941,1182,826,908,997,1164,1169,1274,1044,1078,1165,1059,1034,886,1122,983,916,1248,1102,974,831,686,892,926,972,902,781,738,884,856,889,719,698,606,711,632,598,850,731,726,882,747,1098,822,906,973,795,775,983
