Hello from MIC
Galois Benchmark Suite v2.2.0 (r0)
Copyright (C) 2013 The University of Texas at Austin
http://iss.ices.utexas.edu/galois/

application: GMetis
Partitions a graph into K parts and minimizing the graph cut
http://iss.ices.utexas.edu/?p=projects/galois/benchmarks/gMetis

INFO: CommandLine /work/02556/dpereira/MIC/apps/gmetis/gmetis -t=204 /work/02556/dpereira/Inputs/USA-road-d.W.gr 128
INFO: Hostname c558-003-mic0.stampede.tacc.utexas.edu
Created Graph with 6262104 nodes and 15248146 edges
Nodes 6262104| Edges 15248146 7624073

  Starting coarsening: 
Time coarsen:  3473 Size of final graph: 3154

  Sarting initial partitioning using GGGP:
Size in decade percentages:  -1,2 -0,121 1,5
Time clustering:  454

  Sarting refinnement with BKL2
Initial dist
Size in decade percentages:  -1,2 -0,121 1,5
Refined dist
Size in decade percentages:  -1,47 -0,34 1,47
Time refinement:  2280


Time:  6386
Total edge cut : 8497

Part saved in : 0x7fff0a99fde0
STATTYPE,LOOP,CATEGORY,n,sum,T0,T1,T2,T3,T4,T5,T6,T7,T8,T9,T10,T11,T12,T13,T14,T15,T16,T17,T18,T19,T20,T21,T22,T23,T24,T25,T26,T27,T28,T29,T30,T31,T32,T33,T34,T35,T36,T37,T38,T39,T40,T41,T42,T43,T44,T45,T46,T47,T48,T49,T50,T51,T52,T53,T54,T55,T56,T57,T58,T59,T60,T61,T62,T63,T64,T65,T66,T67,T68,T69,T70,T71,T72,T73,T74,T75,T76,T77,T78,T79,T80,T81,T82,T83,T84,T85,T86,T87,T88,T89,T90,T91,T92,T93,T94,T95,T96,T97,T98,T99,T100,T101,T102,T103,T104,T105,T106,T107,T108,T109,T110,T111,T112,T113,T114,T115,T116,T117,T118,T119,T120,T121,T122,T123,T124,T125,T126,T127,T128,T129,T130,T131,T132,T133,T134,T135,T136,T137,T138,T139,T140,T141,T142,T143,T144,T145,T146,T147,T148,T149,T150,T151,T152,T153,T154,T155,T156,T157,T158,T159,T160,T161,T162,T163,T164,T165,T166,T167,T168,T169,T170,T171,T172,T173,T174,T175,T176,T177,T178,T179,T180,T181,T182,T183,T184,T185,T186,T187,T188,T189,T190,T191,T192,T193,T194,T195,T196,T197,T198,T199,T200,T201,T202,T203
STAT,(NULL),Coarsen,204,3473,3473,0,0,0,0,0,0,0,0,0,0,0,0,0,0,0,0,0,0,0,0,0,0,0,0,0,0,0,0,0,0,0,0,0,0,0,0,0,0,0,0,0,0,0,0,0,0,0,0,0,0,0,0,0,0,0,0,0,0,0,0,0,0,0,0,0,0,0,0,0,0,0,0,0,0,0,0,0,0,0,0,0,0,0,0,0,0,0,0,0,0,0,0,0,0,0,0,0,0,0,0,0,0,0,0,0,0,0,0,0,0,0,0,0,0,0,0,0,0,0,0,0,0,0,0,0,0,0,0,0,0,0,0,0,0,0,0,0,0,0,0,0,0,0,0,0,0,0,0,0,0,0,0,0,0,0,0,0,0,0,0,0,0,0,0,0,0,0,0,0,0,0,0,0,0,0,0,0,0,0,0,0,0,0,0,0,0,0,0,0,0,0,0,0,0,0,0,0,0,0,0,0,0,0
STAT,(NULL),Conflicts,204,0,0,0,0,0,0,0,0,0,0,0,0,0,0,0,0,0,0,0,0,0,0,0,0,0,0,0,0,0,0,0,0,0,0,0,0,0,0,0,0,0,0,0,0,0,0,0,0,0,0,0,0,0,0,0,0,0,0,0,0,0,0,0,0,0,0,0,0,0,0,0,0,0,0,0,0,0,0,0,0,0,0,0,0,0,0,0,0,0,0,0,0,0,0,0,0,0,0,0,0,0,0,0,0,0,0,0,0,0,0,0,0,0,0,0,0,0,0,0,0,0,0,0,0,0,0,0,0,0,0,0,0,0,0,0,0,0,0,0,0,0,0,0,0,0,0,0,0,0,0,0,0,0,0,0,0,0,0,0,0,0,0,0,0,0,0,0,0,0,0,0,0,0,0,0,0,0,0,0,0,0,0,0,0,0,0,0,0,0,0,0,0,0,0,0,0,0,0,0,0,0,0,0,0,0
STAT,(NULL),Iterations,204,255,8,5,3,0,1,4,2,3,4,6,0,2,0,3,3,0,0,1,0,0,1,0,0,2,0,4,1,3,1,0,0,0,2,0,3,0,0,0,4,0,1,0,1,0,0,3,0,0,4,4,1,2,0,0,1,1,0,0,0,0,0,3,3,0,0,5,1,0,4,0,2,0,3,2,1,0,0,4,0,0,0,0,2,6,2,0,1,1,1,0,2,1,0,1,1,0,0,3,0,6,2,5,0,8,0,0,0,0,0,1,1,0,2,0,1,2,0,0,1,3,0,4,1,4,0,0,1,1,0,0,0,3,1,1,0,2,0,0,3,0,1,1,2,0,3,1,1,2,2,1,0,0,0,0,1,1,0,1,0,2,5,0,7,0,5,1,5,2,0,1,1,0,1,0,0,2,1,0,0,0,0,0,2,1,2,0,1,2,0,1,0,0,1,0,3,2,0,0,0,2,0,2,0,0
STAT,(NULL),MeminfoPost,204,756952,3717,3700,3721,3728,3714,3714,3703,3716,3699,3719,3711,3727,3741,3757,3717,3698,3708,3708,3704,3719,3713,3728,3714,3717,3713,3706,3700,3708,3710,3720,3727,3697,3699,3704,3712,3707,3712,3728,3715,3716,3708,3716,3699,3721,3704,3729,3735,3762,3725,3695,3707,3707,3701,3712,3722,3723,3717,3718,3714,3711,3699,3703,3706,3721,3723,3705,3700,3704,3709,3716,3714,3705,3720,3741,3712,3703,3717,3721,3708,3707,3717,3704,3704,3701,3715,3703,3691,3704,3711,3720,3716,3711,3699,3705,3708,3697,3692,3699,3713,3695,3730,3735,3721,3704,3700,3703,3712,3722,3696,3692,3691,3706,3713,3714,3720,3721,3722,3704,3712,3692,3719,3698,3705,3706,3697,3698,3692,3705,3689,3723,3700,3694,3709,3731,3737,3729,3731,3702,3703,3701,3724,3698,3690,3698,3713,3719,3715,3722,3704,3706,3705,3705,3703,3706,3697,3691,3705,3701,3708,3692,3719,3738,3728,3741,3719,3706,3701,3701,3698,3707,3718,3732,3735,3720,3733,3730,3708,3694,3713,3706,3707,3706,3710,3691,3691,3705,3696,3704,3728,3689,3691,3702,3696,3694,3719,3693,3704,3706,3713,3710,3711,3712,3704,3710
STAT,(NULL),MeminfoPre,204,189220,934,917,938,945,931,931,920,933,916,936,928,944,958,974,934,915,925,925,921,936,930,945,931,934,930,923,917,925,927,937,944,914,916,921,929,924,929,945,932,933,925,933,916,938,921,946,952,979,942,912,924,924,918,929,939,940,934,935,931,928,916,920,923,938,940,922,917,921,926,933,931,922,937,958,929,920,934,938,925,924,934,921,921,918,932,920,908,921,928,937,933,928,916,922,925,914,909,916,930,912,947,952,938,921,917,920,929,939,913,909,908,923,930,931,937,938,939,921,929,909,936,915,922,923,914,915,909,922,906,940,917,911,926,948,954,946,948,919,920,918,941,915,907,915,930,936,932,939,921,923,922,922,920,923,914,908,922,918,925,909,936,955,945,958,936,923,918,918,915,924,935,949,952,937,950,947,925,911,930,923,924,923,927,908,908,922,913,921,945,906,908,919,913,911,936,910,921,923,930,927,928,929,921,927
STAT,(NULL),Partition,204,454,454,0,0,0,0,0,0,0,0,0,0,0,0,0,0,0,0,0,0,0,0,0,0,0,0,0,0,0,0,0,0,0,0,0,0,0,0,0,0,0,0,0,0,0,0,0,0,0,0,0,0,0,0,0,0,0,0,0,0,0,0,0,0,0,0,0,0,0,0,0,0,0,0,0,0,0,0,0,0,0,0,0,0,0,0,0,0,0,0,0,0,0,0,0,0,0,0,0,0,0,0,0,0,0,0,0,0,0,0,0,0,0,0,0,0,0,0,0,0,0,0,0,0,0,0,0,0,0,0,0,0,0,0,0,0,0,0,0,0,0,0,0,0,0,0,0,0,0,0,0,0,0,0,0,0,0,0,0,0,0,0,0,0,0,0,0,0,0,0,0,0,0,0,0,0,0,0,0,0,0,0,0,0,0,0,0,0,0,0,0,0,0,0,0,0,0,0,0,0,0,0,0,0,0
STAT,(NULL),Refine,204,2280,2280,0,0,0,0,0,0,0,0,0,0,0,0,0,0,0,0,0,0,0,0,0,0,0,0,0,0,0,0,0,0,0,0,0,0,0,0,0,0,0,0,0,0,0,0,0,0,0,0,0,0,0,0,0,0,0,0,0,0,0,0,0,0,0,0,0,0,0,0,0,0,0,0,0,0,0,0,0,0,0,0,0,0,0,0,0,0,0,0,0,0,0,0,0,0,0,0,0,0,0,0,0,0,0,0,0,0,0,0,0,0,0,0,0,0,0,0,0,0,0,0,0,0,0,0,0,0,0,0,0,0,0,0,0,0,0,0,0,0,0,0,0,0,0,0,0,0,0,0,0,0,0,0,0,0,0,0,0,0,0,0,0,0,0,0,0,0,0,0,0,0,0,0,0,0,0,0,0,0,0,0,0,0,0,0,0,0,0,0,0,0,0,0,0,0,0,0,0,0,0,0,0,0,0
STAT,(NULL),Threads,204,204,204,0,0,0,0,0,0,0,0,0,0,0,0,0,0,0,0,0,0,0,0,0,0,0,0,0,0,0,0,0,0,0,0,0,0,0,0,0,0,0,0,0,0,0,0,0,0,0,0,0,0,0,0,0,0,0,0,0,0,0,0,0,0,0,0,0,0,0,0,0,0,0,0,0,0,0,0,0,0,0,0,0,0,0,0,0,0,0,0,0,0,0,0,0,0,0,0,0,0,0,0,0,0,0,0,0,0,0,0,0,0,0,0,0,0,0,0,0,0,0,0,0,0,0,0,0,0,0,0,0,0,0,0,0,0,0,0,0,0,0,0,0,0,0,0,0,0,0,0,0,0,0,0,0,0,0,0,0,0,0,0,0,0,0,0,0,0,0,0,0,0,0,0,0,0,0,0,0,0,0,0,0,0,0,0,0,0,0,0,0,0,0,0,0,0,0,0,0,0,0,0,0,0,0
STAT,(NULL),Time,204,6386,6386,0,0,0,0,0,0,0,0,0,0,0,0,0,0,0,0,0,0,0,0,0,0,0,0,0,0,0,0,0,0,0,0,0,0,0,0,0,0,0,0,0,0,0,0,0,0,0,0,0,0,0,0,0,0,0,0,0,0,0,0,0,0,0,0,0,0,0,0,0,0,0,0,0,0,0,0,0,0,0,0,0,0,0,0,0,0,0,0,0,0,0,0,0,0,0,0,0,0,0,0,0,0,0,0,0,0,0,0,0,0,0,0,0,0,0,0,0,0,0,0,0,0,0,0,0,0,0,0,0,0,0,0,0,0,0,0,0,0,0,0,0,0,0,0,0,0,0,0,0,0,0,0,0,0,0,0,0,0,0,0,0,0,0,0,0,0,0,0,0,0,0,0,0,0,0,0,0,0,0,0,0,0,0,0,0,0,0,0,0,0,0,0,0,0,0,0,0,0,0,0,0,0,0
STAT,match,Conflicts,204,6415,52,54,57,50,50,48,41,47,46,56,50,40,53,46,44,49,46,38,38,40,45,45,38,39,48,41,33,41,44,45,41,39,33,41,35,39,40,31,33,40,36,29,37,36,32,33,43,44,37,36,38,40,36,34,48,40,40,35,39,39,27,30,33,27,30,25,27,27,25,28,27,28,31,28,24,25,31,18,27,29,32,27,27,29,28,26,29,30,27,25,28,37,30,22,25,22,32,26,28,24,27,28,24,28,18,29,25,29,27,27,23,28,29,34,28,28,29,33,21,31,35,27,29,25,24,22,29,27,28,24,31,35,28,28,20,24,22,21,18,29,26,23,28,23,25,21,24,31,22,22,23,23,35,27,28,28,23,28,30,23,26,28,29,26,24,37,22,26,31,27,23,24,26,34,30,27,36,29,27,28,29,28,24,34,31,36,22,26,23,30,27,26,29,33,32,29,27,27,31,27,28,26,24,32
STAT,match,Iterations,204,15049302,43496,57925,45712,63692,39996,56429,63257,44563,46917,61326,48164,74301,47238,61037,49200,55167,49570,61896,42967,87809,68244,52322,58326,55171,63211,65584,62005,63047,55127,63637,66195,73080,47141,70360,64314,59172,69576,58835,65753,59637,69058,68509,84997,66492,67324,66151,57628,64253,60970,75157,68347,57409,52156,84182,60105,67018,76904,59183,79531,85001,76577,58708,78654,76845,65809,76408,74219,70349,72279,77151,74679,77083,77161,73513,79187,64391,69134,81245,82922,62539,61773,84376,79745,69389,77852,79673,83907,93782,78134,81074,85860,68632,66733,83169,69916,85215,90495,86098,79750,91381,103590,81540,63689,71179,109375,77932,82723,90708,86838,88834,82396,70007,73326,74602,90277,85109,61736,86183,78636,87932,77260,59710,75842,56563,81395,83251,74454,69315,82811,88178,71282,55504,78191,69115,78427,83680,85388,88077,77200,82894,72489,92494,88310,90438,88083,87486,95611,73821,79011,94025,95517,91559,89233,74124,79978,84953,99316,69289,86702,67386,74389,78759,75908,64775,88183,71010,85869,63497,64011,91018,87888,81204,94252,88287,80699,96690,72411,69894,100737,87750,71230,102564,73994,68696,67377,66886,67588,64209,77531,65535,69652,80125,82261,66022,68222,60214,66746,77582,68395,72370,87007,89393,92731,83186
STAT,popedge,Conflicts,204,0,0,0,0,0,0,0,0,0,0,0,0,0,0,0,0,0,0,0,0,0,0,0,0,0,0,0,0,0,0,0,0,0,0,0,0,0,0,0,0,0,0,0,0,0,0,0,0,0,0,0,0,0,0,0,0,0,0,0,0,0,0,0,0,0,0,0,0,0,0,0,0,0,0,0,0,0,0,0,0,0,0,0,0,0,0,0,0,0,0,0,0,0,0,0,0,0,0,0,0,0,0,0,0,0,0,0,0,0,0,0,0,0,0,0,0,0,0,0,0,0,0,0,0,0,0,0,0,0,0,0,0,0,0,0,0,0,0,0,0,0,0,0,0,0,0,0,0,0,0,0,0,0,0,0,0,0,0,0,0,0,0,0,0,0,0,0,0,0,0,0,0,0,0,0,0,0,0,0,0,0,0,0,0,0,0,0,0,0,0,0,0,0,0,0,0,0,0,0,0,0,0,0,0,0
STAT,popedge,Iterations,204,7373374,31923,32996,31745,32387,32564,34491,33526,32089,32943,32603,33134,33129,33259,32595,33710,34385,35072,33977,33308,31534,35741,37315,38497,39891,36109,38617,39963,37371,37197,38682,39887,37559,39227,38523,38666,38444,35808,36933,38906,37047,37525,36184,35334,38298,39105,37362,37097,38188,36709,38326,37710,38357,38951,36540,35775,38753,39853,37440,41542,37531,37219,32045,33277,35282,33472,32738,34234,33347,33197,30843,31136,32721,32252,31791,31828,31030,33885,32137,35151,32024,34043,32855,38699,37652,35963,38213,35439,37240,37231,36668,36350,37969,37868,36032,38256,37324,34917,37193,37514,36709,40680,37333,38570,39314,39965,36390,38140,38637,36231,41819,39765,38778,38062,37918,39487,35640,39175,40350,36144,41517,38963,39645,34219,33373,32258,33049,34564,34697,33213,33386,32802,33570,32395,33241,32834,33601,30950,32300,33987,35492,31037,33845,32003,37716,36997,35833,37218,38867,40000,38067,39035,36848,39488,37971,36480,41360,38562,38501,35256,38276,38557,37903,38538,36584,40562,37396,38437,38453,39927,37733,38376,39776,39560,40100,40568,39420,37648,37684,41663,38961,41399,40264,38645,32538,34147,34233,35156,35233,32976,34055,32933,32830,32201,32767,33738,32762,34938,31650,34783,32373,34338,33028,35347,35303
STAT,refine,Conflicts,204,6540,108,104,114,99,109,107,88,84,79,93,87,89,75,76,76,63,47,64,68,57,75,59,61,63,51,66,58,57,52,60,48,32,36,35,34,37,41,51,39,41,52,37,35,49,31,49,48,46,36,41,42,40,40,38,36,40,38,27,30,38,42,21,16,22,22,29,23,25,24,20,22,34,23,22,22,14,20,14,19,20,28,25,18,21,23,20,28,31,24,18,30,27,19,18,16,17,18,23,28,19,25,23,23,24,21,22,19,22,25,21,20,21,17,20,18,23,18,20,11,22,17,19,17,19,13,23,23,18,17,18,30,29,12,20,21,22,16,22,13,30,14,27,17,26,20,30,16,23,23,20,17,23,25,24,17,24,22,19,28,17,19,19,23,23,19,29,25,19,23,19,20,19,29,19,24,16,11,22,21,16,19,25,14,22,22,16,13,23,18,16,26,22,26,17,29,22,20,23,23,22,15,23,14,28
STAT,refine,Iterations,204,141190,668,669,704,872,620,710,595,696,576,891,532,1027,669,879,544,902,477,843,562,889,835,735,695,549,565,662,566,703,712,822,945,612,462,644,526,593,556,816,535,733,622,621,710,808,450,835,786,958,670,517,641,587,574,725,578,748,851,442,573,680,582,515,540,672,628,838,805,616,510,644,629,695,876,630,656,403,749,510,730,557,795,822,664,817,597,683,626,633,865,615,969,977,654,576,466,643,812,818,765,813,1119,792,612,826,902,632,609,1085,836,697,690,615,620,629,628,687,638,905,542,641,735,524,530,462,560,680,633,649,659,622,626,708,630,821,644,779,530,812,525,804,656,672,679,571,695,689,678,863,739,763,617,773,791,698,625,685,787,704,766,523,718,807,834,701,811,778,635,648,794,916,1006,597,982,665,893,720,632,696,951,582,641,838,461,504,520,630,631,755,525,478,647,576,763,477,980,498,612,723,1033,522,736,690,715,895
