Hello from MIC
Galois Benchmark Suite v2.2.0 (r0)
Copyright (C) 2013 The University of Texas at Austin
http://iss.ices.utexas.edu/galois/

application: GMetis
Partitions a graph into K parts and minimizing the graph cut
http://iss.ices.utexas.edu/?p=projects/galois/benchmarks/gMetis

INFO: CommandLine /work/02556/dpereira/MIC/apps/gmetis/gmetis -t=59 /work/02556/dpereira/Inputs/USA-road-d.W.gr 1024
INFO: Hostname c558-304-mic0.stampede.tacc.utexas.edu
Created Graph with 6262104 nodes and 15248146 edges
Nodes 6262104| Edges 15248146 7624073

  Starting coarsening: 
Time coarsen:  2236 Size of final graph: 40459

  Sarting initial partitioning using GGGP:
Size in decade percentages:  -1,2 -0,1022
Time clustering:  1407

  Sarting refinnement with BKL2
Initial dist
Size in decade percentages:  -1,2 -0,1022
Refined dist
Size in decade percentages:  -1,370 0,283 1,371
Time refinement:  855


Time:  4678
Total edge cut : 37589

Part saved in : 0x7fff6d445c60
STATTYPE,LOOP,CATEGORY,n,sum,T0,T1,T2,T3,T4,T5,T6,T7,T8,T9,T10,T11,T12,T13,T14,T15,T16,T17,T18,T19,T20,T21,T22,T23,T24,T25,T26,T27,T28,T29,T30,T31,T32,T33,T34,T35,T36,T37,T38,T39,T40,T41,T42,T43,T44,T45,T46,T47,T48,T49,T50,T51,T52,T53,T54,T55,T56,T57,T58
STAT,(NULL),Coarsen,59,2236,2236,0,0,0,0,0,0,0,0,0,0,0,0,0,0,0,0,0,0,0,0,0,0,0,0,0,0,0,0,0,0,0,0,0,0,0,0,0,0,0,0,0,0,0,0,0,0,0,0,0,0,0,0,0,0,0,0,0,0
STAT,(NULL),Conflicts,59,0,0,0,0,0,0,0,0,0,0,0,0,0,0,0,0,0,0,0,0,0,0,0,0,0,0,0,0,0,0,0,0,0,0,0,0,0,0,0,0,0,0,0,0,0,0,0,0,0,0,0,0,0,0,0,0,0,0,0,0
STAT,(NULL),Iterations,59,2047,11,23,42,36,52,37,33,23,47,38,34,37,34,19,43,20,30,43,46,26,63,30,48,52,21,33,43,38,13,29,26,60,35,43,41,42,34,37,19,22,30,25,49,28,19,30,27,45,25,31,41,35,19,49,31,18,53,32,57
STAT,(NULL),MeminfoPost,59,756379,12830,12836,12813,12918,12807,12826,12847,12805,12842,12792,12838,12827,12815,12919,12807,12829,12846,12801,12831,12798,12830,12853,12829,12813,12800,12812,12816,12781,12797,12869,12804,12780,12813,12846,12810,12793,12775,12794,12852,12849,12808,12787,12840,12803,12783,12796,12847,12862,12782,12872,12873,12800,12807,12765,12805,12771,12798,12819,12818
STAT,(NULL),MeminfoPre,59,189094,3215,3221,3198,3303,3192,3211,3232,3190,3227,3177,3223,3212,3200,3304,3192,3214,3231,3186,3216,3183,3215,3238,3214,3198,3185,3197,3201,3166,3182,3254,3189,3165,3198,3231,3195,3178,3160,3179,3237,3234,3193,3172,3225,3188,3168,3181,3232,3247,3167,3257,3258,3185,3192,3150,3190,3156,3183,3204,3203
STAT,(NULL),Partition,59,1407,1407,0,0,0,0,0,0,0,0,0,0,0,0,0,0,0,0,0,0,0,0,0,0,0,0,0,0,0,0,0,0,0,0,0,0,0,0,0,0,0,0,0,0,0,0,0,0,0,0,0,0,0,0,0,0,0,0,0,0
STAT,(NULL),Refine,59,855,855,0,0,0,0,0,0,0,0,0,0,0,0,0,0,0,0,0,0,0,0,0,0,0,0,0,0,0,0,0,0,0,0,0,0,0,0,0,0,0,0,0,0,0,0,0,0,0,0,0,0,0,0,0,0,0,0,0,0
STAT,(NULL),Threads,59,59,59,0,0,0,0,0,0,0,0,0,0,0,0,0,0,0,0,0,0,0,0,0,0,0,0,0,0,0,0,0,0,0,0,0,0,0,0,0,0,0,0,0,0,0,0,0,0,0,0,0,0,0,0,0,0,0,0,0,0
STAT,(NULL),Time,59,4678,4678,0,0,0,0,0,0,0,0,0,0,0,0,0,0,0,0,0,0,0,0,0,0,0,0,0,0,0,0,0,0,0,0,0,0,0,0,0,0,0,0,0,0,0,0,0,0,0,0,0,0,0,0,0,0,0,0,0,0
STAT,match,Conflicts,59,4423,198,125,103,110,114,98,88,94,69,93,127,92,84,86,111,74,60,58,79,77,40,60,70,70,70,56,80,86,76,63,48,53,57,57,63,48,55,65,49,62,39,40,48,61,55,59,44,46,57,57,71,51,95,70,105,65,152,74,66
STAT,match,Iterations,59,14876235,220472,217475,252680,221163,253717,251569,239223,263277,254620,255623,251725,248977,251242,239035,245476,250016,243806,264147,246187,254226,251361,235336,247754,248127,255606,256874,246560,254167,256543,244217,253459,265863,253464,240508,246271,254048,264045,250187,243307,237181,260695,258448,253225,262599,264051,261356,250419,234047,266364,247840,269023,269765,249831,280901,264444,285045,252349,253982,262317
STAT,popedge,Conflicts,59,0,0,0,0,0,0,0,0,0,0,0,0,0,0,0,0,0,0,0,0,0,0,0,0,0,0,0,0,0,0,0,0,0,0,0,0,0,0,0,0,0,0,0,0,0,0,0,0,0,0,0,0,0,0,0,0,0,0,0,0
STAT,popedge,Iterations,59,7289330,114668,123747,122360,117331,122061,121744,119323,124000,122759,128327,122383,120168,122514,116626,125321,121217,119195,122109,124656,122310,115261,113991,110678,117531,117678,118171,119973,123960,122226,118480,126421,130010,122766,124710,129080,129260,128327,125725,124394,120556,123316,127053,119541,120334,123450,120830,119949,118690,118236,126074,132450,135701,135967,134977,128714,129093,137604,133113,132221
STAT,refine,Conflicts,59,2925,65,67,69,66,76,63,66,70,55,49,60,48,50,64,55,50,50,41,51,49,66,72,43,45,45,50,51,48,67,60,49,37,40,47,32,43,33,45,48,34,57,35,53,43,52,55,55,37,54,36,38,27,23,41,41,37,49,37,36
STAT,refine,Iterations,59,478618,7992,7825,8647,9764,7709,6744,8656,7625,8627,6631,8255,7382,7896,10125,6899,7814,8722,8730,7538,7674,8683,9110,7805,7539,7456,7138,7031,6497,7928,9847,7996,7858,8344,8611,7989,7016,7762,8591,9918,10195,8296,7475,8798,7577,7579,8271,9390,8605,7923,9975,8974,7924,6775,7183,7372,7296,8609,7910,8117
