Hello from MIC
Galois Benchmark Suite v2.2.0 (r0)
Copyright (C) 2013 The University of Texas at Austin
http://iss.ices.utexas.edu/galois/

application: GMetis
Partitions a graph into K parts and minimizing the graph cut
http://iss.ices.utexas.edu/?p=projects/galois/benchmarks/gMetis

INFO: CommandLine /work/02556/dpereira/MIC/apps/gmetis/gmetis -t=230 /work/02556/dpereira/Inputs/USA-road-d.W.gr 16
INFO: Hostname c558-003-mic0.stampede.tacc.utexas.edu
Created Graph with 6262104 nodes and 15248146 edges
Nodes 6262104| Edges 15248146 7624073

  Starting coarsening: 
Time coarsen:  5177 Size of final graph: 445

  Sarting initial partitioning using GGGP:
Size in decade percentages:  -0,16
Time clustering:  378

  Sarting refinnement with BKL2
Initial dist
Size in decade percentages:  -0,16
Refined dist
Size in decade percentages:  -1,7 0,4 1,5
Time refinement:  3308


Time:  9042
Total edge cut : 2083

Part saved in : 0x7fff07990260
STATTYPE,LOOP,CATEGORY,n,sum,T0,T1,T2,T3,T4,T5,T6,T7,T8,T9,T10,T11,T12,T13,T14,T15,T16,T17,T18,T19,T20,T21,T22,T23,T24,T25,T26,T27,T28,T29,T30,T31,T32,T33,T34,T35,T36,T37,T38,T39,T40,T41,T42,T43,T44,T45,T46,T47,T48,T49,T50,T51,T52,T53,T54,T55,T56,T57,T58,T59,T60,T61,T62,T63,T64,T65,T66,T67,T68,T69,T70,T71,T72,T73,T74,T75,T76,T77,T78,T79,T80,T81,T82,T83,T84,T85,T86,T87,T88,T89,T90,T91,T92,T93,T94,T95,T96,T97,T98,T99,T100,T101,T102,T103,T104,T105,T106,T107,T108,T109,T110,T111,T112,T113,T114,T115,T116,T117,T118,T119,T120,T121,T122,T123,T124,T125,T126,T127,T128,T129,T130,T131,T132,T133,T134,T135,T136,T137,T138,T139,T140,T141,T142,T143,T144,T145,T146,T147,T148,T149,T150,T151,T152,T153,T154,T155,T156,T157,T158,T159,T160,T161,T162,T163,T164,T165,T166,T167,T168,T169,T170,T171,T172,T173,T174,T175,T176,T177,T178,T179,T180,T181,T182,T183,T184,T185,T186,T187,T188,T189,T190,T191,T192,T193,T194,T195,T196,T197,T198,T199,T200,T201,T202,T203,T204,T205,T206,T207,T208,T209,T210,T211,T212,T213,T214,T215,T216,T217,T218,T219,T220,T221,T222,T223,T224,T225,T226,T227,T228,T229
STAT,(NULL),Coarsen,230,5177,5177,0,0,0,0,0,0,0,0,0,0,0,0,0,0,0,0,0,0,0,0,0,0,0,0,0,0,0,0,0,0,0,0,0,0,0,0,0,0,0,0,0,0,0,0,0,0,0,0,0,0,0,0,0,0,0,0,0,0,0,0,0,0,0,0,0,0,0,0,0,0,0,0,0,0,0,0,0,0,0,0,0,0,0,0,0,0,0,0,0,0,0,0,0,0,0,0,0,0,0,0,0,0,0,0,0,0,0,0,0,0,0,0,0,0,0,0,0,0,0,0,0,0,0,0,0,0,0,0,0,0,0,0,0,0,0,0,0,0,0,0,0,0,0,0,0,0,0,0,0,0,0,0,0,0,0,0,0,0,0,0,0,0,0,0,0,0,0,0,0,0,0,0,0,0,0,0,0,0,0,0,0,0,0,0,0,0,0,0,0,0,0,0,0,0,0,0,0,0,0,0,0,0,0,0,0,0,0,0,0,0,0,0,0,0,0,0,0,0,0,0,0,0,0,0,0,0,0,0,0
STAT,(NULL),Conflicts,230,0,0,0,0,0,0,0,0,0,0,0,0,0,0,0,0,0,0,0,0,0,0,0,0,0,0,0,0,0,0,0,0,0,0,0,0,0,0,0,0,0,0,0,0,0,0,0,0,0,0,0,0,0,0,0,0,0,0,0,0,0,0,0,0,0,0,0,0,0,0,0,0,0,0,0,0,0,0,0,0,0,0,0,0,0,0,0,0,0,0,0,0,0,0,0,0,0,0,0,0,0,0,0,0,0,0,0,0,0,0,0,0,0,0,0,0,0,0,0,0,0,0,0,0,0,0,0,0,0,0,0,0,0,0,0,0,0,0,0,0,0,0,0,0,0,0,0,0,0,0,0,0,0,0,0,0,0,0,0,0,0,0,0,0,0,0,0,0,0,0,0,0,0,0,0,0,0,0,0,0,0,0,0,0,0,0,0,0,0,0,0,0,0,0,0,0,0,0,0,0,0,0,0,0,0,0,0,0,0,0,0,0,0,0,0,0,0,0,0,0,0,0,0,0,0,0,0,0,0,0,0
STAT,(NULL),Iterations,230,31,5,0,0,0,0,0,0,0,0,0,0,0,0,0,0,0,0,0,0,0,0,0,0,0,0,2,0,0,0,0,0,0,0,0,0,0,0,0,0,0,0,0,0,0,0,2,0,0,0,0,4,0,0,0,0,0,0,0,0,0,0,0,0,0,0,0,0,0,0,0,0,0,0,0,0,0,0,0,0,0,0,0,0,0,0,0,0,0,0,0,0,0,0,0,0,0,0,0,0,2,0,0,0,0,0,1,1,0,0,0,0,0,0,0,0,0,0,0,0,1,0,0,0,0,0,0,0,0,0,0,0,0,0,0,0,0,0,0,0,3,1,0,0,0,0,1,0,0,0,0,0,0,0,0,0,0,0,0,0,0,0,0,0,0,0,0,0,0,0,0,0,0,0,0,0,0,0,0,0,0,0,0,0,0,0,0,0,0,0,0,0,0,1,0,0,0,0,0,0,0,0,0,0,0,1,0,2,0,0,0,0,0,0,0,0,0,0,0,0,0,0,0,3,0,0,0,0,0,1,0
STAT,(NULL),MeminfoPost,230,756846,3296,3287,3293,3296,3300,3295,3294,3284,3299,3280,3300,3283,3305,3298,3347,3308,3301,3276,3290,3285,3280,3304,3288,3305,3296,3298,3296,3296,3291,3279,3287,3285,3300,3290,3308,3282,3277,3280,3293,3292,3277,3309,3306,3290,3295,3290,3300,3276,3281,3303,3293,3306,3314,3341,3302,3285,3285,3283,3288,3286,3299,3297,3297,3313,3279,3305,3294,3277,3283,3291,3283,3305,3301,3283,3285,3280,3286,3287,3301,3295,3288,3291,3314,3308,3283,3288,3302,3295,3288,3287,3299,3284,3285,3283,3283,3301,3279,3273,3282,3291,3297,3301,3288,3287,3289,3280,3286,3278,3279,3284,3289,3279,3283,3308,3313,3300,3290,3278,3286,3282,3305,3289,3279,3274,3272,3282,3293,3295,3301,3291,3301,3303,3284,3290,3278,3284,3295,3280,3286,3290,3276,3281,3271,3283,3280,3277,3303,3280,3275,3294,3309,3315,3310,3314,3290,3279,3282,3289,3299,3279,3273,3276,3291,3292,3300,3299,3300,3283,3287,3281,3293,3284,3285,3280,3278,3274,3288,3274,3297,3277,3285,3306,3316,3307,3315,3299,3288,3279,3288,3275,3282,3292,3296,3315,3313,3300,3303,3313,3296,3280,3283,3299,3281,3290,3287,3287,3280,3272,3274,3286,3283,3288,3302,3274,3273,3270,3301,3262,3274,3309,3276,3283,3288,3288,3293,3290,3291,3292,3288,3288
STAT,(NULL),MeminfoPre,230,189206,828,819,825,828,832,827,826,816,831,812,832,815,837,830,879,840,833,808,822,817,812,836,820,837,828,830,828,828,823,811,819,817,832,822,840,814,809,812,825,824,809,841,838,822,827,822,832,808,813,835,825,838,846,873,834,817,817,815,820,818,831,829,829,845,811,837,826,809,815,823,815,837,833,815,817,812,818,819,833,827,820,823,846,840,815,820,834,827,820,819,831,816,817,815,815,833,811,805,814,823,829,833,820,819,821,812,818,810,811,816,821,811,815,840,845,832,822,810,818,814,837,821,811,806,804,814,825,827,833,823,833,835,816,822,810,816,827,812,818,822,808,813,803,815,812,809,835,812,807,826,841,847,842,846,822,811,814,821,831,811,805,808,823,824,832,831,832,815,819,813,825,816,817,812,810,806,820,806,829,809,817,838,848,839,847,831,820,811,820,807,814,824,828,847,845,832,835,845,828,812,815,831,813,822,819,819,812,804,806,818,815,820,834,806,805,802,833,794,806,841,808,815,820,820,825,822,823,824,820,820
STAT,(NULL),Partition,230,378,378,0,0,0,0,0,0,0,0,0,0,0,0,0,0,0,0,0,0,0,0,0,0,0,0,0,0,0,0,0,0,0,0,0,0,0,0,0,0,0,0,0,0,0,0,0,0,0,0,0,0,0,0,0,0,0,0,0,0,0,0,0,0,0,0,0,0,0,0,0,0,0,0,0,0,0,0,0,0,0,0,0,0,0,0,0,0,0,0,0,0,0,0,0,0,0,0,0,0,0,0,0,0,0,0,0,0,0,0,0,0,0,0,0,0,0,0,0,0,0,0,0,0,0,0,0,0,0,0,0,0,0,0,0,0,0,0,0,0,0,0,0,0,0,0,0,0,0,0,0,0,0,0,0,0,0,0,0,0,0,0,0,0,0,0,0,0,0,0,0,0,0,0,0,0,0,0,0,0,0,0,0,0,0,0,0,0,0,0,0,0,0,0,0,0,0,0,0,0,0,0,0,0,0,0,0,0,0,0,0,0,0,0,0,0,0,0,0,0,0,0,0,0,0,0,0,0,0,0,0
STAT,(NULL),Refine,230,3308,3308,0,0,0,0,0,0,0,0,0,0,0,0,0,0,0,0,0,0,0,0,0,0,0,0,0,0,0,0,0,0,0,0,0,0,0,0,0,0,0,0,0,0,0,0,0,0,0,0,0,0,0,0,0,0,0,0,0,0,0,0,0,0,0,0,0,0,0,0,0,0,0,0,0,0,0,0,0,0,0,0,0,0,0,0,0,0,0,0,0,0,0,0,0,0,0,0,0,0,0,0,0,0,0,0,0,0,0,0,0,0,0,0,0,0,0,0,0,0,0,0,0,0,0,0,0,0,0,0,0,0,0,0,0,0,0,0,0,0,0,0,0,0,0,0,0,0,0,0,0,0,0,0,0,0,0,0,0,0,0,0,0,0,0,0,0,0,0,0,0,0,0,0,0,0,0,0,0,0,0,0,0,0,0,0,0,0,0,0,0,0,0,0,0,0,0,0,0,0,0,0,0,0,0,0,0,0,0,0,0,0,0,0,0,0,0,0,0,0,0,0,0,0,0,0,0,0,0,0,0
STAT,(NULL),Threads,230,230,230,0,0,0,0,0,0,0,0,0,0,0,0,0,0,0,0,0,0,0,0,0,0,0,0,0,0,0,0,0,0,0,0,0,0,0,0,0,0,0,0,0,0,0,0,0,0,0,0,0,0,0,0,0,0,0,0,0,0,0,0,0,0,0,0,0,0,0,0,0,0,0,0,0,0,0,0,0,0,0,0,0,0,0,0,0,0,0,0,0,0,0,0,0,0,0,0,0,0,0,0,0,0,0,0,0,0,0,0,0,0,0,0,0,0,0,0,0,0,0,0,0,0,0,0,0,0,0,0,0,0,0,0,0,0,0,0,0,0,0,0,0,0,0,0,0,0,0,0,0,0,0,0,0,0,0,0,0,0,0,0,0,0,0,0,0,0,0,0,0,0,0,0,0,0,0,0,0,0,0,0,0,0,0,0,0,0,0,0,0,0,0,0,0,0,0,0,0,0,0,0,0,0,0,0,0,0,0,0,0,0,0,0,0,0,0,0,0,0,0,0,0,0,0,0,0,0,0,0,0
STAT,(NULL),Time,230,9042,9042,0,0,0,0,0,0,0,0,0,0,0,0,0,0,0,0,0,0,0,0,0,0,0,0,0,0,0,0,0,0,0,0,0,0,0,0,0,0,0,0,0,0,0,0,0,0,0,0,0,0,0,0,0,0,0,0,0,0,0,0,0,0,0,0,0,0,0,0,0,0,0,0,0,0,0,0,0,0,0,0,0,0,0,0,0,0,0,0,0,0,0,0,0,0,0,0,0,0,0,0,0,0,0,0,0,0,0,0,0,0,0,0,0,0,0,0,0,0,0,0,0,0,0,0,0,0,0,0,0,0,0,0,0,0,0,0,0,0,0,0,0,0,0,0,0,0,0,0,0,0,0,0,0,0,0,0,0,0,0,0,0,0,0,0,0,0,0,0,0,0,0,0,0,0,0,0,0,0,0,0,0,0,0,0,0,0,0,0,0,0,0,0,0,0,0,0,0,0,0,0,0,0,0,0,0,0,0,0,0,0,0,0,0,0,0,0,0,0,0,0,0,0,0,0,0,0,0,0,0
STAT,match,Conflicts,230,6510,37,37,42,41,36,35,31,39,42,41,33,46,43,48,41,40,36,40,42,47,29,44,43,42,37,39,41,45,44,41,49,30,38,37,33,38,34,38,24,32,39,34,34,36,28,34,35,26,34,37,44,34,32,29,26,33,37,34,28,27,43,32,26,20,26,25,27,28,25,24,21,26,24,26,25,28,25,20,22,29,25,27,27,26,33,27,30,28,24,25,23,28,24,27,30,21,28,27,20,22,23,24,21,23,24,28,26,26,23,23,25,24,23,27,26,24,20,29,19,31,22,34,22,23,20,24,20,21,22,26,25,29,22,32,22,23,22,34,33,21,24,29,21,25,23,27,27,24,26,35,21,25,21,21,23,25,28,31,28,23,22,21,23,24,27,25,21,26,30,29,28,23,23,24,27,22,26,21,23,25,22,24,22,27,26,26,27,23,20,23,29,24,27,29,24,22,26,25,27,26,30,31,25,23,31,24,29,28,22,21,27,23,31,26,24,28,22,27,23,27,28,24,22,24,29,17,27,24,27,24
STAT,match,Iterations,230,15058147,51047,57978,44600,43951,46616,49039,68356,65466,53230,59006,48359,53665,59644,52989,56031,60029,61823,80154,52111,58754,38398,49486,66257,49816,53738,64431,43826,64611,55669,57876,59508,57857,60433,47437,62100,57840,57646,76401,48591,61389,52095,54582,50495,62088,62090,52869,63330,57890,69163,61975,48113,52759,43184,61644,69120,49940,38901,85521,63201,63103,45850,72961,62442,65815,68814,60043,60034,51374,80411,61175,84817,82676,50493,64606,71183,60047,88207,57560,77405,77695,80855,58532,70612,61331,78540,47551,58820,61132,84135,74450,65103,59607,79370,52356,81279,88759,74616,48326,54424,47583,58093,65282,73393,65713,75209,77961,62477,51282,83943,54481,61078,75645,65417,75899,52326,74275,56260,93467,68010,62323,94823,53737,68576,68947,64404,93913,65717,73854,70522,65879,49670,60665,74010,72734,70272,72138,55694,73506,52754,78987,75622,86266,77218,79899,69038,65878,84876,75405,78766,67822,66171,49103,90963,57783,71473,79815,66691,57507,35097,81296,56695,68969,72626,74457,73184,62335,74407,68729,78168,68260,76146,105408,92201,68833,75861,54488,71962,60906,67948,60513,74292,66023,74412,54851,62120,53614,72707,62815,72624,63236,62333,74538,63116,78594,71057,47546,81683,64817,85000,75693,50506,45716,71844,56175,68214,85396,67437,61211,63301,85139,72867,76950,57254,76984,63743,75734,72557,56182,91351,62827,76246,75140,54574,51140,61893,76907,51184,59560,71449,86264
STAT,popedge,Conflicts,230,0,0,0,0,0,0,0,0,0,0,0,0,0,0,0,0,0,0,0,0,0,0,0,0,0,0,0,0,0,0,0,0,0,0,0,0,0,0,0,0,0,0,0,0,0,0,0,0,0,0,0,0,0,0,0,0,0,0,0,0,0,0,0,0,0,0,0,0,0,0,0,0,0,0,0,0,0,0,0,0,0,0,0,0,0,0,0,0,0,0,0,0,0,0,0,0,0,0,0,0,0,0,0,0,0,0,0,0,0,0,0,0,0,0,0,0,0,0,0,0,0,0,0,0,0,0,0,0,0,0,0,0,0,0,0,0,0,0,0,0,0,0,0,0,0,0,0,0,0,0,0,0,0,0,0,0,0,0,0,0,0,0,0,0,0,0,0,0,0,0,0,0,0,0,0,0,0,0,0,0,0,0,0,0,0,0,0,0,0,0,0,0,0,0,0,0,0,0,0,0,0,0,0,0,0,0,0,0,0,0,0,0,0,0,0,0,0,0,0,0,0,0,0,0,0,0,0,0,0,0,0
STAT,popedge,Iterations,230,7375092,30456,29186,31321,32112,30566,29834,29993,30797,30856,30423,32140,31831,31420,31960,30617,33491,29543,32618,30392,30457,32982,30259,30921,31436,31046,31288,31874,31429,31433,31387,32781,30374,29589,31154,30137,32196,30802,30468,31763,31102,30377,30254,31263,29673,31176,30366,30240,33834,32777,34954,35099,33962,34993,33524,33218,33348,36577,35895,35983,34470,35354,30632,30210,31136,31042,29766,29524,32735,30878,29647,31544,31099,30614,31021,33117,31443,32815,29598,32788,31606,31321,30933,30270,29680,31911,31396,31248,30915,30129,30861,30308,31845,29006,32864,32221,31659,32038,32064,31316,31893,31373,30976,31020,30504,30190,31330,30402,31316,35860,35019,36236,33891,34771,33285,33773,35305,35688,35628,37432,35818,36041,35446,31232,30770,32329,32117,30714,30406,30618,31980,31438,30560,31179,32309,31575,33712,32903,33215,32100,32320,31365,32415,32773,33033,31481,31704,29202,31814,31272,30793,30424,31117,32227,33630,31625,31599,33661,32142,31325,31043,33052,29266,29858,30094,30592,31731,31615,32073,30137,34758,35282,38682,35133,34359,32234,34905,35389,36969,34478,36246,33914,35935,34207,30999,28998,30897,29662,32169,29381,30538,32683,33257,31238,32168,30687,32256,32615,31800,32326,31457,34025,31048,33314,31391,33510,33330,34562,33293,34367,33281,33399,31536,30962,31613,31087,30866,31199,34320,32529,30641,31795,31953,31527,31356,32823,31672,32128,32536,30647,30052
STAT,refine,Conflicts,230,6409,98,107,98,105,92,103,97,83,84,79,91,87,86,93,81,71,60,70,51,66,67,67,74,63,48,67,59,61,61,56,54,37,36,41,47,31,38,35,37,34,56,37,48,35,47,34,41,41,32,46,41,31,53,40,46,27,34,24,24,31,40,14,11,18,19,15,18,10,14,11,18,21,14,12,29,15,23,22,16,11,17,14,15,15,20,10,13,10,12,19,19,24,17,16,17,26,18,19,23,14,18,22,12,21,16,23,18,11,29,10,19,25,9,32,25,21,19,23,20,8,17,18,17,22,16,16,7,21,16,21,10,17,17,14,25,26,18,17,8,17,14,23,8,13,21,19,10,22,10,16,11,14,12,14,26,18,13,9,9,9,10,18,24,24,19,22,22,13,16,20,16,24,25,20,34,18,21,26,16,15,15,17,24,21,15,11,23,19,12,18,9,19,25,13,18,9,18,14,18,16,16,13,22,18,19,35,13,15,10,13,11,15,14,17,8,19,16,14,12,18,23,12,17,16,11,23,13,16,22,17
STAT,refine,Iterations,230,43908,333,340,329,309,305,351,311,333,374,346,241,308,339,368,360,359,259,359,178,287,187,277,306,362,161,283,168,186,188,221,256,95,176,127,185,119,176,166,194,193,210,158,195,181,212,148,194,193,156,258,210,263,213,290,284,171,170,190,106,115,264,224,81,143,141,133,138,101,180,115,178,188,168,166,248,169,294,171,254,135,192,166,250,225,199,92,146,123,130,137,156,208,165,121,108,144,143,134,163,143,228,185,184,175,286,223,234,125,282,157,233,184,184,253,207,245,138,191,134,115,105,190,127,158,129,131,132,207,157,259,136,232,149,180,126,287,164,279,165,232,167,197,190,216,250,193,103,196,120,138,143,121,224,143,170,125,163,92,111,122,125,157,184,175,218,239,239,145,232,241,168,319,212,217,254,179,222,228,103,121,163,182,195,216,131,105,142,154,120,132,172,222,235,217,169,96,233,171,187,142,193,134,176,196,275,259,204,184,116,109,132,98,112,162,69,193,99,134,100,191,207,209,112,136,128,166,163,174,210,245
