Hello from MIC
Galois Benchmark Suite v2.2.0 (r0)
Copyright (C) 2013 The University of Texas at Austin
http://iss.ices.utexas.edu/galois/

application: GMetis
Partitions a graph into K parts and minimizing the graph cut
http://iss.ices.utexas.edu/?p=projects/galois/benchmarks/gMetis

INFO: CommandLine /work/02556/dpereira/MIC/apps/gmetis/gmetis -t=51 /work/02556/dpereira/Inputs/USA-road-d.W.gr 1024
INFO: Hostname c557-803-mic0.stampede.tacc.utexas.edu
Created Graph with 6262104 nodes and 15248146 edges
Nodes 6262104| Edges 15248146 7624073

  Starting coarsening: 
Time coarsen:  2395 Size of final graph: 40406

  Sarting initial partitioning using GGGP:
Size in decade percentages:  -0,1024
Time clustering:  1264

  Sarting refinnement with BKL2
Initial dist
Size in decade percentages:  -0,1024
Refined dist
Size in decade percentages:  -1,358 0,287 1,378 2,1
Time refinement:  852


Time:  4691
Total edge cut : 36300

Part saved in : 0x7fff50b219e0
STATTYPE,LOOP,CATEGORY,n,sum,T0,T1,T2,T3,T4,T5,T6,T7,T8,T9,T10,T11,T12,T13,T14,T15,T16,T17,T18,T19,T20,T21,T22,T23,T24,T25,T26,T27,T28,T29,T30,T31,T32,T33,T34,T35,T36,T37,T38,T39,T40,T41,T42,T43,T44,T45,T46,T47,T48,T49,T50
STAT,(NULL),Coarsen,51,2395,2395,0,0,0,0,0,0,0,0,0,0,0,0,0,0,0,0,0,0,0,0,0,0,0,0,0,0,0,0,0,0,0,0,0,0,0,0,0,0,0,0,0,0,0,0,0,0,0,0,0,0
STAT,(NULL),Conflicts,51,0,0,0,0,0,0,0,0,0,0,0,0,0,0,0,0,0,0,0,0,0,0,0,0,0,0,0,0,0,0,0,0,0,0,0,0,0,0,0,0,0,0,0,0,0,0,0,0,0,0,0,0
STAT,(NULL),Iterations,51,2047,11,22,59,39,32,27,37,29,35,20,48,52,48,25,27,32,31,45,56,51,27,56,47,44,38,25,48,38,42,36,10,51,39,49,12,53,37,44,40,47,62,45,53,39,60,61,54,29,67,24,44
STAT,(NULL),MeminfoPost,51,756216,14851,14832,14841,14898,14824,14858,14812,14839,14807,14858,14829,14916,14820,14844,14846,14814,14817,14829,14862,14838,14812,14798,14843,14795,14784,14876,14822,14771,14853,14816,14813,14778,14792,14891,14822,14796,14854,14806,14783,14792,14911,14813,14840,14904,14807,14800,14781,14796,14788,14819,14825
STAT,(NULL),MeminfoPre,51,189045,3730,3711,3720,3777,3703,3737,3691,3718,3686,3737,3708,3795,3699,3723,3725,3693,3696,3708,3741,3717,3691,3677,3722,3674,3663,3755,3701,3650,3732,3695,3692,3657,3671,3770,3701,3675,3733,3685,3662,3671,3790,3692,3719,3783,3686,3679,3660,3675,3667,3698,3704
STAT,(NULL),Partition,51,1264,1264,0,0,0,0,0,0,0,0,0,0,0,0,0,0,0,0,0,0,0,0,0,0,0,0,0,0,0,0,0,0,0,0,0,0,0,0,0,0,0,0,0,0,0,0,0,0,0,0,0,0
STAT,(NULL),Refine,51,852,852,0,0,0,0,0,0,0,0,0,0,0,0,0,0,0,0,0,0,0,0,0,0,0,0,0,0,0,0,0,0,0,0,0,0,0,0,0,0,0,0,0,0,0,0,0,0,0,0,0,0
STAT,(NULL),Threads,51,51,51,0,0,0,0,0,0,0,0,0,0,0,0,0,0,0,0,0,0,0,0,0,0,0,0,0,0,0,0,0,0,0,0,0,0,0,0,0,0,0,0,0,0,0,0,0,0,0,0,0,0
STAT,(NULL),Time,51,4691,4691,0,0,0,0,0,0,0,0,0,0,0,0,0,0,0,0,0,0,0,0,0,0,0,0,0,0,0,0,0,0,0,0,0,0,0,0,0,0,0,0,0,0,0,0,0,0,0,0,0,0
STAT,match,Conflicts,51,4131,180,131,103,129,102,108,114,90,82,66,88,129,109,66,70,62,74,78,57,63,76,82,73,80,77,81,56,85,75,47,44,46,76,68,41,83,37,37,55,53,71,68,71,80,53,91,131,81,83,98,131
STAT,match,Iterations,51,14878803,260103,279429,276793,276463,300779,265617,302771,287744,302161,285751,302901,258087,293903,290822,266418,309006,294819,289612,284421,286490,291199,296390,303999,295421,289896,280441,300827,303400,264092,306593,301471,319706,299022,267376,294290,301368,281346,296210,300022,300111,266962,295745,285809,293750,306875,309097,312204,306922,309825,297212,287132
STAT,popedge,Conflicts,51,0,0,0,0,0,0,0,0,0,0,0,0,0,0,0,0,0,0,0,0,0,0,0,0,0,0,0,0,0,0,0,0,0,0,0,0,0,0,0,0,0,0,0,0,0,0,0,0,0,0,0,0
STAT,popedge,Iterations,51,7291224,140463,144195,144727,136751,139616,136541,143428,144259,144104,139175,141834,137562,140628,137534,131104,142355,147947,127675,128069,128281,135028,146567,134785,140905,143450,139818,145242,152019,147002,143780,145464,142728,148856,141027,142525,148618,140160,139992,143422,142233,135436,136208,140655,152661,158896,154519,155495,154541,153915,155620,153409
STAT,refine,Conflicts,51,2638,78,84,69,65,60,70,59,68,58,60,51,74,55,49,46,51,51,66,83,60,60,42,53,59,65,60,49,30,49,42,43,31,55,53,48,45,45,32,41,39,41,52,43,41,39,32,38,41,42,29,42
STAT,refine,Iterations,51,465484,8312,7577,8505,10718,8410,8816,8294,8239,7540,9497,8194,11556,10254,8969,8736,9494,8950,7859,10136,8703,8511,7741,8895,7951,8379,10543,9987,7037,9611,9437,8796,9132,8953,11508,10285,8948,10740,9005,9704,9670,11813,8468,9495,10861,8730,8322,8575,7800,8563,9694,9571
