Hello from MIC
Galois Benchmark Suite v2.2.0 (r0)
Copyright (C) 2013 The University of Texas at Austin
http://iss.ices.utexas.edu/galois/

application: GMetis
Partitions a graph into K parts and minimizing the graph cut
http://iss.ices.utexas.edu/?p=projects/galois/benchmarks/gMetis

INFO: CommandLine /work/02556/dpereira/MIC/apps/gmetis/gmetis -t=203 /work/02556/dpereira/Inputs/USA-road-d.W.gr 1024
INFO: Hostname c557-803-mic0.stampede.tacc.utexas.edu
Created Graph with 6262104 nodes and 15248146 edges
Nodes 6262104| Edges 15248146 7624073

  Starting coarsening: 
Time coarsen:  2781 Size of final graph: 22159

  Sarting initial partitioning using GGGP:
Size in decade percentages:  -1,56 -0,889 1,79
Time clustering:  1144

  Sarting refinnement with BKL2
Initial dist
Size in decade percentages:  -1,56 -0,889 1,79
Refined dist
Size in decade percentages:  -2,2 -1,372 0,273 1,376 2,1
Time refinement:  1911


Time:  6016
Total edge cut : 31660

Part saved in : 0x7fff67ffe660
STATTYPE,LOOP,CATEGORY,n,sum,T0,T1,T2,T3,T4,T5,T6,T7,T8,T9,T10,T11,T12,T13,T14,T15,T16,T17,T18,T19,T20,T21,T22,T23,T24,T25,T26,T27,T28,T29,T30,T31,T32,T33,T34,T35,T36,T37,T38,T39,T40,T41,T42,T43,T44,T45,T46,T47,T48,T49,T50,T51,T52,T53,T54,T55,T56,T57,T58,T59,T60,T61,T62,T63,T64,T65,T66,T67,T68,T69,T70,T71,T72,T73,T74,T75,T76,T77,T78,T79,T80,T81,T82,T83,T84,T85,T86,T87,T88,T89,T90,T91,T92,T93,T94,T95,T96,T97,T98,T99,T100,T101,T102,T103,T104,T105,T106,T107,T108,T109,T110,T111,T112,T113,T114,T115,T116,T117,T118,T119,T120,T121,T122,T123,T124,T125,T126,T127,T128,T129,T130,T131,T132,T133,T134,T135,T136,T137,T138,T139,T140,T141,T142,T143,T144,T145,T146,T147,T148,T149,T150,T151,T152,T153,T154,T155,T156,T157,T158,T159,T160,T161,T162,T163,T164,T165,T166,T167,T168,T169,T170,T171,T172,T173,T174,T175,T176,T177,T178,T179,T180,T181,T182,T183,T184,T185,T186,T187,T188,T189,T190,T191,T192,T193,T194,T195,T196,T197,T198,T199,T200,T201,T202
STAT,(NULL),Coarsen,203,2781,2781,0,0,0,0,0,0,0,0,0,0,0,0,0,0,0,0,0,0,0,0,0,0,0,0,0,0,0,0,0,0,0,0,0,0,0,0,0,0,0,0,0,0,0,0,0,0,0,0,0,0,0,0,0,0,0,0,0,0,0,0,0,0,0,0,0,0,0,0,0,0,0,0,0,0,0,0,0,0,0,0,0,0,0,0,0,0,0,0,0,0,0,0,0,0,0,0,0,0,0,0,0,0,0,0,0,0,0,0,0,0,0,0,0,0,0,0,0,0,0,0,0,0,0,0,0,0,0,0,0,0,0,0,0,0,0,0,0,0,0,0,0,0,0,0,0,0,0,0,0,0,0,0,0,0,0,0,0,0,0,0,0,0,0,0,0,0,0,0,0,0,0,0,0,0,0,0,0,0,0,0,0,0,0,0,0,0,0,0,0,0,0,0,0,0,0,0,0,0,0,0,0,0
STAT,(NULL),Conflicts,203,0,0,0,0,0,0,0,0,0,0,0,0,0,0,0,0,0,0,0,0,0,0,0,0,0,0,0,0,0,0,0,0,0,0,0,0,0,0,0,0,0,0,0,0,0,0,0,0,0,0,0,0,0,0,0,0,0,0,0,0,0,0,0,0,0,0,0,0,0,0,0,0,0,0,0,0,0,0,0,0,0,0,0,0,0,0,0,0,0,0,0,0,0,0,0,0,0,0,0,0,0,0,0,0,0,0,0,0,0,0,0,0,0,0,0,0,0,0,0,0,0,0,0,0,0,0,0,0,0,0,0,0,0,0,0,0,0,0,0,0,0,0,0,0,0,0,0,0,0,0,0,0,0,0,0,0,0,0,0,0,0,0,0,0,0,0,0,0,0,0,0,0,0,0,0,0,0,0,0,0,0,0,0,0,0,0,0,0,0,0,0,0,0,0,0,0,0,0,0,0,0,0,0,0
STAT,(NULL),Iterations,203,2047,11,0,10,11,5,8,6,12,12,6,12,9,5,5,8,6,7,8,9,8,16,4,13,8,9,10,16,10,11,17,9,11,7,9,12,16,12,6,11,10,14,11,9,9,13,12,7,13,12,3,20,9,15,21,12,11,14,10,10,16,4,10,11,6,5,9,12,10,15,9,5,12,7,11,7,14,7,8,14,6,12,15,5,10,8,10,11,10,10,8,13,10,13,9,13,18,18,14,11,15,7,8,10,16,7,12,10,5,16,13,5,9,7,8,16,10,9,8,9,8,10,10,1,9,8,14,9,13,12,7,5,14,11,10,2,6,5,4,4,11,13,13,22,14,16,10,8,5,8,11,5,13,5,15,12,13,9,7,21,11,8,10,14,9,7,5,12,16,5,11,11,5,17,11,9,9,13,10,17,11,18,19,9,3,7,7,8,6,7,9,10,4,1,8,16,9,9,16,10,6,12,12,11
STAT,(NULL),MeminfoPost,203,756991,3735,3719,3740,3745,3734,3731,3719,3738,3717,3736,3731,3744,3765,3764,3742,3716,3727,3721,3724,3741,3734,3738,3738,3736,3737,3718,3722,3721,3733,3735,3743,3719,3715,3722,3733,3719,3741,3745,3735,3730,3719,3740,3715,3737,3732,3744,3766,3764,3743,3717,3727,3721,3725,3739,3734,3738,3740,3734,3735,3718,3723,3721,3732,3735,3742,3720,3716,3723,3730,3739,3731,3724,3739,3761,3721,3729,3740,3733,3724,3730,3730,3721,3722,3720,3738,3713,3710,3729,3735,3739,3727,3720,3729,3720,3721,3713,3721,3727,3715,3729,3752,3753,3728,3714,3722,3719,3750,3720,3714,3707,3713,3731,3733,3735,3742,3740,3727,3728,3718,3722,3733,3718,3723,3724,3711,3714,3718,3717,3718,3736,3716,3716,3745,3757,3752,3753,3726,3718,3721,3743,3715,3709,3712,3730,3731,3737,3743,3725,3725,3719,3729,3722,3725,3711,3713,3723,3714,3732,3713,3732,3752,3749,3755,3747,3724,3718,3722,3715,3722,3725,3757,3757,3741,3749,3747,3730,3716,3724,3731,3724,3725,3727,3711,3712,3724,3712,3715,3753,3711,3709,3718,3718,3713,3737,3711,3723,3725,3731,3729,3730,3730,3722,3730
STAT,(NULL),MeminfoPre,203,189200,938,922,943,948,937,934,922,941,920,939,934,947,968,967,945,919,930,924,927,944,937,941,941,939,940,921,925,924,936,938,946,922,918,925,936,922,944,948,938,933,922,943,918,940,935,947,969,967,946,920,930,924,928,942,937,941,943,937,938,921,926,924,935,938,945,923,919,926,933,942,934,927,942,964,924,932,943,936,927,933,933,924,925,923,941,916,913,932,938,942,930,923,932,923,924,916,924,930,918,932,955,956,931,917,925,922,953,923,917,910,916,934,936,938,945,943,930,931,921,925,936,921,926,927,914,917,921,920,921,939,919,919,948,960,955,956,929,921,924,946,918,912,915,933,934,940,946,928,928,922,932,925,928,914,916,926,917,935,916,935,955,952,958,950,927,921,925,918,925,928,960,960,944,952,950,933,919,927,934,927,928,930,914,915,927,915,918,956,914,912,921,921,916,940,914,926,928,934,932,933,933,925,933
STAT,(NULL),Partition,203,1144,1144,0,0,0,0,0,0,0,0,0,0,0,0,0,0,0,0,0,0,0,0,0,0,0,0,0,0,0,0,0,0,0,0,0,0,0,0,0,0,0,0,0,0,0,0,0,0,0,0,0,0,0,0,0,0,0,0,0,0,0,0,0,0,0,0,0,0,0,0,0,0,0,0,0,0,0,0,0,0,0,0,0,0,0,0,0,0,0,0,0,0,0,0,0,0,0,0,0,0,0,0,0,0,0,0,0,0,0,0,0,0,0,0,0,0,0,0,0,0,0,0,0,0,0,0,0,0,0,0,0,0,0,0,0,0,0,0,0,0,0,0,0,0,0,0,0,0,0,0,0,0,0,0,0,0,0,0,0,0,0,0,0,0,0,0,0,0,0,0,0,0,0,0,0,0,0,0,0,0,0,0,0,0,0,0,0,0,0,0,0,0,0,0,0,0,0,0,0,0,0,0,0,0
STAT,(NULL),Refine,203,1911,1911,0,0,0,0,0,0,0,0,0,0,0,0,0,0,0,0,0,0,0,0,0,0,0,0,0,0,0,0,0,0,0,0,0,0,0,0,0,0,0,0,0,0,0,0,0,0,0,0,0,0,0,0,0,0,0,0,0,0,0,0,0,0,0,0,0,0,0,0,0,0,0,0,0,0,0,0,0,0,0,0,0,0,0,0,0,0,0,0,0,0,0,0,0,0,0,0,0,0,0,0,0,0,0,0,0,0,0,0,0,0,0,0,0,0,0,0,0,0,0,0,0,0,0,0,0,0,0,0,0,0,0,0,0,0,0,0,0,0,0,0,0,0,0,0,0,0,0,0,0,0,0,0,0,0,0,0,0,0,0,0,0,0,0,0,0,0,0,0,0,0,0,0,0,0,0,0,0,0,0,0,0,0,0,0,0,0,0,0,0,0,0,0,0,0,0,0,0,0,0,0,0,0
STAT,(NULL),Threads,203,203,203,0,0,0,0,0,0,0,0,0,0,0,0,0,0,0,0,0,0,0,0,0,0,0,0,0,0,0,0,0,0,0,0,0,0,0,0,0,0,0,0,0,0,0,0,0,0,0,0,0,0,0,0,0,0,0,0,0,0,0,0,0,0,0,0,0,0,0,0,0,0,0,0,0,0,0,0,0,0,0,0,0,0,0,0,0,0,0,0,0,0,0,0,0,0,0,0,0,0,0,0,0,0,0,0,0,0,0,0,0,0,0,0,0,0,0,0,0,0,0,0,0,0,0,0,0,0,0,0,0,0,0,0,0,0,0,0,0,0,0,0,0,0,0,0,0,0,0,0,0,0,0,0,0,0,0,0,0,0,0,0,0,0,0,0,0,0,0,0,0,0,0,0,0,0,0,0,0,0,0,0,0,0,0,0,0,0,0,0,0,0,0,0,0,0,0,0,0,0,0,0,0,0
STAT,(NULL),Time,203,6016,6016,0,0,0,0,0,0,0,0,0,0,0,0,0,0,0,0,0,0,0,0,0,0,0,0,0,0,0,0,0,0,0,0,0,0,0,0,0,0,0,0,0,0,0,0,0,0,0,0,0,0,0,0,0,0,0,0,0,0,0,0,0,0,0,0,0,0,0,0,0,0,0,0,0,0,0,0,0,0,0,0,0,0,0,0,0,0,0,0,0,0,0,0,0,0,0,0,0,0,0,0,0,0,0,0,0,0,0,0,0,0,0,0,0,0,0,0,0,0,0,0,0,0,0,0,0,0,0,0,0,0,0,0,0,0,0,0,0,0,0,0,0,0,0,0,0,0,0,0,0,0,0,0,0,0,0,0,0,0,0,0,0,0,0,0,0,0,0,0,0,0,0,0,0,0,0,0,0,0,0,0,0,0,0,0,0,0,0,0,0,0,0,0,0,0,0,0,0,0,0,0,0,0
STAT,match,Conflicts,203,5791,54,42,41,53,48,48,46,54,44,34,40,42,42,45,36,38,35,38,36,35,38,38,41,39,32,35,38,41,34,33,29,34,30,35,33,29,30,34,37,28,38,47,33,30,30,40,43,44,44,33,50,37,28,36,36,37,34,33,33,28,28,25,27,22,29,25,25,23,28,23,21,26,30,23,25,23,29,21,20,23,23,22,23,29,25,23,25,26,20,25,26,20,24,24,27,25,24,26,22,21,21,28,22,30,16,31,35,23,28,31,29,31,25,18,26,33,28,18,20,25,21,32,21,29,26,30,24,31,22,25,21,25,22,27,23,20,21,22,26,23,22,25,25,19,24,20,20,26,27,21,21,16,22,25,19,31,24,24,25,30,27,29,28,23,27,25,28,26,30,26,24,27,21,32,19,26,28,22,20,25,25,23,26,27,21,29,27,25,29,30,30,24,18,22,26,20,28,23,24,17,17,19,24
STAT,match,Iterations,203,14999418,38520,65190,51965,48385,42813,63954,61966,50403,61688,63745,55464,57447,50535,53899,63232,60160,66669,61776,60910,58640,63662,52642,64354,56650,79808,59069,64467,69442,43940,72805,66091,61826,72728,56272,62060,81719,62251,75305,63012,84577,62650,68441,86363,76126,49313,85809,71859,71496,60546,94003,46291,77976,62204,52836,67892,72115,69266,54924,64284,64600,77543,87027,56919,86293,67252,92865,95123,93814,104293,63002,76003,59189,50214,68683,82418,97379,63034,66756,82211,74876,82398,94315,71482,75454,92173,83251,86487,72887,67177,60261,86100,67727,68644,82388,72655,85390,67775,70310,75259,84486,72011,81758,89719,63922,68885,70986,65330,79235,94893,81198,73600,90911,80345,95447,58789,87262,76997,73239,89812,86755,95489,71918,93346,67004,83985,70707,76112,59878,83486,78042,69164,82299,74229,73756,70055,74242,80181,75844,81071,74496,84706,84216,92045,78195,88475,89896,84805,94403,67325,87915,99616,109451,80253,81601,105138,73121,66831,85384,86923,49596,75935,70645,89079,69007,84252,79650,76882,89089,74790,70509,103907,95215,69387,91224,76168,74863,90503,82720,82695,89147,65308,69308,73854,55547,81442,62884,73143,75270,73747,66151,54693,51753,80590,72498,65951,78819,61006,79156,73739,93289,93301,74689,80772
STAT,popedge,Conflicts,203,0,0,0,0,0,0,0,0,0,0,0,0,0,0,0,0,0,0,0,0,0,0,0,0,0,0,0,0,0,0,0,0,0,0,0,0,0,0,0,0,0,0,0,0,0,0,0,0,0,0,0,0,0,0,0,0,0,0,0,0,0,0,0,0,0,0,0,0,0,0,0,0,0,0,0,0,0,0,0,0,0,0,0,0,0,0,0,0,0,0,0,0,0,0,0,0,0,0,0,0,0,0,0,0,0,0,0,0,0,0,0,0,0,0,0,0,0,0,0,0,0,0,0,0,0,0,0,0,0,0,0,0,0,0,0,0,0,0,0,0,0,0,0,0,0,0,0,0,0,0,0,0,0,0,0,0,0,0,0,0,0,0,0,0,0,0,0,0,0,0,0,0,0,0,0,0,0,0,0,0,0,0,0,0,0,0,0,0,0,0,0,0,0,0,0,0,0,0,0,0,0,0,0,0
STAT,popedge,Iterations,203,7347374,32125,34549,32934,33388,33369,32941,34352,33340,32826,31797,33124,33144,33448,33901,32632,32124,33639,32929,32980,33829,38167,36964,38649,38903,35743,39472,37821,37767,38400,35862,38835,38817,37852,38024,36861,39637,36555,37264,36261,35229,36713,37562,37784,36254,36100,37912,37796,36834,39165,39358,39350,39252,37386,38828,38640,35965,36036,39797,37404,40068,37178,30864,34248,31460,33270,33925,33480,34154,33659,32295,31846,31610,31581,33773,31706,33534,31746,33117,32824,33004,32245,37214,37301,35926,35311,38736,37729,37781,39225,37248,37499,37294,38353,39007,37729,38604,38073,36332,36478,38946,36387,35574,40406,38245,38600,37020,38029,39041,38396,42739,42130,40590,37765,36658,39481,37867,38538,37796,38947,38294,37835,41533,34586,34694,33182,32589,34476,35447,32860,32200,34624,34885,33346,32531,30759,34587,34267,32537,34506,33399,31463,32036,37386,36330,37518,35748,37858,36068,37986,36450,36391,39962,37018,37094,40728,37952,36934,36795,37160,36947,38326,36946,37883,36872,36736,36655,34644,38080,36300,38401,39771,41263,40913,40378,40692,41517,40585,40841,38050,38596,39928,40407,38864,36390,34849,34615,33677,32254,33260,36368,36714,33094,34443,32009,34009,33372,34551,34384,32238,33302,35583,33356,32125
STAT,refine,Conflicts,203,6040,89,77,72,70,66,79,73,69,63,58,67,71,63,63,58,61,57,52,64,52,54,52,56,61,54,51,50,49,51,43,42,36,44,38,33,38,44,54,35,38,45,37,51,29,34,39,44,42,35,39,20,39,38,31,35,36,30,40,35,36,38,17,23,12,21,19,19,24,19,19,23,27,17,28,19,27,16,21,25,22,23,20,20,23,27,21,28,17,17,22,18,21,22,21,25,21,24,24,26,32,22,31,20,21,8,15,19,16,22,17,26,15,21,21,23,28,25,15,23,18,18,24,20,16,22,15,17,17,22,22,28,21,18,27,28,24,27,22,19,24,22,21,18,19,22,20,24,34,17,12,27,20,20,25,24,19,17,23,29,29,26,27,22,23,23,18,27,17,21,29,23,22,15,24,16,21,27,17,17,24,18,18,26,18,18,17,15,20,15,20,20,15,14,23,23,32,17,15,21,24,17,19,27
STAT,refine,Iterations,203,431671,1592,1946,1747,2038,1596,1645,1847,1800,1911,2383,2204,1959,2738,2023,2033,1904,1929,2020,1536,1797,1644,1970,1850,2413,1887,1474,1666,2133,1486,1843,1714,1557,1964,1375,1811,1683,1906,2497,1774,2611,2215,2222,2594,2381,1666,2805,2950,3000,2335,2688,1569,2695,1712,2045,2411,1716,2302,1948,2019,2031,2183,1883,1959,1688,2124,1999,1773,1766,2323,1888,1900,2417,2096,3396,1803,2532,1663,2055,2132,2077,1920,2270,1829,2142,2886,2179,2116,2110,1647,1799,1994,1941,2160,1916,2109,1971,2211,1935,2092,2728,2608,2749,2636,1865,1731,1873,2333,2139,2900,2766,2537,2976,2963,2271,2395,2752,1989,2039,2067,2032,1823,1927,2003,1790,1848,1721,1903,1854,2146,1833,2165,2027,2416,2459,2673,2288,2126,1852,1988,2277,1683,1940,1868,1898,2400,2790,2132,2681,2045,1841,2403,2153,2289,1708,2204,1794,2099,2428,2350,1915,2673,2544,3104,1888,1814,2007,1935,3211,2385,3152,3344,2945,2269,3475,2138,2285,2429,2242,2085,2178,1929,1531,1924,1881,1969,1315,1867,2069,1766,1800,1990,1587,2036,2073,2017,3000,1814,2302,2118,2498,2246,1695,1958
