Hello from MIC
Galois Benchmark Suite v2.2.0 (r0)
Copyright (C) 2013 The University of Texas at Austin
http://iss.ices.utexas.edu/galois/

application: GMetis
Partitions a graph into K parts and minimizing the graph cut
http://iss.ices.utexas.edu/?p=projects/galois/benchmarks/gMetis

INFO: CommandLine /work/02556/dpereira/MIC/apps/gmetis/gmetis -t=134 /work/02556/dpereira/Inputs/USA-road-d.W.gr 1024
INFO: Hostname c558-401-mic0.stampede.tacc.utexas.edu
Created Graph with 6262104 nodes and 15248146 edges
Nodes 6262104| Edges 15248146 7624073

  Starting coarsening: 
Time coarsen:  2117 Size of final graph: 21801

  Sarting initial partitioning using GGGP:
Size in decade percentages:  -1,77 -0,873 1,74
Time clustering:  1038

  Sarting refinnement with BKL2
Initial dist
Size in decade percentages:  -1,77 -0,873 1,74
Refined dist
Size in decade percentages:  -1,364 -0,289 1,370 3,1
Time refinement:  1201


Time:  4535
Total edge cut : 31462

Part saved in : 0x7fffba08a060
STATTYPE,LOOP,CATEGORY,n,sum,T0,T1,T2,T3,T4,T5,T6,T7,T8,T9,T10,T11,T12,T13,T14,T15,T16,T17,T18,T19,T20,T21,T22,T23,T24,T25,T26,T27,T28,T29,T30,T31,T32,T33,T34,T35,T36,T37,T38,T39,T40,T41,T42,T43,T44,T45,T46,T47,T48,T49,T50,T51,T52,T53,T54,T55,T56,T57,T58,T59,T60,T61,T62,T63,T64,T65,T66,T67,T68,T69,T70,T71,T72,T73,T74,T75,T76,T77,T78,T79,T80,T81,T82,T83,T84,T85,T86,T87,T88,T89,T90,T91,T92,T93,T94,T95,T96,T97,T98,T99,T100,T101,T102,T103,T104,T105,T106,T107,T108,T109,T110,T111,T112,T113,T114,T115,T116,T117,T118,T119,T120,T121,T122,T123,T124,T125,T126,T127,T128,T129,T130,T131,T132,T133
STAT,(NULL),Coarsen,134,2117,2117,0,0,0,0,0,0,0,0,0,0,0,0,0,0,0,0,0,0,0,0,0,0,0,0,0,0,0,0,0,0,0,0,0,0,0,0,0,0,0,0,0,0,0,0,0,0,0,0,0,0,0,0,0,0,0,0,0,0,0,0,0,0,0,0,0,0,0,0,0,0,0,0,0,0,0,0,0,0,0,0,0,0,0,0,0,0,0,0,0,0,0,0,0,0,0,0,0,0,0,0,0,0,0,0,0,0,0,0,0,0,0,0,0,0,0,0,0,0,0,0,0,0,0,0,0,0,0,0,0,0,0,0,0
STAT,(NULL),Conflicts,134,0,0,0,0,0,0,0,0,0,0,0,0,0,0,0,0,0,0,0,0,0,0,0,0,0,0,0,0,0,0,0,0,0,0,0,0,0,0,0,0,0,0,0,0,0,0,0,0,0,0,0,0,0,0,0,0,0,0,0,0,0,0,0,0,0,0,0,0,0,0,0,0,0,0,0,0,0,0,0,0,0,0,0,0,0,0,0,0,0,0,0,0,0,0,0,0,0,0,0,0,0,0,0,0,0,0,0,0,0,0,0,0,0,0,0,0,0,0,0,0,0,0,0,0,0,0,0,0,0,0,0,0,0,0,0
STAT,(NULL),Iterations,134,2047,11,16,15,7,10,17,11,17,14,15,17,10,15,16,9,18,11,18,22,15,23,12,22,12,17,12,21,15,11,19,17,22,7,17,10,7,24,18,17,11,12,10,19,15,18,15,13,19,18,16,31,17,8,16,23,23,12,16,16,21,13,22,11,10,6,9,20,16,13,11,13,12,16,21,18,12,23,8,15,12,19,14,7,24,18,15,13,12,12,11,19,20,18,12,23,12,25,22,17,13,20,15,12,10,18,15,15,16,8,10,13,21,9,12,19,9,17,13,14,22,26,13,11,16,11,4,13,13,21,27,17,15,15,14
STAT,(NULL),MeminfoPost,134,756471,5651,5647,5657,5652,5657,5623,5650,5665,5719,5656,5634,5636,5642,5667,5655,5658,5645,5632,5637,5673,5635,5627,5645,5640,5670,5649,5646,5644,5646,5656,5685,5696,5635,5639,5637,5652,5664,5660,5653,5629,5636,5654,5655,5631,5636,5650,5649,5651,5676,5640,5657,5645,5651,5633,5636,5649,5620,5634,5655,5651,5634,5640,5629,5627,5636,5638,5680,5657,5627,5633,5660,5624,5614,5643,5652,5661,5661,5637,5630,5643,5633,5635,5620,5631,5624,5647,5620,5672,5684,5671,5632,5634,5652,5614,5637,5651,5664,5644,5630,5640,5639,5620,5629,5640,5622,5660,5680,5683,5645,5636,5622,5639,5677,5675,5671,5663,5629,5648,5633,5643,5631,5616,5630,5654,5618,5618,5626,5654,5625,5633,5647,5648,5642,5641
STAT,(NULL),MeminfoPre,134,189115,1417,1413,1423,1418,1423,1389,1416,1431,1485,1422,1400,1402,1408,1433,1421,1424,1411,1398,1403,1439,1401,1393,1411,1406,1436,1415,1412,1410,1412,1422,1451,1462,1401,1405,1403,1418,1430,1426,1419,1395,1402,1420,1421,1397,1402,1416,1415,1417,1442,1406,1423,1411,1417,1399,1402,1415,1386,1400,1421,1417,1400,1406,1395,1393,1402,1404,1446,1423,1393,1399,1426,1390,1380,1409,1418,1427,1427,1403,1396,1409,1399,1401,1386,1397,1390,1413,1386,1438,1450,1437,1398,1400,1418,1380,1403,1417,1430,1410,1396,1406,1405,1386,1395,1406,1388,1426,1446,1449,1411,1402,1388,1405,1443,1441,1437,1429,1395,1414,1399,1409,1397,1382,1396,1420,1384,1384,1392,1420,1391,1399,1413,1414,1408,1407
STAT,(NULL),Partition,134,1038,1038,0,0,0,0,0,0,0,0,0,0,0,0,0,0,0,0,0,0,0,0,0,0,0,0,0,0,0,0,0,0,0,0,0,0,0,0,0,0,0,0,0,0,0,0,0,0,0,0,0,0,0,0,0,0,0,0,0,0,0,0,0,0,0,0,0,0,0,0,0,0,0,0,0,0,0,0,0,0,0,0,0,0,0,0,0,0,0,0,0,0,0,0,0,0,0,0,0,0,0,0,0,0,0,0,0,0,0,0,0,0,0,0,0,0,0,0,0,0,0,0,0,0,0,0,0,0,0,0,0,0,0,0,0
STAT,(NULL),Refine,134,1201,1201,0,0,0,0,0,0,0,0,0,0,0,0,0,0,0,0,0,0,0,0,0,0,0,0,0,0,0,0,0,0,0,0,0,0,0,0,0,0,0,0,0,0,0,0,0,0,0,0,0,0,0,0,0,0,0,0,0,0,0,0,0,0,0,0,0,0,0,0,0,0,0,0,0,0,0,0,0,0,0,0,0,0,0,0,0,0,0,0,0,0,0,0,0,0,0,0,0,0,0,0,0,0,0,0,0,0,0,0,0,0,0,0,0,0,0,0,0,0,0,0,0,0,0,0,0,0,0,0,0,0,0,0,0
STAT,(NULL),Threads,134,134,134,0,0,0,0,0,0,0,0,0,0,0,0,0,0,0,0,0,0,0,0,0,0,0,0,0,0,0,0,0,0,0,0,0,0,0,0,0,0,0,0,0,0,0,0,0,0,0,0,0,0,0,0,0,0,0,0,0,0,0,0,0,0,0,0,0,0,0,0,0,0,0,0,0,0,0,0,0,0,0,0,0,0,0,0,0,0,0,0,0,0,0,0,0,0,0,0,0,0,0,0,0,0,0,0,0,0,0,0,0,0,0,0,0,0,0,0,0,0,0,0,0,0,0,0,0,0,0,0,0,0,0,0,0
STAT,(NULL),Time,134,4535,4535,0,0,0,0,0,0,0,0,0,0,0,0,0,0,0,0,0,0,0,0,0,0,0,0,0,0,0,0,0,0,0,0,0,0,0,0,0,0,0,0,0,0,0,0,0,0,0,0,0,0,0,0,0,0,0,0,0,0,0,0,0,0,0,0,0,0,0,0,0,0,0,0,0,0,0,0,0,0,0,0,0,0,0,0,0,0,0,0,0,0,0,0,0,0,0,0,0,0,0,0,0,0,0,0,0,0,0,0,0,0,0,0,0,0,0,0,0,0,0,0,0,0,0,0,0,0,0,0,0,0,0,0,0
STAT,match,Conflicts,134,5679,71,62,66,68,65,69,64,71,54,59,61,61,70,57,48,53,58,45,53,46,37,53,45,46,54,58,56,49,47,49,35,35,37,32,49,44,52,49,41,46,40,57,41,51,42,50,41,36,43,53,47,55,45,52,51,50,32,44,42,51,53,40,27,35,27,44,34,29,38,36,40,28,35,44,33,32,40,41,41,39,36,29,37,29,46,31,39,34,24,30,26,33,35,33,31,35,27,33,33,36,28,35,34,34,43,30,49,30,35,36,37,37,40,40,32,29,45,31,33,41,49,44,33,37,39,32,40,32,34,45,37,34,40,33
STAT,match,Iterations,134,14957949,68870,87074,81673,81091,89917,91160,75626,82461,95627,95366,97574,81105,103908,98791,107832,100130,107776,102157,105058,102429,114138,121382,102856,91144,88390,110743,110077,116236,88292,99555,106621,107632,129133,127175,115282,90008,114510,116755,104574,114678,118407,89636,121479,105404,106758,92314,105595,115330,105871,113547,104835,102783,89755,99485,99197,104736,138472,125030,105922,115441,111860,103885,103874,125779,121535,101886,122255,109412,104492,108430,106473,126905,116327,133052,134566,141823,132319,117097,115371,130721,129365,127777,134226,119425,128263,123931,123843,115189,123436,124671,119924,105157,112448,118342,113265,109786,120940,116713,136699,119115,127532,126670,135020,109397,120295,120968,115526,119989,137854,104267,130704,125688,121353,136191,135459,135709,86064,122705,137102,105498,107891,117758,123880,103068,106555,107988,113518,122632,109090,103856,102695,108063,94642,106942
STAT,popedge,Conflicts,134,0,0,0,0,0,0,0,0,0,0,0,0,0,0,0,0,0,0,0,0,0,0,0,0,0,0,0,0,0,0,0,0,0,0,0,0,0,0,0,0,0,0,0,0,0,0,0,0,0,0,0,0,0,0,0,0,0,0,0,0,0,0,0,0,0,0,0,0,0,0,0,0,0,0,0,0,0,0,0,0,0,0,0,0,0,0,0,0,0,0,0,0,0,0,0,0,0,0,0,0,0,0,0,0,0,0,0,0,0,0,0,0,0,0,0,0,0,0,0,0,0,0,0,0,0,0,0,0,0,0,0,0,0,0,0
STAT,popedge,Iterations,134,7328105,47430,48207,49352,49598,51049,50415,51658,51159,48699,47820,49757,51190,56756,57918,56338,56892,58720,58082,58048,56884,58487,57592,58829,58691,51600,57727,56483,56697,58873,56659,56655,52948,56665,55993,56916,56178,53371,55929,56734,55641,58485,58003,58158,58350,57412,52095,53501,53739,49823,52574,52703,56547,56230,57279,57998,54702,57994,57840,54682,54558,59837,48159,44598,48274,46871,47163,48003,47527,49474,48412,47565,49426,50648,55200,58803,58068,54902,56946,60176,55867,57477,59258,56516,59059,57110,53444,56605,58318,56761,56250,56631,57186,55690,59583,57549,56907,55875,54514,53892,60424,55739,54668,57250,54753,56201,54569,53139,53250,55368,52884,54675,54268,57709,57020,61364,58729,59613,60670,58890,62270,60480,61197,48152,47040,50146,51588,48813,49609,50339,49427,50322,50684,53109,51889
STAT,refine,Conflicts,134,4725,79,78,73,84,72,69,76,73,51,63,64,58,67,55,64,54,55,34,47,36,47,54,43,60,47,54,47,49,45,42,34,36,23,37,45,30,35,30,43,30,37,42,42,50,34,40,39,46,44,45,43,47,48,30,34,41,23,41,42,36,40,16,19,25,24,34,28,23,16,19,25,23,18,30,23,29,20,21,17,29,21,26,24,23,31,22,27,34,29,34,18,20,29,23,26,24,20,17,22,27,20,26,31,29,22,32,30,28,28,33,24,30,26,37,22,22,20,22,23,28,25,23,28,25,23,26,28,22,15,25,23,24,28,14
STAT,refine,Iterations,134,426247,2472,3488,2909,2618,2612,3106,2990,2559,3646,3062,2727,2289,2858,3524,3848,3287,2992,2603,2990,2895,2925,3229,2547,2755,3482,3083,3380,4429,3095,2978,3256,3271,2930,3464,3469,3054,3536,3825,3568,2904,3135,2881,3888,3203,3274,3138,2962,3518,2887,2971,3431,3774,3380,2838,2612,3102,2851,3093,2933,2698,3279,2856,2548,2835,2671,3335,3724,3270,2374,2846,2966,2674,2400,2948,4115,4243,3431,3221,2275,3596,3028,2882,3322,3373,3428,3739,3456,3747,4590,4187,2912,2652,3744,2959,3054,3412,3414,3023,3373,3396,2884,3328,3530,3201,3153,3443,4002,3861,3031,3313,3120,3962,4420,4457,4034,2842,2558,3208,3270,3304,2954,2876,3004,3228,2774,2548,2870,3422,2435,2409,3233,3297,3111,2643
