Hello from MIC
Galois Benchmark Suite v2.2.0 (r0)
Copyright (C) 2013 The University of Texas at Austin
http://iss.ices.utexas.edu/galois/

application: GMetis
Partitions a graph into K parts and minimizing the graph cut
http://iss.ices.utexas.edu/?p=projects/galois/benchmarks/gMetis

INFO: CommandLine /work/02556/dpereira/MIC/apps/gmetis/gmetis -t=74 /work/02556/dpereira/Inputs/USA-road-d.W.gr 1024
INFO: Hostname c558-304-mic0.stampede.tacc.utexas.edu
Created Graph with 6262104 nodes and 15248146 edges
Nodes 6262104| Edges 15248146 7624073

  Starting coarsening: 
Time coarsen:  2198 Size of final graph: 21555

  Sarting initial partitioning using GGGP:
Size in decade percentages:  -1,75 -0,882 1,67
Time clustering:  842

  Sarting refinnement with BKL2
Initial dist
Size in decade percentages:  -1,75 -0,882 1,67
Refined dist
Size in decade percentages:  -1,363 -0,280 1,380 2,1
Time refinement:  926


Time:  4143
Total edge cut : 31580

Part saved in : 0x7fff98160b60
STATTYPE,LOOP,CATEGORY,n,sum,T0,T1,T2,T3,T4,T5,T6,T7,T8,T9,T10,T11,T12,T13,T14,T15,T16,T17,T18,T19,T20,T21,T22,T23,T24,T25,T26,T27,T28,T29,T30,T31,T32,T33,T34,T35,T36,T37,T38,T39,T40,T41,T42,T43,T44,T45,T46,T47,T48,T49,T50,T51,T52,T53,T54,T55,T56,T57,T58,T59,T60,T61,T62,T63,T64,T65,T66,T67,T68,T69,T70,T71,T72,T73
STAT,(NULL),Coarsen,74,2198,2198,0,0,0,0,0,0,0,0,0,0,0,0,0,0,0,0,0,0,0,0,0,0,0,0,0,0,0,0,0,0,0,0,0,0,0,0,0,0,0,0,0,0,0,0,0,0,0,0,0,0,0,0,0,0,0,0,0,0,0,0,0,0,0,0,0,0,0,0,0,0,0,0,0
STAT,(NULL),Conflicts,74,0,0,0,0,0,0,0,0,0,0,0,0,0,0,0,0,0,0,0,0,0,0,0,0,0,0,0,0,0,0,0,0,0,0,0,0,0,0,0,0,0,0,0,0,0,0,0,0,0,0,0,0,0,0,0,0,0,0,0,0,0,0,0,0,0,0,0,0,0,0,0,0,0,0,0
STAT,(NULL),Iterations,74,2047,11,15,29,27,24,24,27,26,22,25,21,16,19,31,29,25,30,13,31,33,30,17,38,26,39,24,33,37,27,30,30,28,26,32,32,23,28,27,23,39,32,41,25,36,11,32,32,28,33,25,11,36,35,41,26,34,29,42,37,31,35,35,21,24,31,16,28,30,19,25,26,22,23,28
STAT,(NULL),MeminfoPost,74,756475,10227,10250,10215,10225,10312,10223,10209,10247,10239,10204,10243,10200,10220,10237,10226,10226,10260,10282,10206,10229,10253,10214,10221,10226,10206,10228,10266,10223,10220,10220,10214,10188,10242,10206,10193,10201,10254,10219,10227,10184,10204,10244,10229,10210,10206,10179,10189,10207,10277,10253,10219,10178,10225,10237,10211,10200,10186,10199,10269,10266,10196,10210,10282,10265,10214,10205,10191,10196,10206,10187,10206,10199,10225,10220
STAT,(NULL),MeminfoPre,74,189117,2560,2583,2548,2558,2645,2556,2542,2580,2572,2537,2576,2533,2553,2570,2559,2559,2593,2615,2539,2562,2586,2547,2554,2559,2539,2561,2599,2556,2553,2553,2547,2521,2575,2539,2526,2534,2587,2552,2560,2517,2537,2577,2562,2543,2539,2512,2522,2540,2610,2586,2552,2511,2558,2570,2544,2533,2519,2532,2602,2599,2529,2543,2615,2598,2547,2538,2524,2529,2539,2520,2539,2532,2558,2553
STAT,(NULL),Partition,74,842,842,0,0,0,0,0,0,0,0,0,0,0,0,0,0,0,0,0,0,0,0,0,0,0,0,0,0,0,0,0,0,0,0,0,0,0,0,0,0,0,0,0,0,0,0,0,0,0,0,0,0,0,0,0,0,0,0,0,0,0,0,0,0,0,0,0,0,0,0,0,0,0,0,0
STAT,(NULL),Refine,74,926,926,0,0,0,0,0,0,0,0,0,0,0,0,0,0,0,0,0,0,0,0,0,0,0,0,0,0,0,0,0,0,0,0,0,0,0,0,0,0,0,0,0,0,0,0,0,0,0,0,0,0,0,0,0,0,0,0,0,0,0,0,0,0,0,0,0,0,0,0,0,0,0,0,0
STAT,(NULL),Threads,74,74,74,0,0,0,0,0,0,0,0,0,0,0,0,0,0,0,0,0,0,0,0,0,0,0,0,0,0,0,0,0,0,0,0,0,0,0,0,0,0,0,0,0,0,0,0,0,0,0,0,0,0,0,0,0,0,0,0,0,0,0,0,0,0,0,0,0,0,0,0,0,0,0,0,0
STAT,(NULL),Time,74,4143,4143,0,0,0,0,0,0,0,0,0,0,0,0,0,0,0,0,0,0,0,0,0,0,0,0,0,0,0,0,0,0,0,0,0,0,0,0,0,0,0,0,0,0,0,0,0,0,0,0,0,0,0,0,0,0,0,0,0,0,0,0,0,0,0,0,0,0,0,0,0,0,0,0,0
STAT,match,Conflicts,74,5122,152,126,101,153,143,126,123,103,119,106,76,107,95,60,56,55,48,54,66,70,68,75,50,66,59,74,50,62,58,58,59,48,40,43,47,49,50,55,60,58,45,48,59,76,55,75,47,80,63,53,65,58,45,51,80,51,45,72,50,40,38,80,50,52,74,88,70,54,74,69,81,29,73,64
STAT,match,Iterations,74,14964289,156711,166339,178406,163097,170530,176976,180649,175278,176502,190598,186212,185637,186825,205011,206931,202911,215676,207966,219773,207783,198547,215870,222079,217044,214335,191896,184790,207137,198754,214924,201757,234895,188910,217728,215887,226714,215199,206706,225076,208879,227813,207833,226628,214325,206297,209836,218505,213898,194390,204951,202978,221276,214568,203522,203454,205038,215476,203386,193197,195339,211032,181030,196544,201897,202625,178209,218751,217740,196432,204966,200156,210281,194409,200569
STAT,popedge,Conflicts,74,0,0,0,0,0,0,0,0,0,0,0,0,0,0,0,0,0,0,0,0,0,0,0,0,0,0,0,0,0,0,0,0,0,0,0,0,0,0,0,0,0,0,0,0,0,0,0,0,0,0,0,0,0,0,0,0,0,0,0,0,0,0,0,0,0,0,0,0,0,0,0,0,0,0,0
STAT,popedge,Iterations,74,7338752,89684,93004,93844,94668,91173,92565,94775,89542,93464,93918,94010,97457,94954,101632,103436,104220,101270,96072,102414,101969,98898,103077,100692,101455,98313,95141,93169,97384,93780,100318,101984,103508,92171,104659,104033,103350,101890,103628,106696,108200,106031,103215,103404,105423,109723,108762,103239,107260,103915,99692,103196,106773,100500,98933,103708,101754,101110,104087,100263,96584,98609,87906,91929,95008,99190,95718,91860,96312,96793,92850,99233,96671,97658,95026
STAT,refine,Conflicts,74,3530,81,81,73,72,73,73,69,63,75,56,63,58,57,61,49,49,58,73,56,57,44,51,42,46,41,59,50,58,53,51,35,33,38,46,37,48,53,43,39,43,34,40,35,44,37,33,37,43,55,41,49,38,40,40,60,30,40,47,58,57,36,36,30,31,27,42,38,31,24,37,30,29,40,34
STAT,refine,Iterations,74,424579,4496,5453,4147,4701,6214,4577,4422,5339,5086,5097,4958,4993,4690,6234,5563,6380,7083,7511,6934,5740,5922,6029,5730,5705,5680,6226,7329,7174,5796,6827,5729,5916,6329,7229,5068,7317,7827,6479,6851,4891,5443,5852,5894,5439,5284,5447,5749,6047,6978,6181,6368,4657,5674,5534,5218,5053,4765,5429,6308,6947,5632,5352,6286,5796,4721,5229,4465,5152,5381,5016,5197,5726,5056,5631
