Hello from MIC
Galois Benchmark Suite v2.2.0 (r0)
Copyright (C) 2013 The University of Texas at Austin
http://iss.ices.utexas.edu/galois/

application: GMetis
Partitions a graph into K parts and minimizing the graph cut
http://iss.ices.utexas.edu/?p=projects/galois/benchmarks/gMetis

INFO: CommandLine /work/02556/dpereira/MIC/apps/gmetis/gmetis -t=32 /work/02556/dpereira/Inputs/USA-road-d.W.gr 128
INFO: Hostname c557-901-mic0.stampede.tacc.utexas.edu
Created Graph with 6262104 nodes and 15248146 edges
Nodes 6262104| Edges 15248146 7624073

  Starting coarsening: 
Time coarsen:  3442 Size of final graph: 2940

  Sarting initial partitioning using GGGP:
Size in decade percentages:  -1,10 -0,113 1,5
Time clustering:  391

  Sarting refinnement with BKL2
Initial dist
Size in decade percentages:  -1,10 -0,113 1,5
Refined dist
Size in decade percentages:  -1,43 0,37 1,48
Time refinement:  619


Time:  4627
Total edge cut : 7618

Part saved in : 0x7fff1f0b3b60
STATTYPE,LOOP,CATEGORY,n,sum,T0,T1,T2,T3,T4,T5,T6,T7,T8,T9,T10,T11,T12,T13,T14,T15,T16,T17,T18,T19,T20,T21,T22,T23,T24,T25,T26,T27,T28,T29,T30,T31
STAT,(NULL),Coarsen,32,3442,3442,0,0,0,0,0,0,0,0,0,0,0,0,0,0,0,0,0,0,0,0,0,0,0,0,0,0,0,0,0,0,0
STAT,(NULL),Conflicts,32,0,0,0,0,0,0,0,0,0,0,0,0,0,0,0,0,0,0,0,0,0,0,0,0,0,0,0,0,0,0,0,0,0
STAT,(NULL),Iterations,32,255,10,8,4,6,7,9,11,4,3,8,5,18,10,5,12,10,9,3,10,8,16,4,4,15,4,9,8,8,6,8,9,4
STAT,(NULL),MeminfoPost,32,756137,23660,23662,23664,23677,23620,23627,23630,23722,23653,23624,23622,23663,23632,23593,23610,23626,23624,23589,23638,23555,23610,23682,23598,23617,23567,23708,23622,23683,23582,23573,23574,23630
STAT,(NULL),MeminfoPre,32,189033,5938,5940,5942,5955,5898,5905,5908,6000,5931,5902,5900,5941,5910,5871,5888,5904,5902,5867,5916,5833,5888,5960,5876,5895,5845,5986,5900,5961,5860,5851,5852,5908
STAT,(NULL),Partition,32,391,391,0,0,0,0,0,0,0,0,0,0,0,0,0,0,0,0,0,0,0,0,0,0,0,0,0,0,0,0,0,0,0
STAT,(NULL),Refine,32,619,619,0,0,0,0,0,0,0,0,0,0,0,0,0,0,0,0,0,0,0,0,0,0,0,0,0,0,0,0,0,0,0
STAT,(NULL),Threads,32,32,32,0,0,0,0,0,0,0,0,0,0,0,0,0,0,0,0,0,0,0,0,0,0,0,0,0,0,0,0,0,0,0
STAT,(NULL),Time,32,4627,4627,0,0,0,0,0,0,0,0,0,0,0,0,0,0,0,0,0,0,0,0,0,0,0,0,0,0,0,0,0,0,0
STAT,match,Conflicts,32,3866,242,183,134,158,132,158,104,129,96,102,82,83,97,121,150,120,96,145,72,120,86,91,85,98,62,90,106,96,137,160,200,131
STAT,match,Iterations,32,14927528,434635,452407,456735,447721,471580,465485,452319,452044,447779,469329,461744,453428,474669,446431,463847,463401,481056,504073,458214,484448,485701,459361,478058,466306,478325,430301,472036,470994,497487,492114,475797,479703
STAT,popedge,Conflicts,32,0,0,0,0,0,0,0,0,0,0,0,0,0,0,0,0,0,0,0,0,0,0,0,0,0,0,0,0,0,0,0,0,0
STAT,popedge,Iterations,32,7312078,223203,225354,220766,220380,227907,225966,223187,221051,216475,227385,222049,203956,209057,224203,223794,221331,229972,238922,232069,238334,232178,224072,226879,226952,223955,221230,226260,249310,252917,250533,254576,247855
STAT,refine,Conflicts,32,2144,121,106,100,80,77,85,74,87,62,72,64,81,70,65,61,73,54,58,51,53,68,52,54,60,51,58,60,53,46,44,53,51
STAT,refine,Iterations,32,125058,3871,4005,4013,4288,3445,3709,3265,4833,4170,3850,3931,4030,3566,3356,3424,3862,3979,2996,3964,3337,4297,4262,3120,3532,4386,4557,4019,5467,3994,2922,3363,5245
