Hello from MIC
Galois Benchmark Suite v2.2.0 (r0)
Copyright (C) 2013 The University of Texas at Austin
http://iss.ices.utexas.edu/galois/

application: GMetis
Partitions a graph into K parts and minimizing the graph cut
http://iss.ices.utexas.edu/?p=projects/galois/benchmarks/gMetis

INFO: CommandLine /work/02556/dpereira/MIC/apps/gmetis/gmetis -t=103 /work/02556/dpereira/Inputs/USA-road-d.W.gr 16
INFO: Hostname c558-001-mic0.stampede.tacc.utexas.edu
Created Graph with 6262104 nodes and 15248146 edges
Nodes 6262104| Edges 15248146 7624073

  Starting coarsening: 
Time coarsen:  2484 Size of final graph: 431

  Sarting initial partitioning using GGGP:
Size in decade percentages:  -1,1 -0,15
Time clustering:  365

  Sarting refinnement with BKL2
Initial dist
Size in decade percentages:  -1,1 -0,15
Refined dist
Size in decade percentages:  -1,4 -0,6 1,6
Time refinement:  1215


Time:  4240
Total edge cut : 1765

Part saved in : 0x7fffd15abae0
STATTYPE,LOOP,CATEGORY,n,sum,T0,T1,T2,T3,T4,T5,T6,T7,T8,T9,T10,T11,T12,T13,T14,T15,T16,T17,T18,T19,T20,T21,T22,T23,T24,T25,T26,T27,T28,T29,T30,T31,T32,T33,T34,T35,T36,T37,T38,T39,T40,T41,T42,T43,T44,T45,T46,T47,T48,T49,T50,T51,T52,T53,T54,T55,T56,T57,T58,T59,T60,T61,T62,T63,T64,T65,T66,T67,T68,T69,T70,T71,T72,T73,T74,T75,T76,T77,T78,T79,T80,T81,T82,T83,T84,T85,T86,T87,T88,T89,T90,T91,T92,T93,T94,T95,T96,T97,T98,T99,T100,T101,T102
STAT,(NULL),Coarsen,103,2484,2484,0,0,0,0,0,0,0,0,0,0,0,0,0,0,0,0,0,0,0,0,0,0,0,0,0,0,0,0,0,0,0,0,0,0,0,0,0,0,0,0,0,0,0,0,0,0,0,0,0,0,0,0,0,0,0,0,0,0,0,0,0,0,0,0,0,0,0,0,0,0,0,0,0,0,0,0,0,0,0,0,0,0,0,0,0,0,0,0,0,0,0,0,0,0,0,0,0,0,0,0,0,0
STAT,(NULL),Conflicts,103,0,0,0,0,0,0,0,0,0,0,0,0,0,0,0,0,0,0,0,0,0,0,0,0,0,0,0,0,0,0,0,0,0,0,0,0,0,0,0,0,0,0,0,0,0,0,0,0,0,0,0,0,0,0,0,0,0,0,0,0,0,0,0,0,0,0,0,0,0,0,0,0,0,0,0,0,0,0,0,0,0,0,0,0,0,0,0,0,0,0,0,0,0,0,0,0,0,0,0,0,0,0,0,0
STAT,(NULL),Iterations,103,31,5,0,0,0,1,0,0,0,0,0,2,0,3,0,0,0,0,3,0,1,0,0,0,0,0,0,1,0,0,0,0,0,0,0,0,0,0,0,0,0,1,0,0,1,0,0,0,0,0,0,0,0,0,1,0,0,0,0,0,0,3,4,0,0,0,0,0,0,0,0,0,0,0,0,0,0,0,0,0,0,2,1,0,0,0,0,0,0,0,0,0,0,0,0,0,0,2,0,0,0,0,0,0
STAT,(NULL),MeminfoPost,103,756409,7340,7371,7349,7344,7341,7358,7421,7340,7338,7336,7368,7360,7348,7323,7354,7343,7326,7347,7349,7360,7352,7324,7369,7408,7366,7324,7343,7361,7356,7359,7326,7344,7356,7322,7338,7355,7347,7372,7350,7345,7350,7326,7347,7310,7343,7355,7337,7331,7313,7333,7349,7378,7326,7335,7344,7306,7339,7358,7364,7339,7331,7332,7328,7311,7320,7342,7321,7386,7391,7329,7349,7312,7326,7353,7357,7330,7337,7326,7318,7334,7321,7388,7387,7339,7325,7333,7378,7376,7382,7324,7341,7332,7334,7311,7339,7321,7321,7306,7342,7331,7347,7346,7336
STAT,(NULL),MeminfoPre,103,189085,1832,1863,1841,1836,1833,1850,1913,1832,1830,1828,1860,1852,1840,1815,1846,1835,1818,1839,1841,1852,1844,1816,1861,1900,1858,1816,1835,1853,1848,1851,1818,1836,1848,1814,1830,1847,1839,1864,1842,1837,1842,1818,1839,1802,1835,1847,1829,1823,1805,1825,1841,1870,1818,1827,1836,1798,1831,1850,1856,1831,1823,1824,1820,1803,1812,1834,1813,1878,1883,1821,1841,1804,1818,1845,1849,1822,1829,1818,1810,1826,1813,1880,1879,1831,1817,1825,1870,1868,1874,1816,1833,1824,1826,1803,1831,1813,1813,1798,1834,1823,1839,1838,1828
STAT,(NULL),Partition,103,365,365,0,0,0,0,0,0,0,0,0,0,0,0,0,0,0,0,0,0,0,0,0,0,0,0,0,0,0,0,0,0,0,0,0,0,0,0,0,0,0,0,0,0,0,0,0,0,0,0,0,0,0,0,0,0,0,0,0,0,0,0,0,0,0,0,0,0,0,0,0,0,0,0,0,0,0,0,0,0,0,0,0,0,0,0,0,0,0,0,0,0,0,0,0,0,0,0,0,0,0,0,0,0
STAT,(NULL),Refine,103,1215,1215,0,0,0,0,0,0,0,0,0,0,0,0,0,0,0,0,0,0,0,0,0,0,0,0,0,0,0,0,0,0,0,0,0,0,0,0,0,0,0,0,0,0,0,0,0,0,0,0,0,0,0,0,0,0,0,0,0,0,0,0,0,0,0,0,0,0,0,0,0,0,0,0,0,0,0,0,0,0,0,0,0,0,0,0,0,0,0,0,0,0,0,0,0,0,0,0,0,0,0,0,0,0
STAT,(NULL),Threads,103,103,103,0,0,0,0,0,0,0,0,0,0,0,0,0,0,0,0,0,0,0,0,0,0,0,0,0,0,0,0,0,0,0,0,0,0,0,0,0,0,0,0,0,0,0,0,0,0,0,0,0,0,0,0,0,0,0,0,0,0,0,0,0,0,0,0,0,0,0,0,0,0,0,0,0,0,0,0,0,0,0,0,0,0,0,0,0,0,0,0,0,0,0,0,0,0,0,0,0,0,0,0,0,0
STAT,(NULL),Time,103,4240,4240,0,0,0,0,0,0,0,0,0,0,0,0,0,0,0,0,0,0,0,0,0,0,0,0,0,0,0,0,0,0,0,0,0,0,0,0,0,0,0,0,0,0,0,0,0,0,0,0,0,0,0,0,0,0,0,0,0,0,0,0,0,0,0,0,0,0,0,0,0,0,0,0,0,0,0,0,0,0,0,0,0,0,0,0,0,0,0,0,0,0,0,0,0,0,0,0,0,0,0,0,0,0
STAT,match,Conflicts,103,6109,122,98,91,96,81,108,91,81,70,90,87,89,76,60,87,83,80,87,66,59,67,68,64,73,59,68,64,71,78,77,60,60,71,61,65,62,58,71,69,50,78,61,54,44,52,42,53,48,59,46,36,39,45,48,51,54,59,52,49,39,48,69,45,40,44,58,71,43,34,49,42,55,53,51,43,48,53,57,51,44,43,44,49,36,39,46,47,44,45,55,60,40,54,40,49,60,41,51,50,43,43,55,50
STAT,match,Iterations,103,14980187,141635,126299,131266,120479,126831,132332,113738,128291,127953,129199,128185,133433,127301,137918,116042,136542,132813,129192,132853,141309,133618,139712,124223,112710,129253,131057,133555,118953,138132,132741,149997,149415,133911,125661,137838,145199,126954,133602,126197,144010,148360,138526,146931,170190,141616,160466,156169,155377,151735,155400,163943,160611,158877,165741,163628,163604,158699,153261,150319,172071,164555,141504,156993,169795,165138,140384,151520,151836,167741,150417,161676,149524,158627,158264,160947,161930,141357,158372,161688,141571,156814,138780,164778,157603,151290,146797,149637,160692,154091,144328,154117,162433,150443,169605,147336,133282,162017,138995,146273,155638,133640,146965,144921
STAT,popedge,Conflicts,103,0,0,0,0,0,0,0,0,0,0,0,0,0,0,0,0,0,0,0,0,0,0,0,0,0,0,0,0,0,0,0,0,0,0,0,0,0,0,0,0,0,0,0,0,0,0,0,0,0,0,0,0,0,0,0,0,0,0,0,0,0,0,0,0,0,0,0,0,0,0,0,0,0,0,0,0,0,0,0,0,0,0,0,0,0,0,0,0,0,0,0,0,0,0,0,0,0,0,0,0,0,0,0,0
STAT,popedge,Iterations,103,7339125,72609,68236,68957,73352,70338,70664,67142,68876,69546,70407,69783,70205,70520,68747,71440,70834,69322,70073,69131,69613,68539,68354,69043,68786,67394,73289,69888,70070,70418,71190,72397,72015,70670,74098,69623,68373,66115,66679,66670,62518,65335,69507,77081,76023,76584,73072,76130,76223,78196,76394,75816,74925,82658,79281,82275,83219,84283,75983,81337,80615,79897,71022,64904,67213,68713,70792,67580,65473,72273,71051,66478,69243,69937,68631,68437,67600,70001,69967,68295,66294,68398,67905,70233,66348,67931,66096,71406,71039,71910,72850,71116,75479,75970,70849,70614,72552,68371,72898,71159,70106,66387,73775,71071
STAT,refine,Conflicts,103,4468,126,125,117,104,116,117,99,94,86,94,93,69,72,72,76,70,75,57,59,64,68,57,46,77,56,55,47,46,56,45,47,43,38,33,44,42,37,46,50,39,49,48,29,31,12,36,31,22,37,29,41,34,29,28,32,24,27,32,42,33,31,34,22,27,26,36,32,28,32,12,25,12,20,34,28,18,19,31,23,24,36,14,31,12,27,28,23,12,14,34,15,23,26,22,27,28,22,19,32,21,20,35,30
STAT,refine,Iterations,103,37700,612,488,428,577,485,576,671,470,343,448,374,311,412,443,418,440,390,370,344,373,407,516,335,580,401,387,286,244,261,269,359,329,273,214,322,239,350,359,293,275,365,350,226,310,146,437,406,436,362,397,456,558,279,327,283,258,307,371,543,497,537,494,406,332,362,375,432,437,536,231,294,269,244,406,340,437,415,498,320,372,424,317,488,238,393,322,249,226,211,285,229,370,221,278,212,414,259,207,295,232,228,500,379
