Hello from MIC
Galois Benchmark Suite v2.2.0 (r0)
Copyright (C) 2013 The University of Texas at Austin
http://iss.ices.utexas.edu/galois/

application: GMetis
Partitions a graph into K parts and minimizing the graph cut
http://iss.ices.utexas.edu/?p=projects/galois/benchmarks/gMetis

INFO: CommandLine /work/02556/dpereira/MIC/apps/gmetis/gmetis -t=169 /work/02556/dpereira/Inputs/USA-road-d.W.gr 16
INFO: Hostname c558-002-mic0.stampede.tacc.utexas.edu
Created Graph with 6262104 nodes and 15248146 edges
Nodes 6262104| Edges 15248146 7624073

  Starting coarsening: 
Time coarsen:  3308 Size of final graph: 442

  Sarting initial partitioning using GGGP:
Size in decade percentages:  -0,16
Time clustering:  372

  Sarting refinnement with BKL2
Initial dist
Size in decade percentages:  -0,16
Refined dist
Size in decade percentages:  -1,5 0,6 1,5
Time refinement:  1993


Time:  5851
Total edge cut : 2001

Part saved in : 0x7fffb3aead60
STATTYPE,LOOP,CATEGORY,n,sum,T0,T1,T2,T3,T4,T5,T6,T7,T8,T9,T10,T11,T12,T13,T14,T15,T16,T17,T18,T19,T20,T21,T22,T23,T24,T25,T26,T27,T28,T29,T30,T31,T32,T33,T34,T35,T36,T37,T38,T39,T40,T41,T42,T43,T44,T45,T46,T47,T48,T49,T50,T51,T52,T53,T54,T55,T56,T57,T58,T59,T60,T61,T62,T63,T64,T65,T66,T67,T68,T69,T70,T71,T72,T73,T74,T75,T76,T77,T78,T79,T80,T81,T82,T83,T84,T85,T86,T87,T88,T89,T90,T91,T92,T93,T94,T95,T96,T97,T98,T99,T100,T101,T102,T103,T104,T105,T106,T107,T108,T109,T110,T111,T112,T113,T114,T115,T116,T117,T118,T119,T120,T121,T122,T123,T124,T125,T126,T127,T128,T129,T130,T131,T132,T133,T134,T135,T136,T137,T138,T139,T140,T141,T142,T143,T144,T145,T146,T147,T148,T149,T150,T151,T152,T153,T154,T155,T156,T157,T158,T159,T160,T161,T162,T163,T164,T165,T166,T167,T168
STAT,(NULL),Coarsen,169,3308,3308,0,0,0,0,0,0,0,0,0,0,0,0,0,0,0,0,0,0,0,0,0,0,0,0,0,0,0,0,0,0,0,0,0,0,0,0,0,0,0,0,0,0,0,0,0,0,0,0,0,0,0,0,0,0,0,0,0,0,0,0,0,0,0,0,0,0,0,0,0,0,0,0,0,0,0,0,0,0,0,0,0,0,0,0,0,0,0,0,0,0,0,0,0,0,0,0,0,0,0,0,0,0,0,0,0,0,0,0,0,0,0,0,0,0,0,0,0,0,0,0,0,0,0,0,0,0,0,0,0,0,0,0,0,0,0,0,0,0,0,0,0,0,0,0,0,0,0,0,0,0,0,0,0,0,0,0,0,0,0,0,0,0,0,0,0,0,0,0
STAT,(NULL),Conflicts,169,0,0,0,0,0,0,0,0,0,0,0,0,0,0,0,0,0,0,0,0,0,0,0,0,0,0,0,0,0,0,0,0,0,0,0,0,0,0,0,0,0,0,0,0,0,0,0,0,0,0,0,0,0,0,0,0,0,0,0,0,0,0,0,0,0,0,0,0,0,0,0,0,0,0,0,0,0,0,0,0,0,0,0,0,0,0,0,0,0,0,0,0,0,0,0,0,0,0,0,0,0,0,0,0,0,0,0,0,0,0,0,0,0,0,0,0,0,0,0,0,0,0,0,0,0,0,0,0,0,0,0,0,0,0,0,0,0,0,0,0,0,0,0,0,0,0,0,0,0,0,0,0,0,0,0,0,0,0,0,0,0,0,0,0,0,0,0,0,0,0
STAT,(NULL),Iterations,169,31,5,0,1,0,0,1,0,0,0,0,0,0,3,0,0,0,0,0,0,0,0,0,0,0,2,0,0,0,0,0,0,0,0,0,0,0,0,0,0,0,0,0,0,0,0,0,0,0,2,0,0,0,0,0,0,0,0,0,0,0,0,0,0,0,0,0,0,0,0,0,0,2,0,0,0,0,1,0,0,0,0,0,0,0,0,0,0,0,0,0,0,0,0,0,0,0,0,0,0,0,0,0,0,0,0,0,0,0,0,4,0,2,0,0,0,1,0,0,0,0,0,0,0,0,0,0,0,0,0,0,0,0,3,0,0,1,0,0,0,0,0,0,0,0,0,0,0,0,0,0,0,0,0,0,0,1,1,1,0,0,0,0,0,0,0,0,0,0,0
STAT,(NULL),MeminfoPost,169,757066,4484,4474,4492,4491,4487,4472,4481,4478,4481,4498,4534,4514,4465,4473,4474,4481,4483,4493,4490,4488,4491,4462,4470,4479,4488,4488,4468,4469,4482,4469,4503,4484,4492,4474,4483,4462,4490,4498,4506,4530,4491,4471,4469,4476,4487,4487,4503,4480,4479,4473,4475,4470,4490,4497,4464,4467,4476,4485,4481,4480,4505,4491,4474,4489,4489,4470,4489,4469,4471,4469,4487,4456,4471,4483,4495,4476,4468,4476,4474,4458,4465,4477,4468,4507,4504,4477,4465,4470,4495,4471,4459,4454,4476,4484,4486,4496,4490,4470,4475,4469,4477,4472,4475,4456,4463,4472,4456,4490,4465,4468,4501,4513,4506,4484,4467,4469,4491,4460,4457,4480,4486,4490,4483,4480,4464,4478,4472,4465,4461,4473,4476,4463,4469,4508,4500,4513,4487,4469,4471,4462,4475,4492,4513,4496,4504,4499,4465,4472,4482,4475,4471,4474,4459,4469,4464,4492,4465,4455,4465,4462,4456,4491,4464,4477,4482,4478,4482,4470,4485
STAT,(NULL),MeminfoPre,169,189226,1124,1114,1132,1131,1127,1112,1121,1118,1121,1138,1174,1154,1105,1113,1114,1121,1123,1133,1130,1128,1131,1102,1110,1119,1128,1128,1108,1109,1122,1109,1143,1124,1132,1114,1123,1102,1130,1138,1146,1170,1131,1111,1109,1116,1127,1127,1143,1120,1119,1113,1115,1110,1130,1137,1104,1107,1116,1125,1121,1120,1145,1131,1114,1129,1129,1110,1129,1109,1111,1109,1127,1096,1111,1123,1135,1116,1108,1116,1114,1098,1105,1117,1108,1147,1144,1117,1105,1110,1135,1111,1099,1094,1116,1124,1126,1136,1130,1110,1115,1109,1117,1112,1115,1096,1103,1112,1096,1130,1105,1108,1141,1153,1146,1124,1107,1109,1131,1100,1097,1120,1126,1130,1123,1120,1104,1118,1112,1105,1101,1113,1116,1103,1109,1148,1140,1153,1127,1109,1111,1102,1115,1132,1153,1136,1144,1139,1105,1112,1122,1115,1111,1114,1099,1109,1104,1132,1105,1095,1105,1102,1096,1131,1104,1117,1122,1118,1122,1110,1125
STAT,(NULL),Partition,169,372,372,0,0,0,0,0,0,0,0,0,0,0,0,0,0,0,0,0,0,0,0,0,0,0,0,0,0,0,0,0,0,0,0,0,0,0,0,0,0,0,0,0,0,0,0,0,0,0,0,0,0,0,0,0,0,0,0,0,0,0,0,0,0,0,0,0,0,0,0,0,0,0,0,0,0,0,0,0,0,0,0,0,0,0,0,0,0,0,0,0,0,0,0,0,0,0,0,0,0,0,0,0,0,0,0,0,0,0,0,0,0,0,0,0,0,0,0,0,0,0,0,0,0,0,0,0,0,0,0,0,0,0,0,0,0,0,0,0,0,0,0,0,0,0,0,0,0,0,0,0,0,0,0,0,0,0,0,0,0,0,0,0,0,0,0,0,0,0,0
STAT,(NULL),Refine,169,1993,1993,0,0,0,0,0,0,0,0,0,0,0,0,0,0,0,0,0,0,0,0,0,0,0,0,0,0,0,0,0,0,0,0,0,0,0,0,0,0,0,0,0,0,0,0,0,0,0,0,0,0,0,0,0,0,0,0,0,0,0,0,0,0,0,0,0,0,0,0,0,0,0,0,0,0,0,0,0,0,0,0,0,0,0,0,0,0,0,0,0,0,0,0,0,0,0,0,0,0,0,0,0,0,0,0,0,0,0,0,0,0,0,0,0,0,0,0,0,0,0,0,0,0,0,0,0,0,0,0,0,0,0,0,0,0,0,0,0,0,0,0,0,0,0,0,0,0,0,0,0,0,0,0,0,0,0,0,0,0,0,0,0,0,0,0,0,0,0,0
STAT,(NULL),Threads,169,169,169,0,0,0,0,0,0,0,0,0,0,0,0,0,0,0,0,0,0,0,0,0,0,0,0,0,0,0,0,0,0,0,0,0,0,0,0,0,0,0,0,0,0,0,0,0,0,0,0,0,0,0,0,0,0,0,0,0,0,0,0,0,0,0,0,0,0,0,0,0,0,0,0,0,0,0,0,0,0,0,0,0,0,0,0,0,0,0,0,0,0,0,0,0,0,0,0,0,0,0,0,0,0,0,0,0,0,0,0,0,0,0,0,0,0,0,0,0,0,0,0,0,0,0,0,0,0,0,0,0,0,0,0,0,0,0,0,0,0,0,0,0,0,0,0,0,0,0,0,0,0,0,0,0,0,0,0,0,0,0,0,0,0,0,0,0,0,0,0
STAT,(NULL),Time,169,5851,5851,0,0,0,0,0,0,0,0,0,0,0,0,0,0,0,0,0,0,0,0,0,0,0,0,0,0,0,0,0,0,0,0,0,0,0,0,0,0,0,0,0,0,0,0,0,0,0,0,0,0,0,0,0,0,0,0,0,0,0,0,0,0,0,0,0,0,0,0,0,0,0,0,0,0,0,0,0,0,0,0,0,0,0,0,0,0,0,0,0,0,0,0,0,0,0,0,0,0,0,0,0,0,0,0,0,0,0,0,0,0,0,0,0,0,0,0,0,0,0,0,0,0,0,0,0,0,0,0,0,0,0,0,0,0,0,0,0,0,0,0,0,0,0,0,0,0,0,0,0,0,0,0,0,0,0,0,0,0,0,0,0,0,0,0,0,0,0,0
STAT,match,Conflicts,169,6400,66,55,53,59,54,54,56,61,62,51,47,48,53,54,50,50,52,67,62,51,50,44,45,59,53,39,48,53,53,50,48,39,53,46,46,48,47,42,43,57,47,45,50,42,39,46,41,49,40,37,36,38,41,43,43,36,43,46,41,38,45,38,30,27,30,32,29,29,27,30,37,28,26,22,26,33,33,33,27,34,30,31,34,30,35,40,39,28,41,33,31,32,34,32,40,32,39,36,31,32,38,31,30,33,29,30,39,32,29,37,27,27,35,29,36,35,23,32,32,35,36,32,33,36,36,32,30,29,23,35,28,28,26,29,26,26,26,27,27,33,31,27,37,34,32,28,30,31,31,39,33,39,31,31,37,26,34,26,39,36,30,41,40,31,38,35,29,36,26
STAT,match,Iterations,169,15021443,60224,80842,77799,73800,61774,82001,76004,74106,69472,80612,69297,74006,61084,73877,92386,70636,63030,77440,69151,68241,82781,79122,86651,79652,73797,84651,69865,83060,73634,84384,79082,84888,78956,70689,82616,84450,88200,89710,69921,68781,61744,79771,73077,78933,59372,76285,73020,88036,93427,104629,99449,107683,85108,94602,86678,107064,76599,104649,101062,95221,88113,59825,89550,119702,96970,86025,98061,79158,107074,77454,81907,91949,80488,109744,85500,82626,93861,97787,97458,103133,87817,88158,87035,92423,93179,70762,90051,95093,89461,91408,82684,92162,93489,90649,79603,91110,77645,104841,95318,95122,74666,97758,101476,92801,92314,80537,91443,93015,106548,108971,121536,104586,88426,119494,99625,102641,115548,89306,108594,116069,108909,89208,89942,95775,98000,95363,97192,102551,118969,84857,80629,92829,86800,94067,93967,95678,101266,103450,108132,85238,82684,92249,84523,87919,89603,90310,102626,92195,110030,73863,103092,90085,101545,80610,93778,104057,82297,84893,77172,96942,97198,101462,108545,88694,86369,100817,93795,95450,88988
STAT,popedge,Conflicts,169,0,0,0,0,0,0,0,0,0,0,0,0,0,0,0,0,0,0,0,0,0,0,0,0,0,0,0,0,0,0,0,0,0,0,0,0,0,0,0,0,0,0,0,0,0,0,0,0,0,0,0,0,0,0,0,0,0,0,0,0,0,0,0,0,0,0,0,0,0,0,0,0,0,0,0,0,0,0,0,0,0,0,0,0,0,0,0,0,0,0,0,0,0,0,0,0,0,0,0,0,0,0,0,0,0,0,0,0,0,0,0,0,0,0,0,0,0,0,0,0,0,0,0,0,0,0,0,0,0,0,0,0,0,0,0,0,0,0,0,0,0,0,0,0,0,0,0,0,0,0,0,0,0,0,0,0,0,0,0,0,0,0,0,0,0,0,0,0,0,0
STAT,popedge,Iterations,169,7358098,38476,41796,39613,42371,43878,40163,41419,41001,41101,40689,41035,38786,43666,40027,39867,41249,43993,43903,41843,43531,42480,43273,42220,42379,45063,43895,45052,43897,43285,42957,44257,43444,41643,43352,40041,41934,41782,42356,44815,41712,44189,44626,44318,44596,43287,42188,42533,49314,49306,49527,49351,45810,51534,49007,48856,49176,49324,49764,47641,47620,45195,39529,39121,39657,40122,39625,39670,40294,40667,41311,40792,41481,41421,38534,39765,43132,41238,40300,41536,40493,42163,40478,43866,40429,41864,45522,43279,43119,45184,42769,45383,44287,43181,43388,44084,43384,42242,43103,42802,42535,43166,44500,44350,43344,42951,44582,41186,42366,50205,51999,52135,49992,48359,51920,50716,51051,51791,50983,50773,48899,48500,48447,39434,39322,41356,41350,38978,40435,38574,40461,40522,39754,42718,39636,39558,38858,40804,39646,40264,41394,40898,42733,42687,43813,42003,44554,46217,46366,43627,45375,46969,43407,42854,47676,42848,41950,44521,46707,44260,44706,43932,43642,43764,43140,43910,43695,44048,43482,41879
STAT,refine,Conflicts,169,5750,123,119,122,117,112,105,91,102,92,83,91,82,76,79,94,60,57,64,67,77,56,75,53,65,47,55,47,58,72,71,51,35,18,48,44,38,50,33,44,54,32,40,29,38,33,25,48,37,34,34,41,36,37,33,36,51,38,41,37,45,54,16,18,22,28,19,26,22,27,19,11,19,14,12,36,16,20,20,12,15,21,13,28,16,25,7,20,19,21,18,17,22,16,8,22,18,15,28,21,21,27,19,20,15,16,17,15,21,35,26,20,20,28,18,25,20,20,18,23,29,26,27,13,13,25,21,31,25,20,20,15,19,18,14,26,22,22,23,12,20,25,19,11,21,9,27,18,18,16,12,18,24,14,16,10,37,12,26,23,20,15,17,10,18,22,27,9,17,21
STAT,refine,Iterations,169,42315,357,424,501,445,448,394,340,419,318,392,420,334,301,320,372,249,236,352,280,305,168,305,206,264,248,248,177,308,266,276,209,237,216,239,214,223,250,319,311,309,238,178,208,275,174,178,327,189,231,277,233,269,251,217,204,385,239,265,343,375,378,201,196,315,244,195,230,221,290,188,193,181,218,173,302,191,189,235,206,223,209,148,206,174,186,232,202,272,275,172,160,191,183,220,234,222,234,276,241,222,235,284,234,203,277,188,148,243,328,263,315,224,349,333,236,289,305,198,373,347,327,384,208,185,263,215,261,247,263,248,167,277,226,240,197,186,225,160,207,187,225,206,135,222,196,215,241,267,147,219,229,203,157,256,160,304,152,265,180,279,184,221,261,157,207,246,173,188,291
