Hello from MIC
Galois Benchmark Suite v2.2.0 (r0)
Copyright (C) 2013 The University of Texas at Austin
http://iss.ices.utexas.edu/galois/

application: GMetis
Partitions a graph into K parts and minimizing the graph cut
http://iss.ices.utexas.edu/?p=projects/galois/benchmarks/gMetis

INFO: CommandLine /work/02556/dpereira/MIC/apps/gmetis/gmetis -t=56 /work/02556/dpereira/Inputs/USA-road-d.W.gr 16
INFO: Hostname c557-903-mic0.stampede.tacc.utexas.edu
Created Graph with 6262104 nodes and 15248146 edges
Nodes 6262104| Edges 15248146 7624073

  Starting coarsening: 
Time coarsen:  2591 Size of final graph: 428

  Sarting initial partitioning using GGGP:
Size in decade percentages:  -0,16
Time clustering:  359

  Sarting refinnement with BKL2
Initial dist
Size in decade percentages:  -0,16
Refined dist
Size in decade percentages:  -1,5 0,6 1,5
Time refinement:  763


Time:  3889
Total edge cut : 1585

Part saved in : 0x7ffff5c4fd60
STATTYPE,LOOP,CATEGORY,n,sum,T0,T1,T2,T3,T4,T5,T6,T7,T8,T9,T10,T11,T12,T13,T14,T15,T16,T17,T18,T19,T20,T21,T22,T23,T24,T25,T26,T27,T28,T29,T30,T31,T32,T33,T34,T35,T36,T37,T38,T39,T40,T41,T42,T43,T44,T45,T46,T47,T48,T49,T50,T51,T52,T53,T54,T55
STAT,(NULL),Coarsen,56,2591,2591,0,0,0,0,0,0,0,0,0,0,0,0,0,0,0,0,0,0,0,0,0,0,0,0,0,0,0,0,0,0,0,0,0,0,0,0,0,0,0,0,0,0,0,0,0,0,0,0,0,0,0,0,0,0,0
STAT,(NULL),Conflicts,56,0,0,0,0,0,0,0,0,0,0,0,0,0,0,0,0,0,0,0,0,0,0,0,0,0,0,0,0,0,0,0,0,0,0,0,0,0,0,0,0,0,0,0,0,0,0,0,0,0,0,0,0,0,0,0,0,0
STAT,(NULL),Iterations,56,31,5,0,0,0,0,0,1,3,0,0,0,0,0,0,4,0,0,0,0,0,0,0,0,0,0,0,0,0,0,0,1,0,2,0,0,0,0,1,3,0,0,3,2,3,1,0,0,0,0,0,0,0,0,0,0,2
STAT,(NULL),MeminfoPost,56,756363,13518,13519,13506,13606,13485,13532,13526,13485,13507,13488,13543,13496,13578,13531,13500,13541,13490,13520,13481,13522,13536,13518,13488,13475,13521,13487,13468,13532,13497,13497,13467,13538,13488,13492,13454,13488,13533,13538,13490,13479,13524,13483,13468,13470,13589,13503,13488,13582,13509,13495,13466,13490,13450,13477,13505,13504
STAT,(NULL),MeminfoPre,56,189083,3388,3389,3376,3476,3355,3402,3396,3355,3377,3358,3413,3366,3448,3401,3370,3411,3360,3390,3351,3392,3406,3388,3358,3345,3391,3357,3338,3402,3367,3367,3337,3408,3358,3362,3324,3358,3403,3408,3360,3349,3394,3353,3338,3340,3459,3373,3358,3452,3379,3365,3336,3360,3320,3347,3375,3374
STAT,(NULL),Partition,56,359,359,0,0,0,0,0,0,0,0,0,0,0,0,0,0,0,0,0,0,0,0,0,0,0,0,0,0,0,0,0,0,0,0,0,0,0,0,0,0,0,0,0,0,0,0,0,0,0,0,0,0,0,0,0,0,0
STAT,(NULL),Refine,56,763,763,0,0,0,0,0,0,0,0,0,0,0,0,0,0,0,0,0,0,0,0,0,0,0,0,0,0,0,0,0,0,0,0,0,0,0,0,0,0,0,0,0,0,0,0,0,0,0,0,0,0,0,0,0,0,0
STAT,(NULL),Threads,56,56,56,0,0,0,0,0,0,0,0,0,0,0,0,0,0,0,0,0,0,0,0,0,0,0,0,0,0,0,0,0,0,0,0,0,0,0,0,0,0,0,0,0,0,0,0,0,0,0,0,0,0,0,0,0,0,0
STAT,(NULL),Time,56,3889,3889,0,0,0,0,0,0,0,0,0,0,0,0,0,0,0,0,0,0,0,0,0,0,0,0,0,0,0,0,0,0,0,0,0,0,0,0,0,0,0,0,0,0,0,0,0,0,0,0,0,0,0,0,0,0,0
STAT,match,Conflicts,56,5042,151,127,119,124,95,108,106,100,99,77,96,107,100,119,104,78,93,88,63,71,92,76,89,79,94,87,74,83,87,76,68,76,63,82,59,106,75,68,78,78,60,70,50,75,83,91,66,87,101,76,70,184,101,82,71,160
STAT,match,Iterations,56,14971018,238192,254042,265303,235918,275741,249451,260894,270376,274752,279475,243749,279446,251615,265025,262209,271973,280755,274320,277337,281307,268900,256129,252781,274578,245928,262483,278564,259648,287386,256085,280134,266229,283471,291149,289278,265251,257380,274686,268457,283732,272556,265836,273772,255931,231270,259045,275317,254493,269187,272558,294103,274949,278361,276865,271821,250825
STAT,popedge,Conflicts,56,0,0,0,0,0,0,0,0,0,0,0,0,0,0,0,0,0,0,0,0,0,0,0,0,0,0,0,0,0,0,0,0,0,0,0,0,0,0,0,0,0,0,0,0,0,0,0,0,0,0,0,0,0,0,0,0,0
STAT,popedge,Iterations,56,7335525,129045,128629,131516,123136,129631,126425,126751,132026,132504,133703,128112,131306,127505,128839,127995,124372,128596,130320,128215,117925,117166,118248,126548,126600,126020,130643,128171,127666,135703,138778,135720,130887,131977,134685,132224,134770,133115,130028,133001,131186,125953,129024,130729,125059,124997,125799,127632,140607,145328,140566,143172,140640,145984,141341,140751,138256
STAT,refine,Conflicts,56,3393,142,125,132,99,106,120,83,78,97,90,82,89,64,80,65,59,71,78,54,66,62,48,58,77,69,58,68,57,32,35,43,42,37,51,63,40,30,38,35,52,46,35,27,34,35,52,60,31,40,37,30,46,42,39,33,31
STAT,refine,Iterations,56,33506,612,568,719,671,854,845,439,637,855,658,485,612,561,737,489,595,490,717,627,480,673,425,564,627,884,929,688,523,352,491,434,1035,789,762,631,555,336,491,410,534,950,595,564,545,389,626,520,541,822,521,601,532,233,292,404,587
