Hello from MIC
Galois Benchmark Suite v2.2.0 (r0)
Copyright (C) 2013 The University of Texas at Austin
http://iss.ices.utexas.edu/galois/

application: GMetis
Partitions a graph into K parts and minimizing the graph cut
http://iss.ices.utexas.edu/?p=projects/galois/benchmarks/gMetis

INFO: CommandLine /work/02556/dpereira/MIC/apps/gmetis/gmetis -t=216 /work/02556/dpereira/Inputs/USA-road-d.W.gr 16
INFO: Hostname c558-003-mic0.stampede.tacc.utexas.edu
Created Graph with 6262104 nodes and 15248146 edges
Nodes 6262104| Edges 15248146 7624073

  Starting coarsening: 
Time coarsen:  4620 Size of final graph: 443

  Sarting initial partitioning using GGGP:
Size in decade percentages:  -0,15 1,1
Time clustering:  378

  Sarting refinnement with BKL2
Initial dist
Size in decade percentages:  -0,15 1,1
Refined dist
Size in decade percentages:  -1,6 -0,5 1,5
Time refinement:  2949


Time:  8126
Total edge cut : 1973

Part saved in : 0x7fff1390fd60
STATTYPE,LOOP,CATEGORY,n,sum,T0,T1,T2,T3,T4,T5,T6,T7,T8,T9,T10,T11,T12,T13,T14,T15,T16,T17,T18,T19,T20,T21,T22,T23,T24,T25,T26,T27,T28,T29,T30,T31,T32,T33,T34,T35,T36,T37,T38,T39,T40,T41,T42,T43,T44,T45,T46,T47,T48,T49,T50,T51,T52,T53,T54,T55,T56,T57,T58,T59,T60,T61,T62,T63,T64,T65,T66,T67,T68,T69,T70,T71,T72,T73,T74,T75,T76,T77,T78,T79,T80,T81,T82,T83,T84,T85,T86,T87,T88,T89,T90,T91,T92,T93,T94,T95,T96,T97,T98,T99,T100,T101,T102,T103,T104,T105,T106,T107,T108,T109,T110,T111,T112,T113,T114,T115,T116,T117,T118,T119,T120,T121,T122,T123,T124,T125,T126,T127,T128,T129,T130,T131,T132,T133,T134,T135,T136,T137,T138,T139,T140,T141,T142,T143,T144,T145,T146,T147,T148,T149,T150,T151,T152,T153,T154,T155,T156,T157,T158,T159,T160,T161,T162,T163,T164,T165,T166,T167,T168,T169,T170,T171,T172,T173,T174,T175,T176,T177,T178,T179,T180,T181,T182,T183,T184,T185,T186,T187,T188,T189,T190,T191,T192,T193,T194,T195,T196,T197,T198,T199,T200,T201,T202,T203,T204,T205,T206,T207,T208,T209,T210,T211,T212,T213,T214,T215
STAT,(NULL),Coarsen,216,4620,4620,0,0,0,0,0,0,0,0,0,0,0,0,0,0,0,0,0,0,0,0,0,0,0,0,0,0,0,0,0,0,0,0,0,0,0,0,0,0,0,0,0,0,0,0,0,0,0,0,0,0,0,0,0,0,0,0,0,0,0,0,0,0,0,0,0,0,0,0,0,0,0,0,0,0,0,0,0,0,0,0,0,0,0,0,0,0,0,0,0,0,0,0,0,0,0,0,0,0,0,0,0,0,0,0,0,0,0,0,0,0,0,0,0,0,0,0,0,0,0,0,0,0,0,0,0,0,0,0,0,0,0,0,0,0,0,0,0,0,0,0,0,0,0,0,0,0,0,0,0,0,0,0,0,0,0,0,0,0,0,0,0,0,0,0,0,0,0,0,0,0,0,0,0,0,0,0,0,0,0,0,0,0,0,0,0,0,0,0,0,0,0,0,0,0,0,0,0,0,0,0,0,0,0,0,0,0,0,0,0,0,0,0,0,0,0
STAT,(NULL),Conflicts,216,0,0,0,0,0,0,0,0,0,0,0,0,0,0,0,0,0,0,0,0,0,0,0,0,0,0,0,0,0,0,0,0,0,0,0,0,0,0,0,0,0,0,0,0,0,0,0,0,0,0,0,0,0,0,0,0,0,0,0,0,0,0,0,0,0,0,0,0,0,0,0,0,0,0,0,0,0,0,0,0,0,0,0,0,0,0,0,0,0,0,0,0,0,0,0,0,0,0,0,0,0,0,0,0,0,0,0,0,0,0,0,0,0,0,0,0,0,0,0,0,0,0,0,0,0,0,0,0,0,0,0,0,0,0,0,0,0,0,0,0,0,0,0,0,0,0,0,0,0,0,0,0,0,0,0,0,0,0,0,0,0,0,0,0,0,0,0,0,0,0,0,0,0,0,0,0,0,0,0,0,0,0,0,0,0,0,0,0,0,0,0,0,0,0,0,0,0,0,0,0,0,0,0,0,0,0,0,0,0,0,0,0,0,0,0,0,0
STAT,(NULL),Iterations,216,31,5,0,0,1,0,0,0,3,0,0,0,0,0,0,0,0,0,0,0,0,0,0,0,0,0,0,0,0,0,0,0,0,0,0,1,0,0,0,0,0,0,0,0,0,0,0,0,0,0,0,0,0,0,0,0,0,0,0,0,0,0,0,0,0,0,0,0,0,0,0,0,0,0,0,0,0,0,0,0,0,0,0,0,0,0,0,0,3,0,0,0,1,0,0,0,0,0,0,0,0,0,0,0,0,0,0,1,0,0,0,0,0,0,0,0,0,0,0,0,0,0,0,4,1,0,0,0,1,0,0,0,0,0,0,0,0,0,0,0,0,0,0,0,2,0,0,0,0,0,0,0,0,0,0,0,0,0,0,2,1,0,2,0,0,0,0,0,0,0,0,0,0,0,0,0,0,0,0,0,0,0,0,0,0,0,0,0,0,0,0,2,0,0,0,0,0,0,0,0,0,0,0,0,0,0,0,0,0,0,0,0,0,1,0,0,0
STAT,(NULL),MeminfoPost,216,756838,3510,3498,3506,3518,3509,3516,3498,3513,3492,3494,3509,3520,3508,3555,3528,3516,3490,3501,3503,3495,3505,3515,3512,3524,3498,3511,3509,3489,3501,3497,3513,3505,3515,3495,3490,3498,3505,3502,3507,3511,3512,3515,3506,3503,3494,3494,3516,3511,3515,3540,3545,3513,3493,3501,3499,3494,3510,3507,3513,3527,3492,3522,3509,3487,3500,3494,3509,3512,3519,3493,3492,3497,3502,3511,3506,3502,3504,3532,3514,3501,3503,3518,3504,3499,3506,3506,3494,3498,3496,3509,3497,3485,3495,3504,3510,3516,3501,3493,3505,3496,3498,3487,3495,3488,3508,3490,3523,3527,3515,3499,3492,3496,3496,3528,3492,3488,3485,3489,3505,3506,3512,3508,3515,3517,3496,3506,3488,3508,3495,3499,3496,3501,3485,3490,3489,3499,3489,3513,3492,3489,3511,3520,3530,3521,3523,3498,3496,3495,3520,3491,3486,3488,3503,3505,3513,3511,3513,3498,3494,3506,3494,3497,3499,3492,3486,3496,3488,3509,3490,3498,3522,3529,3526,3523,3507,3501,3494,3493,3491,3503,3509,3527,3527,3515,3517,3527,3509,3489,3501,3517,3488,3502,3495,3504,3493,3478,3500,3490,3491,3524,3489,3484,3482,3502,3489,3490,3512,3493,3501,3495,3508,3505,3504,3507,3498,3500
STAT,(NULL),MeminfoPre,216,189190,882,870,878,890,881,888,870,885,864,866,881,892,880,927,900,888,862,873,875,867,877,887,884,896,870,883,881,861,873,869,885,877,887,867,862,870,877,874,879,883,884,887,878,875,866,866,888,883,887,912,917,885,865,873,871,866,882,879,885,899,864,894,881,859,872,866,881,884,891,865,864,869,874,883,878,874,876,904,886,873,875,890,876,871,878,878,866,870,868,881,869,857,867,876,882,888,873,865,877,868,870,859,867,860,880,862,895,899,887,871,864,868,868,900,864,860,857,861,877,878,884,880,887,889,868,878,860,880,867,871,868,873,857,862,861,871,861,885,864,861,883,892,902,893,895,870,868,867,892,863,858,860,875,877,885,883,885,870,866,878,866,869,871,864,858,868,860,881,862,870,894,901,898,895,879,873,866,865,863,875,881,899,899,887,889,899,881,861,873,889,860,874,867,876,865,850,872,862,863,896,861,856,854,874,861,862,884,865,873,867,880,877,876,879,870,872
STAT,(NULL),Partition,216,378,378,0,0,0,0,0,0,0,0,0,0,0,0,0,0,0,0,0,0,0,0,0,0,0,0,0,0,0,0,0,0,0,0,0,0,0,0,0,0,0,0,0,0,0,0,0,0,0,0,0,0,0,0,0,0,0,0,0,0,0,0,0,0,0,0,0,0,0,0,0,0,0,0,0,0,0,0,0,0,0,0,0,0,0,0,0,0,0,0,0,0,0,0,0,0,0,0,0,0,0,0,0,0,0,0,0,0,0,0,0,0,0,0,0,0,0,0,0,0,0,0,0,0,0,0,0,0,0,0,0,0,0,0,0,0,0,0,0,0,0,0,0,0,0,0,0,0,0,0,0,0,0,0,0,0,0,0,0,0,0,0,0,0,0,0,0,0,0,0,0,0,0,0,0,0,0,0,0,0,0,0,0,0,0,0,0,0,0,0,0,0,0,0,0,0,0,0,0,0,0,0,0,0,0,0,0,0,0,0,0,0,0,0,0,0,0
STAT,(NULL),Refine,216,2949,2949,0,0,0,0,0,0,0,0,0,0,0,0,0,0,0,0,0,0,0,0,0,0,0,0,0,0,0,0,0,0,0,0,0,0,0,0,0,0,0,0,0,0,0,0,0,0,0,0,0,0,0,0,0,0,0,0,0,0,0,0,0,0,0,0,0,0,0,0,0,0,0,0,0,0,0,0,0,0,0,0,0,0,0,0,0,0,0,0,0,0,0,0,0,0,0,0,0,0,0,0,0,0,0,0,0,0,0,0,0,0,0,0,0,0,0,0,0,0,0,0,0,0,0,0,0,0,0,0,0,0,0,0,0,0,0,0,0,0,0,0,0,0,0,0,0,0,0,0,0,0,0,0,0,0,0,0,0,0,0,0,0,0,0,0,0,0,0,0,0,0,0,0,0,0,0,0,0,0,0,0,0,0,0,0,0,0,0,0,0,0,0,0,0,0,0,0,0,0,0,0,0,0,0,0,0,0,0,0,0,0,0,0,0,0,0
STAT,(NULL),Threads,216,216,216,0,0,0,0,0,0,0,0,0,0,0,0,0,0,0,0,0,0,0,0,0,0,0,0,0,0,0,0,0,0,0,0,0,0,0,0,0,0,0,0,0,0,0,0,0,0,0,0,0,0,0,0,0,0,0,0,0,0,0,0,0,0,0,0,0,0,0,0,0,0,0,0,0,0,0,0,0,0,0,0,0,0,0,0,0,0,0,0,0,0,0,0,0,0,0,0,0,0,0,0,0,0,0,0,0,0,0,0,0,0,0,0,0,0,0,0,0,0,0,0,0,0,0,0,0,0,0,0,0,0,0,0,0,0,0,0,0,0,0,0,0,0,0,0,0,0,0,0,0,0,0,0,0,0,0,0,0,0,0,0,0,0,0,0,0,0,0,0,0,0,0,0,0,0,0,0,0,0,0,0,0,0,0,0,0,0,0,0,0,0,0,0,0,0,0,0,0,0,0,0,0,0,0,0,0,0,0,0,0,0,0,0,0,0,0
STAT,(NULL),Time,216,8126,8126,0,0,0,0,0,0,0,0,0,0,0,0,0,0,0,0,0,0,0,0,0,0,0,0,0,0,0,0,0,0,0,0,0,0,0,0,0,0,0,0,0,0,0,0,0,0,0,0,0,0,0,0,0,0,0,0,0,0,0,0,0,0,0,0,0,0,0,0,0,0,0,0,0,0,0,0,0,0,0,0,0,0,0,0,0,0,0,0,0,0,0,0,0,0,0,0,0,0,0,0,0,0,0,0,0,0,0,0,0,0,0,0,0,0,0,0,0,0,0,0,0,0,0,0,0,0,0,0,0,0,0,0,0,0,0,0,0,0,0,0,0,0,0,0,0,0,0,0,0,0,0,0,0,0,0,0,0,0,0,0,0,0,0,0,0,0,0,0,0,0,0,0,0,0,0,0,0,0,0,0,0,0,0,0,0,0,0,0,0,0,0,0,0,0,0,0,0,0,0,0,0,0,0,0,0,0,0,0,0,0,0,0,0,0,0
STAT,match,Conflicts,216,6843,49,50,49,40,50,48,41,40,47,45,44,45,50,44,38,51,40,57,38,48,44,48,41,47,48,47,53,38,42,46,37,42,40,40,33,40,34,45,38,38,24,34,39,49,31,52,40,41,41,30,38,35,36,36,28,30,29,28,34,33,37,25,25,27,28,30,29,20,30,31,29,28,26,27,30,28,32,25,28,32,29,27,24,25,29,28,25,32,26,29,31,33,30,27,28,26,30,32,25,31,28,28,30,29,28,31,29,38,28,30,32,28,31,24,28,24,37,29,25,26,26,35,32,32,27,22,27,32,27,27,24,24,29,26,26,26,25,27,27,30,27,26,29,30,23,22,30,25,32,32,26,31,28,36,23,24,27,28,25,25,31,22,27,27,29,31,40,31,36,23,30,32,28,20,27,24,27,31,25,31,28,31,26,21,25,27,27,27,28,29,27,35,26,29,27,27,25,28,24,28,28,24,29,25,36,25,25,34,31,30,28,27,21,25,32,26
STAT,match,Iterations,216,15071047,39376,51276,43725,56781,56982,60321,50691,56221,43408,51308,61173,40048,51450,48302,45347,48455,56204,46078,59357,62042,48994,48421,70735,55427,40143,38512,52372,58783,53522,52143,50763,61411,42762,59573,81326,65772,57456,65071,71936,66959,69824,51088,81633,68507,118483,59436,62553,51419,69854,59277,72080,51017,54769,63691,47786,82187,93958,69733,68392,66924,68133,71938,75402,87345,57758,77345,75191,72289,81294,76097,79795,61280,74462,86147,81253,67094,60104,65350,62456,60534,83921,62736,64572,70106,74868,78910,61052,58998,80010,79952,84138,61319,80202,55648,82914,71095,74424,76432,73340,76180,72195,57762,81387,77905,91730,85441,80283,80057,59742,84932,77571,68992,78920,86012,84770,69474,71154,59726,70827,66067,74187,70122,64716,87804,74756,71897,65527,79035,57407,59855,68140,90870,64338,90911,75302,55775,74833,65222,83114,49743,71811,63359,55868,72455,69383,82866,73501,102200,83102,87714,58660,78774,67184,54148,89676,72983,68383,80621,88018,96835,86063,71942,83532,78386,78856,93490,77514,66929,74998,84592,60247,73341,77302,72002,93242,74096,65775,75072,83597,38631,81373,65097,81295,73446,92217,59462,84443,85592,59170,69796,75497,48886,82732,72266,65722,72057,69384,82545,73114,63157,103910,85264,80087,87436,76217,65584,70723,72238,65633,76655,57067,78439,81208,86358,83477,62530
STAT,popedge,Conflicts,216,0,0,0,0,0,0,0,0,0,0,0,0,0,0,0,0,0,0,0,0,0,0,0,0,0,0,0,0,0,0,0,0,0,0,0,0,0,0,0,0,0,0,0,0,0,0,0,0,0,0,0,0,0,0,0,0,0,0,0,0,0,0,0,0,0,0,0,0,0,0,0,0,0,0,0,0,0,0,0,0,0,0,0,0,0,0,0,0,0,0,0,0,0,0,0,0,0,0,0,0,0,0,0,0,0,0,0,0,0,0,0,0,0,0,0,0,0,0,0,0,0,0,0,0,0,0,0,0,0,0,0,0,0,0,0,0,0,0,0,0,0,0,0,0,0,0,0,0,0,0,0,0,0,0,0,0,0,0,0,0,0,0,0,0,0,0,0,0,0,0,0,0,0,0,0,0,0,0,0,0,0,0,0,0,0,0,0,0,0,0,0,0,0,0,0,0,0,0,0,0,0,0,0,0,0,0,0,0,0,0,0,0,0,0,0,0,0
STAT,popedge,Iterations,216,7382307,31642,31415,31382,31640,33418,30838,31199,32101,31422,32189,31385,33028,34045,30422,32319,31237,32705,32125,32210,31914,33410,31285,30980,31355,33501,34215,32902,32954,32717,32984,31082,32195,32410,37541,35443,36471,36857,36223,36477,33361,34535,37170,36394,37325,36468,36672,36339,36135,35507,36466,35134,36353,36126,37645,36249,35342,35336,36452,35577,35680,35076,31701,32164,33111,31600,32747,32021,32720,31081,31426,30814,31744,31590,32594,30875,31849,31967,32017,31379,32568,33468,30311,32263,31246,32264,31447,31869,32948,30952,33014,33397,32754,32457,32883,37087,35051,36922,38171,36421,35329,33821,34889,36146,37391,38347,39769,36438,39203,36612,34354,37712,37887,35276,38073,38380,37957,38386,39547,37364,37991,35992,36534,31960,34508,32551,32348,31113,32698,33756,33805,31870,30487,32459,32695,32095,32903,32089,30779,32436,33157,33630,32204,32714,34311,33155,35355,31470,34115,33013,33652,34577,34122,31556,31205,35679,37123,36831,36520,36368,36126,36514,36550,37757,36673,35405,37526,38484,37369,39951,36813,37160,36010,35674,35620,36621,37512,37951,37847,37082,37248,37285,38524,38147,34135,32698,32738,32324,32582,31523,32398,34422,31352,32673,33925,32641,33021,30838,31123,33647,32020,33198,33657,32684,34781,33751,32025,33729,34215,33150,32690,33772,35391,35629,34808,32748,33590
STAT,refine,Conflicts,216,6244,116,110,110,109,94,101,95,87,84,81,77,73,90,71,83,61,66,57,69,63,53,65,57,53,62,64,71,67,65,69,55,45,36,47,37,38,44,52,50,40,31,24,43,45,39,40,37,33,25,43,40,47,33,42,32,39,32,34,32,38,41,9,17,21,4,14,13,11,16,22,17,20,17,18,20,20,17,19,11,22,13,12,18,22,12,14,11,30,19,20,26,13,17,14,25,10,19,29,22,31,17,15,15,18,16,23,26,20,7,12,20,25,26,20,26,13,29,17,16,13,17,16,16,14,17,24,15,19,13,14,15,13,15,18,12,5,12,14,23,15,21,19,11,18,17,14,13,19,21,14,17,18,21,21,19,24,21,22,20,27,32,20,22,16,18,26,20,16,14,21,9,24,15,20,26,12,11,24,19,18,22,26,19,21,15,11,16,10,20,13,17,14,16,9,14,10,15,19,11,21,9,22,9,17,11,8,15,27,19,25,17,17,22,15,14,15
STAT,refine,Iterations,216,43140,331,445,325,423,384,352,366,300,311,259,251,289,317,242,266,216,252,205,314,240,181,291,271,154,173,254,327,257,327,284,273,193,150,196,213,212,227,258,218,187,204,159,381,256,305,209,200,203,93,157,177,191,170,202,176,138,133,192,182,192,147,170,170,209,176,195,232,161,194,204,113,184,194,154,216,188,151,164,174,240,176,178,158,136,136,143,155,190,174,197,236,174,136,105,222,133,189,215,252,223,201,134,211,201,203,270,217,281,112,131,159,172,164,198,205,134,222,119,242,136,119,172,161,170,161,192,242,280,198,163,144,154,196,174,160,72,168,144,311,178,211,191,133,170,137,106,158,156,251,200,164,214,206,148,166,170,223,265,232,300,233,149,234,219,190,260,224,194,303,183,93,158,149,129,197,155,176,234,192,217,166,168,184,215,192,188,181,227,165,213,144,118,180,131,189,153,127,186,111,161,118,259,176,160,161,121,102,152,112,282,185,151,286,383,157,157
