Hello from MIC
Galois Benchmark Suite v2.2.0 (r0)
Copyright (C) 2013 The University of Texas at Austin
http://iss.ices.utexas.edu/galois/

application: GMetis
Partitions a graph into K parts and minimizing the graph cut
http://iss.ices.utexas.edu/?p=projects/galois/benchmarks/gMetis

INFO: CommandLine /work/02556/dpereira/MIC/apps/gmetis/gmetis -t=181 /work/02556/dpereira/Inputs/USA-road-d.W.gr 128
INFO: Hostname c558-002-mic0.stampede.tacc.utexas.edu
Created Graph with 6262104 nodes and 15248146 edges
Nodes 6262104| Edges 15248146 7624073

  Starting coarsening: 
Time coarsen:  3032 Size of final graph: 3126

  Sarting initial partitioning using GGGP:
Size in decade percentages:  -1,3 -0,122 1,3
Time clustering:  434

  Sarting refinnement with BKL2
Initial dist
Size in decade percentages:  -1,3 -0,122 1,3
Refined dist
Size in decade percentages:  -1,48 -0,31 1,49
Time refinement:  2019


Time:  5664
Total edge cut : 8262

Part saved in : 0x7fff396c1560
STATTYPE,LOOP,CATEGORY,n,sum,T0,T1,T2,T3,T4,T5,T6,T7,T8,T9,T10,T11,T12,T13,T14,T15,T16,T17,T18,T19,T20,T21,T22,T23,T24,T25,T26,T27,T28,T29,T30,T31,T32,T33,T34,T35,T36,T37,T38,T39,T40,T41,T42,T43,T44,T45,T46,T47,T48,T49,T50,T51,T52,T53,T54,T55,T56,T57,T58,T59,T60,T61,T62,T63,T64,T65,T66,T67,T68,T69,T70,T71,T72,T73,T74,T75,T76,T77,T78,T79,T80,T81,T82,T83,T84,T85,T86,T87,T88,T89,T90,T91,T92,T93,T94,T95,T96,T97,T98,T99,T100,T101,T102,T103,T104,T105,T106,T107,T108,T109,T110,T111,T112,T113,T114,T115,T116,T117,T118,T119,T120,T121,T122,T123,T124,T125,T126,T127,T128,T129,T130,T131,T132,T133,T134,T135,T136,T137,T138,T139,T140,T141,T142,T143,T144,T145,T146,T147,T148,T149,T150,T151,T152,T153,T154,T155,T156,T157,T158,T159,T160,T161,T162,T163,T164,T165,T166,T167,T168,T169,T170,T171,T172,T173,T174,T175,T176,T177,T178,T179,T180
STAT,(NULL),Coarsen,181,3032,3032,0,0,0,0,0,0,0,0,0,0,0,0,0,0,0,0,0,0,0,0,0,0,0,0,0,0,0,0,0,0,0,0,0,0,0,0,0,0,0,0,0,0,0,0,0,0,0,0,0,0,0,0,0,0,0,0,0,0,0,0,0,0,0,0,0,0,0,0,0,0,0,0,0,0,0,0,0,0,0,0,0,0,0,0,0,0,0,0,0,0,0,0,0,0,0,0,0,0,0,0,0,0,0,0,0,0,0,0,0,0,0,0,0,0,0,0,0,0,0,0,0,0,0,0,0,0,0,0,0,0,0,0,0,0,0,0,0,0,0,0,0,0,0,0,0,0,0,0,0,0,0,0,0,0,0,0,0,0,0,0,0,0,0,0,0,0,0,0,0,0,0,0,0,0,0,0,0,0,0,0
STAT,(NULL),Conflicts,181,0,0,0,0,0,0,0,0,0,0,0,0,0,0,0,0,0,0,0,0,0,0,0,0,0,0,0,0,0,0,0,0,0,0,0,0,0,0,0,0,0,0,0,0,0,0,0,0,0,0,0,0,0,0,0,0,0,0,0,0,0,0,0,0,0,0,0,0,0,0,0,0,0,0,0,0,0,0,0,0,0,0,0,0,0,0,0,0,0,0,0,0,0,0,0,0,0,0,0,0,0,0,0,0,0,0,0,0,0,0,0,0,0,0,0,0,0,0,0,0,0,0,0,0,0,0,0,0,0,0,0,0,0,0,0,0,0,0,0,0,0,0,0,0,0,0,0,0,0,0,0,0,0,0,0,0,0,0,0,0,0,0,0,0,0,0,0,0,0,0,0,0,0,0,0,0,0,0,0,0,0,0
STAT,(NULL),Iterations,181,255,8,1,1,1,0,0,3,3,0,0,0,0,0,1,1,5,2,0,0,3,0,0,2,0,0,1,0,0,0,0,0,0,0,0,0,0,1,2,0,0,0,3,2,0,0,1,0,3,2,0,0,3,0,0,3,0,5,0,2,3,3,6,0,1,1,3,2,0,2,4,4,0,0,5,5,0,0,0,0,0,2,0,1,0,0,0,1,1,0,2,0,2,1,0,1,2,2,0,7,4,0,0,0,0,2,4,1,0,5,2,0,0,4,3,3,1,0,3,1,2,4,3,7,1,0,0,2,0,1,0,1,4,0,1,5,0,0,6,2,2,1,1,1,4,0,2,2,0,1,3,5,0,0,3,0,0,2,0,1,4,2,3,0,0,2,1,4,3,0,2,0,0,0,6,3,0,0,0,4,1,0
STAT,(NULL),MeminfoPost,181,757059,4186,4173,4201,4189,4199,4174,4185,4170,4190,4190,4191,4246,4204,4169,4178,4180,4178,4192,4191,4205,4181,4188,4181,4168,4174,4197,4197,4170,4173,4174,4184,4177,4192,4195,4191,4188,4187,4170,4187,4178,4201,4228,4218,4183,4178,4174,4173,4191,4189,4196,4186,4197,4187,4166,4176,4180,4194,4192,4171,4172,4178,4191,4185,4177,4194,4217,4175,4182,4189,4188,4179,4188,4172,4177,4172,4191,4161,4172,4184,4194,4185,4175,4181,4174,4168,4164,4171,4185,4172,4210,4207,4180,4168,4173,4188,4186,4170,4158,4165,4185,4187,4193,4192,4196,4174,4178,4169,4185,4175,4176,4169,4163,4162,4178,4168,4190,4167,4178,4205,4215,4206,4190,4170,4172,4195,4168,4159,4175,4183,4192,4196,4180,4177,4178,4175,4175,4173,4164,4174,4165,4183,4163,4194,4214,4209,4206,4181,4172,4173,4166,4182,4192,4216,4199,4197,4209,4185,4167,4190,4170,4184,4174,4169,4159,4177,4168,4193,4172,4163,4155,4177,4168,4189,4164,4174,4179,4186,4183,4188,4172,4184
STAT,(NULL),MeminfoPre,181,189262,1049,1036,1064,1052,1062,1037,1048,1033,1053,1053,1054,1109,1067,1032,1041,1043,1041,1055,1054,1068,1044,1051,1044,1031,1037,1060,1060,1033,1036,1037,1047,1040,1055,1058,1054,1051,1050,1033,1050,1041,1064,1091,1081,1046,1041,1037,1036,1054,1052,1059,1049,1060,1050,1029,1039,1043,1057,1055,1034,1035,1041,1054,1048,1040,1057,1080,1038,1045,1052,1051,1042,1051,1035,1040,1035,1054,1024,1035,1047,1057,1048,1038,1044,1037,1031,1027,1034,1048,1035,1073,1070,1043,1031,1036,1051,1049,1033,1021,1028,1048,1050,1056,1055,1059,1037,1041,1032,1048,1038,1039,1032,1026,1025,1041,1031,1053,1030,1041,1068,1078,1069,1053,1033,1035,1058,1031,1022,1038,1046,1055,1059,1043,1040,1041,1038,1038,1036,1027,1037,1028,1046,1026,1057,1077,1072,1069,1044,1035,1036,1029,1045,1055,1079,1062,1060,1072,1048,1030,1053,1033,1047,1037,1032,1022,1040,1031,1056,1035,1026,1018,1040,1031,1052,1027,1037,1042,1049,1046,1051,1035,1047
STAT,(NULL),Partition,181,434,434,0,0,0,0,0,0,0,0,0,0,0,0,0,0,0,0,0,0,0,0,0,0,0,0,0,0,0,0,0,0,0,0,0,0,0,0,0,0,0,0,0,0,0,0,0,0,0,0,0,0,0,0,0,0,0,0,0,0,0,0,0,0,0,0,0,0,0,0,0,0,0,0,0,0,0,0,0,0,0,0,0,0,0,0,0,0,0,0,0,0,0,0,0,0,0,0,0,0,0,0,0,0,0,0,0,0,0,0,0,0,0,0,0,0,0,0,0,0,0,0,0,0,0,0,0,0,0,0,0,0,0,0,0,0,0,0,0,0,0,0,0,0,0,0,0,0,0,0,0,0,0,0,0,0,0,0,0,0,0,0,0,0,0,0,0,0,0,0,0,0,0,0,0,0,0,0,0,0,0,0
STAT,(NULL),Refine,181,2019,2019,0,0,0,0,0,0,0,0,0,0,0,0,0,0,0,0,0,0,0,0,0,0,0,0,0,0,0,0,0,0,0,0,0,0,0,0,0,0,0,0,0,0,0,0,0,0,0,0,0,0,0,0,0,0,0,0,0,0,0,0,0,0,0,0,0,0,0,0,0,0,0,0,0,0,0,0,0,0,0,0,0,0,0,0,0,0,0,0,0,0,0,0,0,0,0,0,0,0,0,0,0,0,0,0,0,0,0,0,0,0,0,0,0,0,0,0,0,0,0,0,0,0,0,0,0,0,0,0,0,0,0,0,0,0,0,0,0,0,0,0,0,0,0,0,0,0,0,0,0,0,0,0,0,0,0,0,0,0,0,0,0,0,0,0,0,0,0,0,0,0,0,0,0,0,0,0,0,0,0,0
STAT,(NULL),Threads,181,181,181,0,0,0,0,0,0,0,0,0,0,0,0,0,0,0,0,0,0,0,0,0,0,0,0,0,0,0,0,0,0,0,0,0,0,0,0,0,0,0,0,0,0,0,0,0,0,0,0,0,0,0,0,0,0,0,0,0,0,0,0,0,0,0,0,0,0,0,0,0,0,0,0,0,0,0,0,0,0,0,0,0,0,0,0,0,0,0,0,0,0,0,0,0,0,0,0,0,0,0,0,0,0,0,0,0,0,0,0,0,0,0,0,0,0,0,0,0,0,0,0,0,0,0,0,0,0,0,0,0,0,0,0,0,0,0,0,0,0,0,0,0,0,0,0,0,0,0,0,0,0,0,0,0,0,0,0,0,0,0,0,0,0,0,0,0,0,0,0,0,0,0,0,0,0,0,0,0,0,0,0
STAT,(NULL),Time,181,5664,5664,0,0,0,0,0,0,0,0,0,0,0,0,0,0,0,0,0,0,0,0,0,0,0,0,0,0,0,0,0,0,0,0,0,0,0,0,0,0,0,0,0,0,0,0,0,0,0,0,0,0,0,0,0,0,0,0,0,0,0,0,0,0,0,0,0,0,0,0,0,0,0,0,0,0,0,0,0,0,0,0,0,0,0,0,0,0,0,0,0,0,0,0,0,0,0,0,0,0,0,0,0,0,0,0,0,0,0,0,0,0,0,0,0,0,0,0,0,0,0,0,0,0,0,0,0,0,0,0,0,0,0,0,0,0,0,0,0,0,0,0,0,0,0,0,0,0,0,0,0,0,0,0,0,0,0,0,0,0,0,0,0,0,0,0,0,0,0,0,0,0,0,0,0,0,0,0,0,0,0,0
STAT,match,Conflicts,181,6045,55,47,55,54,48,45,47,49,52,50,44,57,48,55,40,54,48,51,61,46,54,41,44,49,46,42,46,48,50,47,49,39,40,27,45,32,30,47,52,47,42,41,42,36,34,37,37,37,36,43,43,44,51,42,33,38,33,37,33,34,31,28,20,26,25,30,29,31,27,26,26,26,29,33,32,24,24,29,27,27,32,34,24,28,25,29,25,27,25,32,26,33,24,39,30,41,24,34,31,24,31,25,26,22,25,24,27,20,29,26,27,33,25,31,31,32,31,28,22,25,27,27,31,27,26,22,28,28,25,30,27,32,33,30,28,33,28,30,29,28,25,30,25,29,31,22,22,22,32,31,28,23,32,30,27,23,34,27,23,31,36,35,24,36,26,34,24,27,24,25,29,32,27,26,34,33,20,25,27,28,26
STAT,match,Iterations,181,15005019,48572,59559,69958,67779,58218,79126,65867,77865,57801,58099,64952,67942,77683,83887,64503,74977,82127,73033,90939,78982,68893,64361,77827,67898,56318,89334,76192,69296,70712,65866,72582,83160,58521,106002,66600,98199,79032,80756,61710,75256,57287,63494,74718,71723,89608,71093,70341,69145,70568,65881,76454,59587,52275,77065,64827,88597,75423,72472,74851,83911,93177,91513,109756,78315,102730,69152,94461,97008,86191,85773,90653,94175,71940,96718,113910,97343,118667,104600,98162,84541,92842,85055,83535,83926,95518,100999,67308,83212,91068,90190,94549,63327,88883,61797,95190,64518,95566,83198,95426,96778,80943,74702,87473,91213,84859,81729,78366,93033,93928,88369,78471,73546,78770,111321,100327,66699,75872,86855,86458,95194,84817,91725,80677,118549,93224,98413,89888,95102,84354,86158,74169,83958,67624,98452,82945,86312,89319,102668,78616,105068,68901,107399,106606,84593,83229,82781,95421,106944,80444,93324,77643,82995,78612,102301,87988,86297,79581,78178,84405,80243,70014,95470,99428,81196,80874,84102,93061,82168,96165,86179,85512,91731,97319,87858,76584,73900,100610,92619,104656,86302,79846
STAT,popedge,Conflicts,181,0,0,0,0,0,0,0,0,0,0,0,0,0,0,0,0,0,0,0,0,0,0,0,0,0,0,0,0,0,0,0,0,0,0,0,0,0,0,0,0,0,0,0,0,0,0,0,0,0,0,0,0,0,0,0,0,0,0,0,0,0,0,0,0,0,0,0,0,0,0,0,0,0,0,0,0,0,0,0,0,0,0,0,0,0,0,0,0,0,0,0,0,0,0,0,0,0,0,0,0,0,0,0,0,0,0,0,0,0,0,0,0,0,0,0,0,0,0,0,0,0,0,0,0,0,0,0,0,0,0,0,0,0,0,0,0,0,0,0,0,0,0,0,0,0,0,0,0,0,0,0,0,0,0,0,0,0,0,0,0,0,0,0,0,0,0,0,0,0,0,0,0,0,0,0,0,0,0,0,0,0,0
STAT,popedge,Iterations,181,7350494,38764,41360,39218,39903,37270,38321,40359,39651,38828,40481,37422,38531,38991,41848,39749,39693,39551,39675,37982,40715,41365,39720,41227,40465,40466,40710,40575,40518,41696,39414,39988,40877,40374,39608,40647,42848,41035,38953,40415,39431,40973,40000,40804,40527,39124,39781,41127,42054,40887,39197,41709,40811,36922,41869,41031,41733,42278,41415,40539,47004,47337,38346,38663,38065,38957,36593,38775,39744,38834,36697,36823,36831,39026,39166,40507,39737,40384,38842,42136,38344,39776,41770,40423,40048,37864,40463,43343,40141,39691,39101,40315,41761,43087,41274,42636,40691,43304,42294,41885,41075,40944,40646,39530,40890,39837,43099,43774,41696,42215,40327,41689,41598,41675,40403,42602,40440,42930,40938,38870,39369,49256,46073,38238,41352,40090,39963,38687,38405,38376,39361,37599,40634,38654,41270,40767,42776,40329,40848,40634,42153,39669,42372,40716,39722,39844,40063,39148,40158,38552,39181,40261,40262,40928,42049,42223,40333,43281,42458,43072,40240,43882,40912,40642,44382,45194,42128,40609,42163,41092,42428,40672,39404,40515,42322,38829,41239,41975,41086,43097,40430,40846
STAT,refine,Conflicts,181,6344,115,103,103,96,109,91,94,89,88,83,81,82,85,81,83,72,64,64,73,70,63,51,63,66,52,74,64,74,58,73,54,38,41,40,43,33,46,43,46,55,47,37,37,41,46,39,41,38,37,35,53,40,43,38,35,53,36,46,50,43,33,25,24,23,24,33,21,16,26,17,24,25,21,26,25,22,26,25,23,24,16,20,20,20,19,21,30,28,23,20,14,23,22,19,17,20,15,23,28,26,32,24,21,20,22,31,18,29,18,25,13,21,16,22,22,19,22,25,21,29,26,29,27,15,23,18,26,22,16,24,13,14,25,24,27,17,28,33,24,26,29,23,19,18,18,27,27,27,21,29,18,23,16,25,16,19,24,22,23,23,26,31,23,26,20,19,12,18,17,18,20,20,32,19,28,15,24,20,19,19,19
STAT,refine,Iterations,181,138892,631,725,856,771,718,798,848,753,716,690,847,986,781,886,622,1106,849,925,787,1055,833,616,1006,676,640,849,734,764,818,815,896,768,725,746,532,607,614,554,478,546,798,609,866,646,712,594,659,767,750,604,892,470,650,848,554,955,789,732,789,718,1100,909,753,803,814,868,750,682,845,718,720,848,747,796,1119,865,880,808,916,723,939,792,604,716,779,773,900,887,721,748,957,700,867,681,772,583,499,542,636,734,795,746,824,859,544,706,628,715,686,690,699,871,600,803,882,809,814,716,744,859,1100,1028,829,832,922,759,702,756,649,746,643,742,859,765,756,844,826,1006,842,1124,769,1003,1058,710,850,809,837,837,650,737,661,810,884,1156,652,659,717,525,597,518,574,600,832,867,714,560,676,599,631,801,722,679,1057,528,772,620,687,786,1034,661,870
