Hello from MIC
Galois Benchmark Suite v2.2.0 (r0)
Copyright (C) 2013 The University of Texas at Austin
http://iss.ices.utexas.edu/galois/

application: GMetis
Partitions a graph into K parts and minimizing the graph cut
http://iss.ices.utexas.edu/?p=projects/galois/benchmarks/gMetis

INFO: CommandLine /work/02556/dpereira/MIC/apps/gmetis/gmetis -t=35 /work/02556/dpereira/Inputs/USA-road-d.W.gr 1024
INFO: Hostname c558-003-mic0.stampede.tacc.utexas.edu
Created Graph with 6262104 nodes and 15248146 edges
Nodes 6262104| Edges 15248146 7624073

  Starting coarsening: 
Time coarsen:  3127 Size of final graph: 39999

  Sarting initial partitioning using GGGP:
Size in decade percentages:  -1,1 -0,1023
Time clustering:  1303

  Sarting refinnement with BKL2
Initial dist
Size in decade percentages:  -1,1 -0,1023
Refined dist
Size in decade percentages:  -1,372 0,279 1,372 2,1
Time refinement:  920


Time:  5529
Total edge cut : 37023

Part saved in : 0x7fff4311b060
STATTYPE,LOOP,CATEGORY,n,sum,T0,T1,T2,T3,T4,T5,T6,T7,T8,T9,T10,T11,T12,T13,T14,T15,T16,T17,T18,T19,T20,T21,T22,T23,T24,T25,T26,T27,T28,T29,T30,T31,T32,T33,T34
STAT,(NULL),Coarsen,35,3127,3127,0,0,0,0,0,0,0,0,0,0,0,0,0,0,0,0,0,0,0,0,0,0,0,0,0,0,0,0,0,0,0,0,0,0
STAT,(NULL),Conflicts,35,0,0,0,0,0,0,0,0,0,0,0,0,0,0,0,0,0,0,0,0,0,0,0,0,0,0,0,0,0,0,0,0,0,0,0,0
STAT,(NULL),Iterations,35,2047,11,46,53,84,56,54,80,32,71,69,84,66,89,78,60,73,55,80,35,22,49,68,58,63,56,68,63,79,72,78,47,25,12,61,50
STAT,(NULL),MeminfoPost,35,756224,21635,21615,21674,21629,21603,21599,21631,21627,21665,21643,21597,21600,21636,21619,21559,21615,21552,21629,21564,21629,21579,21547,21593,21647,21575,21614,21539,21646,21601,21687,21602,21549,21569,21548,21607
STAT,(NULL),MeminfoPre,35,189049,5430,5410,5469,5424,5398,5394,5426,5422,5460,5438,5392,5395,5431,5414,5354,5410,5347,5424,5359,5424,5374,5342,5388,5442,5370,5409,5334,5441,5396,5482,5397,5344,5364,5343,5402
STAT,(NULL),Partition,35,1303,1303,0,0,0,0,0,0,0,0,0,0,0,0,0,0,0,0,0,0,0,0,0,0,0,0,0,0,0,0,0,0,0,0,0,0
STAT,(NULL),Refine,35,920,920,0,0,0,0,0,0,0,0,0,0,0,0,0,0,0,0,0,0,0,0,0,0,0,0,0,0,0,0,0,0,0,0,0,0
STAT,(NULL),Threads,35,35,35,0,0,0,0,0,0,0,0,0,0,0,0,0,0,0,0,0,0,0,0,0,0,0,0,0,0,0,0,0,0,0,0,0,0
STAT,(NULL),Time,35,5529,5529,0,0,0,0,0,0,0,0,0,0,0,0,0,0,0,0,0,0,0,0,0,0,0,0,0,0,0,0,0,0,0,0,0,0
STAT,match,Conflicts,35,3936,243,154,159,131,175,96,104,107,161,113,154,91,91,88,114,89,136,89,113,86,86,97,66,60,42,85,88,75,82,75,88,104,137,204,153
STAT,match,Iterations,35,14850828,386732,391709,400941,394496,417247,424516,424552,426223,423200,423602,439866,446636,404109,414915,432179,414653,433627,398882,447714,406442,445972,451268,418844,434878,418903,419485,435029,411272,433312,417869,434657,454569,447017,451013,424499
STAT,popedge,Conflicts,35,0,0,0,0,0,0,0,0,0,0,0,0,0,0,0,0,0,0,0,0,0,0,0,0,0,0,0,0,0,0,0,0,0,0,0,0
STAT,popedge,Iterations,35,7275777,202202,205700,202446,200213,208447,206736,205461,201262,202240,198676,210409,199914,185902,185886,203586,197625,206044,203148,216841,210378,217347,216417,211885,203721,207958,205910,207623,203934,198550,214469,228468,226815,226531,229615,223418
STAT,refine,Conflicts,35,1805,64,62,62,65,49,49,58,49,50,56,64,55,54,59,65,60,65,45,48,54,47,47,42,54,45,56,47,54,64,50,23,31,42,32,38
STAT,refine,Iterations,35,471578,11956,13508,15450,15025,13449,12760,11862,13765,13857,13563,12551,11914,13415,13366,11914,13093,12444,14668,12742,14620,12244,12603,15716,14280,12763,13187,13186,15340,12467,16249,13836,11911,12845,13532,15497
