Hello from MIC
Galois Benchmark Suite v2.2.0 (r0)
Copyright (C) 2013 The University of Texas at Austin
http://iss.ices.utexas.edu/galois/

application: GMetis
Partitions a graph into K parts and minimizing the graph cut
http://iss.ices.utexas.edu/?p=projects/galois/benchmarks/gMetis

INFO: CommandLine /work/02556/dpereira/MIC/apps/gmetis/gmetis -t=141 /work/02556/dpereira/Inputs/USA-road-d.W.gr 1024
INFO: Hostname c558-401-mic0.stampede.tacc.utexas.edu
Created Graph with 6262104 nodes and 15248146 edges
Nodes 6262104| Edges 15248146 7624073

  Starting coarsening: 
Time coarsen:  2203 Size of final graph: 21838

  Sarting initial partitioning using GGGP:
Size in decade percentages:  -1,67 -0,894 1,63
Time clustering:  1062

  Sarting refinnement with BKL2
Initial dist
Size in decade percentages:  -1,67 -0,894 1,63
Refined dist
Size in decade percentages:  -1,365 0,282 1,377
Time refinement:  1296


Time:  4740
Total edge cut : 32567

Part saved in : 0x7fff3dbaac60
STATTYPE,LOOP,CATEGORY,n,sum,T0,T1,T2,T3,T4,T5,T6,T7,T8,T9,T10,T11,T12,T13,T14,T15,T16,T17,T18,T19,T20,T21,T22,T23,T24,T25,T26,T27,T28,T29,T30,T31,T32,T33,T34,T35,T36,T37,T38,T39,T40,T41,T42,T43,T44,T45,T46,T47,T48,T49,T50,T51,T52,T53,T54,T55,T56,T57,T58,T59,T60,T61,T62,T63,T64,T65,T66,T67,T68,T69,T70,T71,T72,T73,T74,T75,T76,T77,T78,T79,T80,T81,T82,T83,T84,T85,T86,T87,T88,T89,T90,T91,T92,T93,T94,T95,T96,T97,T98,T99,T100,T101,T102,T103,T104,T105,T106,T107,T108,T109,T110,T111,T112,T113,T114,T115,T116,T117,T118,T119,T120,T121,T122,T123,T124,T125,T126,T127,T128,T129,T130,T131,T132,T133,T134,T135,T136,T137,T138,T139,T140
STAT,(NULL),Coarsen,141,2203,2203,0,0,0,0,0,0,0,0,0,0,0,0,0,0,0,0,0,0,0,0,0,0,0,0,0,0,0,0,0,0,0,0,0,0,0,0,0,0,0,0,0,0,0,0,0,0,0,0,0,0,0,0,0,0,0,0,0,0,0,0,0,0,0,0,0,0,0,0,0,0,0,0,0,0,0,0,0,0,0,0,0,0,0,0,0,0,0,0,0,0,0,0,0,0,0,0,0,0,0,0,0,0,0,0,0,0,0,0,0,0,0,0,0,0,0,0,0,0,0,0,0,0,0,0,0,0,0,0,0,0,0,0,0,0,0,0,0,0,0,0
STAT,(NULL),Conflicts,141,0,0,0,0,0,0,0,0,0,0,0,0,0,0,0,0,0,0,0,0,0,0,0,0,0,0,0,0,0,0,0,0,0,0,0,0,0,0,0,0,0,0,0,0,0,0,0,0,0,0,0,0,0,0,0,0,0,0,0,0,0,0,0,0,0,0,0,0,0,0,0,0,0,0,0,0,0,0,0,0,0,0,0,0,0,0,0,0,0,0,0,0,0,0,0,0,0,0,0,0,0,0,0,0,0,0,0,0,0,0,0,0,0,0,0,0,0,0,0,0,0,0,0,0,0,0,0,0,0,0,0,0,0,0,0,0,0,0,0,0,0,0
STAT,(NULL),Iterations,141,2047,11,6,22,18,11,8,18,6,5,8,5,5,1,12,12,8,8,16,7,18,8,8,17,15,24,22,21,27,21,26,26,18,15,15,21,7,9,21,17,26,12,21,11,19,17,11,22,15,24,13,16,17,5,23,7,22,8,12,8,14,15,11,12,11,20,16,7,13,10,14,5,8,12,9,9,14,12,8,13,16,10,21,13,13,15,26,16,20,23,24,18,20,23,25,14,18,13,19,14,11,21,13,13,10,17,17,24,15,12,15,10,7,15,19,23,23,28,13,9,15,16,30,12,17,9,17,12,12,19,9,11,9,13,11,10,14,11,7,12,13,7
STAT,(NULL),MeminfoPost,141,756690,5373,5363,5382,5377,5360,5369,5365,5380,5404,5423,5350,5356,5360,5379,5377,5381,5374,5361,5359,5359,5394,5356,5349,5368,5355,5382,5383,5372,5369,5344,5377,5388,5433,5385,5357,5360,5363,5374,5382,5379,5373,5352,5358,5372,5384,5352,5354,5364,5378,5364,5399,5369,5365,5380,5360,5371,5357,5356,5371,5342,5356,5373,5376,5356,5361,5355,5342,5363,5349,5391,5392,5357,5357,5366,5369,5340,5341,5367,5378,5377,5383,5358,5351,5369,5355,5358,5347,5336,5355,5372,5349,5361,5404,5392,5388,5350,5368,5358,5338,5361,5373,5383,5364,5356,5363,5357,5350,5343,5351,5366,5352,5401,5400,5390,5356,5356,5346,5365,5400,5396,5391,5384,5351,5375,5351,5358,5353,5341,5351,5368,5363,5339,5362,5333,5367,5347,5361,5371,5367,5362,5365
STAT,(NULL),MeminfoPre,141,189165,1348,1338,1357,1352,1335,1344,1340,1355,1379,1398,1325,1331,1335,1354,1352,1356,1349,1336,1334,1334,1369,1331,1324,1343,1330,1357,1358,1347,1344,1319,1352,1363,1408,1360,1332,1335,1338,1349,1357,1354,1348,1327,1333,1347,1359,1327,1329,1339,1353,1339,1374,1344,1340,1355,1335,1346,1332,1331,1346,1317,1331,1348,1351,1331,1336,1330,1317,1338,1324,1366,1367,1332,1332,1341,1344,1315,1316,1342,1353,1352,1358,1333,1326,1344,1330,1333,1322,1311,1330,1347,1324,1336,1379,1367,1363,1325,1343,1333,1313,1336,1348,1358,1339,1331,1338,1332,1325,1318,1326,1341,1327,1376,1375,1365,1331,1331,1321,1340,1375,1371,1366,1359,1326,1350,1326,1333,1328,1316,1326,1343,1338,1314,1337,1308,1342,1322,1336,1346,1342,1337,1340
STAT,(NULL),Partition,141,1062,1062,0,0,0,0,0,0,0,0,0,0,0,0,0,0,0,0,0,0,0,0,0,0,0,0,0,0,0,0,0,0,0,0,0,0,0,0,0,0,0,0,0,0,0,0,0,0,0,0,0,0,0,0,0,0,0,0,0,0,0,0,0,0,0,0,0,0,0,0,0,0,0,0,0,0,0,0,0,0,0,0,0,0,0,0,0,0,0,0,0,0,0,0,0,0,0,0,0,0,0,0,0,0,0,0,0,0,0,0,0,0,0,0,0,0,0,0,0,0,0,0,0,0,0,0,0,0,0,0,0,0,0,0,0,0,0,0,0,0,0,0
STAT,(NULL),Refine,141,1296,1296,0,0,0,0,0,0,0,0,0,0,0,0,0,0,0,0,0,0,0,0,0,0,0,0,0,0,0,0,0,0,0,0,0,0,0,0,0,0,0,0,0,0,0,0,0,0,0,0,0,0,0,0,0,0,0,0,0,0,0,0,0,0,0,0,0,0,0,0,0,0,0,0,0,0,0,0,0,0,0,0,0,0,0,0,0,0,0,0,0,0,0,0,0,0,0,0,0,0,0,0,0,0,0,0,0,0,0,0,0,0,0,0,0,0,0,0,0,0,0,0,0,0,0,0,0,0,0,0,0,0,0,0,0,0,0,0,0,0,0,0
STAT,(NULL),Threads,141,141,141,0,0,0,0,0,0,0,0,0,0,0,0,0,0,0,0,0,0,0,0,0,0,0,0,0,0,0,0,0,0,0,0,0,0,0,0,0,0,0,0,0,0,0,0,0,0,0,0,0,0,0,0,0,0,0,0,0,0,0,0,0,0,0,0,0,0,0,0,0,0,0,0,0,0,0,0,0,0,0,0,0,0,0,0,0,0,0,0,0,0,0,0,0,0,0,0,0,0,0,0,0,0,0,0,0,0,0,0,0,0,0,0,0,0,0,0,0,0,0,0,0,0,0,0,0,0,0,0,0,0,0,0,0,0,0,0,0,0,0,0
STAT,(NULL),Time,141,4740,4740,0,0,0,0,0,0,0,0,0,0,0,0,0,0,0,0,0,0,0,0,0,0,0,0,0,0,0,0,0,0,0,0,0,0,0,0,0,0,0,0,0,0,0,0,0,0,0,0,0,0,0,0,0,0,0,0,0,0,0,0,0,0,0,0,0,0,0,0,0,0,0,0,0,0,0,0,0,0,0,0,0,0,0,0,0,0,0,0,0,0,0,0,0,0,0,0,0,0,0,0,0,0,0,0,0,0,0,0,0,0,0,0,0,0,0,0,0,0,0,0,0,0,0,0,0,0,0,0,0,0,0,0,0,0,0,0,0,0,0,0
STAT,match,Conflicts,141,6034,70,58,64,65,66,73,59,62,49,60,51,64,52,54,61,56,51,53,55,51,57,52,65,53,53,57,50,50,56,59,58,55,40,54,53,39,56,52,61,52,49,45,47,50,43,56,41,53,35,41,54,39,37,51,32,36,41,48,48,54,43,35,30,40,36,34,38,41,20,42,37,34,42,33,33,32,30,33,39,39,44,38,42,36,40,31,53,29,36,32,34,39,35,40,28,36,35,40,35,43,38,42,37,39,35,38,36,31,38,28,23,33,38,42,31,34,29,39,37,31,37,35,30,33,27,34,38,34,35,33,39,33,32,49,36,30,35,31,28,45,38
STAT,match,Iterations,141,14972271,67628,72621,86904,80032,84765,77013,89474,82535,78697,85402,104799,92257,97158,89213,79995,87093,90473,78751,92228,116073,111046,109099,109477,125825,105454,118101,99597,105096,89101,96535,100372,116097,104352,107133,108197,106170,93366,95261,84421,99270,110227,108924,108556,107124,103302,110948,105754,99277,102713,112700,89799,108562,120230,86428,114986,116258,87752,81799,103864,95585,115456,104102,88304,110585,103691,104865,93984,102222,124071,86685,96374,104762,115432,101838,99238,103207,101369,105784,97989,100376,115359,104404,115697,128699,107559,131358,106645,126380,113351,140239,138940,115485,124655,102381,136145,114724,125338,122392,137174,116501,99970,96319,122059,121582,130600,118186,116819,132109,121240,118673,133764,111586,102811,118184,129466,107598,132971,96806,132544,112782,112633,112472,105891,105884,119704,108338,100853,121480,106272,111441,97703,115589,104463,109666,85587,103505,98439,99778,103744,107472,109659
STAT,popedge,Conflicts,141,0,0,0,0,0,0,0,0,0,0,0,0,0,0,0,0,0,0,0,0,0,0,0,0,0,0,0,0,0,0,0,0,0,0,0,0,0,0,0,0,0,0,0,0,0,0,0,0,0,0,0,0,0,0,0,0,0,0,0,0,0,0,0,0,0,0,0,0,0,0,0,0,0,0,0,0,0,0,0,0,0,0,0,0,0,0,0,0,0,0,0,0,0,0,0,0,0,0,0,0,0,0,0,0,0,0,0,0,0,0,0,0,0,0,0,0,0,0,0,0,0,0,0,0,0,0,0,0,0,0,0,0,0,0,0,0,0,0,0,0,0,0
STAT,popedge,Iterations,141,7338274,47937,47600,48930,46957,49194,47658,48792,47894,46014,47513,45894,49093,47855,49240,49543,47800,47513,48648,47348,56996,56030,55960,56120,55481,54986,55540,56637,55437,56251,59127,55922,54004,52418,54782,53916,51058,58474,56748,53845,54077,53864,53335,55457,56147,54217,53241,55381,53315,49644,49993,50615,49540,49462,51593,49569,51733,56460,56191,54134,53869,54220,46278,46425,46464,46385,46947,46238,47764,46723,49129,48499,49792,48298,50006,47866,49386,50669,48424,47107,46765,56219,54682,56218,55172,59807,53838,57034,56903,56584,52876,57576,56216,54482,54622,57334,54748,52541,56797,56541,54861,53463,56227,54779,55356,53839,56214,53039,56636,54786,52035,58968,52960,54356,54827,54771,50487,51548,56225,53883,56552,57682,58926,48750,46338,49033,47814,48843,47610,46027,47042,47642,45329,49957,47490,52502,47227,49638,48362,50656,49555,49472
STAT,refine,Conflicts,141,5072,91,101,76,93,69,70,78,73,59,62,63,57,65,71,59,53,49,47,50,52,48,45,54,51,44,51,45,48,58,58,56,41,58,46,36,37,43,27,39,44,40,46,36,31,40,35,31,43,49,57,50,50,36,44,49,38,40,41,36,28,38,25,33,23,35,23,16,21,25,23,21,19,25,25,18,15,15,20,31,25,18,23,26,30,24,21,28,23,34,31,23,24,40,39,26,21,31,30,22,36,29,18,27,30,23,31,24,23,30,28,29,32,41,24,37,16,30,23,28,23,15,21,21,17,31,24,23,20,15,20,19,21,16,21,19,16,15,14,24,29,12
STAT,refine,Iterations,141,439022,2568,2137,2751,1976,2462,2388,2480,2846,3102,3544,2027,2273,3041,2505,2148,2961,2795,2768,2259,4188,3748,3136,3257,3330,2562,3606,2767,2915,2787,3133,3833,3971,4117,4513,2801,3509,3126,2664,3497,3265,3647,3103,3434,3276,3302,2925,3031,3218,3787,3550,4111,3425,3286,3125,3616,3267,2772,3007,3969,2059,3018,2898,3063,2852,2758,2602,2031,2772,3194,2613,3244,2407,2687,3100,2457,2240,2666,2659,2647,2614,3295,2494,2998,3589,3273,2892,3397,3131,3317,4195,3657,3411,4673,4033,5333,2952,3980,3631,2982,3995,3468,3309,3387,3711,3907,3425,3248,3512,3472,3529,4066,4134,5166,2944,3425,2583,3252,3299,3995,3646,3050,3181,2678,2783,3057,2691,2212,2661,1794,3344,2792,2704,2229,2236,3237,2168,2338,2534,2705,3149,2585
