Hello from MIC
Galois Benchmark Suite v2.2.0 (r0)
Copyright (C) 2013 The University of Texas at Austin
http://iss.ices.utexas.edu/galois/

application: GMetis
Partitions a graph into K parts and minimizing the graph cut
http://iss.ices.utexas.edu/?p=projects/galois/benchmarks/gMetis

INFO: CommandLine /work/02556/dpereira/MIC/apps/gmetis/gmetis -t=208 /work/02556/dpereira/Inputs/USA-road-d.W.gr 128
INFO: Hostname c558-003-mic0.stampede.tacc.utexas.edu
Created Graph with 6262104 nodes and 15248146 edges
Nodes 6262104| Edges 15248146 7624073

  Starting coarsening: 
Time coarsen:  3497 Size of final graph: 3159

  Sarting initial partitioning using GGGP:
Size in decade percentages:  -1,4 -0,117 1,7
Time clustering:  462

  Sarting refinnement with BKL2
Initial dist
Size in decade percentages:  -1,4 -0,117 1,7
Refined dist
Size in decade percentages:  -1,45 0,39 1,44
Time refinement:  2301


Time:  6439
Total edge cut : 8009

Part saved in : 0x7fff5dde6c60
STATTYPE,LOOP,CATEGORY,n,sum,T0,T1,T2,T3,T4,T5,T6,T7,T8,T9,T10,T11,T12,T13,T14,T15,T16,T17,T18,T19,T20,T21,T22,T23,T24,T25,T26,T27,T28,T29,T30,T31,T32,T33,T34,T35,T36,T37,T38,T39,T40,T41,T42,T43,T44,T45,T46,T47,T48,T49,T50,T51,T52,T53,T54,T55,T56,T57,T58,T59,T60,T61,T62,T63,T64,T65,T66,T67,T68,T69,T70,T71,T72,T73,T74,T75,T76,T77,T78,T79,T80,T81,T82,T83,T84,T85,T86,T87,T88,T89,T90,T91,T92,T93,T94,T95,T96,T97,T98,T99,T100,T101,T102,T103,T104,T105,T106,T107,T108,T109,T110,T111,T112,T113,T114,T115,T116,T117,T118,T119,T120,T121,T122,T123,T124,T125,T126,T127,T128,T129,T130,T131,T132,T133,T134,T135,T136,T137,T138,T139,T140,T141,T142,T143,T144,T145,T146,T147,T148,T149,T150,T151,T152,T153,T154,T155,T156,T157,T158,T159,T160,T161,T162,T163,T164,T165,T166,T167,T168,T169,T170,T171,T172,T173,T174,T175,T176,T177,T178,T179,T180,T181,T182,T183,T184,T185,T186,T187,T188,T189,T190,T191,T192,T193,T194,T195,T196,T197,T198,T199,T200,T201,T202,T203,T204,T205,T206,T207
STAT,(NULL),Coarsen,208,3497,3497,0,0,0,0,0,0,0,0,0,0,0,0,0,0,0,0,0,0,0,0,0,0,0,0,0,0,0,0,0,0,0,0,0,0,0,0,0,0,0,0,0,0,0,0,0,0,0,0,0,0,0,0,0,0,0,0,0,0,0,0,0,0,0,0,0,0,0,0,0,0,0,0,0,0,0,0,0,0,0,0,0,0,0,0,0,0,0,0,0,0,0,0,0,0,0,0,0,0,0,0,0,0,0,0,0,0,0,0,0,0,0,0,0,0,0,0,0,0,0,0,0,0,0,0,0,0,0,0,0,0,0,0,0,0,0,0,0,0,0,0,0,0,0,0,0,0,0,0,0,0,0,0,0,0,0,0,0,0,0,0,0,0,0,0,0,0,0,0,0,0,0,0,0,0,0,0,0,0,0,0,0,0,0,0,0,0,0,0,0,0,0,0,0,0,0,0,0,0,0,0,0,0,0,0,0,0,0
STAT,(NULL),Conflicts,208,0,0,0,0,0,0,0,0,0,0,0,0,0,0,0,0,0,0,0,0,0,0,0,0,0,0,0,0,0,0,0,0,0,0,0,0,0,0,0,0,0,0,0,0,0,0,0,0,0,0,0,0,0,0,0,0,0,0,0,0,0,0,0,0,0,0,0,0,0,0,0,0,0,0,0,0,0,0,0,0,0,0,0,0,0,0,0,0,0,0,0,0,0,0,0,0,0,0,0,0,0,0,0,0,0,0,0,0,0,0,0,0,0,0,0,0,0,0,0,0,0,0,0,0,0,0,0,0,0,0,0,0,0,0,0,0,0,0,0,0,0,0,0,0,0,0,0,0,0,0,0,0,0,0,0,0,0,0,0,0,0,0,0,0,0,0,0,0,0,0,0,0,0,0,0,0,0,0,0,0,0,0,0,0,0,0,0,0,0,0,0,0,0,0,0,0,0,0,0,0,0,0,0,0,0,0,0,0,0
STAT,(NULL),Iterations,208,255,8,1,0,0,0,0,0,0,0,0,0,0,2,0,0,0,0,0,0,0,0,0,0,0,1,0,0,1,0,0,2,0,0,0,3,0,2,0,0,0,0,4,2,1,0,0,0,3,2,1,3,2,1,1,2,2,0,0,0,3,3,9,2,1,0,4,0,0,0,0,0,1,4,0,0,0,2,0,1,1,1,0,1,0,0,5,4,0,3,0,0,0,1,0,1,0,1,1,0,3,0,0,16,3,0,2,1,0,4,3,7,2,1,2,0,2,2,2,0,0,4,3,6,0,1,0,2,1,0,0,0,4,4,0,1,0,0,3,0,0,0,0,0,0,0,0,0,5,0,0,2,0,0,3,3,8,1,1,0,1,0,1,1,2,2,0,2,2,0,2,0,1,1,3,3,5,2,3,5,5,0,0,4,0,2,2,0,0,0,0,1,0,3,2,0,1,0,2,0,0,0,0,0,1,0,0,0,1
STAT,(NULL),MeminfoPost,208,757065,3646,3629,3648,3658,3642,3644,3637,3644,3629,3649,3632,3659,3663,3690,3653,3627,3638,3636,3625,3649,3642,3648,3665,3632,3648,3645,3625,3636,3633,3648,3656,3631,3633,3627,3637,3642,3629,3658,3651,3649,3639,3631,3649,3627,3649,3639,3657,3664,3692,3652,3626,3637,3636,3630,3641,3650,3650,3657,3643,3643,3640,3628,3632,3636,3650,3653,3630,3636,3628,3638,3645,3646,3637,3637,3661,3660,3634,3639,3652,3644,3631,3643,3640,3632,3632,3631,3650,3626,3619,3637,3645,3647,3643,3636,3639,3629,3635,3626,3625,3625,3642,3626,3661,3662,3651,3633,3629,3632,3638,3655,3627,3624,3617,3630,3643,3644,3648,3649,3651,3637,3639,3628,3633,3643,3629,3634,3634,3621,3627,3625,3632,3626,3650,3627,3622,3656,3660,3667,3658,3653,3626,3630,3643,3642,3623,3618,3636,3640,3644,3652,3649,3633,3631,3640,3632,3632,3635,3627,3621,3635,3621,3645,3623,3646,3663,3659,3666,3657,3636,3628,3635,3621,3635,3639,3656,3670,3654,3652,3664,3647,3625,3636,3652,3624,3641,3635,3629,3623,3620,3635,3634,3651,3628,3621,3621,3636,3617,3621,3658,3624,3630,3636,3645,3640,3639,3642,3634,3637
STAT,(NULL),MeminfoPre,208,189225,916,899,918,928,912,914,907,914,899,919,902,929,933,960,923,897,908,906,895,919,912,918,935,902,918,915,895,906,903,918,926,901,903,897,907,912,899,928,921,919,909,901,919,897,919,909,927,934,962,922,896,907,906,900,911,920,920,927,913,913,910,898,902,906,920,923,900,906,898,908,915,916,907,907,931,930,904,909,922,914,901,913,910,902,902,901,920,896,889,907,915,917,913,906,909,899,905,896,895,895,912,896,931,932,921,903,899,902,908,925,897,894,887,900,913,914,918,919,921,907,909,898,903,913,899,904,904,891,897,895,902,896,920,897,892,926,930,937,928,923,896,900,913,912,893,888,906,910,914,922,919,903,901,910,902,902,905,897,891,905,891,915,893,916,933,929,936,927,906,898,905,891,905,909,926,940,924,922,934,917,895,906,922,894,911,905,899,893,890,905,904,921,898,891,891,906,887,891,928,894,900,906,915,910,909,912,904,907
STAT,(NULL),Partition,208,462,462,0,0,0,0,0,0,0,0,0,0,0,0,0,0,0,0,0,0,0,0,0,0,0,0,0,0,0,0,0,0,0,0,0,0,0,0,0,0,0,0,0,0,0,0,0,0,0,0,0,0,0,0,0,0,0,0,0,0,0,0,0,0,0,0,0,0,0,0,0,0,0,0,0,0,0,0,0,0,0,0,0,0,0,0,0,0,0,0,0,0,0,0,0,0,0,0,0,0,0,0,0,0,0,0,0,0,0,0,0,0,0,0,0,0,0,0,0,0,0,0,0,0,0,0,0,0,0,0,0,0,0,0,0,0,0,0,0,0,0,0,0,0,0,0,0,0,0,0,0,0,0,0,0,0,0,0,0,0,0,0,0,0,0,0,0,0,0,0,0,0,0,0,0,0,0,0,0,0,0,0,0,0,0,0,0,0,0,0,0,0,0,0,0,0,0,0,0,0,0,0,0,0,0,0,0,0,0
STAT,(NULL),Refine,208,2301,2301,0,0,0,0,0,0,0,0,0,0,0,0,0,0,0,0,0,0,0,0,0,0,0,0,0,0,0,0,0,0,0,0,0,0,0,0,0,0,0,0,0,0,0,0,0,0,0,0,0,0,0,0,0,0,0,0,0,0,0,0,0,0,0,0,0,0,0,0,0,0,0,0,0,0,0,0,0,0,0,0,0,0,0,0,0,0,0,0,0,0,0,0,0,0,0,0,0,0,0,0,0,0,0,0,0,0,0,0,0,0,0,0,0,0,0,0,0,0,0,0,0,0,0,0,0,0,0,0,0,0,0,0,0,0,0,0,0,0,0,0,0,0,0,0,0,0,0,0,0,0,0,0,0,0,0,0,0,0,0,0,0,0,0,0,0,0,0,0,0,0,0,0,0,0,0,0,0,0,0,0,0,0,0,0,0,0,0,0,0,0,0,0,0,0,0,0,0,0,0,0,0,0,0,0,0,0,0
STAT,(NULL),Threads,208,208,208,0,0,0,0,0,0,0,0,0,0,0,0,0,0,0,0,0,0,0,0,0,0,0,0,0,0,0,0,0,0,0,0,0,0,0,0,0,0,0,0,0,0,0,0,0,0,0,0,0,0,0,0,0,0,0,0,0,0,0,0,0,0,0,0,0,0,0,0,0,0,0,0,0,0,0,0,0,0,0,0,0,0,0,0,0,0,0,0,0,0,0,0,0,0,0,0,0,0,0,0,0,0,0,0,0,0,0,0,0,0,0,0,0,0,0,0,0,0,0,0,0,0,0,0,0,0,0,0,0,0,0,0,0,0,0,0,0,0,0,0,0,0,0,0,0,0,0,0,0,0,0,0,0,0,0,0,0,0,0,0,0,0,0,0,0,0,0,0,0,0,0,0,0,0,0,0,0,0,0,0,0,0,0,0,0,0,0,0,0,0,0,0,0,0,0,0,0,0,0,0,0,0,0,0,0,0,0
STAT,(NULL),Time,208,6439,6439,0,0,0,0,0,0,0,0,0,0,0,0,0,0,0,0,0,0,0,0,0,0,0,0,0,0,0,0,0,0,0,0,0,0,0,0,0,0,0,0,0,0,0,0,0,0,0,0,0,0,0,0,0,0,0,0,0,0,0,0,0,0,0,0,0,0,0,0,0,0,0,0,0,0,0,0,0,0,0,0,0,0,0,0,0,0,0,0,0,0,0,0,0,0,0,0,0,0,0,0,0,0,0,0,0,0,0,0,0,0,0,0,0,0,0,0,0,0,0,0,0,0,0,0,0,0,0,0,0,0,0,0,0,0,0,0,0,0,0,0,0,0,0,0,0,0,0,0,0,0,0,0,0,0,0,0,0,0,0,0,0,0,0,0,0,0,0,0,0,0,0,0,0,0,0,0,0,0,0,0,0,0,0,0,0,0,0,0,0,0,0,0,0,0,0,0,0,0,0,0,0,0,0,0,0,0,0
STAT,match,Conflicts,208,6651,55,56,40,51,52,49,47,44,43,44,44,49,44,38,42,42,47,42,39,38,47,37,46,45,35,38,34,35,43,48,38,40,33,33,31,41,39,33,47,39,35,44,42,40,40,43,34,39,33,38,34,34,39,40,36,38,33,36,35,40,33,24,30,24,25,27,37,25,26,23,24,28,35,30,23,25,26,25,30,18,28,22,30,26,36,34,27,27,31,29,27,33,26,22,30,25,28,30,31,29,27,34,35,32,35,29,32,27,25,25,27,27,30,27,37,27,31,32,27,28,34,27,29,26,25,29,27,30,27,24,21,29,27,23,28,22,22,32,31,29,30,31,25,24,33,27,24,24,26,30,24,29,24,34,30,33,28,33,29,31,34,21,25,32,36,30,33,38,22,28,28,39,29,31,32,33,27,34,36,27,33,36,27,22,29,30,31,28,34,25,29,28,27,26,30,27,25,25,30,21,25,26,28,27,30,23,32,27
STAT,match,Iterations,208,15044039,31509,48748,51055,43052,74055,64142,47842,47094,43733,35957,69205,53172,50104,58701,56809,56545,48454,52220,58470,67971,45491,59088,61836,55524,52887,83934,75111,67035,50986,61664,60212,81314,70171,74456,72487,61662,75690,65718,78464,45393,89459,55473,60792,55845,55898,72921,63773,66919,59545,61296,71669,73562,68512,78578,53265,61900,81182,60982,72880,77419,52452,66672,86238,62240,81374,81477,54183,79421,59094,60625,69601,68470,78700,77939,82287,70627,94244,77856,66045,90962,67272,85317,62617,81662,58559,74735,85553,89308,72060,77977,88933,71123,75014,83287,94866,93934,76457,71880,69934,94258,89552,75816,69215,78868,84193,101900,77788,68655,97967,104704,78738,86761,49125,97471,98396,64080,78380,81026,69051,83768,81755,85527,70505,80885,73640,67014,72865,82684,85539,87469,71541,76314,80867,82914,74136,65038,72988,68343,62775,66304,63935,64177,72865,70479,64282,69211,82924,77968,91354,63485,82123,73419,86197,86903,48580,88469,84272,65764,84512,94583,73063,81650,81385,52843,83118,89133,76711,67395,73332,66518,77091,84662,63922,77772,94892,90870,74030,86580,67097,78090,67648,91993,91708,65183,75200,54214,66864,81252,73909,71375,58023,65382,85417,57851,72509,84230,61885,77436,84278,100379,82930,82156,66397,74517,73864,83952,80526,77664
STAT,popedge,Conflicts,208,0,0,0,0,0,0,0,0,0,0,0,0,0,0,0,0,0,0,0,0,0,0,0,0,0,0,0,0,0,0,0,0,0,0,0,0,0,0,0,0,0,0,0,0,0,0,0,0,0,0,0,0,0,0,0,0,0,0,0,0,0,0,0,0,0,0,0,0,0,0,0,0,0,0,0,0,0,0,0,0,0,0,0,0,0,0,0,0,0,0,0,0,0,0,0,0,0,0,0,0,0,0,0,0,0,0,0,0,0,0,0,0,0,0,0,0,0,0,0,0,0,0,0,0,0,0,0,0,0,0,0,0,0,0,0,0,0,0,0,0,0,0,0,0,0,0,0,0,0,0,0,0,0,0,0,0,0,0,0,0,0,0,0,0,0,0,0,0,0,0,0,0,0,0,0,0,0,0,0,0,0,0,0,0,0,0,0,0,0,0,0,0,0,0,0,0,0,0,0,0,0,0,0,0,0,0,0,0,0
STAT,popedge,Iterations,208,7369925,32127,33036,31977,32545,31622,32425,32601,32784,33424,32303,31160,33177,33210,30516,32840,33360,31780,32373,33781,33061,33796,31515,32747,32879,33783,36328,34752,37723,37225,34518,37820,37728,38237,38550,36768,37971,37076,37608,35435,38424,38114,37040,39241,37385,37884,37739,36216,38633,34986,37182,38708,36689,37378,38195,37169,38368,37550,36556,37481,37365,38101,32726,34846,32302,32401,32332,33246,32365,34038,32594,30242,30645,31680,31816,33428,31503,33177,30979,33314,32837,32496,35205,33965,32371,32384,32914,39055,37156,37585,37217,35627,36940,37436,34477,36551,38588,35200,38422,37276,35639,41345,39397,37926,36592,37664,37702,41225,37265,42966,40098,39458,38457,36861,41391,38781,37967,38875,39533,36129,37813,41576,36440,31361,32822,32048,32526,32499,32499,30554,32689,34566,31093,32473,34951,32549,32723,32656,32483,32005,32954,33429,33046,33825,33257,33757,33732,32940,38886,35437,39241,37535,34397,40097,36308,37823,38445,36322,37771,37955,37268,37242,38130,38568,36942,35469,37993,37487,39238,36171,37148,35577,37572,37651,39066,39275,41619,39826,41236,39512,38144,37976,40199,39002,32811,33929,33904,32716,32782,33814,32998,34586,31987,31091,35123,33803,31598,34691,32610,32995,37771,31317,33007,32846,33217,33078,34947,32037,34901
STAT,refine,Conflicts,208,6784,102,114,107,107,101,109,100,94,84,75,83,79,82,78,84,65,55,56,65,66,64,76,73,60,68,50,61,60,62,67,51,43,39,36,44,43,47,34,45,33,38,36,45,45,52,47,50,44,36,50,23,43,42,48,30,42,41,38,35,36,31,13,21,15,14,21,15,26,22,21,15,26,11,13,23,23,27,15,10,27,26,26,24,24,22,19,18,14,26,25,26,24,24,24,26,21,23,28,19,22,22,18,17,31,25,31,23,22,29,22,29,24,17,15,19,19,20,25,28,24,22,19,20,19,19,14,19,28,30,18,19,17,33,19,31,25,19,25,12,30,14,19,24,20,17,23,19,20,21,20,21,21,25,22,14,22,21,23,24,22,21,21,24,24,24,28,27,32,23,23,28,21,12,27,21,26,21,18,24,25,17,27,18,22,21,22,18,16,21,18,17,19,27,15,15,28,19,31,23,20,17,18,27,22,20,11,20,22
STAT,refine,Iterations,208,136381,585,789,584,752,667,789,669,522,511,457,607,657,666,787,583,638,576,552,572,638,518,731,723,539,707,683,600,634,620,773,538,723,637,670,657,615,660,666,804,415,965,515,824,742,647,756,684,837,508,715,558,739,800,758,474,800,757,711,606,630,457,410,755,464,576,501,419,641,466,474,404,744,582,535,623,674,801,594,659,557,641,730,520,701,567,632,808,488,632,657,719,619,720,544,779,725,551,696,714,840,873,767,748,1122,950,949,934,608,986,871,666,642,546,690,640,514,782,897,631,602,801,631,542,587,492,505,519,706,485,496,519,467,626,596,504,563,646,635,573,757,491,622,683,627,608,523,678,589,588,561,644,769,609,772,380,618,625,615,869,820,839,689,824,559,960,1000,894,872,526,578,805,800,615,832,815,914,680,1220,671,624,430,914,640,638,660,491,496,421,511,580,425,380,475,470,565,650,574,616,700,779,629,686,678,593,566,729,595,855
