Hello from MIC
Galois Benchmark Suite v2.2.0 (r0)
Copyright (C) 2013 The University of Texas at Austin
http://iss.ices.utexas.edu/galois/

application: GMetis
Partitions a graph into K parts and minimizing the graph cut
http://iss.ices.utexas.edu/?p=projects/galois/benchmarks/gMetis

INFO: CommandLine /work/02556/dpereira/MIC/apps/gmetis/gmetis -t=117 /work/02556/dpereira/Inputs/USA-road-d.W.gr 128
INFO: Hostname c558-001-mic0.stampede.tacc.utexas.edu
Created Graph with 6262104 nodes and 15248146 edges
Nodes 6262104| Edges 15248146 7624073

  Starting coarsening: 
Time coarsen:  2277 Size of final graph: 3071

  Sarting initial partitioning using GGGP:
Size in decade percentages:  -1,4 -0,117 1,7
Time clustering:  415

  Sarting refinnement with BKL2
Initial dist
Size in decade percentages:  -1,4 -0,117 1,7
Refined dist
Size in decade percentages:  -1,44 0,41 1,43
Time refinement:  1175


Time:  4044
Total edge cut : 7979

Part saved in : 0x7fffaf2117e0
STATTYPE,LOOP,CATEGORY,n,sum,T0,T1,T2,T3,T4,T5,T6,T7,T8,T9,T10,T11,T12,T13,T14,T15,T16,T17,T18,T19,T20,T21,T22,T23,T24,T25,T26,T27,T28,T29,T30,T31,T32,T33,T34,T35,T36,T37,T38,T39,T40,T41,T42,T43,T44,T45,T46,T47,T48,T49,T50,T51,T52,T53,T54,T55,T56,T57,T58,T59,T60,T61,T62,T63,T64,T65,T66,T67,T68,T69,T70,T71,T72,T73,T74,T75,T76,T77,T78,T79,T80,T81,T82,T83,T84,T85,T86,T87,T88,T89,T90,T91,T92,T93,T94,T95,T96,T97,T98,T99,T100,T101,T102,T103,T104,T105,T106,T107,T108,T109,T110,T111,T112,T113,T114,T115,T116
STAT,(NULL),Coarsen,117,2277,2277,0,0,0,0,0,0,0,0,0,0,0,0,0,0,0,0,0,0,0,0,0,0,0,0,0,0,0,0,0,0,0,0,0,0,0,0,0,0,0,0,0,0,0,0,0,0,0,0,0,0,0,0,0,0,0,0,0,0,0,0,0,0,0,0,0,0,0,0,0,0,0,0,0,0,0,0,0,0,0,0,0,0,0,0,0,0,0,0,0,0,0,0,0,0,0,0,0,0,0,0,0,0,0,0,0,0,0,0,0,0,0,0,0,0,0,0
STAT,(NULL),Conflicts,117,0,0,0,0,0,0,0,0,0,0,0,0,0,0,0,0,0,0,0,0,0,0,0,0,0,0,0,0,0,0,0,0,0,0,0,0,0,0,0,0,0,0,0,0,0,0,0,0,0,0,0,0,0,0,0,0,0,0,0,0,0,0,0,0,0,0,0,0,0,0,0,0,0,0,0,0,0,0,0,0,0,0,0,0,0,0,0,0,0,0,0,0,0,0,0,0,0,0,0,0,0,0,0,0,0,0,0,0,0,0,0,0,0,0,0,0,0,0
STAT,(NULL),Iterations,117,255,8,4,8,0,0,1,5,2,3,0,2,4,4,1,4,0,1,1,0,4,5,2,4,6,1,1,6,0,3,2,0,1,2,1,1,3,3,1,1,0,3,4,3,6,4,4,0,0,0,3,1,0,1,0,0,1,3,2,1,6,3,1,4,0,2,3,3,0,1,0,4,1,3,5,2,3,3,0,0,0,4,7,0,2,3,0,2,1,0,0,0,3,2,0,0,4,3,0,3,0,2,4,3,3,2,3,5,0,0,1,3,3,1,4,2,9,1
STAT,(NULL),MeminfoPost,117,756599,6469,6474,6486,6461,6466,6464,6486,6545,6463,6456,6462,6478,6497,6471,6458,6457,6474,6472,6450,6461,6466,6484,6479,6477,6442,6484,6502,6529,6454,6456,6468,6478,6476,6487,6452,6455,6493,6455,6450,6467,6474,6471,6497,6465,6480,6461,6461,6456,6468,6436,6463,6484,6456,6459,6449,6446,6456,6479,6497,6454,6454,6478,6442,6435,6472,6480,6483,6463,6452,6460,6456,6443,6440,6447,6470,6440,6500,6505,6483,6450,6473,6435,6456,6476,6483,6456,6459,6455,6446,6447,6455,6446,6503,6510,6477,6455,6440,6463,6515,6487,6506,6450,6471,6454,6461,6432,6447,6476,6442,6432,6449,6465,6448,6463,6468,6467,6462
STAT,(NULL),MeminfoPre,117,189149,1619,1624,1636,1611,1616,1614,1636,1695,1613,1606,1612,1628,1647,1621,1608,1607,1624,1622,1600,1611,1616,1634,1629,1627,1592,1634,1652,1679,1604,1606,1618,1628,1626,1637,1602,1605,1643,1605,1600,1617,1624,1621,1647,1615,1630,1611,1611,1606,1618,1586,1613,1634,1606,1609,1599,1596,1606,1629,1647,1604,1604,1628,1592,1585,1622,1630,1633,1613,1602,1610,1606,1593,1590,1597,1620,1590,1650,1655,1633,1600,1623,1585,1606,1626,1633,1606,1609,1605,1596,1597,1605,1596,1653,1660,1627,1605,1590,1613,1665,1637,1656,1600,1621,1604,1611,1582,1597,1626,1592,1582,1599,1615,1598,1613,1618,1617,1612
STAT,(NULL),Partition,117,415,415,0,0,0,0,0,0,0,0,0,0,0,0,0,0,0,0,0,0,0,0,0,0,0,0,0,0,0,0,0,0,0,0,0,0,0,0,0,0,0,0,0,0,0,0,0,0,0,0,0,0,0,0,0,0,0,0,0,0,0,0,0,0,0,0,0,0,0,0,0,0,0,0,0,0,0,0,0,0,0,0,0,0,0,0,0,0,0,0,0,0,0,0,0,0,0,0,0,0,0,0,0,0,0,0,0,0,0,0,0,0,0,0,0,0,0,0
STAT,(NULL),Refine,117,1175,1175,0,0,0,0,0,0,0,0,0,0,0,0,0,0,0,0,0,0,0,0,0,0,0,0,0,0,0,0,0,0,0,0,0,0,0,0,0,0,0,0,0,0,0,0,0,0,0,0,0,0,0,0,0,0,0,0,0,0,0,0,0,0,0,0,0,0,0,0,0,0,0,0,0,0,0,0,0,0,0,0,0,0,0,0,0,0,0,0,0,0,0,0,0,0,0,0,0,0,0,0,0,0,0,0,0,0,0,0,0,0,0,0,0,0,0,0
STAT,(NULL),Threads,117,117,117,0,0,0,0,0,0,0,0,0,0,0,0,0,0,0,0,0,0,0,0,0,0,0,0,0,0,0,0,0,0,0,0,0,0,0,0,0,0,0,0,0,0,0,0,0,0,0,0,0,0,0,0,0,0,0,0,0,0,0,0,0,0,0,0,0,0,0,0,0,0,0,0,0,0,0,0,0,0,0,0,0,0,0,0,0,0,0,0,0,0,0,0,0,0,0,0,0,0,0,0,0,0,0,0,0,0,0,0,0,0,0,0,0,0,0,0
STAT,(NULL),Time,117,4044,4044,0,0,0,0,0,0,0,0,0,0,0,0,0,0,0,0,0,0,0,0,0,0,0,0,0,0,0,0,0,0,0,0,0,0,0,0,0,0,0,0,0,0,0,0,0,0,0,0,0,0,0,0,0,0,0,0,0,0,0,0,0,0,0,0,0,0,0,0,0,0,0,0,0,0,0,0,0,0,0,0,0,0,0,0,0,0,0,0,0,0,0,0,0,0,0,0,0,0,0,0,0,0,0,0,0,0,0,0,0,0,0,0,0,0,0,0
STAT,match,Conflicts,117,5921,87,64,73,72,72,85,75,63,74,66,66,69,69,81,78,63,72,70,77,68,58,71,60,60,65,65,61,62,70,55,54,46,54,47,51,58,47,52,62,53,49,47,36,52,57,63,56,48,57,58,47,41,55,51,46,63,34,38,54,34,43,36,37,38,41,38,44,44,31,45,48,40,43,34,45,54,35,46,29,59,47,46,49,37,45,33,37,33,37,42,28,33,36,37,40,38,39,42,30,53,47,34,38,25,45,48,37,40,45,42,40,44,44,56,45,44,54
STAT,match,Iterations,117,14986706,96271,112229,119950,118851,102094,124312,115193,115533,128219,118050,104563,118536,109184,109052,124408,109369,103580,123319,108326,109510,133041,108956,109464,138163,115278,104954,121714,111896,121376,119637,104310,115705,105043,125740,122481,121553,117170,138581,130435,114113,104792,129222,120365,138656,113891,107993,114990,132823,116497,121398,125776,130793,108990,121691,115963,122181,140571,139272,133041,163600,136460,135510,141142,141152,151195,137141,128310,126350,142965,138641,143361,148122,152141,143804,144501,145951,131929,133509,145910,133048,141817,134451,119690,142528,120336,141639,125439,128465,139236,135299,134336,144234,136377,147498,130735,143051,146064,113645,156178,133005,132256,143096,146383,149434,129341,132278,139222,135725,135652,137863,147234,137725,136155,130226,135502,113391,137394
STAT,popedge,Conflicts,117,0,0,0,0,0,0,0,0,0,0,0,0,0,0,0,0,0,0,0,0,0,0,0,0,0,0,0,0,0,0,0,0,0,0,0,0,0,0,0,0,0,0,0,0,0,0,0,0,0,0,0,0,0,0,0,0,0,0,0,0,0,0,0,0,0,0,0,0,0,0,0,0,0,0,0,0,0,0,0,0,0,0,0,0,0,0,0,0,0,0,0,0,0,0,0,0,0,0,0,0,0,0,0,0,0,0,0,0,0,0,0,0,0,0,0,0,0,0
STAT,popedge,Iterations,117,7342634,64864,63649,62982,62903,64419,60897,62249,60542,62458,64379,65630,63545,63583,62966,64123,63616,65194,61883,66184,62200,60089,62357,60900,59518,62094,63654,60001,61233,65237,61785,63581,61194,61802,59050,61061,61451,57034,63539,62546,60094,59014,58621,59144,57955,60929,62737,62264,63707,65606,64558,62424,61416,65226,63236,63713,63108,67666,69442,68639,71034,72665,63474,63245,64210,61004,62606,61848,61545,63561,61960,61032,61324,61823,62509,59753,63347,61128,62103,60413,64127,57366,62492,61449,62742,61555,59951,62830,62173,61438,62361,60563,64284,61496,61329,60670,61200,58765,57860,65314,64829,64576,63270,63513,62709,61540,65921,65506,63168,63320,67185,63438,65272,63891,62624,63156,69514,62762
STAT,refine,Conflicts,117,4869,117,112,103,92,113,97,94,84,79,88,76,74,82,74,70,64,62,62,68,61,55,67,64,62,59,65,48,66,45,57,52,36,39,39,41,46,39,38,28,49,29,47,48,43,37,41,42,53,40,40,42,38,33,38,48,42,35,36,44,25,42,23,26,22,11,27,31,31,17,26,29,27,17,30,20,36,25,29,24,29,32,30,22,24,24,17,31,22,31,23,22,23,22,26,20,29,24,24,28,24,32,19,24,20,25,19,24,25,18,23,22,28,27,18,12,22,23
STAT,refine,Iterations,117,133357,1122,882,1490,894,1323,1385,1320,1525,1427,1049,1129,943,1454,994,1171,1075,1309,1341,1063,723,848,1149,850,1121,970,1354,1124,1392,922,1166,1157,1075,1201,847,1072,1076,1423,1380,736,1093,899,1138,1010,790,812,881,1097,825,930,969,1325,1235,937,1086,1229,1217,1654,1441,1737,1007,1148,1387,1058,1050,803,1459,1395,1294,1064,1346,974,1394,1128,1573,1222,1181,1157,1448,1397,1006,944,851,1045,1256,1313,1020,1354,1014,1295,1083,1221,1118,1155,1482,1026,1344,986,1312,1613,1134,1290,728,991,1000,941,896,903,1130,723,1032,1129,1373,1102,948,935,1187,1205
