Hello from MIC
Galois Benchmark Suite v2.2.0 (r0)
Copyright (C) 2013 The University of Texas at Austin
http://iss.ices.utexas.edu/galois/

application: GMetis
Partitions a graph into K parts and minimizing the graph cut
http://iss.ices.utexas.edu/?p=projects/galois/benchmarks/gMetis

INFO: CommandLine /work/02556/dpereira/MIC/apps/gmetis/gmetis -t=183 /work/02556/dpereira/Inputs/USA-road-d.W.gr 1024
INFO: Hostname c558-402-mic0.stampede.tacc.utexas.edu
Created Graph with 6262104 nodes and 15248146 edges
Nodes 6262104| Edges 15248146 7624073

  Starting coarsening: 
Time coarsen:  2480 Size of final graph: 21842

  Sarting initial partitioning using GGGP:
Size in decade percentages:  -1,67 -0,880 1,77
Time clustering:  1055

  Sarting refinnement with BKL2
Initial dist
Size in decade percentages:  -1,67 -0,880 1,77
Refined dist
Size in decade percentages:  -1,377 0,272 1,374 2,1
Time refinement:  1713


Time:  5428
Total edge cut : 31929

Part saved in : 0x7fff49616e60
STATTYPE,LOOP,CATEGORY,n,sum,T0,T1,T2,T3,T4,T5,T6,T7,T8,T9,T10,T11,T12,T13,T14,T15,T16,T17,T18,T19,T20,T21,T22,T23,T24,T25,T26,T27,T28,T29,T30,T31,T32,T33,T34,T35,T36,T37,T38,T39,T40,T41,T42,T43,T44,T45,T46,T47,T48,T49,T50,T51,T52,T53,T54,T55,T56,T57,T58,T59,T60,T61,T62,T63,T64,T65,T66,T67,T68,T69,T70,T71,T72,T73,T74,T75,T76,T77,T78,T79,T80,T81,T82,T83,T84,T85,T86,T87,T88,T89,T90,T91,T92,T93,T94,T95,T96,T97,T98,T99,T100,T101,T102,T103,T104,T105,T106,T107,T108,T109,T110,T111,T112,T113,T114,T115,T116,T117,T118,T119,T120,T121,T122,T123,T124,T125,T126,T127,T128,T129,T130,T131,T132,T133,T134,T135,T136,T137,T138,T139,T140,T141,T142,T143,T144,T145,T146,T147,T148,T149,T150,T151,T152,T153,T154,T155,T156,T157,T158,T159,T160,T161,T162,T163,T164,T165,T166,T167,T168,T169,T170,T171,T172,T173,T174,T175,T176,T177,T178,T179,T180,T181,T182
STAT,(NULL),Coarsen,183,2480,2480,0,0,0,0,0,0,0,0,0,0,0,0,0,0,0,0,0,0,0,0,0,0,0,0,0,0,0,0,0,0,0,0,0,0,0,0,0,0,0,0,0,0,0,0,0,0,0,0,0,0,0,0,0,0,0,0,0,0,0,0,0,0,0,0,0,0,0,0,0,0,0,0,0,0,0,0,0,0,0,0,0,0,0,0,0,0,0,0,0,0,0,0,0,0,0,0,0,0,0,0,0,0,0,0,0,0,0,0,0,0,0,0,0,0,0,0,0,0,0,0,0,0,0,0,0,0,0,0,0,0,0,0,0,0,0,0,0,0,0,0,0,0,0,0,0,0,0,0,0,0,0,0,0,0,0,0,0,0,0,0,0,0,0,0,0,0,0,0,0,0,0,0,0,0,0,0,0,0,0,0,0,0
STAT,(NULL),Conflicts,183,0,0,0,0,0,0,0,0,0,0,0,0,0,0,0,0,0,0,0,0,0,0,0,0,0,0,0,0,0,0,0,0,0,0,0,0,0,0,0,0,0,0,0,0,0,0,0,0,0,0,0,0,0,0,0,0,0,0,0,0,0,0,0,0,0,0,0,0,0,0,0,0,0,0,0,0,0,0,0,0,0,0,0,0,0,0,0,0,0,0,0,0,0,0,0,0,0,0,0,0,0,0,0,0,0,0,0,0,0,0,0,0,0,0,0,0,0,0,0,0,0,0,0,0,0,0,0,0,0,0,0,0,0,0,0,0,0,0,0,0,0,0,0,0,0,0,0,0,0,0,0,0,0,0,0,0,0,0,0,0,0,0,0,0,0,0,0,0,0,0,0,0,0,0,0,0,0,0,0,0,0,0,0,0
STAT,(NULL),Iterations,183,2047,11,10,8,12,8,8,14,17,9,11,13,9,8,15,5,16,11,9,15,13,15,19,25,3,5,10,10,12,5,16,9,3,7,14,5,18,9,13,9,7,15,16,16,10,17,11,12,5,15,10,9,3,7,14,11,4,15,7,10,8,9,10,4,13,18,10,8,18,9,3,3,11,6,13,11,12,18,12,14,9,6,14,15,22,9,18,9,9,8,16,20,14,13,8,10,14,16,14,15,10,14,16,13,11,12,19,12,14,1,16,12,15,10,15,11,12,7,7,12,6,17,14,12,15,8,8,10,13,6,9,2,4,11,9,5,17,5,15,11,9,15,9,10,13,13,13,4,6,16,11,17,15,8,11,6,13,7,17,11,17,12,8,11,12,14,8,12,14,12,9,8,17,12,7,15,13,12,8,15,5,10,14,10
STAT,(NULL),MeminfoPost,183,756882,4139,4126,4157,4142,4150,4129,4141,4122,4142,4141,4146,4199,4164,4122,4133,4131,4131,4143,4144,4147,4129,4155,4140,4121,4129,4135,4145,4147,4124,4125,4133,4138,4138,4146,4144,4142,4126,4142,4124,4143,4152,4160,4191,4151,4121,4134,4128,4137,4136,4146,4160,4137,4140,4128,4130,4127,4145,4151,4122,4129,4129,4130,4147,4141,4130,4157,4152,4129,4145,4144,4133,4137,4136,4128,4127,4128,4141,4114,4127,4143,4142,4138,4128,4133,4129,4121,4119,4124,4137,4127,4164,4160,4133,4122,4126,4138,4143,4123,4113,4118,4137,4140,4146,4149,4147,4126,4133,4123,4140,4125,4129,4127,4122,4114,4129,4116,4146,4122,4121,4152,4170,4156,4156,4126,4126,4144,4131,4112,4119,4139,4144,4145,4144,4130,4123,4138,4127,4131,4120,4115,4126,4138,4121,4127,4157,4164,4165,4148,4130,4124,4125,4123,4134,4154,4171,4149,4158,4156,4126,4125,4149,4119,4140,4127,4117,4117,4128,4125,4149,4119,4116,4110,4131,4120,4142,4120,4129,4129,4139,4136,4141,4125,4137
STAT,(NULL),MeminfoPre,183,189216,1037,1024,1055,1040,1048,1027,1039,1020,1040,1039,1044,1097,1062,1020,1031,1029,1029,1041,1042,1045,1027,1053,1038,1019,1027,1033,1043,1045,1022,1023,1031,1036,1036,1044,1042,1040,1024,1040,1022,1041,1050,1058,1089,1049,1019,1032,1026,1035,1034,1044,1058,1035,1038,1026,1028,1025,1043,1049,1020,1027,1027,1028,1045,1039,1028,1055,1050,1027,1043,1042,1031,1035,1034,1026,1025,1026,1039,1012,1025,1041,1040,1036,1026,1031,1027,1019,1017,1022,1035,1025,1062,1058,1031,1020,1024,1036,1041,1021,1011,1016,1035,1038,1044,1047,1045,1024,1031,1021,1038,1023,1027,1025,1020,1012,1027,1014,1044,1020,1019,1050,1068,1054,1054,1024,1024,1042,1029,1010,1017,1037,1042,1043,1042,1028,1021,1036,1025,1029,1018,1013,1024,1036,1019,1025,1055,1062,1063,1046,1028,1022,1023,1021,1032,1052,1069,1047,1056,1054,1024,1023,1047,1017,1038,1025,1015,1015,1026,1023,1047,1017,1014,1008,1029,1018,1040,1018,1027,1027,1037,1034,1039,1023,1035
STAT,(NULL),Partition,183,1055,1055,0,0,0,0,0,0,0,0,0,0,0,0,0,0,0,0,0,0,0,0,0,0,0,0,0,0,0,0,0,0,0,0,0,0,0,0,0,0,0,0,0,0,0,0,0,0,0,0,0,0,0,0,0,0,0,0,0,0,0,0,0,0,0,0,0,0,0,0,0,0,0,0,0,0,0,0,0,0,0,0,0,0,0,0,0,0,0,0,0,0,0,0,0,0,0,0,0,0,0,0,0,0,0,0,0,0,0,0,0,0,0,0,0,0,0,0,0,0,0,0,0,0,0,0,0,0,0,0,0,0,0,0,0,0,0,0,0,0,0,0,0,0,0,0,0,0,0,0,0,0,0,0,0,0,0,0,0,0,0,0,0,0,0,0,0,0,0,0,0,0,0,0,0,0,0,0,0,0,0,0,0,0
STAT,(NULL),Refine,183,1713,1713,0,0,0,0,0,0,0,0,0,0,0,0,0,0,0,0,0,0,0,0,0,0,0,0,0,0,0,0,0,0,0,0,0,0,0,0,0,0,0,0,0,0,0,0,0,0,0,0,0,0,0,0,0,0,0,0,0,0,0,0,0,0,0,0,0,0,0,0,0,0,0,0,0,0,0,0,0,0,0,0,0,0,0,0,0,0,0,0,0,0,0,0,0,0,0,0,0,0,0,0,0,0,0,0,0,0,0,0,0,0,0,0,0,0,0,0,0,0,0,0,0,0,0,0,0,0,0,0,0,0,0,0,0,0,0,0,0,0,0,0,0,0,0,0,0,0,0,0,0,0,0,0,0,0,0,0,0,0,0,0,0,0,0,0,0,0,0,0,0,0,0,0,0,0,0,0,0,0,0,0,0,0
STAT,(NULL),Threads,183,183,183,0,0,0,0,0,0,0,0,0,0,0,0,0,0,0,0,0,0,0,0,0,0,0,0,0,0,0,0,0,0,0,0,0,0,0,0,0,0,0,0,0,0,0,0,0,0,0,0,0,0,0,0,0,0,0,0,0,0,0,0,0,0,0,0,0,0,0,0,0,0,0,0,0,0,0,0,0,0,0,0,0,0,0,0,0,0,0,0,0,0,0,0,0,0,0,0,0,0,0,0,0,0,0,0,0,0,0,0,0,0,0,0,0,0,0,0,0,0,0,0,0,0,0,0,0,0,0,0,0,0,0,0,0,0,0,0,0,0,0,0,0,0,0,0,0,0,0,0,0,0,0,0,0,0,0,0,0,0,0,0,0,0,0,0,0,0,0,0,0,0,0,0,0,0,0,0,0,0,0,0,0,0
STAT,(NULL),Time,183,5428,5428,0,0,0,0,0,0,0,0,0,0,0,0,0,0,0,0,0,0,0,0,0,0,0,0,0,0,0,0,0,0,0,0,0,0,0,0,0,0,0,0,0,0,0,0,0,0,0,0,0,0,0,0,0,0,0,0,0,0,0,0,0,0,0,0,0,0,0,0,0,0,0,0,0,0,0,0,0,0,0,0,0,0,0,0,0,0,0,0,0,0,0,0,0,0,0,0,0,0,0,0,0,0,0,0,0,0,0,0,0,0,0,0,0,0,0,0,0,0,0,0,0,0,0,0,0,0,0,0,0,0,0,0,0,0,0,0,0,0,0,0,0,0,0,0,0,0,0,0,0,0,0,0,0,0,0,0,0,0,0,0,0,0,0,0,0,0,0,0,0,0,0,0,0,0,0,0,0,0,0,0,0,0
STAT,match,Conflicts,183,5628,52,38,45,48,46,43,51,36,42,38,39,40,50,48,37,40,42,40,41,50,51,40,36,41,42,47,40,41,41,36,39,46,36,43,36,39,39,40,32,36,29,37,35,40,30,39,32,35,40,39,36,38,39,38,46,37,43,38,39,36,33,23,22,27,23,21,24,27,20,18,27,24,26,25,35,23,21,30,24,38,29,29,24,22,24,22,26,23,29,28,22,24,28,30,23,25,29,31,31,26,27,31,31,27,25,29,28,28,28,23,34,26,30,25,24,27,20,24,24,28,31,22,27,23,23,27,20,28,31,16,27,27,27,20,25,25,23,39,23,27,23,32,21,20,27,31,27,25,26,28,23,25,23,29,32,29,27,31,34,24,23,27,18,31,23,28,24,30,28,33,27,25,29,27,16,27,23,21,30,25,26,27,24
STAT,match,Iterations,183,14955035,47012,80328,72723,59019,66372,62191,53613,69890,64446,82340,74756,61976,73123,59769,61600,77212,70625,60365,61810,51351,71902,67429,70193,58860,74638,70129,65192,62995,66281,66923,72774,81936,81968,77156,73241,71971,88836,62093,77403,66248,85916,61850,64475,74111,73447,68615,77043,63588,84921,73482,66545,86480,69449,54614,57395,72465,70101,79284,72346,69327,81343,91490,85362,85464,94745,79146,88768,93207,80747,91166,68267,80042,70637,89210,93367,87462,112197,87213,97531,86189,78982,81808,91729,91623,103473,110518,87431,96379,86517,91136,91492,88515,98113,83101,89526,82734,84646,95693,85009,93795,105441,70096,92056,75003,89269,74021,85945,73255,88064,68194,68390,84350,86767,83311,100161,66919,88613,84023,87371,95766,86263,82130,87484,72875,91130,72043,83247,76617,92457,111362,78862,87535,78850,88598,78928,113901,101138,71954,90448,83251,94316,83344,103377,97183,87723,85535,78338,97460,74886,99005,93559,99594,91288,78546,86624,93826,94632,76397,92920,95788,91955,90154,79850,70219,97163,88041,104277,93635,71999,91829,94262,76228,97001,86968,90928,88639,112612,95697,89293,89977,72041,89383,72539
STAT,popedge,Conflicts,183,0,0,0,0,0,0,0,0,0,0,0,0,0,0,0,0,0,0,0,0,0,0,0,0,0,0,0,0,0,0,0,0,0,0,0,0,0,0,0,0,0,0,0,0,0,0,0,0,0,0,0,0,0,0,0,0,0,0,0,0,0,0,0,0,0,0,0,0,0,0,0,0,0,0,0,0,0,0,0,0,0,0,0,0,0,0,0,0,0,0,0,0,0,0,0,0,0,0,0,0,0,0,0,0,0,0,0,0,0,0,0,0,0,0,0,0,0,0,0,0,0,0,0,0,0,0,0,0,0,0,0,0,0,0,0,0,0,0,0,0,0,0,0,0,0,0,0,0,0,0,0,0,0,0,0,0,0,0,0,0,0,0,0,0,0,0,0,0,0,0,0,0,0,0,0,0,0,0,0,0,0,0,0,0
STAT,popedge,Iterations,183,7325271,39842,39574,37410,37505,36995,38357,39412,39466,39123,38885,38303,38349,37615,40703,41778,38578,39590,40029,40765,39998,38033,41348,39295,41692,39639,38815,41192,40886,40906,40939,39887,42080,39956,40335,39100,41572,40885,40903,41857,39975,39464,40944,39364,38559,42631,41288,38543,41112,42508,38369,39451,39706,39653,41188,40142,38971,39296,40430,40587,40236,38811,37442,36990,36863,37377,36356,38191,37824,36526,38193,39551,39123,37244,37380,37962,40341,39330,38275,39390,37898,37886,37890,40854,39332,40746,39366,37190,39341,39348,39621,41786,39775,40491,42235,43395,41302,40900,43380,42683,43878,37397,40796,41024,41256,39196,42008,40052,39452,40755,41916,40982,40391,40395,42417,39228,42845,39021,41070,42976,39895,40487,40935,39465,40522,38799,37793,37083,40608,37755,40249,36729,37993,37373,39770,39619,39769,41088,39690,39634,39698,39574,37849,37631,40630,39125,40413,38552,37718,38625,38779,41212,40402,43081,42405,41747,42342,42045,41172,42814,43201,43585,41809,44761,40922,40255,38383,42345,40200,41121,40909,41998,43450,39949,41009,42463,40981,40414,38985,40804,40756,41363,43525,41356
STAT,refine,Conflicts,183,5449,69,63,72,69,61,67,79,57,57,62,62,66,61,65,63,50,50,46,51,52,53,53,47,52,43,56,51,47,49,49,43,43,34,47,40,33,31,32,45,35,33,37,37,41,29,32,38,41,32,43,38,36,31,33,43,37,32,28,34,30,37,23,25,20,25,24,22,27,18,24,21,21,26,19,27,19,26,22,20,17,27,22,23,18,9,21,27,21,26,16,15,22,20,22,29,22,19,17,18,24,17,19,26,26,17,23,13,24,31,18,16,19,20,17,22,25,23,29,18,18,19,20,21,20,28,27,12,20,20,16,17,23,21,21,14,29,20,30,16,18,17,19,27,25,21,26,20,30,16,19,26,38,28,19,22,22,15,19,27,21,25,20,19,19,20,15,21,24,25,23,15,23,23,28,17,21,19,21,17,18,13,21,21
STAT,refine,Iterations,183,429885,1897,2529,2645,2033,2058,1807,1673,1986,2494,2418,2350,2845,2484,1899,2257,2344,1782,1889,2053,1964,2038,2335,1891,2211,2330,2538,2059,2166,1926,2126,2291,2702,2673,2663,2179,2091,2258,1800,2300,2000,2528,2007,2237,2844,2029,1818,2094,2143,2105,2345,1972,2339,2012,2008,1589,2248,2051,2601,1996,1870,2583,2475,2392,2262,2411,2277,2496,2690,2139,2572,2411,2302,2253,2475,2080,2493,2936,1836,2470,1864,2375,2141,2579,2590,2730,2772,2925,2724,2656,2543,2839,2644,2739,2801,3003,2388,2338,2472,2066,2323,2611,1985,2494,2418,2549,1900,2027,1840,2788,1817,1890,2151,2235,2098,2644,1753,2517,2546,2310,2802,2736,2946,2665,2282,2562,2090,2001,1772,2132,2627,2233,2705,2311,2583,2176,2417,2852,2416,1939,2238,2771,2205,2564,2510,2769,3005,2598,2912,1629,2772,2729,2958,2837,2981,2870,3149,2984,2211,2115,2526,2709,2292,2453,1951,2229,1808,2354,2359,2453,2610,2276,2055,2438,2460,2752,2085,2702,2610,2163,2001,2241,2324,2522
