Hello from MIC
Galois Benchmark Suite v2.2.0 (r0)
Copyright (C) 2013 The University of Texas at Austin
http://iss.ices.utexas.edu/galois/

application: GMetis
Partitions a graph into K parts and minimizing the graph cut
http://iss.ices.utexas.edu/?p=projects/galois/benchmarks/gMetis

INFO: CommandLine /work/02556/dpereira/MIC/apps/gmetis/gmetis -t=57 /work/02556/dpereira/Inputs/USA-road-d.W.gr 16
INFO: Hostname c557-903-mic0.stampede.tacc.utexas.edu
Created Graph with 6262104 nodes and 15248146 edges
Nodes 6262104| Edges 15248146 7624073

  Starting coarsening: 
Time coarsen:  2520 Size of final graph: 422

  Sarting initial partitioning using GGGP:
Size in decade percentages:  -0,15 1,1
Time clustering:  359

  Sarting refinnement with BKL2
Initial dist
Size in decade percentages:  -0,15 1,1
Refined dist
Size in decade percentages:  -1,7 0,4 1,5
Time refinement:  797


Time:  3852
Total edge cut : 2000

Part saved in : 0x7fff77f96c60
STATTYPE,LOOP,CATEGORY,n,sum,T0,T1,T2,T3,T4,T5,T6,T7,T8,T9,T10,T11,T12,T13,T14,T15,T16,T17,T18,T19,T20,T21,T22,T23,T24,T25,T26,T27,T28,T29,T30,T31,T32,T33,T34,T35,T36,T37,T38,T39,T40,T41,T42,T43,T44,T45,T46,T47,T48,T49,T50,T51,T52,T53,T54,T55,T56
STAT,(NULL),Coarsen,57,2520,2520,0,0,0,0,0,0,0,0,0,0,0,0,0,0,0,0,0,0,0,0,0,0,0,0,0,0,0,0,0,0,0,0,0,0,0,0,0,0,0,0,0,0,0,0,0,0,0,0,0,0,0,0,0,0,0,0
STAT,(NULL),Conflicts,57,0,0,0,0,0,0,0,0,0,0,0,0,0,0,0,0,0,0,0,0,0,0,0,0,0,0,0,0,0,0,0,0,0,0,0,0,0,0,0,0,0,0,0,0,0,0,0,0,0,0,0,0,0,0,0,0,0,0
STAT,(NULL),Iterations,57,31,6,2,0,0,2,0,0,0,1,1,4,0,0,0,1,2,3,2,0,3,0,0,0,1,0,0,0,0,0,0,0,1,0,2,0,0,0,0,0,0,0,0,0,0,0,0,0,0,0,0,0,0,0,0,0,0,0
STAT,(NULL),MeminfoPost,57,756352,13280,13280,13268,13371,13256,13275,13299,13244,13285,13255,13294,13261,13288,13345,13264,13295,13266,13277,13250,13277,13302,13282,13257,13257,13247,13270,13232,13243,13318,13258,13218,13275,13289,13253,13234,13222,13244,13340,13268,13241,13273,13267,13253,13217,13260,13354,13244,13273,13341,13265,13257,13225,13251,13211,13247,13267,13267
STAT,(NULL),MeminfoPre,57,189088,3328,3328,3316,3419,3304,3323,3347,3292,3333,3303,3342,3309,3336,3393,3312,3343,3314,3325,3298,3325,3350,3330,3305,3305,3295,3318,3280,3291,3366,3306,3266,3323,3337,3301,3282,3270,3292,3388,3316,3289,3321,3315,3301,3265,3308,3402,3292,3321,3389,3313,3305,3273,3299,3259,3295,3315,3315
STAT,(NULL),Partition,57,359,359,0,0,0,0,0,0,0,0,0,0,0,0,0,0,0,0,0,0,0,0,0,0,0,0,0,0,0,0,0,0,0,0,0,0,0,0,0,0,0,0,0,0,0,0,0,0,0,0,0,0,0,0,0,0,0,0
STAT,(NULL),Refine,57,797,797,0,0,0,0,0,0,0,0,0,0,0,0,0,0,0,0,0,0,0,0,0,0,0,0,0,0,0,0,0,0,0,0,0,0,0,0,0,0,0,0,0,0,0,0,0,0,0,0,0,0,0,0,0,0,0,0
STAT,(NULL),Threads,57,57,57,0,0,0,0,0,0,0,0,0,0,0,0,0,0,0,0,0,0,0,0,0,0,0,0,0,0,0,0,0,0,0,0,0,0,0,0,0,0,0,0,0,0,0,0,0,0,0,0,0,0,0,0,0,0,0,0
STAT,(NULL),Time,57,3852,3852,0,0,0,0,0,0,0,0,0,0,0,0,0,0,0,0,0,0,0,0,0,0,0,0,0,0,0,0,0,0,0,0,0,0,0,0,0,0,0,0,0,0,0,0,0,0,0,0,0,0,0,0,0,0,0,0
STAT,match,Conflicts,57,4658,156,125,104,102,82,101,127,79,63,82,94,89,99,128,108,61,86,62,80,84,78,76,91,76,80,60,69,98,94,55,63,81,57,53,60,75,86,58,55,48,65,58,50,62,73,73,79,71,61,91,65,85,48,143,113,86,110
STAT,match,Iterations,57,14962947,235597,255087,257197,235231,271578,247717,252491,270762,267368,266477,261462,268541,257536,255910,265704,272924,263036,277728,274346,259070,273706,250491,261575,266488,260989,267663,274137,265191,247121,273281,280806,257636,252014,272546,283075,274567,267521,245297,253641,256095,248141,259910,258890,266696,258718,230232,266789,251288,259430,272569,277321,270588,251900,287626,268818,273428,261001
STAT,popedge,Conflicts,57,0,0,0,0,0,0,0,0,0,0,0,0,0,0,0,0,0,0,0,0,0,0,0,0,0,0,0,0,0,0,0,0,0,0,0,0,0,0,0,0,0,0,0,0,0,0,0,0,0,0,0,0,0,0,0,0,0,0
STAT,popedge,Iterations,57,7332095,126976,127193,127159,123894,127741,123686,124859,127630,129886,131606,125859,126461,127292,123260,126364,122044,129167,127700,128793,117917,117922,114762,119095,124084,129946,123069,126436,127558,125873,131438,132663,131283,129465,130545,131147,134366,133036,125734,127273,132746,128424,125660,130549,129762,128871,120139,121761,128357,136791,141166,139543,145508,129513,139465,135117,140458,137083
STAT,refine,Conflicts,57,3543,142,141,128,126,96,112,111,91,93,78,95,96,90,75,62,64,75,74,58,46,54,70,73,65,80,56,66,55,55,37,46,52,47,45,45,55,35,53,27,51,47,29,41,30,41,45,33,37,42,35,40,38,39,34,32,29,31
STAT,refine,Iterations,57,38541,714,670,777,635,462,876,761,695,1241,565,670,481,635,646,560,668,563,963,635,528,507,570,696,652,609,750,578,658,901,594,558,695,656,818,623,671,446,1170,597,752,594,725,693,648,669,1038,562,928,479,455,917,401,696,349,336,865,940
