Hello from MIC
Galois Benchmark Suite v2.2.0 (r0)
Copyright (C) 2013 The University of Texas at Austin
http://iss.ices.utexas.edu/galois/

application: GMetis
Partitions a graph into K parts and minimizing the graph cut
http://iss.ices.utexas.edu/?p=projects/galois/benchmarks/gMetis

INFO: CommandLine /work/02556/dpereira/MIC/apps/gmetis/gmetis -t=197 /work/02556/dpereira/Inputs/USA-road-d.W.gr 128
INFO: Hostname c558-002-mic0.stampede.tacc.utexas.edu
Created Graph with 6262104 nodes and 15248146 edges
Nodes 6262104| Edges 15248146 7624073

  Starting coarsening: 
Time coarsen:  3226 Size of final graph: 3127

  Sarting initial partitioning using GGGP:
Size in decade percentages:  -1,8 -0,116 1,4
Time clustering:  452

  Sarting refinnement with BKL2
Initial dist
Size in decade percentages:  -1,8 -0,116 1,4
Refined dist
Size in decade percentages:  -1,45 0,36 1,47
Time refinement:  2044


Time:  5901
Total edge cut : 7990

Part saved in : 0x7fff49d85060
STATTYPE,LOOP,CATEGORY,n,sum,T0,T1,T2,T3,T4,T5,T6,T7,T8,T9,T10,T11,T12,T13,T14,T15,T16,T17,T18,T19,T20,T21,T22,T23,T24,T25,T26,T27,T28,T29,T30,T31,T32,T33,T34,T35,T36,T37,T38,T39,T40,T41,T42,T43,T44,T45,T46,T47,T48,T49,T50,T51,T52,T53,T54,T55,T56,T57,T58,T59,T60,T61,T62,T63,T64,T65,T66,T67,T68,T69,T70,T71,T72,T73,T74,T75,T76,T77,T78,T79,T80,T81,T82,T83,T84,T85,T86,T87,T88,T89,T90,T91,T92,T93,T94,T95,T96,T97,T98,T99,T100,T101,T102,T103,T104,T105,T106,T107,T108,T109,T110,T111,T112,T113,T114,T115,T116,T117,T118,T119,T120,T121,T122,T123,T124,T125,T126,T127,T128,T129,T130,T131,T132,T133,T134,T135,T136,T137,T138,T139,T140,T141,T142,T143,T144,T145,T146,T147,T148,T149,T150,T151,T152,T153,T154,T155,T156,T157,T158,T159,T160,T161,T162,T163,T164,T165,T166,T167,T168,T169,T170,T171,T172,T173,T174,T175,T176,T177,T178,T179,T180,T181,T182,T183,T184,T185,T186,T187,T188,T189,T190,T191,T192,T193,T194,T195,T196
STAT,(NULL),Coarsen,197,3226,3226,0,0,0,0,0,0,0,0,0,0,0,0,0,0,0,0,0,0,0,0,0,0,0,0,0,0,0,0,0,0,0,0,0,0,0,0,0,0,0,0,0,0,0,0,0,0,0,0,0,0,0,0,0,0,0,0,0,0,0,0,0,0,0,0,0,0,0,0,0,0,0,0,0,0,0,0,0,0,0,0,0,0,0,0,0,0,0,0,0,0,0,0,0,0,0,0,0,0,0,0,0,0,0,0,0,0,0,0,0,0,0,0,0,0,0,0,0,0,0,0,0,0,0,0,0,0,0,0,0,0,0,0,0,0,0,0,0,0,0,0,0,0,0,0,0,0,0,0,0,0,0,0,0,0,0,0,0,0,0,0,0,0,0,0,0,0,0,0,0,0,0,0,0,0,0,0,0,0,0,0,0,0,0,0,0,0,0,0,0,0,0,0,0,0,0,0
STAT,(NULL),Conflicts,197,0,0,0,0,0,0,0,0,0,0,0,0,0,0,0,0,0,0,0,0,0,0,0,0,0,0,0,0,0,0,0,0,0,0,0,0,0,0,0,0,0,0,0,0,0,0,0,0,0,0,0,0,0,0,0,0,0,0,0,0,0,0,0,0,0,0,0,0,0,0,0,0,0,0,0,0,0,0,0,0,0,0,0,0,0,0,0,0,0,0,0,0,0,0,0,0,0,0,0,0,0,0,0,0,0,0,0,0,0,0,0,0,0,0,0,0,0,0,0,0,0,0,0,0,0,0,0,0,0,0,0,0,0,0,0,0,0,0,0,0,0,0,0,0,0,0,0,0,0,0,0,0,0,0,0,0,0,0,0,0,0,0,0,0,0,0,0,0,0,0,0,0,0,0,0,0,0,0,0,0,0,0,0,0,0,0,0,0,0,0,0,0,0,0,0,0,0,0
STAT,(NULL),Iterations,197,255,8,0,3,1,3,1,0,0,2,0,0,0,4,0,0,0,0,0,2,1,0,2,6,3,0,0,2,0,0,1,2,1,3,0,0,3,0,4,8,0,0,0,0,2,0,1,0,6,3,6,0,1,0,1,1,1,1,5,0,0,0,3,1,0,0,0,0,0,0,1,0,0,0,2,0,2,0,0,4,5,2,5,2,11,0,4,0,0,0,0,0,2,1,0,0,2,8,0,0,2,0,0,1,1,0,3,2,0,1,0,0,0,4,1,0,0,3,0,1,0,0,0,3,0,2,0,0,0,0,0,2,0,0,0,0,2,0,2,2,0,0,3,0,7,4,0,0,0,0,0,2,1,4,1,2,2,1,5,0,0,3,1,1,1,0,3,4,1,2,0,2,0,2,3,6,3,1,0,0,0,3,0,1,0,1,0,2,0,2,0,4,0,0,0,0,0,2
STAT,(NULL),MeminfoPost,197,756722,3846,3831,3858,3850,3853,3838,3836,3841,3833,3846,3861,3846,3900,3870,3828,3841,3832,3828,3850,3848,3853,3853,3847,3847,3840,3830,3837,3838,3852,3855,3830,3827,3835,3843,3832,3859,3850,3854,3837,3837,3840,3834,3847,3861,3846,3899,3870,3831,3839,3835,3828,3848,3847,3854,3853,3847,3846,3840,3829,3837,3839,3850,3854,3830,3828,3835,3843,3851,3841,3835,3860,3863,3836,3841,3853,3845,3833,3850,3833,3838,3830,3843,3836,3821,3834,3843,3853,3843,3837,3840,3832,3833,3824,3832,3834,3832,3840,3864,3865,3839,3827,3836,3830,3864,3829,3823,3819,3829,3846,3845,3852,3852,3852,3834,3843,3822,3849,3829,3834,3838,3822,3827,3822,3841,3824,3849,3828,3825,3857,3871,3864,3865,3837,3831,3831,3855,3827,3820,3828,3844,3850,3846,3853,3835,3831,3844,3829,3835,3831,3825,3829,3827,3845,3828,3833,3861,3866,3866,3863,3838,3830,3836,3827,3833,3839,3872,3866,3853,3863,3861,3835,3829,3846,3832,3835,3836,3841,3823,3817,3835,3836,3855,3824,3824,3814,3842,3823,3841,3838,3823,3839,3841,3843,3843,3842,3832,3841
STAT,(NULL),MeminfoPre,197,189165,965,950,977,969,972,957,955,960,952,965,980,965,1019,989,947,960,951,947,969,967,972,972,966,966,959,949,956,957,971,974,949,946,954,962,951,978,969,973,956,956,959,953,966,980,965,1018,989,950,958,954,947,967,966,973,972,966,965,959,948,956,958,969,973,949,947,954,962,970,960,954,979,982,955,960,972,964,952,969,952,957,949,962,955,940,953,962,972,962,956,959,951,952,943,951,953,951,959,983,984,958,946,955,949,983,948,942,938,948,965,964,971,971,971,953,962,941,968,948,953,957,941,946,941,960,943,968,947,944,976,990,983,984,956,950,950,974,946,939,947,963,969,965,972,954,950,963,948,954,950,944,948,946,964,947,952,980,985,985,982,957,949,955,946,952,958,991,985,972,982,980,954,948,965,951,954,955,960,942,936,954,955,974,943,943,933,961,942,960,957,942,958,960,962,962,961,951,960
STAT,(NULL),Partition,197,452,452,0,0,0,0,0,0,0,0,0,0,0,0,0,0,0,0,0,0,0,0,0,0,0,0,0,0,0,0,0,0,0,0,0,0,0,0,0,0,0,0,0,0,0,0,0,0,0,0,0,0,0,0,0,0,0,0,0,0,0,0,0,0,0,0,0,0,0,0,0,0,0,0,0,0,0,0,0,0,0,0,0,0,0,0,0,0,0,0,0,0,0,0,0,0,0,0,0,0,0,0,0,0,0,0,0,0,0,0,0,0,0,0,0,0,0,0,0,0,0,0,0,0,0,0,0,0,0,0,0,0,0,0,0,0,0,0,0,0,0,0,0,0,0,0,0,0,0,0,0,0,0,0,0,0,0,0,0,0,0,0,0,0,0,0,0,0,0,0,0,0,0,0,0,0,0,0,0,0,0,0,0,0,0,0,0,0,0,0,0,0,0,0,0,0,0,0
STAT,(NULL),Refine,197,2044,2044,0,0,0,0,0,0,0,0,0,0,0,0,0,0,0,0,0,0,0,0,0,0,0,0,0,0,0,0,0,0,0,0,0,0,0,0,0,0,0,0,0,0,0,0,0,0,0,0,0,0,0,0,0,0,0,0,0,0,0,0,0,0,0,0,0,0,0,0,0,0,0,0,0,0,0,0,0,0,0,0,0,0,0,0,0,0,0,0,0,0,0,0,0,0,0,0,0,0,0,0,0,0,0,0,0,0,0,0,0,0,0,0,0,0,0,0,0,0,0,0,0,0,0,0,0,0,0,0,0,0,0,0,0,0,0,0,0,0,0,0,0,0,0,0,0,0,0,0,0,0,0,0,0,0,0,0,0,0,0,0,0,0,0,0,0,0,0,0,0,0,0,0,0,0,0,0,0,0,0,0,0,0,0,0,0,0,0,0,0,0,0,0,0,0,0,0
STAT,(NULL),Threads,197,197,197,0,0,0,0,0,0,0,0,0,0,0,0,0,0,0,0,0,0,0,0,0,0,0,0,0,0,0,0,0,0,0,0,0,0,0,0,0,0,0,0,0,0,0,0,0,0,0,0,0,0,0,0,0,0,0,0,0,0,0,0,0,0,0,0,0,0,0,0,0,0,0,0,0,0,0,0,0,0,0,0,0,0,0,0,0,0,0,0,0,0,0,0,0,0,0,0,0,0,0,0,0,0,0,0,0,0,0,0,0,0,0,0,0,0,0,0,0,0,0,0,0,0,0,0,0,0,0,0,0,0,0,0,0,0,0,0,0,0,0,0,0,0,0,0,0,0,0,0,0,0,0,0,0,0,0,0,0,0,0,0,0,0,0,0,0,0,0,0,0,0,0,0,0,0,0,0,0,0,0,0,0,0,0,0,0,0,0,0,0,0,0,0,0,0,0,0
STAT,(NULL),Time,197,5901,5901,0,0,0,0,0,0,0,0,0,0,0,0,0,0,0,0,0,0,0,0,0,0,0,0,0,0,0,0,0,0,0,0,0,0,0,0,0,0,0,0,0,0,0,0,0,0,0,0,0,0,0,0,0,0,0,0,0,0,0,0,0,0,0,0,0,0,0,0,0,0,0,0,0,0,0,0,0,0,0,0,0,0,0,0,0,0,0,0,0,0,0,0,0,0,0,0,0,0,0,0,0,0,0,0,0,0,0,0,0,0,0,0,0,0,0,0,0,0,0,0,0,0,0,0,0,0,0,0,0,0,0,0,0,0,0,0,0,0,0,0,0,0,0,0,0,0,0,0,0,0,0,0,0,0,0,0,0,0,0,0,0,0,0,0,0,0,0,0,0,0,0,0,0,0,0,0,0,0,0,0,0,0,0,0,0,0,0,0,0,0,0,0,0,0,0,0
STAT,match,Conflicts,197,6507,47,43,48,50,44,49,53,54,45,45,43,55,57,49,40,46,47,43,38,39,46,44,49,44,50,50,43,39,47,45,42,37,38,36,36,37,42,37,35,27,29,39,32,48,44,39,50,30,41,42,38,46,48,42,44,36,43,39,41,39,41,30,27,24,29,28,20,27,27,26,33,35,33,36,31,27,22,21,29,32,29,26,40,28,32,26,27,22,29,32,30,24,32,31,29,35,36,27,28,29,40,23,22,26,27,30,28,42,30,29,28,25,29,26,30,31,27,32,31,24,28,27,30,25,21,30,34,29,25,27,23,18,24,25,26,29,18,25,26,36,28,30,23,27,31,31,31,28,27,33,25,29,31,32,26,23,38,28,30,32,32,33,25,31,32,33,30,38,29,34,35,24,37,32,35,28,29,32,28,36,27,22,28,30,25,27,31,23,19,27,21,29,28,28,22,33,26
STAT,match,Iterations,197,15029291,62507,61628,69110,55861,52099,55093,60223,55027,55856,53862,61742,52154,49900,52070,63636,55937,53508,52851,68432,81333,73133,69886,57256,79591,68973,76016,64109,64014,66323,75108,56104,90975,56992,57272,85359,75162,68955,66077,69936,84397,88276,74398,68931,51834,65782,68703,54317,88560,69495,62501,79072,89278,57998,67687,58575,71679,62609,69714,63570,76375,62824,73220,69279,92605,52760,84210,93873,70838,56696,70938,69616,85041,63500,66646,75667,80141,81876,89514,79987,91397,73418,84807,84429,74304,85042,82936,94412,100585,80178,78827,82564,83014,88863,70866,85337,75414,72789,83419,98486,81651,75381,77584,95640,86004,84633,94219,99662,87812,80997,92077,98669,89462,84565,104022,97861,89963,91437,71399,88284,86406,65621,86109,61903,87306,91595,57441,70084,71123,78857,63810,88003,80743,85403,91481,80602,71991,106191,93801,88565,65407,76073,92205,89339,92909,76495,73209,97807,85030,90897,69168,100864,88641,98524,76454,84940,92477,68336,82399,82828,68068,72217,86884,66311,79871,63596,84349,86413,90493,90613,56214,56365,75622,63208,87400,54389,80616,59206,77851,68067,82528,85706,68806,84662,88041,75375,82439,69291,75466,85062,80301,85445,69165,77174,75281,86125,85719,84454
STAT,popedge,Conflicts,197,0,0,0,0,0,0,0,0,0,0,0,0,0,0,0,0,0,0,0,0,0,0,0,0,0,0,0,0,0,0,0,0,0,0,0,0,0,0,0,0,0,0,0,0,0,0,0,0,0,0,0,0,0,0,0,0,0,0,0,0,0,0,0,0,0,0,0,0,0,0,0,0,0,0,0,0,0,0,0,0,0,0,0,0,0,0,0,0,0,0,0,0,0,0,0,0,0,0,0,0,0,0,0,0,0,0,0,0,0,0,0,0,0,0,0,0,0,0,0,0,0,0,0,0,0,0,0,0,0,0,0,0,0,0,0,0,0,0,0,0,0,0,0,0,0,0,0,0,0,0,0,0,0,0,0,0,0,0,0,0,0,0,0,0,0,0,0,0,0,0,0,0,0,0,0,0,0,0,0,0,0,0,0,0,0,0,0,0,0,0,0,0,0,0,0,0,0,0
STAT,popedge,Iterations,197,7362411,33592,33486,33929,32661,34125,34659,34175,35060,33481,33349,33220,33746,35325,32465,39485,40837,38506,40406,37376,36443,38049,37002,38187,37091,40685,39896,38339,39387,37232,38080,39347,37308,40791,40066,38529,38207,37033,37490,35713,38338,36330,37705,37634,39445,40299,39278,39720,38132,39356,38398,37935,37463,39797,39266,38023,36547,38422,40807,38374,38394,38965,35286,34025,33830,34243,34037,33734,34115,32458,32477,31704,32834,34106,32678,31893,37673,36881,38320,37162,36885,38311,40366,36569,39149,36717,38781,36893,37509,37260,39042,38093,39614,39772,39121,37243,38900,38171,37261,40399,36756,38838,38571,39217,38879,39885,43006,41138,39388,39794,38723,38748,36626,38315,38989,39153,41151,35434,38062,41186,39532,38385,38726,37048,32611,34574,33407,34661,34544,32583,33675,35268,36394,34501,34291,32540,33946,38829,39087,35783,38323,39439,40007,38428,37588,36723,40713,39252,38429,38480,37828,37374,38952,38988,42759,37644,40817,39148,38917,36143,40437,38991,38657,40870,37372,40425,38575,40724,39799,39554,41653,41281,41964,40069,39315,39270,41314,39028,36294,42318,39176,38700,39580,39415,33818,34415,35106,32336,36311,34126,32407,34185,33385,34060,33342,33018,33068,32959
STAT,refine,Conflicts,197,6612,117,125,123,105,101,98,103,93,93,81,73,92,86,82,71,64,64,69,67,63,63,55,79,64,70,61,46,65,56,69,49,44,34,36,40,44,45,46,29,38,38,43,33,42,49,51,40,46,41,34,35,38,38,32,38,40,38,48,38,43,37,18,22,18,17,24,24,15,15,26,27,23,26,26,19,17,15,24,16,28,22,17,25,29,24,22,28,16,41,21,29,23,18,25,26,25,15,21,24,14,19,17,30,21,26,16,20,28,21,26,26,21,23,20,21,17,26,16,21,18,19,22,27,23,28,17,20,18,19,24,18,23,20,24,24,19,15,28,24,17,14,29,25,23,25,29,30,22,25,27,28,25,20,21,18,15,24,39,31,25,17,19,16,21,14,19,24,20,27,21,20,14,15,21,18,17,20,19,28,29,20,25,18,20,17,26,17,19,20,25,16,18,18,21,21,22,23
STAT,refine,Iterations,197,134792,854,728,1038,578,784,773,685,696,699,587,861,652,679,869,521,564,665,505,993,758,894,614,653,639,860,781,732,772,595,822,614,739,583,519,646,826,839,575,579,469,578,719,678,762,742,825,782,695,641,489,689,757,547,630,643,721,404,656,686,484,613,778,518,583,345,673,693,538,619,555,688,830,544,654,756,387,609,728,724,986,674,754,672,567,568,922,881,526,717,649,810,597,687,720,755,772,689,986,680,731,673,603,809,883,781,831,797,772,740,711,767,781,693,567,886,756,689,339,720,452,622,627,725,752,756,359,608,535,664,694,767,614,828,592,741,697,513,725,542,740,766,949,762,674,579,568,726,699,769,585,838,833,752,829,810,821,868,840,806,611,689,709,511,619,650,837,828,826,868,615,711,542,537,526,500,673,542,650,533,637,728,524,576,722,529,651,380,740,696,646,686,680,559,627,561,705,797
