Hello from MIC
Galois Benchmark Suite v2.2.0 (r0)
Copyright (C) 2013 The University of Texas at Austin
http://iss.ices.utexas.edu/galois/

application: GMetis
Partitions a graph into K parts and minimizing the graph cut
http://iss.ices.utexas.edu/?p=projects/galois/benchmarks/gMetis

INFO: CommandLine /work/02556/dpereira/MIC/apps/gmetis/gmetis -t=109 /work/02556/dpereira/Inputs/USA-road-d.W.gr 128
INFO: Hostname c558-001-mic0.stampede.tacc.utexas.edu
Created Graph with 6262104 nodes and 15248146 edges
Nodes 6262104| Edges 15248146 7624073

  Starting coarsening: 
Time coarsen:  2330 Size of final graph: 3093

  Sarting initial partitioning using GGGP:
Size in decade percentages:  -1,8 -0,117 1,3
Time clustering:  412

  Sarting refinnement with BKL2
Initial dist
Size in decade percentages:  -1,8 -0,117 1,3
Refined dist
Size in decade percentages:  -1,50 0,29 1,49
Time refinement:  1262


Time:  4181
Total edge cut : 8281

Part saved in : 0x7fffc0bab060
STATTYPE,LOOP,CATEGORY,n,sum,T0,T1,T2,T3,T4,T5,T6,T7,T8,T9,T10,T11,T12,T13,T14,T15,T16,T17,T18,T19,T20,T21,T22,T23,T24,T25,T26,T27,T28,T29,T30,T31,T32,T33,T34,T35,T36,T37,T38,T39,T40,T41,T42,T43,T44,T45,T46,T47,T48,T49,T50,T51,T52,T53,T54,T55,T56,T57,T58,T59,T60,T61,T62,T63,T64,T65,T66,T67,T68,T69,T70,T71,T72,T73,T74,T75,T76,T77,T78,T79,T80,T81,T82,T83,T84,T85,T86,T87,T88,T89,T90,T91,T92,T93,T94,T95,T96,T97,T98,T99,T100,T101,T102,T103,T104,T105,T106,T107,T108
STAT,(NULL),Coarsen,109,2330,2330,0,0,0,0,0,0,0,0,0,0,0,0,0,0,0,0,0,0,0,0,0,0,0,0,0,0,0,0,0,0,0,0,0,0,0,0,0,0,0,0,0,0,0,0,0,0,0,0,0,0,0,0,0,0,0,0,0,0,0,0,0,0,0,0,0,0,0,0,0,0,0,0,0,0,0,0,0,0,0,0,0,0,0,0,0,0,0,0,0,0,0,0,0,0,0,0,0,0,0,0,0,0,0,0,0,0,0,0
STAT,(NULL),Conflicts,109,0,0,0,0,0,0,0,0,0,0,0,0,0,0,0,0,0,0,0,0,0,0,0,0,0,0,0,0,0,0,0,0,0,0,0,0,0,0,0,0,0,0,0,0,0,0,0,0,0,0,0,0,0,0,0,0,0,0,0,0,0,0,0,0,0,0,0,0,0,0,0,0,0,0,0,0,0,0,0,0,0,0,0,0,0,0,0,0,0,0,0,0,0,0,0,0,0,0,0,0,0,0,0,0,0,0,0,0,0,0
STAT,(NULL),Iterations,109,255,8,2,0,0,0,0,2,1,2,8,0,0,4,4,0,3,3,1,2,3,0,0,3,2,0,1,3,4,0,4,1,2,3,1,1,4,1,1,2,3,3,3,3,1,1,3,2,0,8,3,0,0,1,4,4,0,8,7,4,7,4,2,3,0,1,0,1,1,2,3,2,6,0,1,3,2,6,3,5,2,3,1,0,4,1,2,3,7,4,3,5,0,3,0,4,1,1,0,4,2,7,1,1,2,3,5,0,0,0
STAT,(NULL),MeminfoPost,109,756570,6942,6955,6961,6941,6920,6959,6988,6987,6927,6925,6952,6968,6949,6933,6929,6949,6947,6920,6945,6952,6956,6932,6939,6943,6979,7014,6924,6931,6947,6959,6952,6945,6922,6945,6951,6923,6933,6953,6945,6972,6941,6954,6936,6933,6928,6938,6915,6951,6946,6931,6926,6918,6928,6947,6975,6926,6926,6953,6906,6924,6948,6960,6946,6928,6939,6928,6917,6913,6919,6945,6923,6983,6986,6926,6939,6924,6915,6952,6953,6936,6932,6927,6915,6918,6936,6931,6984,6984,6928,6921,6932,6973,6971,6981,6926,6943,6938,6922,6906,6927,6952,6901,6917,6925,6927,6932,6945,6945,6935
STAT,(NULL),MeminfoPre,109,189116,1736,1749,1755,1735,1714,1753,1782,1781,1721,1719,1746,1762,1743,1727,1723,1743,1741,1714,1739,1746,1750,1726,1733,1737,1773,1808,1718,1725,1741,1753,1746,1739,1716,1739,1745,1717,1727,1747,1739,1766,1735,1748,1730,1727,1722,1732,1709,1745,1740,1725,1720,1712,1722,1741,1769,1720,1720,1747,1700,1718,1742,1754,1740,1722,1733,1722,1711,1707,1713,1739,1717,1777,1780,1720,1733,1718,1709,1746,1747,1730,1726,1721,1709,1712,1730,1725,1778,1778,1722,1715,1726,1767,1765,1775,1720,1737,1732,1716,1700,1721,1746,1695,1711,1719,1721,1726,1739,1739,1729
STAT,(NULL),Partition,109,412,412,0,0,0,0,0,0,0,0,0,0,0,0,0,0,0,0,0,0,0,0,0,0,0,0,0,0,0,0,0,0,0,0,0,0,0,0,0,0,0,0,0,0,0,0,0,0,0,0,0,0,0,0,0,0,0,0,0,0,0,0,0,0,0,0,0,0,0,0,0,0,0,0,0,0,0,0,0,0,0,0,0,0,0,0,0,0,0,0,0,0,0,0,0,0,0,0,0,0,0,0,0,0,0,0,0,0,0,0
STAT,(NULL),Refine,109,1262,1262,0,0,0,0,0,0,0,0,0,0,0,0,0,0,0,0,0,0,0,0,0,0,0,0,0,0,0,0,0,0,0,0,0,0,0,0,0,0,0,0,0,0,0,0,0,0,0,0,0,0,0,0,0,0,0,0,0,0,0,0,0,0,0,0,0,0,0,0,0,0,0,0,0,0,0,0,0,0,0,0,0,0,0,0,0,0,0,0,0,0,0,0,0,0,0,0,0,0,0,0,0,0,0,0,0,0,0,0
STAT,(NULL),Threads,109,109,109,0,0,0,0,0,0,0,0,0,0,0,0,0,0,0,0,0,0,0,0,0,0,0,0,0,0,0,0,0,0,0,0,0,0,0,0,0,0,0,0,0,0,0,0,0,0,0,0,0,0,0,0,0,0,0,0,0,0,0,0,0,0,0,0,0,0,0,0,0,0,0,0,0,0,0,0,0,0,0,0,0,0,0,0,0,0,0,0,0,0,0,0,0,0,0,0,0,0,0,0,0,0,0,0,0,0,0,0
STAT,(NULL),Time,109,4181,4181,0,0,0,0,0,0,0,0,0,0,0,0,0,0,0,0,0,0,0,0,0,0,0,0,0,0,0,0,0,0,0,0,0,0,0,0,0,0,0,0,0,0,0,0,0,0,0,0,0,0,0,0,0,0,0,0,0,0,0,0,0,0,0,0,0,0,0,0,0,0,0,0,0,0,0,0,0,0,0,0,0,0,0,0,0,0,0,0,0,0,0,0,0,0,0,0,0,0,0,0,0,0,0,0,0,0,0,0
STAT,match,Conflicts,109,5787,100,79,73,105,71,85,70,74,68,68,87,85,70,67,78,71,70,62,61,68,61,57,75,81,55,62,58,73,53,60,66,54,70,70,56,57,46,67,54,52,48,48,53,59,60,47,58,69,34,48,47,39,43,43,38,50,41,46,32,49,48,58,39,41,45,42,46,35,33,44,33,40,45,45,39,53,39,43,48,42,46,41,32,40,53,38,59,36,51,51,40,56,29,43,38,36,46,40,50,46,44,37,46,47,47,38,26,39,43
STAT,match,Iterations,109,14989390,96388,116081,119220,135400,115092,114079,121575,118327,119344,128901,119922,117751,128337,123972,122707,137374,127209,118606,129848,128033,123155,129540,114092,129210,120562,121549,132813,140818,134298,114773,111972,147560,131290,119139,126910,146809,131150,130179,142405,124394,148587,133096,118041,134300,132085,136709,118026,122736,162149,158241,149701,148231,151981,145299,135047,150868,154595,158447,159747,153150,144405,113031,133766,133227,152558,143322,138290,153234,136303,141571,154534,138988,133138,162346,139247,153063,132766,138362,131337,157348,133312,144561,165360,145678,150762,129688,138776,142687,149805,167792,135988,137290,149740,161271,157662,147762,144221,148217,143941,141421,126168,163837,159693,141213,131736,146755,169511,138325,163562
STAT,popedge,Conflicts,109,0,0,0,0,0,0,0,0,0,0,0,0,0,0,0,0,0,0,0,0,0,0,0,0,0,0,0,0,0,0,0,0,0,0,0,0,0,0,0,0,0,0,0,0,0,0,0,0,0,0,0,0,0,0,0,0,0,0,0,0,0,0,0,0,0,0,0,0,0,0,0,0,0,0,0,0,0,0,0,0,0,0,0,0,0,0,0,0,0,0,0,0,0,0,0,0,0,0,0,0,0,0,0,0,0,0,0,0,0,0
STAT,popedge,Iterations,109,7344903,64934,67827,65870,66399,67399,67994,64678,64684,66304,65259,66300,62713,64470,67379,68182,67992,65660,69057,66994,63881,64808,68005,67680,65480,65907,64400,64080,65233,64619,64351,67966,66096,69774,69949,67805,69318,69608,64879,66178,60089,64799,61638,66829,64850,65709,65902,69712,65462,71733,70579,76294,74287,71598,74081,69904,77999,78366,74281,78402,76213,69673,66793,64578,63919,63967,69416,64989,66456,65708,64175,65344,63325,63989,62613,66375,65507,71726,67378,67123,64356,65144,65909,66800,65875,64389,65787,64985,63838,66447,62111,64241,70308,69639,70719,67300,69117,73290,71517,63982,74362,67317,71514,65385,67451,67615,69782,69948,70156,63726
STAT,refine,Conflicts,109,4689,105,110,100,100,105,97,86,88,75,79,81,82,75,79,74,74,60,63,66,59,68,63,62,67,61,56,48,47,52,46,58,48,44,30,38,48,45,50,49,50,54,49,48,44,41,47,35,48,32,29,33,29,35,35,46,36,32,32,33,30,31,31,24,15,24,28,31,19,27,23,28,24,28,26,34,27,26,27,30,19,35,25,23,20,21,31,32,22,22,29,23,28,24,16,23,25,27,21,28,23,26,25,25,20,31,15,26,21,24
STAT,refine,Iterations,109,135622,1112,1581,1100,1275,1020,1140,1627,1502,928,1206,1330,1414,1115,1136,1126,1456,1076,1005,900,1149,1022,1339,1111,1188,1325,1719,1179,1085,1195,1145,1460,1302,1237,986,864,1253,1121,1106,1347,1372,1219,1146,1344,1251,1262,1461,1176,1284,1606,950,1187,1346,1369,1560,1744,1422,1243,1715,1172,1155,1225,1219,1243,952,1092,1133,921,1346,1389,977,1133,1358,1949,1235,1304,1128,1187,1200,1229,1062,1012,938,1310,1292,1202,1156,1756,1406,1213,1247,1307,1619,1370,1534,1037,1117,1166,1158,803,1204,1010,1197,1079,1361,1260,1130,1643,1334,1313
