Hello from MIC
Galois Benchmark Suite v2.2.0 (r0)
Copyright (C) 2013 The University of Texas at Austin
http://iss.ices.utexas.edu/galois/

application: GMetis
Partitions a graph into K parts and minimizing the graph cut
http://iss.ices.utexas.edu/?p=projects/galois/benchmarks/gMetis

INFO: CommandLine /work/02556/dpereira/MIC/apps/gmetis/gmetis -t=239 /work/02556/dpereira/Inputs/USA-road-d.W.gr 1024
INFO: Hostname c557-803-mic0.stampede.tacc.utexas.edu
Created Graph with 6262104 nodes and 15248146 edges
Nodes 6262104| Edges 15248146 7624073

  Starting coarsening: 
Time coarsen:  3207 Size of final graph: 22188

  Sarting initial partitioning using GGGP:
Size in decade percentages:  -1,73 -0,890 1,61
Time clustering:  1189

  Sarting refinnement with BKL2
Initial dist
Size in decade percentages:  -1,73 -0,890 1,61
Refined dist
Size in decade percentages:  -1,361 -0,284 1,378 4,1
Time refinement:  2237


Time:  6815
Total edge cut : 31329

Part saved in : 0x7fff41a72860
STATTYPE,LOOP,CATEGORY,n,sum,T0,T1,T2,T3,T4,T5,T6,T7,T8,T9,T10,T11,T12,T13,T14,T15,T16,T17,T18,T19,T20,T21,T22,T23,T24,T25,T26,T27,T28,T29,T30,T31,T32,T33,T34,T35,T36,T37,T38,T39,T40,T41,T42,T43,T44,T45,T46,T47,T48,T49,T50,T51,T52,T53,T54,T55,T56,T57,T58,T59,T60,T61,T62,T63,T64,T65,T66,T67,T68,T69,T70,T71,T72,T73,T74,T75,T76,T77,T78,T79,T80,T81,T82,T83,T84,T85,T86,T87,T88,T89,T90,T91,T92,T93,T94,T95,T96,T97,T98,T99,T100,T101,T102,T103,T104,T105,T106,T107,T108,T109,T110,T111,T112,T113,T114,T115,T116,T117,T118,T119,T120,T121,T122,T123,T124,T125,T126,T127,T128,T129,T130,T131,T132,T133,T134,T135,T136,T137,T138,T139,T140,T141,T142,T143,T144,T145,T146,T147,T148,T149,T150,T151,T152,T153,T154,T155,T156,T157,T158,T159,T160,T161,T162,T163,T164,T165,T166,T167,T168,T169,T170,T171,T172,T173,T174,T175,T176,T177,T178,T179,T180,T181,T182,T183,T184,T185,T186,T187,T188,T189,T190,T191,T192,T193,T194,T195,T196,T197,T198,T199,T200,T201,T202,T203,T204,T205,T206,T207,T208,T209,T210,T211,T212,T213,T214,T215,T216,T217,T218,T219,T220,T221,T222,T223,T224,T225,T226,T227,T228,T229,T230,T231,T232,T233,T234,T235,T236,T237,T238
STAT,(NULL),Coarsen,239,3207,3207,0,0,0,0,0,0,0,0,0,0,0,0,0,0,0,0,0,0,0,0,0,0,0,0,0,0,0,0,0,0,0,0,0,0,0,0,0,0,0,0,0,0,0,0,0,0,0,0,0,0,0,0,0,0,0,0,0,0,0,0,0,0,0,0,0,0,0,0,0,0,0,0,0,0,0,0,0,0,0,0,0,0,0,0,0,0,0,0,0,0,0,0,0,0,0,0,0,0,0,0,0,0,0,0,0,0,0,0,0,0,0,0,0,0,0,0,0,0,0,0,0,0,0,0,0,0,0,0,0,0,0,0,0,0,0,0,0,0,0,0,0,0,0,0,0,0,0,0,0,0,0,0,0,0,0,0,0,0,0,0,0,0,0,0,0,0,0,0,0,0,0,0,0,0,0,0,0,0,0,0,0,0,0,0,0,0,0,0,0,0,0,0,0,0,0,0,0,0,0,0,0,0,0,0,0,0,0,0,0,0,0,0,0,0,0,0,0,0,0,0,0,0,0,0,0,0,0,0,0,0,0,0,0,0,0,0,0,0
STAT,(NULL),Conflicts,239,0,0,0,0,0,0,0,0,0,0,0,0,0,0,0,0,0,0,0,0,0,0,0,0,0,0,0,0,0,0,0,0,0,0,0,0,0,0,0,0,0,0,0,0,0,0,0,0,0,0,0,0,0,0,0,0,0,0,0,0,0,0,0,0,0,0,0,0,0,0,0,0,0,0,0,0,0,0,0,0,0,0,0,0,0,0,0,0,0,0,0,0,0,0,0,0,0,0,0,0,0,0,0,0,0,0,0,0,0,0,0,0,0,0,0,0,0,0,0,0,0,0,0,0,0,0,0,0,0,0,0,0,0,0,0,0,0,0,0,0,0,0,0,0,0,0,0,0,0,0,0,0,0,0,0,0,0,0,0,0,0,0,0,0,0,0,0,0,0,0,0,0,0,0,0,0,0,0,0,0,0,0,0,0,0,0,0,0,0,0,0,0,0,0,0,0,0,0,0,0,0,0,0,0,0,0,0,0,0,0,0,0,0,0,0,0,0,0,0,0,0,0,0,0,0,0,0,0,0,0,0,0,0,0,0,0,0,0,0,0
STAT,(NULL),Iterations,239,2047,11,10,14,14,6,8,10,7,14,10,8,6,12,11,4,9,2,9,10,4,16,10,10,6,9,3,2,9,8,6,18,11,14,6,11,15,12,10,6,7,5,11,6,9,15,14,12,9,8,18,15,11,7,3,13,4,3,15,8,7,12,13,9,6,4,10,12,8,14,10,4,11,6,4,6,4,24,0,8,13,1,9,10,4,15,5,22,2,7,4,2,14,11,21,3,9,3,7,14,7,12,6,8,7,9,8,7,16,16,17,8,18,8,3,7,11,7,0,15,10,13,11,17,4,16,3,16,16,17,11,16,5,12,6,10,13,4,13,10,5,10,5,4,2,1,6,11,5,7,8,11,5,9,14,7,1,8,8,5,11,9,5,1,5,4,8,16,8,6,16,5,7,8,18,5,3,5,6,7,10,6,4,11,16,3,13,2,13,4,5,5,8,2,14,5,4,6,0,14,5,8,13,5,4,10,8,7,8,11,4,4,9,11,7,4,12,5,5,9,7,10,14,7,4,7,3,5,14,4,7,10,9,9,16,4,4,7,8,4
STAT,(NULL),MeminfoPost,239,756818,3171,3167,3167,3172,3172,3180,3166,3164,3178,3152,3156,3175,3170,3182,3191,3212,3184,3159,3156,3165,3165,3155,3174,3169,3180,3173,3173,3173,3172,3171,3150,3164,3157,3172,3172,3178,3159,3165,3153,3162,3170,3168,3166,3174,3172,3180,3166,3164,3179,3152,3156,3176,3170,3181,3191,3213,3186,3160,3156,3165,3165,3155,3173,3167,3182,3172,3175,3172,3172,3170,3150,3165,3158,3169,3173,3178,3159,3165,3154,3163,3163,3176,3170,3163,3166,3181,3196,3160,3163,3171,3175,3173,3159,3168,3168,3159,3165,3158,3158,3178,3155,3148,3161,3167,3173,3177,3164,3162,3163,3161,3161,3158,3153,3160,3153,3169,3153,3176,3191,3187,3169,3155,3158,3159,3161,3189,3158,3155,3148,3150,3158,3169,3171,3178,3165,3177,3178,3161,3165,3161,3157,3172,3156,3162,3160,3163,3148,3156,3154,3164,3148,3173,3163,3156,3151,3176,3182,3192,3185,3188,3167,3156,3161,3157,3182,3155,3150,3150,3165,3168,3175,3169,3177,3165,3165,3156,3169,3159,3161,3165,3151,3154,3152,3162,3154,3174,3153,3161,3181,3188,3183,3194,3181,3163,3159,3158,3158,3156,3163,3166,3182,3197,3181,3170,3190,3183,3167,3154,3163,3177,3154,3166,3163,3164,3158,3151,3148,3165,3152,3144,3207,3147,3150,3151,3162,3152,3154,3161,3168,3157,3157,3167,3167,3168,3166,3168,3166,3165,3162
STAT,(NULL),MeminfoPre,239,189193,796,792,792,797,797,805,791,789,803,777,781,800,795,807,816,837,809,784,781,790,790,780,799,794,805,798,798,798,797,796,775,789,782,797,797,803,784,790,778,787,795,793,791,799,797,805,791,789,804,777,781,801,795,806,816,838,811,785,781,790,790,780,798,792,807,797,800,797,797,795,775,790,783,794,798,803,784,790,779,788,788,801,795,788,791,806,821,785,788,796,800,798,784,793,793,784,790,783,783,803,780,773,786,792,798,802,789,787,788,786,786,783,778,785,778,794,778,801,816,812,794,780,783,784,786,814,783,780,773,775,783,794,796,803,790,802,803,786,790,786,782,797,781,787,785,788,773,781,779,789,773,798,788,781,776,801,807,817,810,813,792,781,786,782,807,780,775,775,790,793,800,794,802,790,790,781,794,784,786,790,776,779,777,787,779,799,778,786,806,813,808,819,806,788,784,783,783,781,788,791,807,822,806,795,815,808,792,779,788,802,779,791,788,789,783,776,773,790,777,769,832,772,775,776,787,777,779,786,793,782,782,792,792,793,791,793,791,790,787
STAT,(NULL),Partition,239,1189,1189,0,0,0,0,0,0,0,0,0,0,0,0,0,0,0,0,0,0,0,0,0,0,0,0,0,0,0,0,0,0,0,0,0,0,0,0,0,0,0,0,0,0,0,0,0,0,0,0,0,0,0,0,0,0,0,0,0,0,0,0,0,0,0,0,0,0,0,0,0,0,0,0,0,0,0,0,0,0,0,0,0,0,0,0,0,0,0,0,0,0,0,0,0,0,0,0,0,0,0,0,0,0,0,0,0,0,0,0,0,0,0,0,0,0,0,0,0,0,0,0,0,0,0,0,0,0,0,0,0,0,0,0,0,0,0,0,0,0,0,0,0,0,0,0,0,0,0,0,0,0,0,0,0,0,0,0,0,0,0,0,0,0,0,0,0,0,0,0,0,0,0,0,0,0,0,0,0,0,0,0,0,0,0,0,0,0,0,0,0,0,0,0,0,0,0,0,0,0,0,0,0,0,0,0,0,0,0,0,0,0,0,0,0,0,0,0,0,0,0,0,0,0,0,0,0,0,0,0,0,0,0,0,0,0,0,0,0,0
STAT,(NULL),Refine,239,2237,2237,0,0,0,0,0,0,0,0,0,0,0,0,0,0,0,0,0,0,0,0,0,0,0,0,0,0,0,0,0,0,0,0,0,0,0,0,0,0,0,0,0,0,0,0,0,0,0,0,0,0,0,0,0,0,0,0,0,0,0,0,0,0,0,0,0,0,0,0,0,0,0,0,0,0,0,0,0,0,0,0,0,0,0,0,0,0,0,0,0,0,0,0,0,0,0,0,0,0,0,0,0,0,0,0,0,0,0,0,0,0,0,0,0,0,0,0,0,0,0,0,0,0,0,0,0,0,0,0,0,0,0,0,0,0,0,0,0,0,0,0,0,0,0,0,0,0,0,0,0,0,0,0,0,0,0,0,0,0,0,0,0,0,0,0,0,0,0,0,0,0,0,0,0,0,0,0,0,0,0,0,0,0,0,0,0,0,0,0,0,0,0,0,0,0,0,0,0,0,0,0,0,0,0,0,0,0,0,0,0,0,0,0,0,0,0,0,0,0,0,0,0,0,0,0,0,0,0,0,0,0,0,0,0,0,0,0,0,0
STAT,(NULL),Threads,239,239,239,0,0,0,0,0,0,0,0,0,0,0,0,0,0,0,0,0,0,0,0,0,0,0,0,0,0,0,0,0,0,0,0,0,0,0,0,0,0,0,0,0,0,0,0,0,0,0,0,0,0,0,0,0,0,0,0,0,0,0,0,0,0,0,0,0,0,0,0,0,0,0,0,0,0,0,0,0,0,0,0,0,0,0,0,0,0,0,0,0,0,0,0,0,0,0,0,0,0,0,0,0,0,0,0,0,0,0,0,0,0,0,0,0,0,0,0,0,0,0,0,0,0,0,0,0,0,0,0,0,0,0,0,0,0,0,0,0,0,0,0,0,0,0,0,0,0,0,0,0,0,0,0,0,0,0,0,0,0,0,0,0,0,0,0,0,0,0,0,0,0,0,0,0,0,0,0,0,0,0,0,0,0,0,0,0,0,0,0,0,0,0,0,0,0,0,0,0,0,0,0,0,0,0,0,0,0,0,0,0,0,0,0,0,0,0,0,0,0,0,0,0,0,0,0,0,0,0,0,0,0,0,0,0,0,0,0,0,0
STAT,(NULL),Time,239,6815,6815,0,0,0,0,0,0,0,0,0,0,0,0,0,0,0,0,0,0,0,0,0,0,0,0,0,0,0,0,0,0,0,0,0,0,0,0,0,0,0,0,0,0,0,0,0,0,0,0,0,0,0,0,0,0,0,0,0,0,0,0,0,0,0,0,0,0,0,0,0,0,0,0,0,0,0,0,0,0,0,0,0,0,0,0,0,0,0,0,0,0,0,0,0,0,0,0,0,0,0,0,0,0,0,0,0,0,0,0,0,0,0,0,0,0,0,0,0,0,0,0,0,0,0,0,0,0,0,0,0,0,0,0,0,0,0,0,0,0,0,0,0,0,0,0,0,0,0,0,0,0,0,0,0,0,0,0,0,0,0,0,0,0,0,0,0,0,0,0,0,0,0,0,0,0,0,0,0,0,0,0,0,0,0,0,0,0,0,0,0,0,0,0,0,0,0,0,0,0,0,0,0,0,0,0,0,0,0,0,0,0,0,0,0,0,0,0,0,0,0,0,0,0,0,0,0,0,0,0,0,0,0,0,0,0,0,0,0,0
STAT,match,Conflicts,239,6102,42,36,38,34,36,33,31,29,37,34,36,38,36,32,30,27,35,37,38,33,34,34,32,39,30,35,30,34,35,28,33,38,30,35,32,32,36,29,25,41,28,34,32,28,33,35,29,40,30,34,31,33,36,31,29,30,31,30,29,31,25,24,23,26,21,26,26,22,22,15,22,20,22,22,20,30,22,22,15,20,19,20,24,18,24,20,25,23,26,27,22,23,23,24,23,30,27,29,25,18,22,16,26,24,20,26,24,26,23,27,25,21,27,24,27,27,23,15,22,27,19,25,17,22,23,23,22,22,23,24,23,22,16,19,26,18,15,23,20,27,21,21,25,30,19,25,21,27,19,28,26,23,29,23,31,24,27,26,27,22,18,29,17,26,23,21,21,24,24,27,24,25,19,21,25,27,25,22,22,17,17,16,20,21,24,25,23,22,26,27,22,21,24,21,22,25,20,25,22,23,22,21,20,23,28,22,29,18,23,25,24,26,18,28,23,22,24,24,20,19,24,18,27,26,25,24,21,21,28,27,21,28,20,17,23,21,23,22,26
STAT,match,Iterations,239,14997120,35970,49371,33881,50364,42927,61840,64961,44324,55484,43608,37876,48295,46445,49180,59639,53447,37961,33600,35198,50025,55057,57306,52966,53037,49490,44278,51489,58813,60063,58161,60968,40624,55639,38207,66566,59985,53972,49387,56485,31841,54039,52174,35981,45390,59230,56287,55497,36818,52440,51985,44964,45500,42479,64552,54033,51565,41651,66757,53373,65760,58837,70936,63025,61778,75435,63445,62118,58030,62617,82724,69759,56630,54936,48342,74203,64005,69738,60559,79709,68226,79156,71210,58716,48156,67544,66162,78078,58748,75846,56415,58884,74607,64892,92380,63536,86780,48863,44475,84055,59754,72765,70667,78498,70292,59427,66066,71623,61181,67079,69008,60165,66311,65123,73404,67425,63783,43181,78113,84046,57747,76977,70616,76593,47723,56971,80791,77080,52974,47805,63017,65767,68775,74624,68635,48133,66092,74894,65157,60240,65607,82650,52536,58991,63741,86528,62319,67395,64170,68500,81576,59282,65152,65704,70772,56205,61900,67948,61782,59155,63765,86405,54715,62027,80337,50543,76427,39820,59932,58554,61788,70177,81093,44612,72764,45714,62085,97844,67588,61051,69463,100909,100194,74114,50095,54920,72613,48083,60914,70308,66132,59455,50507,76619,78703,65398,76375,60956,57899,53707,66644,51090,62055,67434,60376,60188,58569,61029,70145,63318,59926,68818,61407,84899,71531,82281,95566,54526,69995,66480,54517,86301,69153,96293,55996,69185,62277,72016,72592,62515,85247,78555,59549,61333,93093,64094,78300,70627,81596,69804
STAT,popedge,Conflicts,239,0,0,0,0,0,0,0,0,0,0,0,0,0,0,0,0,0,0,0,0,0,0,0,0,0,0,0,0,0,0,0,0,0,0,0,0,0,0,0,0,0,0,0,0,0,0,0,0,0,0,0,0,0,0,0,0,0,0,0,0,0,0,0,0,0,0,0,0,0,0,0,0,0,0,0,0,0,0,0,0,0,0,0,0,0,0,0,0,0,0,0,0,0,0,0,0,0,0,0,0,0,0,0,0,0,0,0,0,0,0,0,0,0,0,0,0,0,0,0,0,0,0,0,0,0,0,0,0,0,0,0,0,0,0,0,0,0,0,0,0,0,0,0,0,0,0,0,0,0,0,0,0,0,0,0,0,0,0,0,0,0,0,0,0,0,0,0,0,0,0,0,0,0,0,0,0,0,0,0,0,0,0,0,0,0,0,0,0,0,0,0,0,0,0,0,0,0,0,0,0,0,0,0,0,0,0,0,0,0,0,0,0,0,0,0,0,0,0,0,0,0,0,0,0,0,0,0,0,0,0,0,0,0,0,0,0,0,0,0,0
STAT,popedge,Iterations,239,7345353,29328,30043,30821,28407,30292,28931,28536,29139,28345,28630,30178,28674,30781,29714,28429,28388,29141,30501,31355,30002,30494,29841,29437,30191,29799,29699,28994,29733,30432,29102,30007,29826,31315,30357,30515,29585,29527,32875,30336,31432,29327,32099,30876,31835,29243,29815,29094,31234,29890,29770,30736,31470,31931,29401,30412,27404,32198,33687,34867,33708,33928,30925,28460,29808,31981,29238,29076,30352,28747,30875,29701,30034,30194,31349,28540,29862,30724,29043,28966,29842,32627,32619,30011,28862,31336,27529,29486,30532,30459,31197,29996,30797,30010,31986,31779,31546,30064,29793,33381,31372,31122,29332,30817,30433,30444,29398,29271,30535,31203,29651,29823,29680,30079,30675,31759,31016,29722,35116,31784,35427,35610,34671,31150,29802,29284,28714,32812,30357,30254,29331,28641,30465,30140,29963,28742,29579,30201,31974,28428,30881,34566,31513,29573,31467,32534,31182,28266,32621,29163,29977,30771,30084,32536,29963,33537,32031,32747,29607,30678,30837,31992,34180,31365,31332,29438,29917,29623,30421,30165,31154,30084,31455,30200,29706,31925,29025,32107,30989,37077,33563,36011,35583,33129,30260,29716,30611,29177,30951,28899,30590,30218,29143,31703,28550,28511,29293,30814,29107,30622,29264,30912,32897,29978,31206,31364,29352,30366,30557,32416,30518,29738,32206,34186,31137,32093,32665,32802,31020,31393,30495,32785,29731,32522,33885,31809,30486,30961,29153,33438,31144,31956,29179,32267,32151,32642,30622,31950,32045,30361
STAT,refine,Conflicts,239,6845,86,84,89,81,77,81,74,78,81,57,73,69,75,71,69,60,57,59,52,50,64,50,59,62,61,55,56,71,50,51,48,27,47,35,43,31,31,40,34,32,41,38,34,32,43,34,41,43,51,42,38,47,41,49,54,36,34,41,35,39,41,22,17,21,15,28,14,20,20,18,16,19,25,18,16,34,15,32,20,20,21,19,26,24,20,20,22,18,26,17,17,16,17,23,19,29,21,19,23,16,28,18,23,20,12,22,18,29,22,30,21,28,15,22,28,23,14,23,25,18,26,21,18,19,24,22,21,15,15,20,17,24,24,11,19,20,23,18,19,29,21,19,15,22,14,25,13,21,17,19,20,13,19,23,20,16,24,22,18,22,19,22,19,21,16,20,18,17,24,22,30,24,15,18,15,22,26,23,18,19,22,20,22,19,20,22,24,23,20,17,19,18,20,27,12,23,15,21,23,11,21,25,22,22,25,22,19,15,22,27,16,24,16,28,15,28,19,23,10,16,29,16,17,19,18,22,16,18,21,18,25,20,12,11,19,18,22,31,18
STAT,refine,Iterations,239,428954,1399,1776,1255,1468,1652,1643,2014,1513,1692,1181,1408,1569,1414,1983,2334,2014,1405,1356,1373,1473,1760,1658,1308,1685,1500,2002,1323,1900,2308,2012,1827,1365,1866,1732,2004,1629,1398,1834,1560,1299,1141,1872,1255,1459,1762,1506,1423,1588,1363,1384,1324,1655,1770,1845,1825,2040,1469,1855,1905,2017,1883,1693,1585,1771,1784,2268,1617,1992,1605,2389,1708,1401,1656,1106,2214,2334,1707,2114,1940,1561,1480,2130,1736,1423,1835,1678,3017,1365,2164,2076,1580,2204,1769,2331,1905,2829,1644,1868,1994,1606,2010,1195,1951,2177,1741,1773,1437,1751,1851,1823,1540,1865,1545,1913,2211,2283,1417,2039,1939,1800,2167,1536,2018,1132,2016,2468,2029,1406,1447,1810,1447,2234,2160,1371,1298,1850,2251,1730,1649,2216,1860,1629,1490,1717,1763,1994,1431,2180,1534,2163,2095,1476,2008,1826,1950,1943,2725,1664,1884,2559,1878,1622,1628,2289,1444,1588,1014,1481,1959,1924,2199,1902,1070,1882,1269,1958,2614,2027,1683,1770,2098,2592,1790,1464,1748,1974,1912,1776,1437,2078,1974,1710,1576,1775,1611,1820,1650,1959,2001,1450,1955,2277,1600,1481,2062,1792,1802,1417,2075,1921,1717,1979,2069,2519,1744,2614,1936,2309,1279,1307,2659,1355,1935,1767,2128,1795,1669,1961,1731,2180,2022,1443,1466,1827,1781,1892,2118,2317,1758
