Hello from MIC
Galois Benchmark Suite v2.2.0 (r0)
Copyright (C) 2013 The University of Texas at Austin
http://iss.ices.utexas.edu/galois/

application: GMetis
Partitions a graph into K parts and minimizing the graph cut
http://iss.ices.utexas.edu/?p=projects/galois/benchmarks/gMetis

INFO: CommandLine /work/02556/dpereira/MIC/apps/gmetis/gmetis -t=90 /work/02556/dpereira/Inputs/USA-road-d.W.gr 1024
INFO: Hostname c558-304-mic0.stampede.tacc.utexas.edu
Created Graph with 6262104 nodes and 15248146 edges
Nodes 6262104| Edges 15248146 7624073

  Starting coarsening: 
Time coarsen:  2140 Size of final graph: 21526

  Sarting initial partitioning using GGGP:
Size in decade percentages:  -1,72 -0,867 1,85
Time clustering:  881

  Sarting refinnement with BKL2
Initial dist
Size in decade percentages:  -1,72 -0,867 1,85
Refined dist
Size in decade percentages:  -1,365 -0,281 1,376 2,2
Time refinement:  1006


Time:  4204
Total edge cut : 31520

Part saved in : 0x7fff179986e0
STATTYPE,LOOP,CATEGORY,n,sum,T0,T1,T2,T3,T4,T5,T6,T7,T8,T9,T10,T11,T12,T13,T14,T15,T16,T17,T18,T19,T20,T21,T22,T23,T24,T25,T26,T27,T28,T29,T30,T31,T32,T33,T34,T35,T36,T37,T38,T39,T40,T41,T42,T43,T44,T45,T46,T47,T48,T49,T50,T51,T52,T53,T54,T55,T56,T57,T58,T59,T60,T61,T62,T63,T64,T65,T66,T67,T68,T69,T70,T71,T72,T73,T74,T75,T76,T77,T78,T79,T80,T81,T82,T83,T84,T85,T86,T87,T88,T89
STAT,(NULL),Coarsen,90,2140,2140,0,0,0,0,0,0,0,0,0,0,0,0,0,0,0,0,0,0,0,0,0,0,0,0,0,0,0,0,0,0,0,0,0,0,0,0,0,0,0,0,0,0,0,0,0,0,0,0,0,0,0,0,0,0,0,0,0,0,0,0,0,0,0,0,0,0,0,0,0,0,0,0,0,0,0,0,0,0,0,0,0,0,0,0,0,0,0,0,0
STAT,(NULL),Conflicts,90,0,0,0,0,0,0,0,0,0,0,0,0,0,0,0,0,0,0,0,0,0,0,0,0,0,0,0,0,0,0,0,0,0,0,0,0,0,0,0,0,0,0,0,0,0,0,0,0,0,0,0,0,0,0,0,0,0,0,0,0,0,0,0,0,0,0,0,0,0,0,0,0,0,0,0,0,0,0,0,0,0,0,0,0,0,0,0,0,0,0,0
STAT,(NULL),Iterations,90,2047,11,22,20,23,24,10,22,30,18,16,16,19,23,16,24,11,20,24,12,10,22,28,23,9,20,8,21,37,18,23,30,29,28,26,26,22,18,32,27,31,32,26,30,19,20,24,22,33,52,38,52,36,42,49,26,26,28,27,18,29,16,15,21,33,25,24,18,14,24,23,21,12,11,25,16,16,17,11,10,15,19,19,23,23,26,8,21,28,12,23
STAT,(NULL),MeminfoPost,90,756235,8397,8428,8411,8392,8421,8476,8407,8392,8406,8437,8407,8389,8401,8407,8386,8392,8430,8411,8394,8415,8472,8419,8397,8402,8432,8406,8387,8408,8404,8387,8408,8400,8441,8404,8408,8402,8385,8397,8378,8420,8388,8393,8374,8382,8442,8401,8385,8412,8356,8402,8424,8409,8385,8395,8392,8365,8372,8399,8403,8457,8412,8403,8370,8390,8418,8408,8385,8388,8370,8389,8390,8452,8437,8384,8380,8435,8443,8430,8392,8393,8388,8372,8390,8379,8371,8395,8371,8403,8408,8397
STAT,(NULL),MeminfoPre,90,189055,2095,2126,2109,2090,2119,2174,2105,2090,2104,2135,2105,2087,2099,2105,2084,2090,2128,2109,2092,2113,2170,2117,2095,2100,2130,2104,2085,2106,2102,2085,2106,2098,2139,2102,2106,2100,2083,2095,2076,2118,2086,2091,2072,2080,2140,2099,2083,2110,2054,2100,2122,2107,2083,2093,2090,2063,2070,2097,2101,2155,2110,2101,2068,2088,2116,2106,2083,2086,2068,2087,2088,2150,2135,2082,2078,2133,2141,2128,2090,2091,2086,2070,2088,2077,2069,2093,2069,2101,2106,2095
STAT,(NULL),Partition,90,881,881,0,0,0,0,0,0,0,0,0,0,0,0,0,0,0,0,0,0,0,0,0,0,0,0,0,0,0,0,0,0,0,0,0,0,0,0,0,0,0,0,0,0,0,0,0,0,0,0,0,0,0,0,0,0,0,0,0,0,0,0,0,0,0,0,0,0,0,0,0,0,0,0,0,0,0,0,0,0,0,0,0,0,0,0,0,0,0,0,0
STAT,(NULL),Refine,90,1006,1006,0,0,0,0,0,0,0,0,0,0,0,0,0,0,0,0,0,0,0,0,0,0,0,0,0,0,0,0,0,0,0,0,0,0,0,0,0,0,0,0,0,0,0,0,0,0,0,0,0,0,0,0,0,0,0,0,0,0,0,0,0,0,0,0,0,0,0,0,0,0,0,0,0,0,0,0,0,0,0,0,0,0,0,0,0,0,0,0,0
STAT,(NULL),Threads,90,90,90,0,0,0,0,0,0,0,0,0,0,0,0,0,0,0,0,0,0,0,0,0,0,0,0,0,0,0,0,0,0,0,0,0,0,0,0,0,0,0,0,0,0,0,0,0,0,0,0,0,0,0,0,0,0,0,0,0,0,0,0,0,0,0,0,0,0,0,0,0,0,0,0,0,0,0,0,0,0,0,0,0,0,0,0,0,0,0,0,0
STAT,(NULL),Time,90,4204,4204,0,0,0,0,0,0,0,0,0,0,0,0,0,0,0,0,0,0,0,0,0,0,0,0,0,0,0,0,0,0,0,0,0,0,0,0,0,0,0,0,0,0,0,0,0,0,0,0,0,0,0,0,0,0,0,0,0,0,0,0,0,0,0,0,0,0,0,0,0,0,0,0,0,0,0,0,0,0,0,0,0,0,0,0,0,0,0,0,0
STAT,match,Conflicts,90,5674,123,108,106,101,81,110,91,90,98,86,89,78,84,86,90,82,55,70,65,90,68,99,74,91,85,89,89,72,93,58,41,37,44,47,42,38,39,49,54,47,43,45,46,61,54,57,56,56,42,56,41,67,51,50,61,49,48,59,56,54,41,46,54,54,52,38,54,54,59,49,54,49,39,43,47,61,54,41,64,59,48,63,77,46,69,36,53,56,54,69
STAT,match,Iterations,90,14951574,127699,139267,137102,166994,132502,145883,156762,171267,150662,133177,139214,147837,151804,152704,155080,134746,151849,148466,161318,160577,149022,156168,147666,145546,145469,156471,150074,151998,156394,173702,176800,174433,161046,171171,183961,173008,184392,177275,177943,167808,177587,172766,204597,168460,158885,172679,177967,177723,194816,177162,173941,159085,184785,168021,182250,172858,172678,171745,189721,161328,192123,172751,169018,172138,179468,154297,164387,177206,185042,165585,171868,151577,180370,181363,166404,175642,160230,173622,182428,167730,182046,173774,156926,171330,165545,185607,178836,178339,170676,180935
STAT,popedge,Conflicts,90,0,0,0,0,0,0,0,0,0,0,0,0,0,0,0,0,0,0,0,0,0,0,0,0,0,0,0,0,0,0,0,0,0,0,0,0,0,0,0,0,0,0,0,0,0,0,0,0,0,0,0,0,0,0,0,0,0,0,0,0,0,0,0,0,0,0,0,0,0,0,0,0,0,0,0,0,0,0,0,0,0,0,0,0,0,0,0,0,0,0,0
STAT,popedge,Iterations,90,7326524,81235,76815,76411,76068,76790,75869,75570,78008,75085,77554,76976,76711,77280,77216,80343,82292,77950,80969,79364,80283,79273,79081,81276,79146,78241,79965,83566,79943,79578,90209,81673,81457,80448,80392,83384,80830,84639,85834,87917,84934,86227,86576,83783,86944,83458,88463,91687,91858,90149,89461,81437,89671,89774,89668,89666,90614,90712,90759,89654,87851,87254,77074,77304,77290,74568,74174,74926,75353,76913,73466,77313,74268,76773,73866,75801,80995,82445,81533,79553,84453,80210,78406,81966,81592,81442,76761,83718,81311,78368,78441
STAT,refine,Conflicts,90,3853,69,71,81,85,74,74,70,60,55,66,71,55,49,54,64,56,52,44,64,54,65,63,43,55,48,44,43,48,51,44,31,40,47,39,26,38,43,37,36,35,38,43,30,39,46,30,36,35,28,43,33,40,33,33,34,40,29,45,34,52,42,28,35,49,40,33,40,27,45,28,32,35,31,33,31,36,28,35,34,32,34,35,25,24,24,22,26,23,30,31
STAT,refine,Iterations,90,425544,4149,4544,3871,4692,4679,5545,4663,4547,3660,4721,4595,4999,4346,3769,4688,3875,4686,3825,4691,3973,5213,4813,3897,3921,3987,3876,4012,4361,4089,4489,4991,5011,5998,5873,5026,4475,3896,5339,4053,5071,4671,4159,4831,4420,5738,5093,4877,5793,3763,5822,5337,5051,5183,4493,4995,5022,4888,6302,5709,6908,6774,5417,4375,5046,4805,4249,5416,3880,5013,4101,5039,5363,5266,4621,4254,5696,5441,4777,4344,4642,4414,4638,4598,3820,3733,4199,3943,4235,4767,4714
