Hello from MIC
Galois Benchmark Suite v2.2.0 (r0)
Copyright (C) 2013 The University of Texas at Austin
http://iss.ices.utexas.edu/galois/

application: GMetis
Partitions a graph into K parts and minimizing the graph cut
http://iss.ices.utexas.edu/?p=projects/galois/benchmarks/gMetis

INFO: CommandLine /work/02556/dpereira/MIC/apps/gmetis/gmetis -t=113 /work/02556/dpereira/Inputs/USA-road-d.W.gr 128
INFO: Hostname c558-001-mic0.stampede.tacc.utexas.edu
Created Graph with 6262104 nodes and 15248146 edges
Nodes 6262104| Edges 15248146 7624073

  Starting coarsening: 
Time coarsen:  2322 Size of final graph: 3066

  Sarting initial partitioning using GGGP:
Size in decade percentages:  -1,2 -0,121 1,5
Time clustering:  415

  Sarting refinnement with BKL2
Initial dist
Size in decade percentages:  -1,2 -0,121 1,5
Refined dist
Size in decade percentages:  -1,45 0,38 1,45
Time refinement:  1135


Time:  4050
Total edge cut : 8338

Part saved in : 0x7ffff80e8560
STATTYPE,LOOP,CATEGORY,n,sum,T0,T1,T2,T3,T4,T5,T6,T7,T8,T9,T10,T11,T12,T13,T14,T15,T16,T17,T18,T19,T20,T21,T22,T23,T24,T25,T26,T27,T28,T29,T30,T31,T32,T33,T34,T35,T36,T37,T38,T39,T40,T41,T42,T43,T44,T45,T46,T47,T48,T49,T50,T51,T52,T53,T54,T55,T56,T57,T58,T59,T60,T61,T62,T63,T64,T65,T66,T67,T68,T69,T70,T71,T72,T73,T74,T75,T76,T77,T78,T79,T80,T81,T82,T83,T84,T85,T86,T87,T88,T89,T90,T91,T92,T93,T94,T95,T96,T97,T98,T99,T100,T101,T102,T103,T104,T105,T106,T107,T108,T109,T110,T111,T112
STAT,(NULL),Coarsen,113,2322,2322,0,0,0,0,0,0,0,0,0,0,0,0,0,0,0,0,0,0,0,0,0,0,0,0,0,0,0,0,0,0,0,0,0,0,0,0,0,0,0,0,0,0,0,0,0,0,0,0,0,0,0,0,0,0,0,0,0,0,0,0,0,0,0,0,0,0,0,0,0,0,0,0,0,0,0,0,0,0,0,0,0,0,0,0,0,0,0,0,0,0,0,0,0,0,0,0,0,0,0,0,0,0,0,0,0,0,0,0,0,0,0,0
STAT,(NULL),Conflicts,113,0,0,0,0,0,0,0,0,0,0,0,0,0,0,0,0,0,0,0,0,0,0,0,0,0,0,0,0,0,0,0,0,0,0,0,0,0,0,0,0,0,0,0,0,0,0,0,0,0,0,0,0,0,0,0,0,0,0,0,0,0,0,0,0,0,0,0,0,0,0,0,0,0,0,0,0,0,0,0,0,0,0,0,0,0,0,0,0,0,0,0,0,0,0,0,0,0,0,0,0,0,0,0,0,0,0,0,0,0,0,0,0,0,0
STAT,(NULL),Iterations,113,255,8,2,3,2,0,0,3,0,4,2,0,0,2,3,1,1,0,5,2,0,0,0,3,3,5,0,1,2,2,4,2,1,1,2,0,3,9,1,1,0,0,2,1,2,5,1,2,3,3,1,4,1,7,3,3,4,5,4,2,4,3,5,2,4,4,0,0,5,6,0,6,3,0,1,0,0,3,0,4,0,0,0,0,2,0,4,0,1,3,0,3,0,1,4,1,1,2,5,10,2,1,1,5,8,3,0,4,4,4,5,0,0,0
STAT,(NULL),MeminfoPost,113,756332,6695,6703,6707,6690,6687,6700,6729,6764,6675,6686,6692,6708,6702,6716,6672,6683,6717,6683,6676,6687,6714,6711,6691,6679,6702,6734,6753,6683,6682,6698,6708,6706,6708,6673,6687,6710,6678,6682,6705,6688,6731,6686,6708,6691,6698,6679,6687,6676,6681,6705,6692,6683,6675,6675,6680,6702,6725,6680,6678,6707,6661,6671,6698,6712,6708,6684,6688,6677,6680,6663,6676,6689,6670,6697,6741,6722,6676,6700,6663,6676,6700,6713,6684,6684,6680,6669,6672,6686,6677,6735,6734,6695,6676,6674,6707,6738,6720,6710,6673,6692,6686,6681,6665,6655,6713,6655,6674,6693,6667,6688,6696,6697,6688
STAT,(NULL),MeminfoPre,113,189072,1675,1683,1687,1670,1667,1680,1709,1744,1655,1666,1672,1688,1682,1696,1652,1663,1697,1663,1656,1667,1694,1691,1671,1659,1682,1714,1733,1663,1662,1678,1688,1686,1688,1653,1667,1690,1658,1662,1685,1668,1711,1666,1688,1671,1678,1659,1667,1656,1661,1685,1672,1663,1655,1655,1660,1682,1705,1660,1658,1687,1641,1651,1678,1692,1688,1664,1668,1657,1660,1643,1656,1669,1650,1677,1721,1702,1656,1680,1643,1656,1680,1693,1664,1664,1660,1649,1652,1666,1657,1715,1714,1675,1656,1654,1687,1718,1700,1690,1653,1672,1666,1661,1645,1635,1693,1635,1654,1673,1647,1668,1676,1677,1668
STAT,(NULL),Partition,113,415,415,0,0,0,0,0,0,0,0,0,0,0,0,0,0,0,0,0,0,0,0,0,0,0,0,0,0,0,0,0,0,0,0,0,0,0,0,0,0,0,0,0,0,0,0,0,0,0,0,0,0,0,0,0,0,0,0,0,0,0,0,0,0,0,0,0,0,0,0,0,0,0,0,0,0,0,0,0,0,0,0,0,0,0,0,0,0,0,0,0,0,0,0,0,0,0,0,0,0,0,0,0,0,0,0,0,0,0,0,0,0,0,0
STAT,(NULL),Refine,113,1135,1135,0,0,0,0,0,0,0,0,0,0,0,0,0,0,0,0,0,0,0,0,0,0,0,0,0,0,0,0,0,0,0,0,0,0,0,0,0,0,0,0,0,0,0,0,0,0,0,0,0,0,0,0,0,0,0,0,0,0,0,0,0,0,0,0,0,0,0,0,0,0,0,0,0,0,0,0,0,0,0,0,0,0,0,0,0,0,0,0,0,0,0,0,0,0,0,0,0,0,0,0,0,0,0,0,0,0,0,0,0,0,0,0
STAT,(NULL),Threads,113,113,113,0,0,0,0,0,0,0,0,0,0,0,0,0,0,0,0,0,0,0,0,0,0,0,0,0,0,0,0,0,0,0,0,0,0,0,0,0,0,0,0,0,0,0,0,0,0,0,0,0,0,0,0,0,0,0,0,0,0,0,0,0,0,0,0,0,0,0,0,0,0,0,0,0,0,0,0,0,0,0,0,0,0,0,0,0,0,0,0,0,0,0,0,0,0,0,0,0,0,0,0,0,0,0,0,0,0,0,0,0,0,0,0
STAT,(NULL),Time,113,4050,4050,0,0,0,0,0,0,0,0,0,0,0,0,0,0,0,0,0,0,0,0,0,0,0,0,0,0,0,0,0,0,0,0,0,0,0,0,0,0,0,0,0,0,0,0,0,0,0,0,0,0,0,0,0,0,0,0,0,0,0,0,0,0,0,0,0,0,0,0,0,0,0,0,0,0,0,0,0,0,0,0,0,0,0,0,0,0,0,0,0,0,0,0,0,0,0,0,0,0,0,0,0,0,0,0,0,0,0,0,0,0,0,0
STAT,match,Conflicts,113,6206,87,92,82,82,92,78,67,75,87,78,70,79,64,82,79,81,65,70,84,87,66,72,74,65,65,70,65,78,56,65,57,53,52,61,73,58,61,76,55,50,54,60,44,60,60,48,52,71,44,68,45,69,36,36,39,39,40,40,45,34,41,46,41,27,39,54,41,39,44,56,41,36,42,41,57,43,48,46,38,66,63,27,39,36,51,43,37,43,50,44,41,52,47,41,40,55,50,47,55,40,37,43,48,36,43,46,38,47,46,40,47,43,68
STAT,match,Iterations,113,14987455,96888,113242,122010,121502,109019,115791,123814,122867,116561,127372,131888,112439,126516,122873,116542,121351,112159,121358,107326,103920,115144,132649,134163,99124,126976,118730,122121,110362,127600,108364,127637,118713,125993,127690,122229,118011,142291,115098,116300,128548,133042,126040,127060,115581,125994,130812,131958,108045,137559,119947,135861,129428,154071,148622,158596,161539,141811,160546,158982,156238,163598,129965,143058,145509,155241,140293,149524,147684,142293,141036,144163,144629,151122,139115,139775,148020,146053,144742,164704,143486,134883,149758,131223,147953,133168,130613,144795,139390,134194,127204,121469,122276,141407,134518,141490,134589,139977,142598,150110,129297,145418,147357,132935,150478,130393,122653,143066,135180,148487,140006,131517,124774,135356
STAT,popedge,Conflicts,113,0,0,0,0,0,0,0,0,0,0,0,0,0,0,0,0,0,0,0,0,0,0,0,0,0,0,0,0,0,0,0,0,0,0,0,0,0,0,0,0,0,0,0,0,0,0,0,0,0,0,0,0,0,0,0,0,0,0,0,0,0,0,0,0,0,0,0,0,0,0,0,0,0,0,0,0,0,0,0,0,0,0,0,0,0,0,0,0,0,0,0,0,0,0,0,0,0,0,0,0,0,0,0,0,0,0,0,0,0,0,0,0,0,0
STAT,popedge,Iterations,113,7343397,66618,65829,62500,66982,66821,66443,62418,61068,64924,64370,64748,65713,60437,63006,64369,66562,66763,67021,66449,66324,62204,61748,64527,69130,63399,62773,62858,65679,62603,63533,62512,63041,61176,65607,65063,64933,67138,67320,61934,60283,60344,62773,59845,63766,63396,64383,64484,66394,63506,63887,62238,65105,62861,71902,67134,69238,70297,74337,74923,73409,74954,65696,65643,64119,64563,63461,66255,64695,64225,63760,63330,65697,59858,63210,65403,61885,64226,64355,65162,62360,63784,62724,61538,64550,67190,64347,63431,62362,62415,65024,62709,62816,60758,62082,63947,66687,68794,68222,64881,67135,63930,60606,69000,64301,65212,68384,66012,66228,67874,68875,65998,70281,67395
STAT,refine,Conflicts,113,4740,111,109,101,110,86,97,79,90,85,77,86,75,74,72,80,65,61,54,58,65,64,60,58,55,62,67,58,47,67,46,36,37,46,40,38,55,33,43,44,47,47,37,40,50,37,36,37,41,39,38,33,46,40,37,35,32,34,26,31,23,27,25,27,27,27,33,27,25,35,29,26,28,21,20,35,36,28,21,30,22,24,33,22,26,22,22,30,26,24,27,30,21,28,26,24,26,31,24,18,18,28,27,30,19,27,23,19,23,26,19,28,18,25
STAT,refine,Iterations,113,137562,907,1448,1414,1437,1146,1254,1501,1874,1195,989,1375,1328,1004,1283,1470,1214,1284,1070,905,1138,1155,1287,1102,789,1267,1465,1589,840,1110,1186,873,691,981,1139,1327,1478,1119,828,1072,1023,1467,1034,1113,975,1184,990,1248,832,1156,1271,1277,954,1171,1388,1565,1782,1709,1244,1520,1385,993,961,1460,1623,1710,1394,1334,1225,1483,1248,1089,1425,1070,1205,1543,1583,1096,1437,1192,1039,1074,1593,1071,1140,992,1174,1279,1465,955,1201,1650,912,829,889,1318,1417,1687,1066,785,713,1125,1393,1157,895,1027,1049,1023,1247,876,1621,1727,1367,913
