Hello from MIC
Galois Benchmark Suite v2.2.0 (r0)
Copyright (C) 2013 The University of Texas at Austin
http://iss.ices.utexas.edu/galois/

application: GMetis
Partitions a graph into K parts and minimizing the graph cut
http://iss.ices.utexas.edu/?p=projects/galois/benchmarks/gMetis

INFO: CommandLine /work/02556/dpereira/MIC/apps/gmetis/gmetis -t=71 /work/02556/dpereira/Inputs/USA-road-d.W.gr 1024
INFO: Hostname c558-304-mic0.stampede.tacc.utexas.edu
Created Graph with 6262104 nodes and 15248146 edges
Nodes 6262104| Edges 15248146 7624073

  Starting coarsening: 
Time coarsen:  2161 Size of final graph: 40900

  Sarting initial partitioning using GGGP:
Size in decade percentages:  -1,1 -0,1023
Time clustering:  1464

  Sarting refinnement with BKL2
Initial dist
Size in decade percentages:  -1,1 -0,1023
Refined dist
Size in decade percentages:  -1,361 0,299 1,364
Time refinement:  873


Time:  4675
Total edge cut : 36362

Part saved in : 0x7fff74a68de0
STATTYPE,LOOP,CATEGORY,n,sum,T0,T1,T2,T3,T4,T5,T6,T7,T8,T9,T10,T11,T12,T13,T14,T15,T16,T17,T18,T19,T20,T21,T22,T23,T24,T25,T26,T27,T28,T29,T30,T31,T32,T33,T34,T35,T36,T37,T38,T39,T40,T41,T42,T43,T44,T45,T46,T47,T48,T49,T50,T51,T52,T53,T54,T55,T56,T57,T58,T59,T60,T61,T62,T63,T64,T65,T66,T67,T68,T69,T70
STAT,(NULL),Coarsen,71,2161,2161,0,0,0,0,0,0,0,0,0,0,0,0,0,0,0,0,0,0,0,0,0,0,0,0,0,0,0,0,0,0,0,0,0,0,0,0,0,0,0,0,0,0,0,0,0,0,0,0,0,0,0,0,0,0,0,0,0,0,0,0,0,0,0,0,0,0,0,0,0,0
STAT,(NULL),Conflicts,71,0,0,0,0,0,0,0,0,0,0,0,0,0,0,0,0,0,0,0,0,0,0,0,0,0,0,0,0,0,0,0,0,0,0,0,0,0,0,0,0,0,0,0,0,0,0,0,0,0,0,0,0,0,0,0,0,0,0,0,0,0,0,0,0,0,0,0,0,0,0,0,0
STAT,(NULL),Iterations,71,2047,11,22,30,23,15,29,9,14,24,18,26,36,32,24,37,34,35,23,39,16,29,25,31,26,22,26,24,21,25,36,22,36,42,23,26,28,32,36,31,27,36,36,25,29,32,28,24,23,30,23,31,28,52,50,69,62,23,25,27,38,25,41,28,24,21,19,22,31,31,25,24
STAT,(NULL),MeminfoPost,71,756192,10653,10677,10646,10660,10741,10632,10655,10672,10662,10627,10665,10633,10663,10665,10640,10676,10737,10632,10647,10676,10654,10641,10664,10630,10657,10687,10657,10652,10636,10640,10628,10665,10630,10615,10640,10695,10623,10649,10611,10665,10667,10631,10639,10613,10614,10634,10700,10681,10648,10603,10661,10661,10631,10625,10622,10636,10719,10653,10621,10694,10695,10651,10645,10625,10610,10648,10615,10620,10628,10656,10648
STAT,(NULL),MeminfoPre,71,189044,2665,2689,2658,2672,2753,2644,2667,2684,2674,2639,2677,2645,2675,2677,2652,2688,2749,2644,2659,2688,2666,2653,2676,2642,2669,2699,2669,2664,2648,2652,2640,2677,2642,2627,2652,2707,2635,2661,2623,2677,2679,2643,2651,2625,2626,2646,2712,2693,2660,2615,2673,2673,2643,2637,2634,2648,2731,2665,2633,2706,2707,2663,2657,2637,2622,2660,2627,2632,2640,2668,2660
STAT,(NULL),Partition,71,1464,1464,0,0,0,0,0,0,0,0,0,0,0,0,0,0,0,0,0,0,0,0,0,0,0,0,0,0,0,0,0,0,0,0,0,0,0,0,0,0,0,0,0,0,0,0,0,0,0,0,0,0,0,0,0,0,0,0,0,0,0,0,0,0,0,0,0,0,0,0,0,0
STAT,(NULL),Refine,71,873,873,0,0,0,0,0,0,0,0,0,0,0,0,0,0,0,0,0,0,0,0,0,0,0,0,0,0,0,0,0,0,0,0,0,0,0,0,0,0,0,0,0,0,0,0,0,0,0,0,0,0,0,0,0,0,0,0,0,0,0,0,0,0,0,0,0,0,0,0,0,0
STAT,(NULL),Threads,71,71,71,0,0,0,0,0,0,0,0,0,0,0,0,0,0,0,0,0,0,0,0,0,0,0,0,0,0,0,0,0,0,0,0,0,0,0,0,0,0,0,0,0,0,0,0,0,0,0,0,0,0,0,0,0,0,0,0,0,0,0,0,0,0,0,0,0,0,0,0,0,0
STAT,(NULL),Time,71,4675,4675,0,0,0,0,0,0,0,0,0,0,0,0,0,0,0,0,0,0,0,0,0,0,0,0,0,0,0,0,0,0,0,0,0,0,0,0,0,0,0,0,0,0,0,0,0,0,0,0,0,0,0,0,0,0,0,0,0,0,0,0,0,0,0,0,0,0,0,0,0,0
STAT,match,Conflicts,71,5357,234,157,179,139,132,102,144,136,135,119,87,66,61,82,79,65,88,69,56,64,86,79,88,47,62,70,62,63,58,58,46,70,54,61,67,45,49,63,60,52,57,41,54,55,63,47,58,52,57,62,54,74,49,49,71,51,43,62,39,35,51,104,63,97,68,63,74,93,75,76,86
STAT,match,Iterations,71,14897385,160073,180585,168018,183820,204431,192967,173098,191255,185322,182819,224336,230591,206564,209794,205004,206864,184300,230580,216741,204647,217654,214607,225285,237269,196348,200087,209248,217261,219674,226871,230728,209816,214766,218390,208184,215356,216673,216578,222464,214464,203067,190915,222233,234817,225876,219327,207773,227367,205494,206258,207412,205688,225857,228919,213616,224883,194713,208704,235646,220639,222967,191133,226026,203348,221317,202853,218549,197373,222847,204376,203860
STAT,popedge,Conflicts,71,0,0,0,0,0,0,0,0,0,0,0,0,0,0,0,0,0,0,0,0,0,0,0,0,0,0,0,0,0,0,0,0,0,0,0,0,0,0,0,0,0,0,0,0,0,0,0,0,0,0,0,0,0,0,0,0,0,0,0,0,0,0,0,0,0,0,0,0,0,0,0,0
STAT,popedge,Iterations,71,7301809,96268,96279,96444,97691,90781,97268,97101,95813,94769,99097,107160,106576,105280,103235,108651,106052,101262,105811,104174,103000,106421,107561,107644,101121,97206,97385,97509,98817,102716,104889,102913,102014,107340,104679,105201,102394,111458,110924,113832,106724,106356,96860,108952,107246,110428,109847,104093,102854,105275,111859,104825,107494,104220,102205,108112,105277,103073,100293,101414,108382,112093,95175,93789,98238,94456,99149,98812,103015,95102,99032,102423
STAT,refine,Conflicts,71,3074,85,72,59,60,65,61,46,65,48,46,60,63,54,54,59,45,49,52,46,47,48,53,55,52,39,52,46,55,54,41,31,50,45,29,34,45,30,33,25,49,38,26,46,40,47,40,35,40,40,25,39,34,36,33,45,33,41,41,40,26,23,30,30,32,30,46,24,27,35,31,19
STAT,refine,Iterations,71,469089,4750,5866,4099,5228,7506,5622,5972,6054,6272,5332,7934,6034,6211,6413,5642,8045,8457,7442,7239,7775,7506,6948,6527,6451,5982,7479,6594,6756,5740,6488,5744,6036,5763,6397,6567,8264,5638,6264,5617,6417,7191,5661,6485,6451,6370,7173,8439,7628,7416,5263,7390,6740,6274,7012,6680,7519,9223,6718,7609,8831,8806,5734,6732,5344,5502,7057,5431,6092,6504,6247,6496
