Hello from MIC
Galois Benchmark Suite v2.2.0 (r0)
Copyright (C) 2013 The University of Texas at Austin
http://iss.ices.utexas.edu/galois/

application: GMetis
Partitions a graph into K parts and minimizing the graph cut
http://iss.ices.utexas.edu/?p=projects/galois/benchmarks/gMetis

INFO: CommandLine /work/02556/dpereira/MIC/apps/gmetis/gmetis -t=191 /work/02556/dpereira/Inputs/USA-road-d.W.gr 128
INFO: Hostname c558-002-mic0.stampede.tacc.utexas.edu
Created Graph with 6262104 nodes and 15248146 edges
Nodes 6262104| Edges 15248146 7624073

  Starting coarsening: 
Time coarsen:  3062 Size of final graph: 3128

  Sarting initial partitioning using GGGP:
Size in decade percentages:  -1,3 -0,119 1,6
Time clustering:  453

  Sarting refinnement with BKL2
Initial dist
Size in decade percentages:  -1,3 -0,119 1,6
Refined dist
Size in decade percentages:  -1,43 -0,41 1,44
Time refinement:  1932


Time:  5626
Total edge cut : 8298

Part saved in : 0x7fff77107ce0
STATTYPE,LOOP,CATEGORY,n,sum,T0,T1,T2,T3,T4,T5,T6,T7,T8,T9,T10,T11,T12,T13,T14,T15,T16,T17,T18,T19,T20,T21,T22,T23,T24,T25,T26,T27,T28,T29,T30,T31,T32,T33,T34,T35,T36,T37,T38,T39,T40,T41,T42,T43,T44,T45,T46,T47,T48,T49,T50,T51,T52,T53,T54,T55,T56,T57,T58,T59,T60,T61,T62,T63,T64,T65,T66,T67,T68,T69,T70,T71,T72,T73,T74,T75,T76,T77,T78,T79,T80,T81,T82,T83,T84,T85,T86,T87,T88,T89,T90,T91,T92,T93,T94,T95,T96,T97,T98,T99,T100,T101,T102,T103,T104,T105,T106,T107,T108,T109,T110,T111,T112,T113,T114,T115,T116,T117,T118,T119,T120,T121,T122,T123,T124,T125,T126,T127,T128,T129,T130,T131,T132,T133,T134,T135,T136,T137,T138,T139,T140,T141,T142,T143,T144,T145,T146,T147,T148,T149,T150,T151,T152,T153,T154,T155,T156,T157,T158,T159,T160,T161,T162,T163,T164,T165,T166,T167,T168,T169,T170,T171,T172,T173,T174,T175,T176,T177,T178,T179,T180,T181,T182,T183,T184,T185,T186,T187,T188,T189,T190
STAT,(NULL),Coarsen,191,3062,3062,0,0,0,0,0,0,0,0,0,0,0,0,0,0,0,0,0,0,0,0,0,0,0,0,0,0,0,0,0,0,0,0,0,0,0,0,0,0,0,0,0,0,0,0,0,0,0,0,0,0,0,0,0,0,0,0,0,0,0,0,0,0,0,0,0,0,0,0,0,0,0,0,0,0,0,0,0,0,0,0,0,0,0,0,0,0,0,0,0,0,0,0,0,0,0,0,0,0,0,0,0,0,0,0,0,0,0,0,0,0,0,0,0,0,0,0,0,0,0,0,0,0,0,0,0,0,0,0,0,0,0,0,0,0,0,0,0,0,0,0,0,0,0,0,0,0,0,0,0,0,0,0,0,0,0,0,0,0,0,0,0,0,0,0,0,0,0,0,0,0,0,0,0,0,0,0,0,0,0,0,0,0,0,0,0,0,0,0,0,0
STAT,(NULL),Conflicts,191,0,0,0,0,0,0,0,0,0,0,0,0,0,0,0,0,0,0,0,0,0,0,0,0,0,0,0,0,0,0,0,0,0,0,0,0,0,0,0,0,0,0,0,0,0,0,0,0,0,0,0,0,0,0,0,0,0,0,0,0,0,0,0,0,0,0,0,0,0,0,0,0,0,0,0,0,0,0,0,0,0,0,0,0,0,0,0,0,0,0,0,0,0,0,0,0,0,0,0,0,0,0,0,0,0,0,0,0,0,0,0,0,0,0,0,0,0,0,0,0,0,0,0,0,0,0,0,0,0,0,0,0,0,0,0,0,0,0,0,0,0,0,0,0,0,0,0,0,0,0,0,0,0,0,0,0,0,0,0,0,0,0,0,0,0,0,0,0,0,0,0,0,0,0,0,0,0,0,0,0,0,0,0,0,0,0,0,0,0,0,0,0
STAT,(NULL),Iterations,191,255,8,0,1,1,0,6,0,2,0,3,8,2,5,2,0,5,0,1,3,2,0,5,3,2,2,2,2,0,0,0,1,1,2,0,0,2,4,3,0,1,1,0,0,0,1,0,0,1,0,0,2,5,0,0,2,0,0,2,0,0,0,6,0,3,1,0,1,0,1,0,2,0,3,0,0,0,2,0,2,1,0,3,3,4,2,2,0,4,0,4,3,3,0,0,1,0,2,2,0,0,3,1,0,0,3,1,5,0,2,1,1,3,3,3,0,1,0,2,0,0,0,0,5,1,0,1,0,0,0,0,3,1,2,2,0,0,2,1,4,1,2,3,4,8,5,2,0,1,1,0,0,0,0,1,0,1,0,0,2,0,0,3,0,1,0,1,1,4,0,0,1,1,3,1,0,2,2,0,3,0,0,1,0,1,0,0,0,0,0,0,0
STAT,(NULL),MeminfoPost,191,757124,3966,3954,3986,3965,3972,3972,3968,3953,3960,3964,3984,3990,4014,3973,3950,3962,3956,3962,3972,3975,3977,3961,3976,3969,3949,3957,3960,3974,3982,3951,3951,3957,3965,3955,3988,3966,3971,3972,3967,3953,3961,3963,3985,3989,4016,3973,3953,3961,3955,3963,3969,3975,3979,3963,3973,3966,3951,3957,3959,3975,3982,3951,3951,3958,3965,3972,3965,3961,3996,3970,3957,3973,3972,3962,3963,3968,3953,3957,3955,3972,3948,3945,3966,3969,3977,3960,3952,3960,3960,3949,3949,3948,3965,3959,3989,3988,3962,3950,3955,3956,3984,3950,3944,3943,3962,3966,3972,3971,3976,3965,3963,3952,3958,3965,3957,3957,3951,3951,3943,3957,3944,3975,3952,3945,3980,3994,3987,3987,3959,3953,3954,3977,3949,3942,3957,3964,3971,3973,3968,3964,3952,3963,3956,3960,3948,3944,3957,3962,3952,3945,3981,3993,3989,3987,3965,3953,3959,3945,3959,3964,3994,3989,3972,3987,3984,3953,3954,3977,3947,3970,3953,3951,3944,3956,3947,3956,3983,3938,3946,3959,3939,3946,3976,3951,3957,3963,3968,3961,3971,3954,3967
STAT,(NULL),MeminfoPre,191,189281,993,981,1013,992,999,999,995,980,987,991,1011,1017,1041,1000,977,989,983,989,999,1002,1004,988,1003,996,976,984,987,1001,1009,978,978,984,992,982,1015,993,998,999,994,980,988,990,1012,1016,1043,1000,980,988,982,990,996,1002,1006,990,1000,993,978,984,986,1002,1009,978,978,985,992,999,992,988,1023,997,984,1000,999,989,990,995,980,984,982,999,975,972,993,996,1004,987,979,987,987,976,976,975,992,986,1016,1015,989,977,982,983,1011,977,971,970,989,993,999,998,1003,992,990,979,985,992,984,984,978,978,970,984,971,1002,979,972,1007,1021,1014,1014,986,980,981,1004,976,969,984,991,998,1000,995,991,979,990,983,987,975,971,984,989,979,972,1008,1020,1016,1014,992,980,986,972,986,991,1021,1016,999,1014,1011,980,981,1004,974,997,980,978,971,983,974,983,1010,965,973,986,966,973,1003,978,984,990,995,988,998,981,994
STAT,(NULL),Partition,191,453,453,0,0,0,0,0,0,0,0,0,0,0,0,0,0,0,0,0,0,0,0,0,0,0,0,0,0,0,0,0,0,0,0,0,0,0,0,0,0,0,0,0,0,0,0,0,0,0,0,0,0,0,0,0,0,0,0,0,0,0,0,0,0,0,0,0,0,0,0,0,0,0,0,0,0,0,0,0,0,0,0,0,0,0,0,0,0,0,0,0,0,0,0,0,0,0,0,0,0,0,0,0,0,0,0,0,0,0,0,0,0,0,0,0,0,0,0,0,0,0,0,0,0,0,0,0,0,0,0,0,0,0,0,0,0,0,0,0,0,0,0,0,0,0,0,0,0,0,0,0,0,0,0,0,0,0,0,0,0,0,0,0,0,0,0,0,0,0,0,0,0,0,0,0,0,0,0,0,0,0,0,0,0,0,0,0,0,0,0,0,0
STAT,(NULL),Refine,191,1932,1932,0,0,0,0,0,0,0,0,0,0,0,0,0,0,0,0,0,0,0,0,0,0,0,0,0,0,0,0,0,0,0,0,0,0,0,0,0,0,0,0,0,0,0,0,0,0,0,0,0,0,0,0,0,0,0,0,0,0,0,0,0,0,0,0,0,0,0,0,0,0,0,0,0,0,0,0,0,0,0,0,0,0,0,0,0,0,0,0,0,0,0,0,0,0,0,0,0,0,0,0,0,0,0,0,0,0,0,0,0,0,0,0,0,0,0,0,0,0,0,0,0,0,0,0,0,0,0,0,0,0,0,0,0,0,0,0,0,0,0,0,0,0,0,0,0,0,0,0,0,0,0,0,0,0,0,0,0,0,0,0,0,0,0,0,0,0,0,0,0,0,0,0,0,0,0,0,0,0,0,0,0,0,0,0,0,0,0,0,0,0
STAT,(NULL),Threads,191,191,191,0,0,0,0,0,0,0,0,0,0,0,0,0,0,0,0,0,0,0,0,0,0,0,0,0,0,0,0,0,0,0,0,0,0,0,0,0,0,0,0,0,0,0,0,0,0,0,0,0,0,0,0,0,0,0,0,0,0,0,0,0,0,0,0,0,0,0,0,0,0,0,0,0,0,0,0,0,0,0,0,0,0,0,0,0,0,0,0,0,0,0,0,0,0,0,0,0,0,0,0,0,0,0,0,0,0,0,0,0,0,0,0,0,0,0,0,0,0,0,0,0,0,0,0,0,0,0,0,0,0,0,0,0,0,0,0,0,0,0,0,0,0,0,0,0,0,0,0,0,0,0,0,0,0,0,0,0,0,0,0,0,0,0,0,0,0,0,0,0,0,0,0,0,0,0,0,0,0,0,0,0,0,0,0,0,0,0,0,0,0
STAT,(NULL),Time,191,5626,5626,0,0,0,0,0,0,0,0,0,0,0,0,0,0,0,0,0,0,0,0,0,0,0,0,0,0,0,0,0,0,0,0,0,0,0,0,0,0,0,0,0,0,0,0,0,0,0,0,0,0,0,0,0,0,0,0,0,0,0,0,0,0,0,0,0,0,0,0,0,0,0,0,0,0,0,0,0,0,0,0,0,0,0,0,0,0,0,0,0,0,0,0,0,0,0,0,0,0,0,0,0,0,0,0,0,0,0,0,0,0,0,0,0,0,0,0,0,0,0,0,0,0,0,0,0,0,0,0,0,0,0,0,0,0,0,0,0,0,0,0,0,0,0,0,0,0,0,0,0,0,0,0,0,0,0,0,0,0,0,0,0,0,0,0,0,0,0,0,0,0,0,0,0,0,0,0,0,0,0,0,0,0,0,0,0,0,0,0,0,0
STAT,match,Conflicts,191,6328,57,54,46,51,47,49,46,52,50,46,47,43,44,50,47,43,35,46,44,43,50,47,45,41,42,51,49,47,47,44,51,42,37,46,31,30,36,37,32,40,41,34,37,40,34,38,33,40,36,32,41,43,48,40,36,47,40,35,35,40,34,29,27,37,32,27,27,33,27,26,26,32,25,29,33,32,27,27,31,29,37,25,26,20,29,18,32,29,28,27,27,30,30,30,35,26,31,32,33,32,28,29,24,34,26,25,31,32,28,29,29,27,32,36,23,30,34,28,23,27,32,28,29,28,26,29,23,25,36,29,31,39,23,24,26,25,28,29,31,19,34,32,23,28,26,27,21,25,37,33,26,30,28,31,34,37,25,32,33,26,30,27,29,28,30,23,25,33,30,38,39,23,25,34,28,38,24,24,31,23,27,26,27,29,28,36,31,24,22,28,23
STAT,match,Iterations,191,15020101,43552,56352,53255,61083,65166,52939,47690,63759,59061,54002,78485,68592,73516,65399,58770,72391,90746,41593,69227,54332,64798,55289,58113,71821,69892,62034,65523,55316,77961,73211,69507,78801,64075,69375,67466,85454,87679,69878,88126,71847,62867,74443,76871,59861,64742,89306,57530,72527,69572,68107,51477,79309,85662,75156,55065,57111,69253,65890,72990,58923,66416,93687,73512,75803,87246,79565,87502,74899,86235,68437,97727,82002,91962,82414,72443,101078,78454,98399,97155,91252,77252,96882,95924,85666,77505,95427,71355,98720,98164,86321,85657,88361,88238,85421,84150,76344,65244,83699,83430,92047,70424,101338,89552,83369,72096,86576,87620,79384,93906,89558,77692,90994,98388,68099,105676,92353,85665,90536,71539,82530,71447,81331,79840,81473,85391,99677,93928,71292,55925,73642,79515,76589,86597,82742,89242,85091,99704,81035,71365,102833,78268,83480,96935,89734,80755,98243,95922,85015,71978,72218,85161,86649,101746,87206,71986,93755,88891,82992,66928,89003,73892,74196,86001,93527,81933,93459,84492,66638,78405,76957,75121,86889,83360,72657,82060,80071,85477,84828,86282,88880,79799,84418,98326,81176,80405,74004,68935,78322,86832,96266,78941
STAT,popedge,Conflicts,191,0,0,0,0,0,0,0,0,0,0,0,0,0,0,0,0,0,0,0,0,0,0,0,0,0,0,0,0,0,0,0,0,0,0,0,0,0,0,0,0,0,0,0,0,0,0,0,0,0,0,0,0,0,0,0,0,0,0,0,0,0,0,0,0,0,0,0,0,0,0,0,0,0,0,0,0,0,0,0,0,0,0,0,0,0,0,0,0,0,0,0,0,0,0,0,0,0,0,0,0,0,0,0,0,0,0,0,0,0,0,0,0,0,0,0,0,0,0,0,0,0,0,0,0,0,0,0,0,0,0,0,0,0,0,0,0,0,0,0,0,0,0,0,0,0,0,0,0,0,0,0,0,0,0,0,0,0,0,0,0,0,0,0,0,0,0,0,0,0,0,0,0,0,0,0,0,0,0,0,0,0,0,0,0,0,0,0,0,0,0,0,0
STAT,popedge,Iterations,191,7357814,34710,34851,33011,34453,33758,33689,32901,34113,36449,40562,37297,37044,36972,37762,36527,38613,36674,38170,38989,38695,39970,38434,37814,38488,39317,38687,38726,42010,39095,39728,40996,39851,38470,39234,38290,34963,39239,39019,40088,39202,41901,39655,39765,39511,39581,38476,40548,39634,39529,39386,39389,40211,38169,41296,40170,40026,40537,39091,39604,40066,39034,33092,36146,33393,33285,33249,34365,34421,34245,36154,36960,37679,37190,38110,38962,36714,38151,39314,36485,38392,37869,39423,37310,37318,40187,39057,37766,38429,39162,37971,41501,39006,40416,39337,39882,38853,36185,42646,38957,40251,39192,41793,40559,41131,38431,42207,39631,40648,39472,38746,40187,39673,39448,41340,42387,40113,41283,41174,39586,42884,40822,39879,32581,36633,35660,34588,35185,35355,34009,34576,34856,40901,38530,37830,39422,37707,36582,37955,41056,39811,38913,37231,39568,36429,41402,38972,38055,38790,39770,41594,38001,40475,39040,40668,38884,39923,38871,37863,41005,40988,43050,41607,41668,39431,42661,38095,40947,39546,40445,40230,41168,42337,40574,40427,39005,40477,39487,41908,41058,38669,38502,40520,40268,33809,34744,35828,34886,34665,33829,33995,33440
STAT,refine,Conflicts,191,6321,113,102,104,104,88,85,104,99,71,74,87,73,79,77,74,69,57,58,69,59,63,64,59,60,56,69,60,68,57,53,53,44,42,39,38,42,44,39,42,46,39,47,43,48,42,52,37,38,38,33,42,37,49,41,43,35,36,28,37,41,30,25,16,20,19,13,27,20,28,18,27,15,29,25,18,36,18,13,21,27,18,21,27,21,19,23,24,19,29,16,17,19,20,21,21,23,29,23,17,22,19,21,24,20,22,24,25,21,18,15,22,22,24,24,28,21,19,24,22,16,26,27,22,24,21,10,15,17,29,20,16,21,22,24,12,20,27,20,22,23,16,19,26,26,9,16,15,20,16,21,27,22,25,23,27,24,14,32,20,18,25,16,37,21,29,30,15,21,28,24,25,22,20,23,31,21,18,20,18,17,26,17,10,20,17,26,20,20,25,24,26
STAT,refine,Iterations,191,138198,798,791,711,792,846,932,732,702,557,750,952,911,866,704,539,678,798,432,770,698,793,633,492,814,706,687,772,864,772,1008,757,846,630,796,691,843,871,694,741,741,552,638,824,601,907,1088,601,689,598,507,538,782,809,540,638,566,537,485,555,801,467,664,686,672,754,787,682,550,936,740,929,706,1038,747,598,919,594,846,672,831,582,612,730,691,774,754,633,735,822,664,925,851,910,753,1047,882,849,1047,752,827,541,627,645,747,511,636,758,599,741,544,723,729,879,557,784,710,689,766,532,452,789,780,553,658,782,726,883,693,744,692,674,778,775,705,747,704,798,679,679,703,724,593,706,741,592,898,633,744,690,782,621,1152,942,883,710,998,672,753,736,772,662,735,728,646,975,558,733,786,724,760,536,648,556,774,637,810,645,576,647,468,539,725,609,615,689,685,825,683,830,660,656
