Hello from MIC
Galois Benchmark Suite v2.2.0 (r0)
Copyright (C) 2013 The University of Texas at Austin
http://iss.ices.utexas.edu/galois/

application: GMetis
Partitions a graph into K parts and minimizing the graph cut
http://iss.ices.utexas.edu/?p=projects/galois/benchmarks/gMetis

INFO: CommandLine /work/02556/dpereira/MIC/apps/gmetis/gmetis -t=132 /work/02556/dpereira/Inputs/USA-road-d.W.gr 128
INFO: Hostname c558-001-mic0.stampede.tacc.utexas.edu
Created Graph with 6262104 nodes and 15248146 edges
Nodes 6262104| Edges 15248146 7624073

  Starting coarsening: 
Time coarsen:  2422 Size of final graph: 3104

  Sarting initial partitioning using GGGP:
Size in decade percentages:  -1,10 -0,112 1,6
Time clustering:  430

  Sarting refinnement with BKL2
Initial dist
Size in decade percentages:  -1,10 -0,112 1,6
Refined dist
Size in decade percentages:  -1,47 -0,30 1,51
Time refinement:  1337


Time:  4366
Total edge cut : 8312

Part saved in : 0x7fffc7319460
STATTYPE,LOOP,CATEGORY,n,sum,T0,T1,T2,T3,T4,T5,T6,T7,T8,T9,T10,T11,T12,T13,T14,T15,T16,T17,T18,T19,T20,T21,T22,T23,T24,T25,T26,T27,T28,T29,T30,T31,T32,T33,T34,T35,T36,T37,T38,T39,T40,T41,T42,T43,T44,T45,T46,T47,T48,T49,T50,T51,T52,T53,T54,T55,T56,T57,T58,T59,T60,T61,T62,T63,T64,T65,T66,T67,T68,T69,T70,T71,T72,T73,T74,T75,T76,T77,T78,T79,T80,T81,T82,T83,T84,T85,T86,T87,T88,T89,T90,T91,T92,T93,T94,T95,T96,T97,T98,T99,T100,T101,T102,T103,T104,T105,T106,T107,T108,T109,T110,T111,T112,T113,T114,T115,T116,T117,T118,T119,T120,T121,T122,T123,T124,T125,T126,T127,T128,T129,T130,T131
STAT,(NULL),Coarsen,132,2422,2422,0,0,0,0,0,0,0,0,0,0,0,0,0,0,0,0,0,0,0,0,0,0,0,0,0,0,0,0,0,0,0,0,0,0,0,0,0,0,0,0,0,0,0,0,0,0,0,0,0,0,0,0,0,0,0,0,0,0,0,0,0,0,0,0,0,0,0,0,0,0,0,0,0,0,0,0,0,0,0,0,0,0,0,0,0,0,0,0,0,0,0,0,0,0,0,0,0,0,0,0,0,0,0,0,0,0,0,0,0,0,0,0,0,0,0,0,0,0,0,0,0,0,0,0,0,0,0,0,0,0,0
STAT,(NULL),Conflicts,132,0,0,0,0,0,0,0,0,0,0,0,0,0,0,0,0,0,0,0,0,0,0,0,0,0,0,0,0,0,0,0,0,0,0,0,0,0,0,0,0,0,0,0,0,0,0,0,0,0,0,0,0,0,0,0,0,0,0,0,0,0,0,0,0,0,0,0,0,0,0,0,0,0,0,0,0,0,0,0,0,0,0,0,0,0,0,0,0,0,0,0,0,0,0,0,0,0,0,0,0,0,0,0,0,0,0,0,0,0,0,0,0,0,0,0,0,0,0,0,0,0,0,0,0,0,0,0,0,0,0,0,0,0
STAT,(NULL),Iterations,132,255,8,4,1,0,0,2,0,2,0,0,3,0,2,2,3,0,4,0,1,0,2,1,1,0,5,1,3,0,0,4,2,1,2,1,1,0,0,0,2,0,3,0,0,4,2,4,0,8,10,6,0,4,2,2,0,2,0,0,5,7,4,7,3,0,0,6,1,0,0,0,0,1,4,0,1,1,1,2,0,1,1,0,3,5,1,3,5,0,0,0,4,0,1,1,1,1,0,3,1,0,3,5,6,0,4,0,4,1,5,4,6,0,2,5,4,0,2,1,0,3,5,0,10,0,0,0,3,2,0,1,0,0
STAT,(NULL),MeminfoPost,132,756783,5739,5738,5746,5738,5741,5709,5745,5750,5810,5735,5724,5720,5747,5741,5750,5744,5722,5724,5742,5745,5721,5717,5735,5732,5750,5744,5740,5712,5738,5753,5808,5745,5720,5720,5741,5740,5754,5741,5728,5720,5739,5746,5723,5721,5732,5741,5730,5776,5723,5743,5738,5732,5728,5725,5732,5715,5717,5740,5742,5724,5727,5715,5717,5723,5726,5768,5744,5716,5721,5746,5712,5703,5733,5748,5745,5737,5735,5712,5730,5724,5717,5708,5721,5729,5715,5721,5771,5760,5752,5719,5741,5712,5705,5735,5744,5742,5728,5727,5720,5717,5709,5716,5732,5724,5768,5770,5747,5721,5715,5724,5747,5776,5750,5766,5713,5744,5718,5726,5715,5709,5719,5750,5701,5701,5720,5733,5715,5723,5735,5737,5729,5728
STAT,(NULL),MeminfoPre,132,189183,1439,1438,1446,1438,1441,1409,1445,1450,1510,1435,1424,1420,1447,1441,1450,1444,1422,1424,1442,1445,1421,1417,1435,1432,1450,1444,1440,1412,1438,1453,1508,1445,1420,1420,1441,1440,1454,1441,1428,1420,1439,1446,1423,1421,1432,1441,1430,1476,1423,1443,1438,1432,1428,1425,1432,1415,1417,1440,1442,1424,1427,1415,1417,1423,1426,1468,1444,1416,1421,1446,1412,1403,1433,1448,1445,1437,1435,1412,1430,1424,1417,1408,1421,1429,1415,1421,1471,1460,1452,1419,1441,1412,1405,1435,1444,1442,1428,1427,1420,1417,1409,1416,1432,1424,1468,1470,1447,1421,1415,1424,1447,1476,1450,1466,1413,1444,1418,1426,1415,1409,1419,1450,1401,1401,1420,1433,1415,1423,1435,1437,1429,1428
STAT,(NULL),Partition,132,430,430,0,0,0,0,0,0,0,0,0,0,0,0,0,0,0,0,0,0,0,0,0,0,0,0,0,0,0,0,0,0,0,0,0,0,0,0,0,0,0,0,0,0,0,0,0,0,0,0,0,0,0,0,0,0,0,0,0,0,0,0,0,0,0,0,0,0,0,0,0,0,0,0,0,0,0,0,0,0,0,0,0,0,0,0,0,0,0,0,0,0,0,0,0,0,0,0,0,0,0,0,0,0,0,0,0,0,0,0,0,0,0,0,0,0,0,0,0,0,0,0,0,0,0,0,0,0,0,0,0,0,0
STAT,(NULL),Refine,132,1337,1337,0,0,0,0,0,0,0,0,0,0,0,0,0,0,0,0,0,0,0,0,0,0,0,0,0,0,0,0,0,0,0,0,0,0,0,0,0,0,0,0,0,0,0,0,0,0,0,0,0,0,0,0,0,0,0,0,0,0,0,0,0,0,0,0,0,0,0,0,0,0,0,0,0,0,0,0,0,0,0,0,0,0,0,0,0,0,0,0,0,0,0,0,0,0,0,0,0,0,0,0,0,0,0,0,0,0,0,0,0,0,0,0,0,0,0,0,0,0,0,0,0,0,0,0,0,0,0,0,0,0,0
STAT,(NULL),Threads,132,132,132,0,0,0,0,0,0,0,0,0,0,0,0,0,0,0,0,0,0,0,0,0,0,0,0,0,0,0,0,0,0,0,0,0,0,0,0,0,0,0,0,0,0,0,0,0,0,0,0,0,0,0,0,0,0,0,0,0,0,0,0,0,0,0,0,0,0,0,0,0,0,0,0,0,0,0,0,0,0,0,0,0,0,0,0,0,0,0,0,0,0,0,0,0,0,0,0,0,0,0,0,0,0,0,0,0,0,0,0,0,0,0,0,0,0,0,0,0,0,0,0,0,0,0,0,0,0,0,0,0,0,0
STAT,(NULL),Time,132,4366,4366,0,0,0,0,0,0,0,0,0,0,0,0,0,0,0,0,0,0,0,0,0,0,0,0,0,0,0,0,0,0,0,0,0,0,0,0,0,0,0,0,0,0,0,0,0,0,0,0,0,0,0,0,0,0,0,0,0,0,0,0,0,0,0,0,0,0,0,0,0,0,0,0,0,0,0,0,0,0,0,0,0,0,0,0,0,0,0,0,0,0,0,0,0,0,0,0,0,0,0,0,0,0,0,0,0,0,0,0,0,0,0,0,0,0,0,0,0,0,0,0,0,0,0,0,0,0,0,0,0,0,0
STAT,match,Conflicts,132,6144,84,79,66,64,65,51,68,64,58,59,61,59,66,73,63,58,55,68,61,56,57,66,52,54,54,55,57,58,64,55,44,54,52,48,49,50,45,56,57,51,48,45,45,45,47,43,43,39,55,45,45,67,55,40,43,51,41,55,46,51,45,40,45,36,37,46,38,45,43,35,37,33,36,39,45,36,40,35,35,43,37,35,47,41,42,44,30,43,42,40,41,41,44,38,43,45,38,38,41,38,40,41,43,36,37,34,39,38,37,37,47,36,38,49,35,43,48,48,36,36,43,44,39,40,35,36,31,44,26,32,34,40
STAT,match,Iterations,132,15003578,64950,61739,92550,86354,98973,94227,75648,90532,83648,90682,112540,116113,102082,80861,101048,112005,109668,102362,112342,112377,102404,87984,104218,104046,110976,121307,108832,100460,101426,101470,100483,109914,105633,104786,107156,131492,112100,96315,126333,115783,98079,116856,132131,132080,93475,134905,101707,118933,97066,104471,116229,107513,118157,107696,125676,100995,119629,108834,110267,115235,113107,114622,97310,119963,120159,101105,121612,76282,85449,108639,108622,137076,132391,125012,110166,139368,115498,125542,115167,130214,123086,125110,113330,113046,151299,117479,137958,120958,112732,124572,122923,111947,143488,133950,117431,131838,131748,140372,120440,140386,125856,130586,111020,143596,133464,137494,144310,107385,118058,138549,112791,125081,117151,119665,143129,144219,127152,102432,135885,125191,126821,125343,90961,106200,108050,95758,121567,91771,127165,118260,109345,94173
STAT,popedge,Conflicts,132,0,0,0,0,0,0,0,0,0,0,0,0,0,0,0,0,0,0,0,0,0,0,0,0,0,0,0,0,0,0,0,0,0,0,0,0,0,0,0,0,0,0,0,0,0,0,0,0,0,0,0,0,0,0,0,0,0,0,0,0,0,0,0,0,0,0,0,0,0,0,0,0,0,0,0,0,0,0,0,0,0,0,0,0,0,0,0,0,0,0,0,0,0,0,0,0,0,0,0,0,0,0,0,0,0,0,0,0,0,0,0,0,0,0,0,0,0,0,0,0,0,0,0,0,0,0,0,0,0,0,0,0,0
STAT,popedge,Iterations,132,7351776,50279,50180,50280,50687,48591,50185,52928,51331,50825,49615,59027,58277,58629,58569,58970,56987,57153,52043,57359,57905,59102,60587,60812,57078,55389,57017,55468,56895,58448,57186,56545,57059,58385,55764,56067,56235,55233,59329,56097,57435,58556,55893,57308,57779,51911,54889,51686,51595,55328,53768,56295,57563,56202,57604,58639,59325,56366,57806,57155,57672,58491,47332,48977,47617,48212,49081,49800,51990,51007,47317,48343,59596,56330,57344,56412,56420,57351,58145,51751,55943,56842,60094,61754,58485,56923,62521,58225,56695,57122,55390,56981,57327,56715,57945,55916,54927,57640,56899,55420,56684,55823,59096,57300,57486,60080,56538,58552,55012,57387,57007,56249,58475,61904,60170,60622,56782,60709,62783,59435,58550,58761,59468,50400,54127,51198,50006,50284,49853,51870,51336,50002,47256
STAT,refine,Conflicts,132,5306,134,131,117,113,108,94,98,86,80,88,75,83,77,87,70,65,59,55,58,72,54,55,60,55,61,67,49,72,58,59,56,36,34,37,46,40,41,45,54,43,43,35,40,35,43,55,38,42,57,41,46,33,44,32,28,45,28,30,37,43,41,22,20,23,23,20,29,18,18,25,18,17,29,27,31,31,23,21,25,21,32,24,18,22,26,23,29,24,24,26,27,24,20,19,25,31,27,25,24,35,27,27,25,27,24,27,27,18,18,24,27,14,27,19,26,18,30,20,23,30,24,30,21,27,20,23,26,21,30,15,15,22
STAT,refine,Iterations,132,136867,896,964,1129,829,1104,883,913,863,1074,1003,629,1065,961,1085,923,1004,1116,828,1087,1146,851,870,1008,1031,1194,1324,1010,868,1152,1172,1397,1220,685,1055,1296,1650,1048,817,1214,799,1033,1251,1256,1082,1031,1488,879,1256,1150,1201,1126,877,1112,753,1298,904,756,834,1047,845,998,885,833,1096,777,1040,858,784,608,1019,812,865,1100,996,923,1202,1039,963,963,857,1151,1062,940,1126,1300,1086,1246,1307,1123,934,1128,1178,1207,935,995,1254,1350,1071,871,1343,846,1232,1218,1292,1294,1418,1328,921,1083,1356,1304,1165,1002,1118,894,1149,1163,771,976,1009,797,1162,880,887,928,767,1124,615,1256,601,875,869
