Hello from MIC
Galois Benchmark Suite v2.2.0 (r0)
Copyright (C) 2013 The University of Texas at Austin
http://iss.ices.utexas.edu/galois/

application: GMetis
Partitions a graph into K parts and minimizing the graph cut
http://iss.ices.utexas.edu/?p=projects/galois/benchmarks/gMetis

INFO: CommandLine /work/02556/dpereira/MIC/apps/gmetis/gmetis -t=205 /work/02556/dpereira/Inputs/USA-road-d.W.gr 1024
INFO: Hostname c557-803-mic0.stampede.tacc.utexas.edu
Created Graph with 6262104 nodes and 15248146 edges
Nodes 6262104| Edges 15248146 7624073

  Starting coarsening: 
Time coarsen:  2810 Size of final graph: 22244

  Sarting initial partitioning using GGGP:
Size in decade percentages:  -1,63 -0,892 1,69
Time clustering:  1166

  Sarting refinnement with BKL2
Initial dist
Size in decade percentages:  -1,63 -0,892 1,69
Refined dist
Size in decade percentages:  -1,358 -0,311 1,354 3,1
Time refinement:  1917


Time:  6073
Total edge cut : 32196

Part saved in : 0x7fff9ed8d760
STATTYPE,LOOP,CATEGORY,n,sum,T0,T1,T2,T3,T4,T5,T6,T7,T8,T9,T10,T11,T12,T13,T14,T15,T16,T17,T18,T19,T20,T21,T22,T23,T24,T25,T26,T27,T28,T29,T30,T31,T32,T33,T34,T35,T36,T37,T38,T39,T40,T41,T42,T43,T44,T45,T46,T47,T48,T49,T50,T51,T52,T53,T54,T55,T56,T57,T58,T59,T60,T61,T62,T63,T64,T65,T66,T67,T68,T69,T70,T71,T72,T73,T74,T75,T76,T77,T78,T79,T80,T81,T82,T83,T84,T85,T86,T87,T88,T89,T90,T91,T92,T93,T94,T95,T96,T97,T98,T99,T100,T101,T102,T103,T104,T105,T106,T107,T108,T109,T110,T111,T112,T113,T114,T115,T116,T117,T118,T119,T120,T121,T122,T123,T124,T125,T126,T127,T128,T129,T130,T131,T132,T133,T134,T135,T136,T137,T138,T139,T140,T141,T142,T143,T144,T145,T146,T147,T148,T149,T150,T151,T152,T153,T154,T155,T156,T157,T158,T159,T160,T161,T162,T163,T164,T165,T166,T167,T168,T169,T170,T171,T172,T173,T174,T175,T176,T177,T178,T179,T180,T181,T182,T183,T184,T185,T186,T187,T188,T189,T190,T191,T192,T193,T194,T195,T196,T197,T198,T199,T200,T201,T202,T203,T204
STAT,(NULL),Coarsen,205,2810,2810,0,0,0,0,0,0,0,0,0,0,0,0,0,0,0,0,0,0,0,0,0,0,0,0,0,0,0,0,0,0,0,0,0,0,0,0,0,0,0,0,0,0,0,0,0,0,0,0,0,0,0,0,0,0,0,0,0,0,0,0,0,0,0,0,0,0,0,0,0,0,0,0,0,0,0,0,0,0,0,0,0,0,0,0,0,0,0,0,0,0,0,0,0,0,0,0,0,0,0,0,0,0,0,0,0,0,0,0,0,0,0,0,0,0,0,0,0,0,0,0,0,0,0,0,0,0,0,0,0,0,0,0,0,0,0,0,0,0,0,0,0,0,0,0,0,0,0,0,0,0,0,0,0,0,0,0,0,0,0,0,0,0,0,0,0,0,0,0,0,0,0,0,0,0,0,0,0,0,0,0,0,0,0,0,0,0,0,0,0,0,0,0,0,0,0,0,0,0,0,0,0,0,0,0
STAT,(NULL),Conflicts,205,0,0,0,0,0,0,0,0,0,0,0,0,0,0,0,0,0,0,0,0,0,0,0,0,0,0,0,0,0,0,0,0,0,0,0,0,0,0,0,0,0,0,0,0,0,0,0,0,0,0,0,0,0,0,0,0,0,0,0,0,0,0,0,0,0,0,0,0,0,0,0,0,0,0,0,0,0,0,0,0,0,0,0,0,0,0,0,0,0,0,0,0,0,0,0,0,0,0,0,0,0,0,0,0,0,0,0,0,0,0,0,0,0,0,0,0,0,0,0,0,0,0,0,0,0,0,0,0,0,0,0,0,0,0,0,0,0,0,0,0,0,0,0,0,0,0,0,0,0,0,0,0,0,0,0,0,0,0,0,0,0,0,0,0,0,0,0,0,0,0,0,0,0,0,0,0,0,0,0,0,0,0,0,0,0,0,0,0,0,0,0,0,0,0,0,0,0,0,0,0,0,0,0,0,0,0
STAT,(NULL),Iterations,205,2047,11,5,9,3,14,5,11,15,9,5,7,3,10,5,6,13,5,5,3,12,13,8,9,12,5,7,10,16,4,8,10,15,11,3,12,7,8,19,9,15,10,5,9,11,13,15,10,15,19,15,10,12,17,14,11,12,11,7,9,13,12,17,11,12,10,10,8,6,6,5,3,9,4,8,8,14,7,2,2,7,9,4,5,6,10,7,11,13,11,14,15,9,18,8,17,11,9,11,15,15,11,16,11,10,19,13,11,7,14,15,14,9,12,11,11,13,14,9,14,6,9,8,10,8,6,11,9,9,4,6,3,5,6,1,4,6,8,7,8,12,5,7,5,19,1,7,6,6,10,16,11,14,14,7,11,4,18,16,12,17,8,18,16,8,7,7,10,7,11,23,7,14,11,12,19,31,9,23,11,4,10,8,16,21,18,11,10,13,4,5,6,7,7,4,5,1,8,11,14,13,7,9,5,9,9
STAT,(NULL),MeminfoPost,205,757085,3699,3683,3703,3711,3696,3695,3688,3697,3681,3702,3692,3710,3719,3744,3702,3680,3687,3694,3685,3697,3701,3709,3695,3701,3698,3692,3682,3685,3687,3705,3705,3688,3681,3685,3694,3695,3692,3700,3704,3705,3686,3705,3679,3690,3694,3709,3713,3746,3710,3686,3690,3686,3681,3704,3693,3702,3719,3687,3700,3699,3679,3686,3689,3700,3710,3682,3690,3680,3691,3697,3699,3691,3692,3720,3705,3687,3694,3704,3699,3685,3703,3685,3691,3681,3684,3702,3675,3677,3694,3700,3704,3690,3684,3693,3684,3684,3678,3686,3689,3681,3694,3716,3717,3691,3680,3686,3684,3712,3687,3678,3671,3677,3694,3697,3704,3698,3704,3693,3693,3687,3681,3696,3683,3689,3689,3673,3679,3675,3694,3674,3703,3682,3675,3707,3713,3721,3711,3706,3679,3684,3698,3693,3677,3671,3689,3694,3700,3702,3702,3687,3682,3698,3681,3688,3684,3677,3676,3685,3698,3680,3676,3707,3720,3714,3719,3698,3690,3683,3683,3679,3693,3699,3719,3719,3697,3717,3714,3685,3682,3697,3684,3690,3689,3691,3680,3669,3688,3680,3693,3701,3672,3674,3686,3675,3679,3702,3678,3684,3690,3696,3692,3694,3694,3687,3694
STAT,(NULL),MeminfoPre,205,189235,929,913,933,941,926,925,918,927,911,932,922,940,949,974,932,910,917,924,915,927,931,939,925,931,928,922,912,915,917,935,935,918,911,915,924,925,922,930,934,935,916,935,909,920,924,939,943,976,940,916,920,916,911,934,923,932,949,917,930,929,909,916,919,930,940,912,920,910,921,927,929,921,922,950,935,917,924,934,929,915,933,915,921,911,914,932,905,907,924,930,934,920,914,923,914,914,908,916,919,911,924,946,947,921,910,916,914,942,917,908,901,907,924,927,934,928,934,923,923,917,911,926,913,919,919,903,909,905,924,904,933,912,905,937,943,951,941,936,909,914,928,923,907,901,919,924,930,932,932,917,912,928,911,918,914,907,906,915,928,910,906,937,950,944,949,928,920,913,913,909,923,929,949,949,927,947,944,915,912,927,914,920,919,921,910,899,918,910,923,931,902,904,916,905,909,932,908,914,920,926,922,924,924,917,924
STAT,(NULL),Partition,205,1166,1166,0,0,0,0,0,0,0,0,0,0,0,0,0,0,0,0,0,0,0,0,0,0,0,0,0,0,0,0,0,0,0,0,0,0,0,0,0,0,0,0,0,0,0,0,0,0,0,0,0,0,0,0,0,0,0,0,0,0,0,0,0,0,0,0,0,0,0,0,0,0,0,0,0,0,0,0,0,0,0,0,0,0,0,0,0,0,0,0,0,0,0,0,0,0,0,0,0,0,0,0,0,0,0,0,0,0,0,0,0,0,0,0,0,0,0,0,0,0,0,0,0,0,0,0,0,0,0,0,0,0,0,0,0,0,0,0,0,0,0,0,0,0,0,0,0,0,0,0,0,0,0,0,0,0,0,0,0,0,0,0,0,0,0,0,0,0,0,0,0,0,0,0,0,0,0,0,0,0,0,0,0,0,0,0,0,0,0,0,0,0,0,0,0,0,0,0,0,0,0,0,0,0,0,0
STAT,(NULL),Refine,205,1917,1917,0,0,0,0,0,0,0,0,0,0,0,0,0,0,0,0,0,0,0,0,0,0,0,0,0,0,0,0,0,0,0,0,0,0,0,0,0,0,0,0,0,0,0,0,0,0,0,0,0,0,0,0,0,0,0,0,0,0,0,0,0,0,0,0,0,0,0,0,0,0,0,0,0,0,0,0,0,0,0,0,0,0,0,0,0,0,0,0,0,0,0,0,0,0,0,0,0,0,0,0,0,0,0,0,0,0,0,0,0,0,0,0,0,0,0,0,0,0,0,0,0,0,0,0,0,0,0,0,0,0,0,0,0,0,0,0,0,0,0,0,0,0,0,0,0,0,0,0,0,0,0,0,0,0,0,0,0,0,0,0,0,0,0,0,0,0,0,0,0,0,0,0,0,0,0,0,0,0,0,0,0,0,0,0,0,0,0,0,0,0,0,0,0,0,0,0,0,0,0,0,0,0,0,0
STAT,(NULL),Threads,205,205,205,0,0,0,0,0,0,0,0,0,0,0,0,0,0,0,0,0,0,0,0,0,0,0,0,0,0,0,0,0,0,0,0,0,0,0,0,0,0,0,0,0,0,0,0,0,0,0,0,0,0,0,0,0,0,0,0,0,0,0,0,0,0,0,0,0,0,0,0,0,0,0,0,0,0,0,0,0,0,0,0,0,0,0,0,0,0,0,0,0,0,0,0,0,0,0,0,0,0,0,0,0,0,0,0,0,0,0,0,0,0,0,0,0,0,0,0,0,0,0,0,0,0,0,0,0,0,0,0,0,0,0,0,0,0,0,0,0,0,0,0,0,0,0,0,0,0,0,0,0,0,0,0,0,0,0,0,0,0,0,0,0,0,0,0,0,0,0,0,0,0,0,0,0,0,0,0,0,0,0,0,0,0,0,0,0,0,0,0,0,0,0,0,0,0,0,0,0,0,0,0,0,0,0,0
STAT,(NULL),Time,205,6073,6073,0,0,0,0,0,0,0,0,0,0,0,0,0,0,0,0,0,0,0,0,0,0,0,0,0,0,0,0,0,0,0,0,0,0,0,0,0,0,0,0,0,0,0,0,0,0,0,0,0,0,0,0,0,0,0,0,0,0,0,0,0,0,0,0,0,0,0,0,0,0,0,0,0,0,0,0,0,0,0,0,0,0,0,0,0,0,0,0,0,0,0,0,0,0,0,0,0,0,0,0,0,0,0,0,0,0,0,0,0,0,0,0,0,0,0,0,0,0,0,0,0,0,0,0,0,0,0,0,0,0,0,0,0,0,0,0,0,0,0,0,0,0,0,0,0,0,0,0,0,0,0,0,0,0,0,0,0,0,0,0,0,0,0,0,0,0,0,0,0,0,0,0,0,0,0,0,0,0,0,0,0,0,0,0,0,0,0,0,0,0,0,0,0,0,0,0,0,0,0,0,0,0,0,0
STAT,match,Conflicts,205,5824,44,40,43,48,42,44,36,47,44,37,42,42,23,38,38,39,46,32,39,37,40,43,36,34,35,29,33,37,36,35,33,27,35,40,29,36,29,36,40,28,38,33,35,46,35,51,45,36,35,31,35,31,25,29,39,33,29,32,32,27,32,26,24,21,22,25,25,22,26,32,23,39,27,25,24,23,22,24,29,25,35,21,22,24,29,22,27,24,19,17,24,25,29,22,24,27,25,19,22,29,22,26,31,29,29,27,28,22,22,29,26,36,26,29,24,31,20,30,24,26,22,29,24,22,23,24,26,27,27,30,23,19,28,21,20,27,21,28,24,20,24,23,27,21,25,27,24,19,19,29,24,27,23,25,18,23,22,22,25,18,30,28,24,28,22,26,33,24,27,27,28,28,38,24,29,25,25,19,22,29,22,25,25,25,25,28,24,25,22,19,24,24,24,25,25,25,28,27,25,21,24,22,28,26,22
STAT,match,Iterations,205,15006557,59350,53681,57113,52367,64291,49288,57668,40326,54639,49660,63760,71325,68766,67583,62576,51629,46510,75395,57691,58112,68076,54971,63244,82184,73907,85444,65172,56269,56602,67229,46152,71616,58364,66858,68540,63618,77626,62156,63523,56398,68292,63593,81959,68561,86253,52781,80863,66070,73926,63937,80528,62880,69128,75655,67208,57412,63702,66595,72526,66132,57562,76373,75846,69749,75046,66086,69554,77739,76373,55622,69614,78199,82031,70267,81270,71674,82634,78542,70375,68329,60483,81814,75260,76762,61055,101084,56645,88028,101806,75193,87985,68883,91043,72940,93992,63698,71136,83946,83517,69857,75867,65377,83088,74349,78101,94570,74813,93868,89529,77595,81332,71911,73800,71071,90147,77766,85154,90830,73838,75189,57309,68674,76047,78867,73778,77276,52609,83123,62795,51225,68321,82275,67705,70076,76561,67919,72647,66078,76125,70886,84870,72578,73564,83589,81604,67544,67821,87235,70654,79605,64788,77033,91336,90828,93153,86831,84881,100111,61230,77730,78745,75816,81963,91426,91935,92436,86253,94018,83604,86883,85127,70518,82875,84523,80826,82221,69692,81143,76291,73817,83287,81864,78458,80776,57551,76946,75344,67883,67652,92289,71909,90192,73309,75491,70802,82042,74910,60439,75939,66426,83356,70564,67115,88978,71755
STAT,popedge,Conflicts,205,0,0,0,0,0,0,0,0,0,0,0,0,0,0,0,0,0,0,0,0,0,0,0,0,0,0,0,0,0,0,0,0,0,0,0,0,0,0,0,0,0,0,0,0,0,0,0,0,0,0,0,0,0,0,0,0,0,0,0,0,0,0,0,0,0,0,0,0,0,0,0,0,0,0,0,0,0,0,0,0,0,0,0,0,0,0,0,0,0,0,0,0,0,0,0,0,0,0,0,0,0,0,0,0,0,0,0,0,0,0,0,0,0,0,0,0,0,0,0,0,0,0,0,0,0,0,0,0,0,0,0,0,0,0,0,0,0,0,0,0,0,0,0,0,0,0,0,0,0,0,0,0,0,0,0,0,0,0,0,0,0,0,0,0,0,0,0,0,0,0,0,0,0,0,0,0,0,0,0,0,0,0,0,0,0,0,0,0,0,0,0,0,0,0,0,0,0,0,0,0,0,0,0,0,0,0
STAT,popedge,Iterations,205,7353260,32729,33385,33358,33049,33088,33246,32583,33934,31831,32152,34036,32528,33090,32627,33569,32903,33475,32500,33195,32743,33724,32172,36987,36056,37166,37079,37107,38182,38921,36175,39737,36917,38021,38860,37392,38354,37872,36611,38575,36574,37013,38477,37668,39500,38401,36056,37215,37594,38085,37173,39839,38782,39988,36540,37834,37488,37022,37816,38290,38536,37827,32810,32170,33313,33043,32591,31166,33372,32165,31592,30180,31496,31839,31759,32166,31182,31547,32273,31496,32140,34143,33181,32016,36917,38382,35555,39069,37848,38567,37736,37652,35819,35888,37910,39633,38868,35949,36933,37808,34767,36821,36179,37208,38329,38479,38022,36070,36955,36098,40608,37972,41136,39066,38850,36753,36219,38360,37326,38275,38104,41176,39444,35309,32561,33987,32676,33895,31034,34690,33037,32575,32651,33722,33148,35142,33313,32068,33458,32304,33562,32016,33041,33164,32349,37515,38177,37979,36302,36895,36259,40774,37757,35035,37195,38675,37542,36615,38011,38517,36846,36938,37248,39620,39024,39049,38908,37866,36263,39263,38895,39577,38827,40919,39230,40493,39914,39188,37922,40438,39040,38567,39439,40517,33262,34450,34916,36983,32892,33494,34253,34105,32192,33821,34000,35204,33200,35037,32449,34094,33332,32817,32715,33924,36056,33085
STAT,refine,Conflicts,205,5864,68,69,74,64,64,75,63,57,68,60,56,64,58,61,54,50,50,49,51,52,48,51,47,51,60,52,52,48,50,56,35,32,38,35,34,27,41,33,34,28,28,39,34,48,44,36,49,38,47,31,24,36,28,33,44,41,39,26,38,24,27,24,26,30,23,24,20,20,12,21,17,18,30,24,15,20,17,25,20,13,21,23,19,20,11,16,19,24,23,25,18,19,27,22,15,18,19,15,25,16,10,20,21,23,26,26,21,33,17,36,22,11,20,16,24,26,25,18,22,24,11,22,18,27,25,19,13,24,20,20,24,20,22,18,20,30,23,18,25,21,36,21,26,20,22,15,25,21,17,17,16,28,16,32,28,24,19,20,21,15,19,15,15,25,23,19,33,17,26,25,27,22,15,26,21,17,22,16,27,19,22,19,25,27,29,23,24,23,24,22,12,24,25,20,17,16,24,9,27,15,24,24,12,22,19
STAT,refine,Iterations,205,434630,1901,1753,2076,1956,1348,1845,1763,1679,1537,1911,1736,1856,3222,2954,2182,1578,1393,1985,1517,2184,1790,1930,1936,1793,2334,2307,1710,1581,1530,2038,1462,1725,2002,1658,1683,1809,2008,1818,2135,2107,2095,2627,2198,2506,2901,1663,3050,3494,3077,1326,2532,2013,1845,2296,1984,1956,2231,1543,1879,2125,1915,2175,1644,2153,2232,1774,2079,2263,1871,1759,1433,1979,2188,2558,2448,1925,2450,2184,1702,1376,1938,2146,2008,1744,1519,2656,1623,1719,2377,1606,2252,1324,2459,2148,2273,1480,1858,2129,2391,1605,1964,2582,3331,3074,2683,3032,2088,3613,2233,2939,1919,2092,2338,2067,2202,2351,2446,2175,2057,2170,1389,1944,1894,1751,2103,1837,1686,2104,1955,1892,1846,2146,2344,2102,2423,2543,2548,1834,2017,1940,2658,2169,2170,1872,2107,1982,2801,2649,1533,1903,1651,2503,1697,2582,2697,2101,1614,2841,2332,1878,2014,2584,2573,3034,2820,2650,2961,2594,3160,2946,2861,2406,2835,2611,2276,2587,2267,1508,2137,2011,2407,1715,2421,2330,1329,1655,2150,1508,2071,2154,1741,1878,2049,2129,2293,2742,2310,1564,2344,1479,2029,2012,1716,2092,1847
