Hello from MIC
Galois Benchmark Suite v2.2.0 (r0)
Copyright (C) 2013 The University of Texas at Austin
http://iss.ices.utexas.edu/galois/

application: GMetis
Partitions a graph into K parts and minimizing the graph cut
http://iss.ices.utexas.edu/?p=projects/galois/benchmarks/gMetis

INFO: CommandLine /work/02556/dpereira/MIC/apps/gmetis/gmetis -t=233 /work/02556/dpereira/Inputs/USA-road-d.W.gr 1024
INFO: Hostname c557-803-mic0.stampede.tacc.utexas.edu
Created Graph with 6262104 nodes and 15248146 edges
Nodes 6262104| Edges 15248146 7624073

  Starting coarsening: 
Time coarsen:  3162 Size of final graph: 22169

  Sarting initial partitioning using GGGP:
Size in decade percentages:  -1,88 -0,867 1,69
Time clustering:  1188

  Sarting refinnement with BKL2
Initial dist
Size in decade percentages:  -1,88 -0,867 1,69
Refined dist
Size in decade percentages:  -1,358 0,297 1,368 3,1
Time refinement:  2222


Time:  6754
Total edge cut : 32126

Part saved in : 0x7ffff6ff05e0
STATTYPE,LOOP,CATEGORY,n,sum,T0,T1,T2,T3,T4,T5,T6,T7,T8,T9,T10,T11,T12,T13,T14,T15,T16,T17,T18,T19,T20,T21,T22,T23,T24,T25,T26,T27,T28,T29,T30,T31,T32,T33,T34,T35,T36,T37,T38,T39,T40,T41,T42,T43,T44,T45,T46,T47,T48,T49,T50,T51,T52,T53,T54,T55,T56,T57,T58,T59,T60,T61,T62,T63,T64,T65,T66,T67,T68,T69,T70,T71,T72,T73,T74,T75,T76,T77,T78,T79,T80,T81,T82,T83,T84,T85,T86,T87,T88,T89,T90,T91,T92,T93,T94,T95,T96,T97,T98,T99,T100,T101,T102,T103,T104,T105,T106,T107,T108,T109,T110,T111,T112,T113,T114,T115,T116,T117,T118,T119,T120,T121,T122,T123,T124,T125,T126,T127,T128,T129,T130,T131,T132,T133,T134,T135,T136,T137,T138,T139,T140,T141,T142,T143,T144,T145,T146,T147,T148,T149,T150,T151,T152,T153,T154,T155,T156,T157,T158,T159,T160,T161,T162,T163,T164,T165,T166,T167,T168,T169,T170,T171,T172,T173,T174,T175,T176,T177,T178,T179,T180,T181,T182,T183,T184,T185,T186,T187,T188,T189,T190,T191,T192,T193,T194,T195,T196,T197,T198,T199,T200,T201,T202,T203,T204,T205,T206,T207,T208,T209,T210,T211,T212,T213,T214,T215,T216,T217,T218,T219,T220,T221,T222,T223,T224,T225,T226,T227,T228,T229,T230,T231,T232
STAT,(NULL),Coarsen,233,3162,3162,0,0,0,0,0,0,0,0,0,0,0,0,0,0,0,0,0,0,0,0,0,0,0,0,0,0,0,0,0,0,0,0,0,0,0,0,0,0,0,0,0,0,0,0,0,0,0,0,0,0,0,0,0,0,0,0,0,0,0,0,0,0,0,0,0,0,0,0,0,0,0,0,0,0,0,0,0,0,0,0,0,0,0,0,0,0,0,0,0,0,0,0,0,0,0,0,0,0,0,0,0,0,0,0,0,0,0,0,0,0,0,0,0,0,0,0,0,0,0,0,0,0,0,0,0,0,0,0,0,0,0,0,0,0,0,0,0,0,0,0,0,0,0,0,0,0,0,0,0,0,0,0,0,0,0,0,0,0,0,0,0,0,0,0,0,0,0,0,0,0,0,0,0,0,0,0,0,0,0,0,0,0,0,0,0,0,0,0,0,0,0,0,0,0,0,0,0,0,0,0,0,0,0,0,0,0,0,0,0,0,0,0,0,0,0,0,0,0,0,0,0,0,0,0,0,0,0,0,0,0,0,0
STAT,(NULL),Conflicts,233,0,0,0,0,0,0,0,0,0,0,0,0,0,0,0,0,0,0,0,0,0,0,0,0,0,0,0,0,0,0,0,0,0,0,0,0,0,0,0,0,0,0,0,0,0,0,0,0,0,0,0,0,0,0,0,0,0,0,0,0,0,0,0,0,0,0,0,0,0,0,0,0,0,0,0,0,0,0,0,0,0,0,0,0,0,0,0,0,0,0,0,0,0,0,0,0,0,0,0,0,0,0,0,0,0,0,0,0,0,0,0,0,0,0,0,0,0,0,0,0,0,0,0,0,0,0,0,0,0,0,0,0,0,0,0,0,0,0,0,0,0,0,0,0,0,0,0,0,0,0,0,0,0,0,0,0,0,0,0,0,0,0,0,0,0,0,0,0,0,0,0,0,0,0,0,0,0,0,0,0,0,0,0,0,0,0,0,0,0,0,0,0,0,0,0,0,0,0,0,0,0,0,0,0,0,0,0,0,0,0,0,0,0,0,0,0,0,0,0,0,0,0,0,0,0,0,0,0,0,0,0,0,0,0
STAT,(NULL),Iterations,233,2047,11,5,7,6,8,10,5,12,4,11,4,9,13,9,7,2,2,7,5,10,9,2,5,6,7,7,6,22,7,6,2,3,9,10,9,6,7,6,5,13,13,11,11,3,6,9,8,17,10,6,9,14,8,16,7,2,21,13,10,5,14,13,3,10,5,10,12,4,10,3,2,9,11,10,11,5,2,7,11,6,5,11,4,9,11,13,15,9,13,5,5,11,12,8,3,18,9,4,2,9,14,10,11,6,9,3,9,5,6,15,7,12,12,7,13,10,6,24,7,9,8,16,13,5,6,6,19,11,4,17,7,7,5,4,11,7,3,0,6,9,3,4,10,9,10,9,18,6,15,12,4,8,11,7,8,14,8,12,11,6,11,14,9,6,9,11,12,11,3,10,15,24,22,12,7,13,6,12,14,16,10,10,13,12,12,13,8,14,8,7,11,5,8,8,10,11,15,2,3,4,4,1,10,7,5,4,8,12,2,7,14,5,11,3,13,5,10,16,5,4,9,3,7,10,3,8,11,12,9,11,4,8,14
STAT,(NULL),MeminfoPost,233,757063,3254,3247,3253,3252,3258,3259,3247,3245,3256,3243,3246,3250,3265,3251,3292,3285,3260,3233,3250,3242,3241,3253,3258,3250,3266,3255,3251,3255,3259,3231,3245,3243,3245,3261,3262,3242,3245,3237,3244,3252,3247,3255,3253,3259,3260,3247,3246,3257,3242,3246,3250,3265,3252,3290,3288,3259,3234,3249,3242,3242,3251,3257,3249,3267,3257,3249,3255,3258,3232,3245,3244,3243,3262,3261,3242,3244,3239,3245,3245,3259,3255,3245,3248,3268,3274,3240,3250,3253,3258,3249,3243,3258,3245,3240,3244,3243,3253,3247,3231,3236,3250,3253,3259,3252,3250,3238,3248,3243,3242,3235,3240,3235,3253,3236,3257,3273,3270,3252,3234,3243,3241,3244,3272,3239,3235,3230,3234,3248,3249,3253,3256,3260,3258,3256,3239,3254,3233,3251,3245,3240,3247,3244,3235,3238,3234,3241,3235,3238,3262,3239,3235,3252,3267,3274,3268,3272,3250,3237,3241,3245,3261,3237,3233,3233,3249,3250,3255,3259,3258,3245,3247,3239,3249,3242,3244,3246,3235,3233,3243,3232,3257,3238,3234,3261,3274,3267,3274,3266,3249,3241,3239,3240,3239,3245,3248,3266,3278,3264,3256,3270,3268,3246,3233,3247,3263,3233,3245,3247,3251,3229,3236,3236,3239,3247,3259,3242,3234,3231,3229,3251,3229,3234,3267,3235,3243,3245,3249,3251,3248,3250,3250,3247,3249
STAT,(NULL),MeminfoPre,233,189242,817,810,816,815,821,822,810,808,819,806,809,813,828,814,855,848,823,796,813,805,804,816,821,813,829,818,814,818,822,794,808,806,808,824,825,805,808,800,807,815,810,818,816,822,823,810,809,820,805,809,813,828,815,853,851,822,797,812,805,805,814,820,812,830,820,812,818,821,795,808,807,806,825,824,805,807,802,808,808,822,818,808,811,831,837,803,813,816,821,812,806,821,808,803,807,806,816,810,794,799,813,816,822,815,813,801,811,806,805,798,803,798,816,799,820,836,833,815,797,806,804,807,835,802,798,793,797,811,812,816,819,823,821,819,802,817,796,814,808,803,810,807,798,801,797,804,798,801,825,802,798,815,830,837,831,835,813,800,804,808,824,800,796,796,812,813,818,822,821,808,810,802,812,805,807,809,798,796,806,795,820,801,797,824,837,830,837,829,812,804,802,803,802,808,811,829,841,827,819,833,831,809,796,810,826,796,808,810,814,792,799,799,802,810,822,805,797,794,792,814,792,797,830,798,806,808,812,814,811,813,813,810,812
STAT,(NULL),Partition,233,1188,1188,0,0,0,0,0,0,0,0,0,0,0,0,0,0,0,0,0,0,0,0,0,0,0,0,0,0,0,0,0,0,0,0,0,0,0,0,0,0,0,0,0,0,0,0,0,0,0,0,0,0,0,0,0,0,0,0,0,0,0,0,0,0,0,0,0,0,0,0,0,0,0,0,0,0,0,0,0,0,0,0,0,0,0,0,0,0,0,0,0,0,0,0,0,0,0,0,0,0,0,0,0,0,0,0,0,0,0,0,0,0,0,0,0,0,0,0,0,0,0,0,0,0,0,0,0,0,0,0,0,0,0,0,0,0,0,0,0,0,0,0,0,0,0,0,0,0,0,0,0,0,0,0,0,0,0,0,0,0,0,0,0,0,0,0,0,0,0,0,0,0,0,0,0,0,0,0,0,0,0,0,0,0,0,0,0,0,0,0,0,0,0,0,0,0,0,0,0,0,0,0,0,0,0,0,0,0,0,0,0,0,0,0,0,0,0,0,0,0,0,0,0,0,0,0,0,0,0,0,0,0,0,0
STAT,(NULL),Refine,233,2222,2222,0,0,0,0,0,0,0,0,0,0,0,0,0,0,0,0,0,0,0,0,0,0,0,0,0,0,0,0,0,0,0,0,0,0,0,0,0,0,0,0,0,0,0,0,0,0,0,0,0,0,0,0,0,0,0,0,0,0,0,0,0,0,0,0,0,0,0,0,0,0,0,0,0,0,0,0,0,0,0,0,0,0,0,0,0,0,0,0,0,0,0,0,0,0,0,0,0,0,0,0,0,0,0,0,0,0,0,0,0,0,0,0,0,0,0,0,0,0,0,0,0,0,0,0,0,0,0,0,0,0,0,0,0,0,0,0,0,0,0,0,0,0,0,0,0,0,0,0,0,0,0,0,0,0,0,0,0,0,0,0,0,0,0,0,0,0,0,0,0,0,0,0,0,0,0,0,0,0,0,0,0,0,0,0,0,0,0,0,0,0,0,0,0,0,0,0,0,0,0,0,0,0,0,0,0,0,0,0,0,0,0,0,0,0,0,0,0,0,0,0,0,0,0,0,0,0,0,0,0,0,0,0
STAT,(NULL),Threads,233,233,233,0,0,0,0,0,0,0,0,0,0,0,0,0,0,0,0,0,0,0,0,0,0,0,0,0,0,0,0,0,0,0,0,0,0,0,0,0,0,0,0,0,0,0,0,0,0,0,0,0,0,0,0,0,0,0,0,0,0,0,0,0,0,0,0,0,0,0,0,0,0,0,0,0,0,0,0,0,0,0,0,0,0,0,0,0,0,0,0,0,0,0,0,0,0,0,0,0,0,0,0,0,0,0,0,0,0,0,0,0,0,0,0,0,0,0,0,0,0,0,0,0,0,0,0,0,0,0,0,0,0,0,0,0,0,0,0,0,0,0,0,0,0,0,0,0,0,0,0,0,0,0,0,0,0,0,0,0,0,0,0,0,0,0,0,0,0,0,0,0,0,0,0,0,0,0,0,0,0,0,0,0,0,0,0,0,0,0,0,0,0,0,0,0,0,0,0,0,0,0,0,0,0,0,0,0,0,0,0,0,0,0,0,0,0,0,0,0,0,0,0,0,0,0,0,0,0,0,0,0,0,0,0
STAT,(NULL),Time,233,6754,6754,0,0,0,0,0,0,0,0,0,0,0,0,0,0,0,0,0,0,0,0,0,0,0,0,0,0,0,0,0,0,0,0,0,0,0,0,0,0,0,0,0,0,0,0,0,0,0,0,0,0,0,0,0,0,0,0,0,0,0,0,0,0,0,0,0,0,0,0,0,0,0,0,0,0,0,0,0,0,0,0,0,0,0,0,0,0,0,0,0,0,0,0,0,0,0,0,0,0,0,0,0,0,0,0,0,0,0,0,0,0,0,0,0,0,0,0,0,0,0,0,0,0,0,0,0,0,0,0,0,0,0,0,0,0,0,0,0,0,0,0,0,0,0,0,0,0,0,0,0,0,0,0,0,0,0,0,0,0,0,0,0,0,0,0,0,0,0,0,0,0,0,0,0,0,0,0,0,0,0,0,0,0,0,0,0,0,0,0,0,0,0,0,0,0,0,0,0,0,0,0,0,0,0,0,0,0,0,0,0,0,0,0,0,0,0,0,0,0,0,0,0,0,0,0,0,0,0,0,0,0,0,0
STAT,match,Conflicts,233,5952,34,45,41,39,36,42,35,41,32,34,32,35,44,31,40,39,41,27,35,31,35,39,36,30,37,30,44,38,31,47,33,36,31,35,29,40,35,29,30,33,22,25,30,29,25,32,31,32,31,31,23,32,31,26,33,24,30,33,29,32,24,24,21,20,23,29,20,19,19,18,21,19,27,31,21,21,23,28,23,28,20,22,27,19,24,19,20,32,19,21,26,25,23,21,31,23,30,28,25,26,16,19,21,21,19,20,23,22,22,19,20,22,24,22,21,25,19,25,25,28,18,19,19,22,18,19,20,20,21,29,20,25,20,27,31,22,27,21,24,26,18,24,22,23,22,16,25,18,32,26,19,23,21,22,28,17,22,26,24,29,27,20,27,23,23,24,24,23,24,21,23,18,16,20,15,22,25,23,26,21,25,24,24,15,26,23,23,25,22,25,29,17,24,20,21,26,26,27,21,28,21,22,24,20,21,22,17,28,19,25,20,18,20,21,22,25,22,24,22,26,25,31,20,20,22,28,17,25,29,25,25,19,20
STAT,match,Iterations,233,14998206,32051,49172,39906,47757,52797,44666,39858,52849,41750,54542,54216,49948,41416,29562,54424,54334,41144,37239,55695,42696,47481,56766,45246,60107,78894,35472,44596,49445,49825,49208,43012,45041,55064,42790,44026,64482,50700,49469,68026,53196,82951,66878,65206,61440,58666,49142,54027,51624,60965,54494,66478,59830,70304,57667,47309,64649,60185,61548,67592,50503,62681,44734,69455,69451,58870,51045,74110,57298,77646,59967,92410,75503,83385,78284,53547,71907,59984,61619,53397,68537,64839,50526,77233,73372,61386,85002,64967,64544,66289,60581,65233,66868,72941,61186,55555,64226,58948,73602,82116,87777,70432,83397,56581,65181,76544,76864,73554,89527,64170,55719,66842,62453,87964,78719,49838,65624,84380,73253,70254,71540,83270,81781,50440,64836,70969,80958,62630,89164,73990,73162,44817,67035,77731,81612,58216,77276,65280,51745,83606,67923,87351,59487,65757,68205,58733,53060,70516,59461,67753,56524,59554,85964,85975,81831,59032,90805,62844,58734,94471,61515,62450,78424,61717,59913,50796,56646,49641,70846,71687,74495,73963,68573,76131,74169,70235,66650,69480,66210,80154,82948,55439,68728,52519,52904,70045,68925,66116,65619,64454,63339,65823,68887,67390,67828,69007,63143,64225,74157,59423,80310,86816,76194,47409,84361,83630,53118,67113,70980,70649,79874,64196,78430,73318,56224,58230,72165,59322,60591,88523,60862,57525,54690,60608,87063,67648,72175,62670,54014,64324,62745,65842,78468,86824
STAT,popedge,Conflicts,233,0,0,0,0,0,0,0,0,0,0,0,0,0,0,0,0,0,0,0,0,0,0,0,0,0,0,0,0,0,0,0,0,0,0,0,0,0,0,0,0,0,0,0,0,0,0,0,0,0,0,0,0,0,0,0,0,0,0,0,0,0,0,0,0,0,0,0,0,0,0,0,0,0,0,0,0,0,0,0,0,0,0,0,0,0,0,0,0,0,0,0,0,0,0,0,0,0,0,0,0,0,0,0,0,0,0,0,0,0,0,0,0,0,0,0,0,0,0,0,0,0,0,0,0,0,0,0,0,0,0,0,0,0,0,0,0,0,0,0,0,0,0,0,0,0,0,0,0,0,0,0,0,0,0,0,0,0,0,0,0,0,0,0,0,0,0,0,0,0,0,0,0,0,0,0,0,0,0,0,0,0,0,0,0,0,0,0,0,0,0,0,0,0,0,0,0,0,0,0,0,0,0,0,0,0,0,0,0,0,0,0,0,0,0,0,0,0,0,0,0,0,0,0,0,0,0,0,0,0,0,0,0,0,0
STAT,popedge,Iterations,233,7347304,30331,29184,29043,29329,29706,30095,29748,31076,30491,30629,31052,31620,30880,29875,31454,29616,30991,31464,32147,29760,31045,30280,28897,29650,30234,31632,32959,30922,30866,32137,33317,32637,30080,31961,30623,31386,30590,32310,31665,30575,32182,29221,31883,29650,30689,31226,31526,30954,31023,30458,33374,35299,34272,33537,34734,33880,35495,35446,35440,35603,34356,29986,30588,28436,29984,30379,31304,28886,30151,29837,33335,32356,30029,31596,30091,32748,30495,31045,29456,30206,29141,30016,31403,29458,29551,32551,29765,31245,29934,28881,31545,29474,31910,31026,29975,31103,31988,31822,30115,33153,30651,35531,29871,32118,28685,28959,30096,35769,30413,32608,30414,33807,36306,34243,33128,34478,35787,35339,38516,34863,34523,36882,29319,30730,29810,30098,29672,32145,28328,30650,30537,32237,29911,32117,31236,30437,32716,30561,31592,29939,33513,31501,30971,30894,29920,29806,33285,29271,31003,31251,31079,30644,29705,31193,31374,34145,29924,29707,32915,29462,34189,30111,32325,30534,31796,30208,30316,31037,32219,30616,31110,29660,33503,36151,34918,34036,32779,35099,35760,35634,37765,33893,36101,29577,30834,28967,30331,29300,30372,28534,29386,29416,30953,30916,31391,31761,32614,32847,32575,32320,32594,35498,32332,31007,33013,31327,31626,31528,29439,32557,30485,30033,33284,32684,30790,30588,31818,32953,31725,31808,29814,33557,30577,32527,29853,32684,30910,29744,31040,31048,29837,31330,31386
STAT,refine,Conflicts,233,6429,76,76,80,75,71,67,69,66,70,59,64,59,57,61,60,69,49,46,49,55,54,44,51,48,58,57,52,57,47,55,37,49,44,38,33,39,40,33,33,30,39,31,32,31,38,48,46,33,38,38,32,32,45,39,42,42,35,38,31,37,32,20,31,26,25,20,15,15,20,15,24,28,21,19,12,17,17,19,16,22,20,16,24,18,19,26,27,22,28,28,22,23,23,12,19,16,22,16,17,23,15,17,15,22,20,19,22,15,21,20,19,17,29,23,24,25,18,20,20,19,23,16,16,20,25,25,18,31,25,18,16,15,24,21,19,18,21,12,16,21,18,16,14,17,17,16,24,18,30,18,18,32,24,28,16,20,12,15,28,20,17,22,25,20,20,15,27,21,25,23,22,23,14,20,18,21,30,23,21,24,18,14,8,19,19,27,23,19,22,18,20,20,23,23,21,23,19,21,17,21,19,17,17,22,20,18,17,20,9,19,15,19,19,18,28,20,23,16,20,20,16,17,17,28,18,21,17,20,37,20,16,17,23
STAT,refine,Iterations,233,435230,1464,1742,1649,1791,1896,1470,1214,1661,1505,2108,1674,1916,1642,992,2620,1848,2000,1099,1869,1507,1333,2104,1778,2088,2298,1534,1936,1765,1617,1701,1462,1948,1796,1726,1324,1451,1302,1351,1988,1662,1881,1495,2098,1656,1441,1520,1590,1355,1809,1512,1498,1760,2446,2350,2181,2136,2064,2137,1979,1469,2014,1631,2318,2070,2014,1821,1923,1577,1695,1510,2573,2287,2581,2242,1142,2272,1744,1976,1472,2100,1780,1344,2420,1937,1952,2063,1514,2019,2151,1882,2112,1899,2188,1615,1776,1442,2170,2227,1973,2220,1635,2107,1159,2050,1854,1527,1886,2080,1729,1753,1748,1452,2562,2452,2037,3006,2579,2054,1724,2222,2407,1920,1926,1912,1724,1953,1678,2223,1599,1731,1490,1928,2222,2194,2177,1870,2399,1559,2205,1570,2164,1656,1259,2144,1666,1325,2059,1083,2321,1538,1368,2271,2395,2501,1821,2185,1316,1959,2192,1655,1941,1663,1597,1564,1349,1629,1686,2034,2030,1841,2233,1504,1900,2333,1695,2550,2162,2184,2049,2389,2334,1947,1196,1638,1803,2210,2105,1810,1919,1441,1876,1550,1958,1932,2270,2320,2210,2563,1718,2661,2055,2456,1196,2086,2441,1521,2150,2134,1428,2002,1636,1613,1758,1482,1969,1800,1781,1382,2099,2057,1525,2114,1766,1810,1612,1809,1435,1351,2068,1674,2098,2004,2089
