Hello from MIC
Galois Benchmark Suite v2.2.0 (r0)
Copyright (C) 2013 The University of Texas at Austin
http://iss.ices.utexas.edu/galois/

application: GMetis
Partitions a graph into K parts and minimizing the graph cut
http://iss.ices.utexas.edu/?p=projects/galois/benchmarks/gMetis

INFO: CommandLine /work/02556/dpereira/MIC/apps/gmetis/gmetis -t=182 /work/02556/dpereira/Inputs/USA-road-d.W.gr 128
INFO: Hostname c558-002-mic0.stampede.tacc.utexas.edu
Created Graph with 6262104 nodes and 15248146 edges
Nodes 6262104| Edges 15248146 7624073

  Starting coarsening: 
Time coarsen:  2936 Size of final graph: 3120

  Sarting initial partitioning using GGGP:
Size in decade percentages:  -1,12 -0,107 1,9
Time clustering:  443

  Sarting refinnement with BKL2
Initial dist
Size in decade percentages:  -1,12 -0,107 1,9
Refined dist
Size in decade percentages:  -1,47 -0,32 1,49
Time refinement:  1945


Time:  5503
Total edge cut : 8238

Part saved in : 0x7fff1433fde0
STATTYPE,LOOP,CATEGORY,n,sum,T0,T1,T2,T3,T4,T5,T6,T7,T8,T9,T10,T11,T12,T13,T14,T15,T16,T17,T18,T19,T20,T21,T22,T23,T24,T25,T26,T27,T28,T29,T30,T31,T32,T33,T34,T35,T36,T37,T38,T39,T40,T41,T42,T43,T44,T45,T46,T47,T48,T49,T50,T51,T52,T53,T54,T55,T56,T57,T58,T59,T60,T61,T62,T63,T64,T65,T66,T67,T68,T69,T70,T71,T72,T73,T74,T75,T76,T77,T78,T79,T80,T81,T82,T83,T84,T85,T86,T87,T88,T89,T90,T91,T92,T93,T94,T95,T96,T97,T98,T99,T100,T101,T102,T103,T104,T105,T106,T107,T108,T109,T110,T111,T112,T113,T114,T115,T116,T117,T118,T119,T120,T121,T122,T123,T124,T125,T126,T127,T128,T129,T130,T131,T132,T133,T134,T135,T136,T137,T138,T139,T140,T141,T142,T143,T144,T145,T146,T147,T148,T149,T150,T151,T152,T153,T154,T155,T156,T157,T158,T159,T160,T161,T162,T163,T164,T165,T166,T167,T168,T169,T170,T171,T172,T173,T174,T175,T176,T177,T178,T179,T180,T181
STAT,(NULL),Coarsen,182,2936,2936,0,0,0,0,0,0,0,0,0,0,0,0,0,0,0,0,0,0,0,0,0,0,0,0,0,0,0,0,0,0,0,0,0,0,0,0,0,0,0,0,0,0,0,0,0,0,0,0,0,0,0,0,0,0,0,0,0,0,0,0,0,0,0,0,0,0,0,0,0,0,0,0,0,0,0,0,0,0,0,0,0,0,0,0,0,0,0,0,0,0,0,0,0,0,0,0,0,0,0,0,0,0,0,0,0,0,0,0,0,0,0,0,0,0,0,0,0,0,0,0,0,0,0,0,0,0,0,0,0,0,0,0,0,0,0,0,0,0,0,0,0,0,0,0,0,0,0,0,0,0,0,0,0,0,0,0,0,0,0,0,0,0,0,0,0,0,0,0,0,0,0,0,0,0,0,0,0,0,0,0,0
STAT,(NULL),Conflicts,182,0,0,0,0,0,0,0,0,0,0,0,0,0,0,0,0,0,0,0,0,0,0,0,0,0,0,0,0,0,0,0,0,0,0,0,0,0,0,0,0,0,0,0,0,0,0,0,0,0,0,0,0,0,0,0,0,0,0,0,0,0,0,0,0,0,0,0,0,0,0,0,0,0,0,0,0,0,0,0,0,0,0,0,0,0,0,0,0,0,0,0,0,0,0,0,0,0,0,0,0,0,0,0,0,0,0,0,0,0,0,0,0,0,0,0,0,0,0,0,0,0,0,0,0,0,0,0,0,0,0,0,0,0,0,0,0,0,0,0,0,0,0,0,0,0,0,0,0,0,0,0,0,0,0,0,0,0,0,0,0,0,0,0,0,0,0,0,0,0,0,0,0,0,0,0,0,0,0,0,0,0,0,0
STAT,(NULL),Iterations,182,255,8,0,0,2,0,0,1,0,3,1,0,0,2,3,4,2,1,8,5,4,1,1,2,2,1,1,4,0,5,0,0,3,0,1,0,2,2,0,0,0,0,0,0,2,0,1,1,0,0,2,1,1,0,0,2,0,1,2,5,0,0,4,3,1,3,8,0,0,1,0,3,2,2,4,0,2,0,1,1,0,0,0,0,0,3,0,1,1,1,2,0,2,2,3,2,0,4,1,0,0,0,2,2,0,0,0,3,0,0,0,4,0,0,2,6,10,0,0,2,2,0,0,7,0,2,0,1,3,0,0,0,2,3,3,2,0,0,0,1,0,0,4,2,1,0,4,0,0,2,0,4,6,2,0,0,4,0,0,1,0,0,2,3,0,0,0,1,0,1,2,0,0,0,0,0,6,4,0,0,4,1,0
STAT,(NULL),MeminfoPost,182,757086,4163,4150,4180,4166,4175,4152,4164,4146,4166,4168,4168,4220,4183,4151,4156,4157,4148,4174,4169,4170,4161,4170,4160,4148,4151,4162,4173,4159,4154,4143,4166,4156,4159,4182,4166,4157,4160,4156,4155,4163,4181,4183,4211,4171,4146,4152,4152,4166,4166,4178,4166,4166,4168,4144,4157,4151,4171,4170,4154,4146,4153,4160,4171,4156,4164,4193,4158,4157,4170,4167,4152,4167,4151,4154,4149,4170,4144,4138,4160,4165,4174,4156,4151,4152,4153,4141,4152,4153,4144,4173,4187,4170,4148,4152,4151,4181,4148,4140,4136,4156,4162,4171,4165,4173,4158,4160,4145,4166,4147,4151,4155,4139,4146,4148,4141,4171,4147,4140,4173,4189,4183,4183,4153,4150,4155,4168,4141,4137,4157,4163,4171,4172,4155,4150,4162,4148,4155,4141,4144,4153,4153,4149,4143,4179,4189,4186,4182,4156,4146,4148,4147,4160,4173,4192,4176,4180,4182,4154,4147,4170,4145,4165,4149,4141,4141,4153,4146,4172,4146,4141,4132,4155,4144,4166,4143,4151,4155,4163,4160,4165,4149,4161
STAT,(NULL),MeminfoPre,182,189246,1043,1030,1060,1046,1055,1032,1044,1026,1046,1048,1048,1100,1063,1031,1036,1037,1028,1054,1049,1050,1041,1050,1040,1028,1031,1042,1053,1039,1034,1023,1046,1036,1039,1062,1046,1037,1040,1036,1035,1043,1061,1063,1091,1051,1026,1032,1032,1046,1046,1058,1046,1046,1048,1024,1037,1031,1051,1050,1034,1026,1033,1040,1051,1036,1044,1073,1038,1037,1050,1047,1032,1047,1031,1034,1029,1050,1024,1018,1040,1045,1054,1036,1031,1032,1033,1021,1032,1033,1024,1053,1067,1050,1028,1032,1031,1061,1028,1020,1016,1036,1042,1051,1045,1053,1038,1040,1025,1046,1027,1031,1035,1019,1026,1028,1021,1051,1027,1020,1053,1069,1063,1063,1033,1030,1035,1048,1021,1017,1037,1043,1051,1052,1035,1030,1042,1028,1035,1021,1024,1033,1033,1029,1023,1059,1069,1066,1062,1036,1026,1028,1027,1040,1053,1072,1056,1060,1062,1034,1027,1050,1025,1045,1029,1021,1021,1033,1026,1052,1026,1021,1012,1035,1024,1046,1023,1031,1035,1043,1040,1045,1029,1041
STAT,(NULL),Partition,182,443,443,0,0,0,0,0,0,0,0,0,0,0,0,0,0,0,0,0,0,0,0,0,0,0,0,0,0,0,0,0,0,0,0,0,0,0,0,0,0,0,0,0,0,0,0,0,0,0,0,0,0,0,0,0,0,0,0,0,0,0,0,0,0,0,0,0,0,0,0,0,0,0,0,0,0,0,0,0,0,0,0,0,0,0,0,0,0,0,0,0,0,0,0,0,0,0,0,0,0,0,0,0,0,0,0,0,0,0,0,0,0,0,0,0,0,0,0,0,0,0,0,0,0,0,0,0,0,0,0,0,0,0,0,0,0,0,0,0,0,0,0,0,0,0,0,0,0,0,0,0,0,0,0,0,0,0,0,0,0,0,0,0,0,0,0,0,0,0,0,0,0,0,0,0,0,0,0,0,0,0,0,0
STAT,(NULL),Refine,182,1945,1945,0,0,0,0,0,0,0,0,0,0,0,0,0,0,0,0,0,0,0,0,0,0,0,0,0,0,0,0,0,0,0,0,0,0,0,0,0,0,0,0,0,0,0,0,0,0,0,0,0,0,0,0,0,0,0,0,0,0,0,0,0,0,0,0,0,0,0,0,0,0,0,0,0,0,0,0,0,0,0,0,0,0,0,0,0,0,0,0,0,0,0,0,0,0,0,0,0,0,0,0,0,0,0,0,0,0,0,0,0,0,0,0,0,0,0,0,0,0,0,0,0,0,0,0,0,0,0,0,0,0,0,0,0,0,0,0,0,0,0,0,0,0,0,0,0,0,0,0,0,0,0,0,0,0,0,0,0,0,0,0,0,0,0,0,0,0,0,0,0,0,0,0,0,0,0,0,0,0,0,0,0
STAT,(NULL),Threads,182,182,182,0,0,0,0,0,0,0,0,0,0,0,0,0,0,0,0,0,0,0,0,0,0,0,0,0,0,0,0,0,0,0,0,0,0,0,0,0,0,0,0,0,0,0,0,0,0,0,0,0,0,0,0,0,0,0,0,0,0,0,0,0,0,0,0,0,0,0,0,0,0,0,0,0,0,0,0,0,0,0,0,0,0,0,0,0,0,0,0,0,0,0,0,0,0,0,0,0,0,0,0,0,0,0,0,0,0,0,0,0,0,0,0,0,0,0,0,0,0,0,0,0,0,0,0,0,0,0,0,0,0,0,0,0,0,0,0,0,0,0,0,0,0,0,0,0,0,0,0,0,0,0,0,0,0,0,0,0,0,0,0,0,0,0,0,0,0,0,0,0,0,0,0,0,0,0,0,0,0,0,0,0
STAT,(NULL),Time,182,5503,5503,0,0,0,0,0,0,0,0,0,0,0,0,0,0,0,0,0,0,0,0,0,0,0,0,0,0,0,0,0,0,0,0,0,0,0,0,0,0,0,0,0,0,0,0,0,0,0,0,0,0,0,0,0,0,0,0,0,0,0,0,0,0,0,0,0,0,0,0,0,0,0,0,0,0,0,0,0,0,0,0,0,0,0,0,0,0,0,0,0,0,0,0,0,0,0,0,0,0,0,0,0,0,0,0,0,0,0,0,0,0,0,0,0,0,0,0,0,0,0,0,0,0,0,0,0,0,0,0,0,0,0,0,0,0,0,0,0,0,0,0,0,0,0,0,0,0,0,0,0,0,0,0,0,0,0,0,0,0,0,0,0,0,0,0,0,0,0,0,0,0,0,0,0,0,0,0,0,0,0,0,0
STAT,match,Conflicts,182,6191,53,54,59,47,52,58,49,51,49,56,49,49,53,50,47,41,55,44,48,48,50,43,37,39,53,38,44,52,38,48,47,50,31,38,50,47,37,33,45,38,43,32,40,33,36,41,43,27,34,35,46,39,33,41,49,41,42,36,36,40,33,27,24,31,29,28,28,24,33,33,26,22,32,28,31,29,29,29,37,29,23,30,31,28,28,36,27,30,31,31,30,33,30,28,27,31,32,33,33,30,38,26,23,24,29,29,30,29,27,24,28,28,28,27,25,37,35,31,31,21,31,32,25,35,27,29,25,35,30,28,28,25,32,24,31,33,25,37,29,31,32,38,21,33,28,30,26,23,26,31,28,28,26,39,26,29,26,28,32,31,31,25,26,25,31,23,32,30,25,34,29,23,30,37,28,28,32,34,25,23,25,31
STAT,match,Iterations,182,15007126,48528,76234,48973,64537,64338,70332,74495,81024,77643,49048,74054,71577,59038,70787,67566,73204,79632,79622,82993,78721,61624,70748,82731,82125,68061,68018,81722,56482,69302,67972,63893,60403,72635,76877,57097,76150,86845,90159,76970,70162,69964,80947,69416,72272,70301,74333,69937,77575,66037,88650,70160,65874,79642,66897,64976,77376,56004,82465,63519,55840,95508,71420,78418,86328,101084,92158,100038,95560,89556,78685,95041,105359,94990,92557,77855,74183,93173,87038,93589,100714,96047,67822,88492,105375,94500,84389,82580,84252,83779,63577,85140,77328,107339,75526,105981,92679,94980,70774,76537,83130,74878,88653,95033,65910,78944,96713,93668,71252,66994,97754,78491,72800,88076,89970,71868,78517,75575,94729,78812,96181,100038,107804,105033,83183,87948,83804,85902,77962,97171,87795,101923,103520,80835,91589,88116,107110,94978,97775,81101,87883,69186,74906,103317,74861,89092,94686,94725,86095,102559,108982,86303,100729,90363,82009,86752,95279,71054,96767,67850,98049,92706,97057,88401,103444,74565,90952,91645,96123,95629,74044,69082,90248,102148,81547,77531,97677,87597,80517,96619,72460,99731,89563
STAT,popedge,Conflicts,182,0,0,0,0,0,0,0,0,0,0,0,0,0,0,0,0,0,0,0,0,0,0,0,0,0,0,0,0,0,0,0,0,0,0,0,0,0,0,0,0,0,0,0,0,0,0,0,0,0,0,0,0,0,0,0,0,0,0,0,0,0,0,0,0,0,0,0,0,0,0,0,0,0,0,0,0,0,0,0,0,0,0,0,0,0,0,0,0,0,0,0,0,0,0,0,0,0,0,0,0,0,0,0,0,0,0,0,0,0,0,0,0,0,0,0,0,0,0,0,0,0,0,0,0,0,0,0,0,0,0,0,0,0,0,0,0,0,0,0,0,0,0,0,0,0,0,0,0,0,0,0,0,0,0,0,0,0,0,0,0,0,0,0,0,0,0,0,0,0,0,0,0,0,0,0,0,0,0,0,0,0,0,0
STAT,popedge,Iterations,182,7350192,38678,39734,40758,38726,37904,39967,39086,38573,38717,39083,40130,38447,38820,38993,39422,38253,38374,40606,39364,40734,39349,40780,40130,39556,40275,39839,38923,41925,39802,40833,42724,42456,42078,42504,41490,41193,39594,40085,40705,40483,41623,39423,38069,38557,40560,41699,40381,38739,40092,38926,40153,40187,40458,42031,42266,35981,40955,39730,41349,38552,48422,38534,36172,37975,37702,39513,37881,40494,38857,38328,39604,38278,38255,39537,40317,39385,39474,40495,38545,38763,42212,40021,38717,41593,38746,40870,38282,41871,40660,40184,39569,39253,42608,41957,43004,41757,41858,43041,42696,39459,41540,40668,40849,41376,40908,39588,39662,42274,41619,41602,40232,40363,40391,41303,42752,39577,37034,41799,40803,40536,38825,49010,37118,37559,40687,38481,39188,40205,39791,41233,42021,39483,37383,38547,39216,38524,38793,39737,39933,40843,41590,39077,42938,38728,38607,40215,41348,39690,40893,39773,40471,39166,39722,41876,42817,42496,41207,43265,43172,43078,42385,41400,42203,42243,42777,39404,39634,39907,40452,43432,42558,40087,41855,41469,44517,39792,41305,39947,42856,44302,40920,41452
STAT,refine,Conflicts,182,6265,95,110,106,90,92,102,83,95,69,80,71,86,67,80,83,68,59,61,64,64,54,58,58,60,62,52,60,58,67,58,48,46,44,46,45,38,43,27,42,40,41,45,40,31,47,42,35,46,39,54,49,36,46,49,45,50,39,49,48,31,41,26,29,16,34,24,23,25,22,27,31,21,23,25,25,20,18,21,26,20,24,24,22,25,23,28,20,15,23,27,14,25,26,24,21,25,15,20,10,28,27,16,29,33,18,21,24,21,26,14,24,17,23,22,21,20,22,20,20,24,11,23,19,30,23,30,20,23,28,21,20,22,26,24,19,30,26,27,22,31,27,26,22,24,20,23,22,14,22,18,22,23,24,28,20,24,26,19,20,14,21,21,24,21,23,14,28,20,19,23,29,21,20,22,26,21,21,18,23,19,26,21
STAT,refine,Iterations,182,139100,686,803,763,828,873,820,792,725,918,729,980,1224,854,711,632,573,712,993,900,1026,784,649,1021,860,1047,722,896,518,831,885,831,927,576,1055,521,691,617,702,775,522,596,713,821,641,785,664,693,640,572,799,654,526,834,681,706,726,570,741,661,693,973,731,521,655,1015,910,765,1126,761,918,965,871,811,708,713,561,683,899,799,946,1141,899,722,889,800,977,812,722,592,706,774,1007,1181,659,970,942,656,538,487,780,741,591,890,878,716,670,643,693,590,566,614,562,802,671,722,821,605,678,532,766,935,896,749,714,745,750,613,564,754,734,1020,902,897,957,730,658,685,804,766,989,669,1005,881,682,1054,915,1067,643,985,625,713,863,726,1128,656,957,586,831,552,577,670,624,616,696,596,534,762,611,615,437,500,808,665,856,663,702,1035,696,655,623,785,950
