Hello from MIC
Galois Benchmark Suite v2.2.0 (r0)
Copyright (C) 2013 The University of Texas at Austin
http://iss.ices.utexas.edu/galois/

application: GMetis
Partitions a graph into K parts and minimizing the graph cut
http://iss.ices.utexas.edu/?p=projects/galois/benchmarks/gMetis

INFO: CommandLine /work/02556/dpereira/MIC/apps/gmetis/gmetis -t=180 /work/02556/dpereira/Inputs/USA-road-d.W.gr 1024
INFO: Hostname c558-402-mic0.stampede.tacc.utexas.edu
Created Graph with 6262104 nodes and 15248146 edges
Nodes 6262104| Edges 15248146 7624073

  Starting coarsening: 
Time coarsen:  2479 Size of final graph: 21925

  Sarting initial partitioning using GGGP:
Size in decade percentages:  -1,64 -0,890 1,70
Time clustering:  1013

  Sarting refinnement with BKL2
Initial dist
Size in decade percentages:  -1,64 -0,890 1,70
Refined dist
Size in decade percentages:  -1,368 -0,276 1,379 3,1
Time refinement:  1637


Time:  5310
Total edge cut : 32045

Part saved in : 0x7ffffec10460
STATTYPE,LOOP,CATEGORY,n,sum,T0,T1,T2,T3,T4,T5,T6,T7,T8,T9,T10,T11,T12,T13,T14,T15,T16,T17,T18,T19,T20,T21,T22,T23,T24,T25,T26,T27,T28,T29,T30,T31,T32,T33,T34,T35,T36,T37,T38,T39,T40,T41,T42,T43,T44,T45,T46,T47,T48,T49,T50,T51,T52,T53,T54,T55,T56,T57,T58,T59,T60,T61,T62,T63,T64,T65,T66,T67,T68,T69,T70,T71,T72,T73,T74,T75,T76,T77,T78,T79,T80,T81,T82,T83,T84,T85,T86,T87,T88,T89,T90,T91,T92,T93,T94,T95,T96,T97,T98,T99,T100,T101,T102,T103,T104,T105,T106,T107,T108,T109,T110,T111,T112,T113,T114,T115,T116,T117,T118,T119,T120,T121,T122,T123,T124,T125,T126,T127,T128,T129,T130,T131,T132,T133,T134,T135,T136,T137,T138,T139,T140,T141,T142,T143,T144,T145,T146,T147,T148,T149,T150,T151,T152,T153,T154,T155,T156,T157,T158,T159,T160,T161,T162,T163,T164,T165,T166,T167,T168,T169,T170,T171,T172,T173,T174,T175,T176,T177,T178,T179
STAT,(NULL),Coarsen,180,2479,2479,0,0,0,0,0,0,0,0,0,0,0,0,0,0,0,0,0,0,0,0,0,0,0,0,0,0,0,0,0,0,0,0,0,0,0,0,0,0,0,0,0,0,0,0,0,0,0,0,0,0,0,0,0,0,0,0,0,0,0,0,0,0,0,0,0,0,0,0,0,0,0,0,0,0,0,0,0,0,0,0,0,0,0,0,0,0,0,0,0,0,0,0,0,0,0,0,0,0,0,0,0,0,0,0,0,0,0,0,0,0,0,0,0,0,0,0,0,0,0,0,0,0,0,0,0,0,0,0,0,0,0,0,0,0,0,0,0,0,0,0,0,0,0,0,0,0,0,0,0,0,0,0,0,0,0,0,0,0,0,0,0,0,0,0,0,0,0,0,0,0,0,0,0,0,0,0,0,0,0
STAT,(NULL),Conflicts,180,0,0,0,0,0,0,0,0,0,0,0,0,0,0,0,0,0,0,0,0,0,0,0,0,0,0,0,0,0,0,0,0,0,0,0,0,0,0,0,0,0,0,0,0,0,0,0,0,0,0,0,0,0,0,0,0,0,0,0,0,0,0,0,0,0,0,0,0,0,0,0,0,0,0,0,0,0,0,0,0,0,0,0,0,0,0,0,0,0,0,0,0,0,0,0,0,0,0,0,0,0,0,0,0,0,0,0,0,0,0,0,0,0,0,0,0,0,0,0,0,0,0,0,0,0,0,0,0,0,0,0,0,0,0,0,0,0,0,0,0,0,0,0,0,0,0,0,0,0,0,0,0,0,0,0,0,0,0,0,0,0,0,0,0,0,0,0,0,0,0,0,0,0,0,0,0,0,0,0,0,0
STAT,(NULL),Iterations,180,2047,11,16,9,11,18,13,17,16,16,19,11,13,13,4,12,12,26,15,13,13,3,12,2,12,8,8,11,5,16,7,6,12,9,15,5,6,15,2,12,6,10,21,15,7,16,12,16,6,9,15,7,11,13,16,13,19,10,29,15,19,12,13,5,15,20,12,8,4,7,10,12,8,18,9,8,11,6,16,11,16,14,8,8,11,10,11,6,15,11,7,5,9,15,5,9,13,2,10,12,11,5,6,8,14,6,7,15,12,6,11,10,19,11,19,9,13,12,6,19,19,21,16,29,6,9,18,11,13,11,16,5,9,14,13,8,23,12,20,10,19,10,16,9,3,3,10,7,10,13,2,11,8,9,10,8,9,6,8,7,4,17,7,16,12,16,7,13,14,11,12,11,7,18,8,8,8,16,9,11,11
STAT,(NULL),MeminfoPost,180,756465,4206,4193,4220,4210,4218,4195,4204,4191,4210,4214,4213,4266,4222,4187,4199,4195,4202,4207,4211,4229,4201,4208,4194,4198,4194,4210,4218,4192,4194,4194,4205,4190,4227,4206,4215,4199,4209,4188,4209,4209,4212,4263,4228,4194,4199,4200,4193,4212,4211,4223,4201,4207,4202,4188,4196,4215,4217,4190,4194,4196,4197,4214,4208,4195,4232,4211,4197,4210,4212,4198,4204,4201,4198,4190,4206,4194,4179,4201,4209,4214,4199,4191,4199,4196,4184,4193,4197,4187,4215,4230,4213,4190,4194,4194,4224,4190,4179,4179,4200,4205,4213,4214,4211,4200,4205,4183,4208,4190,4198,4197,4185,4182,4194,4180,4213,4189,4187,4219,4237,4222,4222,4192,4193,4212,4192,4181,4187,4205,4208,4213,4207,4204,4187,4200,4195,4196,4183,4190,4185,4207,4186,4207,4230,4225,4230,4209,4191,4196,4186,4196,4209,4228,4229,4216,4228,4205,4190,4204,4196,4200,4199,4191,4181,4194,4186,4207,4199,4182,4175,4198,4187,4210,4183,4191,4199,4207,4203,4207,4191,4206
STAT,(NULL),MeminfoPre,180,189105,1054,1041,1068,1058,1066,1043,1052,1039,1058,1062,1061,1114,1070,1035,1047,1043,1050,1055,1059,1077,1049,1056,1042,1046,1042,1058,1066,1040,1042,1042,1053,1038,1075,1054,1063,1047,1057,1036,1057,1057,1060,1111,1076,1042,1047,1048,1041,1060,1059,1071,1049,1055,1050,1036,1044,1063,1065,1038,1042,1044,1045,1062,1056,1043,1080,1059,1045,1058,1060,1046,1052,1049,1046,1038,1054,1042,1027,1049,1057,1062,1047,1039,1047,1044,1032,1041,1045,1035,1063,1078,1061,1038,1042,1042,1072,1038,1027,1027,1048,1053,1061,1062,1059,1048,1053,1031,1056,1038,1046,1045,1033,1030,1042,1028,1061,1037,1035,1067,1085,1070,1070,1040,1041,1060,1040,1029,1035,1053,1056,1061,1055,1052,1035,1048,1043,1044,1031,1038,1033,1055,1034,1055,1078,1073,1078,1057,1039,1044,1034,1044,1057,1076,1077,1064,1076,1053,1038,1052,1044,1048,1047,1039,1029,1042,1034,1055,1047,1030,1023,1046,1035,1058,1031,1039,1047,1055,1051,1055,1039,1054
STAT,(NULL),Partition,180,1013,1013,0,0,0,0,0,0,0,0,0,0,0,0,0,0,0,0,0,0,0,0,0,0,0,0,0,0,0,0,0,0,0,0,0,0,0,0,0,0,0,0,0,0,0,0,0,0,0,0,0,0,0,0,0,0,0,0,0,0,0,0,0,0,0,0,0,0,0,0,0,0,0,0,0,0,0,0,0,0,0,0,0,0,0,0,0,0,0,0,0,0,0,0,0,0,0,0,0,0,0,0,0,0,0,0,0,0,0,0,0,0,0,0,0,0,0,0,0,0,0,0,0,0,0,0,0,0,0,0,0,0,0,0,0,0,0,0,0,0,0,0,0,0,0,0,0,0,0,0,0,0,0,0,0,0,0,0,0,0,0,0,0,0,0,0,0,0,0,0,0,0,0,0,0,0,0,0,0,0,0
STAT,(NULL),Refine,180,1637,1637,0,0,0,0,0,0,0,0,0,0,0,0,0,0,0,0,0,0,0,0,0,0,0,0,0,0,0,0,0,0,0,0,0,0,0,0,0,0,0,0,0,0,0,0,0,0,0,0,0,0,0,0,0,0,0,0,0,0,0,0,0,0,0,0,0,0,0,0,0,0,0,0,0,0,0,0,0,0,0,0,0,0,0,0,0,0,0,0,0,0,0,0,0,0,0,0,0,0,0,0,0,0,0,0,0,0,0,0,0,0,0,0,0,0,0,0,0,0,0,0,0,0,0,0,0,0,0,0,0,0,0,0,0,0,0,0,0,0,0,0,0,0,0,0,0,0,0,0,0,0,0,0,0,0,0,0,0,0,0,0,0,0,0,0,0,0,0,0,0,0,0,0,0,0,0,0,0,0,0
STAT,(NULL),Threads,180,180,180,0,0,0,0,0,0,0,0,0,0,0,0,0,0,0,0,0,0,0,0,0,0,0,0,0,0,0,0,0,0,0,0,0,0,0,0,0,0,0,0,0,0,0,0,0,0,0,0,0,0,0,0,0,0,0,0,0,0,0,0,0,0,0,0,0,0,0,0,0,0,0,0,0,0,0,0,0,0,0,0,0,0,0,0,0,0,0,0,0,0,0,0,0,0,0,0,0,0,0,0,0,0,0,0,0,0,0,0,0,0,0,0,0,0,0,0,0,0,0,0,0,0,0,0,0,0,0,0,0,0,0,0,0,0,0,0,0,0,0,0,0,0,0,0,0,0,0,0,0,0,0,0,0,0,0,0,0,0,0,0,0,0,0,0,0,0,0,0,0,0,0,0,0,0,0,0,0,0,0
STAT,(NULL),Time,180,5310,5310,0,0,0,0,0,0,0,0,0,0,0,0,0,0,0,0,0,0,0,0,0,0,0,0,0,0,0,0,0,0,0,0,0,0,0,0,0,0,0,0,0,0,0,0,0,0,0,0,0,0,0,0,0,0,0,0,0,0,0,0,0,0,0,0,0,0,0,0,0,0,0,0,0,0,0,0,0,0,0,0,0,0,0,0,0,0,0,0,0,0,0,0,0,0,0,0,0,0,0,0,0,0,0,0,0,0,0,0,0,0,0,0,0,0,0,0,0,0,0,0,0,0,0,0,0,0,0,0,0,0,0,0,0,0,0,0,0,0,0,0,0,0,0,0,0,0,0,0,0,0,0,0,0,0,0,0,0,0,0,0,0,0,0,0,0,0,0,0,0,0,0,0,0,0,0,0,0,0,0
STAT,match,Conflicts,180,5934,56,57,47,49,51,54,50,42,48,44,51,43,54,51,48,38,41,51,40,43,45,43,45,40,46,44,45,42,39,44,48,43,41,40,41,44,39,41,45,35,36,46,37,47,38,42,32,38,40,30,47,42,33,35,38,37,43,40,30,36,41,22,32,30,28,24,33,31,35,21,26,33,21,22,27,25,29,28,29,20,29,24,35,21,23,28,34,24,27,25,38,35,21,28,30,33,27,25,30,26,25,28,37,28,28,34,30,31,21,29,26,29,25,21,29,26,27,22,31,19,31,28,27,32,29,33,33,25,31,25,26,27,34,25,21,22,30,29,29,26,27,26,31,23,28,23,29,28,19,31,30,29,24,35,36,31,30,28,24,30,34,28,22,30,25,32,35,30,30,27,31,27,25,29,27,23,26,38,21,28
STAT,match,Iterations,180,14957564,64910,54874,69158,75948,67671,67528,59732,73030,71996,49481,63221,72059,64515,67442,55307,69360,75640,67613,68245,77931,71517,63911,69186,72330,62346,78053,70339,58745,77688,74433,63093,74598,80374,72626,71870,69609,79593,82249,76610,67111,64527,70960,79508,67636,76790,63073,89068,85710,69724,68812,69387,51808,61029,85750,78153,85327,74177,79483,94546,78913,93798,88664,85933,73609,94157,104721,83059,95340,77300,74988,85476,72186,89324,81467,91275,90646,92403,86735,94943,87465,83643,92807,75229,102219,104360,104543,87398,94800,86525,84186,86789,81135,80655,85272,93023,76024,97486,91829,92688,102361,74326,83201,91816,82218,95722,87526,95608,85328,99500,75528,62940,93173,73228,93069,85859,80352,80197,100377,100753,113758,99321,134450,80066,92362,97871,80607,94162,104346,86727,79609,95678,90337,88113,92741,98927,106282,84326,78739,84412,88465,74486,97510,89749,90680,83361,84766,94215,86776,93358,85838,92092,75840,104940,106187,82842,95480,81522,80411,90370,92210,90211,70528,93389,80028,87101,89235,92476,80086,90092,83809,102527,83226,107039,79516,91531,82924,76621,87859,95101,86828
STAT,popedge,Conflicts,180,0,0,0,0,0,0,0,0,0,0,0,0,0,0,0,0,0,0,0,0,0,0,0,0,0,0,0,0,0,0,0,0,0,0,0,0,0,0,0,0,0,0,0,0,0,0,0,0,0,0,0,0,0,0,0,0,0,0,0,0,0,0,0,0,0,0,0,0,0,0,0,0,0,0,0,0,0,0,0,0,0,0,0,0,0,0,0,0,0,0,0,0,0,0,0,0,0,0,0,0,0,0,0,0,0,0,0,0,0,0,0,0,0,0,0,0,0,0,0,0,0,0,0,0,0,0,0,0,0,0,0,0,0,0,0,0,0,0,0,0,0,0,0,0,0,0,0,0,0,0,0,0,0,0,0,0,0,0,0,0,0,0,0,0,0,0,0,0,0,0,0,0,0,0,0,0,0,0,0,0,0
STAT,popedge,Iterations,180,7325679,40507,40351,38686,40143,38941,40356,39373,38879,40182,39884,39059,39133,39978,40795,41999,41762,41407,39142,39455,39096,40229,40597,39945,40272,40974,39823,41683,40690,38093,40480,42740,42956,40947,40711,41322,39236,40556,44175,40079,42654,41254,40180,39152,40303,42818,42378,40263,39453,42045,40103,40788,42464,41215,40774,39464,40091,39386,40726,47690,46983,47811,39037,36381,38793,37291,37894,38231,37396,35527,38083,37667,38979,38437,40942,40277,40574,38980,40286,39407,38917,38298,38721,39122,38538,38858,38741,40503,41137,40123,38972,41701,40325,41578,41485,39941,43093,36643,40853,43111,39122,40582,41654,39996,40511,39068,40773,39854,40712,40886,42757,40182,40680,41382,40274,40288,43068,39712,42558,40885,49319,44894,47606,41833,38144,40542,40450,39798,38576,42065,38202,38885,37898,37945,39331,40361,40587,42986,39992,40000,39026,40460,39247,38486,38889,39638,40472,42674,38819,38853,41333,42561,44257,44037,42346,41519,39939,44327,38985,41905,42082,39666,44449,41765,42160,41425,40116,43728,45030,41549,42923,40390,40214,42239,41850,42841,42337,43230,41284,42515,44282
STAT,refine,Conflicts,180,5816,76,78,82,78,66,69,74,69,60,64,61,71,56,67,57,53,58,63,49,61,59,48,51,55,48,56,44,68,53,46,48,28,39,36,46,37,47,38,39,46,37,50,30,31,31,40,43,39,39,38,43,39,34,41,39,39,35,43,29,41,45,28,34,21,35,25,24,22,25,28,19,24,29,15,22,23,24,33,29,17,26,23,22,21,30,21,36,21,25,24,26,17,15,27,23,17,20,17,20,21,22,22,31,16,19,14,17,29,22,33,19,24,23,19,19,22,23,26,26,23,37,30,30,28,27,22,22,34,25,24,21,22,27,25,21,21,23,22,21,23,16,28,22,24,30,26,26,23,19,29,17,24,23,17,14,24,24,18,23,15,21,15,26,29,16,22,24,20,16,24,17,24,23,20,25,23,24,23,24,25
STAT,refine,Iterations,180,431313,2451,1870,2522,2538,2308,2382,2241,2075,2192,1671,1915,2984,2248,2195,1955,1938,2310,2429,1907,2503,2462,1999,2443,1911,2143,2218,2151,2006,2235,2525,1948,1990,2623,2132,2157,2026,2078,2522,2098,2371,2200,2986,2250,2008,1949,2196,1801,2284,1784,1945,2155,1719,2224,2395,2099,2294,2231,2345,2999,2086,3163,3155,2342,2597,3107,3278,2622,2718,2168,2772,2410,2127,3169,2375,2622,2135,2180,2856,2690,2088,2318,2841,2483,2632,2276,2337,2963,2393,2360,2877,2901,1688,2137,2284,2859,1847,1948,1978,2261,2485,2398,2476,2834,2155,2149,1784,2724,2297,2575,2600,1497,2511,2229,2069,2636,2203,2305,2761,3470,3578,3131,3405,2772,2681,2911,2506,2745,3149,2632,2393,2941,2319,2243,2661,2658,2654,2383,2416,2057,2688,2086,2593,3121,2809,3150,2273,2456,2192,1844,2891,2307,3277,2810,2826,2589,2348,2021,1910,2638,1843,2055,1910,2420,2475,2065,2313,2246,2679,1681,2368,2077,2350,2348,1989,2569,2185,2192,2022,2587,3138
