Hello from MIC
Galois Benchmark Suite v2.2.0 (r0)
Copyright (C) 2013 The University of Texas at Austin
http://iss.ices.utexas.edu/galois/

application: GMetis
Partitions a graph into K parts and minimizing the graph cut
http://iss.ices.utexas.edu/?p=projects/galois/benchmarks/gMetis

INFO: CommandLine /work/02556/dpereira/MIC/apps/gmetis/gmetis -t=203 /work/02556/dpereira/Inputs/USA-road-d.W.gr 16
INFO: Hostname c558-003-mic0.stampede.tacc.utexas.edu
Created Graph with 6262104 nodes and 15248146 edges
Nodes 6262104| Edges 15248146 7624073

  Starting coarsening: 
Time coarsen:  4026 Size of final graph: 446

  Sarting initial partitioning using GGGP:
Size in decade percentages:  -0,16
Time clustering:  373

  Sarting refinnement with BKL2
Initial dist
Size in decade percentages:  -0,16
Refined dist
Size in decade percentages:  -1,6 -0,4 1,6
Time refinement:  2503


Time:  7081
Total edge cut : 1802

Part saved in : 0x7fff2b3a51e0
STATTYPE,LOOP,CATEGORY,n,sum,T0,T1,T2,T3,T4,T5,T6,T7,T8,T9,T10,T11,T12,T13,T14,T15,T16,T17,T18,T19,T20,T21,T22,T23,T24,T25,T26,T27,T28,T29,T30,T31,T32,T33,T34,T35,T36,T37,T38,T39,T40,T41,T42,T43,T44,T45,T46,T47,T48,T49,T50,T51,T52,T53,T54,T55,T56,T57,T58,T59,T60,T61,T62,T63,T64,T65,T66,T67,T68,T69,T70,T71,T72,T73,T74,T75,T76,T77,T78,T79,T80,T81,T82,T83,T84,T85,T86,T87,T88,T89,T90,T91,T92,T93,T94,T95,T96,T97,T98,T99,T100,T101,T102,T103,T104,T105,T106,T107,T108,T109,T110,T111,T112,T113,T114,T115,T116,T117,T118,T119,T120,T121,T122,T123,T124,T125,T126,T127,T128,T129,T130,T131,T132,T133,T134,T135,T136,T137,T138,T139,T140,T141,T142,T143,T144,T145,T146,T147,T148,T149,T150,T151,T152,T153,T154,T155,T156,T157,T158,T159,T160,T161,T162,T163,T164,T165,T166,T167,T168,T169,T170,T171,T172,T173,T174,T175,T176,T177,T178,T179,T180,T181,T182,T183,T184,T185,T186,T187,T188,T189,T190,T191,T192,T193,T194,T195,T196,T197,T198,T199,T200,T201,T202
STAT,(NULL),Coarsen,203,4026,4026,0,0,0,0,0,0,0,0,0,0,0,0,0,0,0,0,0,0,0,0,0,0,0,0,0,0,0,0,0,0,0,0,0,0,0,0,0,0,0,0,0,0,0,0,0,0,0,0,0,0,0,0,0,0,0,0,0,0,0,0,0,0,0,0,0,0,0,0,0,0,0,0,0,0,0,0,0,0,0,0,0,0,0,0,0,0,0,0,0,0,0,0,0,0,0,0,0,0,0,0,0,0,0,0,0,0,0,0,0,0,0,0,0,0,0,0,0,0,0,0,0,0,0,0,0,0,0,0,0,0,0,0,0,0,0,0,0,0,0,0,0,0,0,0,0,0,0,0,0,0,0,0,0,0,0,0,0,0,0,0,0,0,0,0,0,0,0,0,0,0,0,0,0,0,0,0,0,0,0,0,0,0,0,0,0,0,0,0,0,0,0,0,0,0,0,0,0,0,0,0,0,0
STAT,(NULL),Conflicts,203,0,0,0,0,0,0,0,0,0,0,0,0,0,0,0,0,0,0,0,0,0,0,0,0,0,0,0,0,0,0,0,0,0,0,0,0,0,0,0,0,0,0,0,0,0,0,0,0,0,0,0,0,0,0,0,0,0,0,0,0,0,0,0,0,0,0,0,0,0,0,0,0,0,0,0,0,0,0,0,0,0,0,0,0,0,0,0,0,0,0,0,0,0,0,0,0,0,0,0,0,0,0,0,0,0,0,0,0,0,0,0,0,0,0,0,0,0,0,0,0,0,0,0,0,0,0,0,0,0,0,0,0,0,0,0,0,0,0,0,0,0,0,0,0,0,0,0,0,0,0,0,0,0,0,0,0,0,0,0,0,0,0,0,0,0,0,0,0,0,0,0,0,0,0,0,0,0,0,0,0,0,0,0,0,0,0,0,0,0,0,0,0,0,0,0,0,0,0,0,0,0,0,0,0
STAT,(NULL),Iterations,203,31,5,0,0,0,0,0,0,1,0,0,0,0,0,0,0,0,0,0,0,0,0,0,0,0,0,0,0,0,0,0,1,0,0,0,0,0,0,0,0,0,0,0,0,0,0,0,0,0,0,0,0,0,1,0,0,0,0,0,0,0,0,0,0,0,0,0,0,0,0,0,0,0,0,0,0,1,3,4,0,0,0,0,0,0,0,0,0,0,0,0,0,0,0,0,0,0,0,0,2,0,1,0,0,0,0,0,0,0,1,0,0,0,0,0,0,0,0,0,0,0,1,0,0,0,0,0,0,2,0,0,0,0,0,0,0,0,0,0,0,0,0,0,2,0,0,0,0,0,0,1,0,0,2,0,0,0,0,0,0,3,0,0,0,0,0,0,0,0,0,0,0,0,0,0,0,0,0,0,0,0,0,0,0,0,0,0,0,0,0,0,0,0,0,0,0,0,0,0,0,0,0,0,0
STAT,(NULL),MeminfoPost,203,756991,3735,3719,3740,3745,3734,3731,3719,3738,3717,3736,3731,3744,3765,3764,3742,3716,3727,3721,3724,3741,3734,3738,3738,3736,3737,3718,3722,3721,3733,3735,3743,3719,3715,3722,3733,3719,3741,3745,3735,3730,3719,3740,3715,3737,3732,3744,3766,3764,3743,3717,3727,3721,3725,3739,3734,3738,3740,3734,3735,3718,3723,3721,3732,3735,3742,3720,3716,3723,3730,3739,3731,3724,3739,3761,3721,3729,3740,3733,3724,3730,3730,3721,3722,3720,3738,3713,3710,3729,3735,3739,3727,3720,3729,3720,3721,3713,3721,3727,3715,3729,3752,3753,3728,3714,3722,3719,3750,3720,3714,3707,3713,3731,3733,3735,3742,3740,3727,3728,3718,3722,3733,3718,3723,3724,3711,3714,3718,3717,3718,3736,3716,3716,3745,3757,3752,3753,3726,3718,3721,3743,3715,3709,3712,3730,3731,3737,3743,3725,3725,3719,3729,3722,3725,3711,3713,3723,3714,3732,3713,3732,3752,3749,3755,3747,3724,3718,3722,3715,3722,3725,3757,3757,3741,3749,3747,3730,3716,3724,3731,3724,3725,3727,3711,3712,3724,3712,3715,3753,3711,3709,3718,3718,3713,3737,3711,3723,3725,3731,3729,3730,3730,3722,3730
STAT,(NULL),MeminfoPre,203,189200,938,922,943,948,937,934,922,941,920,939,934,947,968,967,945,919,930,924,927,944,937,941,941,939,940,921,925,924,936,938,946,922,918,925,936,922,944,948,938,933,922,943,918,940,935,947,969,967,946,920,930,924,928,942,937,941,943,937,938,921,926,924,935,938,945,923,919,926,933,942,934,927,942,964,924,932,943,936,927,933,933,924,925,923,941,916,913,932,938,942,930,923,932,923,924,916,924,930,918,932,955,956,931,917,925,922,953,923,917,910,916,934,936,938,945,943,930,931,921,925,936,921,926,927,914,917,921,920,921,939,919,919,948,960,955,956,929,921,924,946,918,912,915,933,934,940,946,928,928,922,932,925,928,914,916,926,917,935,916,935,955,952,958,950,927,921,925,918,925,928,960,960,944,952,950,933,919,927,934,927,928,930,914,915,927,915,918,956,914,912,921,921,916,940,914,926,928,934,932,933,933,925,933
STAT,(NULL),Partition,203,373,373,0,0,0,0,0,0,0,0,0,0,0,0,0,0,0,0,0,0,0,0,0,0,0,0,0,0,0,0,0,0,0,0,0,0,0,0,0,0,0,0,0,0,0,0,0,0,0,0,0,0,0,0,0,0,0,0,0,0,0,0,0,0,0,0,0,0,0,0,0,0,0,0,0,0,0,0,0,0,0,0,0,0,0,0,0,0,0,0,0,0,0,0,0,0,0,0,0,0,0,0,0,0,0,0,0,0,0,0,0,0,0,0,0,0,0,0,0,0,0,0,0,0,0,0,0,0,0,0,0,0,0,0,0,0,0,0,0,0,0,0,0,0,0,0,0,0,0,0,0,0,0,0,0,0,0,0,0,0,0,0,0,0,0,0,0,0,0,0,0,0,0,0,0,0,0,0,0,0,0,0,0,0,0,0,0,0,0,0,0,0,0,0,0,0,0,0,0,0,0,0,0,0
STAT,(NULL),Refine,203,2503,2503,0,0,0,0,0,0,0,0,0,0,0,0,0,0,0,0,0,0,0,0,0,0,0,0,0,0,0,0,0,0,0,0,0,0,0,0,0,0,0,0,0,0,0,0,0,0,0,0,0,0,0,0,0,0,0,0,0,0,0,0,0,0,0,0,0,0,0,0,0,0,0,0,0,0,0,0,0,0,0,0,0,0,0,0,0,0,0,0,0,0,0,0,0,0,0,0,0,0,0,0,0,0,0,0,0,0,0,0,0,0,0,0,0,0,0,0,0,0,0,0,0,0,0,0,0,0,0,0,0,0,0,0,0,0,0,0,0,0,0,0,0,0,0,0,0,0,0,0,0,0,0,0,0,0,0,0,0,0,0,0,0,0,0,0,0,0,0,0,0,0,0,0,0,0,0,0,0,0,0,0,0,0,0,0,0,0,0,0,0,0,0,0,0,0,0,0,0,0,0,0,0,0
STAT,(NULL),Threads,203,203,203,0,0,0,0,0,0,0,0,0,0,0,0,0,0,0,0,0,0,0,0,0,0,0,0,0,0,0,0,0,0,0,0,0,0,0,0,0,0,0,0,0,0,0,0,0,0,0,0,0,0,0,0,0,0,0,0,0,0,0,0,0,0,0,0,0,0,0,0,0,0,0,0,0,0,0,0,0,0,0,0,0,0,0,0,0,0,0,0,0,0,0,0,0,0,0,0,0,0,0,0,0,0,0,0,0,0,0,0,0,0,0,0,0,0,0,0,0,0,0,0,0,0,0,0,0,0,0,0,0,0,0,0,0,0,0,0,0,0,0,0,0,0,0,0,0,0,0,0,0,0,0,0,0,0,0,0,0,0,0,0,0,0,0,0,0,0,0,0,0,0,0,0,0,0,0,0,0,0,0,0,0,0,0,0,0,0,0,0,0,0,0,0,0,0,0,0,0,0,0,0,0,0
STAT,(NULL),Time,203,7081,7081,0,0,0,0,0,0,0,0,0,0,0,0,0,0,0,0,0,0,0,0,0,0,0,0,0,0,0,0,0,0,0,0,0,0,0,0,0,0,0,0,0,0,0,0,0,0,0,0,0,0,0,0,0,0,0,0,0,0,0,0,0,0,0,0,0,0,0,0,0,0,0,0,0,0,0,0,0,0,0,0,0,0,0,0,0,0,0,0,0,0,0,0,0,0,0,0,0,0,0,0,0,0,0,0,0,0,0,0,0,0,0,0,0,0,0,0,0,0,0,0,0,0,0,0,0,0,0,0,0,0,0,0,0,0,0,0,0,0,0,0,0,0,0,0,0,0,0,0,0,0,0,0,0,0,0,0,0,0,0,0,0,0,0,0,0,0,0,0,0,0,0,0,0,0,0,0,0,0,0,0,0,0,0,0,0,0,0,0,0,0,0,0,0,0,0,0,0,0,0,0,0,0
STAT,match,Conflicts,203,6364,49,45,51,55,45,48,48,44,49,51,44,56,49,44,48,40,43,43,42,30,39,42,49,40,49,51,35,39,46,44,44,38,42,32,38,30,37,35,34,27,30,36,34,40,35,36,46,41,45,40,51,33,40,43,30,33,35,32,32,31,32,26,29,26,26,29,30,24,23,22,30,20,31,25,24,23,19,28,24,27,17,35,33,25,30,27,31,27,21,27,31,22,33,39,28,24,24,29,28,33,24,34,35,35,27,31,29,38,31,37,30,30,29,26,26,29,28,28,39,29,31,33,22,24,29,34,21,30,27,27,29,24,28,29,29,22,26,25,23,24,24,27,24,21,36,25,24,24,20,26,29,26,24,24,29,23,26,23,33,29,28,26,30,22,27,21,27,32,33,31,24,29,28,31,36,27,29,25,26,29,31,30,28,29,20,25,24,23,29,31,19,33,25,26,25,23,28,23,22,30,21,28,21
STAT,match,Iterations,203,15042617,47425,57444,61782,42749,65044,43446,62739,56239,59067,61871,69413,52689,52700,49256,69215,47358,62631,58209,63734,60954,59499,50829,55425,61500,60328,67912,66685,67770,49677,73146,72398,70943,77816,60050,69333,67048,70054,61071,74926,78650,85996,65601,82610,55306,52273,56443,64846,59709,60253,90011,59302,63836,66952,57297,61300,66394,64758,65499,73340,75095,89149,72897,60000,80825,68378,69651,55477,97091,90975,86046,69069,81297,61753,92660,68975,89382,69222,85535,74519,83041,69896,80340,102271,75377,94931,77154,82385,77857,72462,66580,91290,89036,78316,92958,84122,87496,72796,78877,82832,86873,68975,82801,79420,79045,98135,81884,73565,79068,77993,74368,69871,95371,77884,79550,63935,76404,70128,78319,99159,77797,66403,85011,83759,105637,76033,73234,89286,66641,96892,77029,71661,73436,67459,81030,70507,69601,80052,68054,79990,82399,77451,86315,83910,90974,70654,93172,91281,98357,80815,81511,78331,75565,76633,72412,90706,65155,80038,85722,75466,71883,70410,62738,73769,79562,93770,83901,82805,57635,89298,53293,91124,100549,77099,73448,61430,96645,80747,87463,87967,90911,73714,75092,79169,49366,84518,63168,73731,79816,68031,58179,74709,61250,94481,83027,86900,66803,65584,75487,79372,77705,79991,71436,76750
STAT,popedge,Conflicts,203,0,0,0,0,0,0,0,0,0,0,0,0,0,0,0,0,0,0,0,0,0,0,0,0,0,0,0,0,0,0,0,0,0,0,0,0,0,0,0,0,0,0,0,0,0,0,0,0,0,0,0,0,0,0,0,0,0,0,0,0,0,0,0,0,0,0,0,0,0,0,0,0,0,0,0,0,0,0,0,0,0,0,0,0,0,0,0,0,0,0,0,0,0,0,0,0,0,0,0,0,0,0,0,0,0,0,0,0,0,0,0,0,0,0,0,0,0,0,0,0,0,0,0,0,0,0,0,0,0,0,0,0,0,0,0,0,0,0,0,0,0,0,0,0,0,0,0,0,0,0,0,0,0,0,0,0,0,0,0,0,0,0,0,0,0,0,0,0,0,0,0,0,0,0,0,0,0,0,0,0,0,0,0,0,0,0,0,0,0,0,0,0,0,0,0,0,0,0,0,0,0,0,0,0
STAT,popedge,Iterations,203,7368813,32415,35715,32898,32023,31931,34771,34447,33427,33513,33383,33332,35271,32336,33033,33743,32486,35620,32428,34339,32606,37874,38236,37718,39042,37346,39566,36411,36660,37866,36621,37689,37791,39575,37991,37603,38955,37428,35665,36146,37457,35403,37387,38540,38992,39056,35513,37956,38223,38098,37876,39827,37043,36276,39544,39480,37409,37769,39871,39173,37394,38408,34027,35084,33741,32777,34412,33916,36056,32008,34353,32153,33562,31718,30472,31649,32317,32657,32967,32920,34236,31512,36216,36985,37375,37336,36321,38230,36308,36827,38123,37683,36707,38280,37752,37635,36362,36485,38665,38182,40778,36017,36580,38197,37185,40064,37857,36245,38629,38153,40486,41229,39035,38051,38219,38590,38531,37806,37842,39486,38648,36860,42366,34785,34388,32931,32826,35779,33547,34778,32862,34818,33532,32638,32214,31733,32490,35163,33562,36524,35318,33925,31834,38986,40992,37242,37909,36688,39008,36108,38855,38212,39351,38735,36399,38983,37188,38375,37041,36548,38032,37705,37827,36568,36746,39329,38535,37975,36413,36567,37408,41057,38959,41062,38895,39820,39638,38394,40065,37413,39318,38702,38937,40534,34815,33878,35874,32112,33078,33943,36360,34682,33269,33015,32572,33928,33369,32852,35971,31524,35085,35187,33800,31875
STAT,refine,Conflicts,203,5919,120,120,117,116,108,94,100,99,96,94,91,85,79,83,82,74,56,64,63,60,64,59,56,69,59,52,63,58,60,52,56,33,35,40,35,35,40,41,41,38,42,33,34,36,28,42,44,30,31,31,31,31,35,40,33,39,24,38,42,25,38,26,12,8,15,11,8,10,12,16,16,20,18,20,4,15,22,11,8,19,12,23,20,19,26,20,17,7,20,24,16,9,14,14,28,17,15,20,20,15,22,25,23,20,11,11,23,17,12,22,8,13,18,16,12,18,10,14,19,19,12,20,9,13,8,10,17,13,16,26,20,14,15,16,10,7,20,8,21,20,12,25,21,15,14,18,26,17,20,25,23,15,20,21,21,18,22,14,22,21,21,23,20,17,21,28,11,20,24,23,14,14,22,23,18,21,10,18,11,16,23,8,26,19,16,21,13,16,16,12,10,22,18,13,20,18,16,15,17,15,21,14,16
STAT,refine,Iterations,203,39367,388,381,345,407,315,277,349,290,346,297,328,317,276,245,371,228,229,305,248,203,287,245,212,257,200,224,312,327,175,203,292,141,179,154,151,202,194,260,232,215,276,145,170,133,187,235,235,182,194,201,202,224,173,279,192,186,74,232,171,127,226,226,109,152,199,133,135,135,165,200,165,160,154,253,129,208,112,153,147,215,137,176,210,136,341,159,149,128,230,217,167,184,166,119,203,158,109,161,219,221,194,334,224,166,86,147,184,195,156,199,126,134,158,208,212,185,140,197,317,195,124,134,123,188,113,164,170,158,173,217,214,155,172,177,154,122,196,104,160,180,192,152,158,161,146,253,239,164,245,244,198,117,156,132,238,132,161,151,230,240,175,201,214,168,171,183,172,199,219,244,156,145,146,178,135,273,195,223,104,156,185,107,172,162,144,141,141,102,128,150,153,211,197,166,182,220,103,220,97,127,180,192,175
