Hello from MIC
Galois Benchmark Suite v2.2.0 (r0)
Copyright (C) 2013 The University of Texas at Austin
http://iss.ices.utexas.edu/galois/

application: GMetis
Partitions a graph into K parts and minimizing the graph cut
http://iss.ices.utexas.edu/?p=projects/galois/benchmarks/gMetis

INFO: CommandLine /work/02556/dpereira/MIC/apps/gmetis/gmetis -t=108 /work/02556/dpereira/Inputs/USA-road-d.W.gr 128
INFO: Hostname c558-001-mic0.stampede.tacc.utexas.edu
Created Graph with 6262104 nodes and 15248146 edges
Nodes 6262104| Edges 15248146 7624073

  Starting coarsening: 
Time coarsen:  2332 Size of final graph: 3072

  Sarting initial partitioning using GGGP:
Size in decade percentages:  -1,6 -0,115 1,7
Time clustering:  409

  Sarting refinnement with BKL2
Initial dist
Size in decade percentages:  -1,6 -0,115 1,7
Refined dist
Size in decade percentages:  -1,45 0,37 1,46
Time refinement:  1156


Time:  4074
Total edge cut : 7858

Part saved in : 0x7fff9076f0e0
STATTYPE,LOOP,CATEGORY,n,sum,T0,T1,T2,T3,T4,T5,T6,T7,T8,T9,T10,T11,T12,T13,T14,T15,T16,T17,T18,T19,T20,T21,T22,T23,T24,T25,T26,T27,T28,T29,T30,T31,T32,T33,T34,T35,T36,T37,T38,T39,T40,T41,T42,T43,T44,T45,T46,T47,T48,T49,T50,T51,T52,T53,T54,T55,T56,T57,T58,T59,T60,T61,T62,T63,T64,T65,T66,T67,T68,T69,T70,T71,T72,T73,T74,T75,T76,T77,T78,T79,T80,T81,T82,T83,T84,T85,T86,T87,T88,T89,T90,T91,T92,T93,T94,T95,T96,T97,T98,T99,T100,T101,T102,T103,T104,T105,T106,T107
STAT,(NULL),Coarsen,108,2332,2332,0,0,0,0,0,0,0,0,0,0,0,0,0,0,0,0,0,0,0,0,0,0,0,0,0,0,0,0,0,0,0,0,0,0,0,0,0,0,0,0,0,0,0,0,0,0,0,0,0,0,0,0,0,0,0,0,0,0,0,0,0,0,0,0,0,0,0,0,0,0,0,0,0,0,0,0,0,0,0,0,0,0,0,0,0,0,0,0,0,0,0,0,0,0,0,0,0,0,0,0,0,0,0,0,0,0,0
STAT,(NULL),Conflicts,108,0,0,0,0,0,0,0,0,0,0,0,0,0,0,0,0,0,0,0,0,0,0,0,0,0,0,0,0,0,0,0,0,0,0,0,0,0,0,0,0,0,0,0,0,0,0,0,0,0,0,0,0,0,0,0,0,0,0,0,0,0,0,0,0,0,0,0,0,0,0,0,0,0,0,0,0,0,0,0,0,0,0,0,0,0,0,0,0,0,0,0,0,0,0,0,0,0,0,0,0,0,0,0,0,0,0,0,0,0
STAT,(NULL),Iterations,108,255,8,0,2,4,1,5,6,0,0,1,0,4,0,0,0,6,3,1,1,0,0,3,0,0,2,0,3,2,0,5,0,1,0,1,0,2,0,2,2,1,1,2,3,4,0,2,4,1,0,2,3,0,15,17,13,0,12,5,1,3,0,5,1,2,6,2,2,5,2,8,2,1,4,2,0,0,1,3,0,0,1,1,1,3,3,3,4,2,1,1,4,3,4,0,3,0,1,2,2,0,2,1,1,1,7,1,3,0
STAT,(NULL),MeminfoPost,108,756567,7005,7021,7023,7008,6983,7026,7061,7042,6988,6996,7017,7034,7006,6995,6996,7016,7008,6986,7004,7016,7025,7006,6985,7025,7052,7055,6991,6990,7014,7037,7012,6994,6992,7018,7009,6987,7010,7005,7033,7012,7018,7001,7009,6990,7002,6980,6997,7023,6992,6998,6982,6981,6996,7047,7011,6986,7021,6978,6971,7009,7017,7029,7000,6993,6991,6994,6972,6986,6999,6979,7029,7048,7019,6988,7008,6971,7005,7021,7009,6997,6989,6989,6981,6994,6986,7048,7046,7006,6984,6992,7033,7040,7042,6995,7015,6988,6997,6970,6987,7013,6970,6982,6977,7003,6993,7010,7009,6998
STAT,(NULL),MeminfoPre,108,189135,1751,1767,1769,1754,1729,1772,1807,1788,1734,1742,1763,1780,1752,1741,1742,1762,1754,1732,1750,1762,1771,1752,1731,1771,1798,1801,1737,1736,1760,1783,1758,1740,1738,1764,1755,1733,1756,1751,1779,1758,1764,1747,1755,1736,1748,1726,1743,1769,1738,1744,1728,1727,1742,1793,1757,1732,1767,1724,1717,1755,1763,1775,1746,1739,1737,1740,1718,1732,1745,1725,1775,1794,1765,1734,1754,1717,1751,1767,1755,1743,1735,1735,1727,1740,1732,1794,1792,1752,1730,1738,1779,1786,1788,1741,1761,1734,1743,1716,1733,1759,1716,1728,1723,1749,1739,1756,1755,1744
STAT,(NULL),Partition,108,409,409,0,0,0,0,0,0,0,0,0,0,0,0,0,0,0,0,0,0,0,0,0,0,0,0,0,0,0,0,0,0,0,0,0,0,0,0,0,0,0,0,0,0,0,0,0,0,0,0,0,0,0,0,0,0,0,0,0,0,0,0,0,0,0,0,0,0,0,0,0,0,0,0,0,0,0,0,0,0,0,0,0,0,0,0,0,0,0,0,0,0,0,0,0,0,0,0,0,0,0,0,0,0,0,0,0,0,0
STAT,(NULL),Refine,108,1156,1156,0,0,0,0,0,0,0,0,0,0,0,0,0,0,0,0,0,0,0,0,0,0,0,0,0,0,0,0,0,0,0,0,0,0,0,0,0,0,0,0,0,0,0,0,0,0,0,0,0,0,0,0,0,0,0,0,0,0,0,0,0,0,0,0,0,0,0,0,0,0,0,0,0,0,0,0,0,0,0,0,0,0,0,0,0,0,0,0,0,0,0,0,0,0,0,0,0,0,0,0,0,0,0,0,0,0,0
STAT,(NULL),Threads,108,108,108,0,0,0,0,0,0,0,0,0,0,0,0,0,0,0,0,0,0,0,0,0,0,0,0,0,0,0,0,0,0,0,0,0,0,0,0,0,0,0,0,0,0,0,0,0,0,0,0,0,0,0,0,0,0,0,0,0,0,0,0,0,0,0,0,0,0,0,0,0,0,0,0,0,0,0,0,0,0,0,0,0,0,0,0,0,0,0,0,0,0,0,0,0,0,0,0,0,0,0,0,0,0,0,0,0,0,0
STAT,(NULL),Time,108,4074,4074,0,0,0,0,0,0,0,0,0,0,0,0,0,0,0,0,0,0,0,0,0,0,0,0,0,0,0,0,0,0,0,0,0,0,0,0,0,0,0,0,0,0,0,0,0,0,0,0,0,0,0,0,0,0,0,0,0,0,0,0,0,0,0,0,0,0,0,0,0,0,0,0,0,0,0,0,0,0,0,0,0,0,0,0,0,0,0,0,0,0,0,0,0,0,0,0,0,0,0,0,0,0,0,0,0,0,0
STAT,match,Conflicts,108,5976,91,103,93,84,82,83,68,78,67,69,88,64,76,71,78,70,62,74,71,81,75,72,74,52,70,62,54,60,62,67,61,56,74,70,62,53,66,71,51,58,50,51,48,49,67,57,70,40,44,42,44,49,42,38,50,41,44,47,48,39,38,47,42,46,45,50,37,32,53,53,45,50,50,48,31,41,46,37,51,47,62,51,35,40,32,47,42,37,47,50,41,39,42,63,60,46,43,47,50,43,53,51,52,47,37,48,40,59
STAT,match,Iterations,108,14990016,106529,109001,102498,138197,124496,119492,111165,120141,138537,123918,125113,129735,116640,137199,124866,133133,123063,132819,129738,126764,114388,112016,136637,135092,109810,126022,135189,132456,126024,134921,125063,127919,142730,111360,139499,124689,136792,135299,129977,138129,151235,133118,138097,149442,123740,128536,125716,157486,144790,166434,154936,150909,173615,141258,139086,172063,145470,144819,153921,163962,147146,134771,124923,148062,151843,151812,137951,152590,128080,160205,131131,141301,146770,141248,144872,155582,146708,130901,132762,146579,137056,144437,154330,141905,150127,146753,139128,165467,140923,133215,135999,152226,149642,155933,150517,158175,165419,162537,153103,141961,142784,145038,123804,130035,160845,159479,136505,151747
STAT,popedge,Conflicts,108,0,0,0,0,0,0,0,0,0,0,0,0,0,0,0,0,0,0,0,0,0,0,0,0,0,0,0,0,0,0,0,0,0,0,0,0,0,0,0,0,0,0,0,0,0,0,0,0,0,0,0,0,0,0,0,0,0,0,0,0,0,0,0,0,0,0,0,0,0,0,0,0,0,0,0,0,0,0,0,0,0,0,0,0,0,0,0,0,0,0,0,0,0,0,0,0,0,0,0,0,0,0,0,0,0,0,0,0,0
STAT,popedge,Iterations,108,7346261,66160,67156,66402,67795,68213,67662,65812,64400,69337,67629,66073,63419,67033,63775,68347,68195,66394,67791,66093,67576,67740,67540,67725,67220,66081,62576,65943,65576,65296,64979,69305,69182,67118,73025,69692,72673,66904,66482,64311,63260,65813,56354,65220,66456,69048,69479,67496,74060,71775,73396,70451,72550,75576,71557,79375,76624,78235,81856,78794,74917,75382,65442,67360,65966,64546,64516,66761,66151,66950,68715,67007,65422,63282,64277,66665,64587,68082,67525,66982,65076,66254,64892,66231,66493,65166,66832,63442,65654,65283,65301,68540,70280,69324,71997,69999,67980,71831,66200,65010,69627,72511,67562,62559,66690,71355,67502,73970,70160
STAT,refine,Conflicts,108,4553,116,113,98,95,99,86,86,72,81,84,65,79,68,62,75,60,52,64,60,67,61,67,64,53,64,50,50,47,46,50,44,40,44,47,44,43,38,34,47,52,44,46,44,44,54,39,47,37,29,33,33,37,33,40,39,25,32,24,22,34,34,31,37,22,24,25,20,30,31,26,39,24,30,27,17,28,17,21,24,27,21,25,27,24,28,27,28,25,21,27,30,28,28,27,25,23,20,27,25,22,32,21,25,25,26,29,27,23
STAT,refine,Iterations,108,130580,1133,1453,975,994,1126,1158,1461,1264,1252,1501,1153,1218,1021,794,914,1292,949,1162,1052,1084,870,949,1080,908,1470,1284,1112,1233,1101,1103,1023,1135,940,1335,856,1100,1086,925,1288,1085,1354,1191,1309,1597,1421,1014,1313,1719,1305,1697,1090,1479,1619,1937,1767,1560,1277,940,992,1151,1440,1325,1472,1200,1161,1263,776,1389,1347,1404,1606,1186,1212,1082,763,868,1260,936,1065,1366,977,1034,1262,1187,997,2027,1358,1110,994,1329,1237,1063,1204,1228,913,903,1226,1145,908,1095,871,1167,1156,1132,1605,1651,1796,1313
