Hello from MIC
Galois Benchmark Suite v2.2.0 (r0)
Copyright (C) 2013 The University of Texas at Austin
http://iss.ices.utexas.edu/galois/

application: GMetis
Partitions a graph into K parts and minimizing the graph cut
http://iss.ices.utexas.edu/?p=projects/galois/benchmarks/gMetis

INFO: CommandLine /work/02556/dpereira/MIC/apps/gmetis/gmetis -t=66 /work/02556/dpereira/Inputs/USA-road-d.W.gr 128
INFO: Hostname c557-903-mic0.stampede.tacc.utexas.edu
Created Graph with 6262104 nodes and 15248146 edges
Nodes 6262104| Edges 15248146 7624073

  Starting coarsening: 
Time coarsen:  2318 Size of final graph: 3040

  Sarting initial partitioning using GGGP:
Size in decade percentages:  -1,8 -0,115 1,5
Time clustering:  408

  Sarting refinnement with BKL2
Initial dist
Size in decade percentages:  -1,8 -0,115 1,5
Refined dist
Size in decade percentages:  -1,51 0,25 1,52
Time refinement:  806


Time:  3708
Total edge cut : 8509

Part saved in : 0x7fff53e7dee0
STATTYPE,LOOP,CATEGORY,n,sum,T0,T1,T2,T3,T4,T5,T6,T7,T8,T9,T10,T11,T12,T13,T14,T15,T16,T17,T18,T19,T20,T21,T22,T23,T24,T25,T26,T27,T28,T29,T30,T31,T32,T33,T34,T35,T36,T37,T38,T39,T40,T41,T42,T43,T44,T45,T46,T47,T48,T49,T50,T51,T52,T53,T54,T55,T56,T57,T58,T59,T60,T61,T62,T63,T64,T65
STAT,(NULL),Coarsen,66,2318,2318,0,0,0,0,0,0,0,0,0,0,0,0,0,0,0,0,0,0,0,0,0,0,0,0,0,0,0,0,0,0,0,0,0,0,0,0,0,0,0,0,0,0,0,0,0,0,0,0,0,0,0,0,0,0,0,0,0,0,0,0,0,0,0,0,0
STAT,(NULL),Conflicts,66,0,0,0,0,0,0,0,0,0,0,0,0,0,0,0,0,0,0,0,0,0,0,0,0,0,0,0,0,0,0,0,0,0,0,0,0,0,0,0,0,0,0,0,0,0,0,0,0,0,0,0,0,0,0,0,0,0,0,0,0,0,0,0,0,0,0,0
STAT,(NULL),Iterations,66,255,8,1,2,3,0,0,1,1,2,4,0,0,1,0,6,1,8,6,1,0,2,4,7,0,5,5,2,5,4,1,1,6,5,19,22,16,6,7,1,5,4,3,5,3,0,3,13,3,5,4,3,2,4,0,8,2,5,3,2,4,1,1,5,3,1,0
STAT,(NULL),MeminfoPost,66,756355,11470,11477,11444,11489,11539,11437,11481,11488,11439,11481,11432,11461,11488,11445,11485,11546,11433,11474,11488,11441,11478,11437,11466,11500,11459,11463,11446,11441,11450,11459,11436,11434,11487,11453,11461,11409,11474,11475,11441,11448,11419,11444,11430,11525,11465,11446,11433,11480,11448,11431,11418,11450,11531,11461,11433,11517,11509,11449,11438,11418,11463,11395,11446,11432,11465,11454
STAT,(NULL),MeminfoPre,66,189085,2875,2882,2849,2894,2944,2842,2886,2893,2844,2886,2837,2866,2893,2850,2890,2951,2838,2879,2893,2846,2883,2842,2871,2905,2864,2868,2851,2846,2855,2864,2841,2839,2892,2858,2866,2814,2879,2880,2846,2853,2824,2849,2835,2930,2870,2851,2838,2885,2853,2836,2823,2855,2936,2866,2838,2922,2914,2854,2843,2823,2868,2800,2851,2837,2870,2859
STAT,(NULL),Partition,66,408,408,0,0,0,0,0,0,0,0,0,0,0,0,0,0,0,0,0,0,0,0,0,0,0,0,0,0,0,0,0,0,0,0,0,0,0,0,0,0,0,0,0,0,0,0,0,0,0,0,0,0,0,0,0,0,0,0,0,0,0,0,0,0,0,0,0
STAT,(NULL),Refine,66,806,806,0,0,0,0,0,0,0,0,0,0,0,0,0,0,0,0,0,0,0,0,0,0,0,0,0,0,0,0,0,0,0,0,0,0,0,0,0,0,0,0,0,0,0,0,0,0,0,0,0,0,0,0,0,0,0,0,0,0,0,0,0,0,0,0,0
STAT,(NULL),Threads,66,66,66,0,0,0,0,0,0,0,0,0,0,0,0,0,0,0,0,0,0,0,0,0,0,0,0,0,0,0,0,0,0,0,0,0,0,0,0,0,0,0,0,0,0,0,0,0,0,0,0,0,0,0,0,0,0,0,0,0,0,0,0,0,0,0,0,0
STAT,(NULL),Time,66,3708,3708,0,0,0,0,0,0,0,0,0,0,0,0,0,0,0,0,0,0,0,0,0,0,0,0,0,0,0,0,0,0,0,0,0,0,0,0,0,0,0,0,0,0,0,0,0,0,0,0,0,0,0,0,0,0,0,0,0,0,0,0,0,0,0,0,0
STAT,match,Conflicts,66,5156,230,130,179,110,156,127,87,87,89,151,112,74,89,76,80,67,100,55,74,59,153,82,73,63,58,70,78,65,76,69,59,72,57,54,54,62,69,70,59,65,52,49,53,70,58,77,60,53,62,60,66,52,59,63,80,60,75,46,64,42,61,86,62,80,50,76
STAT,match,Iterations,66,14972742,194151,198860,202646,200913,196752,218784,220003,226824,237681,217225,225520,223344,219401,235458,216027,200344,226399,227676,234800,237361,230493,237913,219650,217502,234997,241326,229076,241722,240143,212082,236822,229756,228618,258927,229531,247834,232075,219528,238198,222048,240661,246222,244784,195188,223065,224297,229490,217815,232548,251798,221359,232165,222607,238169,222532,223275,225246,246815,238244,249282,235915,224321,212002,231495,221064,213973
STAT,popedge,Conflicts,66,0,0,0,0,0,0,0,0,0,0,0,0,0,0,0,0,0,0,0,0,0,0,0,0,0,0,0,0,0,0,0,0,0,0,0,0,0,0,0,0,0,0,0,0,0,0,0,0,0,0,0,0,0,0,0,0,0,0,0,0,0,0,0,0,0,0,0
STAT,popedge,Iterations,66,7337955,102965,99748,104293,100334,94549,118018,109988,107028,116599,115634,118176,114047,110879,111105,112204,108851,114269,108542,109478,113044,115066,114086,104387,104253,102175,105508,110520,113174,111443,100138,110401,111902,110141,111664,117316,121471,113691,114537,115239,118001,119391,114393,114283,111644,111617,114381,113154,110111,113901,114042,115430,112968,108154,105629,108817,116244,120441,123616,120977,120330,118199,100826,102581,102977,108035,100950
STAT,refine,Conflicts,66,3809,141,132,126,113,103,90,96,84,78,68,75,80,72,81,75,70,61,65,60,51,72,49,52,60,56,52,56,79,53,40,50,60,45,37,53,35,45,61,47,45,62,44,44,43,39,43,37,39,42,45,44,51,40,45,42,47,30,31,46,25,40,35,34,27,36,30
STAT,refine,Iterations,66,139562,1771,1808,1712,1979,2258,2271,2411,2802,1855,1819,1655,1956,2265,2127,2230,2547,2190,2294,2754,1917,1971,1916,1826,2217,2250,2063,1784,2288,2096,2035,1909,2372,2034,2131,2126,1857,2153,2330,2506,1961,2747,2105,2031,2108,2065,2038,2094,2647,2201,2235,2297,2258,2356,1834,1811,3120,2509,2136,1796,1808,2087,1501,1716,1535,1819,2262
