Hello from MIC
Galois Benchmark Suite v2.2.0 (r0)
Copyright (C) 2013 The University of Texas at Austin
http://iss.ices.utexas.edu/galois/

application: GMetis
Partitions a graph into K parts and minimizing the graph cut
http://iss.ices.utexas.edu/?p=projects/galois/benchmarks/gMetis

INFO: CommandLine /work/02556/dpereira/MIC/apps/gmetis/gmetis -t=238 /work/02556/dpereira/Inputs/USA-road-d.W.gr 16
INFO: Hostname c558-003-mic0.stampede.tacc.utexas.edu
Created Graph with 6262104 nodes and 15248146 edges
Nodes 6262104| Edges 15248146 7624073

  Starting coarsening: 
Time coarsen:  5162 Size of final graph: 453

  Sarting initial partitioning using GGGP:
Size in decade percentages:  -0,16
Time clustering:  381

  Sarting refinnement with BKL2
Initial dist
Size in decade percentages:  -0,16
Refined dist
Size in decade percentages:  -1,4 0,8 1,4
Time refinement:  3367


Time:  9090
Total edge cut : 1700

Part saved in : 0x7fff4c783ee0
STATTYPE,LOOP,CATEGORY,n,sum,T0,T1,T2,T3,T4,T5,T6,T7,T8,T9,T10,T11,T12,T13,T14,T15,T16,T17,T18,T19,T20,T21,T22,T23,T24,T25,T26,T27,T28,T29,T30,T31,T32,T33,T34,T35,T36,T37,T38,T39,T40,T41,T42,T43,T44,T45,T46,T47,T48,T49,T50,T51,T52,T53,T54,T55,T56,T57,T58,T59,T60,T61,T62,T63,T64,T65,T66,T67,T68,T69,T70,T71,T72,T73,T74,T75,T76,T77,T78,T79,T80,T81,T82,T83,T84,T85,T86,T87,T88,T89,T90,T91,T92,T93,T94,T95,T96,T97,T98,T99,T100,T101,T102,T103,T104,T105,T106,T107,T108,T109,T110,T111,T112,T113,T114,T115,T116,T117,T118,T119,T120,T121,T122,T123,T124,T125,T126,T127,T128,T129,T130,T131,T132,T133,T134,T135,T136,T137,T138,T139,T140,T141,T142,T143,T144,T145,T146,T147,T148,T149,T150,T151,T152,T153,T154,T155,T156,T157,T158,T159,T160,T161,T162,T163,T164,T165,T166,T167,T168,T169,T170,T171,T172,T173,T174,T175,T176,T177,T178,T179,T180,T181,T182,T183,T184,T185,T186,T187,T188,T189,T190,T191,T192,T193,T194,T195,T196,T197,T198,T199,T200,T201,T202,T203,T204,T205,T206,T207,T208,T209,T210,T211,T212,T213,T214,T215,T216,T217,T218,T219,T220,T221,T222,T223,T224,T225,T226,T227,T228,T229,T230,T231,T232,T233,T234,T235,T236,T237
STAT,(NULL),Coarsen,238,5162,5162,0,0,0,0,0,0,0,0,0,0,0,0,0,0,0,0,0,0,0,0,0,0,0,0,0,0,0,0,0,0,0,0,0,0,0,0,0,0,0,0,0,0,0,0,0,0,0,0,0,0,0,0,0,0,0,0,0,0,0,0,0,0,0,0,0,0,0,0,0,0,0,0,0,0,0,0,0,0,0,0,0,0,0,0,0,0,0,0,0,0,0,0,0,0,0,0,0,0,0,0,0,0,0,0,0,0,0,0,0,0,0,0,0,0,0,0,0,0,0,0,0,0,0,0,0,0,0,0,0,0,0,0,0,0,0,0,0,0,0,0,0,0,0,0,0,0,0,0,0,0,0,0,0,0,0,0,0,0,0,0,0,0,0,0,0,0,0,0,0,0,0,0,0,0,0,0,0,0,0,0,0,0,0,0,0,0,0,0,0,0,0,0,0,0,0,0,0,0,0,0,0,0,0,0,0,0,0,0,0,0,0,0,0,0,0,0,0,0,0,0,0,0,0,0,0,0,0,0,0,0,0,0,0,0,0,0,0
STAT,(NULL),Conflicts,238,0,0,0,0,0,0,0,0,0,0,0,0,0,0,0,0,0,0,0,0,0,0,0,0,0,0,0,0,0,0,0,0,0,0,0,0,0,0,0,0,0,0,0,0,0,0,0,0,0,0,0,0,0,0,0,0,0,0,0,0,0,0,0,0,0,0,0,0,0,0,0,0,0,0,0,0,0,0,0,0,0,0,0,0,0,0,0,0,0,0,0,0,0,0,0,0,0,0,0,0,0,0,0,0,0,0,0,0,0,0,0,0,0,0,0,0,0,0,0,0,0,0,0,0,0,0,0,0,0,0,0,0,0,0,0,0,0,0,0,0,0,0,0,0,0,0,0,0,0,0,0,0,0,0,0,0,0,0,0,0,0,0,0,0,0,0,0,0,0,0,0,0,0,0,0,0,0,0,0,0,0,0,0,0,0,0,0,0,0,0,0,0,0,0,0,0,0,0,0,0,0,0,0,0,0,0,0,0,0,0,0,0,0,0,0,0,0,0,0,0,0,0,0,0,0,0,0,0,0,0,0,0,0,0,0,0,0,0,0
STAT,(NULL),Iterations,238,31,5,0,0,0,0,0,0,0,0,0,0,0,0,0,0,0,0,0,0,0,0,0,0,0,0,0,0,0,0,0,0,0,0,0,0,0,0,1,1,0,2,0,0,0,0,0,0,0,0,0,0,0,1,0,0,1,0,0,0,0,0,0,0,0,0,0,0,0,0,0,0,0,2,0,0,0,0,0,0,0,0,0,0,0,0,0,0,0,0,0,0,0,0,0,0,0,0,0,0,0,0,0,0,0,0,0,0,0,0,0,0,0,1,0,0,0,0,3,0,0,0,0,0,0,0,0,0,0,0,0,0,2,0,0,0,0,0,0,0,0,0,0,0,0,0,1,0,0,0,0,0,0,0,0,0,0,0,0,0,0,0,0,0,0,0,1,0,0,0,0,0,0,2,0,0,0,0,0,0,0,0,0,1,4,0,0,0,0,0,0,0,0,0,0,0,0,0,0,0,0,0,0,0,0,0,0,0,0,0,0,0,0,0,0,0,0,0,0,0,0,0,0,0,3,0,0,0,0,0,0,0,0,0,0,0,0,0,0
STAT,(NULL),MeminfoPost,238,756768,3184,3179,3181,3184,3187,3193,3180,3176,3189,3168,3169,3186,3188,3193,3202,3229,3189,3177,3170,3179,3176,3172,3182,3185,3188,3193,3185,3185,3185,3179,3169,3176,3172,3184,3186,3190,3171,3174,3171,3176,3183,3175,3185,3186,3189,3188,3178,3177,3188,3172,3174,3182,3193,3189,3209,3226,3191,3171,3175,3173,3176,3178,3180,3186,3186,3196,3182,3187,3180,3182,3168,3175,3177,3188,3180,3196,3168,3169,3173,3179,3178,3188,3179,3176,3187,3207,3186,3176,3176,3191,3184,3179,3174,3191,3174,3170,3175,3174,3180,3181,3163,3165,3179,3185,3186,3188,3174,3170,3181,3172,3176,3168,3163,3172,3180,3170,3174,3200,3199,3189,3181,3167,3173,3174,3189,3185,3168,3166,3162,3165,3179,3184,3183,3188,3187,3191,3178,3177,3179,3165,3185,3174,3171,3177,3176,3166,3169,3162,3172,3170,3169,3188,3172,3165,3178,3191,3208,3199,3194,3191,3171,3173,3173,3193,3173,3165,3162,3171,3181,3181,3186,3190,3188,3174,3174,3171,3181,3174,3174,3170,3169,3163,3176,3164,3187,3167,3167,3191,3205,3196,3204,3196,3180,3172,3171,3171,3169,3174,3177,3196,3199,3205,3185,3199,3197,3185,3166,3173,3187,3172,3176,3182,3171,3171,3170,3158,3177,3165,3162,3218,3159,3163,3162,3175,3165,3167,3168,3187,3171,3170,3179,3180,3182,3179,3181,3179,3178,3175
STAT,(NULL),MeminfoPre,238,189138,799,794,796,799,802,808,795,791,804,783,784,801,803,808,817,844,804,792,785,794,791,787,797,800,803,808,800,800,800,794,784,791,787,799,801,805,786,789,786,791,798,790,800,801,804,803,793,792,803,787,789,797,808,804,824,841,806,786,790,788,791,793,795,801,801,811,797,802,795,797,783,790,792,803,795,811,783,784,788,794,793,803,794,791,802,822,801,791,791,806,799,794,789,806,789,785,790,789,795,796,778,780,794,800,801,803,789,785,796,787,791,783,778,787,795,785,789,815,814,804,796,782,788,789,804,800,783,781,777,780,794,799,798,803,802,806,793,792,794,780,800,789,786,792,791,781,784,777,787,785,784,803,787,780,793,806,823,814,809,806,786,788,788,808,788,780,777,786,796,796,801,805,803,789,789,786,796,789,789,785,784,778,791,779,802,782,782,806,820,811,819,811,795,787,786,786,784,789,792,811,814,820,800,814,812,800,781,788,802,787,791,797,786,786,785,773,792,780,777,833,774,778,777,790,780,782,783,802,786,785,794,795,797,794,796,794,793,790
STAT,(NULL),Partition,238,381,381,0,0,0,0,0,0,0,0,0,0,0,0,0,0,0,0,0,0,0,0,0,0,0,0,0,0,0,0,0,0,0,0,0,0,0,0,0,0,0,0,0,0,0,0,0,0,0,0,0,0,0,0,0,0,0,0,0,0,0,0,0,0,0,0,0,0,0,0,0,0,0,0,0,0,0,0,0,0,0,0,0,0,0,0,0,0,0,0,0,0,0,0,0,0,0,0,0,0,0,0,0,0,0,0,0,0,0,0,0,0,0,0,0,0,0,0,0,0,0,0,0,0,0,0,0,0,0,0,0,0,0,0,0,0,0,0,0,0,0,0,0,0,0,0,0,0,0,0,0,0,0,0,0,0,0,0,0,0,0,0,0,0,0,0,0,0,0,0,0,0,0,0,0,0,0,0,0,0,0,0,0,0,0,0,0,0,0,0,0,0,0,0,0,0,0,0,0,0,0,0,0,0,0,0,0,0,0,0,0,0,0,0,0,0,0,0,0,0,0,0,0,0,0,0,0,0,0,0,0,0,0,0,0,0,0,0,0
STAT,(NULL),Refine,238,3367,3367,0,0,0,0,0,0,0,0,0,0,0,0,0,0,0,0,0,0,0,0,0,0,0,0,0,0,0,0,0,0,0,0,0,0,0,0,0,0,0,0,0,0,0,0,0,0,0,0,0,0,0,0,0,0,0,0,0,0,0,0,0,0,0,0,0,0,0,0,0,0,0,0,0,0,0,0,0,0,0,0,0,0,0,0,0,0,0,0,0,0,0,0,0,0,0,0,0,0,0,0,0,0,0,0,0,0,0,0,0,0,0,0,0,0,0,0,0,0,0,0,0,0,0,0,0,0,0,0,0,0,0,0,0,0,0,0,0,0,0,0,0,0,0,0,0,0,0,0,0,0,0,0,0,0,0,0,0,0,0,0,0,0,0,0,0,0,0,0,0,0,0,0,0,0,0,0,0,0,0,0,0,0,0,0,0,0,0,0,0,0,0,0,0,0,0,0,0,0,0,0,0,0,0,0,0,0,0,0,0,0,0,0,0,0,0,0,0,0,0,0,0,0,0,0,0,0,0,0,0,0,0,0,0,0,0,0,0
STAT,(NULL),Threads,238,238,238,0,0,0,0,0,0,0,0,0,0,0,0,0,0,0,0,0,0,0,0,0,0,0,0,0,0,0,0,0,0,0,0,0,0,0,0,0,0,0,0,0,0,0,0,0,0,0,0,0,0,0,0,0,0,0,0,0,0,0,0,0,0,0,0,0,0,0,0,0,0,0,0,0,0,0,0,0,0,0,0,0,0,0,0,0,0,0,0,0,0,0,0,0,0,0,0,0,0,0,0,0,0,0,0,0,0,0,0,0,0,0,0,0,0,0,0,0,0,0,0,0,0,0,0,0,0,0,0,0,0,0,0,0,0,0,0,0,0,0,0,0,0,0,0,0,0,0,0,0,0,0,0,0,0,0,0,0,0,0,0,0,0,0,0,0,0,0,0,0,0,0,0,0,0,0,0,0,0,0,0,0,0,0,0,0,0,0,0,0,0,0,0,0,0,0,0,0,0,0,0,0,0,0,0,0,0,0,0,0,0,0,0,0,0,0,0,0,0,0,0,0,0,0,0,0,0,0,0,0,0,0,0,0,0,0,0,0
STAT,(NULL),Time,238,9090,9090,0,0,0,0,0,0,0,0,0,0,0,0,0,0,0,0,0,0,0,0,0,0,0,0,0,0,0,0,0,0,0,0,0,0,0,0,0,0,0,0,0,0,0,0,0,0,0,0,0,0,0,0,0,0,0,0,0,0,0,0,0,0,0,0,0,0,0,0,0,0,0,0,0,0,0,0,0,0,0,0,0,0,0,0,0,0,0,0,0,0,0,0,0,0,0,0,0,0,0,0,0,0,0,0,0,0,0,0,0,0,0,0,0,0,0,0,0,0,0,0,0,0,0,0,0,0,0,0,0,0,0,0,0,0,0,0,0,0,0,0,0,0,0,0,0,0,0,0,0,0,0,0,0,0,0,0,0,0,0,0,0,0,0,0,0,0,0,0,0,0,0,0,0,0,0,0,0,0,0,0,0,0,0,0,0,0,0,0,0,0,0,0,0,0,0,0,0,0,0,0,0,0,0,0,0,0,0,0,0,0,0,0,0,0,0,0,0,0,0,0,0,0,0,0,0,0,0,0,0,0,0,0,0,0,0,0,0
STAT,match,Conflicts,238,6554,48,48,42,35,45,33,44,44,41,40,46,39,37,43,44,40,36,35,32,43,45,48,36,41,36,42,34,43,48,46,38,36,32,36,34,26,36,30,42,30,39,32,30,34,23,24,36,34,35,29,36,29,36,32,30,30,39,26,29,46,28,26,27,28,21,22,22,29,27,23,20,22,21,24,24,24,31,30,24,19,23,26,21,22,26,26,21,18,21,25,22,23,23,19,22,26,25,26,24,26,24,28,25,24,21,22,21,29,26,30,22,25,21,18,32,27,27,28,19,26,26,20,23,23,23,18,22,27,26,26,23,20,27,23,28,23,17,28,23,24,23,29,18,32,19,27,22,25,29,21,21,22,32,23,23,21,23,30,28,20,20,23,27,26,33,26,22,17,29,20,33,24,25,26,21,28,24,22,30,24,21,23,25,27,22,22,19,24,20,30,29,29,21,27,19,19,24,21,30,29,29,27,24,18,22,24,20,25,27,15,22,21,31,22,23,25,27,26,23,29,28,32,23,33,22,27,24,18,22,21,18,32,28,26,22,30,29,25
STAT,match,Iterations,238,15060181,40506,46087,61014,41157,50771,42514,40743,47607,52065,47344,44763,52055,52731,52777,47445,40939,62478,49549,55738,50210,32959,41060,49645,53902,69677,45571,45100,39489,42358,41959,58083,51729,59478,58002,45428,57307,47245,45314,55682,46900,67280,57935,71623,40197,68106,45584,65838,49558,66063,56604,70127,46176,40117,62784,62666,57343,62513,69673,50532,44232,68139,69590,71276,62225,69058,63175,60238,61017,61606,71526,82453,68014,63737,58403,82671,67787,69055,66389,73186,76864,59875,66275,80102,74034,64841,77362,59527,70842,67256,58566,81276,56179,76131,54783,68256,65359,77024,42565,51818,81302,65367,61295,67246,68232,59699,53068,64531,68995,59457,86385,59949,77741,72671,84828,64974,57519,55145,75261,56387,73527,74525,78974,58508,52562,66877,66166,70773,63442,84426,70962,78513,70023,62144,55561,80086,64037,68991,63358,78301,50426,74527,50471,70226,59493,52515,75231,67330,69743,64388,65816,72818,76583,58385,64011,63154,59826,61594,55760,77543,53894,82539,70513,77725,66863,71657,49560,42328,58959,71867,64510,75797,51646,69858,65925,60307,75117,62194,70490,87976,85219,85089,72269,76368,67540,64424,53965,71486,52083,70001,57352,53299,60044,68926,66962,83944,57126,70177,70962,63534,78327,66648,65622,51031,54381,90581,69233,84663,65786,76139,72723,76581,73620,50141,74106,54783,57715,57899,63004,71166,65532,90427,49405,63435,71974,51791,56720,74501,66161,61399,74754,73056,66233,74458,64492,73882,59975,75775,61107
STAT,popedge,Conflicts,238,0,0,0,0,0,0,0,0,0,0,0,0,0,0,0,0,0,0,0,0,0,0,0,0,0,0,0,0,0,0,0,0,0,0,0,0,0,0,0,0,0,0,0,0,0,0,0,0,0,0,0,0,0,0,0,0,0,0,0,0,0,0,0,0,0,0,0,0,0,0,0,0,0,0,0,0,0,0,0,0,0,0,0,0,0,0,0,0,0,0,0,0,0,0,0,0,0,0,0,0,0,0,0,0,0,0,0,0,0,0,0,0,0,0,0,0,0,0,0,0,0,0,0,0,0,0,0,0,0,0,0,0,0,0,0,0,0,0,0,0,0,0,0,0,0,0,0,0,0,0,0,0,0,0,0,0,0,0,0,0,0,0,0,0,0,0,0,0,0,0,0,0,0,0,0,0,0,0,0,0,0,0,0,0,0,0,0,0,0,0,0,0,0,0,0,0,0,0,0,0,0,0,0,0,0,0,0,0,0,0,0,0,0,0,0,0,0,0,0,0,0,0,0,0,0,0,0,0,0,0,0,0,0,0,0,0,0,0,0
STAT,popedge,Iterations,238,7377706,30160,29821,31470,29387,29310,29409,30518,30268,27953,30361,30929,31248,29274,30961,29849,30851,29225,30547,31510,32035,29696,31716,29653,31620,30287,29134,29992,32172,30775,29884,29095,30447,29745,30424,31761,30648,30203,29613,32622,30456,30551,30231,31901,30395,29307,30153,31217,29686,30453,29827,31038,30298,29611,30462,31836,32120,33406,35154,35868,38078,34525,30027,28423,31653,31190,28937,29506,30700,29807,31509,30313,31978,29233,29864,31006,29574,31430,30413,31591,32282,30078,28837,30835,31287,31286,29127,29433,29041,29846,31849,30208,31315,30162,30657,29138,32525,32757,30466,31189,30722,31909,31148,30082,31295,31030,30004,30069,31715,30494,30254,31523,30316,30315,31803,30599,29421,33781,32589,35368,34672,34390,32453,31286,30772,29089,29792,30398,28475,31026,29382,30979,31465,31287,32035,30432,30817,28437,30867,30605,33167,30561,29557,30810,30952,32325,28659,31428,32305,32618,29027,31017,30686,30955,30098,31490,30017,30898,31478,30626,29753,32369,30255,31396,33176,31332,31797,31644,30095,31094,31033,31256,30238,31022,28797,30404,32931,28886,36554,31432,35796,36079,35342,33389,29552,28448,30600,30124,29355,30031,31861,29673,32167,30230,30485,31995,29187,30741,29354,32014,30485,31708,31971,32208,31136,29970,31145,32085,33193,29654,29903,32459,30654,32296,32188,32514,31608,29867,31847,29883,30302,29573,34107,32106,31297,31695,33926,30118,29851,29213,31968,29478,32980,32149,32705,30483,31923,32529,30254
STAT,refine,Conflicts,238,6079,108,107,109,107,81,99,96,98,75,72,70,75,79,78,87,67,66,66,54,60,63,60,53,59,59,65,62,57,71,64,53,30,32,44,23,49,36,20,32,30,32,41,36,44,30,44,40,37,38,41,37,38,52,43,36,34,52,41,34,49,34,14,13,11,23,13,7,15,10,11,14,8,7,14,17,15,8,17,21,14,17,12,9,14,10,22,19,15,16,15,15,20,12,7,15,16,19,17,10,17,12,14,16,5,14,8,16,15,21,20,14,10,16,18,13,11,20,16,11,17,25,14,18,10,10,11,15,16,21,12,13,18,16,18,22,16,15,9,25,17,8,18,8,13,11,20,16,17,14,13,17,21,14,8,12,14,7,21,13,8,13,10,8,12,19,22,10,16,13,11,17,16,13,16,20,22,13,25,22,30,24,25,15,9,15,14,11,11,19,18,17,9,30,16,17,9,16,18,11,12,14,14,12,12,15,13,14,14,12,14,9,8,11,18,8,16,14,10,15,24,9,10,17,9,15,5,21,21,22,21,14,11,17,18,22,28,25,4
STAT,refine,Iterations,238,38032,304,339,339,266,253,249,314,294,278,262,280,222,222,352,269,212,312,230,192,164,177,224,231,242,268,217,206,176,251,164,187,82,85,174,89,204,143,84,121,121,190,117,201,173,99,150,236,193,212,190,288,145,268,258,239,136,281,197,133,202,200,151,134,142,129,83,63,95,115,128,159,88,94,170,166,150,158,164,109,119,132,97,130,157,138,170,169,111,155,155,136,135,100,58,137,85,153,118,64,154,109,115,112,131,161,52,106,137,188,237,129,227,137,229,185,127,132,159,153,172,216,122,144,163,78,101,142,132,168,143,104,122,145,145,135,145,133,153,191,132,107,103,131,137,116,173,141,179,122,127,175,140,142,63,77,125,45,181,153,71,108,68,125,92,209,199,62,114,162,154,285,153,253,191,196,237,173,178,218,205,153,155,167,136,118,164,73,77,159,135,121,101,181,224,167,64,183,155,171,159,108,120,63,73,126,135,180,132,153,83,123,142,115,204,54,108,178,85,156,156,74,80,83,120,109,141,285,111,97,161,142,248,189,299,279,341,258,78
