Hello from MIC
Galois Benchmark Suite v2.2.0 (r0)
Copyright (C) 2013 The University of Texas at Austin
http://iss.ices.utexas.edu/galois/

application: GMetis
Partitions a graph into K parts and minimizing the graph cut
http://iss.ices.utexas.edu/?p=projects/galois/benchmarks/gMetis

INFO: CommandLine /work/02556/dpereira/MIC/apps/gmetis/gmetis -t=108 /work/02556/dpereira/Inputs/USA-road-d.W.gr 1024
INFO: Hostname c558-401-mic0.stampede.tacc.utexas.edu
Created Graph with 6262104 nodes and 15248146 edges
Nodes 6262104| Edges 15248146 7624073

  Starting coarsening: 
Time coarsen:  2132 Size of final graph: 21608

  Sarting initial partitioning using GGGP:
Size in decade percentages:  -1,71 -0,881 1,72
Time clustering:  865

  Sarting refinnement with BKL2
Initial dist
Size in decade percentages:  -1,71 -0,881 1,72
Refined dist
Size in decade percentages:  -1,368 0,286 1,369 3,1
Time refinement:  1091


Time:  4267
Total edge cut : 31082

Part saved in : 0x7fff3f8ce8e0
STATTYPE,LOOP,CATEGORY,n,sum,T0,T1,T2,T3,T4,T5,T6,T7,T8,T9,T10,T11,T12,T13,T14,T15,T16,T17,T18,T19,T20,T21,T22,T23,T24,T25,T26,T27,T28,T29,T30,T31,T32,T33,T34,T35,T36,T37,T38,T39,T40,T41,T42,T43,T44,T45,T46,T47,T48,T49,T50,T51,T52,T53,T54,T55,T56,T57,T58,T59,T60,T61,T62,T63,T64,T65,T66,T67,T68,T69,T70,T71,T72,T73,T74,T75,T76,T77,T78,T79,T80,T81,T82,T83,T84,T85,T86,T87,T88,T89,T90,T91,T92,T93,T94,T95,T96,T97,T98,T99,T100,T101,T102,T103,T104,T105,T106,T107
STAT,(NULL),Coarsen,108,2132,2132,0,0,0,0,0,0,0,0,0,0,0,0,0,0,0,0,0,0,0,0,0,0,0,0,0,0,0,0,0,0,0,0,0,0,0,0,0,0,0,0,0,0,0,0,0,0,0,0,0,0,0,0,0,0,0,0,0,0,0,0,0,0,0,0,0,0,0,0,0,0,0,0,0,0,0,0,0,0,0,0,0,0,0,0,0,0,0,0,0,0,0,0,0,0,0,0,0,0,0,0,0,0,0,0,0,0,0
STAT,(NULL),Conflicts,108,0,0,0,0,0,0,0,0,0,0,0,0,0,0,0,0,0,0,0,0,0,0,0,0,0,0,0,0,0,0,0,0,0,0,0,0,0,0,0,0,0,0,0,0,0,0,0,0,0,0,0,0,0,0,0,0,0,0,0,0,0,0,0,0,0,0,0,0,0,0,0,0,0,0,0,0,0,0,0,0,0,0,0,0,0,0,0,0,0,0,0,0,0,0,0,0,0,0,0,0,0,0,0,0,0,0,0,0,0
STAT,(NULL),Iterations,108,2047,11,20,14,26,16,22,8,14,12,19,15,19,10,18,12,13,16,21,21,20,10,19,17,27,19,13,7,18,20,12,8,17,14,20,22,18,27,12,18,24,10,17,28,26,26,31,32,17,23,29,26,19,36,33,19,16,36,23,34,23,11,14,13,14,15,11,22,19,19,12,19,21,21,16,16,6,18,12,11,15,24,27,18,20,11,26,9,14,13,17,16,14,22,14,19,29,21,22,19,27,21,16,23,22,27,17,36,25
STAT,(NULL),MeminfoPost,108,756567,7005,7021,7023,7008,6983,7026,7061,7042,6988,6996,7017,7034,7006,6995,6996,7016,7008,6986,7004,7016,7025,7006,6985,7025,7052,7055,6991,6990,7014,7037,7012,6994,6992,7018,7009,6987,7010,7005,7033,7012,7018,7001,7009,6990,7002,6980,6997,7023,6992,6998,6982,6981,6996,7047,7011,6986,7021,6978,6971,7009,7017,7029,7000,6993,6991,6994,6972,6986,6999,6979,7029,7048,7019,6988,7008,6971,7005,7021,7009,6997,6989,6989,6981,6994,6986,7048,7046,7006,6984,6992,7033,7040,7042,6995,7015,6988,6997,6970,6987,7013,6970,6982,6977,7003,6993,7010,7009,6998
STAT,(NULL),MeminfoPre,108,189135,1751,1767,1769,1754,1729,1772,1807,1788,1734,1742,1763,1780,1752,1741,1742,1762,1754,1732,1750,1762,1771,1752,1731,1771,1798,1801,1737,1736,1760,1783,1758,1740,1738,1764,1755,1733,1756,1751,1779,1758,1764,1747,1755,1736,1748,1726,1743,1769,1738,1744,1728,1727,1742,1793,1757,1732,1767,1724,1717,1755,1763,1775,1746,1739,1737,1740,1718,1732,1745,1725,1775,1794,1765,1734,1754,1717,1751,1767,1755,1743,1735,1735,1727,1740,1732,1794,1792,1752,1730,1738,1779,1786,1788,1741,1761,1734,1743,1716,1733,1759,1716,1728,1723,1749,1739,1756,1755,1744
STAT,(NULL),Partition,108,865,865,0,0,0,0,0,0,0,0,0,0,0,0,0,0,0,0,0,0,0,0,0,0,0,0,0,0,0,0,0,0,0,0,0,0,0,0,0,0,0,0,0,0,0,0,0,0,0,0,0,0,0,0,0,0,0,0,0,0,0,0,0,0,0,0,0,0,0,0,0,0,0,0,0,0,0,0,0,0,0,0,0,0,0,0,0,0,0,0,0,0,0,0,0,0,0,0,0,0,0,0,0,0,0,0,0,0,0
STAT,(NULL),Refine,108,1091,1091,0,0,0,0,0,0,0,0,0,0,0,0,0,0,0,0,0,0,0,0,0,0,0,0,0,0,0,0,0,0,0,0,0,0,0,0,0,0,0,0,0,0,0,0,0,0,0,0,0,0,0,0,0,0,0,0,0,0,0,0,0,0,0,0,0,0,0,0,0,0,0,0,0,0,0,0,0,0,0,0,0,0,0,0,0,0,0,0,0,0,0,0,0,0,0,0,0,0,0,0,0,0,0,0,0,0,0
STAT,(NULL),Threads,108,108,108,0,0,0,0,0,0,0,0,0,0,0,0,0,0,0,0,0,0,0,0,0,0,0,0,0,0,0,0,0,0,0,0,0,0,0,0,0,0,0,0,0,0,0,0,0,0,0,0,0,0,0,0,0,0,0,0,0,0,0,0,0,0,0,0,0,0,0,0,0,0,0,0,0,0,0,0,0,0,0,0,0,0,0,0,0,0,0,0,0,0,0,0,0,0,0,0,0,0,0,0,0,0,0,0,0,0,0
STAT,(NULL),Time,108,4267,4267,0,0,0,0,0,0,0,0,0,0,0,0,0,0,0,0,0,0,0,0,0,0,0,0,0,0,0,0,0,0,0,0,0,0,0,0,0,0,0,0,0,0,0,0,0,0,0,0,0,0,0,0,0,0,0,0,0,0,0,0,0,0,0,0,0,0,0,0,0,0,0,0,0,0,0,0,0,0,0,0,0,0,0,0,0,0,0,0,0,0,0,0,0,0,0,0,0,0,0,0,0,0,0,0,0,0,0
STAT,match,Conflicts,108,5688,108,94,76,89,62,76,78,83,75,63,81,76,70,60,70,62,58,71,75,56,63,61,62,59,69,71,52,53,69,41,56,38,72,63,55,58,60,50,55,55,61,63,58,57,67,55,60,41,58,41,40,48,42,51,41,52,49,36,42,32,38,45,42,28,37,46,40,38,46,52,46,52,34,46,33,45,48,37,41,60,48,34,37,39,27,38,52,38,42,36,45,44,35,58,43,55,28,47,52,36,46,46,43,45,41,42,45,53
STAT,match,Iterations,108,14944407,106107,107896,112584,128375,128508,123112,123861,113983,128747,123439,129584,115413,112843,137009,144512,120844,114076,115419,123556,136066,130229,115526,129281,126060,106476,116286,137193,117082,124453,129500,124814,141893,143832,127105,138253,138397,128201,140330,132392,136396,138344,131789,139216,135411,131823,131682,134065,149768,163154,166718,168898,155233,159983,150322,160317,150521,146591,166998,150402,167857,142993,121459,125243,150142,144187,157482,155944,135848,146221,144950,136554,141175,152033,139726,138830,156638,146611,132286,140596,141278,145256,144406,151076,147629,153010,136169,134451,152286,146845,150377,122360,148095,155677,142631,149066,146220,155776,157723,134489,139875,144078,161195,148202,152158,144367,151496,133126,117447
STAT,popedge,Conflicts,108,0,0,0,0,0,0,0,0,0,0,0,0,0,0,0,0,0,0,0,0,0,0,0,0,0,0,0,0,0,0,0,0,0,0,0,0,0,0,0,0,0,0,0,0,0,0,0,0,0,0,0,0,0,0,0,0,0,0,0,0,0,0,0,0,0,0,0,0,0,0,0,0,0,0,0,0,0,0,0,0,0,0,0,0,0,0,0,0,0,0,0,0,0,0,0,0,0,0,0,0,0,0,0,0,0,0,0,0,0
STAT,popedge,Iterations,108,7323127,66668,67274,68262,67798,66790,67657,65588,66629,68669,65991,64518,63482,68886,66288,65715,66227,63023,68921,65778,65298,65917,68465,68330,67132,65417,63337,66337,66530,65988,63549,67078,64330,66800,70136,68598,69240,67043,63329,62886,63837,64364,64227,66450,68184,65667,70765,67704,71772,74250,74246,74056,72559,76303,75637,77425,80391,79344,78427,80214,75710,75420,66366,64979,65050,63872,62661,66832,65932,65242,68472,65977,65557,61080,66661,69719,63322,65160,60975,66459,66226,64683,66051,67467,66591,66859,64076,63781,63352,63715,65427,67962,67675,69709,71726,69757,69231,69859,67432,67953,68624,71693,65528,66608,67491,71323,67868,72459,70829
STAT,refine,Conflicts,108,4312,88,83,80,70,72,70,76,70,59,61,64,60,63,65,72,63,50,52,44,59,56,49,60,47,59,49,46,39,51,51,64,50,61,32,33,35,42,31,56,39,43,40,45,37,34,42,38,36,37,34,47,37,35,46,29,38,29,39,31,41,33,22,26,33,31,24,40,19,24,20,22,33,19,23,25,21,28,26,25,28,25,32,26,26,29,26,30,25,24,42,29,39,30,27,24,16,27,30,24,29,28,31,27,27,22,20,25,21
STAT,refine,Iterations,108,421241,3023,3536,2956,3137,3005,3898,4565,4309,2765,3623,3741,3044,2928,3786,3541,3496,3530,3088,3057,3780,3655,2980,3746,3795,4725,4949,3216,2938,3855,4403,3941,4874,3561,4148,3579,3174,3803,3325,4320,3984,4333,3846,4212,3787,3314,4078,3771,4741,4408,4348,4903,4824,4848,5885,4856,4936,5191,3569,3764,5077,4360,3557,3518,3762,3031,3543,4010,3993,4981,2987,4175,4422,3277,3017,3769,2987,3650,4116,3411,3557,3439,3798,3697,4536,4012,4686,4811,3490,3142,4337,4705,4095,4721,3426,4349,3332,3963,4194,2886,4324,3644,5129,4497,3998,3860,3547,4518,3512
