Hello from MIC
Galois Benchmark Suite v2.2.0 (r0)
Copyright (C) 2013 The University of Texas at Austin
http://iss.ices.utexas.edu/galois/

application: GMetis
Partitions a graph into K parts and minimizing the graph cut
http://iss.ices.utexas.edu/?p=projects/galois/benchmarks/gMetis

INFO: CommandLine /work/02556/dpereira/MIC/apps/gmetis/gmetis -t=237 /work/02556/dpereira/Inputs/USA-road-d.W.gr 16
INFO: Hostname c558-003-mic0.stampede.tacc.utexas.edu
Created Graph with 6262104 nodes and 15248146 edges
Nodes 6262104| Edges 15248146 7624073

  Starting coarsening: 
Time coarsen:  5297 Size of final graph: 449

  Sarting initial partitioning using GGGP:
Size in decade percentages:  -0,16
Time clustering:  376

  Sarting refinnement with BKL2
Initial dist
Size in decade percentages:  -0,16
Refined dist
Size in decade percentages:  -1,5 0,5 1,6
Time refinement:  3007


Time:  8859
Total edge cut : 1471

Part saved in : 0x7fff4479c060
STATTYPE,LOOP,CATEGORY,n,sum,T0,T1,T2,T3,T4,T5,T6,T7,T8,T9,T10,T11,T12,T13,T14,T15,T16,T17,T18,T19,T20,T21,T22,T23,T24,T25,T26,T27,T28,T29,T30,T31,T32,T33,T34,T35,T36,T37,T38,T39,T40,T41,T42,T43,T44,T45,T46,T47,T48,T49,T50,T51,T52,T53,T54,T55,T56,T57,T58,T59,T60,T61,T62,T63,T64,T65,T66,T67,T68,T69,T70,T71,T72,T73,T74,T75,T76,T77,T78,T79,T80,T81,T82,T83,T84,T85,T86,T87,T88,T89,T90,T91,T92,T93,T94,T95,T96,T97,T98,T99,T100,T101,T102,T103,T104,T105,T106,T107,T108,T109,T110,T111,T112,T113,T114,T115,T116,T117,T118,T119,T120,T121,T122,T123,T124,T125,T126,T127,T128,T129,T130,T131,T132,T133,T134,T135,T136,T137,T138,T139,T140,T141,T142,T143,T144,T145,T146,T147,T148,T149,T150,T151,T152,T153,T154,T155,T156,T157,T158,T159,T160,T161,T162,T163,T164,T165,T166,T167,T168,T169,T170,T171,T172,T173,T174,T175,T176,T177,T178,T179,T180,T181,T182,T183,T184,T185,T186,T187,T188,T189,T190,T191,T192,T193,T194,T195,T196,T197,T198,T199,T200,T201,T202,T203,T204,T205,T206,T207,T208,T209,T210,T211,T212,T213,T214,T215,T216,T217,T218,T219,T220,T221,T222,T223,T224,T225,T226,T227,T228,T229,T230,T231,T232,T233,T234,T235,T236
STAT,(NULL),Coarsen,237,5297,5297,0,0,0,0,0,0,0,0,0,0,0,0,0,0,0,0,0,0,0,0,0,0,0,0,0,0,0,0,0,0,0,0,0,0,0,0,0,0,0,0,0,0,0,0,0,0,0,0,0,0,0,0,0,0,0,0,0,0,0,0,0,0,0,0,0,0,0,0,0,0,0,0,0,0,0,0,0,0,0,0,0,0,0,0,0,0,0,0,0,0,0,0,0,0,0,0,0,0,0,0,0,0,0,0,0,0,0,0,0,0,0,0,0,0,0,0,0,0,0,0,0,0,0,0,0,0,0,0,0,0,0,0,0,0,0,0,0,0,0,0,0,0,0,0,0,0,0,0,0,0,0,0,0,0,0,0,0,0,0,0,0,0,0,0,0,0,0,0,0,0,0,0,0,0,0,0,0,0,0,0,0,0,0,0,0,0,0,0,0,0,0,0,0,0,0,0,0,0,0,0,0,0,0,0,0,0,0,0,0,0,0,0,0,0,0,0,0,0,0,0,0,0,0,0,0,0,0,0,0,0,0,0,0,0,0,0
STAT,(NULL),Conflicts,237,0,0,0,0,0,0,0,0,0,0,0,0,0,0,0,0,0,0,0,0,0,0,0,0,0,0,0,0,0,0,0,0,0,0,0,0,0,0,0,0,0,0,0,0,0,0,0,0,0,0,0,0,0,0,0,0,0,0,0,0,0,0,0,0,0,0,0,0,0,0,0,0,0,0,0,0,0,0,0,0,0,0,0,0,0,0,0,0,0,0,0,0,0,0,0,0,0,0,0,0,0,0,0,0,0,0,0,0,0,0,0,0,0,0,0,0,0,0,0,0,0,0,0,0,0,0,0,0,0,0,0,0,0,0,0,0,0,0,0,0,0,0,0,0,0,0,0,0,0,0,0,0,0,0,0,0,0,0,0,0,0,0,0,0,0,0,0,0,0,0,0,0,0,0,0,0,0,0,0,0,0,0,0,0,0,0,0,0,0,0,0,0,0,0,0,0,0,0,0,0,0,0,0,0,0,0,0,0,0,0,0,0,0,0,0,0,0,0,0,0,0,0,0,0,0,0,0,0,0,0,0,0,0,0,0,0,0,0
STAT,(NULL),Iterations,237,31,5,0,0,0,0,0,0,0,0,0,0,0,0,0,0,0,0,0,0,0,0,0,2,0,0,0,0,0,0,0,0,0,0,0,0,0,0,0,0,0,2,0,0,0,0,2,0,0,0,0,0,0,0,0,0,0,0,0,0,0,0,0,0,0,0,0,0,0,0,0,0,0,0,0,0,0,0,0,0,0,0,0,0,0,0,0,0,0,0,0,0,0,0,0,0,0,0,0,0,0,0,0,0,0,4,1,0,1,0,0,0,0,0,0,0,0,0,0,0,0,0,0,0,0,0,3,0,0,0,0,0,0,0,0,0,1,0,0,0,0,0,0,0,0,0,0,0,0,0,0,0,0,0,0,0,0,0,0,0,0,0,0,0,0,0,0,0,0,0,0,0,0,0,0,0,0,0,1,1,0,0,0,0,1,0,0,0,0,0,0,0,0,0,0,1,0,0,0,0,0,0,0,0,0,0,0,0,0,0,0,0,0,1,0,0,0,0,0,0,0,0,0,0,0,0,0,3,0,0,0,0,0,0,0,0,2,0
STAT,(NULL),MeminfoPost,237,757395,3201,3195,3198,3199,3204,3209,3195,3192,3204,3186,3186,3199,3209,3206,3220,3245,3206,3189,3190,3191,3191,3195,3193,3204,3202,3212,3198,3201,3200,3196,3184,3191,3192,3205,3196,3212,3185,3184,3188,3194,3197,3188,3203,3209,3201,3201,3199,3189,3203,3185,3204,3191,3210,3200,3244,3224,3210,3181,3196,3188,3191,3195,3204,3196,3209,3216,3185,3208,3199,3184,3188,3191,3191,3206,3213,3190,3189,3185,3190,3194,3198,3206,3195,3193,3203,3225,3195,3190,3199,3209,3198,3191,3195,3203,3187,3195,3186,3188,3207,3183,3179,3188,3196,3202,3203,3197,3192,3188,3193,3190,3187,3181,3189,3181,3199,3183,3204,3220,3216,3198,3183,3188,3188,3189,3219,3187,3183,3176,3180,3191,3197,3199,3204,3201,3204,3208,3189,3196,3183,3190,3200,3189,3190,3190,3188,3182,3181,3179,3197,3176,3210,3185,3184,3182,3212,3212,3221,3209,3215,3194,3186,3189,3201,3198,3183,3177,3182,3196,3197,3204,3205,3204,3190,3192,3188,3195,3189,3190,3193,3182,3179,3191,3178,3204,3184,3179,3207,3219,3213,3218,3213,3197,3193,3187,3190,3180,3190,3197,3205,3219,3217,3206,3207,3217,3202,3186,3189,3199,3193,3189,3203,3185,3190,3187,3170,3193,3179,3183,3225,3180,3179,3178,3191,3183,3183,3181,3206,3187,3187,3194,3196,3197,3195,3197,3195,3194,3191
STAT,(NULL),MeminfoPre,237,189306,804,798,801,802,807,812,798,795,807,789,789,802,812,809,823,848,809,792,793,794,794,798,796,807,805,815,801,804,803,799,787,794,795,808,799,815,788,787,791,797,800,791,806,812,804,804,802,792,806,788,807,794,813,803,847,827,813,784,799,791,794,798,807,799,812,819,788,811,802,787,791,794,794,809,816,793,792,788,793,797,801,809,798,796,806,828,798,793,802,812,801,794,798,806,790,798,789,791,810,786,782,791,799,805,806,800,795,791,796,793,790,784,792,784,802,786,807,823,819,801,786,791,791,792,822,790,786,779,783,794,800,802,807,804,807,811,792,799,786,793,803,792,793,793,791,785,784,782,800,779,813,788,787,785,815,815,824,812,818,797,789,792,804,801,786,780,785,799,800,807,808,807,793,795,791,798,792,793,796,785,782,794,781,807,787,782,810,822,816,821,816,800,796,790,793,783,793,800,808,822,820,809,810,820,805,789,792,802,796,792,806,788,793,790,773,796,782,786,828,783,782,781,794,786,786,784,809,790,790,797,799,800,798,800,798,797,794
STAT,(NULL),Partition,237,376,376,0,0,0,0,0,0,0,0,0,0,0,0,0,0,0,0,0,0,0,0,0,0,0,0,0,0,0,0,0,0,0,0,0,0,0,0,0,0,0,0,0,0,0,0,0,0,0,0,0,0,0,0,0,0,0,0,0,0,0,0,0,0,0,0,0,0,0,0,0,0,0,0,0,0,0,0,0,0,0,0,0,0,0,0,0,0,0,0,0,0,0,0,0,0,0,0,0,0,0,0,0,0,0,0,0,0,0,0,0,0,0,0,0,0,0,0,0,0,0,0,0,0,0,0,0,0,0,0,0,0,0,0,0,0,0,0,0,0,0,0,0,0,0,0,0,0,0,0,0,0,0,0,0,0,0,0,0,0,0,0,0,0,0,0,0,0,0,0,0,0,0,0,0,0,0,0,0,0,0,0,0,0,0,0,0,0,0,0,0,0,0,0,0,0,0,0,0,0,0,0,0,0,0,0,0,0,0,0,0,0,0,0,0,0,0,0,0,0,0,0,0,0,0,0,0,0,0,0,0,0,0,0,0,0,0,0
STAT,(NULL),Refine,237,3007,3007,0,0,0,0,0,0,0,0,0,0,0,0,0,0,0,0,0,0,0,0,0,0,0,0,0,0,0,0,0,0,0,0,0,0,0,0,0,0,0,0,0,0,0,0,0,0,0,0,0,0,0,0,0,0,0,0,0,0,0,0,0,0,0,0,0,0,0,0,0,0,0,0,0,0,0,0,0,0,0,0,0,0,0,0,0,0,0,0,0,0,0,0,0,0,0,0,0,0,0,0,0,0,0,0,0,0,0,0,0,0,0,0,0,0,0,0,0,0,0,0,0,0,0,0,0,0,0,0,0,0,0,0,0,0,0,0,0,0,0,0,0,0,0,0,0,0,0,0,0,0,0,0,0,0,0,0,0,0,0,0,0,0,0,0,0,0,0,0,0,0,0,0,0,0,0,0,0,0,0,0,0,0,0,0,0,0,0,0,0,0,0,0,0,0,0,0,0,0,0,0,0,0,0,0,0,0,0,0,0,0,0,0,0,0,0,0,0,0,0,0,0,0,0,0,0,0,0,0,0,0,0,0,0,0,0,0
STAT,(NULL),Threads,237,237,237,0,0,0,0,0,0,0,0,0,0,0,0,0,0,0,0,0,0,0,0,0,0,0,0,0,0,0,0,0,0,0,0,0,0,0,0,0,0,0,0,0,0,0,0,0,0,0,0,0,0,0,0,0,0,0,0,0,0,0,0,0,0,0,0,0,0,0,0,0,0,0,0,0,0,0,0,0,0,0,0,0,0,0,0,0,0,0,0,0,0,0,0,0,0,0,0,0,0,0,0,0,0,0,0,0,0,0,0,0,0,0,0,0,0,0,0,0,0,0,0,0,0,0,0,0,0,0,0,0,0,0,0,0,0,0,0,0,0,0,0,0,0,0,0,0,0,0,0,0,0,0,0,0,0,0,0,0,0,0,0,0,0,0,0,0,0,0,0,0,0,0,0,0,0,0,0,0,0,0,0,0,0,0,0,0,0,0,0,0,0,0,0,0,0,0,0,0,0,0,0,0,0,0,0,0,0,0,0,0,0,0,0,0,0,0,0,0,0,0,0,0,0,0,0,0,0,0,0,0,0,0,0,0,0,0,0
STAT,(NULL),Time,237,8859,8859,0,0,0,0,0,0,0,0,0,0,0,0,0,0,0,0,0,0,0,0,0,0,0,0,0,0,0,0,0,0,0,0,0,0,0,0,0,0,0,0,0,0,0,0,0,0,0,0,0,0,0,0,0,0,0,0,0,0,0,0,0,0,0,0,0,0,0,0,0,0,0,0,0,0,0,0,0,0,0,0,0,0,0,0,0,0,0,0,0,0,0,0,0,0,0,0,0,0,0,0,0,0,0,0,0,0,0,0,0,0,0,0,0,0,0,0,0,0,0,0,0,0,0,0,0,0,0,0,0,0,0,0,0,0,0,0,0,0,0,0,0,0,0,0,0,0,0,0,0,0,0,0,0,0,0,0,0,0,0,0,0,0,0,0,0,0,0,0,0,0,0,0,0,0,0,0,0,0,0,0,0,0,0,0,0,0,0,0,0,0,0,0,0,0,0,0,0,0,0,0,0,0,0,0,0,0,0,0,0,0,0,0,0,0,0,0,0,0,0,0,0,0,0,0,0,0,0,0,0,0,0,0,0,0,0,0
STAT,match,Conflicts,237,6710,51,36,45,42,39,39,38,47,35,46,38,45,41,36,53,43,44,41,53,40,40,47,42,42,33,36,35,38,38,34,30,30,32,36,30,33,39,36,37,26,47,29,36,34,35,43,38,39,38,44,30,43,39,31,25,28,26,33,40,27,34,28,25,19,30,21,24,27,27,22,30,23,27,25,22,25,26,28,24,28,23,27,24,22,26,25,26,29,28,34,27,24,20,20,22,20,24,25,25,28,24,22,17,20,22,28,24,23,30,30,28,24,26,22,23,23,21,22,30,30,26,29,30,20,25,24,23,31,26,22,20,27,25,24,28,24,29,26,27,28,28,22,28,30,21,31,25,25,24,23,27,29,19,26,23,27,20,20,28,18,25,28,33,23,25,24,25,29,22,25,20,19,23,26,33,28,21,24,21,27,29,23,21,30,29,21,25,22,29,20,30,25,25,18,33,28,26,29,18,28,25,28,19,28,32,25,21,24,24,20,21,31,27,26,23,21,25,29,40,28,27,24,26,27,22,26,21,29,17,22,24,18,24,20,26,27,21
STAT,match,Iterations,237,15053443,47989,47151,63170,47142,43560,66464,49388,45184,44504,57476,45639,41087,63789,49460,65022,32329,53991,46967,43719,41809,55174,58197,57660,70861,30651,72767,57892,44477,56041,51251,50389,60314,60231,64757,58710,50940,50016,52187,55670,56027,46021,48085,55610,41965,44354,61705,51695,51121,41590,67330,50101,58191,53623,50758,79193,55239,73663,81843,53223,62379,73618,57586,61676,69118,50746,58053,77075,53611,86347,65884,81096,60811,83013,73340,70396,74280,55340,77633,63074,63444,69696,46734,87485,52814,70475,60070,60114,55969,76889,69250,78479,51298,69868,53438,73038,40277,56713,51604,67462,57701,61501,75915,71792,75441,59750,66433,74324,60695,69814,46833,85258,83889,65455,62094,71699,53379,55318,62094,83849,51022,70455,94862,72885,73167,55002,65477,63115,76359,49921,66052,63466,71111,55891,76758,72264,42641,67272,53002,67881,61733,64541,46815,56712,76298,87377,53156,64035,71810,50191,62129,69206,72763,80165,86296,78756,53000,76241,84916,82027,57948,88421,53057,71927,71297,60341,66620,55287,59935,51233,60676,63593,68014,53950,70057,67236,72142,89047,76775,92842,68355,68282,65409,91964,63717,54465,72794,57161,72586,71161,76472,73917,59160,91304,60068,65709,50482,61350,81701,68896,93780,63180,50536,66909,93741,69363,42651,66311,52892,66342,79859,75389,81608,72661,64853,58389,66254,71933,57714,54745,78016,78606,65969,56500,57128,46025,63512,67902,84033,87202,43132,63059,54677,58803,58953,71436,72995,55475
STAT,popedge,Conflicts,237,0,0,0,0,0,0,0,0,0,0,0,0,0,0,0,0,0,0,0,0,0,0,0,0,0,0,0,0,0,0,0,0,0,0,0,0,0,0,0,0,0,0,0,0,0,0,0,0,0,0,0,0,0,0,0,0,0,0,0,0,0,0,0,0,0,0,0,0,0,0,0,0,0,0,0,0,0,0,0,0,0,0,0,0,0,0,0,0,0,0,0,0,0,0,0,0,0,0,0,0,0,0,0,0,0,0,0,0,0,0,0,0,0,0,0,0,0,0,0,0,0,0,0,0,0,0,0,0,0,0,0,0,0,0,0,0,0,0,0,0,0,0,0,0,0,0,0,0,0,0,0,0,0,0,0,0,0,0,0,0,0,0,0,0,0,0,0,0,0,0,0,0,0,0,0,0,0,0,0,0,0,0,0,0,0,0,0,0,0,0,0,0,0,0,0,0,0,0,0,0,0,0,0,0,0,0,0,0,0,0,0,0,0,0,0,0,0,0,0,0,0,0,0,0,0,0,0,0,0,0,0,0,0,0,0,0,0,0
STAT,popedge,Iterations,237,7373542,29581,29321,30733,28780,29436,30730,28730,31496,28723,31156,30438,30931,30705,28369,29565,30146,30777,30688,30140,29918,29188,32493,28716,30023,30271,30207,29517,31188,30204,30043,31150,31087,29408,31394,30660,31272,29875,30774,31984,31204,30806,30617,30151,30786,30523,29923,29625,29867,30121,31950,30345,30402,31685,29185,33851,34496,31733,31791,34577,34806,33588,33329,30305,31307,31093,29557,30295,30055,31309,29274,31345,30350,30685,31623,29364,32909,29605,30683,29345,30524,30839,30287,31173,30842,30109,29097,29965,28840,29395,29708,29148,30446,29422,30037,30560,29860,30356,29942,29542,29568,29786,31255,30643,32299,29468,29604,30271,30762,30177,30861,29999,30324,30951,31589,28778,36078,35511,33729,33265,37140,34268,33412,30070,30452,31338,29528,30621,31996,32287,30515,30048,32485,29720,30760,30052,30676,31559,31052,31142,30426,30456,32135,30079,31071,29405,32309,29682,31290,30525,30552,30019,32377,33462,32473,33778,31907,30453,34249,30773,31404,31063,30756,31888,27901,30830,30368,31636,31614,31356,29619,30186,30484,30446,32880,32068,29382,37379,34003,36396,34627,36678,36795,37329,31658,28861,30618,29646,29644,30201,31781,31118,29160,32710,30583,30109,30206,29097,32543,32629,33797,32231,32543,30106,32686,32342,31783,32621,30366,31159,30890,32139,31190,30614,31136,31320,30931,31660,32518,31739,30749,31699,33722,32535,30810,33485,29350,31391,30344,32654,31022,31114,30694,30669,31810,31890,32413,29934
STAT,refine,Conflicts,237,5851,103,93,90,103,95,91,96,83,84,72,78,75,92,72,78,56,60,70,41,44,58,60,42,66,74,53,53,65,76,58,44,17,32,36,25,43,20,29,22,29,37,43,33,31,34,28,27,30,42,48,39,41,41,28,42,36,43,35,37,26,35,19,15,14,14,9,12,11,18,13,17,11,20,12,12,21,23,18,20,14,7,12,19,10,18,15,11,18,26,22,11,13,7,19,9,10,11,8,14,8,12,16,18,12,15,11,10,12,20,13,18,18,21,22,13,23,17,13,13,22,9,20,8,12,8,19,13,11,12,10,12,22,15,18,23,10,19,15,16,15,12,7,11,16,12,11,21,18,6,10,9,12,8,11,18,15,8,27,9,14,17,16,16,23,17,16,9,16,14,20,8,18,19,15,19,9,13,23,27,22,23,16,16,19,12,18,9,12,12,9,19,15,21,18,15,12,9,19,12,14,16,19,14,14,18,9,17,15,13,14,14,19,7,15,9,11,24,12,14,9,8,8,13,16,16,20,14,16,15,8,17,20,18,19,17,29,21
STAT,refine,Iterations,237,34540,297,288,318,261,334,330,291,338,214,271,231,251,329,205,373,211,189,182,167,136,169,236,141,308,196,241,137,194,236,180,197,121,119,171,150,181,117,141,106,86,110,132,129,161,145,137,123,197,133,185,160,147,194,120,237,179,200,175,160,99,168,138,118,182,74,126,127,114,185,99,151,116,128,173,117,229,133,125,100,139,77,126,168,102,169,131,68,79,166,162,116,67,101,128,126,104,87,49,134,50,76,99,123,156,173,134,161,111,172,89,178,107,139,205,124,157,142,152,141,155,78,130,158,108,91,142,80,163,102,100,71,194,88,184,168,98,181,141,128,108,125,62,58,112,107,94,136,108,62,83,152,149,96,84,167,162,132,176,91,144,112,83,106,82,157,127,65,166,83,170,101,161,136,156,230,135,119,152,214,125,230,92,123,140,130,148,129,143,163,78,167,101,139,105,139,123,120,239,90,156,112,159,89,133,182,68,173,128,123,62,121,188,116,113,69,93,156,128,89,94,112,77,69,79,111,164,119,152,240,70,161,128,151,178,196,279,98
