Hello from MIC
Galois Benchmark Suite v2.2.0 (r0)
Copyright (C) 2013 The University of Texas at Austin
http://iss.ices.utexas.edu/galois/

application: GMetis
Partitions a graph into K parts and minimizing the graph cut
http://iss.ices.utexas.edu/?p=projects/galois/benchmarks/gMetis

INFO: CommandLine /work/02556/dpereira/MIC/apps/gmetis/gmetis -t=109 /work/02556/dpereira/Inputs/USA-road-d.W.gr 1024
INFO: Hostname c558-401-mic0.stampede.tacc.utexas.edu
Created Graph with 6262104 nodes and 15248146 edges
Nodes 6262104| Edges 15248146 7624073

  Starting coarsening: 
Time coarsen:  2028 Size of final graph: 21635

  Sarting initial partitioning using GGGP:
Size in decade percentages:  -1,71 -0,874 1,79
Time clustering:  904

  Sarting refinnement with BKL2
Initial dist
Size in decade percentages:  -1,71 -0,874 1,79
Refined dist
Size in decade percentages:  -1,366 -0,289 1,368 4,1
Time refinement:  1083


Time:  4195
Total edge cut : 31820

Part saved in : 0x7fff9304b760
STATTYPE,LOOP,CATEGORY,n,sum,T0,T1,T2,T3,T4,T5,T6,T7,T8,T9,T10,T11,T12,T13,T14,T15,T16,T17,T18,T19,T20,T21,T22,T23,T24,T25,T26,T27,T28,T29,T30,T31,T32,T33,T34,T35,T36,T37,T38,T39,T40,T41,T42,T43,T44,T45,T46,T47,T48,T49,T50,T51,T52,T53,T54,T55,T56,T57,T58,T59,T60,T61,T62,T63,T64,T65,T66,T67,T68,T69,T70,T71,T72,T73,T74,T75,T76,T77,T78,T79,T80,T81,T82,T83,T84,T85,T86,T87,T88,T89,T90,T91,T92,T93,T94,T95,T96,T97,T98,T99,T100,T101,T102,T103,T104,T105,T106,T107,T108
STAT,(NULL),Coarsen,109,2028,2028,0,0,0,0,0,0,0,0,0,0,0,0,0,0,0,0,0,0,0,0,0,0,0,0,0,0,0,0,0,0,0,0,0,0,0,0,0,0,0,0,0,0,0,0,0,0,0,0,0,0,0,0,0,0,0,0,0,0,0,0,0,0,0,0,0,0,0,0,0,0,0,0,0,0,0,0,0,0,0,0,0,0,0,0,0,0,0,0,0,0,0,0,0,0,0,0,0,0,0,0,0,0,0,0,0,0,0,0
STAT,(NULL),Conflicts,109,0,0,0,0,0,0,0,0,0,0,0,0,0,0,0,0,0,0,0,0,0,0,0,0,0,0,0,0,0,0,0,0,0,0,0,0,0,0,0,0,0,0,0,0,0,0,0,0,0,0,0,0,0,0,0,0,0,0,0,0,0,0,0,0,0,0,0,0,0,0,0,0,0,0,0,0,0,0,0,0,0,0,0,0,0,0,0,0,0,0,0,0,0,0,0,0,0,0,0,0,0,0,0,0,0,0,0,0,0,0
STAT,(NULL),Iterations,109,2047,11,10,12,23,12,9,8,17,15,28,14,26,23,22,20,12,15,22,13,14,7,16,24,17,16,17,17,18,11,4,27,10,18,29,20,25,18,19,24,23,21,13,22,21,24,16,18,16,19,29,30,25,24,17,14,32,33,13,16,21,29,15,7,17,20,12,22,16,18,16,22,26,8,14,15,19,18,17,16,15,15,20,22,25,16,17,26,28,21,22,12,30,19,32,23,26,25,16,15,31,25,24,23,18,7,17,13,13,14
STAT,(NULL),MeminfoPost,109,756570,6942,6955,6961,6941,6920,6959,6988,6987,6927,6925,6952,6968,6949,6933,6929,6949,6947,6920,6945,6952,6956,6932,6939,6943,6979,7014,6924,6931,6947,6959,6952,6945,6922,6945,6951,6923,6933,6953,6945,6972,6941,6954,6936,6933,6928,6938,6915,6951,6946,6931,6926,6918,6928,6947,6975,6926,6926,6953,6906,6924,6948,6960,6946,6928,6939,6928,6917,6913,6919,6945,6923,6983,6986,6926,6939,6924,6915,6952,6953,6936,6932,6927,6915,6918,6936,6931,6984,6984,6928,6921,6932,6973,6971,6981,6926,6943,6938,6922,6906,6927,6952,6901,6917,6925,6927,6932,6945,6945,6935
STAT,(NULL),MeminfoPre,109,189116,1736,1749,1755,1735,1714,1753,1782,1781,1721,1719,1746,1762,1743,1727,1723,1743,1741,1714,1739,1746,1750,1726,1733,1737,1773,1808,1718,1725,1741,1753,1746,1739,1716,1739,1745,1717,1727,1747,1739,1766,1735,1748,1730,1727,1722,1732,1709,1745,1740,1725,1720,1712,1722,1741,1769,1720,1720,1747,1700,1718,1742,1754,1740,1722,1733,1722,1711,1707,1713,1739,1717,1777,1780,1720,1733,1718,1709,1746,1747,1730,1726,1721,1709,1712,1730,1725,1778,1778,1722,1715,1726,1767,1765,1775,1720,1737,1732,1716,1700,1721,1746,1695,1711,1719,1721,1726,1739,1739,1729
STAT,(NULL),Partition,109,904,904,0,0,0,0,0,0,0,0,0,0,0,0,0,0,0,0,0,0,0,0,0,0,0,0,0,0,0,0,0,0,0,0,0,0,0,0,0,0,0,0,0,0,0,0,0,0,0,0,0,0,0,0,0,0,0,0,0,0,0,0,0,0,0,0,0,0,0,0,0,0,0,0,0,0,0,0,0,0,0,0,0,0,0,0,0,0,0,0,0,0,0,0,0,0,0,0,0,0,0,0,0,0,0,0,0,0,0,0
STAT,(NULL),Refine,109,1083,1083,0,0,0,0,0,0,0,0,0,0,0,0,0,0,0,0,0,0,0,0,0,0,0,0,0,0,0,0,0,0,0,0,0,0,0,0,0,0,0,0,0,0,0,0,0,0,0,0,0,0,0,0,0,0,0,0,0,0,0,0,0,0,0,0,0,0,0,0,0,0,0,0,0,0,0,0,0,0,0,0,0,0,0,0,0,0,0,0,0,0,0,0,0,0,0,0,0,0,0,0,0,0,0,0,0,0,0,0
STAT,(NULL),Threads,109,109,109,0,0,0,0,0,0,0,0,0,0,0,0,0,0,0,0,0,0,0,0,0,0,0,0,0,0,0,0,0,0,0,0,0,0,0,0,0,0,0,0,0,0,0,0,0,0,0,0,0,0,0,0,0,0,0,0,0,0,0,0,0,0,0,0,0,0,0,0,0,0,0,0,0,0,0,0,0,0,0,0,0,0,0,0,0,0,0,0,0,0,0,0,0,0,0,0,0,0,0,0,0,0,0,0,0,0,0,0
STAT,(NULL),Time,109,4195,4195,0,0,0,0,0,0,0,0,0,0,0,0,0,0,0,0,0,0,0,0,0,0,0,0,0,0,0,0,0,0,0,0,0,0,0,0,0,0,0,0,0,0,0,0,0,0,0,0,0,0,0,0,0,0,0,0,0,0,0,0,0,0,0,0,0,0,0,0,0,0,0,0,0,0,0,0,0,0,0,0,0,0,0,0,0,0,0,0,0,0,0,0,0,0,0,0,0,0,0,0,0,0,0,0,0,0,0,0
STAT,match,Conflicts,109,5506,101,76,78,85,66,84,61,68,76,65,71,56,70,54,72,68,72,75,49,63,51,64,60,79,65,63,62,54,60,52,63,54,47,72,57,55,56,48,62,48,43,63,59,51,38,50,58,84,43,43,49,43,39,48,33,33,38,40,41,37,48,47,39,37,39,42,47,37,38,48,37,44,41,47,32,41,38,42,39,29,49,32,31,45,41,33,38,29,42,43,43,44,46,38,47,32,40,47,37,51,38,34,40,49,46,34,39,38,53
STAT,match,Iterations,109,14940833,99653,103808,107124,122290,116828,109375,120525,113418,120531,115825,123816,118070,131008,127265,126713,121286,120711,114301,131968,135341,122825,104717,136702,123857,100333,129388,124503,137058,124240,121339,109585,151988,130129,132697,123596,128174,137474,125152,131661,113010,140998,130818,138022,128331,148602,131304,141912,128916,149466,137588,150869,152708,150837,142902,159903,168229,159295,146277,164318,151303,135187,119311,131609,144319,152126,147537,154469,137666,132862,153499,158490,138974,132169,146215,142494,160860,137928,140217,134084,153910,126430,153620,161581,149988,150668,134185,134893,150945,140076,144830,130953,128146,144627,145876,148765,153327,153061,147027,171942,137626,134946,171236,160219,131701,145782,149441,168037,146666,159431
STAT,popedge,Conflicts,109,0,0,0,0,0,0,0,0,0,0,0,0,0,0,0,0,0,0,0,0,0,0,0,0,0,0,0,0,0,0,0,0,0,0,0,0,0,0,0,0,0,0,0,0,0,0,0,0,0,0,0,0,0,0,0,0,0,0,0,0,0,0,0,0,0,0,0,0,0,0,0,0,0,0,0,0,0,0,0,0,0,0,0,0,0,0,0,0,0,0,0,0,0,0,0,0,0,0,0,0,0,0,0,0,0,0,0,0,0,0
STAT,popedge,Iterations,109,7319995,67508,65623,65591,67039,68138,67688,65800,63429,66764,66800,63633,62441,65679,66262,67564,66800,68457,68595,65187,64789,66075,67644,66545,65724,64121,61154,66015,64293,65027,63662,67088,66624,68946,69060,67453,71463,66890,64803,63301,59970,65165,62330,65989,63932,65661,67514,68607,67621,70694,74458,74337,71584,69951,77168,71379,77644,77928,75693,77681,79667,76168,65998,64983,65433,62059,69000,61896,65794,65312,63346,64482,64573,63790,64917,63512,65254,69110,66466,66051,63561,66396,67441,64049,64054,63272,62305,63111,64916,62976,62827,65183,67941,70203,68592,69925,68581,71459,69546,62327,73471,67180,68804,67270,70080,67459,68728,70778,69995,64773
STAT,refine,Conflicts,109,4416,94,77,87,84,68,82,71,71,61,66,60,55,64,64,61,53,54,58,48,62,57,50,52,55,43,64,53,49,56,36,41,45,36,42,50,46,47,59,45,54,39,38,41,36,35,33,39,35,32,25,29,46,23,52,46,34,34,47,26,21,37,21,26,26,31,30,29,29,35,24,18,38,32,30,32,33,27,25,21,24,32,35,32,23,36,26,36,34,27,30,25,18,29,21,27,27,26,28,42,32,34,27,19,29,22,26,23,24,27
STAT,refine,Iterations,109,428409,3114,3914,3463,3344,2886,3094,5117,4938,3273,3650,4063,3614,3661,3290,3559,3692,3651,3263,3114,4177,3681,2507,4207,3089,3762,5593,3481,3633,3533,3829,3152,4561,3794,3781,3523,3699,3604,3304,3351,4199,3802,3973,4067,3319,3818,4132,4187,4032,4035,3252,4341,4460,4865,6135,6555,4511,4305,4270,3659,4367,4225,3854,4041,4000,3545,3311,3648,4538,4617,4284,3725,4780,5247,3864,3487,3809,3190,3707,3560,3074,3532,3760,3332,4112,3894,3945,5655,4679,3912,3493,3706,4396,4823,3700,4071,3940,3999,3768,3592,3300,4172,3523,3843,4355,3416,3689,5199,4407,4445
