Hello from MIC
Galois Benchmark Suite v2.2.0 (r0)
Copyright (C) 2013 The University of Texas at Austin
http://iss.ices.utexas.edu/galois/

application: GMetis
Partitions a graph into K parts and minimizing the graph cut
http://iss.ices.utexas.edu/?p=projects/galois/benchmarks/gMetis

INFO: CommandLine /work/02556/dpereira/MIC/apps/gmetis/gmetis -t=62 /work/02556/dpereira/Inputs/USA-road-d.W.gr 128
INFO: Hostname c557-903-mic0.stampede.tacc.utexas.edu
Created Graph with 6262104 nodes and 15248146 edges
Nodes 6262104| Edges 15248146 7624073

  Starting coarsening: 
Time coarsen:  2338 Size of final graph: 3009

  Sarting initial partitioning using GGGP:
Size in decade percentages:  -1,6 -0,116 1,6
Time clustering:  406

  Sarting refinnement with BKL2
Initial dist
Size in decade percentages:  -1,6 -0,116 1,6
Refined dist
Size in decade percentages:  -1,44 0,40 1,44
Time refinement:  743


Time:  3665
Total edge cut : 8039

Part saved in : 0x7fffaa3bb660
STATTYPE,LOOP,CATEGORY,n,sum,T0,T1,T2,T3,T4,T5,T6,T7,T8,T9,T10,T11,T12,T13,T14,T15,T16,T17,T18,T19,T20,T21,T22,T23,T24,T25,T26,T27,T28,T29,T30,T31,T32,T33,T34,T35,T36,T37,T38,T39,T40,T41,T42,T43,T44,T45,T46,T47,T48,T49,T50,T51,T52,T53,T54,T55,T56,T57,T58,T59,T60,T61
STAT,(NULL),Coarsen,62,2338,2338,0,0,0,0,0,0,0,0,0,0,0,0,0,0,0,0,0,0,0,0,0,0,0,0,0,0,0,0,0,0,0,0,0,0,0,0,0,0,0,0,0,0,0,0,0,0,0,0,0,0,0,0,0,0,0,0,0,0,0,0,0
STAT,(NULL),Conflicts,62,0,0,0,0,0,0,0,0,0,0,0,0,0,0,0,0,0,0,0,0,0,0,0,0,0,0,0,0,0,0,0,0,0,0,0,0,0,0,0,0,0,0,0,0,0,0,0,0,0,0,0,0,0,0,0,0,0,0,0,0,0,0,0
STAT,(NULL),Iterations,62,255,8,2,2,8,9,6,9,6,4,0,5,6,4,15,20,19,5,4,3,2,2,3,1,0,4,2,2,2,0,0,4,2,6,0,2,3,0,3,0,5,3,4,1,7,1,0,1,9,3,4,6,1,2,5,3,9,5,4,3,0,2,4
STAT,(NULL),MeminfoPost,62,756384,12217,12212,12198,12257,12228,12186,12232,12201,12199,12193,12184,12230,12200,12217,12285,12173,12224,12221,12180,12209,12181,12209,12233,12211,12192,12192,12167,12211,12178,12167,12225,12192,12199,12147,12216,12218,12181,12171,12162,12173,12237,12229,12192,12160,12226,12185,12167,12159,12196,12278,12182,12184,12260,12219,12196,12176,12152,12178,12149,12195,12195,12198
STAT,(NULL),MeminfoPre,62,189084,3067,3062,3048,3107,3078,3036,3082,3051,3049,3043,3034,3080,3050,3067,3135,3023,3074,3071,3030,3059,3031,3059,3083,3061,3042,3042,3017,3061,3028,3017,3075,3042,3049,2997,3066,3068,3031,3021,3012,3023,3087,3079,3042,3010,3076,3035,3017,3009,3046,3128,3032,3034,3110,3069,3046,3026,3002,3028,2999,3045,3045,3048
STAT,(NULL),Partition,62,406,406,0,0,0,0,0,0,0,0,0,0,0,0,0,0,0,0,0,0,0,0,0,0,0,0,0,0,0,0,0,0,0,0,0,0,0,0,0,0,0,0,0,0,0,0,0,0,0,0,0,0,0,0,0,0,0,0,0,0,0,0,0
STAT,(NULL),Refine,62,743,743,0,0,0,0,0,0,0,0,0,0,0,0,0,0,0,0,0,0,0,0,0,0,0,0,0,0,0,0,0,0,0,0,0,0,0,0,0,0,0,0,0,0,0,0,0,0,0,0,0,0,0,0,0,0,0,0,0,0,0,0,0
STAT,(NULL),Threads,62,62,62,0,0,0,0,0,0,0,0,0,0,0,0,0,0,0,0,0,0,0,0,0,0,0,0,0,0,0,0,0,0,0,0,0,0,0,0,0,0,0,0,0,0,0,0,0,0,0,0,0,0,0,0,0,0,0,0,0,0,0,0,0
STAT,(NULL),Time,62,3665,3665,0,0,0,0,0,0,0,0,0,0,0,0,0,0,0,0,0,0,0,0,0,0,0,0,0,0,0,0,0,0,0,0,0,0,0,0,0,0,0,0,0,0,0,0,0,0,0,0,0,0,0,0,0,0,0,0,0,0,0,0,0
STAT,match,Conflicts,62,4607,191,118,105,101,91,97,77,104,75,90,84,78,60,70,91,82,76,68,83,78,75,67,71,70,71,65,72,61,82,82,51,64,61,74,63,47,57,79,77,65,74,72,71,66,47,62,70,68,61,70,67,70,52,63,57,60,57,84,68,81,46,68
STAT,match,Iterations,62,14964259,199773,224046,233566,215238,230871,237625,239252,244468,244736,246489,234437,228948,252917,236902,227418,256803,237721,245556,256077,234393,238477,238479,233931,212664,245685,235485,243808,241871,235185,246982,238914,252853,261994,258674,230458,251872,255908,249239,249438,248618,247579,223184,242184,241911,239309,248922,246168,250771,241570,224152,249680,235355,262429,241535,249488,262525,256353,240417,253172,241076,244263,224445
STAT,popedge,Conflicts,62,0,0,0,0,0,0,0,0,0,0,0,0,0,0,0,0,0,0,0,0,0,0,0,0,0,0,0,0,0,0,0,0,0,0,0,0,0,0,0,0,0,0,0,0,0,0,0,0,0,0,0,0,0,0,0,0,0,0,0,0,0,0,0
STAT,popedge,Iterations,62,7332746,105993,118151,118568,117385,114959,118189,111890,114102,113803,121482,122864,114215,115554,120185,112680,117617,115045,115315,116513,119896,118585,106162,105363,99186,109382,116352,116203,113984,119217,114273,113438,121055,118578,129065,122235,117174,120405,122967,123520,118149,119035,115634,119095,121310,113283,115987,120197,119191,119915,113003,113161,115599,124532,132696,129617,128842,133885,130816,127854,130210,130163,109022
STAT,refine,Conflicts,62,3429,134,116,115,97,95,88,88,77,74,77,78,68,70,58,73,58,55,56,56,70,53,60,54,55,53,45,39,58,52,63,55,40,48,40,39,42,44,41,48,47,44,33,51,28,34,42,42,44,41,39,37,43,32,26,42,46,37,36,38,42,44,29
STAT,refine,Iterations,62,132867,1907,2011,2110,2274,2392,2021,2289,1904,1817,2145,1894,2311,2006,1877,2430,1777,1949,1845,1620,2218,2138,1901,2273,1814,2121,2075,1830,2296,2030,2418,2064,2470,1936,1678,2251,2307,2259,1994,2590,2268,2346,2343,2301,1843,2473,2452,2124,2547,2470,2320,1931,2378,2753,2059,2297,2087,1743,1771,2061,2125,2977,1956
