Hello from MIC
Galois Benchmark Suite v2.2.0 (r0)
Copyright (C) 2013 The University of Texas at Austin
http://iss.ices.utexas.edu/galois/

application: GMetis
Partitions a graph into K parts and minimizing the graph cut
http://iss.ices.utexas.edu/?p=projects/galois/benchmarks/gMetis

INFO: CommandLine /work/02556/dpereira/MIC/apps/gmetis/gmetis -t=229 /work/02556/dpereira/Inputs/USA-road-d.W.gr 128
INFO: Hostname c558-003-mic0.stampede.tacc.utexas.edu
Created Graph with 6262104 nodes and 15248146 edges
Nodes 6262104| Edges 15248146 7624073

  Starting coarsening: 
Time coarsen:  3993 Size of final graph: 3129

  Sarting initial partitioning using GGGP:
Size in decade percentages:  -1,3 -0,119 1,6
Time clustering:  454

  Sarting refinnement with BKL2
Initial dist
Size in decade percentages:  -1,3 -0,119 1,6
Refined dist
Size in decade percentages:  -1,47 0,37 1,44
Time refinement:  2735


Time:  7360
Total edge cut : 8211

Part saved in : 0x7fff8eb29360
STATTYPE,LOOP,CATEGORY,n,sum,T0,T1,T2,T3,T4,T5,T6,T7,T8,T9,T10,T11,T12,T13,T14,T15,T16,T17,T18,T19,T20,T21,T22,T23,T24,T25,T26,T27,T28,T29,T30,T31,T32,T33,T34,T35,T36,T37,T38,T39,T40,T41,T42,T43,T44,T45,T46,T47,T48,T49,T50,T51,T52,T53,T54,T55,T56,T57,T58,T59,T60,T61,T62,T63,T64,T65,T66,T67,T68,T69,T70,T71,T72,T73,T74,T75,T76,T77,T78,T79,T80,T81,T82,T83,T84,T85,T86,T87,T88,T89,T90,T91,T92,T93,T94,T95,T96,T97,T98,T99,T100,T101,T102,T103,T104,T105,T106,T107,T108,T109,T110,T111,T112,T113,T114,T115,T116,T117,T118,T119,T120,T121,T122,T123,T124,T125,T126,T127,T128,T129,T130,T131,T132,T133,T134,T135,T136,T137,T138,T139,T140,T141,T142,T143,T144,T145,T146,T147,T148,T149,T150,T151,T152,T153,T154,T155,T156,T157,T158,T159,T160,T161,T162,T163,T164,T165,T166,T167,T168,T169,T170,T171,T172,T173,T174,T175,T176,T177,T178,T179,T180,T181,T182,T183,T184,T185,T186,T187,T188,T189,T190,T191,T192,T193,T194,T195,T196,T197,T198,T199,T200,T201,T202,T203,T204,T205,T206,T207,T208,T209,T210,T211,T212,T213,T214,T215,T216,T217,T218,T219,T220,T221,T222,T223,T224,T225,T226,T227,T228
STAT,(NULL),Coarsen,229,3993,3993,0,0,0,0,0,0,0,0,0,0,0,0,0,0,0,0,0,0,0,0,0,0,0,0,0,0,0,0,0,0,0,0,0,0,0,0,0,0,0,0,0,0,0,0,0,0,0,0,0,0,0,0,0,0,0,0,0,0,0,0,0,0,0,0,0,0,0,0,0,0,0,0,0,0,0,0,0,0,0,0,0,0,0,0,0,0,0,0,0,0,0,0,0,0,0,0,0,0,0,0,0,0,0,0,0,0,0,0,0,0,0,0,0,0,0,0,0,0,0,0,0,0,0,0,0,0,0,0,0,0,0,0,0,0,0,0,0,0,0,0,0,0,0,0,0,0,0,0,0,0,0,0,0,0,0,0,0,0,0,0,0,0,0,0,0,0,0,0,0,0,0,0,0,0,0,0,0,0,0,0,0,0,0,0,0,0,0,0,0,0,0,0,0,0,0,0,0,0,0,0,0,0,0,0,0,0,0,0,0,0,0,0,0,0,0,0,0,0,0,0,0,0,0,0,0,0,0,0
STAT,(NULL),Conflicts,229,0,0,0,0,0,0,0,0,0,0,0,0,0,0,0,0,0,0,0,0,0,0,0,0,0,0,0,0,0,0,0,0,0,0,0,0,0,0,0,0,0,0,0,0,0,0,0,0,0,0,0,0,0,0,0,0,0,0,0,0,0,0,0,0,0,0,0,0,0,0,0,0,0,0,0,0,0,0,0,0,0,0,0,0,0,0,0,0,0,0,0,0,0,0,0,0,0,0,0,0,0,0,0,0,0,0,0,0,0,0,0,0,0,0,0,0,0,0,0,0,0,0,0,0,0,0,0,0,0,0,0,0,0,0,0,0,0,0,0,0,0,0,0,0,0,0,0,0,0,0,0,0,0,0,0,0,0,0,0,0,0,0,0,0,0,0,0,0,0,0,0,0,0,0,0,0,0,0,0,0,0,0,0,0,0,0,0,0,0,0,0,0,0,0,0,0,0,0,0,0,0,0,0,0,0,0,0,0,0,0,0,0,0,0,0,0,0,0,0,0,0,0,0,0,0,0,0,0,0,0
STAT,(NULL),Iterations,229,255,8,1,1,0,0,0,2,0,1,0,0,0,3,0,0,0,1,1,0,0,0,0,3,0,0,0,2,0,1,0,3,1,0,0,0,0,3,2,4,0,0,0,0,2,0,0,0,3,1,6,1,0,1,1,2,0,1,1,0,1,1,6,0,0,0,0,1,1,1,3,0,0,0,0,0,1,0,0,2,0,3,1,0,4,0,0,0,1,1,0,0,4,0,0,0,0,2,5,0,3,0,0,0,0,0,2,0,0,5,0,6,0,0,0,2,3,2,0,0,3,3,0,0,0,0,0,7,0,0,0,0,0,0,7,0,5,0,0,2,1,0,1,1,0,2,4,1,0,1,0,0,0,0,4,2,0,0,0,0,0,1,0,2,0,0,3,0,0,5,3,0,5,2,0,2,0,4,7,0,1,0,0,0,4,0,1,0,0,1,6,0,2,2,4,0,2,0,0,4,3,2,0,6,0,1,0,0,2,0,2,2,1,1,1,2,0,0,0,0,0,0,3,3,0,1,0,1,2,0
STAT,(NULL),MeminfoPost,229,757471,3314,3304,3310,3313,3317,3312,3311,3301,3315,3298,3319,3299,3324,3318,3363,3326,3315,3293,3304,3306,3297,3317,3309,3320,3318,3313,3312,3314,3307,3295,3301,3306,3317,3318,3311,3299,3298,3301,3311,3306,3300,3327,3310,3318,3308,3306,3318,3295,3300,3311,3321,3316,3344,3351,3320,3291,3308,3301,3298,3313,3315,3309,3324,3310,3317,3309,3312,3291,3308,3298,3311,3315,3319,3299,3300,3300,3306,3307,3319,3305,3304,3318,3339,3306,3303,3310,3319,3311,3304,3309,3309,3300,3306,3299,3298,3317,3295,3290,3305,3310,3317,3317,3302,3298,3308,3301,3302,3293,3295,3294,3311,3295,3314,3333,3329,3310,3292,3302,3300,3305,3325,3298,3292,3289,3293,3307,3311,3311,3317,3317,3316,3305,3310,3300,3298,3314,3296,3303,3303,3303,3288,3294,3292,3309,3287,3322,3298,3294,3301,3320,3337,3326,3324,3320,3297,3301,3300,3324,3295,3291,3290,3306,3310,3312,3316,3316,3306,3309,3294,3309,3300,3302,3303,3295,3290,3303,3291,3315,3295,3297,3321,3332,3324,3336,3321,3303,3299,3305,3292,3297,3308,3314,3330,3330,3319,3318,3331,3314,3300,3299,3311,3303,3304,3309,3300,3299,3289,3291,3305,3297,3297,3327,3292,3291,3286,3320,3277,3291,3326,3291,3301,3304,3305,3310,3307,3308,3309,3305,3304
STAT,(NULL),MeminfoPre,229,189322,833,823,829,832,836,831,830,820,834,817,838,818,843,837,882,845,834,812,823,825,816,836,828,839,837,832,831,833,826,814,820,825,836,837,830,818,817,820,830,825,819,846,829,837,827,825,837,814,819,830,840,835,863,870,839,810,827,820,817,832,834,828,843,829,836,828,831,810,827,817,830,834,838,818,819,819,825,826,838,824,823,837,858,825,822,829,838,830,823,828,828,819,825,818,817,836,814,809,824,829,836,836,821,817,827,820,821,812,814,813,830,814,833,852,848,829,811,821,819,824,844,817,811,808,812,826,830,830,836,836,835,824,829,819,817,833,815,822,822,822,807,813,811,828,806,841,817,813,820,839,856,845,843,839,816,820,819,843,814,810,809,825,829,831,835,835,825,828,813,828,819,821,822,814,809,822,810,834,814,816,840,851,843,855,840,822,818,824,811,816,827,833,849,849,838,837,850,833,819,818,830,822,823,828,819,818,808,810,824,816,816,846,811,810,805,839,796,810,845,810,820,823,824,829,826,827,828,824,823
STAT,(NULL),Partition,229,454,454,0,0,0,0,0,0,0,0,0,0,0,0,0,0,0,0,0,0,0,0,0,0,0,0,0,0,0,0,0,0,0,0,0,0,0,0,0,0,0,0,0,0,0,0,0,0,0,0,0,0,0,0,0,0,0,0,0,0,0,0,0,0,0,0,0,0,0,0,0,0,0,0,0,0,0,0,0,0,0,0,0,0,0,0,0,0,0,0,0,0,0,0,0,0,0,0,0,0,0,0,0,0,0,0,0,0,0,0,0,0,0,0,0,0,0,0,0,0,0,0,0,0,0,0,0,0,0,0,0,0,0,0,0,0,0,0,0,0,0,0,0,0,0,0,0,0,0,0,0,0,0,0,0,0,0,0,0,0,0,0,0,0,0,0,0,0,0,0,0,0,0,0,0,0,0,0,0,0,0,0,0,0,0,0,0,0,0,0,0,0,0,0,0,0,0,0,0,0,0,0,0,0,0,0,0,0,0,0,0,0,0,0,0,0,0,0,0,0,0,0,0,0,0,0,0,0,0,0
STAT,(NULL),Refine,229,2735,2735,0,0,0,0,0,0,0,0,0,0,0,0,0,0,0,0,0,0,0,0,0,0,0,0,0,0,0,0,0,0,0,0,0,0,0,0,0,0,0,0,0,0,0,0,0,0,0,0,0,0,0,0,0,0,0,0,0,0,0,0,0,0,0,0,0,0,0,0,0,0,0,0,0,0,0,0,0,0,0,0,0,0,0,0,0,0,0,0,0,0,0,0,0,0,0,0,0,0,0,0,0,0,0,0,0,0,0,0,0,0,0,0,0,0,0,0,0,0,0,0,0,0,0,0,0,0,0,0,0,0,0,0,0,0,0,0,0,0,0,0,0,0,0,0,0,0,0,0,0,0,0,0,0,0,0,0,0,0,0,0,0,0,0,0,0,0,0,0,0,0,0,0,0,0,0,0,0,0,0,0,0,0,0,0,0,0,0,0,0,0,0,0,0,0,0,0,0,0,0,0,0,0,0,0,0,0,0,0,0,0,0,0,0,0,0,0,0,0,0,0,0,0,0,0,0,0,0,0
STAT,(NULL),Threads,229,229,229,0,0,0,0,0,0,0,0,0,0,0,0,0,0,0,0,0,0,0,0,0,0,0,0,0,0,0,0,0,0,0,0,0,0,0,0,0,0,0,0,0,0,0,0,0,0,0,0,0,0,0,0,0,0,0,0,0,0,0,0,0,0,0,0,0,0,0,0,0,0,0,0,0,0,0,0,0,0,0,0,0,0,0,0,0,0,0,0,0,0,0,0,0,0,0,0,0,0,0,0,0,0,0,0,0,0,0,0,0,0,0,0,0,0,0,0,0,0,0,0,0,0,0,0,0,0,0,0,0,0,0,0,0,0,0,0,0,0,0,0,0,0,0,0,0,0,0,0,0,0,0,0,0,0,0,0,0,0,0,0,0,0,0,0,0,0,0,0,0,0,0,0,0,0,0,0,0,0,0,0,0,0,0,0,0,0,0,0,0,0,0,0,0,0,0,0,0,0,0,0,0,0,0,0,0,0,0,0,0,0,0,0,0,0,0,0,0,0,0,0,0,0,0,0,0,0,0,0
STAT,(NULL),Time,229,7360,7360,0,0,0,0,0,0,0,0,0,0,0,0,0,0,0,0,0,0,0,0,0,0,0,0,0,0,0,0,0,0,0,0,0,0,0,0,0,0,0,0,0,0,0,0,0,0,0,0,0,0,0,0,0,0,0,0,0,0,0,0,0,0,0,0,0,0,0,0,0,0,0,0,0,0,0,0,0,0,0,0,0,0,0,0,0,0,0,0,0,0,0,0,0,0,0,0,0,0,0,0,0,0,0,0,0,0,0,0,0,0,0,0,0,0,0,0,0,0,0,0,0,0,0,0,0,0,0,0,0,0,0,0,0,0,0,0,0,0,0,0,0,0,0,0,0,0,0,0,0,0,0,0,0,0,0,0,0,0,0,0,0,0,0,0,0,0,0,0,0,0,0,0,0,0,0,0,0,0,0,0,0,0,0,0,0,0,0,0,0,0,0,0,0,0,0,0,0,0,0,0,0,0,0,0,0,0,0,0,0,0,0,0,0,0,0,0,0,0,0,0,0,0,0,0,0,0,0,0
STAT,match,Conflicts,229,6376,45,39,41,42,42,39,46,50,41,37,37,38,42,41,45,40,44,40,38,36,31,41,39,36,33,47,33,40,32,39,37,36,35,31,33,28,39,28,35,20,32,37,40,39,29,35,27,26,30,36,29,35,35,32,33,31,41,32,28,33,32,31,22,22,27,25,26,26,28,20,18,25,29,23,22,29,20,21,23,29,27,18,23,31,31,24,30,22,23,23,25,26,30,25,22,22,20,21,23,23,21,27,22,24,22,21,26,23,20,30,23,19,24,20,25,26,26,21,23,22,27,29,29,20,26,28,23,27,26,27,24,28,25,25,29,25,32,33,28,26,30,21,21,28,30,38,16,24,22,29,22,28,24,25,20,23,26,32,25,31,24,22,25,25,30,25,22,26,22,19,26,25,24,22,23,26,25,27,30,20,21,25,23,30,30,27,22,27,21,24,23,23,23,23,26,26,29,32,27,28,25,31,20,20,23,27,23,23,27,19,23,27,31,33,22,23,30,29,22,28,21,26,18,20,26,20,18,19,24
STAT,match,Iterations,229,15033002,53954,58350,63005,48820,54136,56313,49658,39776,46227,55682,46428,46518,49763,45425,53198,43061,60309,33609,64581,57709,56121,58213,40352,56021,57864,62580,43400,62019,39030,67496,52904,46420,67298,70290,58056,45755,62181,56942,58757,53509,54230,46902,49906,57804,60124,61976,64860,56245,64941,74326,51592,71320,44923,44915,56935,61844,64320,69566,74558,58959,82621,54240,44463,66942,60695,59787,76754,78116,54278,61573,70527,65391,69566,73779,50417,74246,71806,69536,65528,65342,58485,57318,63302,81957,56300,81026,64935,63634,57856,76531,77050,66528,68515,62173,74997,62495,90814,70344,64558,83627,48593,64609,54313,79978,66307,61012,85899,68975,57265,59266,69245,76352,58443,92046,77101,75010,72004,83942,55316,74077,68188,68655,64991,75775,54303,86243,64340,65090,81239,63293,56694,73003,77880,55568,75475,79267,77589,59604,76435,74683,85564,51605,60037,75511,58358,62219,61557,76589,67103,52111,78476,82411,69380,82520,56055,81302,48460,52386,72673,49699,66251,73116,56160,58887,49143,72142,70691,89140,60128,61165,75062,93118,76983,69524,75562,67720,85341,63406,96834,63657,70281,81997,93840,61344,44149,77232,50518,73760,71118,68207,85587,68384,81284,64794,71605,62122,64982,75486,55380,56323,70630,88293,64318,65307,65461,80685,69574,71486,77843,76195,96859,53067,67249,55345,92247,56162,63292,64445,83024,73660,59641,85978,76413,85316,64730,93884,69584,65777,62002
STAT,popedge,Conflicts,229,0,0,0,0,0,0,0,0,0,0,0,0,0,0,0,0,0,0,0,0,0,0,0,0,0,0,0,0,0,0,0,0,0,0,0,0,0,0,0,0,0,0,0,0,0,0,0,0,0,0,0,0,0,0,0,0,0,0,0,0,0,0,0,0,0,0,0,0,0,0,0,0,0,0,0,0,0,0,0,0,0,0,0,0,0,0,0,0,0,0,0,0,0,0,0,0,0,0,0,0,0,0,0,0,0,0,0,0,0,0,0,0,0,0,0,0,0,0,0,0,0,0,0,0,0,0,0,0,0,0,0,0,0,0,0,0,0,0,0,0,0,0,0,0,0,0,0,0,0,0,0,0,0,0,0,0,0,0,0,0,0,0,0,0,0,0,0,0,0,0,0,0,0,0,0,0,0,0,0,0,0,0,0,0,0,0,0,0,0,0,0,0,0,0,0,0,0,0,0,0,0,0,0,0,0,0,0,0,0,0,0,0,0,0,0,0,0,0,0,0,0,0,0,0,0,0,0,0,0,0
STAT,popedge,Iterations,229,7364015,31749,30138,29237,29250,30076,30960,29975,31039,30846,31780,30935,31235,31700,31997,31148,28830,32417,31900,31590,30444,29432,30294,30054,31579,30489,31783,31715,32967,31485,31883,31527,32111,29745,32866,31757,32431,32065,30308,32696,30983,29967,29265,32600,29973,30111,31170,35608,35888,35113,34646,34541,33439,35074,33641,35820,33835,35908,35276,35671,35294,33825,31357,30778,29462,29768,31298,30327,31026,32312,29431,31837,30590,30466,32402,30540,31954,30608,32551,29402,30932,30414,30663,31250,29273,31541,30921,30705,28619,30731,29518,31886,30022,32883,32010,31636,32399,36500,32465,31893,32341,30712,30904,33248,32324,29848,30830,31548,35047,36009,36512,34618,33176,33422,41248,34069,36559,32858,36918,36553,37229,34979,34868,32697,32215,29573,32255,33134,31056,29195,31898,29788,30570,30818,32633,30589,31623,32005,30575,30625,29385,31648,30008,28505,32460,30178,31000,30816,32726,31254,31407,29910,33291,31003,32523,31147,32581,31866,33421,34116,33713,32787,31126,32186,31185,32042,30321,29996,31631,36796,35040,35203,34777,34395,34999,36281,35360,36478,32997,36441,36984,38084,37845,34595,32356,32371,31169,29334,31431,31273,29269,31936,29566,34007,32924,31893,33869,30872,32638,30980,33336,30401,31324,29894,28916,30953,30606,31267,30943,34031,32310,36453,31141,33949,31845,32198,31137,31488,30254,33855,31613,30173,33094,31610,31996,30840,35543,30609,32267,32054
STAT,refine,Conflicts,229,7325,106,109,106,100,101,101,97,99,83,94,78,83,93,79,81,72,65,65,74,71,71,61,62,71,68,58,64,63,59,68,57,50,40,42,44,44,49,49,46,49,53,46,51,40,39,47,49,47,46,53,36,43,38,48,46,37,37,53,38,47,42,18,11,22,18,19,24,16,24,16,30,23,21,19,19,21,23,13,19,25,27,28,14,12,19,25,19,17,28,13,24,19,19,21,13,27,19,20,23,24,21,19,27,18,21,21,21,27,20,29,21,20,26,21,26,18,17,20,25,17,29,21,19,26,20,21,21,22,23,30,15,15,27,19,20,18,19,15,22,24,29,9,20,17,25,19,23,20,17,22,18,19,23,26,23,10,15,19,22,18,22,24,24,27,24,19,23,18,25,30,18,29,22,22,21,22,25,28,22,25,27,19,27,13,21,16,16,25,21,15,20,14,26,16,17,25,24,20,11,20,20,14,17,16,17,24,20,18,22,17,21,12,22,15,23,17,27,24,20,21,17,32,25,28,20,26,23,28,21
STAT,refine,Iterations,229,138461,660,631,657,582,697,704,799,753,599,753,786,623,708,453,680,629,805,532,545,494,633,567,417,731,761,654,574,844,538,631,433,572,685,886,496,563,508,443,745,422,600,550,671,555,504,700,678,687,595,773,506,537,661,542,777,546,707,635,798,575,662,486,413,553,509,582,621,474,647,438,719,697,748,517,382,640,536,566,573,561,599,471,614,415,677,633,552,429,822,552,768,399,657,592,580,741,691,555,488,756,599,593,634,618,609,421,718,707,540,701,835,636,514,776,774,772,541,604,570,610,716,674,509,487,367,581,679,625,555,718,417,464,742,561,528,582,664,431,623,541,627,443,469,678,513,596,431,701,544,592,476,663,592,674,497,652,497,627,521,454,686,561,662,572,609,482,470,647,510,581,510,648,640,619,630,960,761,713,765,604,662,783,840,482,476,630,426,636,745,543,748,551,731,656,705,629,441,652,331,573,542,598,480,523,590,581,602,485,700,571,904,484,561,572,637,619,612,493,680,456,315,719,460,780,491,731,546,665,606
