Hello from MIC
Galois Benchmark Suite v2.2.0 (r0)
Copyright (C) 2013 The University of Texas at Austin
http://iss.ices.utexas.edu/galois/

application: GMetis
Partitions a graph into K parts and minimizing the graph cut
http://iss.ices.utexas.edu/?p=projects/galois/benchmarks/gMetis

INFO: CommandLine /work/02556/dpereira/MIC/apps/gmetis/gmetis -t=66 /work/02556/dpereira/Inputs/USA-road-d.W.gr 16
INFO: Hostname c557-903-mic0.stampede.tacc.utexas.edu
Created Graph with 6262104 nodes and 15248146 edges
Nodes 6262104| Edges 15248146 7624073

  Starting coarsening: 
Time coarsen:  2440 Size of final graph: 425

  Sarting initial partitioning using GGGP:
Size in decade percentages:  -0,16
Time clustering:  359

  Sarting refinnement with BKL2
Initial dist
Size in decade percentages:  -0,16
Refined dist
Size in decade percentages:  -1,5 -0,5 1,6
Time refinement:  833


Time:  3808
Total edge cut : 1545

Part saved in : 0x7fff15221ce0
STATTYPE,LOOP,CATEGORY,n,sum,T0,T1,T2,T3,T4,T5,T6,T7,T8,T9,T10,T11,T12,T13,T14,T15,T16,T17,T18,T19,T20,T21,T22,T23,T24,T25,T26,T27,T28,T29,T30,T31,T32,T33,T34,T35,T36,T37,T38,T39,T40,T41,T42,T43,T44,T45,T46,T47,T48,T49,T50,T51,T52,T53,T54,T55,T56,T57,T58,T59,T60,T61,T62,T63,T64,T65
STAT,(NULL),Coarsen,66,2440,2440,0,0,0,0,0,0,0,0,0,0,0,0,0,0,0,0,0,0,0,0,0,0,0,0,0,0,0,0,0,0,0,0,0,0,0,0,0,0,0,0,0,0,0,0,0,0,0,0,0,0,0,0,0,0,0,0,0,0,0,0,0,0,0,0,0
STAT,(NULL),Conflicts,66,0,0,0,0,0,0,0,0,0,0,0,0,0,0,0,0,0,0,0,0,0,0,0,0,0,0,0,0,0,0,0,0,0,0,0,0,0,0,0,0,0,0,0,0,0,0,0,0,0,0,0,0,0,0,0,0,0,0,0,0,0,0,0,0,0,0,0
STAT,(NULL),Iterations,66,31,5,0,0,0,0,0,0,0,0,0,0,0,0,0,0,0,1,0,0,0,0,0,0,1,0,0,2,0,0,0,0,0,1,0,2,0,0,0,0,4,0,0,3,3,0,0,0,0,0,0,0,0,0,0,3,2,4,0,0,0,0,0,0,0,0,0
STAT,(NULL),MeminfoPost,66,756355,11470,11477,11444,11489,11539,11437,11481,11488,11439,11481,11432,11461,11488,11445,11485,11546,11433,11474,11488,11441,11478,11437,11466,11500,11459,11463,11446,11441,11450,11459,11436,11434,11487,11453,11461,11409,11474,11475,11441,11448,11419,11444,11430,11525,11465,11446,11433,11480,11448,11431,11418,11450,11531,11461,11433,11517,11509,11449,11438,11418,11463,11395,11446,11432,11465,11454
STAT,(NULL),MeminfoPre,66,189085,2875,2882,2849,2894,2944,2842,2886,2893,2844,2886,2837,2866,2893,2850,2890,2951,2838,2879,2893,2846,2883,2842,2871,2905,2864,2868,2851,2846,2855,2864,2841,2839,2892,2858,2866,2814,2879,2880,2846,2853,2824,2849,2835,2930,2870,2851,2838,2885,2853,2836,2823,2855,2936,2866,2838,2922,2914,2854,2843,2823,2868,2800,2851,2837,2870,2859
STAT,(NULL),Partition,66,359,359,0,0,0,0,0,0,0,0,0,0,0,0,0,0,0,0,0,0,0,0,0,0,0,0,0,0,0,0,0,0,0,0,0,0,0,0,0,0,0,0,0,0,0,0,0,0,0,0,0,0,0,0,0,0,0,0,0,0,0,0,0,0,0,0,0
STAT,(NULL),Refine,66,833,833,0,0,0,0,0,0,0,0,0,0,0,0,0,0,0,0,0,0,0,0,0,0,0,0,0,0,0,0,0,0,0,0,0,0,0,0,0,0,0,0,0,0,0,0,0,0,0,0,0,0,0,0,0,0,0,0,0,0,0,0,0,0,0,0,0
STAT,(NULL),Threads,66,66,66,0,0,0,0,0,0,0,0,0,0,0,0,0,0,0,0,0,0,0,0,0,0,0,0,0,0,0,0,0,0,0,0,0,0,0,0,0,0,0,0,0,0,0,0,0,0,0,0,0,0,0,0,0,0,0,0,0,0,0,0,0,0,0,0,0
STAT,(NULL),Time,66,3808,3808,0,0,0,0,0,0,0,0,0,0,0,0,0,0,0,0,0,0,0,0,0,0,0,0,0,0,0,0,0,0,0,0,0,0,0,0,0,0,0,0,0,0,0,0,0,0,0,0,0,0,0,0,0,0,0,0,0,0,0,0,0,0,0,0,0
STAT,match,Conflicts,66,5544,261,149,179,112,161,137,121,92,122,140,118,85,94,79,86,75,108,68,71,76,126,111,71,65,72,83,70,68,90,72,54,55,46,56,54,54,79,57,68,66,68,79,70,65,73,78,64,62,68,68,67,62,68,61,60,58,87,39,89,63,70,91,63,79,58,83
STAT,match,Iterations,66,14985393,194315,200948,215605,201119,207987,222667,224925,230877,231670,220657,233302,221273,220881,230695,224283,224341,218929,233842,228704,242879,230219,235175,224279,207409,230947,229468,227209,223632,222890,226747,220945,238845,224477,239281,227105,246746,229155,239319,223099,221470,233398,231114,232278,212826,228075,233067,229961,217988,243870,241575,234305,227585,216880,234142,220717,231017,228847,245675,252783,243454,244632,224632,223330,219691,216912,218323
STAT,popedge,Conflicts,66,0,0,0,0,0,0,0,0,0,0,0,0,0,0,0,0,0,0,0,0,0,0,0,0,0,0,0,0,0,0,0,0,0,0,0,0,0,0,0,0,0,0,0,0,0,0,0,0,0,0,0,0,0,0,0,0,0,0,0,0,0,0,0,0,0,0,0
STAT,popedge,Iterations,66,7344420,105120,100015,104577,95784,96156,115364,111850,109981,115889,115779,118066,111365,111577,113293,111195,110038,114366,109037,111161,113658,113101,114019,102881,102985,102571,103447,109899,112071,111163,111840,114205,112042,108262,110336,116976,121403,114454,111966,118197,117884,117992,112806,116018,112448,112499,112624,115006,111620,112813,111574,114129,112042,106326,105902,109619,116966,121700,117910,120033,123634,119157,103675,101106,104526,105721,102601
STAT,refine,Conflicts,66,3824,169,156,157,136,126,95,95,90,86,80,78,74,78,81,70,69,59,66,43,55,59,55,48,61,58,58,65,50,52,55,64,38,49,50,39,43,28,26,35,58,44,21,24,51,59,47,22,55,49,47,31,53,55,23,33,36,32,41,41,26,36,26,26,32,25,35
STAT,refine,Iterations,66,33455,685,639,764,602,669,737,501,502,328,594,650,499,518,688,678,686,640,498,322,296,543,566,417,538,495,369,657,312,438,491,611,456,615,545,376,330,322,579,390,592,551,283,457,541,585,316,271,629,470,588,482,550,529,377,458,386,391,359,851,495,462,446,344,492,470,534
