Hello from MIC
Galois Benchmark Suite v2.2.0 (r0)
Copyright (C) 2013 The University of Texas at Austin
http://iss.ices.utexas.edu/galois/

application: GMetis
Partitions a graph into K parts and minimizing the graph cut
http://iss.ices.utexas.edu/?p=projects/galois/benchmarks/gMetis

INFO: CommandLine /work/02556/dpereira/MIC/apps/gmetis/gmetis -t=38 /work/02556/dpereira/Inputs/USA-road-d.W.gr 128
INFO: Hostname c557-901-mic0.stampede.tacc.utexas.edu
Created Graph with 6262104 nodes and 15248146 edges
Nodes 6262104| Edges 15248146 7624073

  Starting coarsening: 
Time coarsen:  3067 Size of final graph: 2996

  Sarting initial partitioning using GGGP:
Size in decade percentages:  -1,8 -0,114 1,6
Time clustering:  395

  Sarting refinnement with BKL2
Initial dist
Size in decade percentages:  -1,8 -0,114 1,6
Refined dist
Size in decade percentages:  -1,46 -0,35 1,47
Time refinement:  614


Time:  4252
Total edge cut : 7880

Part saved in : 0x7fffe251e1e0
STATTYPE,LOOP,CATEGORY,n,sum,T0,T1,T2,T3,T4,T5,T6,T7,T8,T9,T10,T11,T12,T13,T14,T15,T16,T17,T18,T19,T20,T21,T22,T23,T24,T25,T26,T27,T28,T29,T30,T31,T32,T33,T34,T35,T36,T37
STAT,(NULL),Coarsen,38,3067,3067,0,0,0,0,0,0,0,0,0,0,0,0,0,0,0,0,0,0,0,0,0,0,0,0,0,0,0,0,0,0,0,0,0,0,0,0,0
STAT,(NULL),Conflicts,38,0,0,0,0,0,0,0,0,0,0,0,0,0,0,0,0,0,0,0,0,0,0,0,0,0,0,0,0,0,0,0,0,0,0,0,0,0,0,0
STAT,(NULL),Iterations,38,255,10,7,4,5,8,9,3,6,7,13,7,3,10,8,6,10,8,15,6,4,5,7,5,5,6,9,3,6,6,4,9,4,11,7,4,6,5,4
STAT,(NULL),MeminfoPost,38,756290,19926,19898,19995,19904,19919,19906,19893,19915,19997,19896,19937,19897,19884,19942,19914,19880,19888,19857,19915,19900,19845,19934,19875,19831,19910,19939,19867,19911,19857,19870,19976,19891,19980,19879,19828,19856,19875,19903
STAT,(NULL),MeminfoPre,38,189064,4999,4971,5068,4977,4992,4979,4966,4988,5070,4969,5010,4970,4957,5015,4987,4953,4961,4930,4988,4973,4918,5007,4948,4904,4983,5012,4940,4984,4930,4943,5049,4964,5053,4952,4901,4929,4948,4976
STAT,(NULL),Partition,38,395,395,0,0,0,0,0,0,0,0,0,0,0,0,0,0,0,0,0,0,0,0,0,0,0,0,0,0,0,0,0,0,0,0,0,0,0,0,0
STAT,(NULL),Refine,38,614,614,0,0,0,0,0,0,0,0,0,0,0,0,0,0,0,0,0,0,0,0,0,0,0,0,0,0,0,0,0,0,0,0,0,0,0,0,0
STAT,(NULL),Threads,38,38,38,0,0,0,0,0,0,0,0,0,0,0,0,0,0,0,0,0,0,0,0,0,0,0,0,0,0,0,0,0,0,0,0,0,0,0,0,0
STAT,(NULL),Time,38,4252,4252,0,0,0,0,0,0,0,0,0,0,0,0,0,0,0,0,0,0,0,0,0,0,0,0,0,0,0,0,0,0,0,0,0,0,0,0,0
STAT,match,Conflicts,38,4043,261,156,186,111,124,108,100,104,174,87,75,77,110,90,94,91,94,93,85,77,101,86,78,79,91,88,89,85,85,111,92,90,106,134,95,122,122,92
STAT,match,Iterations,38,14960782,360228,369748,360094,372547,400731,392675,388870,376501,367932,402572,385989,415672,393805,381538,385863,394696,376741,397410,384988,404108,409050,390782,398195,408944,409372,371147,409617,398390,416759,397525,356441,395939,399612,414147,413764,421189,419237,417964
STAT,popedge,Conflicts,38,0,0,0,0,0,0,0,0,0,0,0,0,0,0,0,0,0,0,0,0,0,0,0,0,0,0,0,0,0,0,0,0,0,0,0,0,0,0,0
STAT,popedge,Iterations,38,7331535,190686,194360,184542,189513,188758,192699,189408,188098,184990,188496,182762,191920,187048,171193,170343,182088,189307,186644,185994,198979,201591,193781,200158,203406,192490,191892,196550,189371,189495,191890,181868,188752,210926,214410,216471,213430,212207,205019
STAT,refine,Conflicts,38,2279,110,96,88,82,84,60,71,81,74,68,56,67,72,66,68,80,63,46,73,36,49,51,57,46,49,59,42,47,52,42,64,44,43,36,35,36,47,39
STAT,refine,Iterations,38,129324,3150,3018,4743,3631,3154,3350,2993,3265,3840,3387,3193,2806,3080,3225,3077,3264,3270,3359,4131,3555,2628,4058,3181,3900,3563,4214,2872,3581,3254,3366,3798,3219,4680,3055,3226,2419,3415,3404
