Hello from MIC
Galois Benchmark Suite v2.2.0 (r0)
Copyright (C) 2013 The University of Texas at Austin
http://iss.ices.utexas.edu/galois/

application: GMetis
Partitions a graph into K parts and minimizing the graph cut
http://iss.ices.utexas.edu/?p=projects/galois/benchmarks/gMetis

INFO: CommandLine /work/02556/dpereira/MIC/apps/gmetis/gmetis -t=127 /work/02556/dpereira/Inputs/USA-road-d.W.gr 1024
INFO: Hostname c558-401-mic0.stampede.tacc.utexas.edu
Created Graph with 6262104 nodes and 15248146 edges
Nodes 6262104| Edges 15248146 7624073

  Starting coarsening: 
Time coarsen:  2171 Size of final graph: 21605

  Sarting initial partitioning using GGGP:
Size in decade percentages:  -1,73 -0,884 1,67
Time clustering:  976

  Sarting refinnement with BKL2
Initial dist
Size in decade percentages:  -1,73 -0,884 1,67
Refined dist
Size in decade percentages:  -1,359 0,279 1,385 2,1
Time refinement:  1240


Time:  4563
Total edge cut : 31180

Part saved in : 0x7fffa03b4660
STATTYPE,LOOP,CATEGORY,n,sum,T0,T1,T2,T3,T4,T5,T6,T7,T8,T9,T10,T11,T12,T13,T14,T15,T16,T17,T18,T19,T20,T21,T22,T23,T24,T25,T26,T27,T28,T29,T30,T31,T32,T33,T34,T35,T36,T37,T38,T39,T40,T41,T42,T43,T44,T45,T46,T47,T48,T49,T50,T51,T52,T53,T54,T55,T56,T57,T58,T59,T60,T61,T62,T63,T64,T65,T66,T67,T68,T69,T70,T71,T72,T73,T74,T75,T76,T77,T78,T79,T80,T81,T82,T83,T84,T85,T86,T87,T88,T89,T90,T91,T92,T93,T94,T95,T96,T97,T98,T99,T100,T101,T102,T103,T104,T105,T106,T107,T108,T109,T110,T111,T112,T113,T114,T115,T116,T117,T118,T119,T120,T121,T122,T123,T124,T125,T126
STAT,(NULL),Coarsen,127,2171,2171,0,0,0,0,0,0,0,0,0,0,0,0,0,0,0,0,0,0,0,0,0,0,0,0,0,0,0,0,0,0,0,0,0,0,0,0,0,0,0,0,0,0,0,0,0,0,0,0,0,0,0,0,0,0,0,0,0,0,0,0,0,0,0,0,0,0,0,0,0,0,0,0,0,0,0,0,0,0,0,0,0,0,0,0,0,0,0,0,0,0,0,0,0,0,0,0,0,0,0,0,0,0,0,0,0,0,0,0,0,0,0,0,0,0,0,0,0,0,0,0,0,0,0,0,0,0
STAT,(NULL),Conflicts,127,0,0,0,0,0,0,0,0,0,0,0,0,0,0,0,0,0,0,0,0,0,0,0,0,0,0,0,0,0,0,0,0,0,0,0,0,0,0,0,0,0,0,0,0,0,0,0,0,0,0,0,0,0,0,0,0,0,0,0,0,0,0,0,0,0,0,0,0,0,0,0,0,0,0,0,0,0,0,0,0,0,0,0,0,0,0,0,0,0,0,0,0,0,0,0,0,0,0,0,0,0,0,0,0,0,0,0,0,0,0,0,0,0,0,0,0,0,0,0,0,0,0,0,0,0,0,0,0
STAT,(NULL),Iterations,127,2047,11,21,5,14,12,14,18,13,14,14,14,20,20,14,20,22,23,19,8,5,16,11,10,29,16,12,18,18,13,36,15,21,11,20,16,15,9,11,18,12,11,10,26,18,17,24,15,19,17,38,19,18,21,19,13,13,19,23,19,19,13,21,16,13,14,2,35,12,14,15,20,17,11,26,10,21,9,16,11,19,8,14,24,14,19,11,4,18,12,11,21,15,27,9,13,16,19,21,16,26,15,15,12,20,11,13,22,14,8,16,12,15,22,15,10,12,10,19,17,24,14,15,22,14,10,17,14
STAT,(NULL),MeminfoPost,127,756723,5966,5967,5965,5968,5955,5951,5969,5992,6023,5941,5955,5951,5970,5982,5960,5964,5944,5948,5986,5947,5938,5960,5959,5975,5970,5966,5933,5969,5978,6033,5961,5948,5951,5963,5980,5971,5968,5941,5950,5968,5958,5945,5954,5970,5958,5994,5955,5965,5967,5955,5952,5948,5963,5934,5945,5971,5961,5953,5944,5936,5938,5952,5979,5983,5950,5945,5975,5937,5925,5952,5964,5975,5974,5951,5939,5955,5948,5938,5937,5941,5958,5938,5960,5996,5996,5950,5945,5966,5928,5947,5963,5978,5955,5947,5952,5946,5933,5938,5957,5942,5996,5998,5972,5942,5939,5954,5984,5993,5984,5974,5941,5960,5957,5947,5929,5940,5938,5969,5926,5940,5929,5963,5947,5961,5956,5960,5957
STAT,(NULL),MeminfoPre,127,189160,1497,1498,1496,1499,1486,1482,1500,1523,1554,1472,1486,1482,1501,1513,1491,1495,1475,1479,1517,1478,1469,1491,1490,1506,1501,1497,1464,1500,1509,1564,1492,1479,1482,1494,1511,1502,1499,1472,1481,1499,1489,1476,1485,1501,1489,1525,1486,1496,1498,1486,1483,1479,1494,1465,1476,1502,1492,1484,1475,1467,1469,1483,1510,1514,1481,1476,1506,1468,1456,1483,1495,1506,1505,1482,1470,1486,1479,1469,1468,1472,1489,1469,1491,1527,1527,1481,1476,1497,1459,1478,1494,1509,1486,1478,1483,1477,1464,1469,1488,1473,1527,1529,1503,1473,1470,1485,1515,1524,1515,1505,1472,1491,1488,1478,1460,1471,1469,1500,1457,1471,1460,1494,1478,1492,1487,1491,1488
STAT,(NULL),Partition,127,976,976,0,0,0,0,0,0,0,0,0,0,0,0,0,0,0,0,0,0,0,0,0,0,0,0,0,0,0,0,0,0,0,0,0,0,0,0,0,0,0,0,0,0,0,0,0,0,0,0,0,0,0,0,0,0,0,0,0,0,0,0,0,0,0,0,0,0,0,0,0,0,0,0,0,0,0,0,0,0,0,0,0,0,0,0,0,0,0,0,0,0,0,0,0,0,0,0,0,0,0,0,0,0,0,0,0,0,0,0,0,0,0,0,0,0,0,0,0,0,0,0,0,0,0,0,0,0
STAT,(NULL),Refine,127,1240,1240,0,0,0,0,0,0,0,0,0,0,0,0,0,0,0,0,0,0,0,0,0,0,0,0,0,0,0,0,0,0,0,0,0,0,0,0,0,0,0,0,0,0,0,0,0,0,0,0,0,0,0,0,0,0,0,0,0,0,0,0,0,0,0,0,0,0,0,0,0,0,0,0,0,0,0,0,0,0,0,0,0,0,0,0,0,0,0,0,0,0,0,0,0,0,0,0,0,0,0,0,0,0,0,0,0,0,0,0,0,0,0,0,0,0,0,0,0,0,0,0,0,0,0,0,0,0
STAT,(NULL),Threads,127,127,127,0,0,0,0,0,0,0,0,0,0,0,0,0,0,0,0,0,0,0,0,0,0,0,0,0,0,0,0,0,0,0,0,0,0,0,0,0,0,0,0,0,0,0,0,0,0,0,0,0,0,0,0,0,0,0,0,0,0,0,0,0,0,0,0,0,0,0,0,0,0,0,0,0,0,0,0,0,0,0,0,0,0,0,0,0,0,0,0,0,0,0,0,0,0,0,0,0,0,0,0,0,0,0,0,0,0,0,0,0,0,0,0,0,0,0,0,0,0,0,0,0,0,0,0,0,0
STAT,(NULL),Time,127,4563,4563,0,0,0,0,0,0,0,0,0,0,0,0,0,0,0,0,0,0,0,0,0,0,0,0,0,0,0,0,0,0,0,0,0,0,0,0,0,0,0,0,0,0,0,0,0,0,0,0,0,0,0,0,0,0,0,0,0,0,0,0,0,0,0,0,0,0,0,0,0,0,0,0,0,0,0,0,0,0,0,0,0,0,0,0,0,0,0,0,0,0,0,0,0,0,0,0,0,0,0,0,0,0,0,0,0,0,0,0,0,0,0,0,0,0,0,0,0,0,0,0,0,0,0,0,0,0
STAT,match,Conflicts,127,5489,76,72,47,60,57,63,54,52,62,54,63,59,55,53,59,54,52,46,58,47,49,44,43,48,39,43,53,53,37,57,58,47,52,39,44,53,43,52,47,45,50,42,45,50,44,33,61,34,50,40,38,58,66,53,50,57,44,63,54,42,55,38,37,39,41,41,31,27,30,38,39,32,40,37,35,43,27,32,42,32,29,44,26,33,33,38,30,32,37,27,31,35,31,37,31,44,39,38,51,34,37,38,43,34,34,28,32,42,26,28,28,30,45,46,41,39,34,48,58,36,37,35,38,35,36,32,30
STAT,match,Iterations,127,14939290,73244,85737,89698,86312,92579,98421,99875,91808,90037,117898,119329,105080,115948,104463,103697,108600,90155,124204,101234,97792,122476,117245,119634,113822,132928,119930,104476,109891,110896,101122,121959,133745,113925,117115,126819,125206,129414,97342,101509,113335,105389,118693,112028,116594,119284,109329,103211,125299,108639,115152,134356,115068,89927,105343,103419,118629,110543,102637,111767,117962,112938,100263,94802,117581,97669,103908,135040,131982,145788,119010,116730,126654,112599,142949,137990,117155,129368,137572,132152,137218,134503,119751,123385,113784,135286,124147,120703,126783,125355,130999,133229,122717,156959,125406,128429,125720,130878,130989,106357,122463,117937,117095,131031,140977,112448,134599,127682,135135,128411,146324,127184,131428,128073,107019,127513,119476,134004,121499,115268,136938,127016,129952,119490,99007,129355,106278,128771
STAT,popedge,Conflicts,127,0,0,0,0,0,0,0,0,0,0,0,0,0,0,0,0,0,0,0,0,0,0,0,0,0,0,0,0,0,0,0,0,0,0,0,0,0,0,0,0,0,0,0,0,0,0,0,0,0,0,0,0,0,0,0,0,0,0,0,0,0,0,0,0,0,0,0,0,0,0,0,0,0,0,0,0,0,0,0,0,0,0,0,0,0,0,0,0,0,0,0,0,0,0,0,0,0,0,0,0,0,0,0,0,0,0,0,0,0,0,0,0,0,0,0,0,0,0,0,0,0,0,0,0,0,0,0,0
STAT,popedge,Iterations,127,7318298,52394,51485,48861,50077,51813,58117,59483,59375,56581,58542,58773,57850,61035,56077,61319,58892,61479,60423,59179,60726,59899,58667,58707,57809,57089,57366,62509,50704,57953,56619,56002,58463,56804,57196,55606,57358,58727,57749,57340,59065,58440,58621,55924,56162,55626,52785,57949,55066,53620,56704,58525,59317,60542,61133,59324,57403,59235,60593,59725,57197,58165,49649,49337,49749,52184,52290,59216,59792,59429,59305,58521,58629,57590,58511,57737,57916,59580,61561,63198,58514,58592,59288,61327,57767,57588,56089,61642,59028,52294,57890,57885,57298,60608,57284,57439,55319,59833,58481,59926,56040,56040,56916,57860,54345,56078,59223,56627,59969,58430,61854,61470,62952,59292,61310,63015,63541,61980,60534,62491,61427,58362,60241,49742,48940,52018,51957,51189
STAT,refine,Conflicts,127,4616,87,81,81,80,72,71,73,60,56,58,62,59,54,54,62,55,46,54,46,44,51,47,43,49,42,52,40,49,42,63,53,37,37,35,48,41,47,31,39,30,26,48,28,47,45,49,41,44,47,37,30,57,34,23,37,44,36,25,44,29,39,30,29,19,30,20,24,26,24,25,30,27,32,21,27,31,19,20,21,27,18,17,26,24,29,32,30,21,23,26,25,28,24,28,29,31,30,35,34,31,46,22,31,28,16,29,22,31,32,15,22,29,26,20,20,27,20,31,21,22,15,22,21,16,29,19,20
STAT,refine,Iterations,127,422738,2309,2626,2422,2460,2363,2913,3049,3824,4005,2797,3259,2966,3130,3507,3277,3303,2518,2844,2785,3033,2576,2927,3254,3898,3929,2874,3117,3506,3253,4631,3191,3208,2678,3754,3566,3781,3681,2391,2335,3900,2742,3808,2231,3652,3845,4284,3453,3829,3953,2972,3456,3282,3207,2579,2999,3195,3206,2685,2801,3191,3234,2717,2800,3023,3051,2856,3824,3475,3620,3463,3601,3667,3554,3325,3304,3693,3116,3116,3547,3523,3804,2819,3667,3461,4522,3453,3681,3768,3481,4082,4584,3788,3777,2931,3605,3067,3967,3901,3277,2819,4305,4088,3826,3194,2904,4313,4108,4612,4198,3646,3361,4203,3118,2883,2933,2833,3244,3516,3123,3083,2842,3785,3021,2622,2879,2897,3028
