Hello from MIC
Galois Benchmark Suite v2.2.0 (r0)
Copyright (C) 2013 The University of Texas at Austin
http://iss.ices.utexas.edu/galois/

application: GMetis
Partitions a graph into K parts and minimizing the graph cut
http://iss.ices.utexas.edu/?p=projects/galois/benchmarks/gMetis

INFO: CommandLine /work/02556/dpereira/MIC/apps/gmetis/gmetis -t=242 /work/02556/dpereira/Inputs/USA-road-d.W.gr 1024
INFO: Hostname c557-803-mic0.stampede.tacc.utexas.edu
Created Graph with 6262104 nodes and 15248146 edges
Nodes 6262104| Edges 15248146 7624073

  Starting coarsening: 
Time coarsen:  3407 Size of final graph: 22295

  Sarting initial partitioning using GGGP:
Size in decade percentages:  -1,63 -0,889 1,72
Time clustering:  1211

  Sarting refinnement with BKL2
Initial dist
Size in decade percentages:  -1,63 -0,889 1,72
Refined dist
Size in decade percentages:  -1,352 0,309 1,362 3,1
Time refinement:  2254


Time:  7055
Total edge cut : 32008

Part saved in : 0x7fff71cfa460
STATTYPE,LOOP,CATEGORY,n,sum,T0,T1,T2,T3,T4,T5,T6,T7,T8,T9,T10,T11,T12,T13,T14,T15,T16,T17,T18,T19,T20,T21,T22,T23,T24,T25,T26,T27,T28,T29,T30,T31,T32,T33,T34,T35,T36,T37,T38,T39,T40,T41,T42,T43,T44,T45,T46,T47,T48,T49,T50,T51,T52,T53,T54,T55,T56,T57,T58,T59,T60,T61,T62,T63,T64,T65,T66,T67,T68,T69,T70,T71,T72,T73,T74,T75,T76,T77,T78,T79,T80,T81,T82,T83,T84,T85,T86,T87,T88,T89,T90,T91,T92,T93,T94,T95,T96,T97,T98,T99,T100,T101,T102,T103,T104,T105,T106,T107,T108,T109,T110,T111,T112,T113,T114,T115,T116,T117,T118,T119,T120,T121,T122,T123,T124,T125,T126,T127,T128,T129,T130,T131,T132,T133,T134,T135,T136,T137,T138,T139,T140,T141,T142,T143,T144,T145,T146,T147,T148,T149,T150,T151,T152,T153,T154,T155,T156,T157,T158,T159,T160,T161,T162,T163,T164,T165,T166,T167,T168,T169,T170,T171,T172,T173,T174,T175,T176,T177,T178,T179,T180,T181,T182,T183,T184,T185,T186,T187,T188,T189,T190,T191,T192,T193,T194,T195,T196,T197,T198,T199,T200,T201,T202,T203,T204,T205,T206,T207,T208,T209,T210,T211,T212,T213,T214,T215,T216,T217,T218,T219,T220,T221,T222,T223,T224,T225,T226,T227,T228,T229,T230,T231,T232,T233,T234,T235,T236,T237,T238,T239,T240,T241
STAT,(NULL),Coarsen,242,3407,3407,0,0,0,0,0,0,0,0,0,0,0,0,0,0,0,0,0,0,0,0,0,0,0,0,0,0,0,0,0,0,0,0,0,0,0,0,0,0,0,0,0,0,0,0,0,0,0,0,0,0,0,0,0,0,0,0,0,0,0,0,0,0,0,0,0,0,0,0,0,0,0,0,0,0,0,0,0,0,0,0,0,0,0,0,0,0,0,0,0,0,0,0,0,0,0,0,0,0,0,0,0,0,0,0,0,0,0,0,0,0,0,0,0,0,0,0,0,0,0,0,0,0,0,0,0,0,0,0,0,0,0,0,0,0,0,0,0,0,0,0,0,0,0,0,0,0,0,0,0,0,0,0,0,0,0,0,0,0,0,0,0,0,0,0,0,0,0,0,0,0,0,0,0,0,0,0,0,0,0,0,0,0,0,0,0,0,0,0,0,0,0,0,0,0,0,0,0,0,0,0,0,0,0,0,0,0,0,0,0,0,0,0,0,0,0,0,0,0,0,0,0,0,0,0,0,0,0,0,0,0,0,0,0,0,0,0,0,0,0,0,0
STAT,(NULL),Conflicts,242,0,0,0,0,0,0,0,0,0,0,0,0,0,0,0,0,0,0,0,0,0,0,0,0,0,0,0,0,0,0,0,0,0,0,0,0,0,0,0,0,0,0,0,0,0,0,0,0,0,0,0,0,0,0,0,0,0,0,0,0,0,0,0,0,0,0,0,0,0,0,0,0,0,0,0,0,0,0,0,0,0,0,0,0,0,0,0,0,0,0,0,0,0,0,0,0,0,0,0,0,0,0,0,0,0,0,0,0,0,0,0,0,0,0,0,0,0,0,0,0,0,0,0,0,0,0,0,0,0,0,0,0,0,0,0,0,0,0,0,0,0,0,0,0,0,0,0,0,0,0,0,0,0,0,0,0,0,0,0,0,0,0,0,0,0,0,0,0,0,0,0,0,0,0,0,0,0,0,0,0,0,0,0,0,0,0,0,0,0,0,0,0,0,0,0,0,0,0,0,0,0,0,0,0,0,0,0,0,0,0,0,0,0,0,0,0,0,0,0,0,0,0,0,0,0,0,0,0,0,0,0,0,0,0,0,0,0,0,0,0,0,0,0
STAT,(NULL),Iterations,242,2047,11,5,8,25,7,9,10,12,17,10,14,16,12,10,12,11,10,5,6,11,3,4,2,6,3,12,4,8,8,6,11,6,16,7,2,8,12,5,6,7,10,4,4,8,7,6,12,9,13,14,2,7,10,8,14,6,16,9,9,8,11,21,6,4,8,4,15,18,6,20,10,15,13,14,16,5,15,4,12,7,11,7,8,3,15,7,4,2,8,5,5,4,3,9,8,7,16,8,5,16,9,9,10,4,4,0,13,12,10,6,8,10,9,3,12,2,2,20,11,10,5,13,23,3,3,9,7,11,8,8,18,9,13,18,7,7,8,11,0,9,11,3,5,1,5,3,1,6,11,6,8,8,3,3,10,4,6,7,16,12,2,4,10,5,8,2,7,7,13,8,5,8,6,6,9,10,6,10,8,9,9,7,5,10,9,5,14,12,13,21,6,16,13,6,11,5,5,6,20,4,10,6,7,5,6,8,8,4,9,0,10,3,9,6,3,5,11,4,7,7,6,3,3,6,0,7,14,4,19,3,15,7,15,15,6,7,11,10,9,4,11,13
STAT,(NULL),MeminfoPost,242,757567,3135,3132,3128,3139,3134,3142,3131,3128,3141,3115,3120,3142,3132,3148,3147,3174,3151,3132,3118,3129,3126,3120,3139,3136,3134,3146,3135,3130,3140,3136,3117,3122,3127,3125,3142,3148,3127,3122,3121,3121,3132,3133,3118,3142,3144,3136,3135,3133,3123,3138,3121,3134,3129,3146,3134,3166,3173,3143,3120,3126,3123,3127,3130,3126,3137,3137,3146,3138,3134,3134,3131,3120,3127,3121,3134,3135,3143,3123,3130,3118,3127,3127,3141,3133,3128,3128,3141,3164,3125,3124,3136,3138,3135,3126,3130,3137,3122,3130,3121,3122,3141,3120,3114,3119,3132,3133,3140,3132,3131,3120,3130,3124,3125,3120,3112,3124,3133,3120,3125,3152,3149,3139,3131,3119,3123,3124,3137,3139,3122,3115,3114,3116,3130,3130,3134,3134,3142,3137,3141,3123,3131,3118,3124,3134,3124,3125,3126,3124,3114,3116,3116,3130,3113,3144,3121,3119,3115,3143,3143,3155,3149,3152,3131,3120,3125,3121,3146,3121,3114,3113,3127,3131,3132,3136,3142,3132,3131,3120,3124,3132,3125,3125,3121,3121,3114,3125,3115,3138,3120,3115,3141,3154,3148,3153,3147,3133,3127,3122,3125,3117,3121,3131,3137,3153,3152,3141,3139,3150,3147,3126,3117,3124,3143,3119,3125,3129,3130,3112,3121,3115,3124,3123,3122,3147,3117,3116,3109,3132,3113,3119,3137,3120,3124,3121,3127,3134,3130,3130,3133,3129,3128,3127
STAT,(NULL),MeminfoPre,242,189351,787,784,780,791,786,794,783,780,793,767,772,794,784,800,799,826,803,784,770,781,778,772,791,788,786,798,787,782,792,788,769,774,779,777,794,800,779,774,773,773,784,785,770,794,796,788,787,785,775,790,773,786,781,798,786,818,825,795,772,778,775,779,782,778,789,789,798,790,786,786,783,772,779,773,786,787,795,775,782,770,779,779,793,785,780,780,793,816,777,776,788,790,787,778,782,789,774,782,773,774,793,772,766,771,784,785,792,784,783,772,782,776,777,772,764,776,785,772,777,804,801,791,783,771,775,776,789,791,774,767,766,768,782,782,786,786,794,789,793,775,783,770,776,786,776,777,778,776,766,768,768,782,765,796,773,771,767,795,795,807,801,804,783,772,777,773,798,773,766,765,779,783,784,788,794,784,783,772,776,784,777,777,773,773,766,777,767,790,772,767,793,806,800,805,799,785,779,774,777,769,773,783,789,805,804,793,791,802,799,778,769,776,795,771,777,781,782,764,773,767,776,775,774,799,769,768,761,784,765,771,789,772,776,773,779,786,782,782,785,781,780,779
STAT,(NULL),Partition,242,1211,1211,0,0,0,0,0,0,0,0,0,0,0,0,0,0,0,0,0,0,0,0,0,0,0,0,0,0,0,0,0,0,0,0,0,0,0,0,0,0,0,0,0,0,0,0,0,0,0,0,0,0,0,0,0,0,0,0,0,0,0,0,0,0,0,0,0,0,0,0,0,0,0,0,0,0,0,0,0,0,0,0,0,0,0,0,0,0,0,0,0,0,0,0,0,0,0,0,0,0,0,0,0,0,0,0,0,0,0,0,0,0,0,0,0,0,0,0,0,0,0,0,0,0,0,0,0,0,0,0,0,0,0,0,0,0,0,0,0,0,0,0,0,0,0,0,0,0,0,0,0,0,0,0,0,0,0,0,0,0,0,0,0,0,0,0,0,0,0,0,0,0,0,0,0,0,0,0,0,0,0,0,0,0,0,0,0,0,0,0,0,0,0,0,0,0,0,0,0,0,0,0,0,0,0,0,0,0,0,0,0,0,0,0,0,0,0,0,0,0,0,0,0,0,0,0,0,0,0,0,0,0,0,0,0,0,0,0,0,0,0,0,0
STAT,(NULL),Refine,242,2254,2254,0,0,0,0,0,0,0,0,0,0,0,0,0,0,0,0,0,0,0,0,0,0,0,0,0,0,0,0,0,0,0,0,0,0,0,0,0,0,0,0,0,0,0,0,0,0,0,0,0,0,0,0,0,0,0,0,0,0,0,0,0,0,0,0,0,0,0,0,0,0,0,0,0,0,0,0,0,0,0,0,0,0,0,0,0,0,0,0,0,0,0,0,0,0,0,0,0,0,0,0,0,0,0,0,0,0,0,0,0,0,0,0,0,0,0,0,0,0,0,0,0,0,0,0,0,0,0,0,0,0,0,0,0,0,0,0,0,0,0,0,0,0,0,0,0,0,0,0,0,0,0,0,0,0,0,0,0,0,0,0,0,0,0,0,0,0,0,0,0,0,0,0,0,0,0,0,0,0,0,0,0,0,0,0,0,0,0,0,0,0,0,0,0,0,0,0,0,0,0,0,0,0,0,0,0,0,0,0,0,0,0,0,0,0,0,0,0,0,0,0,0,0,0,0,0,0,0,0,0,0,0,0,0,0,0,0,0,0,0,0,0
STAT,(NULL),Threads,242,242,242,0,0,0,0,0,0,0,0,0,0,0,0,0,0,0,0,0,0,0,0,0,0,0,0,0,0,0,0,0,0,0,0,0,0,0,0,0,0,0,0,0,0,0,0,0,0,0,0,0,0,0,0,0,0,0,0,0,0,0,0,0,0,0,0,0,0,0,0,0,0,0,0,0,0,0,0,0,0,0,0,0,0,0,0,0,0,0,0,0,0,0,0,0,0,0,0,0,0,0,0,0,0,0,0,0,0,0,0,0,0,0,0,0,0,0,0,0,0,0,0,0,0,0,0,0,0,0,0,0,0,0,0,0,0,0,0,0,0,0,0,0,0,0,0,0,0,0,0,0,0,0,0,0,0,0,0,0,0,0,0,0,0,0,0,0,0,0,0,0,0,0,0,0,0,0,0,0,0,0,0,0,0,0,0,0,0,0,0,0,0,0,0,0,0,0,0,0,0,0,0,0,0,0,0,0,0,0,0,0,0,0,0,0,0,0,0,0,0,0,0,0,0,0,0,0,0,0,0,0,0,0,0,0,0,0,0,0,0,0,0,0
STAT,(NULL),Time,242,7055,7055,0,0,0,0,0,0,0,0,0,0,0,0,0,0,0,0,0,0,0,0,0,0,0,0,0,0,0,0,0,0,0,0,0,0,0,0,0,0,0,0,0,0,0,0,0,0,0,0,0,0,0,0,0,0,0,0,0,0,0,0,0,0,0,0,0,0,0,0,0,0,0,0,0,0,0,0,0,0,0,0,0,0,0,0,0,0,0,0,0,0,0,0,0,0,0,0,0,0,0,0,0,0,0,0,0,0,0,0,0,0,0,0,0,0,0,0,0,0,0,0,0,0,0,0,0,0,0,0,0,0,0,0,0,0,0,0,0,0,0,0,0,0,0,0,0,0,0,0,0,0,0,0,0,0,0,0,0,0,0,0,0,0,0,0,0,0,0,0,0,0,0,0,0,0,0,0,0,0,0,0,0,0,0,0,0,0,0,0,0,0,0,0,0,0,0,0,0,0,0,0,0,0,0,0,0,0,0,0,0,0,0,0,0,0,0,0,0,0,0,0,0,0,0,0,0,0,0,0,0,0,0,0,0,0,0,0,0,0,0,0,0
STAT,match,Conflicts,242,5937,41,43,39,44,36,35,36,40,44,37,30,40,40,30,42,35,40,35,40,32,28,31,35,34,35,27,36,33,29,38,29,28,26,28,31,26,25,35,34,31,22,25,34,31,27,27,34,35,24,29,35,31,25,33,23,26,26,31,33,26,28,25,23,25,22,20,18,21,27,21,24,20,25,21,19,27,13,22,27,26,22,18,20,27,16,27,24,22,19,23,24,25,24,21,26,24,26,27,19,18,18,16,19,22,18,17,16,24,23,21,18,17,21,24,20,20,23,21,21,26,22,17,16,23,19,21,22,21,25,23,21,26,26,18,30,21,25,22,25,18,21,21,15,24,26,17,23,29,26,25,30,22,18,23,20,20,26,22,20,21,23,18,19,18,22,26,24,22,19,26,19,25,22,22,20,25,25,15,18,25,20,15,23,22,23,24,22,21,19,28,22,24,22,21,26,31,19,27,17,29,22,27,20,23,24,25,20,22,20,21,20,23,30,20,24,22,25,22,24,16,24,21,19,25,18,20,18,17,20,23,17,17,17,26,18,25,22,17,18,18,19,24
STAT,match,Iterations,242,15011538,28586,47021,39410,42105,42046,44692,54692,57562,39779,79720,55365,41387,58507,42921,58075,55103,52867,49457,64271,56714,42346,53633,56384,39160,59421,44601,44918,37041,56776,39531,50066,81808,49926,55418,54497,61913,71017,47596,53205,48451,64939,66632,44510,44041,58754,50631,49087,54984,55353,40852,47563,50159,54268,60001,58483,44093,66493,50016,46828,47562,65887,68163,73942,68112,68693,65985,104287,81697,73194,65252,54455,73296,58984,82442,60270,62028,89343,80630,68641,79569,66689,57434,82893,69785,74185,48966,67780,77171,62308,69023,67985,42820,60886,75780,71285,41305,62603,49261,61311,81316,67825,57670,61318,63877,54007,59032,68679,61565,66756,57934,79179,75571,51275,56981,66339,64249,68915,81127,68924,72141,77394,70588,92194,68837,63525,50280,62642,50918,66124,72911,72653,61119,58009,60133,75099,52767,81169,54674,70432,53045,84765,49084,78907,41152,66539,63963,58265,43748,59651,66620,64518,76172,84871,48704,48576,76045,66987,68150,77101,56223,66565,69754,71281,84395,65079,74640,61163,55736,51839,86187,61658,54626,63802,47475,62701,48968,64927,76896,63751,55355,55762,80783,71567,51268,69976,57927,67433,65255,49708,46472,65814,69693,72645,57759,62726,64055,55212,65199,53069,73140,45530,79749,49918,46606,71530,42580,56696,71858,58572,74259,60026,71235,59574,49114,65050,68768,70991,75843,59318,69944,53917,80557,64579,52563,59700,86239,73173,69213,73107,60939,77534,67903,59126,65829,69043,74275,47494,77237,55330,62732,67699,77116
STAT,popedge,Conflicts,242,0,0,0,0,0,0,0,0,0,0,0,0,0,0,0,0,0,0,0,0,0,0,0,0,0,0,0,0,0,0,0,0,0,0,0,0,0,0,0,0,0,0,0,0,0,0,0,0,0,0,0,0,0,0,0,0,0,0,0,0,0,0,0,0,0,0,0,0,0,0,0,0,0,0,0,0,0,0,0,0,0,0,0,0,0,0,0,0,0,0,0,0,0,0,0,0,0,0,0,0,0,0,0,0,0,0,0,0,0,0,0,0,0,0,0,0,0,0,0,0,0,0,0,0,0,0,0,0,0,0,0,0,0,0,0,0,0,0,0,0,0,0,0,0,0,0,0,0,0,0,0,0,0,0,0,0,0,0,0,0,0,0,0,0,0,0,0,0,0,0,0,0,0,0,0,0,0,0,0,0,0,0,0,0,0,0,0,0,0,0,0,0,0,0,0,0,0,0,0,0,0,0,0,0,0,0,0,0,0,0,0,0,0,0,0,0,0,0,0,0,0,0,0,0,0,0,0,0,0,0,0,0,0,0,0,0,0,0,0,0,0,0,0
STAT,popedge,Iterations,242,7353946,29602,31053,28042,28699,30263,29240,29030,28891,29396,28158,29166,28825,29780,30322,29740,28158,30749,29281,31457,29842,28971,31246,28516,29248,29201,29276,29311,30696,29949,30077,28130,31506,28106,29444,30020,29723,29382,30765,29845,31552,29291,31962,30593,28464,29779,30098,29242,29673,30100,32086,30785,30003,31752,28978,29526,27360,29249,31195,29456,33341,32814,29145,31455,29284,30270,28535,29272,28759,31225,30800,28836,29926,29303,31365,27826,30441,31640,30849,29633,31548,30043,29965,31563,30427,29327,28917,29534,27992,30658,29645,28188,28502,29062,30235,29944,30693,30712,29759,28852,31503,30886,32517,32100,29534,29709,29920,29630,30132,30083,30020,31774,29855,30527,30666,30428,30180,30211,32775,31431,30325,34895,33078,34762,30791,29899,31482,29087,32809,30115,30295,28324,29761,30684,28482,29922,29466,31252,29211,31065,30314,31523,30391,32021,30444,30918,31849,29929,31609,31348,30764,31515,30282,30525,31019,30190,34063,32074,31443,30766,29270,31282,30604,29806,30437,30523,29867,29986,31993,31675,31752,32332,31706,30650,30952,29651,28484,29105,31454,29691,30507,30390,34391,34004,29606,29738,29408,30524,29330,31112,29879,30597,32743,29778,29071,30516,31971,29878,30161,27947,30960,31027,31615,31615,33370,30242,31158,30979,30140,30215,31599,30888,31499,30942,31541,30948,29124,31069,30311,29868,30675,31138,29633,30354,31276,30978,31303,30974,29963,30878,30574,30865,29486,30701,32361,32316,29707,28823,30665,31827,31396,30702,28362
STAT,refine,Conflicts,242,6485,93,92,78,84,77,80,81,74,67,67,65,64,63,58,71,60,58,48,47,50,51,45,49,49,51,46,56,46,51,56,46,28,44,37,33,40,35,35,39,32,27,38,40,31,33,26,34,32,39,45,34,36,33,44,41,29,47,41,37,46,34,22,14,20,24,26,23,19,16,23,20,11,28,20,17,20,17,31,15,22,18,22,17,22,24,14,23,22,20,24,21,19,12,22,24,19,17,16,18,22,19,13,11,20,16,22,18,17,20,17,19,14,22,19,21,19,18,20,18,17,15,19,20,20,23,23,29,17,27,24,24,18,26,18,15,19,27,19,22,15,26,11,18,15,28,16,14,25,22,16,28,16,16,18,22,19,18,18,19,15,22,20,21,22,15,13,17,11,17,21,24,18,11,14,22,28,20,17,27,18,19,20,16,14,25,22,20,20,23,19,16,18,22,20,24,18,22,24,22,23,19,21,23,21,19,20,18,7,18,19,16,12,16,16,20,24,20,18,15,13,16,15,13,21,19,18,28,20,8,23,13,19,21,15,16,13,18,21,16,14,26,15
STAT,refine,Iterations,242,436170,1275,1764,1863,1669,1581,1521,1597,1750,1630,1626,1468,1861,1713,1474,2257,1961,2298,1319,2058,1760,1625,1594,1967,1531,1588,1362,1985,938,1855,1959,1629,1913,1861,1432,1380,1854,1862,1516,1698,1299,1764,1455,1721,1105,1757,1546,1467,1778,1454,1869,1581,1755,1434,2357,1771,1906,2409,2449,1357,1852,1919,1878,1625,1791,2198,2115,2706,2020,2010,1897,1832,2084,1857,2256,1425,2274,2061,2631,1704,2386,1263,1588,2096,2106,1781,1854,2036,2299,1751,2233,2059,1485,1421,2304,2171,1548,1521,1960,1475,2122,1949,1629,1219,1362,1529,1864,1892,1657,1797,1570,1707,1410,1630,2023,1776,1733,2248,2073,1532,1685,1764,1973,2436,1690,1434,1551,1834,1748,1946,1708,1552,1698,1997,1654,2075,1467,3187,2216,2631,1267,2802,1054,2250,1559,1850,1561,1566,2149,1764,1231,2611,2246,1885,1764,1811,2519,1466,1539,1818,1605,1893,2098,1840,1639,1640,1640,1666,1314,1668,2173,1704,2027,1993,1490,2230,1406,1801,1852,1814,1683,1472,1985,1969,1630,1901,1885,2125,2067,1656,1679,1555,1988,2181,2108,1902,2093,1646,1834,1365,2023,1582,2495,1425,1916,2131,1989,1885,1645,1696,2251,1240,1796,1741,1502,2026,1686,2043,1808,1361,1653,1555,1663,1759,1859,1144,2110,1758,1838,1715,1853,1988,1374,1602,2082,2027,1972,901,1811,1811,1779,2227,1851
