Hello from MIC
Galois Benchmark Suite v2.2.0 (r0)
Copyright (C) 2013 The University of Texas at Austin
http://iss.ices.utexas.edu/galois/

application: GMetis
Partitions a graph into K parts and minimizing the graph cut
http://iss.ices.utexas.edu/?p=projects/galois/benchmarks/gMetis

INFO: CommandLine /work/02556/dpereira/MIC/apps/gmetis/gmetis -t=118 /work/02556/dpereira/Inputs/USA-road-d.W.gr 1024
INFO: Hostname c558-401-mic0.stampede.tacc.utexas.edu
Created Graph with 6262104 nodes and 15248146 edges
Nodes 6262104| Edges 15248146 7624073

  Starting coarsening: 
Time coarsen:  2074 Size of final graph: 21593

  Sarting initial partitioning using GGGP:
Size in decade percentages:  -1,73 -0,869 1,82
Time clustering:  886

  Sarting refinnement with BKL2
Initial dist
Size in decade percentages:  -1,73 -0,869 1,82
Refined dist
Size in decade percentages:  -1,368 0,280 1,375 3,1
Time refinement:  1132


Time:  4272
Total edge cut : 31609

Part saved in : 0x7fffe0819de0
STATTYPE,LOOP,CATEGORY,n,sum,T0,T1,T2,T3,T4,T5,T6,T7,T8,T9,T10,T11,T12,T13,T14,T15,T16,T17,T18,T19,T20,T21,T22,T23,T24,T25,T26,T27,T28,T29,T30,T31,T32,T33,T34,T35,T36,T37,T38,T39,T40,T41,T42,T43,T44,T45,T46,T47,T48,T49,T50,T51,T52,T53,T54,T55,T56,T57,T58,T59,T60,T61,T62,T63,T64,T65,T66,T67,T68,T69,T70,T71,T72,T73,T74,T75,T76,T77,T78,T79,T80,T81,T82,T83,T84,T85,T86,T87,T88,T89,T90,T91,T92,T93,T94,T95,T96,T97,T98,T99,T100,T101,T102,T103,T104,T105,T106,T107,T108,T109,T110,T111,T112,T113,T114,T115,T116,T117
STAT,(NULL),Coarsen,118,2074,2074,0,0,0,0,0,0,0,0,0,0,0,0,0,0,0,0,0,0,0,0,0,0,0,0,0,0,0,0,0,0,0,0,0,0,0,0,0,0,0,0,0,0,0,0,0,0,0,0,0,0,0,0,0,0,0,0,0,0,0,0,0,0,0,0,0,0,0,0,0,0,0,0,0,0,0,0,0,0,0,0,0,0,0,0,0,0,0,0,0,0,0,0,0,0,0,0,0,0,0,0,0,0,0,0,0,0,0,0,0,0,0,0,0,0,0,0,0
STAT,(NULL),Conflicts,118,0,0,0,0,0,0,0,0,0,0,0,0,0,0,0,0,0,0,0,0,0,0,0,0,0,0,0,0,0,0,0,0,0,0,0,0,0,0,0,0,0,0,0,0,0,0,0,0,0,0,0,0,0,0,0,0,0,0,0,0,0,0,0,0,0,0,0,0,0,0,0,0,0,0,0,0,0,0,0,0,0,0,0,0,0,0,0,0,0,0,0,0,0,0,0,0,0,0,0,0,0,0,0,0,0,0,0,0,0,0,0,0,0,0,0,0,0,0,0
STAT,(NULL),Iterations,118,2047,11,12,26,19,15,12,11,9,12,23,8,11,16,16,14,19,13,17,15,20,19,14,15,14,11,11,19,5,7,22,19,25,20,22,23,12,18,9,9,19,11,23,23,41,30,30,28,16,28,20,19,16,20,35,18,14,18,11,17,19,29,16,13,24,23,17,11,21,19,12,19,10,11,8,18,17,19,14,12,14,11,19,19,21,17,24,11,15,14,15,18,18,25,8,11,11,8,19,16,17,13,23,21,29,20,27,21,16,16,15,15,28,15,14,24,14,23,20
STAT,(NULL),MeminfoPost,118,756757,6417,6420,6434,6408,6411,6408,6435,6489,6413,6401,6408,6424,6439,6415,6417,6395,6422,6427,6394,6405,6403,6442,6427,6407,6402,6420,6440,6485,6407,6406,6413,6423,6429,6423,6404,6404,6420,6417,6399,6405,6428,6408,6457,6402,6424,6412,6419,6401,6399,6407,6393,6425,6418,6404,6402,6385,6406,6397,6452,6423,6394,6417,6405,6381,6402,6418,6434,6419,6407,6410,6397,6403,6385,6397,6391,6409,6404,6455,6454,6402,6399,6415,6382,6412,6429,6417,6400,6409,6403,6386,6391,6411,6402,6451,6451,6417,6399,6389,6420,6458,6435,6444,6396,6410,6415,6399,6380,6391,6429,6382,6387,6390,6410,6394,6412,6414,6414,6410
STAT,(NULL),MeminfoPre,118,189177,1607,1610,1624,1598,1601,1598,1625,1679,1603,1591,1598,1614,1629,1605,1607,1585,1612,1617,1584,1595,1593,1632,1617,1597,1592,1610,1630,1675,1597,1596,1603,1613,1619,1613,1594,1594,1610,1607,1589,1595,1618,1598,1647,1592,1614,1602,1609,1591,1589,1597,1583,1615,1608,1594,1592,1575,1596,1587,1642,1613,1584,1607,1595,1571,1592,1608,1624,1609,1597,1600,1587,1593,1575,1587,1581,1599,1594,1645,1644,1592,1589,1605,1572,1602,1619,1607,1590,1599,1593,1576,1581,1601,1592,1641,1641,1607,1589,1579,1610,1648,1625,1634,1586,1600,1605,1589,1570,1581,1619,1572,1577,1580,1600,1584,1602,1604,1604,1600
STAT,(NULL),Partition,118,886,886,0,0,0,0,0,0,0,0,0,0,0,0,0,0,0,0,0,0,0,0,0,0,0,0,0,0,0,0,0,0,0,0,0,0,0,0,0,0,0,0,0,0,0,0,0,0,0,0,0,0,0,0,0,0,0,0,0,0,0,0,0,0,0,0,0,0,0,0,0,0,0,0,0,0,0,0,0,0,0,0,0,0,0,0,0,0,0,0,0,0,0,0,0,0,0,0,0,0,0,0,0,0,0,0,0,0,0,0,0,0,0,0,0,0,0,0,0
STAT,(NULL),Refine,118,1132,1132,0,0,0,0,0,0,0,0,0,0,0,0,0,0,0,0,0,0,0,0,0,0,0,0,0,0,0,0,0,0,0,0,0,0,0,0,0,0,0,0,0,0,0,0,0,0,0,0,0,0,0,0,0,0,0,0,0,0,0,0,0,0,0,0,0,0,0,0,0,0,0,0,0,0,0,0,0,0,0,0,0,0,0,0,0,0,0,0,0,0,0,0,0,0,0,0,0,0,0,0,0,0,0,0,0,0,0,0,0,0,0,0,0,0,0,0,0
STAT,(NULL),Threads,118,118,118,0,0,0,0,0,0,0,0,0,0,0,0,0,0,0,0,0,0,0,0,0,0,0,0,0,0,0,0,0,0,0,0,0,0,0,0,0,0,0,0,0,0,0,0,0,0,0,0,0,0,0,0,0,0,0,0,0,0,0,0,0,0,0,0,0,0,0,0,0,0,0,0,0,0,0,0,0,0,0,0,0,0,0,0,0,0,0,0,0,0,0,0,0,0,0,0,0,0,0,0,0,0,0,0,0,0,0,0,0,0,0,0,0,0,0,0,0
STAT,(NULL),Time,118,4272,4272,0,0,0,0,0,0,0,0,0,0,0,0,0,0,0,0,0,0,0,0,0,0,0,0,0,0,0,0,0,0,0,0,0,0,0,0,0,0,0,0,0,0,0,0,0,0,0,0,0,0,0,0,0,0,0,0,0,0,0,0,0,0,0,0,0,0,0,0,0,0,0,0,0,0,0,0,0,0,0,0,0,0,0,0,0,0,0,0,0,0,0,0,0,0,0,0,0,0,0,0,0,0,0,0,0,0,0,0,0,0,0,0,0,0,0,0,0
STAT,match,Conflicts,118,5614,79,67,66,87,69,66,72,61,60,52,71,73,74,62,68,44,55,62,56,55,70,46,77,60,71,51,59,69,65,58,41,43,58,54,55,36,50,66,37,61,46,40,42,46,56,48,46,47,52,47,45,57,43,64,39,56,45,30,39,37,33,39,46,25,47,23,33,34,55,40,29,47,43,44,24,52,35,40,46,32,33,40,32,47,35,53,28,42,41,47,44,39,28,37,37,48,43,38,46,36,42,31,33,35,32,51,39,39,41,46,42,50,43,29,45,35,32,37
STAT,match,Iterations,118,14935630,99084,114836,102592,106986,101653,109869,100650,110335,124328,112521,117651,99756,118338,111708,109374,141681,104795,100829,113828,113387,120383,127408,92969,114711,109468,119667,116856,100949,127081,112732,135765,121709,125043,103182,122560,135766,118178,110531,124841,109656,113520,119893,103571,131595,130871,131869,125507,105429,117418,121374,136484,100137,118372,118768,122974,110952,139022,160242,127196,142333,159584,132317,138957,145892,140736,136763,120801,139421,122586,144598,141663,151166,131498,125261,156729,118058,139069,127692,125553,144240,141248,144091,143282,129313,145445,126812,148228,137314,141811,143720,134497,142468,146134,139746,122263,141796,121961,136850,145298,134332,147985,131042,136492,133825,138620,129795,128438,139286,129528,118267,136098,121994,121378,132903,140300,133036,139179,127088
STAT,popedge,Conflicts,118,0,0,0,0,0,0,0,0,0,0,0,0,0,0,0,0,0,0,0,0,0,0,0,0,0,0,0,0,0,0,0,0,0,0,0,0,0,0,0,0,0,0,0,0,0,0,0,0,0,0,0,0,0,0,0,0,0,0,0,0,0,0,0,0,0,0,0,0,0,0,0,0,0,0,0,0,0,0,0,0,0,0,0,0,0,0,0,0,0,0,0,0,0,0,0,0,0,0,0,0,0,0,0,0,0,0,0,0,0,0,0,0,0,0,0,0,0,0,0
STAT,popedge,Iterations,118,7316618,64375,60930,61639,63111,61086,62522,61186,58075,60091,62701,60888,63333,60100,62170,62649,62076,61656,63925,62697,63724,66597,58749,65415,60938,63883,62868,59507,62781,62625,62501,60099,59241,59808,61498,61343,60520,60747,63315,64723,61369,59895,59473,56902,59200,56063,59009,57495,63134,63577,64140,61424,59581,63604,63444,62688,62515,59635,67910,63708,69061,69490,60629,60723,62229,59750,64126,60686,60423,58823,58107,61473,63567,62490,62131,61031,61916,63398,59880,62758,60889,61161,60754,61363,60218,59751,61621,63953,59503,59237,62810,60879,60443,59983,60768,59136,60653,62597,59803,60650,64791,66017,62916,63227,63250,67154,59412,60699,64169,62122,64189,66594,62958,65181,64705,61904,66833,63734,67042
STAT,refine,Conflicts,118,4400,85,78,74,69,66,72,72,73,72,52,61,57,58,62,57,55,49,55,50,39,56,52,48,50,41,50,44,64,46,49,51,36,43,48,39,38,34,43,41,40,38,39,34,38,39,44,37,34,29,31,33,44,29,32,43,44,32,19,30,34,32,28,27,30,33,20,27,32,27,31,24,27,25,25,26,28,24,18,24,19,26,28,25,42,21,20,33,23,36,36,24,25,28,34,23,23,31,20,32,24,30,23,26,34,23,25,26,15,20,22,22,28,31,22,31,23,20,26
STAT,refine,Iterations,118,427549,2871,3623,3191,3112,2953,3068,3424,4175,3589,2845,2961,3555,3683,3320,3200,3642,3501,3422,2563,2968,3123,3807,2900,3045,3020,3850,3150,4697,3605,3083,4017,3600,4453,3791,3799,3367,3342,3081,3927,3540,3791,3553,4262,3870,3664,3265,2956,2929,3218,3082,3364,3652,3274,3390,3692,3720,4083,3884,4862,4373,3951,3730,3984,3651,3366,3596,3540,3831,3655,3982,2638,3599,3353,4032,3563,3529,3430,3954,4021,3325,3341,3931,2980,3585,3233,3605,4514,3725,4341,4192,3371,4435,3348,5129,4032,4412,3231,3181,4466,4475,4905,3744,3596,4767,4128,3184,3483,3011,3622,3385,2979,3036,4251,3346,3546,3458,4387,4717
