Hello from MIC
Galois Benchmark Suite v2.2.0 (r0)
Copyright (C) 2013 The University of Texas at Austin
http://iss.ices.utexas.edu/galois/

application: GMetis
Partitions a graph into K parts and minimizing the graph cut
http://iss.ices.utexas.edu/?p=projects/galois/benchmarks/gMetis

INFO: CommandLine /work/02556/dpereira/MIC/apps/gmetis/gmetis -t=55 /work/02556/dpereira/Inputs/USA-road-d.W.gr 16
INFO: Hostname c557-903-mic0.stampede.tacc.utexas.edu
Created Graph with 6262104 nodes and 15248146 edges
Nodes 6262104| Edges 15248146 7624073

  Starting coarsening: 
Time coarsen:  2557 Size of final graph: 427

  Sarting initial partitioning using GGGP:
Size in decade percentages:  -1,1 -0,13 1,2
Time clustering:  358

  Sarting refinnement with BKL2
Initial dist
Size in decade percentages:  -1,1 -0,13 1,2
Refined dist
Size in decade percentages:  -1,6 -0,4 1,6
Time refinement:  760


Time:  3852
Total edge cut : 1955

Part saved in : 0x7fff64c231e0
STATTYPE,LOOP,CATEGORY,n,sum,T0,T1,T2,T3,T4,T5,T6,T7,T8,T9,T10,T11,T12,T13,T14,T15,T16,T17,T18,T19,T20,T21,T22,T23,T24,T25,T26,T27,T28,T29,T30,T31,T32,T33,T34,T35,T36,T37,T38,T39,T40,T41,T42,T43,T44,T45,T46,T47,T48,T49,T50,T51,T52,T53,T54
STAT,(NULL),Coarsen,55,2557,2557,0,0,0,0,0,0,0,0,0,0,0,0,0,0,0,0,0,0,0,0,0,0,0,0,0,0,0,0,0,0,0,0,0,0,0,0,0,0,0,0,0,0,0,0,0,0,0,0,0,0,0,0,0,0
STAT,(NULL),Conflicts,55,0,0,0,0,0,0,0,0,0,0,0,0,0,0,0,0,0,0,0,0,0,0,0,0,0,0,0,0,0,0,0,0,0,0,0,0,0,0,0,0,0,0,0,0,0,0,0,0,0,0,0,0,0,0,0,0
STAT,(NULL),Iterations,55,31,5,0,0,0,0,0,0,0,1,0,0,0,0,0,2,0,0,0,0,4,0,1,0,4,0,0,0,0,0,1,0,0,0,0,0,2,0,0,0,0,0,2,0,0,1,1,3,0,0,1,3,0,0,0,0
STAT,(NULL),MeminfoPost,55,756273,13765,13770,13745,13852,13716,13783,13761,13744,13736,13749,13775,13742,13848,13743,13757,13784,13722,13758,13748,13791,13755,13747,13739,13716,13754,13717,13720,13798,13746,13691,13764,13764,13726,13717,13722,13729,13828,13738,13704,13772,13733,13709,13721,13799,13771,13721,13819,13770,13746,13700,13740,13694,13719,13748,13747
STAT,(NULL),MeminfoPre,55,189058,3452,3457,3432,3539,3403,3470,3448,3431,3423,3436,3462,3429,3535,3430,3444,3471,3409,3445,3435,3478,3442,3434,3426,3403,3441,3404,3407,3485,3433,3378,3451,3451,3413,3404,3409,3416,3515,3425,3391,3459,3420,3396,3408,3486,3458,3408,3506,3457,3433,3387,3427,3381,3406,3435,3434
STAT,(NULL),Partition,55,358,358,0,0,0,0,0,0,0,0,0,0,0,0,0,0,0,0,0,0,0,0,0,0,0,0,0,0,0,0,0,0,0,0,0,0,0,0,0,0,0,0,0,0,0,0,0,0,0,0,0,0,0,0,0,0
STAT,(NULL),Refine,55,760,760,0,0,0,0,0,0,0,0,0,0,0,0,0,0,0,0,0,0,0,0,0,0,0,0,0,0,0,0,0,0,0,0,0,0,0,0,0,0,0,0,0,0,0,0,0,0,0,0,0,0,0,0,0,0
STAT,(NULL),Threads,55,55,55,0,0,0,0,0,0,0,0,0,0,0,0,0,0,0,0,0,0,0,0,0,0,0,0,0,0,0,0,0,0,0,0,0,0,0,0,0,0,0,0,0,0,0,0,0,0,0,0,0,0,0,0,0,0
STAT,(NULL),Time,55,3852,3852,0,0,0,0,0,0,0,0,0,0,0,0,0,0,0,0,0,0,0,0,0,0,0,0,0,0,0,0,0,0,0,0,0,0,0,0,0,0,0,0,0,0,0,0,0,0,0,0,0,0,0,0,0,0
STAT,match,Conflicts,55,4947,154,121,122,132,115,120,130,122,110,93,99,96,99,124,72,72,83,83,78,74,88,93,85,80,97,98,127,79,75,93,73,73,75,78,75,69,77,65,66,73,56,86,48,70,49,66,75,50,53,91,77,101,166,158,63
STAT,match,Iterations,55,14962209,251261,261280,263288,244012,272963,258306,258507,276536,279730,266606,258397,275846,261386,258285,284397,270313,280876,275041,238618,271591,268541,266900,265890,281456,266286,273288,270352,249232,284901,274185,270565,274347,290215,283456,272856,287090,276372,275598,284265,247930,283726,270409,285460,246152,275309,275862,270075,291245,289780,292319,279314,299473,290108,269105,272908
STAT,popedge,Conflicts,55,0,0,0,0,0,0,0,0,0,0,0,0,0,0,0,0,0,0,0,0,0,0,0,0,0,0,0,0,0,0,0,0,0,0,0,0,0,0,0,0,0,0,0,0,0,0,0,0,0,0,0,0,0,0,0,0
STAT,popedge,Iterations,55,7330480,133097,129202,137681,124768,131466,124904,127145,135540,134358,133133,130477,132982,125509,133935,129783,128096,133141,133363,117218,121281,120662,123299,131910,130954,127151,131663,134963,127606,140765,142430,134254,132526,133779,139936,136840,137178,128388,127852,134056,131311,132401,135191,132515,132640,127936,128188,141557,145165,144756,147730,139892,146374,143796,144949,142788
STAT,refine,Conflicts,55,3519,162,149,135,121,116,134,108,79,84,85,98,83,92,79,68,49,58,76,72,71,84,73,48,88,72,47,49,39,37,32,39,40,46,47,48,53,62,26,48,53,63,57,40,39,28,40,23,42,58,36,34,21,20,42,26
STAT,refine,Iterations,55,39223,898,654,929,626,842,921,771,832,660,656,599,585,611,594,906,616,527,734,644,578,819,712,542,747,582,745,785,845,861,567,834,663,820,614,976,937,943,772,574,822,930,709,899,960,633,530,868,370,758,882,342,369,589,445,596
