Hello from MIC
Galois Benchmark Suite v2.2.0 (r0)
Copyright (C) 2013 The University of Texas at Austin
http://iss.ices.utexas.edu/galois/

application: GMetis
Partitions a graph into K parts and minimizing the graph cut
http://iss.ices.utexas.edu/?p=projects/galois/benchmarks/gMetis

INFO: CommandLine /work/02556/dpereira/MIC/apps/gmetis/gmetis -t=103 /work/02556/dpereira/Inputs/USA-road-d.W.gr 128
INFO: Hostname c558-001-mic0.stampede.tacc.utexas.edu
Created Graph with 6262104 nodes and 15248146 edges
Nodes 6262104| Edges 15248146 7624073

  Starting coarsening: 
Time coarsen:  2205 Size of final graph: 3076

  Sarting initial partitioning using GGGP:
Size in decade percentages:  -1,6 -0,117 1,5
Time clustering:  414

  Sarting refinnement with BKL2
Initial dist
Size in decade percentages:  -1,6 -0,117 1,5
Refined dist
Size in decade percentages:  -1,47 -0,31 1,50
Time refinement:  1049


Time:  3844
Total edge cut : 7934

Part saved in : 0x7fff655ab560
STATTYPE,LOOP,CATEGORY,n,sum,T0,T1,T2,T3,T4,T5,T6,T7,T8,T9,T10,T11,T12,T13,T14,T15,T16,T17,T18,T19,T20,T21,T22,T23,T24,T25,T26,T27,T28,T29,T30,T31,T32,T33,T34,T35,T36,T37,T38,T39,T40,T41,T42,T43,T44,T45,T46,T47,T48,T49,T50,T51,T52,T53,T54,T55,T56,T57,T58,T59,T60,T61,T62,T63,T64,T65,T66,T67,T68,T69,T70,T71,T72,T73,T74,T75,T76,T77,T78,T79,T80,T81,T82,T83,T84,T85,T86,T87,T88,T89,T90,T91,T92,T93,T94,T95,T96,T97,T98,T99,T100,T101,T102
STAT,(NULL),Coarsen,103,2205,2205,0,0,0,0,0,0,0,0,0,0,0,0,0,0,0,0,0,0,0,0,0,0,0,0,0,0,0,0,0,0,0,0,0,0,0,0,0,0,0,0,0,0,0,0,0,0,0,0,0,0,0,0,0,0,0,0,0,0,0,0,0,0,0,0,0,0,0,0,0,0,0,0,0,0,0,0,0,0,0,0,0,0,0,0,0,0,0,0,0,0,0,0,0,0,0,0,0,0,0,0,0,0
STAT,(NULL),Conflicts,103,0,0,0,0,0,0,0,0,0,0,0,0,0,0,0,0,0,0,0,0,0,0,0,0,0,0,0,0,0,0,0,0,0,0,0,0,0,0,0,0,0,0,0,0,0,0,0,0,0,0,0,0,0,0,0,0,0,0,0,0,0,0,0,0,0,0,0,0,0,0,0,0,0,0,0,0,0,0,0,0,0,0,0,0,0,0,0,0,0,0,0,0,0,0,0,0,0,0,0,0,0,0,0,0
STAT,(NULL),Iterations,103,255,9,5,3,2,0,1,0,0,3,0,1,1,2,7,4,3,2,2,3,1,0,2,0,1,1,3,0,1,0,0,3,0,1,2,7,1,4,0,1,1,0,0,3,1,3,6,2,2,3,4,6,3,6,17,10,6,2,0,2,3,2,6,4,5,1,0,1,0,6,0,1,5,0,5,3,4,6,1,3,2,2,9,0,2,2,0,0,4,5,0,0,0,1,0,2,3,0,2,0,1,7,1,3
STAT,(NULL),MeminfoPost,103,756409,7340,7371,7349,7344,7341,7358,7421,7340,7338,7336,7368,7360,7348,7323,7354,7343,7326,7347,7349,7360,7352,7324,7369,7408,7366,7324,7343,7361,7356,7359,7326,7344,7356,7322,7338,7355,7347,7372,7350,7345,7350,7326,7347,7310,7343,7355,7337,7331,7313,7333,7349,7378,7326,7335,7344,7306,7339,7358,7364,7339,7331,7332,7328,7311,7320,7342,7321,7386,7391,7329,7349,7312,7326,7353,7357,7330,7337,7326,7318,7334,7321,7388,7387,7339,7325,7333,7378,7376,7382,7324,7341,7332,7334,7311,7339,7321,7321,7306,7342,7331,7347,7346,7336
STAT,(NULL),MeminfoPre,103,189085,1832,1863,1841,1836,1833,1850,1913,1832,1830,1828,1860,1852,1840,1815,1846,1835,1818,1839,1841,1852,1844,1816,1861,1900,1858,1816,1835,1853,1848,1851,1818,1836,1848,1814,1830,1847,1839,1864,1842,1837,1842,1818,1839,1802,1835,1847,1829,1823,1805,1825,1841,1870,1818,1827,1836,1798,1831,1850,1856,1831,1823,1824,1820,1803,1812,1834,1813,1878,1883,1821,1841,1804,1818,1845,1849,1822,1829,1818,1810,1826,1813,1880,1879,1831,1817,1825,1870,1868,1874,1816,1833,1824,1826,1803,1831,1813,1813,1798,1834,1823,1839,1838,1828
STAT,(NULL),Partition,103,414,414,0,0,0,0,0,0,0,0,0,0,0,0,0,0,0,0,0,0,0,0,0,0,0,0,0,0,0,0,0,0,0,0,0,0,0,0,0,0,0,0,0,0,0,0,0,0,0,0,0,0,0,0,0,0,0,0,0,0,0,0,0,0,0,0,0,0,0,0,0,0,0,0,0,0,0,0,0,0,0,0,0,0,0,0,0,0,0,0,0,0,0,0,0,0,0,0,0,0,0,0,0,0
STAT,(NULL),Refine,103,1049,1049,0,0,0,0,0,0,0,0,0,0,0,0,0,0,0,0,0,0,0,0,0,0,0,0,0,0,0,0,0,0,0,0,0,0,0,0,0,0,0,0,0,0,0,0,0,0,0,0,0,0,0,0,0,0,0,0,0,0,0,0,0,0,0,0,0,0,0,0,0,0,0,0,0,0,0,0,0,0,0,0,0,0,0,0,0,0,0,0,0,0,0,0,0,0,0,0,0,0,0,0,0,0
STAT,(NULL),Threads,103,103,103,0,0,0,0,0,0,0,0,0,0,0,0,0,0,0,0,0,0,0,0,0,0,0,0,0,0,0,0,0,0,0,0,0,0,0,0,0,0,0,0,0,0,0,0,0,0,0,0,0,0,0,0,0,0,0,0,0,0,0,0,0,0,0,0,0,0,0,0,0,0,0,0,0,0,0,0,0,0,0,0,0,0,0,0,0,0,0,0,0,0,0,0,0,0,0,0,0,0,0,0,0,0
STAT,(NULL),Time,103,3844,3844,0,0,0,0,0,0,0,0,0,0,0,0,0,0,0,0,0,0,0,0,0,0,0,0,0,0,0,0,0,0,0,0,0,0,0,0,0,0,0,0,0,0,0,0,0,0,0,0,0,0,0,0,0,0,0,0,0,0,0,0,0,0,0,0,0,0,0,0,0,0,0,0,0,0,0,0,0,0,0,0,0,0,0,0,0,0,0,0,0,0,0,0,0,0,0,0,0,0,0,0,0,0
STAT,match,Conflicts,103,6108,125,100,86,89,87,95,85,72,67,79,89,88,83,67,79,83,83,65,66,72,77,63,57,63,61,63,79,81,98,80,67,57,72,66,54,76,71,71,59,56,56,66,48,57,54,50,40,52,38,51,42,36,46,42,47,50,52,41,53,48,45,61,40,46,30,45,63,58,33,42,48,56,54,48,35,46,64,57,43,41,51,49,36,42,56,40,54,59,43,59,59,41,47,55,49,62,41,58,50,49,48,45,60
STAT,match,Iterations,103,14985018,104524,123484,120965,116328,117792,120424,129156,122466,128256,129148,125318,133301,119110,125642,131246,140524,124863,139144,124969,134587,133562,133721,126616,109454,132482,148004,138053,124597,135328,144618,140894,139909,133490,136906,152481,143162,137855,130320,139349,144700,150738,139255,159619,167474,143648,159802,164768,158481,154914,160476,161078,162505,165392,158755,162373,159767,155233,179656,153221,148153,167610,141406,152115,143278,162582,139497,152095,151530,155302,152809,152764,159349,152666,149930,153062,156710,152297,158052,170007,146396,157553,146043,160417,157786,134478,144396,131308,158931,159021,145022,168042,155241,152547,174605,149288,155082,162809,137951,157233,162974,143855,149357,149566
STAT,popedge,Conflicts,103,0,0,0,0,0,0,0,0,0,0,0,0,0,0,0,0,0,0,0,0,0,0,0,0,0,0,0,0,0,0,0,0,0,0,0,0,0,0,0,0,0,0,0,0,0,0,0,0,0,0,0,0,0,0,0,0,0,0,0,0,0,0,0,0,0,0,0,0,0,0,0,0,0,0,0,0,0,0,0,0,0,0,0,0,0,0,0,0,0,0,0,0,0,0,0,0,0,0,0,0,0,0,0,0
STAT,popedge,Iterations,103,7341711,70720,71241,70669,69470,70842,71396,65188,69043,68673,68191,69871,68596,69608,61624,70016,69770,70905,70749,70253,69003,68700,68285,69025,69843,68088,71652,70777,70717,70558,71493,72660,71202,72670,75606,71315,66897,66598,68629,66831,67037,65184,69198,76477,78788,78279,74437,73761,76273,77282,75573,78562,73865,83962,80350,81199,86359,82590,78762,80599,78629,79444,68022,65953,69097,65966,72740,70581,65138,68509,68376,68247,68287,68756,68829,60466,70004,67617,67957,69530,68379,69277,68075,66585,66093,68569,69136,73408,72595,71110,73545,70683,75300,73559,72318,71225,72618,69399,73518,72683,69638,73090,72661,70188
STAT,refine,Conflicts,103,4381,104,105,100,92,103,89,91,84,83,87,81,65,71,69,64,53,66,58,60,62,66,45,48,53,55,50,61,56,58,58,42,38,53,39,43,42,50,56,47,37,53,40,36,31,34,25,33,35,40,28,26,36,26,34,33,25,28,33,41,31,39,32,22,21,24,28,24,34,26,25,29,32,29,23,29,25,22,24,26,26,23,29,28,20,27,25,23,28,24,32,32,10,22,31,21,36,26,29,32,23,25,21,22
STAT,refine,Iterations,103,132315,1176,1506,1121,1123,1216,1026,1806,1625,1410,1067,1284,912,1215,1089,1124,905,1028,1306,1093,1002,1094,1151,1337,1263,1551,1188,1066,1078,1156,1297,1117,949,1107,1264,1357,945,1107,1592,1251,1346,1287,1182,1515,1212,1337,1435,1430,1408,1362,1717,1668,1883,1688,1465,1458,1199,1331,1747,1813,1268,1335,1097,1449,1168,1163,1308,1116,1533,1655,1335,1291,1176,943,1376,1330,1394,1157,1058,1402,1232,1187,1618,1248,1267,1277,1426,1251,1110,1203,986,1375,1047,932,1272,1109,1467,1295,1117,1653,1264,1500,1146,1392
