Hello from MIC
Galois Benchmark Suite v2.2.0 (r0)
Copyright (C) 2013 The University of Texas at Austin
http://iss.ices.utexas.edu/galois/

application: GMetis
Partitions a graph into K parts and minimizing the graph cut
http://iss.ices.utexas.edu/?p=projects/galois/benchmarks/gMetis

INFO: CommandLine /work/02556/dpereira/MIC/apps/gmetis/gmetis -t=140 /work/02556/dpereira/Inputs/USA-road-d.W.gr 128
INFO: Hostname c558-001-mic0.stampede.tacc.utexas.edu
Created Graph with 6262104 nodes and 15248146 edges
Nodes 6262104| Edges 15248146 7624073

  Starting coarsening: 
Time coarsen:  2582 Size of final graph: 3112

  Sarting initial partitioning using GGGP:
Size in decade percentages:  -1,6 -0,118 1,4
Time clustering:  433

  Sarting refinnement with BKL2
Initial dist
Size in decade percentages:  -1,6 -0,118 1,4
Refined dist
Size in decade percentages:  -1,49 -0,27 1,52
Time refinement:  1425


Time:  4617
Total edge cut : 8165

Part saved in : 0x7fffdc9a1560
STATTYPE,LOOP,CATEGORY,n,sum,T0,T1,T2,T3,T4,T5,T6,T7,T8,T9,T10,T11,T12,T13,T14,T15,T16,T17,T18,T19,T20,T21,T22,T23,T24,T25,T26,T27,T28,T29,T30,T31,T32,T33,T34,T35,T36,T37,T38,T39,T40,T41,T42,T43,T44,T45,T46,T47,T48,T49,T50,T51,T52,T53,T54,T55,T56,T57,T58,T59,T60,T61,T62,T63,T64,T65,T66,T67,T68,T69,T70,T71,T72,T73,T74,T75,T76,T77,T78,T79,T80,T81,T82,T83,T84,T85,T86,T87,T88,T89,T90,T91,T92,T93,T94,T95,T96,T97,T98,T99,T100,T101,T102,T103,T104,T105,T106,T107,T108,T109,T110,T111,T112,T113,T114,T115,T116,T117,T118,T119,T120,T121,T122,T123,T124,T125,T126,T127,T128,T129,T130,T131,T132,T133,T134,T135,T136,T137,T138,T139
STAT,(NULL),Coarsen,140,2582,2582,0,0,0,0,0,0,0,0,0,0,0,0,0,0,0,0,0,0,0,0,0,0,0,0,0,0,0,0,0,0,0,0,0,0,0,0,0,0,0,0,0,0,0,0,0,0,0,0,0,0,0,0,0,0,0,0,0,0,0,0,0,0,0,0,0,0,0,0,0,0,0,0,0,0,0,0,0,0,0,0,0,0,0,0,0,0,0,0,0,0,0,0,0,0,0,0,0,0,0,0,0,0,0,0,0,0,0,0,0,0,0,0,0,0,0,0,0,0,0,0,0,0,0,0,0,0,0,0,0,0,0,0,0,0,0,0,0,0,0
STAT,(NULL),Conflicts,140,0,0,0,0,0,0,0,0,0,0,0,0,0,0,0,0,0,0,0,0,0,0,0,0,0,0,0,0,0,0,0,0,0,0,0,0,0,0,0,0,0,0,0,0,0,0,0,0,0,0,0,0,0,0,0,0,0,0,0,0,0,0,0,0,0,0,0,0,0,0,0,0,0,0,0,0,0,0,0,0,0,0,0,0,0,0,0,0,0,0,0,0,0,0,0,0,0,0,0,0,0,0,0,0,0,0,0,0,0,0,0,0,0,0,0,0,0,0,0,0,0,0,0,0,0,0,0,0,0,0,0,0,0,0,0,0,0,0,0,0,0
STAT,(NULL),Iterations,140,255,8,0,2,0,0,0,3,0,7,1,5,0,0,1,3,0,0,1,2,3,0,0,2,1,0,3,3,6,0,0,0,2,2,0,0,1,0,0,2,1,3,0,0,0,2,0,0,2,2,2,10,2,7,3,7,3,1,0,3,1,0,8,0,0,0,0,0,0,2,5,0,0,0,0,0,1,0,0,0,1,4,1,0,0,6,1,3,0,1,0,4,0,5,0,0,0,3,1,0,5,1,6,3,0,3,6,5,1,2,4,1,6,4,9,2,7,0,1,0,3,2,0,7,5,0,0,0,3,5,4,0,0,0,0,4,1,0,0,0,2
STAT,(NULL),MeminfoPost,140,756522,5410,5401,5420,5414,5399,5403,5404,5417,5446,5448,5393,5396,5400,5407,5425,5405,5418,5395,5392,5406,5423,5394,5387,5403,5394,5426,5420,5400,5406,5393,5412,5425,5476,5409,5393,5395,5400,5422,5427,5403,5411,5383,5400,5411,5411,5392,5395,5411,5409,5402,5443,5391,5414,5411,5400,5401,5394,5391,5406,5377,5403,5417,5405,5398,5391,5388,5385,5397,5399,5438,5415,5386,5393,5420,5386,5373,5394,5408,5414,5422,5401,5398,5401,5387,5398,5383,5382,5393,5388,5402,5382,5430,5442,5428,5394,5391,5412,5376,5390,5406,5421,5406,5394,5402,5391,5392,5379,5386,5404,5382,5436,5432,5438,5397,5394,5380,5401,5434,5433,5427,5426,5386,5412,5387,5398,5396,5375,5389,5390,5412,5376,5400,5371,5404,5383,5399,5407,5404,5400,5402
STAT,(NULL),MeminfoPre,140,189102,1357,1348,1367,1361,1346,1350,1351,1364,1393,1395,1340,1343,1347,1354,1372,1352,1365,1342,1339,1353,1370,1341,1334,1350,1341,1373,1367,1347,1353,1340,1359,1372,1423,1356,1340,1342,1347,1369,1374,1350,1358,1330,1347,1358,1358,1339,1342,1358,1356,1349,1390,1338,1361,1358,1347,1348,1341,1338,1353,1324,1350,1364,1352,1345,1338,1335,1332,1344,1346,1385,1362,1333,1340,1367,1333,1320,1341,1355,1361,1369,1348,1345,1348,1334,1345,1330,1329,1340,1335,1349,1329,1377,1389,1375,1341,1338,1359,1323,1337,1353,1368,1353,1341,1349,1338,1339,1326,1333,1351,1329,1383,1379,1385,1344,1341,1327,1348,1381,1380,1374,1373,1333,1359,1334,1345,1343,1322,1336,1337,1359,1323,1347,1318,1351,1330,1346,1354,1351,1347,1349
STAT,(NULL),Partition,140,433,433,0,0,0,0,0,0,0,0,0,0,0,0,0,0,0,0,0,0,0,0,0,0,0,0,0,0,0,0,0,0,0,0,0,0,0,0,0,0,0,0,0,0,0,0,0,0,0,0,0,0,0,0,0,0,0,0,0,0,0,0,0,0,0,0,0,0,0,0,0,0,0,0,0,0,0,0,0,0,0,0,0,0,0,0,0,0,0,0,0,0,0,0,0,0,0,0,0,0,0,0,0,0,0,0,0,0,0,0,0,0,0,0,0,0,0,0,0,0,0,0,0,0,0,0,0,0,0,0,0,0,0,0,0,0,0,0,0,0,0
STAT,(NULL),Refine,140,1425,1425,0,0,0,0,0,0,0,0,0,0,0,0,0,0,0,0,0,0,0,0,0,0,0,0,0,0,0,0,0,0,0,0,0,0,0,0,0,0,0,0,0,0,0,0,0,0,0,0,0,0,0,0,0,0,0,0,0,0,0,0,0,0,0,0,0,0,0,0,0,0,0,0,0,0,0,0,0,0,0,0,0,0,0,0,0,0,0,0,0,0,0,0,0,0,0,0,0,0,0,0,0,0,0,0,0,0,0,0,0,0,0,0,0,0,0,0,0,0,0,0,0,0,0,0,0,0,0,0,0,0,0,0,0,0,0,0,0,0,0
STAT,(NULL),Threads,140,140,140,0,0,0,0,0,0,0,0,0,0,0,0,0,0,0,0,0,0,0,0,0,0,0,0,0,0,0,0,0,0,0,0,0,0,0,0,0,0,0,0,0,0,0,0,0,0,0,0,0,0,0,0,0,0,0,0,0,0,0,0,0,0,0,0,0,0,0,0,0,0,0,0,0,0,0,0,0,0,0,0,0,0,0,0,0,0,0,0,0,0,0,0,0,0,0,0,0,0,0,0,0,0,0,0,0,0,0,0,0,0,0,0,0,0,0,0,0,0,0,0,0,0,0,0,0,0,0,0,0,0,0,0,0,0,0,0,0,0,0
STAT,(NULL),Time,140,4617,4617,0,0,0,0,0,0,0,0,0,0,0,0,0,0,0,0,0,0,0,0,0,0,0,0,0,0,0,0,0,0,0,0,0,0,0,0,0,0,0,0,0,0,0,0,0,0,0,0,0,0,0,0,0,0,0,0,0,0,0,0,0,0,0,0,0,0,0,0,0,0,0,0,0,0,0,0,0,0,0,0,0,0,0,0,0,0,0,0,0,0,0,0,0,0,0,0,0,0,0,0,0,0,0,0,0,0,0,0,0,0,0,0,0,0,0,0,0,0,0,0,0,0,0,0,0,0,0,0,0,0,0,0,0,0,0,0,0,0,0
STAT,match,Conflicts,140,5958,67,65,64,59,52,67,65,61,49,56,51,62,69,66,58,55,54,52,54,52,62,40,58,46,58,52,52,57,48,69,42,56,48,51,44,45,43,40,52,49,45,48,41,42,49,59,45,39,45,54,42,39,55,45,54,48,43,46,62,42,43,30,33,37,30,36,32,27,33,35,33,26,34,34,38,35,46,35,30,31,32,33,31,45,31,47,37,45,39,41,39,33,40,33,37,30,36,35,29,39,33,38,34,25,42,48,36,40,35,40,32,34,27,32,38,41,33,36,37,45,40,39,35,30,36,33,35,34,34,37,27,34,33,37,37,35,39,34,33,27
STAT,match,Iterations,140,15013016,69707,67908,81376,83267,83541,70889,85660,84603,81421,79430,100381,84563,79432,88084,81690,82123,82766,70363,112171,108215,98136,103151,102334,97823,97805,115174,104176,106490,103184,103811,93439,115856,91995,106500,104608,106224,120519,88816,93461,111506,111991,104572,121727,116931,117807,95394,110325,112247,128507,110093,112337,118850,98977,102411,102060,95802,102826,109239,91793,115656,107684,116322,118274,104496,102895,83467,94493,113328,94415,115301,103044,139271,103169,118768,95248,109130,111987,95388,101671,120742,122279,144165,109103,139107,122814,120011,106610,117517,98599,133365,121931,107793,115478,108051,116495,134640,131038,128846,125492,96157,143584,132361,141314,124183,128715,104179,112463,128211,118387,115381,119383,130140,128650,114324,106781,119478,116514,113804,123883,124712,121847,116037,98249,102703,88263,116461,115712,102637,104811,110903,120511,95612,104782,98001,106595,108705,70682,103411,93284,116636
STAT,popedge,Conflicts,140,0,0,0,0,0,0,0,0,0,0,0,0,0,0,0,0,0,0,0,0,0,0,0,0,0,0,0,0,0,0,0,0,0,0,0,0,0,0,0,0,0,0,0,0,0,0,0,0,0,0,0,0,0,0,0,0,0,0,0,0,0,0,0,0,0,0,0,0,0,0,0,0,0,0,0,0,0,0,0,0,0,0,0,0,0,0,0,0,0,0,0,0,0,0,0,0,0,0,0,0,0,0,0,0,0,0,0,0,0,0,0,0,0,0,0,0,0,0,0,0,0,0,0,0,0,0,0,0,0,0,0,0,0,0,0,0,0,0,0,0,0
STAT,popedge,Iterations,140,7357139,47691,49496,47376,47866,49649,50433,46444,50234,47613,48547,46777,48050,48318,47183,48879,49866,48733,49802,54665,56204,57074,55881,59097,58260,58073,54189,56563,53844,55186,56804,55370,56627,53206,54358,56906,56809,56130,48781,52987,56220,54227,55754,53832,56841,53548,57257,56731,53505,52452,51781,50690,50163,52624,50327,51239,52198,53906,55773,57387,54513,55002,46597,44832,48368,46819,47175,48677,45622,46535,44511,46557,47711,47907,47476,48614,48297,46844,48985,48734,53523,57426,57810,56606,54012,57328,56776,55153,57317,57543,53504,58861,56607,57702,54693,53641,53236,59746,56934,51962,55831,56235,55208,56994,55394,58652,57707,55690,56034,54071,54544,56111,51448,54413,52661,53494,54711,51585,57997,59400,58745,58301,58797,50117,48271,48628,46487,45637,47080,47988,48039,49453,47354,51756,47704,48441,51606,50198,48742,50261,48772
STAT,refine,Conflicts,140,5535,121,129,115,119,106,100,104,95,96,73,80,79,89,79,66,66,63,76,38,61,56,54,57,49,68,68,57,66,51,50,46,41,57,35,31,38,39,33,42,51,47,42,38,46,32,48,48,36,40,45,51,53,39,35,44,39,44,38,34,34,36,16,21,20,23,21,24,19,23,21,21,26,25,23,19,30,29,22,29,24,25,24,27,27,27,29,26,25,28,23,26,20,24,22,20,22,31,22,22,24,25,33,30,24,25,30,26,27,25,19,28,35,19,31,26,34,30,32,21,21,14,25,18,23,24,28,22,26,22,25,20,17,26,15,25,19,23,27,19,33
STAT,refine,Iterations,140,137569,877,847,949,867,763,647,968,833,894,1144,799,930,828,821,900,671,671,865,835,982,829,1087,912,876,1194,930,1132,887,648,970,914,1290,1237,914,728,1251,1228,1046,997,1346,1060,1049,959,1033,878,914,1071,1215,1048,1146,1366,918,808,865,1174,893,1060,913,1031,887,1035,1000,833,771,705,658,695,805,965,1016,845,946,685,912,638,920,853,743,1114,1104,975,1102,940,879,1012,970,774,1134,967,955,1140,1011,1609,1209,1027,778,1466,1092,1202,1057,1439,1230,1332,1000,1349,1080,1114,1383,998,1063,1344,1482,1097,925,1049,1316,1116,1510,1526,1198,993,1132,863,915,686,776,654,746,834,819,826,691,657,757,696,898,955,805,851,1127
