Hello from MIC
Galois Benchmark Suite v2.2.0 (r0)
Copyright (C) 2013 The University of Texas at Austin
http://iss.ices.utexas.edu/galois/

application: GMetis
Partitions a graph into K parts and minimizing the graph cut
http://iss.ices.utexas.edu/?p=projects/galois/benchmarks/gMetis

INFO: CommandLine /work/02556/dpereira/MIC/apps/gmetis/gmetis -t=93 /work/02556/dpereira/Inputs/USA-road-d.W.gr 1024
INFO: Hostname c558-304-mic0.stampede.tacc.utexas.edu
Created Graph with 6262104 nodes and 15248146 edges
Nodes 6262104| Edges 15248146 7624073

  Starting coarsening: 
Time coarsen:  2147 Size of final graph: 21544

  Sarting initial partitioning using GGGP:
Size in decade percentages:  -1,78 -0,868 1,78
Time clustering:  919

  Sarting refinnement with BKL2
Initial dist
Size in decade percentages:  -1,78 -0,868 1,78
Refined dist
Size in decade percentages:  -1,361 -0,297 1,365 4,1
Time refinement:  1051


Time:  4295
Total edge cut : 31711

Part saved in : 0x7ffff3d02be0
STATTYPE,LOOP,CATEGORY,n,sum,T0,T1,T2,T3,T4,T5,T6,T7,T8,T9,T10,T11,T12,T13,T14,T15,T16,T17,T18,T19,T20,T21,T22,T23,T24,T25,T26,T27,T28,T29,T30,T31,T32,T33,T34,T35,T36,T37,T38,T39,T40,T41,T42,T43,T44,T45,T46,T47,T48,T49,T50,T51,T52,T53,T54,T55,T56,T57,T58,T59,T60,T61,T62,T63,T64,T65,T66,T67,T68,T69,T70,T71,T72,T73,T74,T75,T76,T77,T78,T79,T80,T81,T82,T83,T84,T85,T86,T87,T88,T89,T90,T91,T92
STAT,(NULL),Coarsen,93,2147,2147,0,0,0,0,0,0,0,0,0,0,0,0,0,0,0,0,0,0,0,0,0,0,0,0,0,0,0,0,0,0,0,0,0,0,0,0,0,0,0,0,0,0,0,0,0,0,0,0,0,0,0,0,0,0,0,0,0,0,0,0,0,0,0,0,0,0,0,0,0,0,0,0,0,0,0,0,0,0,0,0,0,0,0,0,0,0,0,0,0,0,0,0
STAT,(NULL),Conflicts,93,0,0,0,0,0,0,0,0,0,0,0,0,0,0,0,0,0,0,0,0,0,0,0,0,0,0,0,0,0,0,0,0,0,0,0,0,0,0,0,0,0,0,0,0,0,0,0,0,0,0,0,0,0,0,0,0,0,0,0,0,0,0,0,0,0,0,0,0,0,0,0,0,0,0,0,0,0,0,0,0,0,0,0,0,0,0,0,0,0,0,0,0,0,0
STAT,(NULL),Iterations,93,2047,11,14,17,17,25,46,37,22,10,20,24,14,14,28,21,20,26,17,14,20,18,14,22,20,10,17,17,7,10,16,18,20,29,21,28,28,30,25,35,38,30,32,18,27,26,21,25,25,24,25,34,23,23,22,28,30,30,21,23,28,27,12,20,18,18,44,22,27,34,24,24,24,15,14,25,30,27,33,6,19,25,24,16,8,12,19,12,16,26,13,26,20,12
STAT,(NULL),MeminfoPost,93,756620,8128,8163,8146,8129,8137,8196,8172,8121,8129,8165,8145,8130,8125,8155,8119,8130,8142,8149,8148,8126,8151,8209,8136,8120,8145,8160,8147,8123,8134,8139,8122,8141,8134,8175,8132,8145,8139,8119,8134,8102,8148,8135,8123,8109,8120,8135,8173,8118,8144,8108,8103,8143,8155,8143,8115,8130,8114,8102,8113,8128,8141,8187,8146,8132,8110,8118,8152,8141,8126,8120,8101,8112,8118,8181,8183,8124,8114,8136,8189,8173,8126,8136,8127,8118,8098,8150,8090,8109,8126,8116,8131,8140,8128
STAT,(NULL),MeminfoPre,93,189134,2026,2061,2044,2027,2035,2094,2070,2019,2027,2063,2043,2028,2023,2053,2017,2028,2040,2047,2046,2024,2049,2107,2034,2018,2043,2058,2045,2021,2032,2037,2020,2039,2032,2073,2030,2043,2037,2017,2032,2000,2046,2033,2021,2007,2018,2033,2071,2016,2042,2006,2001,2041,2053,2041,2013,2028,2012,2000,2011,2026,2039,2085,2044,2030,2008,2016,2050,2039,2024,2018,1999,2010,2016,2079,2081,2022,2012,2034,2087,2071,2024,2034,2025,2016,1996,2048,1988,2007,2024,2014,2029,2038,2026
STAT,(NULL),Partition,93,919,919,0,0,0,0,0,0,0,0,0,0,0,0,0,0,0,0,0,0,0,0,0,0,0,0,0,0,0,0,0,0,0,0,0,0,0,0,0,0,0,0,0,0,0,0,0,0,0,0,0,0,0,0,0,0,0,0,0,0,0,0,0,0,0,0,0,0,0,0,0,0,0,0,0,0,0,0,0,0,0,0,0,0,0,0,0,0,0,0,0,0,0,0
STAT,(NULL),Refine,93,1051,1051,0,0,0,0,0,0,0,0,0,0,0,0,0,0,0,0,0,0,0,0,0,0,0,0,0,0,0,0,0,0,0,0,0,0,0,0,0,0,0,0,0,0,0,0,0,0,0,0,0,0,0,0,0,0,0,0,0,0,0,0,0,0,0,0,0,0,0,0,0,0,0,0,0,0,0,0,0,0,0,0,0,0,0,0,0,0,0,0,0,0,0,0
STAT,(NULL),Threads,93,93,93,0,0,0,0,0,0,0,0,0,0,0,0,0,0,0,0,0,0,0,0,0,0,0,0,0,0,0,0,0,0,0,0,0,0,0,0,0,0,0,0,0,0,0,0,0,0,0,0,0,0,0,0,0,0,0,0,0,0,0,0,0,0,0,0,0,0,0,0,0,0,0,0,0,0,0,0,0,0,0,0,0,0,0,0,0,0,0,0,0,0,0,0
STAT,(NULL),Time,93,4295,4295,0,0,0,0,0,0,0,0,0,0,0,0,0,0,0,0,0,0,0,0,0,0,0,0,0,0,0,0,0,0,0,0,0,0,0,0,0,0,0,0,0,0,0,0,0,0,0,0,0,0,0,0,0,0,0,0,0,0,0,0,0,0,0,0,0,0,0,0,0,0,0,0,0,0,0,0,0,0,0,0,0,0,0,0,0,0,0,0,0,0,0,0
STAT,match,Conflicts,93,5483,122,93,80,85,84,72,85,79,88,72,99,83,73,79,87,72,60,73,82,76,75,96,68,105,66,68,70,81,60,79,62,61,44,48,38,43,33,48,46,49,46,46,46,45,49,40,36,41,40,45,51,37,34,63,48,52,45,35,52,38,39,57,44,40,38,64,53,47,49,56,39,55,63,46,53,55,51,32,45,69,59,49,62,51,80,48,61,51,48,55,61,40,50
STAT,match,Iterations,93,14952150,115481,125503,138570,137051,132520,133830,140775,158793,134795,142364,136390,154105,157587,135623,158461,140148,143768,132359,139368,151800,132359,146246,159249,159372,149253,133158,141795,162224,159475,145832,153580,152944,171483,146290,172216,173805,171829,178547,163890,179103,170400,181060,158841,182115,172542,178664,156383,179137,165589,175913,188467,164461,188121,160235,180695,176894,173760,208009,175024,163246,188931,153698,149015,165394,186045,151065,161835,168414,179501,167797,193923,166690,173710,150983,157157,167815,162875,179718,149863,151626,168569,164036,186262,169329,159643,169513,140797,188355,172575,163967,160995,163213,157344
STAT,popedge,Conflicts,93,0,0,0,0,0,0,0,0,0,0,0,0,0,0,0,0,0,0,0,0,0,0,0,0,0,0,0,0,0,0,0,0,0,0,0,0,0,0,0,0,0,0,0,0,0,0,0,0,0,0,0,0,0,0,0,0,0,0,0,0,0,0,0,0,0,0,0,0,0,0,0,0,0,0,0,0,0,0,0,0,0,0,0,0,0,0,0,0,0,0,0,0,0,0
STAT,popedge,Iterations,93,7328882,78920,74716,73959,77604,76301,74842,73120,74192,75441,73805,76732,77474,73249,74612,73565,76879,75559,77787,78132,77693,77835,76896,78754,79941,75656,67424,75435,75860,77295,78978,75492,72603,79508,77310,78602,78000,78406,80537,85452,84870,80528,81124,85405,82463,83273,83186,83890,88126,86081,93989,88687,88544,85330,87659,89362,88308,86466,85629,89610,87824,89118,73717,71256,74212,74613,76022,72644,69762,74175,75720,74349,75177,73066,76430,73928,74156,74832,75884,76834,79666,80965,76139,74983,82252,85021,77716,74289,77367,82638,82971,80125,80486,73449
STAT,refine,Conflicts,93,3867,72,88,81,72,80,75,75,55,57,68,62,63,60,57,51,49,43,56,52,47,48,46,48,46,54,38,60,43,40,42,53,53,48,37,47,31,37,35,47,49,36,34,43,40,35,35,54,24,46,46,36,29,38,32,25,31,33,31,33,42,34,29,25,15,32,28,32,44,32,35,29,27,27,32,30,29,36,32,29,42,32,25,29,20,23,29,23,37,25,31,28,29,29
STAT,refine,Iterations,93,428219,4214,4456,3456,3401,3502,5152,5001,4076,4081,4570,4277,4987,5080,4516,3779,3742,4694,4178,4297,3662,3695,5352,3945,4349,4423,4710,3990,3985,3880,4164,3807,3947,4682,5071,5148,5156,4545,4312,4586,4259,5396,4673,4327,4228,4599,5482,6015,4203,4971,4730,4779,5454,5921,4315,5205,4557,4461,6366,5347,5285,6384,5475,4888,4147,4743,4110,5358,5147,4718,3724,4386,4986,4456,5741,5072,4502,4056,5438,5201,5139,4516,4227,4728,3974,4042,4953,4305,4584,4878,4252,4414,4386,3848
