Hello from MIC
Galois Benchmark Suite v2.2.0 (r0)
Copyright (C) 2013 The University of Texas at Austin
http://iss.ices.utexas.edu/galois/

application: GMetis
Partitions a graph into K parts and minimizing the graph cut
http://iss.ices.utexas.edu/?p=projects/galois/benchmarks/gMetis

INFO: CommandLine /work/02556/dpereira/MIC/apps/gmetis/gmetis -t=182 /work/02556/dpereira/Inputs/USA-road-d.W.gr 1024
INFO: Hostname c558-402-mic0.stampede.tacc.utexas.edu
Created Graph with 6262104 nodes and 15248146 edges
Nodes 6262104| Edges 15248146 7624073

  Starting coarsening: 
Time coarsen:  2443 Size of final graph: 21917

  Sarting initial partitioning using GGGP:
Size in decade percentages:  -1,65 -0,884 1,75
Time clustering:  1041

  Sarting refinnement with BKL2
Initial dist
Size in decade percentages:  -1,65 -0,884 1,75
Refined dist
Size in decade percentages:  -1,375 0,270 1,378 2,1
Time refinement:  1630


Time:  5295
Total edge cut : 31719

Part saved in : 0x7fffd9cb7e60
STATTYPE,LOOP,CATEGORY,n,sum,T0,T1,T2,T3,T4,T5,T6,T7,T8,T9,T10,T11,T12,T13,T14,T15,T16,T17,T18,T19,T20,T21,T22,T23,T24,T25,T26,T27,T28,T29,T30,T31,T32,T33,T34,T35,T36,T37,T38,T39,T40,T41,T42,T43,T44,T45,T46,T47,T48,T49,T50,T51,T52,T53,T54,T55,T56,T57,T58,T59,T60,T61,T62,T63,T64,T65,T66,T67,T68,T69,T70,T71,T72,T73,T74,T75,T76,T77,T78,T79,T80,T81,T82,T83,T84,T85,T86,T87,T88,T89,T90,T91,T92,T93,T94,T95,T96,T97,T98,T99,T100,T101,T102,T103,T104,T105,T106,T107,T108,T109,T110,T111,T112,T113,T114,T115,T116,T117,T118,T119,T120,T121,T122,T123,T124,T125,T126,T127,T128,T129,T130,T131,T132,T133,T134,T135,T136,T137,T138,T139,T140,T141,T142,T143,T144,T145,T146,T147,T148,T149,T150,T151,T152,T153,T154,T155,T156,T157,T158,T159,T160,T161,T162,T163,T164,T165,T166,T167,T168,T169,T170,T171,T172,T173,T174,T175,T176,T177,T178,T179,T180,T181
STAT,(NULL),Coarsen,182,2443,2443,0,0,0,0,0,0,0,0,0,0,0,0,0,0,0,0,0,0,0,0,0,0,0,0,0,0,0,0,0,0,0,0,0,0,0,0,0,0,0,0,0,0,0,0,0,0,0,0,0,0,0,0,0,0,0,0,0,0,0,0,0,0,0,0,0,0,0,0,0,0,0,0,0,0,0,0,0,0,0,0,0,0,0,0,0,0,0,0,0,0,0,0,0,0,0,0,0,0,0,0,0,0,0,0,0,0,0,0,0,0,0,0,0,0,0,0,0,0,0,0,0,0,0,0,0,0,0,0,0,0,0,0,0,0,0,0,0,0,0,0,0,0,0,0,0,0,0,0,0,0,0,0,0,0,0,0,0,0,0,0,0,0,0,0,0,0,0,0,0,0,0,0,0,0,0,0,0,0,0,0,0
STAT,(NULL),Conflicts,182,0,0,0,0,0,0,0,0,0,0,0,0,0,0,0,0,0,0,0,0,0,0,0,0,0,0,0,0,0,0,0,0,0,0,0,0,0,0,0,0,0,0,0,0,0,0,0,0,0,0,0,0,0,0,0,0,0,0,0,0,0,0,0,0,0,0,0,0,0,0,0,0,0,0,0,0,0,0,0,0,0,0,0,0,0,0,0,0,0,0,0,0,0,0,0,0,0,0,0,0,0,0,0,0,0,0,0,0,0,0,0,0,0,0,0,0,0,0,0,0,0,0,0,0,0,0,0,0,0,0,0,0,0,0,0,0,0,0,0,0,0,0,0,0,0,0,0,0,0,0,0,0,0,0,0,0,0,0,0,0,0,0,0,0,0,0,0,0,0,0,0,0,0,0,0,0,0,0,0,0,0,0,0
STAT,(NULL),Iterations,182,2047,11,11,11,12,14,6,10,12,10,9,23,11,6,12,6,16,6,16,6,20,10,7,13,8,10,5,18,5,4,16,7,6,9,6,6,7,15,17,7,15,13,7,6,7,9,9,14,12,16,9,16,16,13,17,8,8,13,13,13,8,14,24,12,10,18,12,6,9,14,20,13,10,11,3,13,8,18,8,7,16,12,6,8,16,10,7,6,13,10,15,11,14,4,18,11,14,4,11,22,8,8,11,17,14,11,13,5,14,7,13,17,16,9,8,11,17,11,13,8,13,11,14,10,6,24,16,18,7,9,15,19,17,10,12,19,3,16,16,2,7,4,15,8,15,14,1,11,10,10,4,10,4,11,8,10,12,22,4,20,13,7,14,9,7,11,6,19,10,16,8,12,12,11,21,5,13,9,6,13,16,14,3
STAT,(NULL),MeminfoPost,182,757086,4163,4150,4180,4166,4175,4152,4164,4146,4166,4168,4168,4220,4183,4151,4156,4157,4148,4174,4169,4170,4161,4170,4160,4148,4151,4162,4173,4159,4154,4143,4166,4156,4159,4182,4166,4157,4160,4156,4155,4163,4181,4183,4211,4171,4146,4152,4152,4166,4166,4178,4166,4166,4168,4144,4157,4151,4171,4170,4154,4146,4153,4160,4171,4156,4164,4193,4158,4157,4170,4167,4152,4167,4151,4154,4149,4170,4144,4138,4160,4165,4174,4156,4151,4152,4153,4141,4152,4153,4144,4173,4187,4170,4148,4152,4151,4181,4148,4140,4136,4156,4162,4171,4165,4173,4158,4160,4145,4166,4147,4151,4155,4139,4146,4148,4141,4171,4147,4140,4173,4189,4183,4183,4153,4150,4155,4168,4141,4137,4157,4163,4171,4172,4155,4150,4162,4148,4155,4141,4144,4153,4153,4149,4143,4179,4189,4186,4182,4156,4146,4148,4147,4160,4173,4192,4176,4180,4182,4154,4147,4170,4145,4165,4149,4141,4141,4153,4146,4172,4146,4141,4132,4155,4144,4166,4143,4151,4155,4163,4160,4165,4149,4161
STAT,(NULL),MeminfoPre,182,189246,1043,1030,1060,1046,1055,1032,1044,1026,1046,1048,1048,1100,1063,1031,1036,1037,1028,1054,1049,1050,1041,1050,1040,1028,1031,1042,1053,1039,1034,1023,1046,1036,1039,1062,1046,1037,1040,1036,1035,1043,1061,1063,1091,1051,1026,1032,1032,1046,1046,1058,1046,1046,1048,1024,1037,1031,1051,1050,1034,1026,1033,1040,1051,1036,1044,1073,1038,1037,1050,1047,1032,1047,1031,1034,1029,1050,1024,1018,1040,1045,1054,1036,1031,1032,1033,1021,1032,1033,1024,1053,1067,1050,1028,1032,1031,1061,1028,1020,1016,1036,1042,1051,1045,1053,1038,1040,1025,1046,1027,1031,1035,1019,1026,1028,1021,1051,1027,1020,1053,1069,1063,1063,1033,1030,1035,1048,1021,1017,1037,1043,1051,1052,1035,1030,1042,1028,1035,1021,1024,1033,1033,1029,1023,1059,1069,1066,1062,1036,1026,1028,1027,1040,1053,1072,1056,1060,1062,1034,1027,1050,1025,1045,1029,1021,1021,1033,1026,1052,1026,1021,1012,1035,1024,1046,1023,1031,1035,1043,1040,1045,1029,1041
STAT,(NULL),Partition,182,1041,1041,0,0,0,0,0,0,0,0,0,0,0,0,0,0,0,0,0,0,0,0,0,0,0,0,0,0,0,0,0,0,0,0,0,0,0,0,0,0,0,0,0,0,0,0,0,0,0,0,0,0,0,0,0,0,0,0,0,0,0,0,0,0,0,0,0,0,0,0,0,0,0,0,0,0,0,0,0,0,0,0,0,0,0,0,0,0,0,0,0,0,0,0,0,0,0,0,0,0,0,0,0,0,0,0,0,0,0,0,0,0,0,0,0,0,0,0,0,0,0,0,0,0,0,0,0,0,0,0,0,0,0,0,0,0,0,0,0,0,0,0,0,0,0,0,0,0,0,0,0,0,0,0,0,0,0,0,0,0,0,0,0,0,0,0,0,0,0,0,0,0,0,0,0,0,0,0,0,0,0,0,0
STAT,(NULL),Refine,182,1630,1630,0,0,0,0,0,0,0,0,0,0,0,0,0,0,0,0,0,0,0,0,0,0,0,0,0,0,0,0,0,0,0,0,0,0,0,0,0,0,0,0,0,0,0,0,0,0,0,0,0,0,0,0,0,0,0,0,0,0,0,0,0,0,0,0,0,0,0,0,0,0,0,0,0,0,0,0,0,0,0,0,0,0,0,0,0,0,0,0,0,0,0,0,0,0,0,0,0,0,0,0,0,0,0,0,0,0,0,0,0,0,0,0,0,0,0,0,0,0,0,0,0,0,0,0,0,0,0,0,0,0,0,0,0,0,0,0,0,0,0,0,0,0,0,0,0,0,0,0,0,0,0,0,0,0,0,0,0,0,0,0,0,0,0,0,0,0,0,0,0,0,0,0,0,0,0,0,0,0,0,0,0
STAT,(NULL),Threads,182,182,182,0,0,0,0,0,0,0,0,0,0,0,0,0,0,0,0,0,0,0,0,0,0,0,0,0,0,0,0,0,0,0,0,0,0,0,0,0,0,0,0,0,0,0,0,0,0,0,0,0,0,0,0,0,0,0,0,0,0,0,0,0,0,0,0,0,0,0,0,0,0,0,0,0,0,0,0,0,0,0,0,0,0,0,0,0,0,0,0,0,0,0,0,0,0,0,0,0,0,0,0,0,0,0,0,0,0,0,0,0,0,0,0,0,0,0,0,0,0,0,0,0,0,0,0,0,0,0,0,0,0,0,0,0,0,0,0,0,0,0,0,0,0,0,0,0,0,0,0,0,0,0,0,0,0,0,0,0,0,0,0,0,0,0,0,0,0,0,0,0,0,0,0,0,0,0,0,0,0,0,0,0
STAT,(NULL),Time,182,5295,5295,0,0,0,0,0,0,0,0,0,0,0,0,0,0,0,0,0,0,0,0,0,0,0,0,0,0,0,0,0,0,0,0,0,0,0,0,0,0,0,0,0,0,0,0,0,0,0,0,0,0,0,0,0,0,0,0,0,0,0,0,0,0,0,0,0,0,0,0,0,0,0,0,0,0,0,0,0,0,0,0,0,0,0,0,0,0,0,0,0,0,0,0,0,0,0,0,0,0,0,0,0,0,0,0,0,0,0,0,0,0,0,0,0,0,0,0,0,0,0,0,0,0,0,0,0,0,0,0,0,0,0,0,0,0,0,0,0,0,0,0,0,0,0,0,0,0,0,0,0,0,0,0,0,0,0,0,0,0,0,0,0,0,0,0,0,0,0,0,0,0,0,0,0,0,0,0,0,0,0,0,0
STAT,match,Conflicts,182,5427,36,42,46,49,43,51,47,41,40,46,41,44,44,51,47,50,37,46,45,45,38,42,44,39,37,42,29,44,32,37,43,37,29,27,33,32,34,31,30,30,29,40,31,36,30,36,41,36,27,34,34,31,38,33,35,40,39,28,40,31,37,29,26,23,26,23,23,24,28,25,27,25,23,24,28,27,27,28,26,23,31,26,28,28,23,24,26,22,31,25,29,29,27,28,17,22,25,34,28,25,29,21,28,25,25,26,29,25,28,26,30,22,24,26,23,26,24,23,27,23,23,27,22,26,25,34,22,24,25,23,19,23,28,37,25,27,33,23,22,22,27,24,17,30,24,26,25,24,32,27,28,21,32,20,23,21,29,23,24,26,23,21,24,20,28,31,25,24,27,26,23,25,28,26,21,26,26,28,31,23,37,21
STAT,match,Iterations,182,14965089,61651,66157,60246,48675,58887,64086,87470,64408,71128,59566,95794,65078,74401,76432,75396,61787,77908,70745,77354,60814,71534,72739,74245,81887,63172,76404,89096,65438,85332,64204,66798,52300,79070,68355,60672,85041,93311,69686,89071,82340,91509,67227,85079,65165,88489,61789,66827,80983,81113,63557,66231,82175,57724,74325,63675,67665,59184,94765,73964,65359,102636,79205,84859,98077,87358,95952,84660,86044,75160,91310,87566,100513,76712,103450,80850,102337,88163,90043,97043,89901,85532,76709,90983,92288,99005,82192,101108,99668,70349,73976,81889,77917,101159,85582,88038,87094,85398,78388,80860,88340,77872,75093,94647,67571,84055,85977,82159,78326,68903,92392,79229,72007,89576,77154,79254,64727,91925,100350,81647,89806,90535,118462,88708,98222,93570,88975,83401,98604,85123,95748,84506,95436,82068,93156,86272,105732,76881,104077,93156,101716,78776,89910,86037,65628,80926,101199,92389,106700,74121,84331,84795,75797,86144,98649,81126,106037,74147,90657,91598,85411,85174,80947,68533,104159,67168,78883,94083,90815,101551,63323,80942,79634,100521,85234,105370,94734,77187,76845,82690,86469,85272,90362
STAT,popedge,Conflicts,182,0,0,0,0,0,0,0,0,0,0,0,0,0,0,0,0,0,0,0,0,0,0,0,0,0,0,0,0,0,0,0,0,0,0,0,0,0,0,0,0,0,0,0,0,0,0,0,0,0,0,0,0,0,0,0,0,0,0,0,0,0,0,0,0,0,0,0,0,0,0,0,0,0,0,0,0,0,0,0,0,0,0,0,0,0,0,0,0,0,0,0,0,0,0,0,0,0,0,0,0,0,0,0,0,0,0,0,0,0,0,0,0,0,0,0,0,0,0,0,0,0,0,0,0,0,0,0,0,0,0,0,0,0,0,0,0,0,0,0,0,0,0,0,0,0,0,0,0,0,0,0,0,0,0,0,0,0,0,0,0,0,0,0,0,0,0,0,0,0,0,0,0,0,0,0,0,0,0,0,0,0,0,0
STAT,popedge,Iterations,182,7330800,38742,37419,39883,40898,39995,39562,38377,36147,37234,39470,39066,37699,39494,39131,39743,38714,41672,39970,40608,40054,38383,40379,37773,39735,40642,38907,38407,39215,38826,40140,39744,40875,40254,39707,41952,39216,40686,38672,40670,39987,39656,41371,39962,40500,39851,42398,40713,40312,38606,40021,40090,40288,41162,41558,41714,40995,41867,39747,40870,40130,47859,38323,36208,38154,37158,38033,36365,39699,33500,38754,38443,38932,38277,39613,40297,38247,37661,42428,38960,38358,38096,40095,38970,41576,39767,40827,40163,38817,41957,41474,39229,40622,40507,45025,41040,43032,42485,43030,41021,42433,42419,40740,40915,40843,41594,39941,39377,40210,40462,42311,40741,41186,40536,42001,41745,42102,39062,42869,40117,40140,37685,50158,39385,37147,40528,37494,39758,39058,39041,38535,38830,36747,40044,40634,38471,43312,39122,39936,41083,37825,41349,37772,40873,41761,37178,41385,40848,42808,38777,41147,39412,39460,41747,41174,41996,43488,42649,42346,42543,39580,40987,41606,40714,41928,42819,41456,39463,38940,39187,43479,42381,39439,41638,41430,45635,39973,41580,41910,42846,43986,40113,41599
STAT,refine,Conflicts,182,5745,78,86,80,86,72,68,78,79,68,63,60,60,65,62,70,53,50,59,54,55,54,55,41,49,61,54,57,50,53,44,40,30,38,32,39,40,46,43,36,34,35,40,47,38,33,35,37,34,36,34,34,37,35,35,37,36,35,38,35,40,35,26,18,40,21,26,20,25,26,25,30,27,23,25,20,27,29,21,22,23,20,23,32,25,24,29,30,28,28,24,27,21,21,18,24,22,25,29,24,25,27,14,22,19,21,21,17,16,19,16,20,11,30,21,14,17,23,17,23,22,25,30,18,22,23,22,25,13,24,28,22,23,28,24,25,21,24,20,21,27,27,27,15,24,23,30,31,27,25,19,14,18,33,18,18,18,31,20,18,19,19,12,22,22,27,20,15,24,30,24,15,14,24,25,18,14,21,17,24,24,22,21
STAT,refine,Iterations,182,430489,2168,2057,2435,1613,1873,1552,2455,1943,2607,1814,3489,3289,3249,2059,2183,1980,2548,2786,2574,2255,2166,2644,2346,2484,2201,2303,2296,1820,2502,2141,1778,1845,2193,2155,1972,2077,2306,2038,2172,1964,2582,2374,3395,2465,1930,1477,2146,1619,1817,2056,1684,2929,2064,2008,1934,2206,2142,2433,2331,2513,2779,2413,2391,3212,2161,2771,1737,2868,2384,2875,2448,2819,2252,2708,2749,2766,2776,2577,2681,2811,2439,1964,2920,2773,2835,2414,2858,2832,2515,2822,2411,2444,2545,2165,2309,3043,2155,2130,2408,2508,2333,2390,2199,2311,1906,2274,1729,1760,1568,2335,2093,1803,2536,2247,1705,2231,2291,2515,2686,2434,3003,3845,2160,2002,2929,2221,2275,1840,2565,3316,2543,2461,2705,2916,2506,2620,1938,2161,2830,2653,3007,2423,2075,2702,2653,3337,2618,2828,2314,1991,2317,2549,2804,2616,2434,2613,2977,2415,1920,2087,1997,1883,2166,1956,2311,1782,1995,2118,2011,1733,1535,2244,2099,2789,2816,1850,2324,2054,2463,2726,2557,2460
