Hello from MIC
Galois Benchmark Suite v2.2.0 (r0)
Copyright (C) 2013 The University of Texas at Austin
http://iss.ices.utexas.edu/galois/

application: GMetis
Partitions a graph into K parts and minimizing the graph cut
http://iss.ices.utexas.edu/?p=projects/galois/benchmarks/gMetis

INFO: CommandLine /work/02556/dpereira/MIC/apps/gmetis/gmetis -t=98 /work/02556/dpereira/Inputs/USA-road-d.W.gr 16
INFO: Hostname c557-903-mic0.stampede.tacc.utexas.edu
Created Graph with 6262104 nodes and 15248146 edges
Nodes 6262104| Edges 15248146 7624073

  Starting coarsening: 
Time coarsen:  2481 Size of final graph: 434

  Sarting initial partitioning using GGGP:
Size in decade percentages:  -0,16
Time clustering:  362

  Sarting refinnement with BKL2
Initial dist
Size in decade percentages:  -0,16
Refined dist
Size in decade percentages:  -1,5 0,6 1,5
Time refinement:  1134


Time:  4155
Total edge cut : 2164

Part saved in : 0x7fffd22cc8e0
STATTYPE,LOOP,CATEGORY,n,sum,T0,T1,T2,T3,T4,T5,T6,T7,T8,T9,T10,T11,T12,T13,T14,T15,T16,T17,T18,T19,T20,T21,T22,T23,T24,T25,T26,T27,T28,T29,T30,T31,T32,T33,T34,T35,T36,T37,T38,T39,T40,T41,T42,T43,T44,T45,T46,T47,T48,T49,T50,T51,T52,T53,T54,T55,T56,T57,T58,T59,T60,T61,T62,T63,T64,T65,T66,T67,T68,T69,T70,T71,T72,T73,T74,T75,T76,T77,T78,T79,T80,T81,T82,T83,T84,T85,T86,T87,T88,T89,T90,T91,T92,T93,T94,T95,T96,T97
STAT,(NULL),Coarsen,98,2481,2481,0,0,0,0,0,0,0,0,0,0,0,0,0,0,0,0,0,0,0,0,0,0,0,0,0,0,0,0,0,0,0,0,0,0,0,0,0,0,0,0,0,0,0,0,0,0,0,0,0,0,0,0,0,0,0,0,0,0,0,0,0,0,0,0,0,0,0,0,0,0,0,0,0,0,0,0,0,0,0,0,0,0,0,0,0,0,0,0,0,0,0,0,0,0,0,0,0
STAT,(NULL),Conflicts,98,0,0,0,0,0,0,0,0,0,0,0,0,0,0,0,0,0,0,0,0,0,0,0,0,0,0,0,0,0,0,0,0,0,0,0,0,0,0,0,0,0,0,0,0,0,0,0,0,0,0,0,0,0,0,0,0,0,0,0,0,0,0,0,0,0,0,0,0,0,0,0,0,0,0,0,0,0,0,0,0,0,0,0,0,0,0,0,0,0,0,0,0,0,0,0,0,0,0,0
STAT,(NULL),Iterations,98,31,5,0,0,1,0,0,0,0,0,0,0,0,0,0,0,1,0,0,0,0,0,5,0,0,0,0,0,0,0,0,0,0,0,0,0,0,0,0,1,0,0,2,0,0,0,1,0,0,0,0,0,0,0,0,0,2,2,0,0,0,0,2,0,0,0,0,0,1,0,0,0,0,0,0,0,0,0,3,0,0,0,0,0,3,0,0,0,1,0,0,0,0,0,0,0,0,0,1
STAT,(NULL),MeminfoPost,98,756670,7715,7746,7731,7714,7720,7749,7797,7711,7703,7739,7738,7732,7707,7719,7739,7697,7721,7732,7731,7732,7704,7741,7798,7722,7716,7719,7741,7735,7715,7710,7746,7707,7706,7729,7723,7753,7722,7728,7725,7705,7720,7686,7727,7730,7709,7701,7694,7706,7764,7723,7703,7733,7684,7704,7732,7743,7718,7705,7714,7704,7688,7693,7721,7713,7769,7751,7700,7724,7682,7723,7742,7713,7710,7710,7683,7718,7691,7766,7768,7713,7699,7711,7774,7753,7741,7708,7711,7714,7681,7708,7719,7677,7701,7716,7702,7722,7725,7712
STAT,(NULL),MeminfoPre,98,189152,1924,1955,1940,1923,1929,1958,2006,1920,1912,1948,1947,1941,1916,1928,1948,1906,1930,1941,1940,1941,1913,1950,2007,1931,1925,1928,1950,1944,1924,1919,1955,1916,1915,1938,1932,1962,1931,1937,1934,1914,1929,1895,1936,1939,1918,1910,1903,1915,1973,1932,1912,1942,1893,1913,1941,1952,1927,1914,1923,1913,1897,1902,1930,1922,1978,1960,1909,1933,1891,1932,1951,1922,1919,1919,1892,1927,1900,1975,1977,1922,1908,1920,1983,1962,1950,1917,1920,1923,1890,1917,1928,1886,1910,1925,1911,1931,1934,1921
STAT,(NULL),Partition,98,362,362,0,0,0,0,0,0,0,0,0,0,0,0,0,0,0,0,0,0,0,0,0,0,0,0,0,0,0,0,0,0,0,0,0,0,0,0,0,0,0,0,0,0,0,0,0,0,0,0,0,0,0,0,0,0,0,0,0,0,0,0,0,0,0,0,0,0,0,0,0,0,0,0,0,0,0,0,0,0,0,0,0,0,0,0,0,0,0,0,0,0,0,0,0,0,0,0,0
STAT,(NULL),Refine,98,1134,1134,0,0,0,0,0,0,0,0,0,0,0,0,0,0,0,0,0,0,0,0,0,0,0,0,0,0,0,0,0,0,0,0,0,0,0,0,0,0,0,0,0,0,0,0,0,0,0,0,0,0,0,0,0,0,0,0,0,0,0,0,0,0,0,0,0,0,0,0,0,0,0,0,0,0,0,0,0,0,0,0,0,0,0,0,0,0,0,0,0,0,0,0,0,0,0,0,0
STAT,(NULL),Threads,98,98,98,0,0,0,0,0,0,0,0,0,0,0,0,0,0,0,0,0,0,0,0,0,0,0,0,0,0,0,0,0,0,0,0,0,0,0,0,0,0,0,0,0,0,0,0,0,0,0,0,0,0,0,0,0,0,0,0,0,0,0,0,0,0,0,0,0,0,0,0,0,0,0,0,0,0,0,0,0,0,0,0,0,0,0,0,0,0,0,0,0,0,0,0,0,0,0,0,0
STAT,(NULL),Time,98,4155,4155,0,0,0,0,0,0,0,0,0,0,0,0,0,0,0,0,0,0,0,0,0,0,0,0,0,0,0,0,0,0,0,0,0,0,0,0,0,0,0,0,0,0,0,0,0,0,0,0,0,0,0,0,0,0,0,0,0,0,0,0,0,0,0,0,0,0,0,0,0,0,0,0,0,0,0,0,0,0,0,0,0,0,0,0,0,0,0,0,0,0,0,0,0,0,0,0,0
STAT,match,Conflicts,98,6213,108,116,114,93,94,96,89,93,86,77,83,82,85,85,84,74,97,68,79,62,68,76,85,94,80,75,77,71,87,69,59,81,76,63,71,73,75,45,58,43,50,50,46,43,49,50,44,45,47,50,45,51,60,47,49,60,43,46,48,55,44,55,65,50,62,50,54,47,55,47,45,57,47,51,54,41,50,61,52,57,51,37,69,60,62,67,55,60,56,48,48,55,59,53,45,46,72,57
STAT,match,Iterations,98,15008549,118861,118910,138332,131257,137599,121966,141990,139191,136708,135405,131300,153663,146371,145131,140727,145679,133965,145458,136942,139451,133909,126719,140536,124985,142590,149090,132531,147194,135626,150774,159804,144422,141681,154781,125833,147549,160898,172497,161727,170725,157960,181833,157692,171648,155060,163610,171189,167701,160477,184187,185662,164334,165044,173492,157826,140245,170611,178015,179151,176725,169836,145704,144179,162923,137435,145340,157392,168406,168181,147726,153552,153347,148916,163837,151517,166070,158902,153843,146115,157144,149844,178230,132783,173601,161738,181179,159543,152675,163911,169651,155502,156236,164169,153362,173090,149492,149679,158260
STAT,popedge,Conflicts,98,0,0,0,0,0,0,0,0,0,0,0,0,0,0,0,0,0,0,0,0,0,0,0,0,0,0,0,0,0,0,0,0,0,0,0,0,0,0,0,0,0,0,0,0,0,0,0,0,0,0,0,0,0,0,0,0,0,0,0,0,0,0,0,0,0,0,0,0,0,0,0,0,0,0,0,0,0,0,0,0,0,0,0,0,0,0,0,0,0,0,0,0,0,0,0,0,0,0,0
STAT,popedge,Iterations,98,7356642,75237,71366,70632,73700,70729,74236,70576,74916,70522,72316,69665,71111,73018,73513,74466,72398,72460,68829,73137,69555,72849,75103,72651,74952,75362,74943,66599,71413,74123,74741,73537,74613,75026,69254,70647,69219,66741,76128,78311,76805,80583,79877,79069,77330,80567,82476,80653,78018,79418,81713,83409,83535,86655,83299,81638,85600,83666,81845,84589,83560,86156,73771,71449,73321,71983,69296,71985,67167,75348,72719,71684,69510,74715,72356,73304,72194,72145,70021,68898,70760,70036,72600,73872,79120,74787,73824,78474,71362,80577,77716,75522,80822,78684,78112,73073,76615,75024,74741
STAT,refine,Conflicts,98,4503,144,136,118,117,106,109,114,103,92,85,89,83,96,93,82,75,79,58,69,52,41,69,60,58,50,60,58,61,69,49,42,53,32,44,31,47,53,43,47,28,53,36,30,47,27,29,30,40,38,30,35,39,36,34,31,33,28,34,26,32,17,22,27,20,26,25,21,25,29,25,17,21,33,28,36,30,22,28,36,24,23,15,13,22,22,30,23,16,24,27,27,27,32,16,20,24,16,31
STAT,refine,Iterations,98,41327,627,594,465,497,409,543,698,370,484,417,374,533,427,507,546,353,505,384,633,257,297,380,438,468,401,415,370,372,325,328,443,421,315,366,203,387,409,382,676,550,897,368,272,598,327,478,530,417,494,675,633,920,288,317,370,553,595,425,304,486,391,350,383,380,353,349,485,594,253,246,426,313,438,355,371,605,277,445,421,479,239,246,439,349,323,479,375,301,262,321,284,403,472,294,257,193,252,408
