Hello from MIC
Galois Benchmark Suite v2.2.0 (r0)
Copyright (C) 2013 The University of Texas at Austin
http://iss.ices.utexas.edu/galois/

application: GMetis
Partitions a graph into K parts and minimizing the graph cut
http://iss.ices.utexas.edu/?p=projects/galois/benchmarks/gMetis

INFO: CommandLine /work/02556/dpereira/MIC/apps/gmetis/gmetis -t=73 /work/02556/dpereira/Inputs/USA-road-d.W.gr 1024
INFO: Hostname c558-304-mic0.stampede.tacc.utexas.edu
Created Graph with 6262104 nodes and 15248146 edges
Nodes 6262104| Edges 15248146 7624073

  Starting coarsening: 
Time coarsen:  2104 Size of final graph: 40921

  Sarting initial partitioning using GGGP:
Size in decade percentages:  -0,1024
Time clustering:  1451

  Sarting refinnement with BKL2
Initial dist
Size in decade percentages:  -0,1024
Refined dist
Size in decade percentages:  -1,349 -0,324 1,350 2,1
Time refinement:  855


Time:  4585
Total edge cut : 36856

Part saved in : 0x7fff86df0260
STATTYPE,LOOP,CATEGORY,n,sum,T0,T1,T2,T3,T4,T5,T6,T7,T8,T9,T10,T11,T12,T13,T14,T15,T16,T17,T18,T19,T20,T21,T22,T23,T24,T25,T26,T27,T28,T29,T30,T31,T32,T33,T34,T35,T36,T37,T38,T39,T40,T41,T42,T43,T44,T45,T46,T47,T48,T49,T50,T51,T52,T53,T54,T55,T56,T57,T58,T59,T60,T61,T62,T63,T64,T65,T66,T67,T68,T69,T70,T71,T72
STAT,(NULL),Coarsen,73,2104,2104,0,0,0,0,0,0,0,0,0,0,0,0,0,0,0,0,0,0,0,0,0,0,0,0,0,0,0,0,0,0,0,0,0,0,0,0,0,0,0,0,0,0,0,0,0,0,0,0,0,0,0,0,0,0,0,0,0,0,0,0,0,0,0,0,0,0,0,0,0,0,0,0
STAT,(NULL),Conflicts,73,0,0,0,0,0,0,0,0,0,0,0,0,0,0,0,0,0,0,0,0,0,0,0,0,0,0,0,0,0,0,0,0,0,0,0,0,0,0,0,0,0,0,0,0,0,0,0,0,0,0,0,0,0,0,0,0,0,0,0,0,0,0,0,0,0,0,0,0,0,0,0,0,0,0
STAT,(NULL),Iterations,73,2047,11,17,18,25,24,19,16,24,28,30,43,20,29,31,34,32,35,37,30,40,27,33,23,27,29,32,26,31,14,22,25,24,33,30,37,23,13,33,33,21,44,39,28,33,27,41,20,32,28,18,40,38,31,46,43,35,9,24,18,26,27,33,24,18,19,33,25,20,20,33,43,24,29
STAT,(NULL),MeminfoPost,73,756276,10363,10391,10347,10369,10449,10353,10354,10384,10377,10339,10375,10336,10348,10396,10367,10347,10440,10374,10349,10377,10381,10349,10362,10354,10357,10360,10396,10373,10359,10339,10343,10352,10365,10345,10320,10353,10406,10332,10361,10314,10371,10386,10338,10351,10335,10320,10347,10369,10420,10339,10345,10341,10385,10339,10352,10320,10340,10383,10417,10341,10336,10419,10407,10336,10364,10321,10330,10348,10319,10341,10339,10364,10357
STAT,(NULL),MeminfoPre,73,189066,2593,2621,2577,2599,2679,2583,2584,2614,2607,2569,2605,2566,2578,2626,2597,2577,2670,2604,2579,2607,2611,2579,2592,2584,2587,2590,2626,2603,2589,2569,2573,2582,2595,2575,2550,2583,2636,2562,2591,2544,2601,2616,2568,2581,2565,2550,2577,2599,2650,2569,2575,2571,2615,2569,2582,2550,2570,2613,2647,2571,2566,2649,2637,2566,2594,2551,2560,2578,2549,2571,2569,2594,2587
STAT,(NULL),Partition,73,1451,1451,0,0,0,0,0,0,0,0,0,0,0,0,0,0,0,0,0,0,0,0,0,0,0,0,0,0,0,0,0,0,0,0,0,0,0,0,0,0,0,0,0,0,0,0,0,0,0,0,0,0,0,0,0,0,0,0,0,0,0,0,0,0,0,0,0,0,0,0,0,0,0,0
STAT,(NULL),Refine,73,855,855,0,0,0,0,0,0,0,0,0,0,0,0,0,0,0,0,0,0,0,0,0,0,0,0,0,0,0,0,0,0,0,0,0,0,0,0,0,0,0,0,0,0,0,0,0,0,0,0,0,0,0,0,0,0,0,0,0,0,0,0,0,0,0,0,0,0,0,0,0,0,0,0
STAT,(NULL),Threads,73,73,73,0,0,0,0,0,0,0,0,0,0,0,0,0,0,0,0,0,0,0,0,0,0,0,0,0,0,0,0,0,0,0,0,0,0,0,0,0,0,0,0,0,0,0,0,0,0,0,0,0,0,0,0,0,0,0,0,0,0,0,0,0,0,0,0,0,0,0,0,0,0,0,0
STAT,(NULL),Time,73,4585,4585,0,0,0,0,0,0,0,0,0,0,0,0,0,0,0,0,0,0,0,0,0,0,0,0,0,0,0,0,0,0,0,0,0,0,0,0,0,0,0,0,0,0,0,0,0,0,0,0,0,0,0,0,0,0,0,0,0,0,0,0,0,0,0,0,0,0,0,0,0,0,0,0
STAT,match,Conflicts,73,4927,150,137,118,148,138,130,102,110,115,98,90,102,64,80,68,54,76,79,51,46,59,62,61,53,48,74,63,52,63,57,49,57,61,53,51,42,45,62,53,44,57,56,45,38,55,63,45,62,48,45,60,48,62,53,41,55,48,35,51,40,47,62,50,52,116,70,78,65,58,75,66,56,60
STAT,match,Iterations,73,14909221,165068,170150,185260,184213,176658,180661,188928,176303,185568,190265,187164,192276,204988,184110,201389,215178,182039,204972,214179,216330,217430,212962,212512,211117,208634,197894,207874,209164,207674,210261,221862,216717,215878,206920,230607,192286,197472,233276,214244,222792,215452,203630,215438,220354,220910,215816,221820,191339,199884,209082,215391,213495,207936,218897,208296,206859,213210,204296,189675,214968,208731,190518,193405,201228,187109,197654,218715,200421,215231,205939,204192,217559,208496
STAT,popedge,Conflicts,73,0,0,0,0,0,0,0,0,0,0,0,0,0,0,0,0,0,0,0,0,0,0,0,0,0,0,0,0,0,0,0,0,0,0,0,0,0,0,0,0,0,0,0,0,0,0,0,0,0,0,0,0,0,0,0,0,0,0,0,0,0,0,0,0,0,0,0,0,0,0,0,0,0,0
STAT,popedge,Iterations,73,7309879,95277,91278,92844,95022,87623,96572,93284,91129,93443,96723,96961,97259,106441,100157,103214,102729,100358,101633,104415,101923,102276,102883,104405,105301,99024,94965,95587,93182,97175,101829,103156,102710,102427,104386,101546,94033,99333,111755,109589,111655,104755,103807,105048,105371,106867,107516,103454,107891,101281,104014,104935,104443,100209,103431,102075,106939,100581,102373,99982,98350,99679,93224,96523,100015,95321,95006,99462,93096,92286,93980,96679,99024,96760
STAT,refine,Conflicts,73,3167,81,69,64,56,88,53,64,60,46,48,44,54,55,40,53,52,56,53,48,54,35,54,56,48,41,53,52,40,61,34,52,36,25,32,60,36,52,55,34,37,36,30,30,29,40,38,53,38,49,35,37,26,34,30,40,29,60,56,29,39,39,30,32,26,25,28,29,29,33,25,23,37,22
STAT,refine,Iterations,73,471790,5624,5659,4778,5187,6717,4926,5619,5933,5532,5387,5995,5656,6009,6495,6128,6761,8099,7269,7038,7568,7704,6762,7409,6933,6465,5355,7477,7082,6584,6031,7432,6484,6379,5088,6773,6371,7730,6845,6605,5730,7315,7620,5958,6072,6129,6218,6925,6984,8185,6675,7160,7110,6821,5825,5363,6081,7689,7710,8332,6269,7317,7079,6916,5348,5883,5282,4774,5883,6055,6022,5966,6777,6428
