Hello from MIC
Galois Benchmark Suite v2.2.0 (r0)
Copyright (C) 2013 The University of Texas at Austin
http://iss.ices.utexas.edu/galois/

application: GMetis
Partitions a graph into K parts and minimizing the graph cut
http://iss.ices.utexas.edu/?p=projects/galois/benchmarks/gMetis

INFO: CommandLine /work/02556/dpereira/MIC/apps/gmetis/gmetis -t=82 /work/02556/dpereira/Inputs/USA-road-d.W.gr 16
INFO: Hostname c557-903-mic0.stampede.tacc.utexas.edu
Created Graph with 6262104 nodes and 15248146 edges
Nodes 6262104| Edges 15248146 7624073

  Starting coarsening: 
Time coarsen:  2389 Size of final graph: 425

  Sarting initial partitioning using GGGP:
Size in decade percentages:  -0,16
Time clustering:  359

  Sarting refinnement with BKL2
Initial dist
Size in decade percentages:  -0,16
Refined dist
Size in decade percentages:  -1,5 0,5 1,6
Time refinement:  947


Time:  3869
Total edge cut : 1859

Part saved in : 0x7fffbc37f9e0
STATTYPE,LOOP,CATEGORY,n,sum,T0,T1,T2,T3,T4,T5,T6,T7,T8,T9,T10,T11,T12,T13,T14,T15,T16,T17,T18,T19,T20,T21,T22,T23,T24,T25,T26,T27,T28,T29,T30,T31,T32,T33,T34,T35,T36,T37,T38,T39,T40,T41,T42,T43,T44,T45,T46,T47,T48,T49,T50,T51,T52,T53,T54,T55,T56,T57,T58,T59,T60,T61,T62,T63,T64,T65,T66,T67,T68,T69,T70,T71,T72,T73,T74,T75,T76,T77,T78,T79,T80,T81
STAT,(NULL),Coarsen,82,2389,2389,0,0,0,0,0,0,0,0,0,0,0,0,0,0,0,0,0,0,0,0,0,0,0,0,0,0,0,0,0,0,0,0,0,0,0,0,0,0,0,0,0,0,0,0,0,0,0,0,0,0,0,0,0,0,0,0,0,0,0,0,0,0,0,0,0,0,0,0,0,0,0,0,0,0,0,0,0,0,0,0,0
STAT,(NULL),Conflicts,82,0,0,0,0,0,0,0,0,0,0,0,0,0,0,0,0,0,0,0,0,0,0,0,0,0,0,0,0,0,0,0,0,0,0,0,0,0,0,0,0,0,0,0,0,0,0,0,0,0,0,0,0,0,0,0,0,0,0,0,0,0,0,0,0,0,0,0,0,0,0,0,0,0,0,0,0,0,0,0,0,0,0,0
STAT,(NULL),Iterations,82,31,5,0,0,0,0,0,0,0,0,4,0,3,0,0,0,2,1,0,0,0,0,0,0,0,0,0,0,0,0,1,1,1,0,1,0,0,3,0,0,0,0,0,0,0,0,0,0,0,1,2,1,0,0,0,0,0,0,0,0,0,0,0,0,0,0,0,2,0,0,0,0,0,0,0,2,0,0,0,0,0,0,1
STAT,(NULL),MeminfoPost,82,756365,9226,9249,9232,9214,9242,9307,9201,9225,9250,9237,9209,9225,9224,9212,9234,9245,9216,9219,9283,9264,9209,9226,9252,9237,9200,9246,9201,9221,9223,9265,9227,9225,9221,9204,9205,9226,9229,9208,9192,9208,9259,9222,9213,9216,9186,9239,9246,9212,9211,9210,9184,9194,9214,9248,9280,9204,9220,9191,9237,9231,9211,9205,9193,9205,9238,9281,9218,9197,9239,9270,9265,9213,9220,9197,9184,9229,9169,9199,9212,9221,9224,9219
STAT,(NULL),MeminfoPre,82,189089,2308,2331,2314,2296,2324,2389,2283,2307,2332,2319,2291,2307,2306,2294,2316,2327,2298,2301,2365,2346,2291,2308,2334,2319,2282,2328,2283,2303,2305,2347,2309,2307,2303,2286,2287,2308,2311,2290,2274,2290,2341,2304,2295,2298,2268,2321,2328,2294,2293,2292,2266,2276,2296,2330,2362,2286,2302,2273,2319,2313,2293,2287,2275,2287,2320,2363,2300,2279,2321,2352,2347,2295,2302,2279,2266,2311,2251,2281,2294,2303,2306,2301
STAT,(NULL),Partition,82,359,359,0,0,0,0,0,0,0,0,0,0,0,0,0,0,0,0,0,0,0,0,0,0,0,0,0,0,0,0,0,0,0,0,0,0,0,0,0,0,0,0,0,0,0,0,0,0,0,0,0,0,0,0,0,0,0,0,0,0,0,0,0,0,0,0,0,0,0,0,0,0,0,0,0,0,0,0,0,0,0,0,0
STAT,(NULL),Refine,82,947,947,0,0,0,0,0,0,0,0,0,0,0,0,0,0,0,0,0,0,0,0,0,0,0,0,0,0,0,0,0,0,0,0,0,0,0,0,0,0,0,0,0,0,0,0,0,0,0,0,0,0,0,0,0,0,0,0,0,0,0,0,0,0,0,0,0,0,0,0,0,0,0,0,0,0,0,0,0,0,0,0,0
STAT,(NULL),Threads,82,82,82,0,0,0,0,0,0,0,0,0,0,0,0,0,0,0,0,0,0,0,0,0,0,0,0,0,0,0,0,0,0,0,0,0,0,0,0,0,0,0,0,0,0,0,0,0,0,0,0,0,0,0,0,0,0,0,0,0,0,0,0,0,0,0,0,0,0,0,0,0,0,0,0,0,0,0,0,0,0,0,0,0
STAT,(NULL),Time,82,3869,3869,0,0,0,0,0,0,0,0,0,0,0,0,0,0,0,0,0,0,0,0,0,0,0,0,0,0,0,0,0,0,0,0,0,0,0,0,0,0,0,0,0,0,0,0,0,0,0,0,0,0,0,0,0,0,0,0,0,0,0,0,0,0,0,0,0,0,0,0,0,0,0,0,0,0,0,0,0,0,0,0,0
STAT,match,Conflicts,82,6120,147,104,123,132,89,116,106,86,99,115,120,105,138,79,116,94,120,103,97,74,97,74,68,80,79,71,52,60,72,69,72,52,53,54,61,47,70,74,55,67,67,55,62,58,71,58,69,71,53,62,64,62,56,57,44,50,53,52,57,56,53,55,50,60,73,47,67,65,50,72,76,89,65,90,43,79,67,86,84,59,58,65
STAT,match,Iterations,82,14979156,149106,148244,161349,153091,159585,158202,156479,158933,161390,161571,173736,155863,164664,188584,152270,177839,156579,165074,174604,167283,172154,206123,180269,197560,191177,195109,201276,192456,186317,165299,198975,188764,194336,199376,197672,196703,192091,199701,191304,191082,184771,196560,199311,209300,195441,192153,180351,210009,196383,185861,199330,191394,193162,192299,191076,192598,175312,200304,175490,193976,191834,189985,185849,190443,170535,169037,164240,185168,178667,180007,173282,190874,187626,179835,204914,178783,192137,181834,197500,195867,176216,177252
STAT,popedge,Conflicts,82,0,0,0,0,0,0,0,0,0,0,0,0,0,0,0,0,0,0,0,0,0,0,0,0,0,0,0,0,0,0,0,0,0,0,0,0,0,0,0,0,0,0,0,0,0,0,0,0,0,0,0,0,0,0,0,0,0,0,0,0,0,0,0,0,0,0,0,0,0,0,0,0,0,0,0,0,0,0,0,0,0,0,0
STAT,popedge,Iterations,82,7338666,82205,81678,83067,83084,82523,77598,86985,81912,84362,84956,89093,88913,88034,91168,84932,83545,89698,87008,85246,74035,86057,94155,89684,93233,96502,97266,94859,87932,89310,85136,86642,86682,89850,95415,94732,90995,91770,95623,93812,94358,93283,95041,94625,96783,102691,95808,98408,93693,96510,99900,98931,98968,95873,95547,90985,95327,100554,100613,96234,92949,95036,78602,82755,79565,81502,81113,78931,82037,83206,85241,88198,88533,86964,90642,87206,85961,91172,88428,86595,88868,82359,88974
STAT,refine,Conflicts,82,3872,138,141,132,116,120,97,100,97,77,84,91,67,88,79,75,53,57,53,70,47,66,54,37,52,50,49,52,50,51,44,42,29,30,43,34,29,46,40,29,37,35,41,47,36,20,35,39,23,42,32,32,36,39,33,36,37,14,27,22,39,22,18,28,21,22,27,22,20,30,24,24,25,22,42,32,22,26,32,19,34,26,23
STAT,refine,Iterations,82,37660,598,625,544,637,507,483,471,441,475,427,369,376,489,506,386,556,424,524,426,489,261,435,282,437,387,617,476,433,586,431,340,316,444,586,464,403,549,436,612,582,585,505,439,510,365,422,480,398,409,378,627,533,373,590,661,367,515,465,369,397,405,355,510,353,476,562,336,327,462,445,407,275,315,391,545,322,518,385,439,700,588,326
