Hello from MIC
Galois Benchmark Suite v2.2.0 (r0)
Copyright (C) 2013 The University of Texas at Austin
http://iss.ices.utexas.edu/galois/

application: GMetis
Partitions a graph into K parts and minimizing the graph cut
http://iss.ices.utexas.edu/?p=projects/galois/benchmarks/gMetis

INFO: CommandLine /work/02556/dpereira/MIC/apps/gmetis/gmetis -t=110 /work/02556/dpereira/Inputs/USA-road-d.W.gr 128
INFO: Hostname c558-001-mic0.stampede.tacc.utexas.edu
Created Graph with 6262104 nodes and 15248146 edges
Nodes 6262104| Edges 15248146 7624073

  Starting coarsening: 
Time coarsen:  2308 Size of final graph: 3071

  Sarting initial partitioning using GGGP:
Size in decade percentages:  -1,6 -0,119 1,3
Time clustering:  414

  Sarting refinnement with BKL2
Initial dist
Size in decade percentages:  -1,6 -0,119 1,3
Refined dist
Size in decade percentages:  -1,46 0,33 1,49
Time refinement:  1126


Time:  4026
Total edge cut : 8166

Part saved in : 0x7fffe0730e60
STATTYPE,LOOP,CATEGORY,n,sum,T0,T1,T2,T3,T4,T5,T6,T7,T8,T9,T10,T11,T12,T13,T14,T15,T16,T17,T18,T19,T20,T21,T22,T23,T24,T25,T26,T27,T28,T29,T30,T31,T32,T33,T34,T35,T36,T37,T38,T39,T40,T41,T42,T43,T44,T45,T46,T47,T48,T49,T50,T51,T52,T53,T54,T55,T56,T57,T58,T59,T60,T61,T62,T63,T64,T65,T66,T67,T68,T69,T70,T71,T72,T73,T74,T75,T76,T77,T78,T79,T80,T81,T82,T83,T84,T85,T86,T87,T88,T89,T90,T91,T92,T93,T94,T95,T96,T97,T98,T99,T100,T101,T102,T103,T104,T105,T106,T107,T108,T109
STAT,(NULL),Coarsen,110,2308,2308,0,0,0,0,0,0,0,0,0,0,0,0,0,0,0,0,0,0,0,0,0,0,0,0,0,0,0,0,0,0,0,0,0,0,0,0,0,0,0,0,0,0,0,0,0,0,0,0,0,0,0,0,0,0,0,0,0,0,0,0,0,0,0,0,0,0,0,0,0,0,0,0,0,0,0,0,0,0,0,0,0,0,0,0,0,0,0,0,0,0,0,0,0,0,0,0,0,0,0,0,0,0,0,0,0,0,0,0,0
STAT,(NULL),Conflicts,110,0,0,0,0,0,0,0,0,0,0,0,0,0,0,0,0,0,0,0,0,0,0,0,0,0,0,0,0,0,0,0,0,0,0,0,0,0,0,0,0,0,0,0,0,0,0,0,0,0,0,0,0,0,0,0,0,0,0,0,0,0,0,0,0,0,0,0,0,0,0,0,0,0,0,0,0,0,0,0,0,0,0,0,0,0,0,0,0,0,0,0,0,0,0,0,0,0,0,0,0,0,0,0,0,0,0,0,0,0,0,0
STAT,(NULL),Iterations,110,255,9,0,3,0,3,3,5,2,0,1,1,6,2,2,0,1,2,7,3,0,0,2,2,0,2,7,1,1,0,0,2,2,6,4,0,1,0,0,3,0,6,4,3,2,0,3,1,1,0,8,3,4,5,2,0,3,2,0,3,5,2,5,3,2,0,2,4,0,5,2,0,1,8,0,4,4,0,0,6,2,1,3,2,2,2,2,3,0,0,3,4,3,0,1,2,6,0,1,0,3,0,7,6,8,0,0,1,3,0,4
STAT,(NULL),MeminfoPost,110,756359,6877,6889,6895,6876,6854,6893,6919,6935,6859,6859,6886,6898,6887,6876,6861,6885,6879,6859,6873,6878,6895,6881,6874,6870,6898,6951,6878,6867,6874,6885,6892,6894,6856,6868,6899,6861,6865,6885,6876,6917,6865,6891,6870,6878,6864,6877,6844,6874,6894,6862,6868,6852,6854,6867,6917,6883,6857,6890,6852,6840,6877,6888,6895,6871,6858,6870,6869,6849,6855,6868,6853,6877,6924,6906,6859,6880,6844,6861,6887,6887,6864,6870,6865,6846,6853,6870,6883,6918,6908,6864,6854,6869,6921,6899,6915,6857,6876,6871,6859,6842,6863,6878,6842,6853,6868,6853,6869,6880,6879,6869
STAT,(NULL),MeminfoPre,110,189089,1720,1732,1738,1719,1697,1736,1762,1778,1702,1702,1729,1741,1730,1719,1704,1728,1722,1702,1716,1721,1738,1724,1717,1713,1741,1794,1721,1710,1717,1728,1735,1737,1699,1711,1742,1704,1708,1728,1719,1760,1708,1734,1713,1721,1707,1720,1687,1717,1737,1705,1711,1695,1697,1710,1760,1726,1700,1733,1695,1683,1720,1731,1738,1714,1701,1713,1712,1692,1698,1711,1696,1720,1767,1749,1702,1723,1687,1704,1730,1730,1707,1713,1708,1689,1696,1713,1726,1761,1751,1707,1697,1712,1764,1742,1758,1700,1719,1714,1702,1685,1706,1721,1685,1696,1711,1696,1712,1723,1722,1712
STAT,(NULL),Partition,110,414,414,0,0,0,0,0,0,0,0,0,0,0,0,0,0,0,0,0,0,0,0,0,0,0,0,0,0,0,0,0,0,0,0,0,0,0,0,0,0,0,0,0,0,0,0,0,0,0,0,0,0,0,0,0,0,0,0,0,0,0,0,0,0,0,0,0,0,0,0,0,0,0,0,0,0,0,0,0,0,0,0,0,0,0,0,0,0,0,0,0,0,0,0,0,0,0,0,0,0,0,0,0,0,0,0,0,0,0,0,0
STAT,(NULL),Refine,110,1126,1126,0,0,0,0,0,0,0,0,0,0,0,0,0,0,0,0,0,0,0,0,0,0,0,0,0,0,0,0,0,0,0,0,0,0,0,0,0,0,0,0,0,0,0,0,0,0,0,0,0,0,0,0,0,0,0,0,0,0,0,0,0,0,0,0,0,0,0,0,0,0,0,0,0,0,0,0,0,0,0,0,0,0,0,0,0,0,0,0,0,0,0,0,0,0,0,0,0,0,0,0,0,0,0,0,0,0,0,0,0
STAT,(NULL),Threads,110,110,110,0,0,0,0,0,0,0,0,0,0,0,0,0,0,0,0,0,0,0,0,0,0,0,0,0,0,0,0,0,0,0,0,0,0,0,0,0,0,0,0,0,0,0,0,0,0,0,0,0,0,0,0,0,0,0,0,0,0,0,0,0,0,0,0,0,0,0,0,0,0,0,0,0,0,0,0,0,0,0,0,0,0,0,0,0,0,0,0,0,0,0,0,0,0,0,0,0,0,0,0,0,0,0,0,0,0,0,0,0
STAT,(NULL),Time,110,4026,4026,0,0,0,0,0,0,0,0,0,0,0,0,0,0,0,0,0,0,0,0,0,0,0,0,0,0,0,0,0,0,0,0,0,0,0,0,0,0,0,0,0,0,0,0,0,0,0,0,0,0,0,0,0,0,0,0,0,0,0,0,0,0,0,0,0,0,0,0,0,0,0,0,0,0,0,0,0,0,0,0,0,0,0,0,0,0,0,0,0,0,0,0,0,0,0,0,0,0,0,0,0,0,0,0,0,0,0,0,0
STAT,match,Conflicts,110,6276,102,80,68,66,76,80,74,77,81,84,68,97,77,83,97,82,78,60,60,70,58,53,75,68,67,73,55,59,61,49,62,65,68,67,81,58,59,70,83,61,60,53,63,69,72,78,50,52,70,38,39,46,51,36,51,40,31,38,39,45,48,47,42,42,45,43,53,42,49,53,52,50,56,50,57,66,44,60,36,43,41,49,37,52,43,60,56,53,39,50,42,41,50,54,53,71,34,42,51,53,48,34,45,49,48,49,48,37,53,43
STAT,match,Iterations,110,14997870,102391,113305,123467,129135,106703,113097,125858,115720,131853,127887,129568,102858,114969,135518,107651,127402,118740,126399,114737,126497,123837,133807,140183,121700,131304,99107,137906,118568,131153,130749,129569,110792,145650,138899,122855,139460,135974,138114,125550,127938,123148,135615,116183,136135,130983,118993,138496,122303,119661,151187,145857,152832,145628,164102,135506,161543,166197,157217,144609,151005,145488,148060,138818,140050,139852,142138,156657,138179,141942,144493,142979,142772,119576,143436,143374,150863,148521,133955,146305,140291,153327,134183,140079,146985,137307,145526,120367,153574,138225,142866,143932,155358,132030,145478,131657,157072,154340,145273,156460,145165,140660,155190,161813,134706,155450,162092,139657,143201,141414,142664
STAT,popedge,Conflicts,110,0,0,0,0,0,0,0,0,0,0,0,0,0,0,0,0,0,0,0,0,0,0,0,0,0,0,0,0,0,0,0,0,0,0,0,0,0,0,0,0,0,0,0,0,0,0,0,0,0,0,0,0,0,0,0,0,0,0,0,0,0,0,0,0,0,0,0,0,0,0,0,0,0,0,0,0,0,0,0,0,0,0,0,0,0,0,0,0,0,0,0,0,0,0,0,0,0,0,0,0,0,0,0,0,0,0,0,0,0,0,0
STAT,popedge,Iterations,110,7348021,67710,64904,65019,65654,70645,66805,65114,65380,64190,66460,66631,65776,66249,65305,68096,66397,69323,66315,68192,65067,63419,64287,64198,65035,65801,65090,64908,57835,63958,63614,63246,68281,69673,66080,71149,67623,68126,64165,64309,63430,61865,62324,65853,65360,66960,66845,67254,68138,66641,74136,71344,72848,71061,69989,72079,73819,74942,72400,81360,80861,75709,62816,63564,64856,64682,66678,64439,67968,62317,63897,65651,63696,65136,63969,65898,64307,65557,68077,66120,65504,64223,66584,66459,64908,68131,64652,64314,64865,56469,64255,62648,66613,69727,70569,68808,70140,67913,70153,64980,68070,66517,65623,67801,66504,65328,66624,68190,69991,70252,66331
STAT,refine,Conflicts,110,4623,108,110,98,92,91,79,96,81,80,83,74,70,78,69,76,62,57,68,68,58,55,57,55,64,61,69,58,53,47,52,46,44,44,32,46,39,29,47,42,43,39,46,41,41,37,47,49,38,41,48,26,25,28,40,32,35,26,26,39,38,32,30,30,25,29,24,27,31,27,26,39,22,21,21,22,27,25,24,26,30,24,22,20,19,26,28,31,26,22,26,33,29,19,30,18,35,21,21,33,22,27,25,26,20,24,28,31,22,32,22
STAT,refine,Iterations,110,135134,1196,1337,1032,952,854,1028,1671,1311,1021,1312,910,1358,1145,980,1373,1048,971,1238,1189,1276,1078,1116,1179,882,1275,1614,1317,1258,1135,1206,1492,985,1343,1205,1546,1050,1134,1225,953,1278,1036,1248,1190,1286,1099,1255,1078,1256,1267,1750,784,1540,1137,1266,1727,1435,1299,1474,1082,1242,1154,1413,1490,1105,1118,818,1047,1537,1075,1039,1246,1138,1649,1122,903,1530,954,1193,1604,1213,1214,1017,1185,1354,975,1283,1477,1642,1197,1227,1115,1659,1231,1435,1198,1462,1152,1354,1262,986,1087,1160,1119,1126,1350,1213,1263,1221,1426,1472
