Hello from MIC
Galois Benchmark Suite v2.2.0 (r0)
Copyright (C) 2013 The University of Texas at Austin
http://iss.ices.utexas.edu/galois/

application: GMetis
Partitions a graph into K parts and minimizing the graph cut
http://iss.ices.utexas.edu/?p=projects/galois/benchmarks/gMetis

INFO: CommandLine /work/02556/dpereira/MIC/apps/gmetis/gmetis -t=206 /work/02556/dpereira/Inputs/USA-road-d.W.gr 16
INFO: Hostname c558-003-mic0.stampede.tacc.utexas.edu
Created Graph with 6262104 nodes and 15248146 edges
Nodes 6262104| Edges 15248146 7624073

  Starting coarsening: 
Time coarsen:  4317 Size of final graph: 449

  Sarting initial partitioning using GGGP:
Size in decade percentages:  -0,16
Time clustering:  376

  Sarting refinnement with BKL2
Initial dist
Size in decade percentages:  -0,16
Refined dist
Size in decade percentages:  -1,4 -0,7 1,5
Time refinement:  2743


Time:  7614
Total edge cut : 1735

Part saved in : 0x7fff66a6f9e0
STATTYPE,LOOP,CATEGORY,n,sum,T0,T1,T2,T3,T4,T5,T6,T7,T8,T9,T10,T11,T12,T13,T14,T15,T16,T17,T18,T19,T20,T21,T22,T23,T24,T25,T26,T27,T28,T29,T30,T31,T32,T33,T34,T35,T36,T37,T38,T39,T40,T41,T42,T43,T44,T45,T46,T47,T48,T49,T50,T51,T52,T53,T54,T55,T56,T57,T58,T59,T60,T61,T62,T63,T64,T65,T66,T67,T68,T69,T70,T71,T72,T73,T74,T75,T76,T77,T78,T79,T80,T81,T82,T83,T84,T85,T86,T87,T88,T89,T90,T91,T92,T93,T94,T95,T96,T97,T98,T99,T100,T101,T102,T103,T104,T105,T106,T107,T108,T109,T110,T111,T112,T113,T114,T115,T116,T117,T118,T119,T120,T121,T122,T123,T124,T125,T126,T127,T128,T129,T130,T131,T132,T133,T134,T135,T136,T137,T138,T139,T140,T141,T142,T143,T144,T145,T146,T147,T148,T149,T150,T151,T152,T153,T154,T155,T156,T157,T158,T159,T160,T161,T162,T163,T164,T165,T166,T167,T168,T169,T170,T171,T172,T173,T174,T175,T176,T177,T178,T179,T180,T181,T182,T183,T184,T185,T186,T187,T188,T189,T190,T191,T192,T193,T194,T195,T196,T197,T198,T199,T200,T201,T202,T203,T204,T205
STAT,(NULL),Coarsen,206,4317,4317,0,0,0,0,0,0,0,0,0,0,0,0,0,0,0,0,0,0,0,0,0,0,0,0,0,0,0,0,0,0,0,0,0,0,0,0,0,0,0,0,0,0,0,0,0,0,0,0,0,0,0,0,0,0,0,0,0,0,0,0,0,0,0,0,0,0,0,0,0,0,0,0,0,0,0,0,0,0,0,0,0,0,0,0,0,0,0,0,0,0,0,0,0,0,0,0,0,0,0,0,0,0,0,0,0,0,0,0,0,0,0,0,0,0,0,0,0,0,0,0,0,0,0,0,0,0,0,0,0,0,0,0,0,0,0,0,0,0,0,0,0,0,0,0,0,0,0,0,0,0,0,0,0,0,0,0,0,0,0,0,0,0,0,0,0,0,0,0,0,0,0,0,0,0,0,0,0,0,0,0,0,0,0,0,0,0,0,0,0,0,0,0,0,0,0,0,0,0,0,0,0,0,0,0,0
STAT,(NULL),Conflicts,206,0,0,0,0,0,0,0,0,0,0,0,0,0,0,0,0,0,0,0,0,0,0,0,0,0,0,0,0,0,0,0,0,0,0,0,0,0,0,0,0,0,0,0,0,0,0,0,0,0,0,0,0,0,0,0,0,0,0,0,0,0,0,0,0,0,0,0,0,0,0,0,0,0,0,0,0,0,0,0,0,0,0,0,0,0,0,0,0,0,0,0,0,0,0,0,0,0,0,0,0,0,0,0,0,0,0,0,0,0,0,0,0,0,0,0,0,0,0,0,0,0,0,0,0,0,0,0,0,0,0,0,0,0,0,0,0,0,0,0,0,0,0,0,0,0,0,0,0,0,0,0,0,0,0,0,0,0,0,0,0,0,0,0,0,0,0,0,0,0,0,0,0,0,0,0,0,0,0,0,0,0,0,0,0,0,0,0,0,0,0,0,0,0,0,0,0,0,0,0,0,0,0,0,0,0,0,0
STAT,(NULL),Iterations,206,31,5,0,0,0,0,0,0,0,0,0,0,0,0,0,0,2,0,0,0,0,0,0,2,0,0,0,1,0,0,0,0,0,0,0,0,0,0,0,0,0,0,0,0,0,0,0,0,0,0,0,0,0,0,0,0,0,0,0,0,0,0,0,0,0,0,0,0,0,0,0,0,0,0,0,2,0,0,0,0,0,0,0,0,0,0,1,0,0,0,0,0,0,0,0,0,0,0,0,0,0,0,0,0,0,0,0,0,0,0,0,0,0,0,0,0,0,0,0,0,0,0,0,3,0,0,0,0,0,0,0,0,0,0,0,1,0,1,0,0,0,0,0,2,0,0,0,0,0,0,0,0,0,0,0,0,0,0,1,0,0,0,0,0,0,0,0,0,0,1,0,0,1,0,4,0,0,0,0,0,0,0,0,0,0,0,0,0,3,0,0,0,0,0,0,0,0,0,0,0,1,0,0,0,0,0,0
STAT,(NULL),MeminfoPost,206,757188,3682,3665,3685,3694,3679,3678,3673,3679,3665,3683,3673,3692,3700,3729,3688,3659,3674,3671,3666,3678,3689,3686,3686,3682,3680,3675,3663,3668,3673,3689,3684,3667,3667,3666,3680,3675,3672,3684,3686,3682,3683,3677,3664,3667,3682,3695,3678,3738,3700,3674,3666,3666,3675,3676,3679,3689,3684,3680,3684,3683,3661,3672,3666,3685,3678,3686,3668,3662,3670,3676,3686,3677,3674,3680,3712,3667,3674,3684,3683,3670,3678,3680,3665,3668,3668,3686,3663,3655,3671,3680,3686,3677,3673,3672,3666,3672,3661,3659,3662,3678,3661,3696,3699,3687,3669,3664,3668,3675,3689,3662,3659,3655,3669,3678,3679,3687,3687,3685,3671,3676,3661,3678,3670,3670,3667,3669,3664,3654,3666,3661,3677,3673,3663,3666,3689,3704,3699,3700,3672,3664,3668,3689,3666,3654,3659,3674,3677,3683,3688,3676,3676,3662,3677,3668,3670,3663,3660,3665,3660,3681,3663,3666,3693,3702,3698,3696,3680,3666,3672,3660,3663,3677,3685,3700,3699,3685,3697,3693,3666,3665,3685,3664,3669,3671,3676,3666,3647,3671,3664,3683,3672,3656,3657,3672,3656,3657,3689,3660,3667,3672,3679,3675,3676,3677,3669,3675
STAT,(NULL),MeminfoPre,206,189246,925,908,928,937,922,921,916,922,908,926,916,935,943,972,931,902,917,914,909,921,932,929,929,925,923,918,906,911,916,932,927,910,910,909,923,918,915,927,929,925,926,920,907,910,925,938,921,981,943,917,909,909,918,919,922,932,927,923,927,926,904,915,909,928,921,929,911,905,913,919,929,920,917,923,955,910,917,927,926,913,921,923,908,911,911,929,906,898,914,923,929,920,916,915,909,915,904,902,905,921,904,939,942,930,912,907,911,918,932,905,902,898,912,921,922,930,930,928,914,919,904,921,913,913,910,912,907,897,909,904,920,916,906,909,932,947,942,943,915,907,911,932,909,897,902,917,920,926,931,919,919,905,920,911,913,906,903,908,903,924,906,909,936,945,941,939,923,909,915,903,906,920,928,943,942,928,940,936,909,908,928,907,912,914,919,909,890,914,907,926,915,899,900,915,899,900,932,903,910,915,922,918,919,920,912,918
STAT,(NULL),Partition,206,376,376,0,0,0,0,0,0,0,0,0,0,0,0,0,0,0,0,0,0,0,0,0,0,0,0,0,0,0,0,0,0,0,0,0,0,0,0,0,0,0,0,0,0,0,0,0,0,0,0,0,0,0,0,0,0,0,0,0,0,0,0,0,0,0,0,0,0,0,0,0,0,0,0,0,0,0,0,0,0,0,0,0,0,0,0,0,0,0,0,0,0,0,0,0,0,0,0,0,0,0,0,0,0,0,0,0,0,0,0,0,0,0,0,0,0,0,0,0,0,0,0,0,0,0,0,0,0,0,0,0,0,0,0,0,0,0,0,0,0,0,0,0,0,0,0,0,0,0,0,0,0,0,0,0,0,0,0,0,0,0,0,0,0,0,0,0,0,0,0,0,0,0,0,0,0,0,0,0,0,0,0,0,0,0,0,0,0,0,0,0,0,0,0,0,0,0,0,0,0,0,0,0,0,0,0,0
STAT,(NULL),Refine,206,2743,2743,0,0,0,0,0,0,0,0,0,0,0,0,0,0,0,0,0,0,0,0,0,0,0,0,0,0,0,0,0,0,0,0,0,0,0,0,0,0,0,0,0,0,0,0,0,0,0,0,0,0,0,0,0,0,0,0,0,0,0,0,0,0,0,0,0,0,0,0,0,0,0,0,0,0,0,0,0,0,0,0,0,0,0,0,0,0,0,0,0,0,0,0,0,0,0,0,0,0,0,0,0,0,0,0,0,0,0,0,0,0,0,0,0,0,0,0,0,0,0,0,0,0,0,0,0,0,0,0,0,0,0,0,0,0,0,0,0,0,0,0,0,0,0,0,0,0,0,0,0,0,0,0,0,0,0,0,0,0,0,0,0,0,0,0,0,0,0,0,0,0,0,0,0,0,0,0,0,0,0,0,0,0,0,0,0,0,0,0,0,0,0,0,0,0,0,0,0,0,0,0,0,0,0,0,0
STAT,(NULL),Threads,206,206,206,0,0,0,0,0,0,0,0,0,0,0,0,0,0,0,0,0,0,0,0,0,0,0,0,0,0,0,0,0,0,0,0,0,0,0,0,0,0,0,0,0,0,0,0,0,0,0,0,0,0,0,0,0,0,0,0,0,0,0,0,0,0,0,0,0,0,0,0,0,0,0,0,0,0,0,0,0,0,0,0,0,0,0,0,0,0,0,0,0,0,0,0,0,0,0,0,0,0,0,0,0,0,0,0,0,0,0,0,0,0,0,0,0,0,0,0,0,0,0,0,0,0,0,0,0,0,0,0,0,0,0,0,0,0,0,0,0,0,0,0,0,0,0,0,0,0,0,0,0,0,0,0,0,0,0,0,0,0,0,0,0,0,0,0,0,0,0,0,0,0,0,0,0,0,0,0,0,0,0,0,0,0,0,0,0,0,0,0,0,0,0,0,0,0,0,0,0,0,0,0,0,0,0,0,0
STAT,(NULL),Time,206,7614,7614,0,0,0,0,0,0,0,0,0,0,0,0,0,0,0,0,0,0,0,0,0,0,0,0,0,0,0,0,0,0,0,0,0,0,0,0,0,0,0,0,0,0,0,0,0,0,0,0,0,0,0,0,0,0,0,0,0,0,0,0,0,0,0,0,0,0,0,0,0,0,0,0,0,0,0,0,0,0,0,0,0,0,0,0,0,0,0,0,0,0,0,0,0,0,0,0,0,0,0,0,0,0,0,0,0,0,0,0,0,0,0,0,0,0,0,0,0,0,0,0,0,0,0,0,0,0,0,0,0,0,0,0,0,0,0,0,0,0,0,0,0,0,0,0,0,0,0,0,0,0,0,0,0,0,0,0,0,0,0,0,0,0,0,0,0,0,0,0,0,0,0,0,0,0,0,0,0,0,0,0,0,0,0,0,0,0,0,0,0,0,0,0,0,0,0,0,0,0,0,0,0,0,0,0,0
STAT,match,Conflicts,206,6309,47,49,50,53,47,42,45,44,45,59,44,49,47,40,49,51,35,50,44,42,41,32,42,41,45,36,41,41,40,45,44,42,42,46,30,36,41,39,26,30,47,34,30,38,40,36,40,34,39,33,32,39,35,37,37,35,31,34,33,30,31,25,26,29,25,25,27,24,31,23,25,18,25,27,29,22,32,23,25,24,28,28,23,22,22,31,27,26,24,27,33,40,31,24,34,26,31,27,22,22,28,28,30,34,30,33,26,25,24,27,25,24,32,24,32,29,23,25,26,30,23,24,24,26,24,25,23,23,27,22,30,24,26,21,27,27,23,27,27,23,25,26,25,23,26,34,28,25,26,28,26,26,31,25,34,32,23,22,33,24,28,28,26,29,30,24,27,30,23,32,31,26,27,23,29,28,24,28,28,24,24,25,20,24,29,27,21,24,25,35,29,31,26,24,25,26,38,28,25,24,21,29,29,28,15,29
STAT,match,Iterations,206,15056866,39134,51936,47059,54608,55574,58083,56208,65616,73171,53851,49899,44135,66781,44431,63229,71680,57399,65424,38449,68856,63242,60942,64890,72065,56538,75595,84726,54063,53789,60359,68197,65821,57055,66235,83655,80113,57626,47779,59876,63689,57465,55498,86797,68246,65414,66468,53568,64205,62612,52301,75501,65450,67016,58599,50723,80774,62296,45125,77001,53349,80969,81623,85820,81317,70451,83772,73410,76122,91094,67086,73503,80882,59743,66655,72361,69649,70718,85093,84537,59325,82480,66223,66021,91415,68836,92648,99981,90809,77461,74997,67907,83679,82130,83714,81134,67066,87203,84649,91465,79960,77593,66585,86850,79984,62863,66514,75337,79805,93043,71072,80233,93424,79993,82617,79022,72433,78316,75190,88707,73835,80352,73268,61691,71741,66435,64363,75435,63145,66385,86564,71198,93473,50784,88792,79460,81080,90905,84650,67317,84791,87754,69423,95483,90032,65130,94441,85020,66325,67400,74229,87739,91251,48232,78639,60662,89989,67673,103867,87408,83961,75834,93371,68309,85345,76940,71869,85669,79825,84169,61784,95207,66191,80577,96804,74152,91562,74437,88711,73931,94076,87442,79738,82483,60339,77698,78386,88674,68839,72178,62590,66610,56864,82956,71063,83851,85734,51600,87786,74261,68622,86137,73687,72698,83351,89194,61325
STAT,popedge,Conflicts,206,0,0,0,0,0,0,0,0,0,0,0,0,0,0,0,0,0,0,0,0,0,0,0,0,0,0,0,0,0,0,0,0,0,0,0,0,0,0,0,0,0,0,0,0,0,0,0,0,0,0,0,0,0,0,0,0,0,0,0,0,0,0,0,0,0,0,0,0,0,0,0,0,0,0,0,0,0,0,0,0,0,0,0,0,0,0,0,0,0,0,0,0,0,0,0,0,0,0,0,0,0,0,0,0,0,0,0,0,0,0,0,0,0,0,0,0,0,0,0,0,0,0,0,0,0,0,0,0,0,0,0,0,0,0,0,0,0,0,0,0,0,0,0,0,0,0,0,0,0,0,0,0,0,0,0,0,0,0,0,0,0,0,0,0,0,0,0,0,0,0,0,0,0,0,0,0,0,0,0,0,0,0,0,0,0,0,0,0,0,0,0,0,0,0,0,0,0,0,0,0,0,0,0,0,0,0,0
STAT,popedge,Iterations,206,7379004,32650,34335,32153,34004,32136,32825,32812,33137,31449,34956,33839,32849,31634,31352,34382,32913,33472,33413,32445,33449,34660,31709,33061,38022,38026,36406,38786,37533,39257,40186,37976,38925,38627,36575,35683,38388,38291,35259,38086,37641,37285,38605,35246,38675,38159,37907,37687,37530,35945,36973,38608,40050,37030,40246,37109,37611,36943,37828,37935,38474,36470,33177,31898,32422,31701,31723,33688,32501,35355,31999,32427,31496,33461,31804,32627,33730,33209,31743,32805,31599,32358,32382,32929,34731,35830,38394,38935,38641,37069,35207,37806,35577,36263,36242,35309,37551,36448,36470,36864,37203,37995,36200,37335,36495,37857,40697,36149,36219,39290,39058,38519,41416,39175,38660,36885,38324,37906,38605,36855,39382,39160,38933,31177,34045,32667,32601,32572,34017,32280,32513,32657,33560,33143,33945,32472,36533,33421,34460,32475,33392,34648,33204,35870,34054,36806,36910,40214,35924,39070,38775,38775,39289,38157,39408,35121,37968,37158,38806,39999,37712,36492,36254,37907,37943,35240,37962,35102,37128,37090,37749,41893,35631,39726,40913,38285,41023,38801,37956,40353,40138,38800,38642,39054,32058,34133,33687,34722,34650,32662,32965,34851,33679,33498,34107,33626,32586,33629,32372,33496,32150,35779,32538,34264,35008,34222,34135
STAT,refine,Conflicts,206,6079,122,115,117,121,103,97,107,101,97,86,72,101,83,95,80,67,70,68,54,65,61,61,75,66,72,66,57,64,64,58,39,47,30,46,23,30,51,23,38,33,37,38,30,35,33,51,37,22,40,41,35,37,46,41,49,31,31,38,36,26,29,13,6,17,14,15,12,7,13,20,22,10,8,10,14,14,18,19,15,8,14,11,17,15,24,28,19,19,15,23,15,15,15,19,24,13,19,26,10,18,19,19,19,15,17,23,11,16,13,21,21,18,16,23,22,23,15,12,24,24,19,14,12,9,14,15,11,8,16,11,17,15,16,18,8,17,22,22,15,21,13,13,25,15,19,30,24,31,19,23,18,27,24,31,17,24,7,19,23,19,25,17,24,23,12,27,7,24,22,16,17,18,18,19,17,15,19,14,22,20,14,14,19,12,13,17,16,13,9,21,9,24,9,11,27,19,17,16,10,16,23,12,19,21,10,18
STAT,refine,Iterations,206,38569,335,348,305,374,299,272,300,292,371,263,257,317,232,243,296,226,235,297,209,250,316,220,286,297,342,321,244,190,209,252,225,220,180,185,185,223,213,90,163,159,171,238,210,232,208,241,187,99,265,230,172,203,218,266,233,299,156,205,192,155,140,110,97,107,136,140,155,97,155,117,113,99,134,142,119,149,198,214,287,117,158,170,83,183,151,291,180,189,187,152,215,162,126,240,189,127,219,195,84,168,173,167,234,168,180,218,101,149,108,192,169,241,160,251,210,194,183,160,270,140,155,166,133,132,114,107,133,118,123,90,134,105,128,155,91,106,200,171,127,214,108,134,272,127,255,211,335,237,177,203,145,223,188,163,134,215,138,273,193,122,191,125,117,258,106,156,150,171,159,98,194,252,227,238,179,241,129,239,162,304,95,113,110,106,136,126,202,109,79,103,82,113,94,103,173,114,117,185,102,195,435,201,202,334,96,209
