Hello from MIC
Galois Benchmark Suite v2.2.0 (r0)
Copyright (C) 2013 The University of Texas at Austin
http://iss.ices.utexas.edu/galois/

application: GMetis
Partitions a graph into K parts and minimizing the graph cut
http://iss.ices.utexas.edu/?p=projects/galois/benchmarks/gMetis

INFO: CommandLine /work/02556/dpereira/MIC/apps/gmetis/gmetis -t=67 /work/02556/dpereira/Inputs/USA-road-d.W.gr 128
INFO: Hostname c557-903-mic0.stampede.tacc.utexas.edu
Created Graph with 6262104 nodes and 15248146 edges
Nodes 6262104| Edges 15248146 7624073

  Starting coarsening: 
Time coarsen:  2393 Size of final graph: 3052

  Sarting initial partitioning using GGGP:
Size in decade percentages:  -1,5 -0,120 1,3
Time clustering:  408

  Sarting refinnement with BKL2
Initial dist
Size in decade percentages:  -1,5 -0,120 1,3
Refined dist
Size in decade percentages:  -1,49 -0,31 1,48
Time refinement:  766


Time:  3744
Total edge cut : 8119

Part saved in : 0x7fff23c66560
STATTYPE,LOOP,CATEGORY,n,sum,T0,T1,T2,T3,T4,T5,T6,T7,T8,T9,T10,T11,T12,T13,T14,T15,T16,T17,T18,T19,T20,T21,T22,T23,T24,T25,T26,T27,T28,T29,T30,T31,T32,T33,T34,T35,T36,T37,T38,T39,T40,T41,T42,T43,T44,T45,T46,T47,T48,T49,T50,T51,T52,T53,T54,T55,T56,T57,T58,T59,T60,T61,T62,T63,T64,T65,T66
STAT,(NULL),Coarsen,67,2393,2393,0,0,0,0,0,0,0,0,0,0,0,0,0,0,0,0,0,0,0,0,0,0,0,0,0,0,0,0,0,0,0,0,0,0,0,0,0,0,0,0,0,0,0,0,0,0,0,0,0,0,0,0,0,0,0,0,0,0,0,0,0,0,0,0,0,0
STAT,(NULL),Conflicts,67,0,0,0,0,0,0,0,0,0,0,0,0,0,0,0,0,0,0,0,0,0,0,0,0,0,0,0,0,0,0,0,0,0,0,0,0,0,0,0,0,0,0,0,0,0,0,0,0,0,0,0,0,0,0,0,0,0,0,0,0,0,0,0,0,0,0,0,0
STAT,(NULL),Iterations,67,255,8,2,0,0,0,4,4,1,2,5,0,4,4,3,6,6,0,5,5,4,3,0,0,6,1,4,0,1,2,4,4,0,3,21,20,18,4,6,3,1,2,3,0,6,10,1,3,7,1,6,1,9,0,4,0,5,2,0,6,4,4,7,1,5,1,0,3
STAT,(NULL),MeminfoPost,67,756371,11297,11308,11278,11313,11373,11268,11308,11311,11275,11307,11260,11283,11317,11289,11301,11380,11273,11287,11322,11280,11289,11285,11285,11298,11314,11300,11283,11283,11252,11305,11272,11255,11274,11335,11258,11283,11256,11312,11297,11271,11267,11249,11269,11291,11354,11265,11264,11286,11306,11269,11258,11268,11280,11362,11279,11259,11351,11333,11275,11275,11246,11283,11234,11279,11256,11293,11283
STAT,(NULL),MeminfoPre,67,189082,2830,2841,2811,2846,2906,2801,2841,2844,2808,2840,2793,2816,2850,2822,2834,2913,2806,2820,2855,2813,2822,2818,2818,2831,2847,2833,2816,2816,2785,2838,2805,2788,2807,2868,2791,2816,2789,2845,2830,2804,2800,2782,2802,2824,2887,2798,2797,2819,2839,2802,2791,2801,2813,2895,2812,2792,2884,2866,2808,2808,2779,2816,2767,2812,2789,2826,2816
STAT,(NULL),Partition,67,408,408,0,0,0,0,0,0,0,0,0,0,0,0,0,0,0,0,0,0,0,0,0,0,0,0,0,0,0,0,0,0,0,0,0,0,0,0,0,0,0,0,0,0,0,0,0,0,0,0,0,0,0,0,0,0,0,0,0,0,0,0,0,0,0,0,0,0
STAT,(NULL),Refine,67,766,766,0,0,0,0,0,0,0,0,0,0,0,0,0,0,0,0,0,0,0,0,0,0,0,0,0,0,0,0,0,0,0,0,0,0,0,0,0,0,0,0,0,0,0,0,0,0,0,0,0,0,0,0,0,0,0,0,0,0,0,0,0,0,0,0,0,0
STAT,(NULL),Threads,67,67,67,0,0,0,0,0,0,0,0,0,0,0,0,0,0,0,0,0,0,0,0,0,0,0,0,0,0,0,0,0,0,0,0,0,0,0,0,0,0,0,0,0,0,0,0,0,0,0,0,0,0,0,0,0,0,0,0,0,0,0,0,0,0,0,0,0,0
STAT,(NULL),Time,67,3744,3744,0,0,0,0,0,0,0,0,0,0,0,0,0,0,0,0,0,0,0,0,0,0,0,0,0,0,0,0,0,0,0,0,0,0,0,0,0,0,0,0,0,0,0,0,0,0,0,0,0,0,0,0,0,0,0,0,0,0,0,0,0,0,0,0,0,0
STAT,match,Conflicts,67,5647,258,184,182,131,179,162,97,106,97,104,91,87,82,75,81,58,66,73,85,62,72,99,79,70,78,80,69,83,69,92,86,57,58,58,67,65,52,50,48,65,64,68,85,76,63,86,72,70,75,65,64,59,81,55,62,56,70,75,56,82,66,120,89,97,48,98,88
STAT,match,Iterations,67,14979960,177811,190842,197754,199007,176674,196315,225871,222864,232099,215425,247141,220910,205870,230060,223747,237902,238024,206629,222661,242881,244147,224478,216358,232609,222626,237338,224731,230442,223793,210027,231704,224751,235898,208871,251357,226255,241122,225945,248240,227973,227519,245338,229814,233108,209542,219815,224876,233294,208880,237223,233652,232587,210207,222475,229836,228095,215564,218454,239576,226105,249308,215917,215665,219171,231799,198453,224535
STAT,popedge,Conflicts,67,0,0,0,0,0,0,0,0,0,0,0,0,0,0,0,0,0,0,0,0,0,0,0,0,0,0,0,0,0,0,0,0,0,0,0,0,0,0,0,0,0,0,0,0,0,0,0,0,0,0,0,0,0,0,0,0,0,0,0,0,0,0,0,0,0,0,0,0
STAT,popedge,Iterations,67,7341838,104090,103479,102283,98155,97399,101354,108493,107217,111358,112609,112761,114146,108703,112361,111636,112141,110052,103370,105970,110733,111109,114592,106380,104256,98934,100998,104724,107436,112986,109871,111046,110206,108527,107325,117213,117860,118981,112103,110924,114911,117925,115280,112865,115350,109874,110797,112222,108760,107689,109853,110457,110267,112568,103123,101937,107930,119277,121148,121138,123977,122106,99090,102643,103318,105172,102747,105633
STAT,refine,Conflicts,67,3543,149,138,111,103,90,93,87,76,63,64,67,72,72,79,70,53,56,46,55,42,52,55,59,58,51,54,59,51,67,41,45,45,34,44,42,44,42,46,37,37,49,32,32,46,38,36,39,46,44,45,46,41,29,47,42,43,44,41,41,30,33,27,29,22,25,25,22
STAT,refine,Iterations,67,133790,1515,1796,1750,1615,2155,1732,1829,2056,2025,1807,2130,1726,2492,2093,1861,2913,1982,2044,1939,2087,2324,2238,1857,2046,2275,1900,1866,2364,2101,2204,2041,2098,2104,2658,1700,2068,1933,2088,2023,1735,2280,1772,2079,2056,2373,1655,1675,1935,2045,1994,2112,1927,1915,2260,1576,2387,2511,2005,1628,1974,1420,1612,1718,1945,1703,2022,2041
