Hello from MIC
Galois Benchmark Suite v2.2.0 (r0)
Copyright (C) 2013 The University of Texas at Austin
http://iss.ices.utexas.edu/galois/

application: GMetis
Partitions a graph into K parts and minimizing the graph cut
http://iss.ices.utexas.edu/?p=projects/galois/benchmarks/gMetis

INFO: CommandLine /work/02556/dpereira/MIC/apps/gmetis/gmetis -t=153 /work/02556/dpereira/Inputs/USA-road-d.W.gr 1024
INFO: Hostname c558-402-mic0.stampede.tacc.utexas.edu
Created Graph with 6262104 nodes and 15248146 edges
Nodes 6262104| Edges 15248146 7624073

  Starting coarsening: 
Time coarsen:  2295 Size of final graph: 21922

  Sarting initial partitioning using GGGP:
Size in decade percentages:  -1,80 -0,857 1,87
Time clustering:  1061

  Sarting refinnement with BKL2
Initial dist
Size in decade percentages:  -1,80 -0,857 1,87
Refined dist
Size in decade percentages:  -1,381 0,257 1,385 2,1
Time refinement:  1438


Time:  4971
Total edge cut : 31658

Part saved in : 0x7fffa6801660
STATTYPE,LOOP,CATEGORY,n,sum,T0,T1,T2,T3,T4,T5,T6,T7,T8,T9,T10,T11,T12,T13,T14,T15,T16,T17,T18,T19,T20,T21,T22,T23,T24,T25,T26,T27,T28,T29,T30,T31,T32,T33,T34,T35,T36,T37,T38,T39,T40,T41,T42,T43,T44,T45,T46,T47,T48,T49,T50,T51,T52,T53,T54,T55,T56,T57,T58,T59,T60,T61,T62,T63,T64,T65,T66,T67,T68,T69,T70,T71,T72,T73,T74,T75,T76,T77,T78,T79,T80,T81,T82,T83,T84,T85,T86,T87,T88,T89,T90,T91,T92,T93,T94,T95,T96,T97,T98,T99,T100,T101,T102,T103,T104,T105,T106,T107,T108,T109,T110,T111,T112,T113,T114,T115,T116,T117,T118,T119,T120,T121,T122,T123,T124,T125,T126,T127,T128,T129,T130,T131,T132,T133,T134,T135,T136,T137,T138,T139,T140,T141,T142,T143,T144,T145,T146,T147,T148,T149,T150,T151,T152
STAT,(NULL),Coarsen,153,2295,2295,0,0,0,0,0,0,0,0,0,0,0,0,0,0,0,0,0,0,0,0,0,0,0,0,0,0,0,0,0,0,0,0,0,0,0,0,0,0,0,0,0,0,0,0,0,0,0,0,0,0,0,0,0,0,0,0,0,0,0,0,0,0,0,0,0,0,0,0,0,0,0,0,0,0,0,0,0,0,0,0,0,0,0,0,0,0,0,0,0,0,0,0,0,0,0,0,0,0,0,0,0,0,0,0,0,0,0,0,0,0,0,0,0,0,0,0,0,0,0,0,0,0,0,0,0,0,0,0,0,0,0,0,0,0,0,0,0,0,0,0,0,0,0,0,0,0,0,0,0,0,0,0
STAT,(NULL),Conflicts,153,0,0,0,0,0,0,0,0,0,0,0,0,0,0,0,0,0,0,0,0,0,0,0,0,0,0,0,0,0,0,0,0,0,0,0,0,0,0,0,0,0,0,0,0,0,0,0,0,0,0,0,0,0,0,0,0,0,0,0,0,0,0,0,0,0,0,0,0,0,0,0,0,0,0,0,0,0,0,0,0,0,0,0,0,0,0,0,0,0,0,0,0,0,0,0,0,0,0,0,0,0,0,0,0,0,0,0,0,0,0,0,0,0,0,0,0,0,0,0,0,0,0,0,0,0,0,0,0,0,0,0,0,0,0,0,0,0,0,0,0,0,0,0,0,0,0,0,0,0,0,0,0,0,0
STAT,(NULL),Iterations,153,2047,11,10,16,10,14,7,26,4,12,25,14,9,11,11,10,21,8,15,8,13,9,6,13,7,7,12,16,2,4,10,9,27,25,19,0,14,10,11,16,14,17,13,24,13,14,22,15,18,14,9,15,12,13,13,20,14,21,18,21,19,25,17,8,14,12,15,14,12,8,12,17,16,4,7,11,10,8,10,15,8,19,16,10,17,15,9,8,14,10,4,9,11,29,17,15,10,7,11,14,12,19,12,19,13,14,21,24,13,13,12,17,20,3,7,25,17,26,18,7,14,22,29,32,15,12,14,18,14,10,3,6,19,13,5,7,13,5,19,11,18,15,7,15,5,14,6,9,3,26,12,4,7,14
STAT,(NULL),MeminfoPost,153,756833,4952,4946,4965,4947,4950,4948,4932,4953,4968,5004,4973,4933,4937,4940,4960,4958,4967,4945,4958,4928,4939,4957,4956,4939,4930,4948,4941,4961,4952,4956,4941,4949,4951,4948,4965,5015,4956,4938,4939,4938,4952,4966,4958,4952,4948,4935,4938,4954,4960,4935,4933,4944,4957,4940,4958,4975,4941,4959,4953,4938,4951,4940,4934,4952,4923,4934,4949,4962,4945,4937,4937,4933,4930,4938,4928,4975,4973,4940,4934,4935,4965,4929,4919,4935,4949,4954,4962,4958,4939,4931,4950,4935,4941,4926,4929,4936,4923,4953,4927,4954,4977,4972,4969,4931,4934,4957,4921,4930,4948,4954,4964,4941,4935,4942,4938,4930,4927,4931,4947,4925,4963,4979,4981,4954,4935,4935,4930,4946,4977,4976,4962,4978,4935,4936,4948,4942,4942,4928,4920,4934,4940,4955,4920,4933,4921,4945,4934,4941,4939,4951,4945,4941,4950
STAT,(NULL),MeminfoPre,153,189203,1242,1236,1255,1237,1240,1238,1222,1243,1258,1294,1263,1223,1227,1230,1250,1248,1257,1235,1248,1218,1229,1247,1246,1229,1220,1238,1231,1251,1242,1246,1231,1239,1241,1238,1255,1305,1246,1228,1229,1228,1242,1256,1248,1242,1238,1225,1228,1244,1250,1225,1223,1234,1247,1230,1248,1265,1231,1249,1243,1228,1241,1230,1224,1242,1213,1224,1239,1252,1235,1227,1227,1223,1220,1228,1218,1265,1263,1230,1224,1225,1255,1219,1209,1225,1239,1244,1252,1248,1229,1221,1240,1225,1231,1216,1219,1226,1213,1243,1217,1244,1267,1262,1259,1221,1224,1247,1211,1220,1238,1244,1254,1231,1225,1232,1228,1220,1217,1221,1237,1215,1253,1269,1271,1244,1225,1225,1220,1236,1267,1266,1252,1268,1225,1226,1238,1232,1232,1218,1210,1224,1230,1245,1210,1223,1211,1235,1224,1231,1229,1241,1235,1231,1240
STAT,(NULL),Partition,153,1061,1061,0,0,0,0,0,0,0,0,0,0,0,0,0,0,0,0,0,0,0,0,0,0,0,0,0,0,0,0,0,0,0,0,0,0,0,0,0,0,0,0,0,0,0,0,0,0,0,0,0,0,0,0,0,0,0,0,0,0,0,0,0,0,0,0,0,0,0,0,0,0,0,0,0,0,0,0,0,0,0,0,0,0,0,0,0,0,0,0,0,0,0,0,0,0,0,0,0,0,0,0,0,0,0,0,0,0,0,0,0,0,0,0,0,0,0,0,0,0,0,0,0,0,0,0,0,0,0,0,0,0,0,0,0,0,0,0,0,0,0,0,0,0,0,0,0,0,0,0,0,0,0,0
STAT,(NULL),Refine,153,1438,1438,0,0,0,0,0,0,0,0,0,0,0,0,0,0,0,0,0,0,0,0,0,0,0,0,0,0,0,0,0,0,0,0,0,0,0,0,0,0,0,0,0,0,0,0,0,0,0,0,0,0,0,0,0,0,0,0,0,0,0,0,0,0,0,0,0,0,0,0,0,0,0,0,0,0,0,0,0,0,0,0,0,0,0,0,0,0,0,0,0,0,0,0,0,0,0,0,0,0,0,0,0,0,0,0,0,0,0,0,0,0,0,0,0,0,0,0,0,0,0,0,0,0,0,0,0,0,0,0,0,0,0,0,0,0,0,0,0,0,0,0,0,0,0,0,0,0,0,0,0,0,0,0
STAT,(NULL),Threads,153,153,153,0,0,0,0,0,0,0,0,0,0,0,0,0,0,0,0,0,0,0,0,0,0,0,0,0,0,0,0,0,0,0,0,0,0,0,0,0,0,0,0,0,0,0,0,0,0,0,0,0,0,0,0,0,0,0,0,0,0,0,0,0,0,0,0,0,0,0,0,0,0,0,0,0,0,0,0,0,0,0,0,0,0,0,0,0,0,0,0,0,0,0,0,0,0,0,0,0,0,0,0,0,0,0,0,0,0,0,0,0,0,0,0,0,0,0,0,0,0,0,0,0,0,0,0,0,0,0,0,0,0,0,0,0,0,0,0,0,0,0,0,0,0,0,0,0,0,0,0,0,0,0,0
STAT,(NULL),Time,153,4971,4971,0,0,0,0,0,0,0,0,0,0,0,0,0,0,0,0,0,0,0,0,0,0,0,0,0,0,0,0,0,0,0,0,0,0,0,0,0,0,0,0,0,0,0,0,0,0,0,0,0,0,0,0,0,0,0,0,0,0,0,0,0,0,0,0,0,0,0,0,0,0,0,0,0,0,0,0,0,0,0,0,0,0,0,0,0,0,0,0,0,0,0,0,0,0,0,0,0,0,0,0,0,0,0,0,0,0,0,0,0,0,0,0,0,0,0,0,0,0,0,0,0,0,0,0,0,0,0,0,0,0,0,0,0,0,0,0,0,0,0,0,0,0,0,0,0,0,0,0,0,0,0,0
STAT,match,Conflicts,153,5946,58,56,63,55,51,57,46,48,48,44,50,57,47,65,55,48,70,48,50,48,52,48,50,58,51,50,49,45,50,45,46,42,44,45,40,36,41,37,41,49,39,40,47,48,44,40,37,37,49,44,44,43,35,36,40,37,45,38,45,41,42,29,33,32,35,26,32,27,34,37,30,34,35,38,38,44,33,50,34,33,41,36,28,46,33,35,40,31,45,37,43,25,27,34,29,40,29,45,30,35,34,33,39,31,32,29,35,36,25,37,33,34,36,34,34,23,26,37,27,33,35,28,29,28,33,27,41,26,26,33,38,29,31,34,25,35,39,26,41,34,29,28,34,44,35,36,41,37,29,41,31,33,25
STAT,match,Iterations,153,14971289,66367,58588,78725,64464,80124,72279,86213,69570,69897,78213,74266,103044,89950,78302,74204,74154,82380,83411,84264,80432,71057,94303,94113,76666,77576,92785,86398,70873,72772,86010,79256,94172,91804,72961,107856,101723,95106,103132,103953,103446,91109,91008,89734,93215,94583,106414,119547,80083,108140,87818,98024,93598,96728,89509,91338,94312,95996,80325,89755,82203,97088,96347,111534,104511,95544,115936,97783,90040,89093,101723,103745,87125,87031,84319,101445,90174,94933,95618,115409,103802,86874,84824,95892,97545,109543,81398,103557,98475,87808,105856,87766,115922,111124,120104,136485,118480,121400,94779,104669,127805,111190,106872,99266,131737,110477,119510,108337,103729,106237,116777,119968,105689,125704,109929,106033,125532,109327,110692,118852,127371,89411,124132,85977,107491,84217,114326,100483,100145,123400,100126,81147,97639,114592,107308,135832,112034,106926,105479,111285,96781,125709,106581,104988,112397,101661,114078,82310,104407,98383,95078,102884,107400,91699
STAT,popedge,Conflicts,153,0,0,0,0,0,0,0,0,0,0,0,0,0,0,0,0,0,0,0,0,0,0,0,0,0,0,0,0,0,0,0,0,0,0,0,0,0,0,0,0,0,0,0,0,0,0,0,0,0,0,0,0,0,0,0,0,0,0,0,0,0,0,0,0,0,0,0,0,0,0,0,0,0,0,0,0,0,0,0,0,0,0,0,0,0,0,0,0,0,0,0,0,0,0,0,0,0,0,0,0,0,0,0,0,0,0,0,0,0,0,0,0,0,0,0,0,0,0,0,0,0,0,0,0,0,0,0,0,0,0,0,0,0,0,0,0,0,0,0,0,0,0,0,0,0,0,0,0,0,0,0,0,0,0
STAT,popedge,Iterations,153,7334774,44130,43943,44885,44968,44791,43258,46147,45572,44390,44980,45176,46631,46564,46932,45381,43651,44523,43935,46679,48150,46522,47605,45248,46863,47757,44316,45167,46195,46081,43353,46890,52798,53783,55867,50781,52131,52357,53372,51810,51551,52577,50057,51856,53391,50931,52164,52240,54182,53132,52510,52682,48911,49467,45258,49493,49206,50027,47457,50077,49576,49675,41976,41995,42793,44001,42358,42173,44015,43309,43542,43333,43786,48344,46891,44519,46794,44747,45556,42997,46847,47229,46400,46860,46843,45499,48442,44883,44229,47735,44792,45464,47487,52971,53433,56852,50204,56801,54068,55489,54845,51070,50286,50788,54526,53620,51886,54114,53283,53347,53528,50332,52231,50282,50367,49248,53197,48743,50288,49191,51946,51325,52338,41469,42575,43964,42746,45301,43094,45113,44958,44232,45399,49071,48427,45584,45392,47146,45179,45777,47439,44400,46054,46423,48217,46776,45134,47092,44667,46723,47730,48961,44829,48462
STAT,refine,Conflicts,153,5159,95,75,84,76,79,68,72,68,73,63,61,59,54,57,62,58,55,55,46,50,43,51,56,47,38,53,46,63,42,51,42,35,53,28,25,50,41,33,34,38,44,36,43,37,39,32,43,29,46,41,36,34,24,30,52,46,38,34,44,33,41,26,14,31,26,29,18,27,21,20,19,24,18,20,23,19,22,20,21,30,24,16,18,20,15,15,24,22,20,17,25,24,16,28,24,30,42,22,20,32,32,23,27,26,23,30,23,28,30,30,24,19,32,29,29,33,26,22,20,33,25,33,21,26,21,25,29,26,27,15,22,21,27,24,21,16,27,22,21,25,33,19,14,28,30,22,18,24,19,17,28,17,14
STAT,refine,Iterations,153,429968,2056,2339,2605,2018,2344,2209,3003,2357,3092,2640,3155,2529,2586,2255,2730,2561,2671,2004,3080,2714,1982,2434,2846,2634,1919,2398,2334,2497,1977,2230,2040,2147,3092,2305,3402,3730,3807,2941,2654,2646,3454,3106,3142,3337,2670,2709,3292,2808,3808,3154,2988,2522,2755,2449,3380,3368,2454,2846,2692,2725,3056,2871,2593,3038,2113,2324,2565,3078,2088,2826,1998,2585,2695,2734,2259,3072,2667,2711,2467,2997,2783,1980,2296,2329,2727,2356,3390,2720,2495,2651,2386,2800,2381,3344,3564,3493,3640,3052,2502,3714,3297,3507,4010,3563,3295,4249,3040,2796,3816,4267,3446,2690,3159,2682,2639,3325,2905,2821,3686,3318,3453,4481,2577,2732,2720,2230,3067,2427,3430,2539,2574,2496,3149,3199,3497,2665,3260,2584,2939,2441,2878,2574,2026,2635,2692,2709,1960,2791,2348,2824,2878,2476,2244
