Hello from MIC
Galois Benchmark Suite v2.2.0 (r0)
Copyright (C) 2013 The University of Texas at Austin
http://iss.ices.utexas.edu/galois/

application: GMetis
Partitions a graph into K parts and minimizing the graph cut
http://iss.ices.utexas.edu/?p=projects/galois/benchmarks/gMetis

INFO: CommandLine /work/02556/dpereira/MIC/apps/gmetis/gmetis -t=106 /work/02556/dpereira/Inputs/USA-road-d.W.gr 128
INFO: Hostname c558-001-mic0.stampede.tacc.utexas.edu
Created Graph with 6262104 nodes and 15248146 edges
Nodes 6262104| Edges 15248146 7624073

  Starting coarsening: 
Time coarsen:  2305 Size of final graph: 3093

  Sarting initial partitioning using GGGP:
Size in decade percentages:  -1,7 -0,118 1,3
Time clustering:  415

  Sarting refinnement with BKL2
Initial dist
Size in decade percentages:  -1,7 -0,118 1,3
Refined dist
Size in decade percentages:  -1,42 0,43 1,43
Time refinement:  1120


Time:  4018
Total edge cut : 8033

Part saved in : 0x7fffb815e460
STATTYPE,LOOP,CATEGORY,n,sum,T0,T1,T2,T3,T4,T5,T6,T7,T8,T9,T10,T11,T12,T13,T14,T15,T16,T17,T18,T19,T20,T21,T22,T23,T24,T25,T26,T27,T28,T29,T30,T31,T32,T33,T34,T35,T36,T37,T38,T39,T40,T41,T42,T43,T44,T45,T46,T47,T48,T49,T50,T51,T52,T53,T54,T55,T56,T57,T58,T59,T60,T61,T62,T63,T64,T65,T66,T67,T68,T69,T70,T71,T72,T73,T74,T75,T76,T77,T78,T79,T80,T81,T82,T83,T84,T85,T86,T87,T88,T89,T90,T91,T92,T93,T94,T95,T96,T97,T98,T99,T100,T101,T102,T103,T104,T105
STAT,(NULL),Coarsen,106,2305,2305,0,0,0,0,0,0,0,0,0,0,0,0,0,0,0,0,0,0,0,0,0,0,0,0,0,0,0,0,0,0,0,0,0,0,0,0,0,0,0,0,0,0,0,0,0,0,0,0,0,0,0,0,0,0,0,0,0,0,0,0,0,0,0,0,0,0,0,0,0,0,0,0,0,0,0,0,0,0,0,0,0,0,0,0,0,0,0,0,0,0,0,0,0,0,0,0,0,0,0,0,0,0,0,0,0
STAT,(NULL),Conflicts,106,0,0,0,0,0,0,0,0,0,0,0,0,0,0,0,0,0,0,0,0,0,0,0,0,0,0,0,0,0,0,0,0,0,0,0,0,0,0,0,0,0,0,0,0,0,0,0,0,0,0,0,0,0,0,0,0,0,0,0,0,0,0,0,0,0,0,0,0,0,0,0,0,0,0,0,0,0,0,0,0,0,0,0,0,0,0,0,0,0,0,0,0,0,0,0,0,0,0,0,0,0,0,0,0,0,0,0
STAT,(NULL),Iterations,106,255,11,0,3,1,0,1,2,0,2,2,3,0,2,4,6,0,1,5,4,0,3,0,2,1,3,2,2,3,0,0,2,6,1,4,2,0,1,7,3,7,0,4,3,1,3,2,5,4,2,0,2,3,2,5,4,2,5,4,3,1,1,6,0,4,1,0,0,8,4,1,8,11,4,2,1,0,0,6,2,2,0,1,0,0,4,2,2,5,2,1,0,2,0,3,0,0,0,3,0,0,0,0,4,5,3,6
STAT,(NULL),MeminfoPost,106,756412,7133,7158,7146,7145,7119,7151,7202,7156,7118,7134,7152,7152,7145,7124,7124,7160,7119,7130,7129,7156,7146,7134,7133,7156,7214,7132,7128,7130,7151,7154,7148,7119,7139,7145,7116,7129,7145,7144,7165,7136,7145,7143,7122,7118,7126,7122,7152,7127,7127,7114,7111,7124,7179,7141,7116,7151,7109,7100,7143,7152,7149,7128,7130,7120,7119,7105,7112,7136,7116,7178,7183,7121,7137,7113,7112,7145,7154,7120,7129,7124,7105,7114,7125,7154,7184,7155,7124,7108,7145,7185,7163,7150,7124,7130,7129,7103,7110,7158,7095,7121,7089,7139,7123,7140,7140,7129
STAT,(NULL),MeminfoPre,106,189100,1781,1806,1794,1793,1767,1799,1850,1804,1766,1782,1800,1800,1793,1772,1772,1808,1767,1778,1777,1804,1794,1782,1781,1804,1862,1780,1776,1778,1799,1802,1796,1767,1787,1793,1764,1777,1793,1792,1813,1784,1793,1791,1770,1766,1774,1770,1800,1775,1775,1762,1759,1772,1827,1789,1764,1799,1757,1748,1791,1800,1797,1776,1778,1768,1767,1753,1760,1784,1764,1826,1831,1769,1785,1761,1760,1793,1802,1768,1777,1772,1753,1762,1773,1802,1832,1803,1772,1756,1793,1833,1811,1798,1772,1778,1777,1751,1758,1806,1743,1769,1737,1787,1771,1788,1788,1777
STAT,(NULL),Partition,106,415,415,0,0,0,0,0,0,0,0,0,0,0,0,0,0,0,0,0,0,0,0,0,0,0,0,0,0,0,0,0,0,0,0,0,0,0,0,0,0,0,0,0,0,0,0,0,0,0,0,0,0,0,0,0,0,0,0,0,0,0,0,0,0,0,0,0,0,0,0,0,0,0,0,0,0,0,0,0,0,0,0,0,0,0,0,0,0,0,0,0,0,0,0,0,0,0,0,0,0,0,0,0,0,0,0,0
STAT,(NULL),Refine,106,1120,1120,0,0,0,0,0,0,0,0,0,0,0,0,0,0,0,0,0,0,0,0,0,0,0,0,0,0,0,0,0,0,0,0,0,0,0,0,0,0,0,0,0,0,0,0,0,0,0,0,0,0,0,0,0,0,0,0,0,0,0,0,0,0,0,0,0,0,0,0,0,0,0,0,0,0,0,0,0,0,0,0,0,0,0,0,0,0,0,0,0,0,0,0,0,0,0,0,0,0,0,0,0,0,0,0,0
STAT,(NULL),Threads,106,106,106,0,0,0,0,0,0,0,0,0,0,0,0,0,0,0,0,0,0,0,0,0,0,0,0,0,0,0,0,0,0,0,0,0,0,0,0,0,0,0,0,0,0,0,0,0,0,0,0,0,0,0,0,0,0,0,0,0,0,0,0,0,0,0,0,0,0,0,0,0,0,0,0,0,0,0,0,0,0,0,0,0,0,0,0,0,0,0,0,0,0,0,0,0,0,0,0,0,0,0,0,0,0,0,0,0
STAT,(NULL),Time,106,4018,4018,0,0,0,0,0,0,0,0,0,0,0,0,0,0,0,0,0,0,0,0,0,0,0,0,0,0,0,0,0,0,0,0,0,0,0,0,0,0,0,0,0,0,0,0,0,0,0,0,0,0,0,0,0,0,0,0,0,0,0,0,0,0,0,0,0,0,0,0,0,0,0,0,0,0,0,0,0,0,0,0,0,0,0,0,0,0,0,0,0,0,0,0,0,0,0,0,0,0,0,0,0,0,0,0,0
STAT,match,Conflicts,106,5882,104,94,99,94,73,78,89,76,62,79,78,70,66,84,67,92,75,89,52,60,75,58,66,82,70,64,66,58,77,45,60,53,65,79,56,67,56,44,63,56,51,59,64,69,59,46,45,46,32,43,44,44,51,48,49,32,53,49,59,40,47,45,33,55,37,50,46,43,38,43,47,45,34,41,44,30,64,45,45,34,28,48,45,54,68,39,49,52,42,51,43,46,33,60,43,51,48,53,30,44,36,37,45,58,48,41
STAT,match,Iterations,106,14986861,93982,116440,115707,100784,124111,124580,96961,120484,127906,121090,108120,115530,145873,135800,119258,131086,136425,120282,131962,150278,121966,130306,145319,114550,116349,126523,120632,127954,134212,146967,120319,143123,132946,124218,141971,121202,129090,138353,133755,136277,125730,107274,119993,124322,122873,170089,140471,153251,171293,157443,140560,142649,142801,156653,163008,170137,165090,161168,146176,154164,138799,149463,144925,152286,162589,148046,153053,144473,169377,157828,174814,159515,168221,164676,165896,147531,154288,151392,152470,144675,167241,144536,146439,153460,141844,159270,153309,157815,139233,151245,138324,130391,163758,140041,144727,162205,146046,138433,160361,157523,157415,151834,150713,140538,156724,151283
STAT,popedge,Conflicts,106,0,0,0,0,0,0,0,0,0,0,0,0,0,0,0,0,0,0,0,0,0,0,0,0,0,0,0,0,0,0,0,0,0,0,0,0,0,0,0,0,0,0,0,0,0,0,0,0,0,0,0,0,0,0,0,0,0,0,0,0,0,0,0,0,0,0,0,0,0,0,0,0,0,0,0,0,0,0,0,0,0,0,0,0,0,0,0,0,0,0,0,0,0,0,0,0,0,0,0,0,0,0,0,0,0,0,0
STAT,popedge,Iterations,106,7342496,68822,67788,69393,71748,70326,69450,68138,67720,67610,66257,68077,66564,65963,67080,69541,66795,67715,71558,60045,65321,70730,68934,65887,68800,65187,66865,67356,66999,68198,66498,70835,72342,67308,73254,71002,69243,65175,66210,66646,64650,65730,68203,67911,71624,69662,71558,73876,73396,74384,73755,76197,76398,72871,72911,75540,79101,79680,82230,79393,77467,77816,65705,66308,64277,65071,69127,66805,66787,66766,70604,70816,66066,66719,67152,64139,67708,68296,65868,70165,60440,66643,69001,67258,66707,67190,66824,62823,67158,66708,69541,72083,74589,73768,69571,75219,68863,74893,65901,67946,65524,66409,70356,69384,71601,70060,69924
STAT,refine,Conflicts,106,4506,112,104,103,96,100,89,87,83,71,97,76,75,65,75,67,65,59,55,67,73,56,66,65,55,51,50,59,61,52,50,37,49,46,46,31,32,40,48,54,56,42,47,47,32,30,42,38,28,35,33,32,35,31,38,24,43,31,39,31,40,34,14,33,31,32,25,30,27,37,28,33,25,25,25,21,27,31,21,28,25,25,23,32,25,29,29,19,20,21,21,22,18,24,25,19,24,24,23,23,27,31,22,17,33,22,15
STAT,refine,Iterations,106,132980,1272,1438,982,1053,1414,1371,1425,1411,961,1438,1349,1279,985,1060,728,1488,1136,1265,1187,1302,1078,1062,1362,1538,1476,1010,1135,1065,1303,1062,712,1285,920,1079,1240,1024,1060,1469,1350,1313,1013,988,1359,1302,1105,1167,1220,1168,1780,1332,1350,1261,1908,1507,1301,1733,1159,1412,1011,1676,1138,1335,1401,1300,946,1087,1591,1410,1263,1484,2077,1430,1547,967,981,986,1591,1037,1520,1147,1308,1229,1195,1342,1769,1523,983,1216,1201,1326,1203,863,1406,1225,1259,1046,814,974,959,1239,1207,1115,1174,1347,1522,1458
