Hello from MIC
Galois Benchmark Suite v2.2.0 (r0)
Copyright (C) 2013 The University of Texas at Austin
http://iss.ices.utexas.edu/galois/

application: GMetis
Partitions a graph into K parts and minimizing the graph cut
http://iss.ices.utexas.edu/?p=projects/galois/benchmarks/gMetis

INFO: CommandLine /work/02556/dpereira/MIC/apps/gmetis/gmetis -t=178 /work/02556/dpereira/Inputs/USA-road-d.W.gr 1024
INFO: Hostname c558-402-mic0.stampede.tacc.utexas.edu
Created Graph with 6262104 nodes and 15248146 edges
Nodes 6262104| Edges 15248146 7624073

  Starting coarsening: 
Time coarsen:  2460 Size of final graph: 21888

  Sarting initial partitioning using GGGP:
Size in decade percentages:  -1,77 -0,877 1,70
Time clustering:  1021

  Sarting refinnement with BKL2
Initial dist
Size in decade percentages:  -1,77 -0,877 1,70
Refined dist
Size in decade percentages:  -1,367 -0,286 1,370 3,1
Time refinement:  1646


Time:  5305
Total edge cut : 31562

Part saved in : 0x7fffaa3c3ae0
STATTYPE,LOOP,CATEGORY,n,sum,T0,T1,T2,T3,T4,T5,T6,T7,T8,T9,T10,T11,T12,T13,T14,T15,T16,T17,T18,T19,T20,T21,T22,T23,T24,T25,T26,T27,T28,T29,T30,T31,T32,T33,T34,T35,T36,T37,T38,T39,T40,T41,T42,T43,T44,T45,T46,T47,T48,T49,T50,T51,T52,T53,T54,T55,T56,T57,T58,T59,T60,T61,T62,T63,T64,T65,T66,T67,T68,T69,T70,T71,T72,T73,T74,T75,T76,T77,T78,T79,T80,T81,T82,T83,T84,T85,T86,T87,T88,T89,T90,T91,T92,T93,T94,T95,T96,T97,T98,T99,T100,T101,T102,T103,T104,T105,T106,T107,T108,T109,T110,T111,T112,T113,T114,T115,T116,T117,T118,T119,T120,T121,T122,T123,T124,T125,T126,T127,T128,T129,T130,T131,T132,T133,T134,T135,T136,T137,T138,T139,T140,T141,T142,T143,T144,T145,T146,T147,T148,T149,T150,T151,T152,T153,T154,T155,T156,T157,T158,T159,T160,T161,T162,T163,T164,T165,T166,T167,T168,T169,T170,T171,T172,T173,T174,T175,T176,T177
STAT,(NULL),Coarsen,178,2460,2460,0,0,0,0,0,0,0,0,0,0,0,0,0,0,0,0,0,0,0,0,0,0,0,0,0,0,0,0,0,0,0,0,0,0,0,0,0,0,0,0,0,0,0,0,0,0,0,0,0,0,0,0,0,0,0,0,0,0,0,0,0,0,0,0,0,0,0,0,0,0,0,0,0,0,0,0,0,0,0,0,0,0,0,0,0,0,0,0,0,0,0,0,0,0,0,0,0,0,0,0,0,0,0,0,0,0,0,0,0,0,0,0,0,0,0,0,0,0,0,0,0,0,0,0,0,0,0,0,0,0,0,0,0,0,0,0,0,0,0,0,0,0,0,0,0,0,0,0,0,0,0,0,0,0,0,0,0,0,0,0,0,0,0,0,0,0,0,0,0,0,0,0,0,0,0,0,0
STAT,(NULL),Conflicts,178,0,0,0,0,0,0,0,0,0,0,0,0,0,0,0,0,0,0,0,0,0,0,0,0,0,0,0,0,0,0,0,0,0,0,0,0,0,0,0,0,0,0,0,0,0,0,0,0,0,0,0,0,0,0,0,0,0,0,0,0,0,0,0,0,0,0,0,0,0,0,0,0,0,0,0,0,0,0,0,0,0,0,0,0,0,0,0,0,0,0,0,0,0,0,0,0,0,0,0,0,0,0,0,0,0,0,0,0,0,0,0,0,0,0,0,0,0,0,0,0,0,0,0,0,0,0,0,0,0,0,0,0,0,0,0,0,0,0,0,0,0,0,0,0,0,0,0,0,0,0,0,0,0,0,0,0,0,0,0,0,0,0,0,0,0,0,0,0,0,0,0,0,0,0,0,0,0,0,0
STAT,(NULL),Iterations,178,2047,11,8,18,10,6,16,8,12,11,16,6,13,13,6,14,7,19,19,8,10,2,9,9,4,15,7,6,13,13,10,8,11,15,4,10,14,7,4,11,15,11,10,10,9,7,14,10,15,22,9,12,11,11,21,12,25,22,15,18,21,11,15,10,15,12,12,17,19,16,17,14,10,10,19,9,19,5,15,6,16,9,4,10,6,9,10,6,19,9,2,4,3,13,19,15,11,8,9,3,8,15,13,14,10,14,6,2,12,13,7,10,20,8,13,15,10,16,10,17,18,23,14,14,17,7,13,9,20,11,12,9,18,16,11,11,6,10,12,19,7,12,10,5,13,13,6,10,6,10,4,11,7,1,17,14,7,9,14,9,21,17,11,9,8,4,14,14,6,11,13,9,17,10,9,9,10,12,16
STAT,(NULL),MeminfoPost,178,756563,4254,4242,4265,4261,4260,4247,4252,4238,4252,4268,4271,4309,4264,4235,4246,4243,4256,4250,4266,4258,4258,4260,4235,4244,4242,4263,4266,4239,4235,4246,4253,4249,4260,4261,4258,4241,4255,4240,4258,4267,4279,4304,4259,4235,4243,4242,4256,4262,4265,4258,4256,4258,4234,4241,4246,4264,4262,4237,4239,4246,4259,4251,4247,4261,4283,4241,4253,4262,4248,4251,4251,4244,4240,4246,4249,4227,4246,4256,4263,4247,4240,4246,4245,4231,4239,4246,4235,4261,4279,4261,4237,4242,4241,4272,4234,4230,4228,4248,4255,4255,4265,4264,4245,4246,4240,4251,4239,4244,4240,4235,4229,4245,4229,4259,4235,4245,4272,4283,4274,4257,4238,4240,4263,4234,4226,4246,4250,4259,4264,4247,4241,4253,4238,4247,4231,4236,4240,4251,4233,4238,4271,4279,4281,4261,4246,4240,4234,4241,4249,4281,4277,4260,4277,4263,4234,4245,4254,4245,4242,4248,4227,4235,4236,4240,4267,4228,4225,4251,4226,4259,4228,4241,4246,4254,4250,4255,4238,4254
STAT,(NULL),MeminfoPre,178,189099,1066,1054,1077,1073,1072,1059,1064,1050,1064,1080,1083,1121,1076,1047,1058,1055,1068,1062,1078,1070,1070,1072,1047,1056,1054,1075,1078,1051,1047,1058,1065,1061,1072,1073,1070,1053,1067,1052,1070,1079,1091,1116,1071,1047,1055,1054,1068,1074,1077,1070,1068,1070,1046,1053,1058,1076,1074,1049,1051,1058,1071,1063,1059,1073,1095,1053,1065,1074,1060,1063,1063,1056,1052,1058,1061,1039,1058,1068,1075,1059,1052,1058,1057,1043,1051,1058,1047,1073,1091,1073,1049,1054,1053,1084,1046,1042,1040,1060,1067,1067,1077,1076,1057,1058,1052,1063,1051,1056,1052,1047,1041,1057,1041,1071,1047,1057,1084,1095,1086,1069,1050,1052,1075,1046,1038,1058,1062,1071,1076,1059,1053,1065,1050,1059,1043,1048,1052,1063,1045,1050,1083,1091,1093,1073,1058,1052,1046,1053,1061,1093,1089,1072,1089,1075,1046,1057,1066,1057,1054,1060,1039,1047,1048,1052,1079,1040,1037,1063,1038,1071,1040,1053,1058,1066,1062,1067,1050,1066
STAT,(NULL),Partition,178,1021,1021,0,0,0,0,0,0,0,0,0,0,0,0,0,0,0,0,0,0,0,0,0,0,0,0,0,0,0,0,0,0,0,0,0,0,0,0,0,0,0,0,0,0,0,0,0,0,0,0,0,0,0,0,0,0,0,0,0,0,0,0,0,0,0,0,0,0,0,0,0,0,0,0,0,0,0,0,0,0,0,0,0,0,0,0,0,0,0,0,0,0,0,0,0,0,0,0,0,0,0,0,0,0,0,0,0,0,0,0,0,0,0,0,0,0,0,0,0,0,0,0,0,0,0,0,0,0,0,0,0,0,0,0,0,0,0,0,0,0,0,0,0,0,0,0,0,0,0,0,0,0,0,0,0,0,0,0,0,0,0,0,0,0,0,0,0,0,0,0,0,0,0,0,0,0,0,0,0
STAT,(NULL),Refine,178,1646,1646,0,0,0,0,0,0,0,0,0,0,0,0,0,0,0,0,0,0,0,0,0,0,0,0,0,0,0,0,0,0,0,0,0,0,0,0,0,0,0,0,0,0,0,0,0,0,0,0,0,0,0,0,0,0,0,0,0,0,0,0,0,0,0,0,0,0,0,0,0,0,0,0,0,0,0,0,0,0,0,0,0,0,0,0,0,0,0,0,0,0,0,0,0,0,0,0,0,0,0,0,0,0,0,0,0,0,0,0,0,0,0,0,0,0,0,0,0,0,0,0,0,0,0,0,0,0,0,0,0,0,0,0,0,0,0,0,0,0,0,0,0,0,0,0,0,0,0,0,0,0,0,0,0,0,0,0,0,0,0,0,0,0,0,0,0,0,0,0,0,0,0,0,0,0,0,0,0
STAT,(NULL),Threads,178,178,178,0,0,0,0,0,0,0,0,0,0,0,0,0,0,0,0,0,0,0,0,0,0,0,0,0,0,0,0,0,0,0,0,0,0,0,0,0,0,0,0,0,0,0,0,0,0,0,0,0,0,0,0,0,0,0,0,0,0,0,0,0,0,0,0,0,0,0,0,0,0,0,0,0,0,0,0,0,0,0,0,0,0,0,0,0,0,0,0,0,0,0,0,0,0,0,0,0,0,0,0,0,0,0,0,0,0,0,0,0,0,0,0,0,0,0,0,0,0,0,0,0,0,0,0,0,0,0,0,0,0,0,0,0,0,0,0,0,0,0,0,0,0,0,0,0,0,0,0,0,0,0,0,0,0,0,0,0,0,0,0,0,0,0,0,0,0,0,0,0,0,0,0,0,0,0,0,0
STAT,(NULL),Time,178,5305,5305,0,0,0,0,0,0,0,0,0,0,0,0,0,0,0,0,0,0,0,0,0,0,0,0,0,0,0,0,0,0,0,0,0,0,0,0,0,0,0,0,0,0,0,0,0,0,0,0,0,0,0,0,0,0,0,0,0,0,0,0,0,0,0,0,0,0,0,0,0,0,0,0,0,0,0,0,0,0,0,0,0,0,0,0,0,0,0,0,0,0,0,0,0,0,0,0,0,0,0,0,0,0,0,0,0,0,0,0,0,0,0,0,0,0,0,0,0,0,0,0,0,0,0,0,0,0,0,0,0,0,0,0,0,0,0,0,0,0,0,0,0,0,0,0,0,0,0,0,0,0,0,0,0,0,0,0,0,0,0,0,0,0,0,0,0,0,0,0,0,0,0,0,0,0,0,0,0
STAT,match,Conflicts,178,5535,51,42,42,52,54,38,43,46,41,39,49,50,39,41,41,35,50,39,38,38,47,47,35,40,36,48,36,42,39,42,48,40,37,39,36,30,37,29,33,33,40,32,35,43,36,33,39,35,39,38,47,43,45,38,44,37,34,35,36,25,28,27,25,26,30,26,26,27,22,22,20,24,21,30,21,27,29,22,28,24,29,25,22,29,28,27,34,21,30,33,28,25,26,31,23,23,25,27,32,31,22,28,26,29,28,38,22,32,26,32,25,26,28,23,29,25,30,29,25,28,32,23,28,27,22,27,27,26,23,26,25,20,25,22,28,28,25,30,27,29,32,23,24,30,18,25,24,32,25,19,27,29,33,28,25,27,33,21,29,31,28,30,26,34,26,26,24,26,26,29,20,29,22,26,33,27,23,24
STAT,match,Iterations,178,14962244,55602,52523,70033,61010,68311,66639,66446,78100,83372,61247,47833,54402,77834,63212,73923,72056,39668,80982,75777,68586,54198,72695,62848,65598,71110,69933,71106,64210,85412,67507,71446,71347,78457,70678,68843,80875,75031,73994,76082,71159,63690,68814,66600,66485,67100,66568,77257,81615,71122,75296,65015,73751,75109,72516,52884,64671,91082,82170,90677,111974,79716,76404,71140,97702,78411,94377,86414,89954,92106,89632,81156,91184,95008,71641,100460,97884,85622,87055,96061,91661,93485,74261,108877,89674,91504,89980,104190,83325,98187,93305,77362,116261,87673,90986,91796,108639,92154,97754,82798,96025,94161,94446,83071,90063,103397,83563,89395,75345,87289,77280,81459,92710,101009,72536,77897,125795,79904,101856,79889,97707,93028,114472,91234,118240,115642,86602,93386,91198,97965,77421,110932,90078,101506,89050,90524,95587,107988,80494,85003,71252,91700,90118,77117,93318,104557,96320,69107,85048,88085,101024,94821,90816,52769,79584,101023,70167,89660,90877,100921,92876,74505,88720,97209,92157,94577,69110,117801,97378,82239,86920,103313,85733,111609,102295,72639,99860,86687,102905
STAT,popedge,Conflicts,178,0,0,0,0,0,0,0,0,0,0,0,0,0,0,0,0,0,0,0,0,0,0,0,0,0,0,0,0,0,0,0,0,0,0,0,0,0,0,0,0,0,0,0,0,0,0,0,0,0,0,0,0,0,0,0,0,0,0,0,0,0,0,0,0,0,0,0,0,0,0,0,0,0,0,0,0,0,0,0,0,0,0,0,0,0,0,0,0,0,0,0,0,0,0,0,0,0,0,0,0,0,0,0,0,0,0,0,0,0,0,0,0,0,0,0,0,0,0,0,0,0,0,0,0,0,0,0,0,0,0,0,0,0,0,0,0,0,0,0,0,0,0,0,0,0,0,0,0,0,0,0,0,0,0,0,0,0,0,0,0,0,0,0,0,0,0,0,0,0,0,0,0,0,0,0,0,0,0,0
STAT,popedge,Iterations,178,7328443,41982,40273,39070,38117,40792,38524,40277,40159,39853,41655,42873,40647,40023,41191,39364,41638,39515,40775,37032,38053,42016,40138,42086,40323,39882,42045,39632,42745,40701,42782,38316,43345,40278,41645,42317,41789,40656,40513,41983,41147,42802,38742,39765,44012,41569,42055,41710,40147,40887,40470,42325,40969,42257,42033,43291,39851,46723,48600,45733,46666,44710,39278,38094,37812,38664,38587,38491,36165,38860,37662,37842,39760,41600,40869,40145,39925,40492,37815,38437,39062,38675,39086,41891,38777,41253,38422,40684,39447,41617,42128,41770,38971,41493,42136,41057,40933,41053,41521,42084,42378,41609,41882,41335,40463,41954,42672,41850,43284,40511,42111,39877,41198,41387,42237,40937,42349,40080,48094,45587,47388,47774,47065,40354,39706,42783,37394,38440,37706,39784,39725,39143,37698,41713,38130,40878,42752,39954,39252,39608,39823,38775,38590,39385,40637,40626,40749,39848,40270,40035,42841,43791,42276,37972,42739,41844,45970,43740,43463,42211,42417,43422,43336,41262,39995,39368,45321,44131,41343,45494,43334,44020,40948,42037,42753,41695,43162,43818,41933
STAT,refine,Conflicts,178,5726,83,83,75,79,71,79,72,72,64,75,68,69,64,62,60,65,45,57,64,55,60,51,46,53,52,60,52,55,44,49,45,28,36,37,33,33,51,44,39,34,44,42,35,34,43,40,48,40,34,42,37,54,37,40,45,42,36,24,32,32,37,26,20,25,33,21,24,32,22,35,26,24,19,26,15,20,25,18,22,20,32,26,25,13,20,24,22,15,31,30,26,20,23,26,15,25,14,33,24,20,20,20,31,22,14,19,12,20,13,24,30,27,29,24,25,22,18,25,19,22,19,29,31,14,25,19,18,19,24,19,22,29,33,29,24,26,23,30,19,18,27,20,26,19,22,21,20,32,17,25,19,20,19,16,23,21,19,19,28,25,13,22,21,25,22,14,23,16,14,25,23,25,19,34,14,25,23,25
STAT,refine,Iterations,178,430737,2186,1893,2513,2136,2231,1737,2356,2463,2809,2214,2208,2110,2432,1781,1727,2759,1618,2509,2427,2388,1858,2469,1475,1860,2352,2465,2180,2626,2748,1891,2270,1501,2258,2198,2219,1542,2359,2439,2641,2499,2541,2959,2131,2198,1826,2350,2341,1866,2401,2100,2023,2689,2230,1846,2308,2658,3081,2336,2172,2547,2484,2118,1810,2673,2592,2983,2641,2974,2632,3347,2570,2654,2427,2184,2530,2294,2396,2080,2441,2711,2419,2171,2803,2039,2486,2568,2762,2324,3517,3180,1878,3294,2166,2739,2027,2735,1527,2537,2824,2573,3072,2354,2540,2191,2318,2450,2004,2335,2189,2231,2032,2740,3026,2439,1958,3001,2878,3343,2518,2432,2257,3238,2767,1985,3005,2550,2381,2106,2543,2263,3116,2980,2680,2461,2446,2854,2605,2368,2460,2222,2523,2422,2621,2719,2152,2347,1701,2684,2749,3461,2866,2173,2273,1778,2196,2084,2537,1747,2883,2781,2245,2741,2083,2687,2115,2121,2749,2223,1851,2795,2687,2168,2516,3450,2178,2732,2759,2542
