Hello from MIC
Galois Benchmark Suite v2.2.0 (r0)
Copyright (C) 2013 The University of Texas at Austin
http://iss.ices.utexas.edu/galois/

application: GMetis
Partitions a graph into K parts and minimizing the graph cut
http://iss.ices.utexas.edu/?p=projects/galois/benchmarks/gMetis

INFO: CommandLine /work/02556/dpereira/MIC/apps/gmetis/gmetis -t=180 /work/02556/dpereira/Inputs/USA-road-d.W.gr 128
INFO: Hostname c558-002-mic0.stampede.tacc.utexas.edu
Created Graph with 6262104 nodes and 15248146 edges
Nodes 6262104| Edges 15248146 7624073

  Starting coarsening: 
Time coarsen:  2931 Size of final graph: 3116

  Sarting initial partitioning using GGGP:
Size in decade percentages:  -1,6 -0,117 1,5
Time clustering:  436

  Sarting refinnement with BKL2
Initial dist
Size in decade percentages:  -1,6 -0,117 1,5
Refined dist
Size in decade percentages:  -1,49 0,31 1,48
Time refinement:  1931


Time:  5475
Total edge cut : 8319

Part saved in : 0x7fff3f133960
STATTYPE,LOOP,CATEGORY,n,sum,T0,T1,T2,T3,T4,T5,T6,T7,T8,T9,T10,T11,T12,T13,T14,T15,T16,T17,T18,T19,T20,T21,T22,T23,T24,T25,T26,T27,T28,T29,T30,T31,T32,T33,T34,T35,T36,T37,T38,T39,T40,T41,T42,T43,T44,T45,T46,T47,T48,T49,T50,T51,T52,T53,T54,T55,T56,T57,T58,T59,T60,T61,T62,T63,T64,T65,T66,T67,T68,T69,T70,T71,T72,T73,T74,T75,T76,T77,T78,T79,T80,T81,T82,T83,T84,T85,T86,T87,T88,T89,T90,T91,T92,T93,T94,T95,T96,T97,T98,T99,T100,T101,T102,T103,T104,T105,T106,T107,T108,T109,T110,T111,T112,T113,T114,T115,T116,T117,T118,T119,T120,T121,T122,T123,T124,T125,T126,T127,T128,T129,T130,T131,T132,T133,T134,T135,T136,T137,T138,T139,T140,T141,T142,T143,T144,T145,T146,T147,T148,T149,T150,T151,T152,T153,T154,T155,T156,T157,T158,T159,T160,T161,T162,T163,T164,T165,T166,T167,T168,T169,T170,T171,T172,T173,T174,T175,T176,T177,T178,T179
STAT,(NULL),Coarsen,180,2931,2931,0,0,0,0,0,0,0,0,0,0,0,0,0,0,0,0,0,0,0,0,0,0,0,0,0,0,0,0,0,0,0,0,0,0,0,0,0,0,0,0,0,0,0,0,0,0,0,0,0,0,0,0,0,0,0,0,0,0,0,0,0,0,0,0,0,0,0,0,0,0,0,0,0,0,0,0,0,0,0,0,0,0,0,0,0,0,0,0,0,0,0,0,0,0,0,0,0,0,0,0,0,0,0,0,0,0,0,0,0,0,0,0,0,0,0,0,0,0,0,0,0,0,0,0,0,0,0,0,0,0,0,0,0,0,0,0,0,0,0,0,0,0,0,0,0,0,0,0,0,0,0,0,0,0,0,0,0,0,0,0,0,0,0,0,0,0,0,0,0,0,0,0,0,0,0,0,0,0,0
STAT,(NULL),Conflicts,180,0,0,0,0,0,0,0,0,0,0,0,0,0,0,0,0,0,0,0,0,0,0,0,0,0,0,0,0,0,0,0,0,0,0,0,0,0,0,0,0,0,0,0,0,0,0,0,0,0,0,0,0,0,0,0,0,0,0,0,0,0,0,0,0,0,0,0,0,0,0,0,0,0,0,0,0,0,0,0,0,0,0,0,0,0,0,0,0,0,0,0,0,0,0,0,0,0,0,0,0,0,0,0,0,0,0,0,0,0,0,0,0,0,0,0,0,0,0,0,0,0,0,0,0,0,0,0,0,0,0,0,0,0,0,0,0,0,0,0,0,0,0,0,0,0,0,0,0,0,0,0,0,0,0,0,0,0,0,0,0,0,0,0,0,0,0,0,0,0,0,0,0,0,0,0,0,0,0,0,0,0
STAT,(NULL),Iterations,180,255,8,0,0,1,1,3,4,0,2,0,0,8,3,2,0,0,0,1,5,0,0,2,0,0,0,0,2,1,0,0,0,0,5,0,1,0,1,0,8,0,2,0,0,0,0,0,2,0,3,0,2,1,0,3,0,2,2,3,2,4,2,3,3,3,0,1,0,3,0,0,0,0,1,2,1,2,0,3,0,3,3,0,0,0,1,0,1,0,1,2,0,0,3,3,2,0,1,7,0,0,0,3,0,2,5,1,3,3,4,5,1,6,0,1,0,0,0,4,5,3,3,1,0,0,1,0,2,0,7,0,0,0,0,1,4,0,1,0,2,0,1,4,0,0,0,3,0,3,0,1,0,0,0,3,2,0,0,0,0,2,0,5,2,6,0,2,3,4,0,1,3,3,0,0,0,2,0,1,1,0
STAT,(NULL),MeminfoPost,180,756465,4206,4193,4220,4210,4218,4195,4204,4191,4210,4214,4213,4266,4222,4187,4199,4195,4202,4207,4211,4229,4201,4208,4194,4198,4194,4210,4218,4192,4194,4194,4205,4190,4227,4206,4215,4199,4209,4188,4209,4209,4212,4263,4228,4194,4199,4200,4193,4212,4211,4223,4201,4207,4202,4188,4196,4215,4217,4190,4194,4196,4197,4214,4208,4195,4232,4211,4197,4210,4212,4198,4204,4201,4198,4190,4206,4194,4179,4201,4209,4214,4199,4191,4199,4196,4184,4193,4197,4187,4215,4230,4213,4190,4194,4194,4224,4190,4179,4179,4200,4205,4213,4214,4211,4200,4205,4183,4208,4190,4198,4197,4185,4182,4194,4180,4213,4189,4187,4219,4237,4222,4222,4192,4193,4212,4192,4181,4187,4205,4208,4213,4207,4204,4187,4200,4195,4196,4183,4190,4185,4207,4186,4207,4230,4225,4230,4209,4191,4196,4186,4196,4209,4228,4229,4216,4228,4205,4190,4204,4196,4200,4199,4191,4181,4194,4186,4207,4199,4182,4175,4198,4187,4210,4183,4191,4199,4207,4203,4207,4191,4206
STAT,(NULL),MeminfoPre,180,189105,1054,1041,1068,1058,1066,1043,1052,1039,1058,1062,1061,1114,1070,1035,1047,1043,1050,1055,1059,1077,1049,1056,1042,1046,1042,1058,1066,1040,1042,1042,1053,1038,1075,1054,1063,1047,1057,1036,1057,1057,1060,1111,1076,1042,1047,1048,1041,1060,1059,1071,1049,1055,1050,1036,1044,1063,1065,1038,1042,1044,1045,1062,1056,1043,1080,1059,1045,1058,1060,1046,1052,1049,1046,1038,1054,1042,1027,1049,1057,1062,1047,1039,1047,1044,1032,1041,1045,1035,1063,1078,1061,1038,1042,1042,1072,1038,1027,1027,1048,1053,1061,1062,1059,1048,1053,1031,1056,1038,1046,1045,1033,1030,1042,1028,1061,1037,1035,1067,1085,1070,1070,1040,1041,1060,1040,1029,1035,1053,1056,1061,1055,1052,1035,1048,1043,1044,1031,1038,1033,1055,1034,1055,1078,1073,1078,1057,1039,1044,1034,1044,1057,1076,1077,1064,1076,1053,1038,1052,1044,1048,1047,1039,1029,1042,1034,1055,1047,1030,1023,1046,1035,1058,1031,1039,1047,1055,1051,1055,1039,1054
STAT,(NULL),Partition,180,436,436,0,0,0,0,0,0,0,0,0,0,0,0,0,0,0,0,0,0,0,0,0,0,0,0,0,0,0,0,0,0,0,0,0,0,0,0,0,0,0,0,0,0,0,0,0,0,0,0,0,0,0,0,0,0,0,0,0,0,0,0,0,0,0,0,0,0,0,0,0,0,0,0,0,0,0,0,0,0,0,0,0,0,0,0,0,0,0,0,0,0,0,0,0,0,0,0,0,0,0,0,0,0,0,0,0,0,0,0,0,0,0,0,0,0,0,0,0,0,0,0,0,0,0,0,0,0,0,0,0,0,0,0,0,0,0,0,0,0,0,0,0,0,0,0,0,0,0,0,0,0,0,0,0,0,0,0,0,0,0,0,0,0,0,0,0,0,0,0,0,0,0,0,0,0,0,0,0,0,0
STAT,(NULL),Refine,180,1931,1931,0,0,0,0,0,0,0,0,0,0,0,0,0,0,0,0,0,0,0,0,0,0,0,0,0,0,0,0,0,0,0,0,0,0,0,0,0,0,0,0,0,0,0,0,0,0,0,0,0,0,0,0,0,0,0,0,0,0,0,0,0,0,0,0,0,0,0,0,0,0,0,0,0,0,0,0,0,0,0,0,0,0,0,0,0,0,0,0,0,0,0,0,0,0,0,0,0,0,0,0,0,0,0,0,0,0,0,0,0,0,0,0,0,0,0,0,0,0,0,0,0,0,0,0,0,0,0,0,0,0,0,0,0,0,0,0,0,0,0,0,0,0,0,0,0,0,0,0,0,0,0,0,0,0,0,0,0,0,0,0,0,0,0,0,0,0,0,0,0,0,0,0,0,0,0,0,0,0,0
STAT,(NULL),Threads,180,180,180,0,0,0,0,0,0,0,0,0,0,0,0,0,0,0,0,0,0,0,0,0,0,0,0,0,0,0,0,0,0,0,0,0,0,0,0,0,0,0,0,0,0,0,0,0,0,0,0,0,0,0,0,0,0,0,0,0,0,0,0,0,0,0,0,0,0,0,0,0,0,0,0,0,0,0,0,0,0,0,0,0,0,0,0,0,0,0,0,0,0,0,0,0,0,0,0,0,0,0,0,0,0,0,0,0,0,0,0,0,0,0,0,0,0,0,0,0,0,0,0,0,0,0,0,0,0,0,0,0,0,0,0,0,0,0,0,0,0,0,0,0,0,0,0,0,0,0,0,0,0,0,0,0,0,0,0,0,0,0,0,0,0,0,0,0,0,0,0,0,0,0,0,0,0,0,0,0,0,0
STAT,(NULL),Time,180,5475,5475,0,0,0,0,0,0,0,0,0,0,0,0,0,0,0,0,0,0,0,0,0,0,0,0,0,0,0,0,0,0,0,0,0,0,0,0,0,0,0,0,0,0,0,0,0,0,0,0,0,0,0,0,0,0,0,0,0,0,0,0,0,0,0,0,0,0,0,0,0,0,0,0,0,0,0,0,0,0,0,0,0,0,0,0,0,0,0,0,0,0,0,0,0,0,0,0,0,0,0,0,0,0,0,0,0,0,0,0,0,0,0,0,0,0,0,0,0,0,0,0,0,0,0,0,0,0,0,0,0,0,0,0,0,0,0,0,0,0,0,0,0,0,0,0,0,0,0,0,0,0,0,0,0,0,0,0,0,0,0,0,0,0,0,0,0,0,0,0,0,0,0,0,0,0,0,0,0,0,0
STAT,match,Conflicts,180,6119,55,46,53,60,59,49,43,50,46,40,47,46,48,49,55,40,42,42,44,44,49,46,47,52,51,42,40,47,48,51,44,38,43,43,32,42,43,44,40,49,35,43,45,34,39,37,43,40,42,42,36,42,42,36,43,44,40,41,38,37,36,22,39,31,28,25,21,27,28,26,26,24,23,23,21,34,25,37,25,28,28,28,30,27,30,26,35,26,32,33,29,29,30,27,28,36,34,29,28,24,31,24,25,27,28,38,29,22,29,30,28,34,32,29,22,33,28,29,31,26,29,27,27,35,31,30,25,28,26,34,23,27,19,32,36,28,37,29,31,27,31,33,24,29,29,29,22,38,22,33,32,34,25,33,25,31,40,21,25,24,29,32,26,28,28,32,31,31,37,32,30,30,29,28,32,25,29,32,26,30
STAT,match,Iterations,180,15002717,56724,81450,66493,67834,65094,62148,69966,67535,70963,68720,70289,70980,60470,63790,72602,91508,85368,52644,69242,66143,62488,60380,56347,76072,69707,74682,89597,73777,83864,60585,86129,75570,87855,60245,81050,61481,60415,72008,73379,58678,57783,62750,62219,74725,72419,56239,75202,73377,75160,69281,84450,73783,63771,68813,79150,72327,73799,93452,91455,71716,99048,93964,84062,87462,96135,79204,89950,86929,70573,78192,87601,99479,91116,112305,99845,94807,92014,79117,100254,94838,106494,66211,85708,98648,91281,113398,99327,89771,80090,96835,87696,91853,84246,73363,94968,102292,84631,92788,80282,107004,76565,72954,94696,87311,104479,80295,93495,83840,91351,88032,79900,106908,85176,102268,106006,80948,83667,84072,99104,110407,107477,119057,78770,101941,69873,83301,99636,85994,82763,93512,78570,87473,94529,76694,80814,78098,75601,73973,98209,85416,95093,76999,112951,90177,88897,83985,92605,76993,89445,82523,72255,89577,90564,88851,96133,87137,81346,110695,98728,102177,99086,77382,83112,65478,77162,101555,68458,82901,109474,82017,95281,82511,87753,103177,86012,83424,85642,80991,89014,92057
STAT,popedge,Conflicts,180,0,0,0,0,0,0,0,0,0,0,0,0,0,0,0,0,0,0,0,0,0,0,0,0,0,0,0,0,0,0,0,0,0,0,0,0,0,0,0,0,0,0,0,0,0,0,0,0,0,0,0,0,0,0,0,0,0,0,0,0,0,0,0,0,0,0,0,0,0,0,0,0,0,0,0,0,0,0,0,0,0,0,0,0,0,0,0,0,0,0,0,0,0,0,0,0,0,0,0,0,0,0,0,0,0,0,0,0,0,0,0,0,0,0,0,0,0,0,0,0,0,0,0,0,0,0,0,0,0,0,0,0,0,0,0,0,0,0,0,0,0,0,0,0,0,0,0,0,0,0,0,0,0,0,0,0,0,0,0,0,0,0,0,0,0,0,0,0,0,0,0,0,0,0,0,0,0,0,0,0,0
STAT,popedge,Iterations,180,7348627,38182,40531,39415,36829,40703,38304,38445,39497,38900,39600,38828,39075,42392,38425,40221,39828,40258,40976,39254,39290,40438,41492,41297,40801,42865,39358,38567,40410,41322,40938,42054,41299,40911,41339,41600,40704,43177,41194,39510,40958,42652,40086,41413,42615,40689,42619,40836,42152,41033,39570,42164,41977,41966,40225,41286,39268,39263,42756,45219,45719,44338,38862,38192,37277,36268,37300,38224,39145,39437,37723,40580,38019,38804,39154,38202,39502,38231,40187,37815,37737,37506,38424,40040,39783,38425,40505,37559,39374,40582,40588,39929,40637,42052,41886,40566,44198,44611,39117,42582,40725,43055,40881,39866,40746,40215,40452,41381,42834,42198,41902,39296,40981,41872,42908,43244,43601,38214,41051,43622,49341,46522,49702,39420,41360,38682,38965,37216,38701,40427,37773,39992,40416,38114,38657,41270,38338,41535,40254,40586,39740,39749,38307,40919,39821,39685,41197,40991,39717,39972,41126,41693,43010,42759,43605,42000,43478,43978,41874,41944,42632,42667,43319,39251,44743,40547,40844,43163,43581,41893,43993,41346,40346,42719,43124,43848,42374,44338,42345,41905,41713
STAT,refine,Conflicts,180,6302,115,125,110,108,96,98,98,92,74,78,94,81,93,89,77,54,57,58,55,74,53,64,65,66,64,63,61,73,63,58,47,32,46,36,50,33,40,42,52,45,42,35,49,42,44,35,50,52,38,58,36,37,48,41,48,38,41,49,31,47,43,15,24,19,27,23,24,20,23,20,18,27,19,23,16,16,19,17,16,19,21,25,21,24,17,16,27,26,26,33,20,21,18,18,14,16,22,18,25,25,20,16,24,26,22,20,22,17,17,19,39,23,22,29,21,25,19,28,28,32,21,25,24,16,24,30,21,18,29,26,20,17,20,20,18,19,20,19,15,15,16,23,27,19,18,21,23,21,23,31,21,22,18,20,27,18,20,17,22,22,20,27,22,27,32,23,22,22,23,35,10,29,19,23,30,24,28,26,18,26
STAT,refine,Iterations,180,139504,693,887,994,967,636,687,817,862,815,993,1014,772,894,596,667,749,957,645,749,784,581,853,660,833,908,779,763,776,1012,762,820,529,977,591,451,542,606,711,762,741,653,553,700,658,496,838,583,774,599,920,563,744,928,706,783,826,695,749,882,813,899,796,738,782,950,559,860,650,805,898,980,909,796,780,468,634,555,771,729,862,782,607,817,713,699,723,986,925,960,1225,916,813,494,752,709,649,562,721,700,693,637,590,724,737,841,574,939,540,748,595,830,924,810,956,1174,783,799,799,997,1348,1161,899,739,802,882,819,687,645,868,775,714,1047,675,668,731,626,608,665,833,744,900,778,820,1019,810,651,808,700,837,924,909,1128,728,556,822,637,555,674,900,721,564,745,673,665,732,854,711,780,539,835,555,1018,572,1059,901,920,813,985,721,887
