Hello from MIC
Galois Benchmark Suite v2.2.0 (r0)
Copyright (C) 2013 The University of Texas at Austin
http://iss.ices.utexas.edu/galois/

application: GMetis
Partitions a graph into K parts and minimizing the graph cut
http://iss.ices.utexas.edu/?p=projects/galois/benchmarks/gMetis

INFO: CommandLine /work/02556/dpereira/MIC/apps/gmetis/gmetis -t=55 /work/02556/dpereira/Inputs/USA-road-d.W.gr 128
INFO: Hostname c557-903-mic0.stampede.tacc.utexas.edu
Created Graph with 6262104 nodes and 15248146 edges
Nodes 6262104| Edges 15248146 7624073

  Starting coarsening: 
Time coarsen:  2484 Size of final graph: 3012

  Sarting initial partitioning using GGGP:
Size in decade percentages:  -1,5 -0,113 1,10
Time clustering:  400

  Sarting refinnement with BKL2
Initial dist
Size in decade percentages:  -1,5 -0,113 1,10
Refined dist
Size in decade percentages:  -1,40 -0,44 1,44
Time refinement:  706


Time:  3766
Total edge cut : 7783

Part saved in : 0x7fff317fe8e0
STATTYPE,LOOP,CATEGORY,n,sum,T0,T1,T2,T3,T4,T5,T6,T7,T8,T9,T10,T11,T12,T13,T14,T15,T16,T17,T18,T19,T20,T21,T22,T23,T24,T25,T26,T27,T28,T29,T30,T31,T32,T33,T34,T35,T36,T37,T38,T39,T40,T41,T42,T43,T44,T45,T46,T47,T48,T49,T50,T51,T52,T53,T54
STAT,(NULL),Coarsen,55,2484,2484,0,0,0,0,0,0,0,0,0,0,0,0,0,0,0,0,0,0,0,0,0,0,0,0,0,0,0,0,0,0,0,0,0,0,0,0,0,0,0,0,0,0,0,0,0,0,0,0,0,0,0,0,0,0
STAT,(NULL),Conflicts,55,0,0,0,0,0,0,0,0,0,0,0,0,0,0,0,0,0,0,0,0,0,0,0,0,0,0,0,0,0,0,0,0,0,0,0,0,0,0,0,0,0,0,0,0,0,0,0,0,0,0,0,0,0,0,0,0
STAT,(NULL),Iterations,55,255,10,2,3,7,2,1,3,2,2,4,7,8,5,4,6,5,19,21,3,3,4,3,1,10,6,5,4,1,6,3,7,3,6,2,6,2,3,3,3,4,5,3,7,7,5,4,0,5,4,4,1,6,1,0,4
STAT,(NULL),MeminfoPost,55,756273,13765,13770,13745,13852,13716,13783,13761,13744,13736,13749,13775,13742,13848,13743,13757,13784,13722,13758,13748,13791,13755,13747,13739,13716,13754,13717,13720,13798,13746,13691,13764,13764,13726,13717,13722,13729,13828,13738,13704,13772,13733,13709,13721,13799,13771,13721,13819,13770,13746,13700,13740,13694,13719,13748,13747
STAT,(NULL),MeminfoPre,55,189058,3452,3457,3432,3539,3403,3470,3448,3431,3423,3436,3462,3429,3535,3430,3444,3471,3409,3445,3435,3478,3442,3434,3426,3403,3441,3404,3407,3485,3433,3378,3451,3451,3413,3404,3409,3416,3515,3425,3391,3459,3420,3396,3408,3486,3458,3408,3506,3457,3433,3387,3427,3381,3406,3435,3434
STAT,(NULL),Partition,55,400,400,0,0,0,0,0,0,0,0,0,0,0,0,0,0,0,0,0,0,0,0,0,0,0,0,0,0,0,0,0,0,0,0,0,0,0,0,0,0,0,0,0,0,0,0,0,0,0,0,0,0,0,0,0,0
STAT,(NULL),Refine,55,706,706,0,0,0,0,0,0,0,0,0,0,0,0,0,0,0,0,0,0,0,0,0,0,0,0,0,0,0,0,0,0,0,0,0,0,0,0,0,0,0,0,0,0,0,0,0,0,0,0,0,0,0,0,0,0
STAT,(NULL),Threads,55,55,55,0,0,0,0,0,0,0,0,0,0,0,0,0,0,0,0,0,0,0,0,0,0,0,0,0,0,0,0,0,0,0,0,0,0,0,0,0,0,0,0,0,0,0,0,0,0,0,0,0,0,0,0,0,0
STAT,(NULL),Time,55,3766,3766,0,0,0,0,0,0,0,0,0,0,0,0,0,0,0,0,0,0,0,0,0,0,0,0,0,0,0,0,0,0,0,0,0,0,0,0,0,0,0,0,0,0,0,0,0,0,0,0,0,0,0,0,0,0
STAT,match,Conflicts,55,4799,146,112,122,135,119,112,121,107,100,90,84,90,118,103,72,82,79,72,69,87,90,83,75,80,78,97,101,70,83,57,74,70,61,80,66,65,46,84,75,51,69,94,71,51,69,77,89,60,66,107,88,93,134,163,62
STAT,match,Iterations,55,14964818,254736,267381,263263,245750,277357,263803,268544,274187,291012,273730,261730,282179,248405,268724,279227,274086,276473,285902,269382,265337,281088,265119,267512,265191,269194,268033,273275,254015,279858,296682,270051,265597,298185,286718,270664,286265,275723,272818,278070,258561,265237,275929,261167,219525,269940,273315,271711,284974,287607,281142,281637,288687,289128,262183,278809
STAT,popedge,Conflicts,55,0,0,0,0,0,0,0,0,0,0,0,0,0,0,0,0,0,0,0,0,0,0,0,0,0,0,0,0,0,0,0,0,0,0,0,0,0,0,0,0,0,0,0,0,0,0,0,0,0,0,0,0,0,0,0,0
STAT,popedge,Iterations,55,7333443,132573,131795,135129,128433,130341,127608,129450,133281,130393,134104,130897,132063,129671,131290,129650,128649,132144,131868,126810,120727,119465,123808,129744,131076,130038,132822,134641,127922,134171,141967,134135,133640,133327,138866,136775,137749,128562,131826,133673,129830,133417,136920,135754,115241,127395,128844,142695,145546,144051,148464,141803,148434,144865,146729,142372
STAT,refine,Conflicts,55,3033,111,100,89,93,90,83,83,74,66,80,67,71,59,61,59,63,66,46,64,66,74,48,41,46,53,53,57,52,50,48,36,46,47,46,49,41,45,44,41,48,54,51,35,36,44,38,33,31,32,32,37,38,46,41,29
STAT,refine,Iterations,55,126704,2622,2471,2882,3580,2079,2837,2252,2459,1838,2480,1996,2626,3470,2150,2323,2536,2184,2171,1979,2740,2290,1983,2294,1830,2529,2154,2158,2238,2358,1921,2133,2578,1840,2157,2183,2787,2423,2078,1799,2515,2354,2158,2207,2566,2275,2020,3656,1958,1625,1813,2012,1726,2085,2065,2261
