Hello from MIC
Galois Benchmark Suite v2.2.0 (r0)
Copyright (C) 2013 The University of Texas at Austin
http://iss.ices.utexas.edu/galois/

application: GMetis
Partitions a graph into K parts and minimizing the graph cut
http://iss.ices.utexas.edu/?p=projects/galois/benchmarks/gMetis

INFO: CommandLine /work/02556/dpereira/MIC/apps/gmetis/gmetis -t=146 /work/02556/dpereira/Inputs/USA-road-d.W.gr 128
INFO: Hostname c558-001-mic0.stampede.tacc.utexas.edu
Created Graph with 6262104 nodes and 15248146 edges
Nodes 6262104| Edges 15248146 7624073

  Starting coarsening: 
Time coarsen:  2582 Size of final graph: 3122

  Sarting initial partitioning using GGGP:
Size in decade percentages:  -1,5 -0,119 1,4
Time clustering:  431

  Sarting refinnement with BKL2
Initial dist
Size in decade percentages:  -1,5 -0,119 1,4
Refined dist
Size in decade percentages:  -1,51 0,25 1,52
Time refinement:  1477


Time:  4669
Total edge cut : 8357

Part saved in : 0x7fff489f21e0
STATTYPE,LOOP,CATEGORY,n,sum,T0,T1,T2,T3,T4,T5,T6,T7,T8,T9,T10,T11,T12,T13,T14,T15,T16,T17,T18,T19,T20,T21,T22,T23,T24,T25,T26,T27,T28,T29,T30,T31,T32,T33,T34,T35,T36,T37,T38,T39,T40,T41,T42,T43,T44,T45,T46,T47,T48,T49,T50,T51,T52,T53,T54,T55,T56,T57,T58,T59,T60,T61,T62,T63,T64,T65,T66,T67,T68,T69,T70,T71,T72,T73,T74,T75,T76,T77,T78,T79,T80,T81,T82,T83,T84,T85,T86,T87,T88,T89,T90,T91,T92,T93,T94,T95,T96,T97,T98,T99,T100,T101,T102,T103,T104,T105,T106,T107,T108,T109,T110,T111,T112,T113,T114,T115,T116,T117,T118,T119,T120,T121,T122,T123,T124,T125,T126,T127,T128,T129,T130,T131,T132,T133,T134,T135,T136,T137,T138,T139,T140,T141,T142,T143,T144,T145
STAT,(NULL),Coarsen,146,2582,2582,0,0,0,0,0,0,0,0,0,0,0,0,0,0,0,0,0,0,0,0,0,0,0,0,0,0,0,0,0,0,0,0,0,0,0,0,0,0,0,0,0,0,0,0,0,0,0,0,0,0,0,0,0,0,0,0,0,0,0,0,0,0,0,0,0,0,0,0,0,0,0,0,0,0,0,0,0,0,0,0,0,0,0,0,0,0,0,0,0,0,0,0,0,0,0,0,0,0,0,0,0,0,0,0,0,0,0,0,0,0,0,0,0,0,0,0,0,0,0,0,0,0,0,0,0,0,0,0,0,0,0,0,0,0,0,0,0,0,0,0,0,0,0,0,0
STAT,(NULL),Conflicts,146,0,0,0,0,0,0,0,0,0,0,0,0,0,0,0,0,0,0,0,0,0,0,0,0,0,0,0,0,0,0,0,0,0,0,0,0,0,0,0,0,0,0,0,0,0,0,0,0,0,0,0,0,0,0,0,0,0,0,0,0,0,0,0,0,0,0,0,0,0,0,0,0,0,0,0,0,0,0,0,0,0,0,0,0,0,0,0,0,0,0,0,0,0,0,0,0,0,0,0,0,0,0,0,0,0,0,0,0,0,0,0,0,0,0,0,0,0,0,0,0,0,0,0,0,0,0,0,0,0,0,0,0,0,0,0,0,0,0,0,0,0,0,0,0,0,0,0
STAT,(NULL),Iterations,146,255,8,2,0,0,3,3,0,4,0,0,0,0,2,1,2,5,3,2,3,4,1,0,0,2,1,0,3,0,1,0,0,0,0,0,3,5,1,4,0,0,4,0,3,1,4,1,3,0,3,3,2,2,6,1,0,0,7,5,0,2,3,1,1,0,0,1,4,0,0,1,0,1,1,3,0,4,3,2,0,4,1,3,1,0,1,1,3,0,3,0,0,0,0,2,8,0,6,5,0,1,0,5,2,0,0,8,0,1,4,2,0,0,2,3,1,0,0,4,11,1,3,5,7,2,5,0,2,0,0,3,0,1,1,1,0,0,0,1,0,0,0,1,1,1,0,3
STAT,(NULL),MeminfoPost,146,756821,5189,5181,5197,5201,5173,5181,5191,5186,5207,5249,5186,5174,5174,5188,5188,5203,5193,5191,5170,5177,5190,5192,5178,5166,5183,5173,5203,5201,5187,5187,5166,5189,5205,5243,5214,5167,5178,5179,5187,5197,5199,5190,5184,5172,5174,5195,5187,5174,5174,5190,5185,5182,5223,5180,5186,5194,5177,5189,5174,5173,5191,5160,5170,5189,5198,5175,5176,5176,5160,5167,5180,5180,5218,5196,5168,5172,5202,5166,5157,5165,5189,5190,5201,5192,5180,5167,5186,5172,5178,5165,5156,5172,5187,5166,5168,5209,5221,5207,5174,5173,5191,5161,5163,5186,5193,5201,5178,5168,5179,5180,5164,5163,5164,5184,5174,5216,5217,5208,5175,5173,5161,5182,5209,5217,5199,5216,5168,5176,5184,5188,5175,5154,5169,5168,5202,5154,5153,5174,5154,5195,5169,5177,5188,5184,5179,5183
STAT,(NULL),MeminfoPre,146,189173,1301,1293,1309,1313,1285,1293,1303,1298,1319,1361,1298,1286,1286,1300,1300,1315,1305,1303,1282,1289,1302,1304,1290,1278,1295,1285,1315,1313,1299,1299,1278,1301,1317,1355,1326,1279,1290,1291,1299,1309,1311,1302,1296,1284,1286,1307,1299,1286,1286,1302,1297,1294,1335,1292,1298,1306,1289,1301,1286,1285,1303,1272,1282,1301,1310,1287,1288,1288,1272,1279,1292,1292,1330,1308,1280,1284,1314,1278,1269,1277,1301,1302,1313,1304,1292,1279,1298,1284,1290,1277,1268,1284,1299,1278,1280,1321,1333,1319,1286,1285,1303,1273,1275,1298,1305,1313,1290,1280,1291,1292,1276,1275,1276,1296,1286,1328,1329,1320,1287,1285,1273,1294,1321,1329,1311,1328,1280,1288,1296,1300,1287,1266,1281,1280,1314,1266,1265,1286,1266,1307,1281,1289,1300,1296,1291,1295
STAT,(NULL),Partition,146,431,431,0,0,0,0,0,0,0,0,0,0,0,0,0,0,0,0,0,0,0,0,0,0,0,0,0,0,0,0,0,0,0,0,0,0,0,0,0,0,0,0,0,0,0,0,0,0,0,0,0,0,0,0,0,0,0,0,0,0,0,0,0,0,0,0,0,0,0,0,0,0,0,0,0,0,0,0,0,0,0,0,0,0,0,0,0,0,0,0,0,0,0,0,0,0,0,0,0,0,0,0,0,0,0,0,0,0,0,0,0,0,0,0,0,0,0,0,0,0,0,0,0,0,0,0,0,0,0,0,0,0,0,0,0,0,0,0,0,0,0,0,0,0,0,0,0
STAT,(NULL),Refine,146,1477,1477,0,0,0,0,0,0,0,0,0,0,0,0,0,0,0,0,0,0,0,0,0,0,0,0,0,0,0,0,0,0,0,0,0,0,0,0,0,0,0,0,0,0,0,0,0,0,0,0,0,0,0,0,0,0,0,0,0,0,0,0,0,0,0,0,0,0,0,0,0,0,0,0,0,0,0,0,0,0,0,0,0,0,0,0,0,0,0,0,0,0,0,0,0,0,0,0,0,0,0,0,0,0,0,0,0,0,0,0,0,0,0,0,0,0,0,0,0,0,0,0,0,0,0,0,0,0,0,0,0,0,0,0,0,0,0,0,0,0,0,0,0,0,0,0,0
STAT,(NULL),Threads,146,146,146,0,0,0,0,0,0,0,0,0,0,0,0,0,0,0,0,0,0,0,0,0,0,0,0,0,0,0,0,0,0,0,0,0,0,0,0,0,0,0,0,0,0,0,0,0,0,0,0,0,0,0,0,0,0,0,0,0,0,0,0,0,0,0,0,0,0,0,0,0,0,0,0,0,0,0,0,0,0,0,0,0,0,0,0,0,0,0,0,0,0,0,0,0,0,0,0,0,0,0,0,0,0,0,0,0,0,0,0,0,0,0,0,0,0,0,0,0,0,0,0,0,0,0,0,0,0,0,0,0,0,0,0,0,0,0,0,0,0,0,0,0,0,0,0,0
STAT,(NULL),Time,146,4669,4669,0,0,0,0,0,0,0,0,0,0,0,0,0,0,0,0,0,0,0,0,0,0,0,0,0,0,0,0,0,0,0,0,0,0,0,0,0,0,0,0,0,0,0,0,0,0,0,0,0,0,0,0,0,0,0,0,0,0,0,0,0,0,0,0,0,0,0,0,0,0,0,0,0,0,0,0,0,0,0,0,0,0,0,0,0,0,0,0,0,0,0,0,0,0,0,0,0,0,0,0,0,0,0,0,0,0,0,0,0,0,0,0,0,0,0,0,0,0,0,0,0,0,0,0,0,0,0,0,0,0,0,0,0,0,0,0,0,0,0,0,0,0,0,0,0
STAT,match,Conflicts,146,6302,71,56,72,62,59,69,46,45,69,59,66,55,55,55,74,69,69,55,40,56,53,60,54,56,42,56,38,53,59,56,48,44,44,47,50,54,48,48,50,57,55,48,43,47,52,48,43,37,55,37,45,52,58,51,44,42,47,40,43,32,41,38,29,28,37,37,46,33,28,35,44,35,29,33,37,46,38,32,46,38,41,35,36,29,36,35,35,32,42,32,38,44,23,49,36,41,43,48,40,37,52,36,40,39,32,40,31,36,27,38,30,35,39,40,42,28,38,35,31,36,35,56,37,34,40,47,39,36,34,28,26,29,35,29,40,29,41,35,39,45,32,44,46,36,32,33
STAT,match,Iterations,146,15016628,69931,74988,79232,65971,73739,76622,88822,87657,63943,75536,79154,69165,80677,80486,92599,86176,86626,71502,93893,85839,80780,79488,90351,82779,109479,90404,117420,103955,103089,98945,113843,98960,101997,109534,112523,106426,111847,98985,113442,118925,98314,112089,116813,102020,87451,79127,100278,104913,102445,111360,109770,99319,99451,107932,110144,95897,103340,117303,94496,99721,107555,91143,103314,99319,89512,104919,86220,107722,108156,116311,88287,109353,88528,89014,104997,106455,86125,109276,82429,98839,85989,116359,109297,106448,91689,143875,128432,106889,120043,131764,125783,120720,115388,94817,121468,113377,123906,105568,128848,109889,114109,111181,129855,124797,142513,120773,118233,122531,121175,131255,108135,124277,121880,111746,124259,116375,108044,111782,90826,108005,133111,89649,107074,91629,115682,103203,103623,108070,98212,103911,110274,100335,107553,86010,95164,104797,108566,105685,114185,89552,106132,99816,99556,117981,98699,100472
STAT,popedge,Conflicts,146,0,0,0,0,0,0,0,0,0,0,0,0,0,0,0,0,0,0,0,0,0,0,0,0,0,0,0,0,0,0,0,0,0,0,0,0,0,0,0,0,0,0,0,0,0,0,0,0,0,0,0,0,0,0,0,0,0,0,0,0,0,0,0,0,0,0,0,0,0,0,0,0,0,0,0,0,0,0,0,0,0,0,0,0,0,0,0,0,0,0,0,0,0,0,0,0,0,0,0,0,0,0,0,0,0,0,0,0,0,0,0,0,0,0,0,0,0,0,0,0,0,0,0,0,0,0,0,0,0,0,0,0,0,0,0,0,0,0,0,0,0,0,0,0,0,0,0
STAT,popedge,Iterations,146,7358878,48105,45763,46106,47746,47684,46692,47287,45399,47265,46813,47337,48889,49322,44569,48870,45867,46725,47750,47270,48684,48659,47327,47929,47807,54518,57179,54228,54331,55630,54206,55635,55008,54600,55485,51794,53006,53344,55648,51322,52121,53725,54652,53593,52992,56325,50791,54600,55126,55384,47996,53109,54466,48967,52593,49060,49234,51800,49709,50715,53121,52678,46061,48127,45273,44546,44321,46143,46304,45463,44008,45446,44477,45301,47603,46014,48585,45216,47763,48661,48055,49000,46736,45229,47388,49868,52963,55337,56611,55533,55346,55051,55301,52873,55941,57709,55511,52027,56834,56649,52113,53262,54927,58403,56783,51246,53820,51937,51574,54047,54396,51508,55379,53357,51684,52892,52865,49595,53880,54105,50003,54881,54705,44586,48127,44699,45892,47697,44947,46256,48307,46750,44924,48328,47239,49694,48588,49945,44657,47011,50279,47770,48087,48723,46933,50440,47807
STAT,refine,Conflicts,146,5632,121,114,113,102,105,98,101,80,93,80,83,84,75,73,75,61,66,73,69,64,64,54,61,62,49,57,60,64,64,54,49,46,52,53,37,49,41,53,30,53,40,46,49,44,45,40,45,30,46,40,42,39,48,35,42,49,45,44,38,37,37,20,26,18,30,22,30,17,21,24,19,18,19,29,22,22,15,22,19,20,23,21,22,18,25,21,27,27,31,19,21,34,29,30,22,21,31,27,33,18,28,30,27,29,23,22,25,20,17,26,25,32,22,32,26,29,29,27,23,22,34,24,23,25,16,25,23,18,27,18,18,14,23,22,25,21,15,15,25,16,21,25,18,16,18,17
STAT,refine,Iterations,146,138249,994,857,929,885,759,577,713,787,1062,786,790,724,1095,640,877,802,788,760,779,946,853,806,844,929,956,879,1212,979,1035,917,1153,909,1338,1501,1168,1097,1012,1294,853,1574,799,1033,1187,869,1252,1123,746,1084,1024,981,1095,956,1313,1104,1133,882,1118,836,820,915,1094,810,782,748,832,843,648,613,732,972,721,689,743,1107,755,849,827,818,694,786,760,961,831,817,1073,971,1120,837,1128,1117,1109,1265,862,1036,1029,1319,1349,1031,1477,1072,1258,912,1047,1109,1030,1335,1202,929,889,1227,947,1373,965,1145,1099,1438,1121,1102,748,748,1312,1103,938,616,909,836,871,594,663,768,943,787,625,665,991,690,559,660,910,527,825,977,805,913,816,966
