Hello from MIC
Galois Benchmark Suite v2.2.0 (r0)
Copyright (C) 2013 The University of Texas at Austin
http://iss.ices.utexas.edu/galois/

application: GMetis
Partitions a graph into K parts and minimizing the graph cut
http://iss.ices.utexas.edu/?p=projects/galois/benchmarks/gMetis

INFO: CommandLine /work/02556/dpereira/MIC/apps/gmetis/gmetis -t=119 /work/02556/dpereira/Inputs/USA-road-d.W.gr 128
INFO: Hostname c558-001-mic0.stampede.tacc.utexas.edu
Created Graph with 6262104 nodes and 15248146 edges
Nodes 6262104| Edges 15248146 7624073

  Starting coarsening: 
Time coarsen:  2315 Size of final graph: 3070

  Sarting initial partitioning using GGGP:
Size in decade percentages:  -1,7 -0,119 1,2
Time clustering:  415

  Sarting refinnement with BKL2
Initial dist
Size in decade percentages:  -1,7 -0,119 1,2
Refined dist
Size in decade percentages:  -1,47 0,36 1,45
Time refinement:  1238


Time:  4146
Total edge cut : 8183

Part saved in : 0x7fff6a41b660
STATTYPE,LOOP,CATEGORY,n,sum,T0,T1,T2,T3,T4,T5,T6,T7,T8,T9,T10,T11,T12,T13,T14,T15,T16,T17,T18,T19,T20,T21,T22,T23,T24,T25,T26,T27,T28,T29,T30,T31,T32,T33,T34,T35,T36,T37,T38,T39,T40,T41,T42,T43,T44,T45,T46,T47,T48,T49,T50,T51,T52,T53,T54,T55,T56,T57,T58,T59,T60,T61,T62,T63,T64,T65,T66,T67,T68,T69,T70,T71,T72,T73,T74,T75,T76,T77,T78,T79,T80,T81,T82,T83,T84,T85,T86,T87,T88,T89,T90,T91,T92,T93,T94,T95,T96,T97,T98,T99,T100,T101,T102,T103,T104,T105,T106,T107,T108,T109,T110,T111,T112,T113,T114,T115,T116,T117,T118
STAT,(NULL),Coarsen,119,2315,2315,0,0,0,0,0,0,0,0,0,0,0,0,0,0,0,0,0,0,0,0,0,0,0,0,0,0,0,0,0,0,0,0,0,0,0,0,0,0,0,0,0,0,0,0,0,0,0,0,0,0,0,0,0,0,0,0,0,0,0,0,0,0,0,0,0,0,0,0,0,0,0,0,0,0,0,0,0,0,0,0,0,0,0,0,0,0,0,0,0,0,0,0,0,0,0,0,0,0,0,0,0,0,0,0,0,0,0,0,0,0,0,0,0,0,0,0,0,0
STAT,(NULL),Conflicts,119,0,0,0,0,0,0,0,0,0,0,0,0,0,0,0,0,0,0,0,0,0,0,0,0,0,0,0,0,0,0,0,0,0,0,0,0,0,0,0,0,0,0,0,0,0,0,0,0,0,0,0,0,0,0,0,0,0,0,0,0,0,0,0,0,0,0,0,0,0,0,0,0,0,0,0,0,0,0,0,0,0,0,0,0,0,0,0,0,0,0,0,0,0,0,0,0,0,0,0,0,0,0,0,0,0,0,0,0,0,0,0,0,0,0,0,0,0,0,0,0
STAT,(NULL),Iterations,119,255,10,0,4,3,3,0,0,2,0,3,7,2,3,4,0,0,2,4,0,4,1,1,2,0,2,4,0,7,1,1,7,0,0,1,5,4,3,0,2,0,1,1,5,0,0,2,0,0,0,1,0,2,4,4,6,3,6,2,5,0,7,9,0,4,0,2,0,2,0,5,0,3,2,0,1,2,1,4,4,3,1,4,0,0,3,2,0,6,9,1,2,0,1,1,0,2,6,0,0,3,4,0,0,2,0,1,0,0,4,2,2,1,0,1,4,4,1,4,1
STAT,(NULL),MeminfoPost,119,756349,6360,6361,6376,6352,6353,6352,6377,6428,6362,6346,6344,6364,6378,6366,6361,6341,6352,6373,6341,6344,6354,6367,6374,6352,6356,6352,6379,6431,6358,6344,6350,6363,6378,6365,6359,6339,6361,6372,6334,6349,6362,6351,6391,6359,6363,6360,6361,6340,6345,6357,6325,6360,6371,6341,6350,6340,6332,6346,6370,6384,6344,6343,6370,6331,6324,6359,6367,6374,6352,6341,6356,6344,6338,6328,6339,6353,6334,6365,6403,6382,6341,6362,6333,6330,6359,6372,6358,6341,6351,6341,6328,6336,6351,6355,6398,6397,6349,6339,6339,6370,6399,6381,6378,6336,6356,6355,6339,6324,6338,6376,6320,6334,6329,6352,6337,6355,6357,6356,6354
STAT,(NULL),MeminfoPre,119,189076,1593,1594,1609,1585,1586,1585,1610,1661,1595,1579,1577,1597,1611,1599,1594,1574,1585,1606,1574,1577,1587,1600,1607,1585,1589,1585,1612,1664,1591,1577,1583,1596,1611,1598,1592,1572,1594,1605,1567,1582,1595,1584,1624,1592,1596,1593,1594,1573,1578,1590,1558,1593,1604,1574,1583,1573,1565,1579,1603,1617,1577,1576,1603,1564,1557,1592,1600,1607,1585,1574,1589,1577,1571,1561,1572,1586,1567,1598,1636,1615,1574,1595,1566,1563,1592,1605,1591,1574,1584,1574,1561,1569,1584,1588,1631,1630,1582,1572,1572,1603,1632,1614,1611,1569,1589,1588,1572,1557,1571,1609,1553,1567,1562,1585,1570,1588,1590,1589,1587
STAT,(NULL),Partition,119,415,415,0,0,0,0,0,0,0,0,0,0,0,0,0,0,0,0,0,0,0,0,0,0,0,0,0,0,0,0,0,0,0,0,0,0,0,0,0,0,0,0,0,0,0,0,0,0,0,0,0,0,0,0,0,0,0,0,0,0,0,0,0,0,0,0,0,0,0,0,0,0,0,0,0,0,0,0,0,0,0,0,0,0,0,0,0,0,0,0,0,0,0,0,0,0,0,0,0,0,0,0,0,0,0,0,0,0,0,0,0,0,0,0,0,0,0,0,0,0
STAT,(NULL),Refine,119,1238,1238,0,0,0,0,0,0,0,0,0,0,0,0,0,0,0,0,0,0,0,0,0,0,0,0,0,0,0,0,0,0,0,0,0,0,0,0,0,0,0,0,0,0,0,0,0,0,0,0,0,0,0,0,0,0,0,0,0,0,0,0,0,0,0,0,0,0,0,0,0,0,0,0,0,0,0,0,0,0,0,0,0,0,0,0,0,0,0,0,0,0,0,0,0,0,0,0,0,0,0,0,0,0,0,0,0,0,0,0,0,0,0,0,0,0,0,0,0,0
STAT,(NULL),Threads,119,119,119,0,0,0,0,0,0,0,0,0,0,0,0,0,0,0,0,0,0,0,0,0,0,0,0,0,0,0,0,0,0,0,0,0,0,0,0,0,0,0,0,0,0,0,0,0,0,0,0,0,0,0,0,0,0,0,0,0,0,0,0,0,0,0,0,0,0,0,0,0,0,0,0,0,0,0,0,0,0,0,0,0,0,0,0,0,0,0,0,0,0,0,0,0,0,0,0,0,0,0,0,0,0,0,0,0,0,0,0,0,0,0,0,0,0,0,0,0,0
STAT,(NULL),Time,119,4146,4146,0,0,0,0,0,0,0,0,0,0,0,0,0,0,0,0,0,0,0,0,0,0,0,0,0,0,0,0,0,0,0,0,0,0,0,0,0,0,0,0,0,0,0,0,0,0,0,0,0,0,0,0,0,0,0,0,0,0,0,0,0,0,0,0,0,0,0,0,0,0,0,0,0,0,0,0,0,0,0,0,0,0,0,0,0,0,0,0,0,0,0,0,0,0,0,0,0,0,0,0,0,0,0,0,0,0,0,0,0,0,0,0,0,0,0,0,0,0
STAT,match,Conflicts,119,5872,74,73,73,77,62,64,73,65,69,68,80,73,65,77,70,63,71,70,59,59,63,55,51,66,62,74,53,67,54,66,54,51,40,46,43,49,51,58,54,61,49,43,57,57,46,46,57,65,45,51,50,56,46,48,62,62,59,55,54,40,31,33,36,40,47,39,31,30,38,54,43,46,51,37,46,43,44,46,49,40,32,32,36,35,34,29,40,28,40,42,41,37,34,44,40,32,35,34,40,44,37,32,37,35,41,43,45,44,41,38,42,37,34,41,40,52,40,40,49
STAT,match,Iterations,119,14976220,108383,109568,115944,118963,108390,111616,120983,108976,107864,143887,120771,120481,110951,110265,116280,123018,116573,118519,115725,125241,125522,106703,119737,116900,122733,106300,123336,107278,124729,123064,119901,109990,119662,104662,120331,114988,125857,110900,119520,115078,97818,123159,91822,115649,128774,117376,126377,97163,109990,112970,135947,119850,115259,112403,114211,107254,117730,134462,128274,123191,163306,141389,127003,134532,148734,121568,138219,138883,120666,113685,139881,151464,131639,140713,138766,135475,148792,136537,137682,137398,166651,148324,130255,126219,127591,146485,122011,157407,136577,129919,163658,140583,132141,123163,119133,135570,133842,132504,130325,129166,134403,134407,121145,135636,139563,133398,126011,129407,123606,114175,134314,145824,138688,123937,130437,131394,132882,141176,128693
STAT,popedge,Conflicts,119,0,0,0,0,0,0,0,0,0,0,0,0,0,0,0,0,0,0,0,0,0,0,0,0,0,0,0,0,0,0,0,0,0,0,0,0,0,0,0,0,0,0,0,0,0,0,0,0,0,0,0,0,0,0,0,0,0,0,0,0,0,0,0,0,0,0,0,0,0,0,0,0,0,0,0,0,0,0,0,0,0,0,0,0,0,0,0,0,0,0,0,0,0,0,0,0,0,0,0,0,0,0,0,0,0,0,0,0,0,0,0,0,0,0,0,0,0,0,0,0
STAT,popedge,Iterations,119,7337438,64172,61297,60765,62348,61774,62622,61137,59832,60194,60495,62210,61516,61900,61768,61621,64152,62276,60692,60916,62235,62050,61498,60990,60897,62989,59592,59912,60276,59081,61593,60906,60277,57872,60845,57795,60673,59582,61275,63201,62060,59311,57344,58860,60742,56766,57350,57506,62627,61635,65343,62261,60800,59791,62521,62507,62448,62272,59524,67622,60728,70239,61400,61459,61846,60273,62969,61161,62904,62896,61028,62401,61050,61557,64077,61780,61166,62442,61777,60514,59200,64268,62802,63008,65895,61976,59894,59559,61802,59480,59025,60484,60432,60120,60456,60102,60285,60849,58655,61262,61897,63326,61414,62015,63265,61438,59127,65052,65044,67451,67089,64339,62422,62033,65998,64936,61549,64519,62271,64516
STAT,refine,Conflicts,119,5031,105,126,106,103,98,86,99,88,90,89,65,65,84,73,87,69,77,84,68,60,49,56,55,53,68,61,61,69,67,51,47,31,48,46,40,54,41,36,33,44,26,41,39,40,43,43,39,42,44,37,28,44,43,45,42,40,45,37,33,47,25,19,22,14,37,26,24,26,28,19,26,23,27,31,22,34,28,26,32,35,29,21,29,27,23,23,28,24,31,33,16,19,30,25,17,27,35,26,23,25,29,20,19,18,31,18,28,23,25,19,23,23,29,26,29,28,26,25,27
STAT,refine,Iterations,119,136006,1131,1433,892,1188,1186,1252,1609,2065,1208,1232,1411,1444,1341,1130,1208,1068,1368,1400,1096,1156,1198,937,930,963,1038,1023,1472,1707,1241,796,1202,1033,1120,903,735,970,993,897,742,877,789,886,1076,1016,1064,842,1031,1019,1107,1076,905,854,1210,930,901,950,1213,1231,1371,1731,1278,1012,1533,714,1170,1281,1380,1778,1653,1159,1133,1536,1358,1356,1502,1498,1084,1284,1513,1444,1304,1408,1140,1065,1186,1304,1044,1151,1264,1227,964,1184,1207,1152,988,1054,1049,1054,1093,1027,1095,753,710,1006,955,937,1174,784,993,823,1129,864,792,1281,967,991,1252,1073,1099
