Hello from MIC
Galois Benchmark Suite v2.2.0 (r0)
Copyright (C) 2013 The University of Texas at Austin
http://iss.ices.utexas.edu/galois/

application: GMetis
Partitions a graph into K parts and minimizing the graph cut
http://iss.ices.utexas.edu/?p=projects/galois/benchmarks/gMetis

INFO: CommandLine /work/02556/dpereira/MIC/apps/gmetis/gmetis -t=100 /work/02556/dpereira/Inputs/USA-road-d.W.gr 16
INFO: Hostname c557-903-mic0.stampede.tacc.utexas.edu
Created Graph with 6262104 nodes and 15248146 edges
Nodes 6262104| Edges 15248146 7624073

  Starting coarsening: 
Time coarsen:  2459 Size of final graph: 433

  Sarting initial partitioning using GGGP:
Size in decade percentages:  -1,1 -0,15
Time clustering:  361

  Sarting refinnement with BKL2
Initial dist
Size in decade percentages:  -1,1 -0,15
Refined dist
Size in decade percentages:  -1,6 -0,3 1,7
Time refinement:  1186


Time:  4183
Total edge cut : 1937

Part saved in : 0x7fffa9a43b60
STATTYPE,LOOP,CATEGORY,n,sum,T0,T1,T2,T3,T4,T5,T6,T7,T8,T9,T10,T11,T12,T13,T14,T15,T16,T17,T18,T19,T20,T21,T22,T23,T24,T25,T26,T27,T28,T29,T30,T31,T32,T33,T34,T35,T36,T37,T38,T39,T40,T41,T42,T43,T44,T45,T46,T47,T48,T49,T50,T51,T52,T53,T54,T55,T56,T57,T58,T59,T60,T61,T62,T63,T64,T65,T66,T67,T68,T69,T70,T71,T72,T73,T74,T75,T76,T77,T78,T79,T80,T81,T82,T83,T84,T85,T86,T87,T88,T89,T90,T91,T92,T93,T94,T95,T96,T97,T98,T99
STAT,(NULL),Coarsen,100,2459,2459,0,0,0,0,0,0,0,0,0,0,0,0,0,0,0,0,0,0,0,0,0,0,0,0,0,0,0,0,0,0,0,0,0,0,0,0,0,0,0,0,0,0,0,0,0,0,0,0,0,0,0,0,0,0,0,0,0,0,0,0,0,0,0,0,0,0,0,0,0,0,0,0,0,0,0,0,0,0,0,0,0,0,0,0,0,0,0,0,0,0,0,0,0,0,0,0,0,0,0
STAT,(NULL),Conflicts,100,0,0,0,0,0,0,0,0,0,0,0,0,0,0,0,0,0,0,0,0,0,0,0,0,0,0,0,0,0,0,0,0,0,0,0,0,0,0,0,0,0,0,0,0,0,0,0,0,0,0,0,0,0,0,0,0,0,0,0,0,0,0,0,0,0,0,0,0,0,0,0,0,0,0,0,0,0,0,0,0,0,0,0,0,0,0,0,0,0,0,0,0,0,0,0,0,0,0,0,0,0
STAT,(NULL),Iterations,100,31,5,0,2,1,0,0,0,0,0,0,0,1,0,0,0,0,0,0,0,0,0,3,0,0,0,1,0,0,0,0,3,0,0,0,0,0,0,0,0,0,1,0,0,0,3,0,0,0,0,0,0,0,1,0,0,0,0,0,1,0,0,0,0,0,0,4,1,0,0,0,0,0,0,0,0,0,0,0,0,0,0,0,0,0,0,0,0,0,0,0,2,0,0,0,0,2,0,0,0,0
STAT,(NULL),MeminfoPost,100,756258,7557,7589,7568,7561,7562,7578,7643,7554,7550,7569,7589,7572,7553,7552,7585,7544,7556,7562,7579,7569,7560,7559,7607,7631,7543,7552,7571,7586,7570,7549,7560,7583,7540,7558,7575,7572,7581,7573,7560,7564,7548,7562,7531,7570,7570,7549,7542,7535,7548,7606,7566,7545,7572,7529,7542,7571,7578,7567,7547,7554,7552,7529,7540,7556,7536,7607,7610,7548,7568,7528,7549,7576,7569,7550,7552,7544,7534,7553,7555,7612,7594,7545,7542,7573,7611,7597,7559,7569,7553,7542,7528,7534,7572,7521,7545,7553,7549,7565,7565,7555
STAT,(NULL),MeminfoPre,100,189058,1885,1917,1896,1889,1890,1906,1971,1882,1878,1897,1917,1900,1881,1880,1913,1872,1884,1890,1907,1897,1888,1887,1935,1959,1871,1880,1899,1914,1898,1877,1888,1911,1868,1886,1903,1900,1909,1901,1888,1892,1876,1890,1859,1898,1898,1877,1870,1863,1876,1934,1894,1873,1900,1857,1870,1899,1906,1895,1875,1882,1880,1857,1868,1884,1864,1935,1938,1876,1896,1856,1877,1904,1897,1878,1880,1872,1862,1881,1883,1940,1922,1873,1870,1901,1939,1925,1887,1897,1881,1870,1856,1862,1900,1849,1873,1881,1877,1893,1893,1883
STAT,(NULL),Partition,100,361,361,0,0,0,0,0,0,0,0,0,0,0,0,0,0,0,0,0,0,0,0,0,0,0,0,0,0,0,0,0,0,0,0,0,0,0,0,0,0,0,0,0,0,0,0,0,0,0,0,0,0,0,0,0,0,0,0,0,0,0,0,0,0,0,0,0,0,0,0,0,0,0,0,0,0,0,0,0,0,0,0,0,0,0,0,0,0,0,0,0,0,0,0,0,0,0,0,0,0,0
STAT,(NULL),Refine,100,1186,1186,0,0,0,0,0,0,0,0,0,0,0,0,0,0,0,0,0,0,0,0,0,0,0,0,0,0,0,0,0,0,0,0,0,0,0,0,0,0,0,0,0,0,0,0,0,0,0,0,0,0,0,0,0,0,0,0,0,0,0,0,0,0,0,0,0,0,0,0,0,0,0,0,0,0,0,0,0,0,0,0,0,0,0,0,0,0,0,0,0,0,0,0,0,0,0,0,0,0,0
STAT,(NULL),Threads,100,100,100,0,0,0,0,0,0,0,0,0,0,0,0,0,0,0,0,0,0,0,0,0,0,0,0,0,0,0,0,0,0,0,0,0,0,0,0,0,0,0,0,0,0,0,0,0,0,0,0,0,0,0,0,0,0,0,0,0,0,0,0,0,0,0,0,0,0,0,0,0,0,0,0,0,0,0,0,0,0,0,0,0,0,0,0,0,0,0,0,0,0,0,0,0,0,0,0,0,0,0
STAT,(NULL),Time,100,4183,4183,0,0,0,0,0,0,0,0,0,0,0,0,0,0,0,0,0,0,0,0,0,0,0,0,0,0,0,0,0,0,0,0,0,0,0,0,0,0,0,0,0,0,0,0,0,0,0,0,0,0,0,0,0,0,0,0,0,0,0,0,0,0,0,0,0,0,0,0,0,0,0,0,0,0,0,0,0,0,0,0,0,0,0,0,0,0,0,0,0,0,0,0,0,0,0,0,0,0,0
STAT,match,Conflicts,100,6401,114,97,116,90,104,97,107,81,90,61,77,94,83,81,86,73,71,78,63,73,77,88,69,88,75,91,84,78,102,107,61,78,53,74,67,74,58,71,78,47,51,47,53,47,49,43,43,52,54,61,51,53,47,57,39,51,54,44,47,41,50,44,51,49,54,48,45,56,42,50,35,41,58,64,54,52,45,49,55,38,28,54,63,48,69,50,88,59,69,72,76,52,68,47,52,62,56,45,59,64
STAT,match,Iterations,100,14985983,119934,113894,123996,131668,122494,116641,113180,137613,129042,130747,124977,127807,134782,145875,128957,141403,144022,142947,132838,126351,137619,145338,144595,138134,136594,149519,128398,139884,139742,142211,162156,129665,159918,148269,142208,158692,145931,122858,118486,147849,166689,168403,179486,174286,144803,162498,160862,176593,155619,142981,158852,157984,166381,156464,148887,162234,148183,173086,165651,168290,171911,155064,164617,156706,145463,160277,161727,142695,176599,162439,165292,147126,156170,152684,168749,149903,183531,163356,151998,143991,161471,155414,161359,144238,159930,181272,140865,161594,154029,142706,167156,160299,150970,156536,167741,150645,165187,165155,154108,139544
STAT,popedge,Conflicts,100,0,0,0,0,0,0,0,0,0,0,0,0,0,0,0,0,0,0,0,0,0,0,0,0,0,0,0,0,0,0,0,0,0,0,0,0,0,0,0,0,0,0,0,0,0,0,0,0,0,0,0,0,0,0,0,0,0,0,0,0,0,0,0,0,0,0,0,0,0,0,0,0,0,0,0,0,0,0,0,0,0,0,0,0,0,0,0,0,0,0,0,0,0,0,0,0,0,0,0,0,0
STAT,popedge,Iterations,100,7340235,73530,71043,72928,72347,72270,72328,70492,68986,72000,68858,68680,70460,71153,70701,73432,74215,75042,71291,68097,70899,71755,70573,68838,71851,73415,75551,74587,71545,73463,75519,70464,76104,72067,71324,69574,70009,68610,67653,65404,76252,78541,79478,80289,76018,79133,78025,77209,78532,79558,78494,79400,84518,81098,83201,84586,84828,81426,77839,81178,82416,83243,69409,68625,71594,73215,68933,67975,68555,66312,71119,69836,69155,69446,68859,69616,68871,70541,71047,71519,70243,71761,68811,70272,70995,73614,73990,77144,77013,74223,77078,74687,74669,76334,75732,71604,70570,71996,75019,70510,67023
STAT,refine,Conflicts,100,4610,136,127,125,127,113,103,105,92,92,89,83,90,81,82,74,73,68,68,84,64,46,58,57,64,43,61,57,56,57,53,51,39,47,59,39,45,56,36,47,33,28,46,32,32,38,33,42,46,25,24,30,49,31,37,25,39,45,37,34,30,16,17,24,26,22,22,26,30,23,22,27,26,31,23,40,29,29,28,35,29,28,22,22,30,33,23,34,25,16,25,22,23,22,30,26,29,24,20,24,24
STAT,refine,Iterations,100,39461,487,644,510,554,571,561,506,347,328,511,543,476,349,574,535,336,371,357,581,398,310,348,318,456,211,265,458,307,239,352,411,291,304,367,322,277,308,344,366,468,382,403,355,561,492,381,370,519,446,668,359,320,354,278,386,592,525,607,489,402,340,349,360,385,296,487,565,386,327,255,448,462,474,336,513,382,368,450,443,663,403,246,271,307,470,231,287,389,283,225,346,237,261,335,320,295,261,214,286,355
