Hello from MIC
Galois Benchmark Suite v2.2.0 (r0)
Copyright (C) 2013 The University of Texas at Austin
http://iss.ices.utexas.edu/galois/

application: GMetis
Partitions a graph into K parts and minimizing the graph cut
http://iss.ices.utexas.edu/?p=projects/galois/benchmarks/gMetis

INFO: CommandLine /work/02556/dpereira/MIC/apps/gmetis/gmetis -t=84 /work/02556/dpereira/Inputs/USA-road-d.W.gr 128
INFO: Hostname c557-903-mic0.stampede.tacc.utexas.edu
Created Graph with 6262104 nodes and 15248146 edges
Nodes 6262104| Edges 15248146 7624073

  Starting coarsening: 
Time coarsen:  2274 Size of final graph: 3073

  Sarting initial partitioning using GGGP:
Size in decade percentages:  -1,10 -0,114 1,4
Time clustering:  442

  Sarting refinnement with BKL2
Initial dist
Size in decade percentages:  -1,10 -0,114 1,4
Refined dist
Size in decade percentages:  -1,49 0,31 1,48
Time refinement:  919


Time:  3811
Total edge cut : 8329

Part saved in : 0x7fff8a4111e0
STATTYPE,LOOP,CATEGORY,n,sum,T0,T1,T2,T3,T4,T5,T6,T7,T8,T9,T10,T11,T12,T13,T14,T15,T16,T17,T18,T19,T20,T21,T22,T23,T24,T25,T26,T27,T28,T29,T30,T31,T32,T33,T34,T35,T36,T37,T38,T39,T40,T41,T42,T43,T44,T45,T46,T47,T48,T49,T50,T51,T52,T53,T54,T55,T56,T57,T58,T59,T60,T61,T62,T63,T64,T65,T66,T67,T68,T69,T70,T71,T72,T73,T74,T75,T76,T77,T78,T79,T80,T81,T82,T83
STAT,(NULL),Coarsen,84,2274,2274,0,0,0,0,0,0,0,0,0,0,0,0,0,0,0,0,0,0,0,0,0,0,0,0,0,0,0,0,0,0,0,0,0,0,0,0,0,0,0,0,0,0,0,0,0,0,0,0,0,0,0,0,0,0,0,0,0,0,0,0,0,0,0,0,0,0,0,0,0,0,0,0,0,0,0,0,0,0,0,0,0,0,0
STAT,(NULL),Conflicts,84,0,0,0,0,0,0,0,0,0,0,0,0,0,0,0,0,0,0,0,0,0,0,0,0,0,0,0,0,0,0,0,0,0,0,0,0,0,0,0,0,0,0,0,0,0,0,0,0,0,0,0,0,0,0,0,0,0,0,0,0,0,0,0,0,0,0,0,0,0,0,0,0,0,0,0,0,0,0,0,0,0,0,0,0,0
STAT,(NULL),Iterations,84,255,8,3,2,1,0,3,4,0,0,1,2,7,0,0,0,0,1,0,0,3,0,0,0,6,3,8,2,2,10,3,2,2,4,8,6,1,2,2,8,6,4,1,2,4,4,4,4,7,1,7,1,7,9,17,8,5,3,1,4,3,6,0,4,1,9,4,5,0,2,3,0,0,3,0,1,3,2,1,0,0,5,0,0,0
STAT,(NULL),MeminfoPost,84,756440,9005,9029,9006,9007,9020,9087,8991,9002,9026,9018,8995,9000,9015,8987,8996,9034,9005,9003,9030,9092,8990,8996,9021,9027,8999,8994,9020,8987,9013,9006,9035,9015,9007,8999,8995,8972,9014,9004,8992,8975,8986,9042,9005,8987,9005,8961,9015,9032,9005,8987,8990,8971,8975,8999,8998,9060,9015,9006,8963,9003,9030,8987,8993,8976,8976,8989,9056,9047,8992,8980,9049,9044,9018,8996,8992,8980,8975,9004,8961,8967,9001,9005,9006,9002
STAT,(NULL),MeminfoPre,84,189104,2251,2275,2252,2253,2266,2333,2237,2248,2272,2264,2241,2246,2261,2233,2242,2280,2251,2249,2276,2338,2236,2242,2267,2273,2245,2240,2266,2233,2259,2252,2281,2261,2253,2245,2241,2218,2260,2250,2238,2221,2232,2288,2251,2233,2251,2207,2261,2278,2251,2233,2236,2217,2221,2245,2244,2306,2261,2252,2209,2249,2276,2233,2239,2222,2222,2235,2302,2293,2238,2226,2295,2290,2264,2242,2238,2226,2221,2250,2207,2213,2247,2251,2252,2248
STAT,(NULL),Partition,84,442,442,0,0,0,0,0,0,0,0,0,0,0,0,0,0,0,0,0,0,0,0,0,0,0,0,0,0,0,0,0,0,0,0,0,0,0,0,0,0,0,0,0,0,0,0,0,0,0,0,0,0,0,0,0,0,0,0,0,0,0,0,0,0,0,0,0,0,0,0,0,0,0,0,0,0,0,0,0,0,0,0,0,0,0
STAT,(NULL),Refine,84,919,919,0,0,0,0,0,0,0,0,0,0,0,0,0,0,0,0,0,0,0,0,0,0,0,0,0,0,0,0,0,0,0,0,0,0,0,0,0,0,0,0,0,0,0,0,0,0,0,0,0,0,0,0,0,0,0,0,0,0,0,0,0,0,0,0,0,0,0,0,0,0,0,0,0,0,0,0,0,0,0,0,0,0,0
STAT,(NULL),Threads,84,84,84,0,0,0,0,0,0,0,0,0,0,0,0,0,0,0,0,0,0,0,0,0,0,0,0,0,0,0,0,0,0,0,0,0,0,0,0,0,0,0,0,0,0,0,0,0,0,0,0,0,0,0,0,0,0,0,0,0,0,0,0,0,0,0,0,0,0,0,0,0,0,0,0,0,0,0,0,0,0,0,0,0,0,0
STAT,(NULL),Time,84,3811,3811,0,0,0,0,0,0,0,0,0,0,0,0,0,0,0,0,0,0,0,0,0,0,0,0,0,0,0,0,0,0,0,0,0,0,0,0,0,0,0,0,0,0,0,0,0,0,0,0,0,0,0,0,0,0,0,0,0,0,0,0,0,0,0,0,0,0,0,0,0,0,0,0,0,0,0,0,0,0,0,0,0,0,0
STAT,match,Conflicts,84,6076,154,137,127,108,96,114,115,112,116,94,113,76,89,98,116,93,104,103,89,102,119,101,89,59,58,57,63,64,60,76,59,55,51,51,63,59,44,66,54,62,62,52,64,60,49,38,49,54,47,43,58,58,55,47,53,70,69,50,55,55,62,58,71,68,44,53,72,62,51,41,70,70,56,41,60,55,69,52,80,73,75,88,76,75
STAT,match,Iterations,84,14990327,134168,147681,148284,150969,151552,139716,157724,146016,148297,164411,148560,165651,155479,179871,138611,144537,153515,172031,162834,145038,173294,152391,178446,194282,202078,189112,208861,191732,175180,179544,171408,202296,205221,194834,197061,201010,199475,196188,203366,190997,186565,183636,184814,208404,189122,223248,187181,193799,225366,187067,205364,185302,195853,185084,189037,181320,182581,191407,202409,179357,175423,165941,180159,175829,178193,162582,148219,178431,172457,189465,172874,183844,187766,192721,185998,177132,162352,181250,188725,186464,161814,189549,175880,188622
STAT,popedge,Conflicts,84,0,0,0,0,0,0,0,0,0,0,0,0,0,0,0,0,0,0,0,0,0,0,0,0,0,0,0,0,0,0,0,0,0,0,0,0,0,0,0,0,0,0,0,0,0,0,0,0,0,0,0,0,0,0,0,0,0,0,0,0,0,0,0,0,0,0,0,0,0,0,0,0,0,0,0,0,0,0,0,0,0,0,0,0,0
STAT,popedge,Iterations,84,7348050,84148,84380,82517,84083,83185,80356,82115,80950,80055,80582,88079,85069,85827,87375,87504,72681,84178,85144,85172,81438,85159,84852,82041,91915,93359,93775,94320,94020,85518,89402,84919,86864,86248,87691,93626,94839,87919,89201,90390,91987,91702,90174,94565,95953,97249,94890,97714,92003,92213,92201,96112,99608,97821,94204,96292,92062,91864,91603,93447,96148,90972,80556,78209,78913,79550,83607,77744,79562,79748,76837,83115,86615,88211,87318,87405,91574,77183,81816,87436,83882,88765,85089,88984,84251
STAT,refine,Conflicts,84,4061,143,124,125,112,101,114,86,99,77,76,80,76,72,73,64,75,56,56,55,64,52,67,54,62,59,44,54,47,46,61,50,43,41,47,30,25,34,34,36,44,33,28,41,39,31,27,41,38,40,32,31,37,31,40,33,32,49,37,38,39,48,31,32,29,27,25,31,25,29,32,29,25,22,25,25,22,33,25,31,27,33,28,25,27
STAT,refine,Iterations,84,135546,1432,1140,1343,1536,1458,2315,1482,1410,1311,1486,1255,1394,1424,1460,1017,1255,1489,1272,1517,2299,1572,1645,1560,1770,2023,1812,1935,1483,1352,1986,2035,1864,1935,1733,1865,1387,1489,1845,1651,1820,2036,1993,1468,1940,1721,1728,1818,2025,1980,1620,1767,1672,1850,2098,1821,2018,1921,1300,1350,1396,1611,1356,1358,1427,1516,1622,1953,1472,1496,1230,1503,1433,1379,1482,1223,1114,1358,1358,1140,1751,1805,1739,1746,1895
