Hello from MIC
Galois Benchmark Suite v2.2.0 (r0)
Copyright (C) 2013 The University of Texas at Austin
http://iss.ices.utexas.edu/galois/

application: GMetis
Partitions a graph into K parts and minimizing the graph cut
http://iss.ices.utexas.edu/?p=projects/galois/benchmarks/gMetis

INFO: CommandLine /work/02556/dpereira/MIC/apps/gmetis/gmetis -t=158 /work/02556/dpereira/Inputs/USA-road-d.W.gr 16
INFO: Hostname c558-002-mic0.stampede.tacc.utexas.edu
Created Graph with 6262104 nodes and 15248146 edges
Nodes 6262104| Edges 15248146 7624073

  Starting coarsening: 
Time coarsen:  3236 Size of final graph: 436

  Sarting initial partitioning using GGGP:
Size in decade percentages:  -1,1 -0,15
Time clustering:  370

  Sarting refinnement with BKL2
Initial dist
Size in decade percentages:  -1,1 -0,15
Refined dist
Size in decade percentages:  -1,6 0,4 1,6
Time refinement:  1866


Time:  5650
Total edge cut : 1825

Part saved in : 0x7fff55150460
STATTYPE,LOOP,CATEGORY,n,sum,T0,T1,T2,T3,T4,T5,T6,T7,T8,T9,T10,T11,T12,T13,T14,T15,T16,T17,T18,T19,T20,T21,T22,T23,T24,T25,T26,T27,T28,T29,T30,T31,T32,T33,T34,T35,T36,T37,T38,T39,T40,T41,T42,T43,T44,T45,T46,T47,T48,T49,T50,T51,T52,T53,T54,T55,T56,T57,T58,T59,T60,T61,T62,T63,T64,T65,T66,T67,T68,T69,T70,T71,T72,T73,T74,T75,T76,T77,T78,T79,T80,T81,T82,T83,T84,T85,T86,T87,T88,T89,T90,T91,T92,T93,T94,T95,T96,T97,T98,T99,T100,T101,T102,T103,T104,T105,T106,T107,T108,T109,T110,T111,T112,T113,T114,T115,T116,T117,T118,T119,T120,T121,T122,T123,T124,T125,T126,T127,T128,T129,T130,T131,T132,T133,T134,T135,T136,T137,T138,T139,T140,T141,T142,T143,T144,T145,T146,T147,T148,T149,T150,T151,T152,T153,T154,T155,T156,T157
STAT,(NULL),Coarsen,158,3236,3236,0,0,0,0,0,0,0,0,0,0,0,0,0,0,0,0,0,0,0,0,0,0,0,0,0,0,0,0,0,0,0,0,0,0,0,0,0,0,0,0,0,0,0,0,0,0,0,0,0,0,0,0,0,0,0,0,0,0,0,0,0,0,0,0,0,0,0,0,0,0,0,0,0,0,0,0,0,0,0,0,0,0,0,0,0,0,0,0,0,0,0,0,0,0,0,0,0,0,0,0,0,0,0,0,0,0,0,0,0,0,0,0,0,0,0,0,0,0,0,0,0,0,0,0,0,0,0,0,0,0,0,0,0,0,0,0,0,0,0,0,0,0,0,0,0,0,0,0,0,0,0,0,0,0,0,0,0
STAT,(NULL),Conflicts,158,0,0,0,0,0,0,0,0,0,0,0,0,0,0,0,0,0,0,0,0,0,0,0,0,0,0,0,0,0,0,0,0,0,0,0,0,0,0,0,0,0,0,0,0,0,0,0,0,0,0,0,0,0,0,0,0,0,0,0,0,0,0,0,0,0,0,0,0,0,0,0,0,0,0,0,0,0,0,0,0,0,0,0,0,0,0,0,0,0,0,0,0,0,0,0,0,0,0,0,0,0,0,0,0,0,0,0,0,0,0,0,0,0,0,0,0,0,0,0,0,0,0,0,0,0,0,0,0,0,0,0,0,0,0,0,0,0,0,0,0,0,0,0,0,0,0,0,0,0,0,0,0,0,0,0,0,0,0,0
STAT,(NULL),Iterations,158,31,5,0,0,2,0,0,0,0,0,0,0,1,0,0,0,0,0,0,0,0,0,0,0,0,0,0,0,0,0,0,0,0,2,0,0,1,0,0,0,0,0,0,1,0,0,0,0,0,0,0,0,0,0,0,1,0,0,0,0,0,1,1,0,0,0,0,0,0,0,0,0,0,0,0,0,0,0,0,0,0,0,0,0,0,0,2,0,0,0,0,0,0,0,0,0,0,0,3,0,0,0,0,0,0,1,0,0,0,0,0,0,1,3,0,0,0,0,0,0,0,0,0,4,2,0,0,0,0,0,0,0,0,0,0,0,0,0,0,0,0,0,0,0,0,0,0,0,0,0,0,0,0,0,0,0,0,0,0
STAT,(NULL),MeminfoPost,158,756489,4793,4789,4802,4798,4790,4789,4770,4790,4806,4817,4839,4789,4782,4779,4790,4791,4810,4791,4796,4789,4774,4781,4799,4802,4771,4774,4786,4781,4810,4792,4797,4781,4790,4791,4787,4803,4858,4808,4773,4781,4779,4799,4797,4812,4785,4796,4773,4779,4788,4811,4773,4779,4780,4790,4795,4787,4809,4802,4786,4800,4790,4781,4791,4782,4775,4795,4768,4771,4789,4801,4788,4777,4784,4775,4768,4772,4786,4788,4821,4802,4770,4777,4796,4788,4767,4760,4784,4791,4800,4798,4794,4787,4771,4790,4777,4781,4769,4771,4774,4766,4798,4771,4780,4815,4822,4811,4781,4776,4800,4770,4761,4783,4795,4801,4790,4784,4783,4778,4784,4771,4762,4774,4791,4766,4807,4820,4821,4795,4780,4778,4769,4787,4804,4825,4801,4818,4792,4773,4799,4770,4785,4781,4764,4775,4772,4803,4765,4762,4788,4756,4793,4770,4777,4789,4790,4787,4779,4793
STAT,(NULL),MeminfoPre,158,189111,1202,1198,1211,1207,1199,1198,1179,1199,1215,1226,1248,1198,1191,1188,1199,1200,1219,1200,1205,1198,1183,1190,1208,1211,1180,1183,1195,1190,1219,1201,1206,1190,1199,1200,1196,1212,1267,1217,1182,1190,1188,1208,1206,1221,1194,1205,1182,1188,1197,1220,1182,1188,1189,1199,1204,1196,1218,1211,1195,1209,1199,1190,1200,1191,1184,1204,1177,1180,1198,1210,1197,1186,1193,1184,1177,1181,1195,1197,1230,1211,1179,1186,1205,1197,1176,1169,1193,1200,1209,1207,1203,1196,1180,1199,1186,1190,1178,1180,1183,1175,1207,1180,1189,1224,1231,1220,1190,1185,1209,1179,1170,1192,1204,1210,1199,1193,1192,1187,1193,1180,1171,1183,1200,1175,1216,1229,1230,1204,1189,1187,1178,1196,1213,1234,1210,1227,1201,1182,1208,1179,1194,1190,1173,1184,1181,1212,1174,1171,1197,1165,1202,1179,1186,1198,1199,1196,1188,1202
STAT,(NULL),Partition,158,370,370,0,0,0,0,0,0,0,0,0,0,0,0,0,0,0,0,0,0,0,0,0,0,0,0,0,0,0,0,0,0,0,0,0,0,0,0,0,0,0,0,0,0,0,0,0,0,0,0,0,0,0,0,0,0,0,0,0,0,0,0,0,0,0,0,0,0,0,0,0,0,0,0,0,0,0,0,0,0,0,0,0,0,0,0,0,0,0,0,0,0,0,0,0,0,0,0,0,0,0,0,0,0,0,0,0,0,0,0,0,0,0,0,0,0,0,0,0,0,0,0,0,0,0,0,0,0,0,0,0,0,0,0,0,0,0,0,0,0,0,0,0,0,0,0,0,0,0,0,0,0,0,0,0,0,0,0,0
STAT,(NULL),Refine,158,1866,1866,0,0,0,0,0,0,0,0,0,0,0,0,0,0,0,0,0,0,0,0,0,0,0,0,0,0,0,0,0,0,0,0,0,0,0,0,0,0,0,0,0,0,0,0,0,0,0,0,0,0,0,0,0,0,0,0,0,0,0,0,0,0,0,0,0,0,0,0,0,0,0,0,0,0,0,0,0,0,0,0,0,0,0,0,0,0,0,0,0,0,0,0,0,0,0,0,0,0,0,0,0,0,0,0,0,0,0,0,0,0,0,0,0,0,0,0,0,0,0,0,0,0,0,0,0,0,0,0,0,0,0,0,0,0,0,0,0,0,0,0,0,0,0,0,0,0,0,0,0,0,0,0,0,0,0,0,0
STAT,(NULL),Threads,158,158,158,0,0,0,0,0,0,0,0,0,0,0,0,0,0,0,0,0,0,0,0,0,0,0,0,0,0,0,0,0,0,0,0,0,0,0,0,0,0,0,0,0,0,0,0,0,0,0,0,0,0,0,0,0,0,0,0,0,0,0,0,0,0,0,0,0,0,0,0,0,0,0,0,0,0,0,0,0,0,0,0,0,0,0,0,0,0,0,0,0,0,0,0,0,0,0,0,0,0,0,0,0,0,0,0,0,0,0,0,0,0,0,0,0,0,0,0,0,0,0,0,0,0,0,0,0,0,0,0,0,0,0,0,0,0,0,0,0,0,0,0,0,0,0,0,0,0,0,0,0,0,0,0,0,0,0,0,0
STAT,(NULL),Time,158,5650,5650,0,0,0,0,0,0,0,0,0,0,0,0,0,0,0,0,0,0,0,0,0,0,0,0,0,0,0,0,0,0,0,0,0,0,0,0,0,0,0,0,0,0,0,0,0,0,0,0,0,0,0,0,0,0,0,0,0,0,0,0,0,0,0,0,0,0,0,0,0,0,0,0,0,0,0,0,0,0,0,0,0,0,0,0,0,0,0,0,0,0,0,0,0,0,0,0,0,0,0,0,0,0,0,0,0,0,0,0,0,0,0,0,0,0,0,0,0,0,0,0,0,0,0,0,0,0,0,0,0,0,0,0,0,0,0,0,0,0,0,0,0,0,0,0,0,0,0,0,0,0,0,0,0,0,0,0,0
STAT,match,Conflicts,158,6376,72,63,67,61,65,62,59,51,50,50,58,54,59,50,61,59,51,55,46,51,53,62,53,53,52,53,48,43,53,56,56,40,35,48,45,45,47,48,49,44,53,48,58,54,54,50,40,56,46,57,58,39,49,54,34,42,51,40,38,37,43,34,26,34,33,37,31,31,27,26,23,30,29,36,30,39,37,26,36,32,30,37,30,35,41,31,35,30,36,38,40,33,34,28,28,45,35,34,36,33,46,33,34,29,32,37,38,32,43,37,31,32,31,35,33,33,36,42,38,34,35,36,27,33,39,30,33,29,37,29,34,35,32,36,36,30,26,34,27,44,39,27,30,34,34,34,26,40,37,32,29,29,33,27,30,31,42,40
STAT,match,Iterations,158,15039313,81592,68824,62867,69793,65968,69394,81782,89393,68056,76624,67188,74444,60410,80460,92417,73321,72061,71077,85587,78453,80555,56988,72861,78098,94867,71891,96792,82915,78957,83846,55721,86983,83585,84038,80586,87848,101398,109482,104575,82103,90752,95392,80439,94546,86810,100126,118651,76681,101334,79336,98372,87327,87500,100788,96888,111488,96181,99032,112549,108788,82225,83219,90581,103575,90551,91971,93730,108532,98101,80882,93623,83512,86490,104257,109903,112136,91291,104820,97055,107921,103473,102785,101378,111313,73366,102492,100123,99245,93514,95133,90187,99021,72254,89125,121045,77266,102772,117146,107160,121421,78820,125659,122382,138794,113195,126000,124598,144121,103642,108151,114653,130907,115862,102091,117155,117290,120227,123863,106984,128947,90206,111449,101320,100346,82056,98857,96396,99513,81132,103471,70815,103670,101448,92590,92283,102464,100650,72740,107463,84950,86494,111050,91867,100417,122847,80478,133936,77111,80219,101118,105882,124815,110544,92996,87235,115482,69966,108322
STAT,popedge,Conflicts,158,0,0,0,0,0,0,0,0,0,0,0,0,0,0,0,0,0,0,0,0,0,0,0,0,0,0,0,0,0,0,0,0,0,0,0,0,0,0,0,0,0,0,0,0,0,0,0,0,0,0,0,0,0,0,0,0,0,0,0,0,0,0,0,0,0,0,0,0,0,0,0,0,0,0,0,0,0,0,0,0,0,0,0,0,0,0,0,0,0,0,0,0,0,0,0,0,0,0,0,0,0,0,0,0,0,0,0,0,0,0,0,0,0,0,0,0,0,0,0,0,0,0,0,0,0,0,0,0,0,0,0,0,0,0,0,0,0,0,0,0,0,0,0,0,0,0,0,0,0,0,0,0,0,0,0,0,0,0,0
STAT,popedge,Iterations,158,7370458,44326,45839,44263,42525,44149,42368,44335,42841,43770,42217,43763,43661,46627,44901,44530,43043,43988,42812,44863,47656,45681,45768,46515,46385,44407,47472,43619,44915,45141,45099,44665,47081,43632,46057,44479,44089,46423,50994,52929,51396,53754,49886,53519,49471,51333,51383,51416,51550,52501,52363,55454,49522,50482,50427,49444,49449,51534,48909,49069,49450,49005,43026,41505,38291,43281,40858,43528,43239,43532,42151,41034,42791,44707,42500,42648,43230,44191,42800,42814,45718,44269,45071,44361,47211,47759,45460,45474,46008,44206,44456,46370,44147,47370,44172,45006,47953,44640,48231,52050,54007,50058,54689,52501,53792,51426,50434,50341,52913,49968,54890,52047,55481,48581,52106,53047,49018,51235,48694,49114,53305,51114,51127,41611,41498,42818,41801,43807,41928,41837,41182,43231,42312,43879,43678,47202,44509,46018,47217,44557,46258,46211,45113,48655,45457,44769,46512,45196,48743,47600,44715,44984,46414,44301,47187,45433,46489,46745,45500
STAT,refine,Conflicts,158,5279,129,121,114,113,107,109,85,96,80,83,85,85,72,72,94,70,52,64,61,54,57,58,62,61,54,53,71,59,76,67,50,31,32,28,41,32,32,43,30,37,37,44,37,44,34,28,46,35,38,27,31,41,41,38,31,28,41,37,42,35,23,12,21,25,32,30,17,19,21,17,28,17,15,10,8,22,17,24,31,17,18,10,12,14,20,18,13,7,15,24,16,29,16,11,13,6,14,19,23,16,22,33,23,16,28,22,26,31,19,23,12,32,15,30,34,16,8,28,24,24,25,19,17,11,20,17,21,21,12,16,11,15,10,24,15,14,21,17,12,19,16,20,10,20,12,12,17,11,17,20,19,28,10,13,19,18,21,18
STAT,refine,Iterations,158,38669,385,425,406,359,441,370,329,293,250,318,297,413,237,216,333,293,207,272,240,192,162,165,270,210,185,260,266,222,277,275,279,261,271,271,214,182,288,390,210,143,239,227,334,284,258,184,256,214,262,160,246,214,216,320,220,279,317,207,257,285,172,164,156,210,266,256,214,257,186,235,257,245,187,151,172,201,191,284,259,240,168,160,120,319,138,219,159,134,212,257,236,305,244,170,320,160,191,335,278,116,147,327,263,398,477,354,256,251,303,316,191,344,156,321,404,207,195,302,219,311,354,147,227,143,302,299,305,203,196,186,156,241,246,206,145,146,241,186,194,264,221,159,136,171,173,93,276,146,221,205,257,316,270,198,329,338,220,211
