Hello from MIC
Galois Benchmark Suite v2.2.0 (r0)
Copyright (C) 2013 The University of Texas at Austin
http://iss.ices.utexas.edu/galois/

application: GMetis
Partitions a graph into K parts and minimizing the graph cut
http://iss.ices.utexas.edu/?p=projects/galois/benchmarks/gMetis

INFO: CommandLine /work/02556/dpereira/MIC/apps/gmetis/gmetis -t=68 /work/02556/dpereira/Inputs/USA-road-d.W.gr 16
INFO: Hostname c557-903-mic0.stampede.tacc.utexas.edu
Created Graph with 6262104 nodes and 15248146 edges
Nodes 6262104| Edges 15248146 7624073

  Starting coarsening: 
Time coarsen:  2458 Size of final graph: 430

  Sarting initial partitioning using GGGP:
Size in decade percentages:  -1,1 -0,14 1,1
Time clustering:  359

  Sarting refinnement with BKL2
Initial dist
Size in decade percentages:  -1,1 -0,14 1,1
Refined dist
Size in decade percentages:  -1,5 -0,5 1,6
Time refinement:  877


Time:  3870
Total edge cut : 1834

Part saved in : 0x7fff4b657460
STATTYPE,LOOP,CATEGORY,n,sum,T0,T1,T2,T3,T4,T5,T6,T7,T8,T9,T10,T11,T12,T13,T14,T15,T16,T17,T18,T19,T20,T21,T22,T23,T24,T25,T26,T27,T28,T29,T30,T31,T32,T33,T34,T35,T36,T37,T38,T39,T40,T41,T42,T43,T44,T45,T46,T47,T48,T49,T50,T51,T52,T53,T54,T55,T56,T57,T58,T59,T60,T61,T62,T63,T64,T65,T66,T67
STAT,(NULL),Coarsen,68,2458,2458,0,0,0,0,0,0,0,0,0,0,0,0,0,0,0,0,0,0,0,0,0,0,0,0,0,0,0,0,0,0,0,0,0,0,0,0,0,0,0,0,0,0,0,0,0,0,0,0,0,0,0,0,0,0,0,0,0,0,0,0,0,0,0,0,0,0,0
STAT,(NULL),Conflicts,68,0,0,0,0,0,0,0,0,0,0,0,0,0,0,0,0,0,0,0,0,0,0,0,0,0,0,0,0,0,0,0,0,0,0,0,0,0,0,0,0,0,0,0,0,0,0,0,0,0,0,0,0,0,0,0,0,0,0,0,0,0,0,0,0,0,0,0,0,0
STAT,(NULL),Iterations,68,31,5,0,2,0,0,0,0,0,0,0,0,0,0,0,0,0,0,0,0,0,0,0,0,3,0,0,0,0,3,0,0,0,0,1,0,2,0,1,0,5,0,0,0,0,1,0,1,4,0,0,0,0,0,0,2,0,0,1,0,0,0,0,0,0,0,0,0,0
STAT,(NULL),MeminfoPost,68,756411,11130,11148,11110,11149,11206,11106,11128,11151,11111,11130,11115,11115,11148,11132,11115,11218,11120,11113,11154,11135,11100,11140,11105,11127,11165,11132,11124,11102,11100,11128,11118,11102,11095,11152,11117,11128,11071,11126,11155,11100,11114,11093,11079,11109,11169,11153,11121,11078,11139,11124,11105,11086,11106,11140,11181,11100,11114,11180,11163,11105,11115,11079,11120,11074,11101,11095,11127,11120
STAT,(NULL),MeminfoPre,68,189087,2787,2805,2767,2806,2863,2763,2785,2808,2768,2787,2772,2772,2805,2789,2772,2875,2777,2770,2811,2792,2757,2797,2762,2784,2822,2789,2781,2759,2757,2785,2775,2759,2752,2809,2774,2785,2728,2783,2812,2757,2771,2750,2736,2766,2826,2810,2778,2735,2796,2781,2762,2743,2763,2797,2838,2757,2771,2837,2820,2762,2772,2736,2777,2731,2758,2752,2784,2777
STAT,(NULL),Partition,68,359,359,0,0,0,0,0,0,0,0,0,0,0,0,0,0,0,0,0,0,0,0,0,0,0,0,0,0,0,0,0,0,0,0,0,0,0,0,0,0,0,0,0,0,0,0,0,0,0,0,0,0,0,0,0,0,0,0,0,0,0,0,0,0,0,0,0,0,0
STAT,(NULL),Refine,68,877,877,0,0,0,0,0,0,0,0,0,0,0,0,0,0,0,0,0,0,0,0,0,0,0,0,0,0,0,0,0,0,0,0,0,0,0,0,0,0,0,0,0,0,0,0,0,0,0,0,0,0,0,0,0,0,0,0,0,0,0,0,0,0,0,0,0,0,0
STAT,(NULL),Threads,68,68,68,0,0,0,0,0,0,0,0,0,0,0,0,0,0,0,0,0,0,0,0,0,0,0,0,0,0,0,0,0,0,0,0,0,0,0,0,0,0,0,0,0,0,0,0,0,0,0,0,0,0,0,0,0,0,0,0,0,0,0,0,0,0,0,0,0,0,0
STAT,(NULL),Time,68,3870,3870,0,0,0,0,0,0,0,0,0,0,0,0,0,0,0,0,0,0,0,0,0,0,0,0,0,0,0,0,0,0,0,0,0,0,0,0,0,0,0,0,0,0,0,0,0,0,0,0,0,0,0,0,0,0,0,0,0,0,0,0,0,0,0,0,0,0,0
STAT,match,Conflicts,68,5851,276,180,192,146,144,170,122,112,87,88,97,86,72,86,62,79,77,63,79,85,82,76,79,76,69,69,78,76,78,85,77,68,64,54,66,91,91,63,77,63,83,68,85,55,75,63,59,69,76,72,56,65,65,80,75,61,57,82,70,87,70,110,84,89,81,64,103,62
STAT,match,Iterations,68,14978022,170457,172472,189018,192466,184441,186095,189174,211597,223258,227841,222489,218163,214871,218291,231673,191543,232763,226612,213863,233201,235118,230756,227837,218752,214641,219551,223480,230449,229249,219240,233793,230713,232868,234656,248963,214569,231314,232954,223182,243134,229676,236188,229543,236477,222656,225473,233097,231351,209961,209209,229968,235187,231154,211892,221084,212890,223586,227647,239503,227484,230463,206925,212426,214761,222897,210277,205537,225203
STAT,popedge,Conflicts,68,0,0,0,0,0,0,0,0,0,0,0,0,0,0,0,0,0,0,0,0,0,0,0,0,0,0,0,0,0,0,0,0,0,0,0,0,0,0,0,0,0,0,0,0,0,0,0,0,0,0,0,0,0,0,0,0,0,0,0,0,0,0,0,0,0,0,0,0,0
STAT,popedge,Iterations,68,7337913,102655,99979,101319,98475,97822,100443,97204,105305,109370,109608,113022,115293,107933,110263,109271,101036,107266,107827,107181,110308,111044,112255,107935,99966,102324,99847,102441,106543,111763,106936,105666,108633,109739,106821,108167,117128,120261,109040,111183,112245,113266,112869,115910,114563,108318,108949,107224,114263,111849,112448,112886,111660,109150,112590,102903,107601,106573,116619,115907,119892,120137,100034,96009,107402,95951,99339,99833,102251
STAT,refine,Conflicts,68,3759,169,155,141,131,123,105,111,98,82,72,74,79,76,76,74,65,66,71,57,55,56,48,69,60,59,63,51,55,55,57,28,43,35,52,49,37,31,36,39,23,34,45,34,30,31,30,42,24,29,39,50,47,33,48,37,30,36,34,36,28,31,20,35,28,24,25,19,34
STAT,refine,Iterations,68,37896,550,616,534,530,945,527,788,555,323,335,575,567,443,399,614,825,569,583,650,402,342,465,592,420,786,480,388,590,438,376,738,438,713,605,606,453,294,375,445,694,695,574,664,716,594,674,544,320,440,834,949,595,687,566,533,332,861,437,654,288,525,295,364,439,496,596,721,935
