Hello from MIC
Galois Benchmark Suite v2.2.0 (r0)
Copyright (C) 2013 The University of Texas at Austin
http://iss.ices.utexas.edu/galois/

application: GMetis
Partitions a graph into K parts and minimizing the graph cut
http://iss.ices.utexas.edu/?p=projects/galois/benchmarks/gMetis

INFO: CommandLine /work/02556/dpereira/MIC/apps/gmetis/gmetis -t=184 /work/02556/dpereira/Inputs/USA-road-d.W.gr 1024
INFO: Hostname c558-402-mic0.stampede.tacc.utexas.edu
Created Graph with 6262104 nodes and 15248146 edges
Nodes 6262104| Edges 15248146 7624073

  Starting coarsening: 
Time coarsen:  2495 Size of final graph: 21863

  Sarting initial partitioning using GGGP:
Size in decade percentages:  -1,73 -0,873 1,78
Time clustering:  1121

  Sarting refinnement with BKL2
Initial dist
Size in decade percentages:  -1,73 -0,873 1,78
Refined dist
Size in decade percentages:  -1,371 0,262 1,390 2,1
Time refinement:  1670


Time:  5463
Total edge cut : 31867

Part saved in : 0x7fffffdd9ee0
STATTYPE,LOOP,CATEGORY,n,sum,T0,T1,T2,T3,T4,T5,T6,T7,T8,T9,T10,T11,T12,T13,T14,T15,T16,T17,T18,T19,T20,T21,T22,T23,T24,T25,T26,T27,T28,T29,T30,T31,T32,T33,T34,T35,T36,T37,T38,T39,T40,T41,T42,T43,T44,T45,T46,T47,T48,T49,T50,T51,T52,T53,T54,T55,T56,T57,T58,T59,T60,T61,T62,T63,T64,T65,T66,T67,T68,T69,T70,T71,T72,T73,T74,T75,T76,T77,T78,T79,T80,T81,T82,T83,T84,T85,T86,T87,T88,T89,T90,T91,T92,T93,T94,T95,T96,T97,T98,T99,T100,T101,T102,T103,T104,T105,T106,T107,T108,T109,T110,T111,T112,T113,T114,T115,T116,T117,T118,T119,T120,T121,T122,T123,T124,T125,T126,T127,T128,T129,T130,T131,T132,T133,T134,T135,T136,T137,T138,T139,T140,T141,T142,T143,T144,T145,T146,T147,T148,T149,T150,T151,T152,T153,T154,T155,T156,T157,T158,T159,T160,T161,T162,T163,T164,T165,T166,T167,T168,T169,T170,T171,T172,T173,T174,T175,T176,T177,T178,T179,T180,T181,T182,T183
STAT,(NULL),Coarsen,184,2495,2495,0,0,0,0,0,0,0,0,0,0,0,0,0,0,0,0,0,0,0,0,0,0,0,0,0,0,0,0,0,0,0,0,0,0,0,0,0,0,0,0,0,0,0,0,0,0,0,0,0,0,0,0,0,0,0,0,0,0,0,0,0,0,0,0,0,0,0,0,0,0,0,0,0,0,0,0,0,0,0,0,0,0,0,0,0,0,0,0,0,0,0,0,0,0,0,0,0,0,0,0,0,0,0,0,0,0,0,0,0,0,0,0,0,0,0,0,0,0,0,0,0,0,0,0,0,0,0,0,0,0,0,0,0,0,0,0,0,0,0,0,0,0,0,0,0,0,0,0,0,0,0,0,0,0,0,0,0,0,0,0,0,0,0,0,0,0,0,0,0,0,0,0,0,0,0,0,0,0,0,0,0,0,0
STAT,(NULL),Conflicts,184,0,0,0,0,0,0,0,0,0,0,0,0,0,0,0,0,0,0,0,0,0,0,0,0,0,0,0,0,0,0,0,0,0,0,0,0,0,0,0,0,0,0,0,0,0,0,0,0,0,0,0,0,0,0,0,0,0,0,0,0,0,0,0,0,0,0,0,0,0,0,0,0,0,0,0,0,0,0,0,0,0,0,0,0,0,0,0,0,0,0,0,0,0,0,0,0,0,0,0,0,0,0,0,0,0,0,0,0,0,0,0,0,0,0,0,0,0,0,0,0,0,0,0,0,0,0,0,0,0,0,0,0,0,0,0,0,0,0,0,0,0,0,0,0,0,0,0,0,0,0,0,0,0,0,0,0,0,0,0,0,0,0,0,0,0,0,0,0,0,0,0,0,0,0,0,0,0,0,0,0,0,0,0,0,0
STAT,(NULL),Iterations,184,2047,11,5,12,16,11,13,2,13,14,10,8,10,12,11,18,12,11,6,8,3,9,15,6,7,18,5,10,21,15,6,1,15,17,7,3,12,8,4,8,7,9,1,5,8,9,20,9,15,9,19,12,15,13,12,21,9,13,9,7,11,9,17,8,11,15,19,11,4,12,26,9,4,13,12,6,14,9,6,14,14,16,9,17,4,9,9,8,8,14,6,8,5,19,8,8,14,11,12,6,16,6,17,9,10,9,9,10,11,11,12,18,16,16,16,7,14,8,9,12,16,24,18,18,6,16,17,12,22,15,14,10,6,12,18,25,11,14,7,11,6,4,10,8,7,11,2,12,3,11,13,11,9,4,4,13,12,6,17,10,9,11,3,19,7,9,12,6,17,17,11,15,13,16,8,22,9,15,10,11,11,6,13,13,13
STAT,(NULL),MeminfoPost,184,756814,4116,4103,4136,4118,4126,4108,4119,4098,4120,4114,4126,4172,4142,4103,4109,4106,4106,4122,4119,4126,4118,4127,4116,4098,4104,4109,4124,4132,4101,4097,4109,4116,4108,4125,4125,4119,4111,4116,4100,4122,4122,4122,4175,4136,4102,4111,4111,4102,4125,4122,4124,4113,4124,4116,4101,4109,4112,4119,4124,4102,4102,4110,4119,4118,4105,4126,4149,4104,4113,4123,4118,4105,4121,4103,4104,4105,4121,4096,4093,4115,4121,4124,4108,4108,4103,4106,4093,4104,4107,4098,4127,4140,4123,4102,4105,4104,4133,4101,4095,4088,4106,4116,4118,4122,4128,4114,4111,4101,4114,4105,4106,4110,4092,4098,4097,4104,4110,4110,4097,4111,4137,4143,4135,4122,4100,4104,4126,4098,4092,4104,4113,4121,4121,4117,4113,4098,4112,4105,4108,4094,4096,4099,4118,4097,4114,4137,4133,4146,4120,4108,4108,4093,4104,4112,4139,4143,4122,4136,4133,4101,4106,4120,4100,4113,4110,4094,4090,4104,4106,4127,4095,4090,4093,4106,4096,4120,4098,4108,4105,4116,4113,4118,4102,4114
STAT,(NULL),MeminfoPre,184,189174,1031,1018,1051,1033,1041,1023,1034,1013,1035,1029,1041,1087,1057,1018,1024,1021,1021,1037,1034,1041,1033,1042,1031,1013,1019,1024,1039,1047,1016,1012,1024,1031,1023,1040,1040,1034,1026,1031,1015,1037,1037,1037,1090,1051,1017,1026,1026,1017,1040,1037,1039,1028,1039,1031,1016,1024,1027,1034,1039,1017,1017,1025,1034,1033,1020,1041,1064,1019,1028,1038,1033,1020,1036,1018,1019,1020,1036,1011,1008,1030,1036,1039,1023,1023,1018,1021,1008,1019,1022,1013,1042,1055,1038,1017,1020,1019,1048,1016,1010,1003,1021,1031,1033,1037,1043,1029,1026,1016,1029,1020,1021,1025,1007,1013,1012,1019,1025,1025,1012,1026,1052,1058,1050,1037,1015,1019,1041,1013,1007,1019,1028,1036,1036,1032,1028,1013,1027,1020,1023,1009,1011,1014,1033,1012,1029,1052,1048,1061,1035,1023,1023,1008,1019,1027,1054,1058,1037,1051,1048,1016,1021,1035,1015,1028,1025,1009,1005,1019,1021,1042,1010,1005,1008,1021,1011,1035,1013,1023,1020,1031,1028,1033,1017,1029
STAT,(NULL),Partition,184,1121,1121,0,0,0,0,0,0,0,0,0,0,0,0,0,0,0,0,0,0,0,0,0,0,0,0,0,0,0,0,0,0,0,0,0,0,0,0,0,0,0,0,0,0,0,0,0,0,0,0,0,0,0,0,0,0,0,0,0,0,0,0,0,0,0,0,0,0,0,0,0,0,0,0,0,0,0,0,0,0,0,0,0,0,0,0,0,0,0,0,0,0,0,0,0,0,0,0,0,0,0,0,0,0,0,0,0,0,0,0,0,0,0,0,0,0,0,0,0,0,0,0,0,0,0,0,0,0,0,0,0,0,0,0,0,0,0,0,0,0,0,0,0,0,0,0,0,0,0,0,0,0,0,0,0,0,0,0,0,0,0,0,0,0,0,0,0,0,0,0,0,0,0,0,0,0,0,0,0,0,0,0,0,0,0
STAT,(NULL),Refine,184,1670,1670,0,0,0,0,0,0,0,0,0,0,0,0,0,0,0,0,0,0,0,0,0,0,0,0,0,0,0,0,0,0,0,0,0,0,0,0,0,0,0,0,0,0,0,0,0,0,0,0,0,0,0,0,0,0,0,0,0,0,0,0,0,0,0,0,0,0,0,0,0,0,0,0,0,0,0,0,0,0,0,0,0,0,0,0,0,0,0,0,0,0,0,0,0,0,0,0,0,0,0,0,0,0,0,0,0,0,0,0,0,0,0,0,0,0,0,0,0,0,0,0,0,0,0,0,0,0,0,0,0,0,0,0,0,0,0,0,0,0,0,0,0,0,0,0,0,0,0,0,0,0,0,0,0,0,0,0,0,0,0,0,0,0,0,0,0,0,0,0,0,0,0,0,0,0,0,0,0,0,0,0,0,0,0
STAT,(NULL),Threads,184,184,184,0,0,0,0,0,0,0,0,0,0,0,0,0,0,0,0,0,0,0,0,0,0,0,0,0,0,0,0,0,0,0,0,0,0,0,0,0,0,0,0,0,0,0,0,0,0,0,0,0,0,0,0,0,0,0,0,0,0,0,0,0,0,0,0,0,0,0,0,0,0,0,0,0,0,0,0,0,0,0,0,0,0,0,0,0,0,0,0,0,0,0,0,0,0,0,0,0,0,0,0,0,0,0,0,0,0,0,0,0,0,0,0,0,0,0,0,0,0,0,0,0,0,0,0,0,0,0,0,0,0,0,0,0,0,0,0,0,0,0,0,0,0,0,0,0,0,0,0,0,0,0,0,0,0,0,0,0,0,0,0,0,0,0,0,0,0,0,0,0,0,0,0,0,0,0,0,0,0,0,0,0,0,0
STAT,(NULL),Time,184,5463,5463,0,0,0,0,0,0,0,0,0,0,0,0,0,0,0,0,0,0,0,0,0,0,0,0,0,0,0,0,0,0,0,0,0,0,0,0,0,0,0,0,0,0,0,0,0,0,0,0,0,0,0,0,0,0,0,0,0,0,0,0,0,0,0,0,0,0,0,0,0,0,0,0,0,0,0,0,0,0,0,0,0,0,0,0,0,0,0,0,0,0,0,0,0,0,0,0,0,0,0,0,0,0,0,0,0,0,0,0,0,0,0,0,0,0,0,0,0,0,0,0,0,0,0,0,0,0,0,0,0,0,0,0,0,0,0,0,0,0,0,0,0,0,0,0,0,0,0,0,0,0,0,0,0,0,0,0,0,0,0,0,0,0,0,0,0,0,0,0,0,0,0,0,0,0,0,0,0,0,0,0,0,0,0
STAT,match,Conflicts,184,5685,35,41,53,52,43,40,39,48,36,40,39,38,44,42,40,44,44,43,44,40,39,37,33,40,40,37,40,51,53,40,32,37,37,37,36,37,35,35,40,36,33,40,40,38,31,33,37,35,32,38,38,43,32,45,37,37,37,37,45,47,35,26,32,25,25,27,26,29,21,29,22,21,24,23,31,20,24,30,21,25,28,21,34,21,26,20,20,34,28,22,24,24,33,26,28,36,26,25,27,27,30,32,20,25,22,25,26,21,22,25,28,29,31,29,35,30,32,30,28,28,28,34,22,27,29,28,22,27,30,27,22,23,23,27,21,29,27,19,25,25,20,22,31,25,23,28,25,24,28,26,29,32,30,29,21,22,29,37,24,27,22,26,29,25,27,23,33,32,24,23,32,26,25,35,24,33,30,28,32,29,33,31,27,23
STAT,match,Iterations,184,14963356,57558,71502,65846,64732,68307,68838,68515,53973,63235,75508,71325,66620,57154,70610,68517,69874,62722,56684,69281,72258,65636,78503,76570,77991,49671,73941,96719,58290,55066,68466,70402,73439,75697,81131,68474,69060,69926,73618,73565,70044,56383,67433,54462,75837,69891,62709,74510,62611,71040,79251,54539,77680,65276,76911,71631,60327,69912,63414,68569,69918,73918,73802,91571,84810,100905,71723,85127,87328,101852,79370,99756,84821,91647,96081,101079,94721,73808,75985,98755,93077,97443,88719,86709,78945,71797,93488,101576,89209,101423,104566,89241,76845,88373,92799,73679,57466,83303,79963,89302,82422,68746,84314,103761,94178,82797,95416,90434,114855,76379,88234,91685,89605,85812,58974,69403,89051,91245,89421,71082,108492,91965,87010,75787,95910,108084,94438,91653,79644,101528,80375,92260,70662,78873,84324,94986,84879,81312,101446,105013,72432,86220,102866,78514,91620,90176,96618,80407,89121,91719,72380,67650,93030,77670,75557,99378,89120,109545,90448,73876,84587,112707,82397,81228,71534,97944,94666,62982,71729,81044,102825,82100,99802,102860,93442,69559,89821,90860,89251,100989,70461,91869,96731,100311,80301
STAT,popedge,Conflicts,184,0,0,0,0,0,0,0,0,0,0,0,0,0,0,0,0,0,0,0,0,0,0,0,0,0,0,0,0,0,0,0,0,0,0,0,0,0,0,0,0,0,0,0,0,0,0,0,0,0,0,0,0,0,0,0,0,0,0,0,0,0,0,0,0,0,0,0,0,0,0,0,0,0,0,0,0,0,0,0,0,0,0,0,0,0,0,0,0,0,0,0,0,0,0,0,0,0,0,0,0,0,0,0,0,0,0,0,0,0,0,0,0,0,0,0,0,0,0,0,0,0,0,0,0,0,0,0,0,0,0,0,0,0,0,0,0,0,0,0,0,0,0,0,0,0,0,0,0,0,0,0,0,0,0,0,0,0,0,0,0,0,0,0,0,0,0,0,0,0,0,0,0,0,0,0,0,0,0,0,0,0,0,0,0,0
STAT,popedge,Iterations,184,7329936,35747,40999,38195,41333,38546,36064,38245,40537,40421,40587,38263,38534,38799,39521,40972,40171,39000,39610,38887,38815,41084,38462,39769,40064,38389,39536,41685,38992,38687,40393,40166,39060,41374,39741,40410,40919,40114,40866,42081,41011,40882,39442,41510,40094,41738,39741,38647,40607,42247,39897,38665,40363,39666,39265,40853,40259,38781,41511,39269,41120,40840,33442,38836,37894,38866,38249,35284,37225,38952,36802,37091,36182,37650,37053,36760,38710,40171,39758,40892,40150,37281,37349,38252,40229,39355,37865,39623,40433,38659,40122,38874,37310,38776,39740,41677,42383,40193,42294,38681,40203,41406,40448,40257,41365,38921,40224,41081,39522,41178,40368,42030,41057,39956,42903,40621,38813,39630,40863,39927,42248,41100,40075,35297,39411,37817,42502,37303,34476,39108,41604,39949,40118,38965,36679,37732,39520,38725,41351,38338,40273,41997,41141,39052,39529,41768,40741,38792,40113,41544,39147,39996,38727,38027,39697,41389,41635,40181,40766,42053,41800,42011,39746,43513,42682,38248,42077,45962,41095,41410,39896,40313,42875,39473,42070,43754,40750,40512,39718,41604,41386,42650,41511,39945,34767
STAT,refine,Conflicts,184,5590,88,74,79,77,82,72,74,66,60,61,72,61,68,62,55,60,54,55,44,48,51,57,47,41,50,52,44,48,44,42,43,34,30,41,40,43,32,36,36,37,43,43,50,42,31,39,38,31,42,36,34,32,35,41,39,27,34,34,39,26,37,18,24,31,22,32,20,20,18,21,17,32,27,28,14,24,22,21,18,21,16,18,18,18,19,26,15,30,22,21,11,23,28,20,13,28,26,14,13,20,17,25,19,27,15,12,25,31,17,15,30,18,24,15,18,18,14,20,17,24,22,36,23,27,26,25,27,30,20,28,18,22,20,34,24,20,19,15,20,21,22,28,17,25,24,15,29,25,23,17,18,24,18,17,21,25,29,22,17,13,27,21,20,20,29,17,25,18,16,18,16,24,19,24,16,25,31,22,21,22,25,16,27,22
STAT,refine,Iterations,184,431667,2166,2386,2340,2458,2817,2427,2259,1959,2346,2233,2560,2668,2408,1946,1967,1995,1573,1798,2284,2605,2273,2614,1942,2393,1791,2288,2840,1978,1842,2008,2094,2317,2057,2925,2102,2153,1805,1946,1780,2338,1842,2689,2180,2102,1986,2003,1973,1504,1824,2434,1622,2252,1622,2519,2063,1901,2046,1655,2546,2412,2236,1893,2841,2857,2913,2371,2791,2152,2655,2408,2456,2341,3211,2400,2124,2695,2612,1531,2304,2541,2464,2412,2615,2007,2029,2467,2465,2776,2552,2167,2297,2502,2728,2136,2437,2456,2659,1986,1326,1872,2020,2789,2612,3071,2155,2147,2306,2531,1992,1947,2509,2168,2210,1550,1850,1997,2176,2797,2217,3363,3408,3155,2060,3407,2629,2963,2577,2407,2734,2613,2154,2491,2419,2841,2740,2227,2168,2157,2341,2188,2427,2788,2354,3094,2380,2454,2656,2664,2850,1820,1818,2518,2287,2364,2661,3053,3019,2867,2074,1827,2664,2223,2226,2258,2951,2140,2195,2225,1784,2687,1574,2783,2311,2679,1616,2431,2749,2341,2589,2147,3074,3132,2803,2483
