Hello from MIC
Galois Benchmark Suite v2.2.0 (r0)
Copyright (C) 2013 The University of Texas at Austin
http://iss.ices.utexas.edu/galois/

application: GMetis
Partitions a graph into K parts and minimizing the graph cut
http://iss.ices.utexas.edu/?p=projects/galois/benchmarks/gMetis

INFO: CommandLine /work/02556/dpereira/MIC/apps/gmetis/gmetis -t=136 /work/02556/dpereira/Inputs/USA-road-d.W.gr 1024
INFO: Hostname c558-401-mic0.stampede.tacc.utexas.edu
Created Graph with 6262104 nodes and 15248146 edges
Nodes 6262104| Edges 15248146 7624073

  Starting coarsening: 
Time coarsen:  2215 Size of final graph: 21755

  Sarting initial partitioning using GGGP:
Size in decade percentages:  -1,79 -0,880 1,65
Time clustering:  1006

  Sarting refinnement with BKL2
Initial dist
Size in decade percentages:  -1,79 -0,880 1,65
Refined dist
Size in decade percentages:  -1,374 -0,274 1,375 3,1
Time refinement:  1237


Time:  4638
Total edge cut : 31862

Part saved in : 0x7fffc86b5b60
STATTYPE,LOOP,CATEGORY,n,sum,T0,T1,T2,T3,T4,T5,T6,T7,T8,T9,T10,T11,T12,T13,T14,T15,T16,T17,T18,T19,T20,T21,T22,T23,T24,T25,T26,T27,T28,T29,T30,T31,T32,T33,T34,T35,T36,T37,T38,T39,T40,T41,T42,T43,T44,T45,T46,T47,T48,T49,T50,T51,T52,T53,T54,T55,T56,T57,T58,T59,T60,T61,T62,T63,T64,T65,T66,T67,T68,T69,T70,T71,T72,T73,T74,T75,T76,T77,T78,T79,T80,T81,T82,T83,T84,T85,T86,T87,T88,T89,T90,T91,T92,T93,T94,T95,T96,T97,T98,T99,T100,T101,T102,T103,T104,T105,T106,T107,T108,T109,T110,T111,T112,T113,T114,T115,T116,T117,T118,T119,T120,T121,T122,T123,T124,T125,T126,T127,T128,T129,T130,T131,T132,T133,T134,T135
STAT,(NULL),Coarsen,136,2215,2215,0,0,0,0,0,0,0,0,0,0,0,0,0,0,0,0,0,0,0,0,0,0,0,0,0,0,0,0,0,0,0,0,0,0,0,0,0,0,0,0,0,0,0,0,0,0,0,0,0,0,0,0,0,0,0,0,0,0,0,0,0,0,0,0,0,0,0,0,0,0,0,0,0,0,0,0,0,0,0,0,0,0,0,0,0,0,0,0,0,0,0,0,0,0,0,0,0,0,0,0,0,0,0,0,0,0,0,0,0,0,0,0,0,0,0,0,0,0,0,0,0,0,0,0,0,0,0,0,0,0,0,0,0,0,0
STAT,(NULL),Conflicts,136,0,0,0,0,0,0,0,0,0,0,0,0,0,0,0,0,0,0,0,0,0,0,0,0,0,0,0,0,0,0,0,0,0,0,0,0,0,0,0,0,0,0,0,0,0,0,0,0,0,0,0,0,0,0,0,0,0,0,0,0,0,0,0,0,0,0,0,0,0,0,0,0,0,0,0,0,0,0,0,0,0,0,0,0,0,0,0,0,0,0,0,0,0,0,0,0,0,0,0,0,0,0,0,0,0,0,0,0,0,0,0,0,0,0,0,0,0,0,0,0,0,0,0,0,0,0,0,0,0,0,0,0,0,0,0,0,0
STAT,(NULL),Iterations,136,2047,11,3,17,14,10,10,6,17,9,8,13,18,12,13,16,18,9,9,10,17,10,19,14,9,10,21,17,11,22,14,9,17,17,14,19,20,30,20,23,17,21,14,24,16,17,30,12,12,13,12,16,15,7,17,16,23,16,16,20,11,11,19,12,15,17,16,13,8,7,14,14,12,12,11,20,21,10,22,9,9,16,12,25,9,10,8,17,8,15,21,19,14,5,19,21,11,10,24,15,16,8,16,18,17,20,13,10,22,27,12,24,15,14,20,14,24,29,18,14,17,16,20,19,13,18,6,14,10,15,8,12,25,10,17,13,11
STAT,(NULL),MeminfoPost,136,756511,5569,5563,5576,5573,5568,5543,5567,5583,5623,5585,5552,5555,5563,5566,5589,5564,5571,5542,5559,5572,5567,5549,5556,5560,5577,5573,5569,5564,5545,5571,5580,5640,5571,5550,5553,5562,5580,5575,5574,5563,5550,5552,5590,5552,5545,5561,5571,5558,5584,5583,5558,5576,5557,5569,5553,5550,5565,5537,5556,5573,5566,5553,5555,5549,5544,5552,5556,5597,5573,5546,5550,5580,5542,5530,5558,5569,5577,5579,5557,5545,5565,5550,5553,5542,5536,5544,5569,5541,5570,5600,5599,5556,5551,5571,5538,5541,5565,5576,5569,5557,5556,5551,5547,5540,5544,5563,5546,5595,5598,5584,5553,5548,5545,5571,5599,5582,5596,5569,5545,5562,5562,5555,5532,5548,5546,5575,5534,5542,5535,5568,5541,5556,5563,5565,5560,5562
STAT,(NULL),MeminfoPre,136,189119,1397,1391,1404,1401,1396,1371,1395,1411,1451,1413,1380,1383,1391,1394,1417,1392,1399,1370,1387,1400,1395,1377,1384,1388,1405,1401,1397,1392,1373,1399,1408,1468,1399,1378,1381,1390,1408,1403,1402,1391,1378,1380,1418,1380,1373,1389,1399,1386,1412,1411,1386,1404,1385,1397,1381,1378,1393,1365,1384,1401,1394,1381,1383,1377,1372,1380,1384,1425,1401,1374,1378,1408,1370,1358,1386,1397,1405,1407,1385,1373,1393,1378,1381,1370,1364,1372,1397,1369,1398,1428,1427,1384,1379,1399,1366,1369,1393,1404,1397,1385,1384,1379,1375,1368,1372,1391,1374,1423,1426,1412,1381,1376,1373,1399,1427,1410,1424,1397,1373,1390,1390,1383,1360,1376,1374,1403,1362,1370,1363,1396,1369,1384,1391,1393,1388,1390
STAT,(NULL),Partition,136,1006,1006,0,0,0,0,0,0,0,0,0,0,0,0,0,0,0,0,0,0,0,0,0,0,0,0,0,0,0,0,0,0,0,0,0,0,0,0,0,0,0,0,0,0,0,0,0,0,0,0,0,0,0,0,0,0,0,0,0,0,0,0,0,0,0,0,0,0,0,0,0,0,0,0,0,0,0,0,0,0,0,0,0,0,0,0,0,0,0,0,0,0,0,0,0,0,0,0,0,0,0,0,0,0,0,0,0,0,0,0,0,0,0,0,0,0,0,0,0,0,0,0,0,0,0,0,0,0,0,0,0,0,0,0,0,0,0
STAT,(NULL),Refine,136,1237,1237,0,0,0,0,0,0,0,0,0,0,0,0,0,0,0,0,0,0,0,0,0,0,0,0,0,0,0,0,0,0,0,0,0,0,0,0,0,0,0,0,0,0,0,0,0,0,0,0,0,0,0,0,0,0,0,0,0,0,0,0,0,0,0,0,0,0,0,0,0,0,0,0,0,0,0,0,0,0,0,0,0,0,0,0,0,0,0,0,0,0,0,0,0,0,0,0,0,0,0,0,0,0,0,0,0,0,0,0,0,0,0,0,0,0,0,0,0,0,0,0,0,0,0,0,0,0,0,0,0,0,0,0,0,0,0
STAT,(NULL),Threads,136,136,136,0,0,0,0,0,0,0,0,0,0,0,0,0,0,0,0,0,0,0,0,0,0,0,0,0,0,0,0,0,0,0,0,0,0,0,0,0,0,0,0,0,0,0,0,0,0,0,0,0,0,0,0,0,0,0,0,0,0,0,0,0,0,0,0,0,0,0,0,0,0,0,0,0,0,0,0,0,0,0,0,0,0,0,0,0,0,0,0,0,0,0,0,0,0,0,0,0,0,0,0,0,0,0,0,0,0,0,0,0,0,0,0,0,0,0,0,0,0,0,0,0,0,0,0,0,0,0,0,0,0,0,0,0,0,0
STAT,(NULL),Time,136,4638,4638,0,0,0,0,0,0,0,0,0,0,0,0,0,0,0,0,0,0,0,0,0,0,0,0,0,0,0,0,0,0,0,0,0,0,0,0,0,0,0,0,0,0,0,0,0,0,0,0,0,0,0,0,0,0,0,0,0,0,0,0,0,0,0,0,0,0,0,0,0,0,0,0,0,0,0,0,0,0,0,0,0,0,0,0,0,0,0,0,0,0,0,0,0,0,0,0,0,0,0,0,0,0,0,0,0,0,0,0,0,0,0,0,0,0,0,0,0,0,0,0,0,0,0,0,0,0,0,0,0,0,0,0,0,0,0
STAT,match,Conflicts,136,6246,79,64,72,60,68,67,67,61,50,63,67,63,70,60,61,60,57,60,65,53,62,57,59,56,55,57,52,63,57,52,55,52,46,40,47,56,48,59,58,47,60,58,48,58,52,47,35,56,42,54,43,39,54,40,59,53,46,51,40,48,49,36,40,35,30,39,32,33,37,31,56,37,31,40,37,28,37,33,33,38,37,38,35,42,32,42,34,40,44,43,31,41,34,37,45,39,46,30,50,37,45,42,43,37,45,43,47,32,36,37,44,43,28,39,36,41,42,32,50,31,38,42,41,38,31,38,41,32,43,42,33,48,42,30,38,39
STAT,match,Iterations,136,14968515,73114,62227,84820,72706,83769,83279,79885,69243,82051,82842,75638,77719,69956,85581,82503,95024,94379,94958,103850,109749,105720,109520,95379,92293,117179,102850,105774,106114,103092,114538,104235,101567,117909,123662,118433,111740,89008,103856,97860,125732,110905,108244,112241,93274,131220,101167,138971,93680,114696,101393,120324,119273,92352,104798,87767,117303,105342,89107,123228,102938,123082,117457,85562,108424,114995,117660,116652,96030,107839,103443,92526,118295,126239,110589,121130,131228,148369,119652,136077,134270,131302,131055,118845,136792,136450,129793,120754,109637,109868,125843,126220,107245,138040,127439,115544,120174,114878,128129,106949,127114,148889,111718,125020,106135,147550,121717,114098,137810,124234,136910,108553,110625,134635,111829,132715,107513,137509,130705,124054,137167,107970,103014,105985,100101,107107,93310,108493,111719,110552,102986,108476,90529,88580,126424,114505,109811
STAT,popedge,Conflicts,136,0,0,0,0,0,0,0,0,0,0,0,0,0,0,0,0,0,0,0,0,0,0,0,0,0,0,0,0,0,0,0,0,0,0,0,0,0,0,0,0,0,0,0,0,0,0,0,0,0,0,0,0,0,0,0,0,0,0,0,0,0,0,0,0,0,0,0,0,0,0,0,0,0,0,0,0,0,0,0,0,0,0,0,0,0,0,0,0,0,0,0,0,0,0,0,0,0,0,0,0,0,0,0,0,0,0,0,0,0,0,0,0,0,0,0,0,0,0,0,0,0,0,0,0,0,0,0,0,0,0,0,0,0,0,0,0,0
STAT,popedge,Iterations,136,7334114,49926,49982,47526,49012,47813,49325,50781,49918,48968,47691,50914,49984,50331,50081,56438,53719,57190,58161,55443,57186,57446,57742,58378,59330,55489,57223,57802,55766,54590,56610,54000,55858,52198,58078,55163,56204,57383,55218,54570,55208,55854,58373,56441,56501,58768,53977,55585,52655,52213,53225,50998,50776,54691,56314,56031,54038,56881,60447,57233,57275,56207,47121,49717,45488,46003,47068,46716,47938,48629,49982,48027,48192,48071,47942,47565,54511,53805,53205,55968,54580,55355,58752,58346,56339,56625,56187,55615,60751,54221,55653,57506,53973,55704,55264,58996,57421,58470,54207,56217,53413,58804,58793,58298,57406,58614,57929,55941,55842,54428,56598,54133,54793,57043,53722,57493,58332,56905,59159,58473,57083,59728,61626,49126,50830,46881,50609,50914,48898,46489,47400,48870,47345,48981,49624,50755,47578
STAT,refine,Conflicts,136,4717,94,94,80,72,80,69,71,62,65,57,67,53,59,61,67,49,48,49,41,49,47,48,41,47,49,42,45,61,48,55,36,49,37,36,44,39,36,35,32,42,44,31,36,26,46,41,44,39,42,39,41,39,35,40,39,41,31,35,35,41,40,22,24,22,27,28,22,26,18,22,21,23,19,23,25,19,26,21,21,23,22,25,21,28,21,27,30,20,21,30,29,21,25,27,22,15,30,24,25,21,30,22,25,22,17,23,22,26,20,26,23,40,30,34,23,24,29,21,23,14,17,26,21,26,27,16,23,15,21,23,21,22,25,18,23,22
STAT,refine,Iterations,136,432246,2422,2065,2753,2296,2685,2068,2904,2601,2950,3004,2464,2561,2359,2606,3489,3649,2867,3052,2726,3122,2813,2861,2789,2455,3622,3335,3205,2557,2718,4378,2683,4252,3517,3342,3314,3705,3484,3714,2997,3941,3277,3665,3135,2755,4672,2654,4686,3332,4330,3575,3198,3019,3138,3204,2981,3159,2960,2240,2759,2919,3237,2596,2794,2632,2478,2870,2348,3283,3250,2367,2853,3588,2200,2492,2948,2904,4163,3215,3324,3165,3288,3067,2535,3318,2677,4073,3947,3222,2625,3627,5008,2686,4293,3666,3473,2344,4341,4081,3792,3141,4336,3160,3958,3097,3820,4114,3416,4814,4101,4118,3223,3450,3650,3296,4276,3740,4592,3382,2878,3016,2928,3304,2735,2611,2688,2652,2899,1840,2741,2649,2288,3009,2684,2814,3134,2939
