Hello from MIC
Galois Benchmark Suite v2.2.0 (r0)
Copyright (C) 2013 The University of Texas at Austin
http://iss.ices.utexas.edu/galois/

application: GMetis
Partitions a graph into K parts and minimizing the graph cut
http://iss.ices.utexas.edu/?p=projects/galois/benchmarks/gMetis

INFO: CommandLine /work/02556/dpereira/MIC/apps/gmetis/gmetis -t=167 /work/02556/dpereira/Inputs/USA-road-d.W.gr 16
INFO: Hostname c558-002-mic0.stampede.tacc.utexas.edu
Created Graph with 6262104 nodes and 15248146 edges
Nodes 6262104| Edges 15248146 7624073

  Starting coarsening: 
Time coarsen:  3444 Size of final graph: 445

  Sarting initial partitioning using GGGP:
Size in decade percentages:  -0,16
Time clustering:  373

  Sarting refinnement with BKL2
Initial dist
Size in decade percentages:  -0,16
Refined dist
Size in decade percentages:  -1,5 0,5 1,6
Time refinement:  2243


Time:  6238
Total edge cut : 2054

Part saved in : 0x7fff82550860
STATTYPE,LOOP,CATEGORY,n,sum,T0,T1,T2,T3,T4,T5,T6,T7,T8,T9,T10,T11,T12,T13,T14,T15,T16,T17,T18,T19,T20,T21,T22,T23,T24,T25,T26,T27,T28,T29,T30,T31,T32,T33,T34,T35,T36,T37,T38,T39,T40,T41,T42,T43,T44,T45,T46,T47,T48,T49,T50,T51,T52,T53,T54,T55,T56,T57,T58,T59,T60,T61,T62,T63,T64,T65,T66,T67,T68,T69,T70,T71,T72,T73,T74,T75,T76,T77,T78,T79,T80,T81,T82,T83,T84,T85,T86,T87,T88,T89,T90,T91,T92,T93,T94,T95,T96,T97,T98,T99,T100,T101,T102,T103,T104,T105,T106,T107,T108,T109,T110,T111,T112,T113,T114,T115,T116,T117,T118,T119,T120,T121,T122,T123,T124,T125,T126,T127,T128,T129,T130,T131,T132,T133,T134,T135,T136,T137,T138,T139,T140,T141,T142,T143,T144,T145,T146,T147,T148,T149,T150,T151,T152,T153,T154,T155,T156,T157,T158,T159,T160,T161,T162,T163,T164,T165,T166
STAT,(NULL),Coarsen,167,3444,3444,0,0,0,0,0,0,0,0,0,0,0,0,0,0,0,0,0,0,0,0,0,0,0,0,0,0,0,0,0,0,0,0,0,0,0,0,0,0,0,0,0,0,0,0,0,0,0,0,0,0,0,0,0,0,0,0,0,0,0,0,0,0,0,0,0,0,0,0,0,0,0,0,0,0,0,0,0,0,0,0,0,0,0,0,0,0,0,0,0,0,0,0,0,0,0,0,0,0,0,0,0,0,0,0,0,0,0,0,0,0,0,0,0,0,0,0,0,0,0,0,0,0,0,0,0,0,0,0,0,0,0,0,0,0,0,0,0,0,0,0,0,0,0,0,0,0,0,0,0,0,0,0,0,0,0,0,0,0,0,0,0,0,0,0,0,0
STAT,(NULL),Conflicts,167,0,0,0,0,0,0,0,0,0,0,0,0,0,0,0,0,0,0,0,0,0,0,0,0,0,0,0,0,0,0,0,0,0,0,0,0,0,0,0,0,0,0,0,0,0,0,0,0,0,0,0,0,0,0,0,0,0,0,0,0,0,0,0,0,0,0,0,0,0,0,0,0,0,0,0,0,0,0,0,0,0,0,0,0,0,0,0,0,0,0,0,0,0,0,0,0,0,0,0,0,0,0,0,0,0,0,0,0,0,0,0,0,0,0,0,0,0,0,0,0,0,0,0,0,0,0,0,0,0,0,0,0,0,0,0,0,0,0,0,0,0,0,0,0,0,0,0,0,0,0,0,0,0,0,0,0,0,0,0,0,0,0,0,0,0,0,0,0
STAT,(NULL),Iterations,167,31,5,0,0,0,0,0,0,0,0,0,0,0,0,0,0,2,0,0,0,0,0,0,1,0,0,0,0,0,0,0,0,0,0,0,0,0,0,0,0,0,0,0,0,0,0,0,0,0,3,0,0,0,1,0,1,0,0,1,0,0,0,0,0,0,0,0,0,0,1,0,2,0,0,0,0,0,0,0,0,0,0,0,0,0,0,0,1,0,0,0,0,0,0,0,0,0,0,4,0,0,0,0,0,0,0,0,0,0,0,0,0,0,0,0,3,0,0,0,4,1,0,0,0,0,0,0,0,0,0,0,0,0,0,0,0,0,0,1,0,0,0,0,0,0,0,0,0,0,0,0,0,0,0,0,0,0,0,0,0,0,0,0,0,0,0,0,0
STAT,(NULL),MeminfoPost,167,756844,4537,4527,4544,4543,4534,4534,4529,4536,4529,4547,4592,4558,4519,4529,4524,4537,4535,4550,4537,4542,4532,4520,4522,4543,4545,4520,4521,4524,4536,4529,4545,4544,4532,4536,4526,4538,4529,4546,4594,4560,4519,4529,4519,4537,4539,4547,4539,4541,4533,4519,4523,4542,4544,4523,4520,4525,4537,4537,4525,4544,4566,4522,4539,4543,4526,4540,4521,4525,4522,4537,4513,4518,4539,4540,4532,4520,4528,4525,4512,4518,4529,4519,4560,4557,4528,4517,4523,4548,4522,4509,4507,4532,4535,4542,4544,4545,4526,4518,4535,4519,4524,4525,4515,4509,4525,4509,4541,4515,4533,4558,4563,4555,4522,4522,4540,4522,4509,4521,4532,4540,4548,4527,4522,4531,4523,4525,4515,4513,4514,4536,4511,4546,4564,4561,4552,4525,4524,4514,4522,4540,4557,4559,4547,4559,4529,4519,4541,4518,4529,4526,4508,4516,4517,4537,4529,4511,4505,4526,4504,4543,4517,4528,4535,4531,4534,4522,4536
STAT,(NULL),MeminfoPre,167,189211,1138,1128,1145,1144,1135,1135,1130,1137,1130,1148,1193,1159,1120,1130,1125,1138,1136,1151,1138,1143,1133,1121,1123,1144,1146,1121,1122,1125,1137,1130,1146,1145,1133,1137,1127,1139,1130,1147,1195,1161,1120,1130,1120,1138,1140,1148,1140,1142,1134,1120,1124,1143,1145,1124,1121,1126,1138,1138,1126,1145,1167,1123,1140,1144,1127,1141,1122,1126,1123,1138,1114,1119,1140,1141,1133,1121,1129,1126,1113,1119,1130,1120,1161,1158,1129,1118,1124,1149,1123,1110,1108,1133,1136,1143,1145,1146,1127,1119,1136,1120,1125,1126,1116,1110,1126,1110,1142,1116,1134,1159,1164,1156,1123,1123,1141,1123,1110,1122,1133,1141,1149,1128,1123,1132,1124,1126,1116,1114,1115,1137,1112,1147,1165,1162,1153,1126,1125,1115,1123,1141,1158,1160,1148,1160,1130,1120,1142,1119,1130,1127,1109,1117,1118,1138,1130,1112,1106,1127,1105,1144,1118,1129,1136,1132,1135,1123,1137
STAT,(NULL),Partition,167,373,373,0,0,0,0,0,0,0,0,0,0,0,0,0,0,0,0,0,0,0,0,0,0,0,0,0,0,0,0,0,0,0,0,0,0,0,0,0,0,0,0,0,0,0,0,0,0,0,0,0,0,0,0,0,0,0,0,0,0,0,0,0,0,0,0,0,0,0,0,0,0,0,0,0,0,0,0,0,0,0,0,0,0,0,0,0,0,0,0,0,0,0,0,0,0,0,0,0,0,0,0,0,0,0,0,0,0,0,0,0,0,0,0,0,0,0,0,0,0,0,0,0,0,0,0,0,0,0,0,0,0,0,0,0,0,0,0,0,0,0,0,0,0,0,0,0,0,0,0,0,0,0,0,0,0,0,0,0,0,0,0,0,0,0,0,0,0
STAT,(NULL),Refine,167,2243,2243,0,0,0,0,0,0,0,0,0,0,0,0,0,0,0,0,0,0,0,0,0,0,0,0,0,0,0,0,0,0,0,0,0,0,0,0,0,0,0,0,0,0,0,0,0,0,0,0,0,0,0,0,0,0,0,0,0,0,0,0,0,0,0,0,0,0,0,0,0,0,0,0,0,0,0,0,0,0,0,0,0,0,0,0,0,0,0,0,0,0,0,0,0,0,0,0,0,0,0,0,0,0,0,0,0,0,0,0,0,0,0,0,0,0,0,0,0,0,0,0,0,0,0,0,0,0,0,0,0,0,0,0,0,0,0,0,0,0,0,0,0,0,0,0,0,0,0,0,0,0,0,0,0,0,0,0,0,0,0,0,0,0,0,0,0,0
STAT,(NULL),Threads,167,167,167,0,0,0,0,0,0,0,0,0,0,0,0,0,0,0,0,0,0,0,0,0,0,0,0,0,0,0,0,0,0,0,0,0,0,0,0,0,0,0,0,0,0,0,0,0,0,0,0,0,0,0,0,0,0,0,0,0,0,0,0,0,0,0,0,0,0,0,0,0,0,0,0,0,0,0,0,0,0,0,0,0,0,0,0,0,0,0,0,0,0,0,0,0,0,0,0,0,0,0,0,0,0,0,0,0,0,0,0,0,0,0,0,0,0,0,0,0,0,0,0,0,0,0,0,0,0,0,0,0,0,0,0,0,0,0,0,0,0,0,0,0,0,0,0,0,0,0,0,0,0,0,0,0,0,0,0,0,0,0,0,0,0,0,0,0,0
STAT,(NULL),Time,167,6238,6238,0,0,0,0,0,0,0,0,0,0,0,0,0,0,0,0,0,0,0,0,0,0,0,0,0,0,0,0,0,0,0,0,0,0,0,0,0,0,0,0,0,0,0,0,0,0,0,0,0,0,0,0,0,0,0,0,0,0,0,0,0,0,0,0,0,0,0,0,0,0,0,0,0,0,0,0,0,0,0,0,0,0,0,0,0,0,0,0,0,0,0,0,0,0,0,0,0,0,0,0,0,0,0,0,0,0,0,0,0,0,0,0,0,0,0,0,0,0,0,0,0,0,0,0,0,0,0,0,0,0,0,0,0,0,0,0,0,0,0,0,0,0,0,0,0,0,0,0,0,0,0,0,0,0,0,0,0,0,0,0,0,0,0,0,0,0
STAT,match,Conflicts,167,6118,56,64,47,50,55,53,56,64,52,55,64,54,55,56,53,49,46,52,55,50,50,59,51,38,46,44,48,53,44,41,67,39,38,41,41,43,44,40,34,40,37,51,46,67,45,48,47,40,43,47,53,44,36,45,42,44,34,41,37,33,44,31,27,24,29,23,27,30,30,21,27,27,30,27,32,30,26,30,33,25,27,28,27,35,27,32,28,36,28,36,26,42,36,40,24,28,37,33,38,40,28,29,31,34,27,30,33,39,33,35,27,30,33,34,38,36,30,29,38,26,23,34,25,27,26,22,26,25,30,31,32,33,29,26,32,28,30,29,32,30,25,26,28,29,29,28,25,31,29,32,38,17,27,35,27,31,36,27,30,35,41,33,31,31,35,31,33
STAT,match,Iterations,167,15040555,50116,52749,67830,80779,80215,59120,70497,74627,63621,66658,67585,77712,65052,68316,87842,81561,77334,65960,66156,72891,81655,82026,85821,81889,72136,78364,102431,78616,90369,52033,76742,85268,74839,79014,76008,70474,74868,85152,67912,67991,105196,78094,80016,57352,88938,95407,92423,106255,89056,87173,77591,81187,83788,101174,97654,87181,99753,104239,112779,90138,81201,76149,92059,98356,100994,90931,85182,95048,87825,105111,102608,108186,84500,112839,96739,94727,69181,99226,95377,97355,95456,81610,100419,81005,106246,92259,88345,86780,84689,83091,76800,82421,87663,81131,93523,107700,76772,86453,87326,89838,108273,100905,99860,86340,108119,77169,104142,79210,115199,107181,102295,115215,130360,99043,100721,99599,131369,109377,99942,98971,102684,119889,94367,88410,79670,102724,75472,113961,81216,105744,94382,81726,91034,101999,80305,96081,93742,93644,80774,99645,113628,88265,85983,101141,90423,111832,112457,101471,103356,109966,96238,102770,99931,103728,96286,91640,119727,100156,115553,82394,89789,96419,96931,95604,73393,85880,106091
STAT,popedge,Conflicts,167,0,0,0,0,0,0,0,0,0,0,0,0,0,0,0,0,0,0,0,0,0,0,0,0,0,0,0,0,0,0,0,0,0,0,0,0,0,0,0,0,0,0,0,0,0,0,0,0,0,0,0,0,0,0,0,0,0,0,0,0,0,0,0,0,0,0,0,0,0,0,0,0,0,0,0,0,0,0,0,0,0,0,0,0,0,0,0,0,0,0,0,0,0,0,0,0,0,0,0,0,0,0,0,0,0,0,0,0,0,0,0,0,0,0,0,0,0,0,0,0,0,0,0,0,0,0,0,0,0,0,0,0,0,0,0,0,0,0,0,0,0,0,0,0,0,0,0,0,0,0,0,0,0,0,0,0,0,0,0,0,0,0,0,0,0,0,0,0
STAT,popedge,Iterations,167,7371574,38908,39615,40922,41396,42107,43687,42728,43468,42131,44021,40965,41089,42577,43038,41108,41509,42471,41568,44210,43877,42471,43291,40792,43157,44096,44946,43734,44932,42144,45517,43003,42346,43434,44684,44297,44942,43367,41644,43379,44046,40801,42561,43979,43600,42352,47555,50454,50414,48028,49999,51845,50133,51099,48561,49589,45473,47322,48023,46202,47988,47479,39175,38682,38449,39413,38507,41792,40481,40633,39953,39917,40134,41073,42309,41741,40282,42806,42071,42028,42204,43840,42401,43797,41587,44299,45594,43913,46523,46927,47042,46325,43867,42788,42750,43589,44481,45527,43227,43832,43782,44728,44903,42663,44359,44462,45524,51264,54030,52969,47964,50324,51532,48562,50794,51535,53114,46282,49641,49678,48643,48310,49866,40441,41588,41414,39959,40401,41412,41429,40539,38925,42871,42983,42133,42363,40772,41116,42763,42789,41339,42466,44401,44610,44472,44716,44724,45620,44636,45828,44690,45443,44058,43751,42078,44576,43495,44697,43728,42944,45168,44657,42988,45054,42757,46623,43786,40409
STAT,refine,Conflicts,167,6004,134,115,109,116,93,100,110,99,86,96,88,100,89,88,92,74,65,64,72,66,75,67,67,69,56,61,79,63,60,55,51,40,50,41,37,44,35,50,41,30,41,64,34,25,43,33,36,41,33,49,38,31,39,44,38,35,29,38,41,33,42,30,23,22,23,23,18,26,9,20,23,15,29,16,21,26,19,22,12,20,23,13,22,15,18,17,18,34,14,18,12,20,23,20,21,20,13,17,16,26,9,19,34,13,16,22,26,26,31,16,30,25,28,29,31,25,28,21,27,17,22,35,25,20,18,21,17,23,17,23,19,20,24,20,17,29,36,24,28,25,16,20,23,16,20,20,18,17,22,24,26,18,25,23,17,21,22,20,13,28,23,19,29,27,15,15,20
STAT,refine,Iterations,167,43413,398,453,357,447,392,408,419,465,255,359,423,482,300,366,506,301,312,299,291,270,275,267,256,302,267,341,391,269,228,193,207,222,241,270,239,320,179,201,318,209,234,394,285,166,233,289,201,268,166,251,262,218,204,271,321,171,207,255,291,212,309,279,254,205,212,190,324,224,201,230,261,184,260,209,238,329,178,235,188,233,260,218,227,145,254,264,196,254,160,136,126,139,189,232,175,304,257,213,174,322,148,311,263,286,305,269,360,224,322,198,251,382,274,283,276,294,209,254,343,220,242,435,242,300,197,178,170,299,289,238,271,209,247,242,208,236,271,201,248,333,207,233,262,205,224,213,231,271,224,243,159,172,184,297,235,290,224,228,225,205,283,170,320,243,292,240,220
