Hello from MIC
Galois Benchmark Suite v2.2.0 (r0)
Copyright (C) 2013 The University of Texas at Austin
http://iss.ices.utexas.edu/galois/

application: GMetis
Partitions a graph into K parts and minimizing the graph cut
http://iss.ices.utexas.edu/?p=projects/galois/benchmarks/gMetis

INFO: CommandLine /work/02556/dpereira/MIC/apps/gmetis/gmetis -t=146 /work/02556/dpereira/Inputs/USA-road-d.W.gr 1024
INFO: Hostname c558-401-mic0.stampede.tacc.utexas.edu
Created Graph with 6262104 nodes and 15248146 edges
Nodes 6262104| Edges 15248146 7624073

  Starting coarsening: 
Time coarsen:  2308 Size of final graph: 22025

  Sarting initial partitioning using GGGP:
Size in decade percentages:  -1,77 -0,883 1,64
Time clustering:  1011

  Sarting refinnement with BKL2
Initial dist
Size in decade percentages:  -1,77 -0,883 1,64
Refined dist
Size in decade percentages:  -1,358 0,297 1,368 2,1
Time refinement:  1346


Time:  4844
Total edge cut : 31460

Part saved in : 0x7fff638ee060
STATTYPE,LOOP,CATEGORY,n,sum,T0,T1,T2,T3,T4,T5,T6,T7,T8,T9,T10,T11,T12,T13,T14,T15,T16,T17,T18,T19,T20,T21,T22,T23,T24,T25,T26,T27,T28,T29,T30,T31,T32,T33,T34,T35,T36,T37,T38,T39,T40,T41,T42,T43,T44,T45,T46,T47,T48,T49,T50,T51,T52,T53,T54,T55,T56,T57,T58,T59,T60,T61,T62,T63,T64,T65,T66,T67,T68,T69,T70,T71,T72,T73,T74,T75,T76,T77,T78,T79,T80,T81,T82,T83,T84,T85,T86,T87,T88,T89,T90,T91,T92,T93,T94,T95,T96,T97,T98,T99,T100,T101,T102,T103,T104,T105,T106,T107,T108,T109,T110,T111,T112,T113,T114,T115,T116,T117,T118,T119,T120,T121,T122,T123,T124,T125,T126,T127,T128,T129,T130,T131,T132,T133,T134,T135,T136,T137,T138,T139,T140,T141,T142,T143,T144,T145
STAT,(NULL),Coarsen,146,2308,2308,0,0,0,0,0,0,0,0,0,0,0,0,0,0,0,0,0,0,0,0,0,0,0,0,0,0,0,0,0,0,0,0,0,0,0,0,0,0,0,0,0,0,0,0,0,0,0,0,0,0,0,0,0,0,0,0,0,0,0,0,0,0,0,0,0,0,0,0,0,0,0,0,0,0,0,0,0,0,0,0,0,0,0,0,0,0,0,0,0,0,0,0,0,0,0,0,0,0,0,0,0,0,0,0,0,0,0,0,0,0,0,0,0,0,0,0,0,0,0,0,0,0,0,0,0,0,0,0,0,0,0,0,0,0,0,0,0,0,0,0,0,0,0,0,0
STAT,(NULL),Conflicts,146,0,0,0,0,0,0,0,0,0,0,0,0,0,0,0,0,0,0,0,0,0,0,0,0,0,0,0,0,0,0,0,0,0,0,0,0,0,0,0,0,0,0,0,0,0,0,0,0,0,0,0,0,0,0,0,0,0,0,0,0,0,0,0,0,0,0,0,0,0,0,0,0,0,0,0,0,0,0,0,0,0,0,0,0,0,0,0,0,0,0,0,0,0,0,0,0,0,0,0,0,0,0,0,0,0,0,0,0,0,0,0,0,0,0,0,0,0,0,0,0,0,0,0,0,0,0,0,0,0,0,0,0,0,0,0,0,0,0,0,0,0,0,0,0,0,0,0
STAT,(NULL),Iterations,146,2047,11,12,13,6,11,9,7,19,17,12,21,10,19,17,13,7,11,13,8,6,13,9,11,17,11,16,21,20,17,13,17,11,18,14,15,19,21,15,12,16,23,16,22,6,17,15,13,24,10,7,20,13,14,22,19,24,18,19,14,23,4,7,7,10,21,6,14,15,15,16,11,15,11,14,5,13,18,11,13,15,16,10,7,15,11,12,9,15,25,10,18,16,21,13,14,13,21,18,13,19,14,18,8,16,13,13,13,8,15,14,15,17,13,11,23,11,19,20,11,18,18,12,11,15,14,16,2,13,5,17,11,7,16,17,18,12,18,13,20,21,10,11,10,7,9,10
STAT,(NULL),MeminfoPost,146,756821,5189,5181,5197,5201,5173,5181,5191,5186,5207,5249,5186,5174,5174,5188,5188,5203,5193,5191,5170,5177,5190,5192,5178,5166,5183,5173,5203,5201,5187,5187,5166,5189,5205,5243,5214,5167,5178,5179,5187,5197,5199,5190,5184,5172,5174,5195,5187,5174,5174,5190,5185,5182,5223,5180,5186,5194,5177,5189,5174,5173,5191,5160,5170,5189,5198,5175,5176,5176,5160,5167,5180,5180,5218,5196,5168,5172,5202,5166,5157,5165,5189,5190,5201,5192,5180,5167,5186,5172,5178,5165,5156,5172,5187,5166,5168,5209,5221,5207,5174,5173,5191,5161,5163,5186,5193,5201,5178,5168,5179,5180,5164,5163,5164,5184,5174,5216,5217,5208,5175,5173,5161,5182,5209,5217,5199,5216,5168,5176,5184,5188,5175,5154,5169,5168,5202,5154,5153,5174,5154,5195,5169,5177,5188,5184,5179,5183
STAT,(NULL),MeminfoPre,146,189173,1301,1293,1309,1313,1285,1293,1303,1298,1319,1361,1298,1286,1286,1300,1300,1315,1305,1303,1282,1289,1302,1304,1290,1278,1295,1285,1315,1313,1299,1299,1278,1301,1317,1355,1326,1279,1290,1291,1299,1309,1311,1302,1296,1284,1286,1307,1299,1286,1286,1302,1297,1294,1335,1292,1298,1306,1289,1301,1286,1285,1303,1272,1282,1301,1310,1287,1288,1288,1272,1279,1292,1292,1330,1308,1280,1284,1314,1278,1269,1277,1301,1302,1313,1304,1292,1279,1298,1284,1290,1277,1268,1284,1299,1278,1280,1321,1333,1319,1286,1285,1303,1273,1275,1298,1305,1313,1290,1280,1291,1292,1276,1275,1276,1296,1286,1328,1329,1320,1287,1285,1273,1294,1321,1329,1311,1328,1280,1288,1296,1300,1287,1266,1281,1280,1314,1266,1265,1286,1266,1307,1281,1289,1300,1296,1291,1295
STAT,(NULL),Partition,146,1011,1011,0,0,0,0,0,0,0,0,0,0,0,0,0,0,0,0,0,0,0,0,0,0,0,0,0,0,0,0,0,0,0,0,0,0,0,0,0,0,0,0,0,0,0,0,0,0,0,0,0,0,0,0,0,0,0,0,0,0,0,0,0,0,0,0,0,0,0,0,0,0,0,0,0,0,0,0,0,0,0,0,0,0,0,0,0,0,0,0,0,0,0,0,0,0,0,0,0,0,0,0,0,0,0,0,0,0,0,0,0,0,0,0,0,0,0,0,0,0,0,0,0,0,0,0,0,0,0,0,0,0,0,0,0,0,0,0,0,0,0,0,0,0,0,0,0
STAT,(NULL),Refine,146,1346,1346,0,0,0,0,0,0,0,0,0,0,0,0,0,0,0,0,0,0,0,0,0,0,0,0,0,0,0,0,0,0,0,0,0,0,0,0,0,0,0,0,0,0,0,0,0,0,0,0,0,0,0,0,0,0,0,0,0,0,0,0,0,0,0,0,0,0,0,0,0,0,0,0,0,0,0,0,0,0,0,0,0,0,0,0,0,0,0,0,0,0,0,0,0,0,0,0,0,0,0,0,0,0,0,0,0,0,0,0,0,0,0,0,0,0,0,0,0,0,0,0,0,0,0,0,0,0,0,0,0,0,0,0,0,0,0,0,0,0,0,0,0,0,0,0,0
STAT,(NULL),Threads,146,146,146,0,0,0,0,0,0,0,0,0,0,0,0,0,0,0,0,0,0,0,0,0,0,0,0,0,0,0,0,0,0,0,0,0,0,0,0,0,0,0,0,0,0,0,0,0,0,0,0,0,0,0,0,0,0,0,0,0,0,0,0,0,0,0,0,0,0,0,0,0,0,0,0,0,0,0,0,0,0,0,0,0,0,0,0,0,0,0,0,0,0,0,0,0,0,0,0,0,0,0,0,0,0,0,0,0,0,0,0,0,0,0,0,0,0,0,0,0,0,0,0,0,0,0,0,0,0,0,0,0,0,0,0,0,0,0,0,0,0,0,0,0,0,0,0,0
STAT,(NULL),Time,146,4844,4844,0,0,0,0,0,0,0,0,0,0,0,0,0,0,0,0,0,0,0,0,0,0,0,0,0,0,0,0,0,0,0,0,0,0,0,0,0,0,0,0,0,0,0,0,0,0,0,0,0,0,0,0,0,0,0,0,0,0,0,0,0,0,0,0,0,0,0,0,0,0,0,0,0,0,0,0,0,0,0,0,0,0,0,0,0,0,0,0,0,0,0,0,0,0,0,0,0,0,0,0,0,0,0,0,0,0,0,0,0,0,0,0,0,0,0,0,0,0,0,0,0,0,0,0,0,0,0,0,0,0,0,0,0,0,0,0,0,0,0,0,0,0,0,0,0
STAT,match,Conflicts,146,5928,69,59,71,65,59,60,69,59,58,62,57,57,45,53,56,65,58,63,42,69,62,49,47,73,52,46,49,48,55,47,40,41,38,46,41,34,37,41,48,49,42,45,37,38,45,40,40,44,40,39,41,44,39,46,37,42,36,50,48,36,43,28,32,31,36,35,38,31,30,25,35,32,31,33,33,46,42,38,44,42,41,45,40,28,42,39,31,37,34,34,28,31,35,34,44,37,31,31,31,36,40,37,30,31,29,31,28,37,29,32,31,31,24,30,31,25,28,28,41,40,28,34,38,37,36,40,29,47,35,30,37,39,32,23,36,30,30,36,30,41,35,40,34,41,31,44
STAT,match,Iterations,146,14976262,72106,77494,72992,62912,66265,83799,77212,73796,66045,79957,78041,73313,82531,92623,81968,73014,90399,84845,82988,84549,79827,87143,83536,66454,105628,91712,111214,92485,89636,95804,117115,101787,96045,98531,92486,102647,107387,83960,107631,120807,96859,97943,103384,108144,96331,79741,102244,102116,111528,92282,93325,108243,100225,84725,101034,86440,104922,114687,97111,99376,116151,92681,107866,115068,101748,100631,114145,111322,113090,122087,104692,121429,107165,91146,108889,95174,120187,93605,86228,98800,87991,118257,108988,112640,95791,141733,127444,100657,116800,122869,137765,124772,104192,115241,115670,98497,128854,112437,133306,96437,117085,112373,124667,108714,127868,122901,101729,126379,151046,115970,105492,125352,131845,118339,120864,109836,117153,111120,96040,108068,118957,101234,93865,101821,104756,101587,104776,110016,95045,116329,104813,109495,107905,123512,83107,98573,104251,107716,113429,105501,98644,117089,107478,97537,100092,104104
STAT,popedge,Conflicts,146,0,0,0,0,0,0,0,0,0,0,0,0,0,0,0,0,0,0,0,0,0,0,0,0,0,0,0,0,0,0,0,0,0,0,0,0,0,0,0,0,0,0,0,0,0,0,0,0,0,0,0,0,0,0,0,0,0,0,0,0,0,0,0,0,0,0,0,0,0,0,0,0,0,0,0,0,0,0,0,0,0,0,0,0,0,0,0,0,0,0,0,0,0,0,0,0,0,0,0,0,0,0,0,0,0,0,0,0,0,0,0,0,0,0,0,0,0,0,0,0,0,0,0,0,0,0,0,0,0,0,0,0,0,0,0,0,0,0,0,0,0,0,0,0,0,0,0
STAT,popedge,Iterations,146,7340708,46211,46660,46450,47987,46938,47029,47992,47941,46719,51107,46924,47880,47671,45517,47508,48011,47623,48284,46307,49215,48400,48268,46788,49366,52560,56618,53702,56598,54165,56314,53147,54374,55230,53304,53835,53229,53770,55071,53685,50304,53906,52793,52746,52717,54974,57329,54137,52965,52927,50957,52372,52783,49867,48418,48582,50042,49615,50463,52471,51843,53424,43603,46150,42867,44749,43663,47118,46269,46227,44121,45349,45972,46361,45754,46703,47143,45032,49064,49624,46639,48659,46603,45851,47015,48120,52467,57207,58585,56686,54624,53955,55092,54019,58108,55026,54684,53183,56951,55678,54173,51778,54042,59920,54400,49645,56157,55870,50695,54410,53047,50075,53756,50965,50054,49097,52221,49868,52652,52068,50311,54728,53764,45792,46621,43928,44805,47441,46390,46159,49065,44977,47452,48224,45372,50243,50705,49591,47168,47085,48955,47388,46509,47932,47521,49896,48839
STAT,refine,Conflicts,146,4873,96,85,78,81,56,73,77,64,62,66,56,54,65,62,57,59,46,45,45,51,53,48,52,43,44,57,58,47,40,36,41,41,25,36,31,32,38,35,40,25,37,32,37,37,32,31,35,24,29,33,37,46,44,35,45,37,38,45,31,36,42,24,21,33,25,21,19,27,22,27,30,27,24,26,21,21,21,29,23,24,28,25,17,29,17,21,19,32,23,24,21,24,15,26,35,21,22,30,31,20,23,25,28,21,21,14,26,19,20,31,27,20,20,29,26,30,24,20,18,21,22,24,21,25,33,24,16,18,12,28,21,28,17,33,29,27,13,25,23,20,18,28,23,25,29,20
STAT,refine,Iterations,146,428015,2047,2763,2656,2485,1868,2693,2420,2612,2743,3371,2292,1838,2479,2665,2139,2779,2206,2496,1775,2179,2472,2725,2694,1826,2764,2793,3164,3051,2803,2227,3180,3159,3248,3680,2838,2985,3144,3017,3413,3666,2271,2399,3508,3338,2686,2691,2792,2809,2752,2639,2498,3345,3649,3032,4104,2612,3255,3220,2674,2293,3537,2265,3094,3300,3245,2397,3122,3083,2903,2604,3593,2686,3356,3045,2614,2179,3556,2617,2152,2290,3141,3151,2902,3280,2515,2895,3547,3207,3051,3421,3096,3738,3377,3627,3628,3923,4013,3636,4703,2728,3931,2651,3456,3481,3477,3483,2746,2802,3336,3192,2524,2994,3151,4245,3297,4095,3830,3166,2516,2544,2627,3211,2399,3479,3265,2918,2433,2543,2620,2874,2464,3490,2345,3081,2499,2643,1839,3048,2621,2745,2007,3142,3129,2447,2955,3135
