Hello from MIC
Galois Benchmark Suite v2.2.0 (r0)
Copyright (C) 2013 The University of Texas at Austin
http://iss.ices.utexas.edu/galois/

application: GMetis
Partitions a graph into K parts and minimizing the graph cut
http://iss.ices.utexas.edu/?p=projects/galois/benchmarks/gMetis

INFO: CommandLine /work/02556/dpereira/MIC/apps/gmetis/gmetis -t=176 /work/02556/dpereira/Inputs/USA-road-d.W.gr 1024
INFO: Hostname c558-402-mic0.stampede.tacc.utexas.edu
Created Graph with 6262104 nodes and 15248146 edges
Nodes 6262104| Edges 15248146 7624073

  Starting coarsening: 
Time coarsen:  2428 Size of final graph: 21990

  Sarting initial partitioning using GGGP:
Size in decade percentages:  -1,72 -0,883 1,69
Time clustering:  1112

  Sarting refinnement with BKL2
Initial dist
Size in decade percentages:  -1,72 -0,883 1,69
Refined dist
Size in decade percentages:  -1,365 0,290 1,368 5,1
Time refinement:  1551


Time:  5271
Total edge cut : 31705

Part saved in : 0x7fff0744d760
STATTYPE,LOOP,CATEGORY,n,sum,T0,T1,T2,T3,T4,T5,T6,T7,T8,T9,T10,T11,T12,T13,T14,T15,T16,T17,T18,T19,T20,T21,T22,T23,T24,T25,T26,T27,T28,T29,T30,T31,T32,T33,T34,T35,T36,T37,T38,T39,T40,T41,T42,T43,T44,T45,T46,T47,T48,T49,T50,T51,T52,T53,T54,T55,T56,T57,T58,T59,T60,T61,T62,T63,T64,T65,T66,T67,T68,T69,T70,T71,T72,T73,T74,T75,T76,T77,T78,T79,T80,T81,T82,T83,T84,T85,T86,T87,T88,T89,T90,T91,T92,T93,T94,T95,T96,T97,T98,T99,T100,T101,T102,T103,T104,T105,T106,T107,T108,T109,T110,T111,T112,T113,T114,T115,T116,T117,T118,T119,T120,T121,T122,T123,T124,T125,T126,T127,T128,T129,T130,T131,T132,T133,T134,T135,T136,T137,T138,T139,T140,T141,T142,T143,T144,T145,T146,T147,T148,T149,T150,T151,T152,T153,T154,T155,T156,T157,T158,T159,T160,T161,T162,T163,T164,T165,T166,T167,T168,T169,T170,T171,T172,T173,T174,T175
STAT,(NULL),Coarsen,176,2428,2428,0,0,0,0,0,0,0,0,0,0,0,0,0,0,0,0,0,0,0,0,0,0,0,0,0,0,0,0,0,0,0,0,0,0,0,0,0,0,0,0,0,0,0,0,0,0,0,0,0,0,0,0,0,0,0,0,0,0,0,0,0,0,0,0,0,0,0,0,0,0,0,0,0,0,0,0,0,0,0,0,0,0,0,0,0,0,0,0,0,0,0,0,0,0,0,0,0,0,0,0,0,0,0,0,0,0,0,0,0,0,0,0,0,0,0,0,0,0,0,0,0,0,0,0,0,0,0,0,0,0,0,0,0,0,0,0,0,0,0,0,0,0,0,0,0,0,0,0,0,0,0,0,0,0,0,0,0,0,0,0,0,0,0,0,0,0,0,0,0,0,0,0,0,0,0
STAT,(NULL),Conflicts,176,0,0,0,0,0,0,0,0,0,0,0,0,0,0,0,0,0,0,0,0,0,0,0,0,0,0,0,0,0,0,0,0,0,0,0,0,0,0,0,0,0,0,0,0,0,0,0,0,0,0,0,0,0,0,0,0,0,0,0,0,0,0,0,0,0,0,0,0,0,0,0,0,0,0,0,0,0,0,0,0,0,0,0,0,0,0,0,0,0,0,0,0,0,0,0,0,0,0,0,0,0,0,0,0,0,0,0,0,0,0,0,0,0,0,0,0,0,0,0,0,0,0,0,0,0,0,0,0,0,0,0,0,0,0,0,0,0,0,0,0,0,0,0,0,0,0,0,0,0,0,0,0,0,0,0,0,0,0,0,0,0,0,0,0,0,0,0,0,0,0,0,0,0,0,0,0,0
STAT,(NULL),Iterations,176,2047,11,9,13,5,7,7,16,3,8,8,6,17,15,2,6,13,18,9,5,10,9,7,10,15,17,17,12,11,16,13,13,12,22,15,17,20,13,17,2,26,12,4,19,16,13,9,4,7,6,4,7,10,11,6,15,14,16,22,10,26,18,22,16,15,12,11,10,12,12,4,2,0,11,14,6,6,9,13,9,7,9,9,7,9,6,17,14,11,12,11,11,9,15,20,16,11,22,9,12,13,20,20,8,15,7,9,16,9,9,10,15,17,17,10,5,25,12,19,21,12,17,22,12,15,11,7,3,8,5,4,6,11,7,15,8,8,12,13,13,14,10,6,7,7,2,8,12,12,10,8,11,11,18,9,6,21,8,6,8,16,16,29,10,12,20,16,13,6,7,15,7,15,16,17,3,7
STAT,(NULL),MeminfoPost,176,757021,4305,4294,4315,4314,4308,4297,4303,4285,4310,4318,4329,4355,4310,4287,4293,4294,4307,4314,4314,4307,4310,4306,4286,4294,4300,4310,4311,4293,4284,4308,4294,4304,4319,4309,4305,4307,4287,4305,4301,4316,4362,4328,4291,4296,4297,4294,4307,4308,4331,4299,4304,4294,4296,4293,4310,4312,4298,4286,4294,4303,4310,4298,4308,4337,4292,4302,4312,4302,4295,4308,4291,4295,4290,4308,4279,4292,4307,4312,4300,4292,4297,4295,4284,4288,4296,4286,4311,4330,4313,4288,4293,4292,4321,4287,4279,4281,4300,4304,4311,4316,4312,4293,4296,4289,4304,4293,4295,4286,4282,4284,4290,4308,4288,4282,4311,4331,4325,4325,4294,4293,4300,4302,4278,4282,4303,4308,4312,4304,4301,4287,4299,4293,4294,4282,4288,4284,4306,4282,4310,4333,4329,4326,4299,4289,4288,4287,4302,4314,4336,4316,4324,4321,4289,4293,4306,4293,4297,4297,4284,4277,4288,4277,4333,4277,4281,4303,4271,4304,4285,4292,4296,4305,4301,4307,4288,4304
STAT,(NULL),MeminfoPre,176,189245,1079,1068,1089,1088,1082,1071,1077,1059,1084,1092,1103,1129,1084,1061,1067,1068,1081,1088,1088,1081,1084,1080,1060,1068,1074,1084,1085,1067,1058,1082,1068,1078,1093,1083,1079,1081,1061,1079,1075,1090,1136,1102,1065,1070,1071,1068,1081,1082,1105,1073,1078,1068,1070,1067,1084,1086,1072,1060,1068,1077,1084,1072,1082,1111,1066,1076,1086,1076,1069,1082,1065,1069,1064,1082,1053,1066,1081,1086,1074,1066,1071,1069,1058,1062,1070,1060,1085,1104,1087,1062,1067,1066,1095,1061,1053,1055,1074,1078,1085,1090,1086,1067,1070,1063,1078,1067,1069,1060,1056,1058,1064,1082,1062,1056,1085,1105,1099,1099,1068,1067,1074,1076,1052,1056,1077,1082,1086,1078,1075,1061,1073,1067,1068,1056,1062,1058,1080,1056,1084,1107,1103,1100,1073,1063,1062,1061,1076,1088,1110,1090,1098,1095,1063,1067,1080,1067,1071,1071,1058,1051,1062,1051,1107,1051,1055,1077,1045,1078,1059,1066,1070,1079,1075,1081,1062,1078
STAT,(NULL),Partition,176,1112,1112,0,0,0,0,0,0,0,0,0,0,0,0,0,0,0,0,0,0,0,0,0,0,0,0,0,0,0,0,0,0,0,0,0,0,0,0,0,0,0,0,0,0,0,0,0,0,0,0,0,0,0,0,0,0,0,0,0,0,0,0,0,0,0,0,0,0,0,0,0,0,0,0,0,0,0,0,0,0,0,0,0,0,0,0,0,0,0,0,0,0,0,0,0,0,0,0,0,0,0,0,0,0,0,0,0,0,0,0,0,0,0,0,0,0,0,0,0,0,0,0,0,0,0,0,0,0,0,0,0,0,0,0,0,0,0,0,0,0,0,0,0,0,0,0,0,0,0,0,0,0,0,0,0,0,0,0,0,0,0,0,0,0,0,0,0,0,0,0,0,0,0,0,0,0,0
STAT,(NULL),Refine,176,1551,1551,0,0,0,0,0,0,0,0,0,0,0,0,0,0,0,0,0,0,0,0,0,0,0,0,0,0,0,0,0,0,0,0,0,0,0,0,0,0,0,0,0,0,0,0,0,0,0,0,0,0,0,0,0,0,0,0,0,0,0,0,0,0,0,0,0,0,0,0,0,0,0,0,0,0,0,0,0,0,0,0,0,0,0,0,0,0,0,0,0,0,0,0,0,0,0,0,0,0,0,0,0,0,0,0,0,0,0,0,0,0,0,0,0,0,0,0,0,0,0,0,0,0,0,0,0,0,0,0,0,0,0,0,0,0,0,0,0,0,0,0,0,0,0,0,0,0,0,0,0,0,0,0,0,0,0,0,0,0,0,0,0,0,0,0,0,0,0,0,0,0,0,0,0,0,0
STAT,(NULL),Threads,176,176,176,0,0,0,0,0,0,0,0,0,0,0,0,0,0,0,0,0,0,0,0,0,0,0,0,0,0,0,0,0,0,0,0,0,0,0,0,0,0,0,0,0,0,0,0,0,0,0,0,0,0,0,0,0,0,0,0,0,0,0,0,0,0,0,0,0,0,0,0,0,0,0,0,0,0,0,0,0,0,0,0,0,0,0,0,0,0,0,0,0,0,0,0,0,0,0,0,0,0,0,0,0,0,0,0,0,0,0,0,0,0,0,0,0,0,0,0,0,0,0,0,0,0,0,0,0,0,0,0,0,0,0,0,0,0,0,0,0,0,0,0,0,0,0,0,0,0,0,0,0,0,0,0,0,0,0,0,0,0,0,0,0,0,0,0,0,0,0,0,0,0,0,0,0,0,0
STAT,(NULL),Time,176,5271,5271,0,0,0,0,0,0,0,0,0,0,0,0,0,0,0,0,0,0,0,0,0,0,0,0,0,0,0,0,0,0,0,0,0,0,0,0,0,0,0,0,0,0,0,0,0,0,0,0,0,0,0,0,0,0,0,0,0,0,0,0,0,0,0,0,0,0,0,0,0,0,0,0,0,0,0,0,0,0,0,0,0,0,0,0,0,0,0,0,0,0,0,0,0,0,0,0,0,0,0,0,0,0,0,0,0,0,0,0,0,0,0,0,0,0,0,0,0,0,0,0,0,0,0,0,0,0,0,0,0,0,0,0,0,0,0,0,0,0,0,0,0,0,0,0,0,0,0,0,0,0,0,0,0,0,0,0,0,0,0,0,0,0,0,0,0,0,0,0,0,0,0,0,0,0,0
STAT,match,Conflicts,176,5821,60,40,42,50,43,46,53,49,56,52,40,42,39,45,46,51,37,50,44,38,38,45,37,44,30,44,43,51,40,46,48,34,35,46,43,36,46,36,42,36,40,41,45,39,40,42,40,44,31,34,34,39,37,43,34,33,41,36,35,34,42,30,29,26,28,28,31,33,29,31,24,27,26,25,28,28,24,31,29,28,20,28,28,26,24,24,29,26,35,37,33,23,26,28,31,28,29,33,26,27,33,32,28,29,26,31,29,34,31,20,26,28,24,38,21,30,25,33,25,31,30,30,32,23,30,27,30,34,27,30,25,24,26,24,23,25,31,28,25,20,21,26,25,27,27,30,30,29,26,37,32,26,30,32,26,27,34,32,38,27,31,29,25,32,31,34,28,28,32,27,29,30,31,28,31,32
STAT,match,Iterations,176,14968103,55289,83223,66374,66072,76906,66951,71530,78422,65316,65205,60569,73467,72822,76941,60425,76260,69570,66643,58142,74646,66575,71373,73689,84810,94151,78058,79205,80457,78224,68001,62546,78958,79874,83653,59608,76293,67360,73001,80476,68247,83238,74281,63631,73274,72619,76008,83185,65232,65955,84525,71850,73720,90757,72038,101597,90953,84048,94188,110226,90657,85390,102814,83722,81088,100847,91262,73068,99251,88635,87929,92542,86938,104849,81889,99630,88976,102657,76394,84353,92068,81955,99282,91110,89735,103233,82040,87679,67223,87552,93213,72763,108275,79490,76970,88235,100753,86748,89574,94040,98647,68974,94742,89660,106493,88558,89918,90797,76191,85357,77087,97227,93920,100439,87242,87175,101413,108965,100307,109686,107445,105230,111522,94072,100781,80334,82670,75348,98720,85934,82032,105057,102893,90569,105392,94805,78904,97176,95765,78561,88073,83707,98922,82521,94589,89933,70089,83719,75042,90984,99217,85164,86218,99840,88458,99852,93041,82890,90842,88040,95539,84612,77738,79515,71817,85028,87389,82808,87756,93965,101703,80416,104925,92291,80128,78754,91084
STAT,popedge,Conflicts,176,0,0,0,0,0,0,0,0,0,0,0,0,0,0,0,0,0,0,0,0,0,0,0,0,0,0,0,0,0,0,0,0,0,0,0,0,0,0,0,0,0,0,0,0,0,0,0,0,0,0,0,0,0,0,0,0,0,0,0,0,0,0,0,0,0,0,0,0,0,0,0,0,0,0,0,0,0,0,0,0,0,0,0,0,0,0,0,0,0,0,0,0,0,0,0,0,0,0,0,0,0,0,0,0,0,0,0,0,0,0,0,0,0,0,0,0,0,0,0,0,0,0,0,0,0,0,0,0,0,0,0,0,0,0,0,0,0,0,0,0,0,0,0,0,0,0,0,0,0,0,0,0,0,0,0,0,0,0,0,0,0,0,0,0,0,0,0,0,0,0,0,0,0,0,0,0,0
STAT,popedge,Iterations,176,7333793,40395,39644,39741,41456,41143,38707,38671,42476,41435,40569,42083,40589,38837,41059,42036,39880,39850,40468,40233,37761,40477,41723,40101,37296,40050,41876,40469,41515,44822,42553,42799,43256,40052,41969,43074,41231,41939,40776,42099,41503,40462,40787,44072,41426,41190,41750,40400,42988,39530,41490,42193,41377,41831,41829,46714,46469,48639,45997,49592,47207,44530,37932,40801,36371,37169,37622,38569,38980,38350,40130,37625,40366,39742,41339,39324,38967,41583,38946,39227,38216,41226,37815,39492,39553,39009,41818,41075,40439,42776,43735,42005,41937,42384,41199,41150,43498,42522,41677,39728,41161,40235,40085,42240,40621,40787,44916,40899,43385,42789,41394,41447,42073,42729,42833,41621,48192,47825,47599,47126,49969,49722,43846,44254,43031,40848,40239,39264,40686,40136,40528,40260,40900,41714,39422,40174,39920,40043,41954,39363,38546,39522,39575,40660,41383,38638,40041,41155,41339,42966,42012,43804,43893,44027,43029,43020,42894,42521,41292,41793,43413,42337,43576,42219,41829,43036,42635,42008,42446,42981,43089,45284,44308,42040,42996,46150,43723
STAT,refine,Conflicts,176,5385,75,75,71,75,64,61,71,69,59,65,60,57,59,56,61,56,54,49,51,50,42,49,45,61,43,51,45,47,44,52,37,33,35,39,36,28,40,38,33,34,43,37,33,37,27,42,36,35,29,36,37,36,27,36,29,33,35,43,29,42,42,25,25,26,19,25,19,24,25,27,29,24,28,18,17,29,33,29,24,26,20,23,21,19,35,28,31,17,32,16,25,12,14,21,18,23,20,31,21,17,20,20,19,19,18,17,28,18,24,20,22,22,17,13,27,23,23,29,26,23,28,28,19,22,23,30,21,18,23,21,26,20,17,20,21,15,27,25,22,23,19,27,28,23,20,22,22,27,17,15,17,23,24,25,17,24,15,20,25,26,20,12,28,19,24,18,16,27,24,29,19,19,29,15,17,26
STAT,refine,Iterations,176,432222,2126,2241,2488,2616,2723,2423,2361,2044,2871,1932,2842,2990,2467,2020,1719,2488,2538,2246,2120,2082,1845,1866,2091,2646,2857,2591,2247,2496,1938,1860,1717,1903,2471,1671,2002,1775,1887,2325,2295,1918,3350,2513,1762,1924,2016,2234,2294,2276,1816,2482,2079,1709,2620,2320,2979,2970,2545,2772,3014,3085,2631,2710,2833,3140,2500,3242,2331,2678,2485,2745,2109,2953,3239,2199,2169,2390,3376,2645,2628,2343,2299,2305,2223,1924,2909,2914,2635,2378,2882,2055,1669,2058,2196,2273,1742,2419,1962,2545,2786,2454,2073,2462,2318,2123,2371,1905,2421,2240,2673,2064,2785,2696,2464,2471,2627,3668,3534,3464,3386,3573,3886,3340,2701,2385,2724,2331,2823,2559,2504,2247,2903,2414,3045,3177,2548,2165,2675,2634,2534,2890,2312,2958,2505,2505,2092,2345,2836,2540,3260,2910,2204,2526,2093,2291,2792,2087,2067,2097,2003,2413,2110,1930,2780,1858,2355,1987,1595,2854,2179,2629,2160,2919,2472,2213,2304,2766
