Hello from MIC
Galois Benchmark Suite v2.2.0 (r0)
Copyright (C) 2013 The University of Texas at Austin
http://iss.ices.utexas.edu/galois/

application: GMetis
Partitions a graph into K parts and minimizing the graph cut
http://iss.ices.utexas.edu/?p=projects/galois/benchmarks/gMetis

INFO: CommandLine /work/02556/dpereira/MIC/apps/gmetis/gmetis -t=218 /work/02556/dpereira/Inputs/USA-road-d.W.gr 16
INFO: Hostname c558-003-mic0.stampede.tacc.utexas.edu
Created Graph with 6262104 nodes and 15248146 edges
Nodes 6262104| Edges 15248146 7624073

  Starting coarsening: 
Time coarsen:  4552 Size of final graph: 445

  Sarting initial partitioning using GGGP:
Size in decade percentages:  -0,16
Time clustering:  377

  Sarting refinnement with BKL2
Initial dist
Size in decade percentages:  -0,16
Refined dist
Size in decade percentages:  -1,7 -0,3 1,6
Time refinement:  3015


Time:  8123
Total edge cut : 1875

Part saved in : 0x7fff87c35b60
STATTYPE,LOOP,CATEGORY,n,sum,T0,T1,T2,T3,T4,T5,T6,T7,T8,T9,T10,T11,T12,T13,T14,T15,T16,T17,T18,T19,T20,T21,T22,T23,T24,T25,T26,T27,T28,T29,T30,T31,T32,T33,T34,T35,T36,T37,T38,T39,T40,T41,T42,T43,T44,T45,T46,T47,T48,T49,T50,T51,T52,T53,T54,T55,T56,T57,T58,T59,T60,T61,T62,T63,T64,T65,T66,T67,T68,T69,T70,T71,T72,T73,T74,T75,T76,T77,T78,T79,T80,T81,T82,T83,T84,T85,T86,T87,T88,T89,T90,T91,T92,T93,T94,T95,T96,T97,T98,T99,T100,T101,T102,T103,T104,T105,T106,T107,T108,T109,T110,T111,T112,T113,T114,T115,T116,T117,T118,T119,T120,T121,T122,T123,T124,T125,T126,T127,T128,T129,T130,T131,T132,T133,T134,T135,T136,T137,T138,T139,T140,T141,T142,T143,T144,T145,T146,T147,T148,T149,T150,T151,T152,T153,T154,T155,T156,T157,T158,T159,T160,T161,T162,T163,T164,T165,T166,T167,T168,T169,T170,T171,T172,T173,T174,T175,T176,T177,T178,T179,T180,T181,T182,T183,T184,T185,T186,T187,T188,T189,T190,T191,T192,T193,T194,T195,T196,T197,T198,T199,T200,T201,T202,T203,T204,T205,T206,T207,T208,T209,T210,T211,T212,T213,T214,T215,T216,T217
STAT,(NULL),Coarsen,218,4552,4552,0,0,0,0,0,0,0,0,0,0,0,0,0,0,0,0,0,0,0,0,0,0,0,0,0,0,0,0,0,0,0,0,0,0,0,0,0,0,0,0,0,0,0,0,0,0,0,0,0,0,0,0,0,0,0,0,0,0,0,0,0,0,0,0,0,0,0,0,0,0,0,0,0,0,0,0,0,0,0,0,0,0,0,0,0,0,0,0,0,0,0,0,0,0,0,0,0,0,0,0,0,0,0,0,0,0,0,0,0,0,0,0,0,0,0,0,0,0,0,0,0,0,0,0,0,0,0,0,0,0,0,0,0,0,0,0,0,0,0,0,0,0,0,0,0,0,0,0,0,0,0,0,0,0,0,0,0,0,0,0,0,0,0,0,0,0,0,0,0,0,0,0,0,0,0,0,0,0,0,0,0,0,0,0,0,0,0,0,0,0,0,0,0,0,0,0,0,0,0,0,0,0,0,0,0,0,0,0,0,0,0,0,0,0,0,0,0
STAT,(NULL),Conflicts,218,0,0,0,0,0,0,0,0,0,0,0,0,0,0,0,0,0,0,0,0,0,0,0,0,0,0,0,0,0,0,0,0,0,0,0,0,0,0,0,0,0,0,0,0,0,0,0,0,0,0,0,0,0,0,0,0,0,0,0,0,0,0,0,0,0,0,0,0,0,0,0,0,0,0,0,0,0,0,0,0,0,0,0,0,0,0,0,0,0,0,0,0,0,0,0,0,0,0,0,0,0,0,0,0,0,0,0,0,0,0,0,0,0,0,0,0,0,0,0,0,0,0,0,0,0,0,0,0,0,0,0,0,0,0,0,0,0,0,0,0,0,0,0,0,0,0,0,0,0,0,0,0,0,0,0,0,0,0,0,0,0,0,0,0,0,0,0,0,0,0,0,0,0,0,0,0,0,0,0,0,0,0,0,0,0,0,0,0,0,0,0,0,0,0,0,0,0,0,0,0,0,0,0,0,0,0,0,0,0,0,0,0,0,0,0,0,0,0,0
STAT,(NULL),Iterations,218,31,5,0,0,0,1,0,0,0,0,0,0,0,0,0,0,0,0,0,0,0,0,0,0,0,0,0,0,0,0,0,0,0,0,0,0,0,0,1,0,0,0,0,0,0,0,0,0,0,0,0,0,3,0,0,0,0,0,0,0,0,0,0,0,0,0,0,0,0,0,0,0,0,1,0,0,0,0,0,1,0,0,0,0,0,0,0,0,0,0,0,0,2,0,0,0,0,0,0,0,0,0,0,0,0,0,1,0,0,0,0,0,0,0,1,0,0,0,0,0,2,3,0,0,0,0,0,0,0,0,0,0,0,0,0,0,0,0,0,2,0,0,1,0,0,0,0,0,0,0,2,4,0,0,0,0,0,0,0,0,0,0,0,1,0,0,0,0,0,0,0,0,0,0,0,0,0,0,0,0,0,0,0,0,0,0,0,0,0,0,0,0,0,0,0,0,0,0,0,0,0,0,0,0,0,0,0,0,0,0,0,0,0,0,0,0,0,0,0
STAT,(NULL),MeminfoPost,218,757168,3480,3468,3475,3485,3480,3487,3468,3479,3459,3466,3479,3485,3481,3512,3510,3483,3462,3471,3468,3463,3481,3476,3481,3493,3462,3492,3480,3459,3468,3466,3475,3480,3486,3466,3463,3463,3476,3474,3464,3494,3474,3488,3469,3468,3482,3463,3485,3464,3492,3493,3522,3497,3465,3465,3465,3472,3470,3483,3475,3489,3477,3481,3476,3475,3461,3467,3471,3479,3491,3465,3466,3463,3468,3471,3485,3474,3467,3484,3506,3472,3467,3480,3482,3478,3464,3477,3474,3464,3468,3466,3483,3461,3454,3466,3474,3482,3483,3468,3463,3473,3465,3466,3457,3466,3457,3476,3462,3491,3496,3484,3470,3462,3465,3466,3496,3463,3459,3453,3457,3472,3478,3477,3482,3484,3484,3467,3474,3460,3469,3475,3463,3470,3467,3455,3461,3458,3470,3454,3487,3464,3457,3471,3487,3501,3494,3499,3469,3462,3466,3479,3472,3457,3454,3467,3475,3482,3478,3480,3472,3470,3464,3474,3465,3468,3464,3457,3459,3464,3480,3462,3454,3482,3496,3493,3498,3491,3469,3464,3471,3455,3463,3475,3481,3497,3498,3478,3496,3490,3472,3459,3468,3481,3463,3480,3464,3464,3459,3453,3467,3466,3475,3482,3452,3454,3457,3465,3461,3470,3471,3461,3470,3468,3477,3474,3474,3476,3468,3468
STAT,(NULL),MeminfoPre,218,189278,875,863,870,880,875,882,863,874,854,861,874,880,876,907,905,878,857,866,863,858,876,871,876,888,857,887,875,854,863,861,870,875,881,861,858,858,871,869,859,889,869,883,864,863,877,858,880,859,887,888,917,892,860,860,860,867,865,878,870,884,872,876,871,870,856,862,866,874,886,860,861,858,863,866,880,869,862,879,901,867,862,875,877,873,859,872,869,859,863,861,878,856,849,861,869,877,878,863,858,868,860,861,852,861,852,871,857,886,891,879,865,857,860,861,891,858,854,848,852,867,873,872,877,879,879,862,869,855,864,870,858,865,862,850,856,853,865,849,882,859,852,866,882,896,889,894,864,857,861,874,867,852,849,862,870,877,873,875,867,865,859,869,860,863,859,852,854,859,875,857,849,877,891,888,893,886,864,859,866,850,858,870,876,892,893,873,891,885,867,854,863,876,858,875,859,859,854,848,862,861,870,877,847,849,852,860,856,865,866,856,865,863,872,869,869,871,863,863
STAT,(NULL),Partition,218,377,377,0,0,0,0,0,0,0,0,0,0,0,0,0,0,0,0,0,0,0,0,0,0,0,0,0,0,0,0,0,0,0,0,0,0,0,0,0,0,0,0,0,0,0,0,0,0,0,0,0,0,0,0,0,0,0,0,0,0,0,0,0,0,0,0,0,0,0,0,0,0,0,0,0,0,0,0,0,0,0,0,0,0,0,0,0,0,0,0,0,0,0,0,0,0,0,0,0,0,0,0,0,0,0,0,0,0,0,0,0,0,0,0,0,0,0,0,0,0,0,0,0,0,0,0,0,0,0,0,0,0,0,0,0,0,0,0,0,0,0,0,0,0,0,0,0,0,0,0,0,0,0,0,0,0,0,0,0,0,0,0,0,0,0,0,0,0,0,0,0,0,0,0,0,0,0,0,0,0,0,0,0,0,0,0,0,0,0,0,0,0,0,0,0,0,0,0,0,0,0,0,0,0,0,0,0,0,0,0,0,0,0,0,0,0,0,0,0
STAT,(NULL),Refine,218,3015,3015,0,0,0,0,0,0,0,0,0,0,0,0,0,0,0,0,0,0,0,0,0,0,0,0,0,0,0,0,0,0,0,0,0,0,0,0,0,0,0,0,0,0,0,0,0,0,0,0,0,0,0,0,0,0,0,0,0,0,0,0,0,0,0,0,0,0,0,0,0,0,0,0,0,0,0,0,0,0,0,0,0,0,0,0,0,0,0,0,0,0,0,0,0,0,0,0,0,0,0,0,0,0,0,0,0,0,0,0,0,0,0,0,0,0,0,0,0,0,0,0,0,0,0,0,0,0,0,0,0,0,0,0,0,0,0,0,0,0,0,0,0,0,0,0,0,0,0,0,0,0,0,0,0,0,0,0,0,0,0,0,0,0,0,0,0,0,0,0,0,0,0,0,0,0,0,0,0,0,0,0,0,0,0,0,0,0,0,0,0,0,0,0,0,0,0,0,0,0,0,0,0,0,0,0,0,0,0,0,0,0,0,0,0,0,0,0,0
STAT,(NULL),Threads,218,218,218,0,0,0,0,0,0,0,0,0,0,0,0,0,0,0,0,0,0,0,0,0,0,0,0,0,0,0,0,0,0,0,0,0,0,0,0,0,0,0,0,0,0,0,0,0,0,0,0,0,0,0,0,0,0,0,0,0,0,0,0,0,0,0,0,0,0,0,0,0,0,0,0,0,0,0,0,0,0,0,0,0,0,0,0,0,0,0,0,0,0,0,0,0,0,0,0,0,0,0,0,0,0,0,0,0,0,0,0,0,0,0,0,0,0,0,0,0,0,0,0,0,0,0,0,0,0,0,0,0,0,0,0,0,0,0,0,0,0,0,0,0,0,0,0,0,0,0,0,0,0,0,0,0,0,0,0,0,0,0,0,0,0,0,0,0,0,0,0,0,0,0,0,0,0,0,0,0,0,0,0,0,0,0,0,0,0,0,0,0,0,0,0,0,0,0,0,0,0,0,0,0,0,0,0,0,0,0,0,0,0,0,0,0,0,0,0,0
STAT,(NULL),Time,218,8123,8123,0,0,0,0,0,0,0,0,0,0,0,0,0,0,0,0,0,0,0,0,0,0,0,0,0,0,0,0,0,0,0,0,0,0,0,0,0,0,0,0,0,0,0,0,0,0,0,0,0,0,0,0,0,0,0,0,0,0,0,0,0,0,0,0,0,0,0,0,0,0,0,0,0,0,0,0,0,0,0,0,0,0,0,0,0,0,0,0,0,0,0,0,0,0,0,0,0,0,0,0,0,0,0,0,0,0,0,0,0,0,0,0,0,0,0,0,0,0,0,0,0,0,0,0,0,0,0,0,0,0,0,0,0,0,0,0,0,0,0,0,0,0,0,0,0,0,0,0,0,0,0,0,0,0,0,0,0,0,0,0,0,0,0,0,0,0,0,0,0,0,0,0,0,0,0,0,0,0,0,0,0,0,0,0,0,0,0,0,0,0,0,0,0,0,0,0,0,0,0,0,0,0,0,0,0,0,0,0,0,0,0,0,0,0,0,0,0
STAT,match,Conflicts,218,6519,42,41,51,38,44,43,49,42,42,42,57,53,39,42,57,50,35,35,39,38,45,39,37,30,52,42,44,39,34,42,40,38,40,32,38,32,40,32,32,29,34,37,39,36,26,27,48,32,34,44,30,37,40,45,34,34,37,32,39,32,29,25,24,23,24,20,30,29,21,20,28,27,21,22,25,21,25,22,29,28,29,31,28,28,26,23,27,23,29,28,24,32,27,27,26,23,28,24,30,29,25,25,31,29,21,28,26,37,31,29,26,37,37,32,27,27,29,27,23,26,32,29,25,23,25,30,27,22,25,21,29,23,25,27,23,29,33,25,18,23,28,23,27,23,26,22,31,24,28,24,29,23,23,28,20,31,23,24,34,25,25,21,25,31,26,30,24,26,34,30,28,28,30,28,31,28,27,28,29,28,23,28,25,24,26,26,25,30,24,21,25,27,25,21,26,27,20,24,27,24,26,25,23,30,22,30,26,33,21,24,27,23,25,32,28,22,24,32
STAT,match,Iterations,218,15067236,43982,58871,42185,65062,55214,54390,46968,52457,51168,59063,55417,51229,56658,56760,36136,58057,63536,61759,58113,57518,64129,47201,51384,75697,57800,46782,47326,47553,69594,52516,64544,58177,51707,61774,48295,58606,61088,66285,60504,75434,77551,77750,74172,60808,62508,85658,58556,68125,74412,54936,77124,72066,70336,58135,57811,54377,73942,60442,45669,88173,56778,80745,72304,78243,68265,78312,60462,55976,75570,85218,71684,73349,74435,69905,57693,81952,82604,82807,48646,68382,62545,70157,60956,60207,58703,88056,78457,89540,62993,79579,65917,77666,97420,63729,88795,73719,81616,88698,59590,70640,73195,77669,61853,76324,81923,52719,83667,66505,61786,78310,51058,89052,67786,80937,65548,71903,99631,86909,55744,78190,62553,65592,68587,69698,77491,75375,69608,66211,78809,55190,70039,73266,76787,71970,68677,70657,63503,67265,73300,70830,77488,63788,62754,73071,68871,68081,60853,69416,73718,74925,52585,86266,91757,69111,67821,56530,77735,79459,69770,72743,73100,73357,62683,72425,106436,69997,88078,85540,90980,75934,74714,90645,92187,86731,57603,66845,79322,77154,66180,63947,91965,88872,65639,62770,73808,62089,67583,84684,61121,74150,67512,61867,78092,64446,73406,58737,96711,88402,76960,64552,83887,95011,69707,69775,81906,72906,67179,61098,64106,69401,61385,61529,72684,49087,70105,84174,66180,71230
STAT,popedge,Conflicts,218,0,0,0,0,0,0,0,0,0,0,0,0,0,0,0,0,0,0,0,0,0,0,0,0,0,0,0,0,0,0,0,0,0,0,0,0,0,0,0,0,0,0,0,0,0,0,0,0,0,0,0,0,0,0,0,0,0,0,0,0,0,0,0,0,0,0,0,0,0,0,0,0,0,0,0,0,0,0,0,0,0,0,0,0,0,0,0,0,0,0,0,0,0,0,0,0,0,0,0,0,0,0,0,0,0,0,0,0,0,0,0,0,0,0,0,0,0,0,0,0,0,0,0,0,0,0,0,0,0,0,0,0,0,0,0,0,0,0,0,0,0,0,0,0,0,0,0,0,0,0,0,0,0,0,0,0,0,0,0,0,0,0,0,0,0,0,0,0,0,0,0,0,0,0,0,0,0,0,0,0,0,0,0,0,0,0,0,0,0,0,0,0,0,0,0,0,0,0,0,0,0,0,0,0,0,0,0,0,0,0,0,0,0,0,0,0,0,0,0
STAT,popedge,Iterations,218,7383054,31520,31248,30064,31521,31230,30267,31424,32421,33321,31806,31652,32602,30913,30214,30946,32882,31284,31066,32511,34991,31647,33147,32005,33478,31468,31977,33508,32293,30769,30935,31773,31669,31698,32955,32276,37427,37068,34678,36999,36292,36553,36009,35493,35769,36871,34904,36758,37372,35131,35231,34888,35510,35673,37953,36615,37149,34899,36126,35809,39424,35654,29870,32563,31978,30510,32707,31415,31847,31758,31446,33821,30739,32118,30852,31220,30268,32193,32224,31210,32057,31212,32370,32136,30558,32417,32707,30592,33069,31648,32835,32662,31786,31125,32570,34607,30592,35495,35840,37564,36096,34108,37430,36094,35607,34162,35070,36859,39147,38332,38183,35820,36728,35438,36972,38499,40323,37430,38896,36947,35649,36703,35517,31935,31590,30498,31608,32231,32113,33335,32601,35387,32810,32608,32210,31052,32056,31873,31838,32071,30931,33731,32786,32089,31352,31801,33705,31594,31931,33441,31520,33548,32793,31786,31824,32274,33813,32095,38529,36191,36726,36111,34986,38838,38181,37409,35375,35520,37324,39193,36121,39267,37002,40296,40474,40405,36994,39310,36317,35382,35002,35225,40650,37247,31473,32612,32640,32765,33230,31573,32631,31985,34232,34171,31362,32858,33419,30972,31625,32845,34141,33045,33723,33364,32828,32994,33328,32549,31780,31841,34290,32718,33211,33740,33549,32790,33997,34974,32567
STAT,refine,Conflicts,218,6141,108,110,107,100,97,92,97,97,76,76,82,78,91,91,92,70,63,55,61,59,70,61,62,54,61,73,62,55,66,69,47,43,35,33,44,34,42,29,38,39,39,46,46,39,39,49,36,33,42,29,44,58,51,32,39,30,33,41,31,53,28,13,17,14,17,18,12,11,11,7,16,10,21,12,20,26,9,18,18,11,17,16,14,12,17,14,16,15,21,20,11,11,19,7,16,18,16,21,15,16,15,18,13,26,15,22,21,16,14,19,13,25,31,26,13,16,14,19,20,21,25,16,14,19,19,8,16,15,18,9,11,19,13,11,14,18,13,16,13,14,14,12,18,12,7,18,11,14,19,14,19,17,15,12,15,13,18,7,28,17,24,11,29,25,16,17,17,25,22,26,25,21,23,32,31,22,17,15,12,10,15,33,8,21,15,11,12,15,18,16,12,12,20,14,10,14,16,21,19,10,8,20,11,18,10,17,20,13,13,21,10,21,14,20,17,19,16,13
STAT,refine,Iterations,218,40029,363,334,289,269,302,300,307,314,253,257,287,244,220,299,379,324,263,182,259,234,211,145,222,330,213,244,220,185,306,197,165,203,206,222,259,134,215,149,140,157,152,198,235,224,192,216,201,154,250,120,237,375,312,225,154,201,151,134,192,351,177,183,124,108,131,148,99,133,167,149,128,158,124,158,109,236,198,141,123,163,155,122,146,160,169,134,134,166,148,195,159,143,204,117,190,285,130,175,172,141,146,118,120,142,167,162,202,224,183,275,105,290,280,364,189,232,205,104,133,149,229,121,255,152,132,69,174,121,166,108,131,180,162,110,96,151,176,179,168,112,195,169,126,92,188,250,99,73,156,170,164,149,168,144,160,129,269,121,165,186,180,128,183,191,146,149,185,178,302,237,305,171,245,290,331,191,164,205,97,121,102,265,119,281,152,119,118,124,133,177,127,165,111,191,100,179,115,214,182,89,115,197,132,136,95,163,164,105,130,130,86,167,173,166,207,114,198,256
