Hello from MIC
Galois Benchmark Suite v2.2.0 (r0)
Copyright (C) 2013 The University of Texas at Austin
http://iss.ices.utexas.edu/galois/

application: GMetis
Partitions a graph into K parts and minimizing the graph cut
http://iss.ices.utexas.edu/?p=projects/galois/benchmarks/gMetis

INFO: CommandLine /work/02556/dpereira/MIC/apps/gmetis/gmetis -t=60 /work/02556/dpereira/Inputs/USA-road-d.W.gr 16
INFO: Hostname c557-903-mic0.stampede.tacc.utexas.edu
Created Graph with 6262104 nodes and 15248146 edges
Nodes 6262104| Edges 15248146 7624073

  Starting coarsening: 
Time coarsen:  2502 Size of final graph: 432

  Sarting initial partitioning using GGGP:
Size in decade percentages:  -0,16
Time clustering:  359

  Sarting refinnement with BKL2
Initial dist
Size in decade percentages:  -0,16
Refined dist
Size in decade percentages:  -1,6 0,6 1,4
Time refinement:  813


Time:  3850
Total edge cut : 1584

Part saved in : 0x7fffe23d0960
STATTYPE,LOOP,CATEGORY,n,sum,T0,T1,T2,T3,T4,T5,T6,T7,T8,T9,T10,T11,T12,T13,T14,T15,T16,T17,T18,T19,T20,T21,T22,T23,T24,T25,T26,T27,T28,T29,T30,T31,T32,T33,T34,T35,T36,T37,T38,T39,T40,T41,T42,T43,T44,T45,T46,T47,T48,T49,T50,T51,T52,T53,T54,T55,T56,T57,T58,T59
STAT,(NULL),Coarsen,60,2502,2502,0,0,0,0,0,0,0,0,0,0,0,0,0,0,0,0,0,0,0,0,0,0,0,0,0,0,0,0,0,0,0,0,0,0,0,0,0,0,0,0,0,0,0,0,0,0,0,0,0,0,0,0,0,0,0,0,0,0,0
STAT,(NULL),Conflicts,60,0,0,0,0,0,0,0,0,0,0,0,0,0,0,0,0,0,0,0,0,0,0,0,0,0,0,0,0,0,0,0,0,0,0,0,0,0,0,0,0,0,0,0,0,0,0,0,0,0,0,0,0,0,0,0,0,0,0,0,0,0
STAT,(NULL),Iterations,60,31,5,0,0,2,0,0,0,0,0,0,4,0,0,0,0,0,0,0,2,1,0,0,0,0,0,1,0,0,1,0,0,0,0,0,1,0,0,0,2,4,0,0,0,0,0,0,0,0,2,0,0,2,0,0,0,0,0,1,3,0
STAT,(NULL),MeminfoPost,60,756223,12616,12619,12601,12688,12604,12600,12637,12596,12617,12576,12618,12615,12601,12680,12617,12600,12632,12593,12624,12575,12615,12634,12615,12598,12590,12570,12619,12582,12569,12628,12593,12605,12555,12628,12612,12576,12576,12552,12585,12674,12604,12581,12596,12620,12578,12565,12573,12658,12626,12574,12663,12645,12586,12586,12556,12584,12556,12580,12604,12603
STAT,(NULL),MeminfoPre,60,189043,3163,3166,3148,3235,3151,3147,3184,3143,3164,3123,3165,3162,3148,3227,3164,3147,3179,3140,3171,3122,3162,3181,3162,3145,3137,3117,3166,3129,3116,3175,3140,3152,3102,3175,3159,3123,3123,3099,3132,3221,3151,3128,3143,3167,3125,3112,3120,3205,3173,3121,3210,3192,3133,3133,3103,3131,3103,3127,3151,3150
STAT,(NULL),Partition,60,359,359,0,0,0,0,0,0,0,0,0,0,0,0,0,0,0,0,0,0,0,0,0,0,0,0,0,0,0,0,0,0,0,0,0,0,0,0,0,0,0,0,0,0,0,0,0,0,0,0,0,0,0,0,0,0,0,0,0,0,0
STAT,(NULL),Refine,60,813,813,0,0,0,0,0,0,0,0,0,0,0,0,0,0,0,0,0,0,0,0,0,0,0,0,0,0,0,0,0,0,0,0,0,0,0,0,0,0,0,0,0,0,0,0,0,0,0,0,0,0,0,0,0,0,0,0,0,0,0
STAT,(NULL),Threads,60,60,60,0,0,0,0,0,0,0,0,0,0,0,0,0,0,0,0,0,0,0,0,0,0,0,0,0,0,0,0,0,0,0,0,0,0,0,0,0,0,0,0,0,0,0,0,0,0,0,0,0,0,0,0,0,0,0,0,0,0,0
STAT,(NULL),Time,60,3850,3850,0,0,0,0,0,0,0,0,0,0,0,0,0,0,0,0,0,0,0,0,0,0,0,0,0,0,0,0,0,0,0,0,0,0,0,0,0,0,0,0,0,0,0,0,0,0,0,0,0,0,0,0,0,0,0,0,0,0,0
STAT,match,Conflicts,60,5439,209,161,141,116,167,128,127,134,154,164,128,111,92,100,122,82,91,104,137,127,70,80,67,77,74,74,78,89,98,78,81,44,56,65,62,76,83,68,68,94,78,53,50,54,51,60,51,59,58,80,59,54,50,72,70,82,88,119,65,109
STAT,match,Iterations,60,14977377,226215,229856,239681,220304,242032,228627,234110,244501,242072,247589,241717,248284,251997,238974,242059,235611,241279,252754,247688,253507,246156,239754,239837,242941,256532,252473,243773,245768,254429,239559,254055,262975,277879,247188,250287,248118,270327,263046,255250,220070,251514,245387,256758,243225,245676,269277,253963,249063,248968,253707,253544,264577,281286,254532,274526,267147,272734,263790,258907,249522
STAT,popedge,Conflicts,60,0,0,0,0,0,0,0,0,0,0,0,0,0,0,0,0,0,0,0,0,0,0,0,0,0,0,0,0,0,0,0,0,0,0,0,0,0,0,0,0,0,0,0,0,0,0,0,0,0,0,0,0,0,0,0,0,0,0,0,0,0
STAT,popedge,Iterations,60,7339904,124918,121768,122126,120962,123317,112410,118986,123026,123830,125636,122987,121947,121620,119587,121534,120113,116975,120699,123060,124765,112360,111314,113388,115296,117577,119715,117456,120163,116477,120121,125919,123350,125867,123034,119265,127583,122876,129261,122480,120777,119489,120533,118875,119348,123194,121292,121863,118257,114153,118705,126323,129048,132898,137707,131297,128967,131107,131122,129783,131398
STAT,refine,Conflicts,60,3638,135,129,132,123,105,97,111,83,93,109,72,98,92,70,90,58,66,62,69,57,59,46,73,61,73,49,58,55,46,56,23,35,40,53,35,50,56,57,42,40,35,21,24,38,56,53,39,44,58,47,37,32,40,43,38,35,13,36,45,46
STAT,refine,Iterations,60,33581,898,710,677,668,715,593,625,524,580,760,632,590,586,442,697,487,471,420,521,689,506,491,488,467,492,353,795,558,457,408,358,462,354,732,589,821,835,563,481,411,576,330,450,754,769,696,470,553,507,459,446,619,655,762,499,351,179,500,383,717
