Hello from MIC
Galois Benchmark Suite v2.2.0 (r0)
Copyright (C) 2013 The University of Texas at Austin
http://iss.ices.utexas.edu/galois/

application: GMetis
Partitions a graph into K parts and minimizing the graph cut
http://iss.ices.utexas.edu/?p=projects/galois/benchmarks/gMetis

INFO: CommandLine /work/02556/dpereira/MIC/apps/gmetis/gmetis -t=39 /work/02556/dpereira/Inputs/USA-road-d.W.gr 1024
INFO: Hostname c557-803-mic0.stampede.tacc.utexas.edu
Created Graph with 6262104 nodes and 15248146 edges
Nodes 6262104| Edges 15248146 7624073

  Starting coarsening: 
Time coarsen:  2882 Size of final graph: 40123

  Sarting initial partitioning using GGGP:
Size in decade percentages:  -0,1024
Time clustering:  1185

  Sarting refinnement with BKL2
Initial dist
Size in decade percentages:  -0,1024
Refined dist
Size in decade percentages:  -1,353 0,316 1,355
Time refinement:  885


Time:  5131
Total edge cut : 36413

Part saved in : 0x7fff88266f60
STATTYPE,LOOP,CATEGORY,n,sum,T0,T1,T2,T3,T4,T5,T6,T7,T8,T9,T10,T11,T12,T13,T14,T15,T16,T17,T18,T19,T20,T21,T22,T23,T24,T25,T26,T27,T28,T29,T30,T31,T32,T33,T34,T35,T36,T37,T38
STAT,(NULL),Coarsen,39,2882,2882,0,0,0,0,0,0,0,0,0,0,0,0,0,0,0,0,0,0,0,0,0,0,0,0,0,0,0,0,0,0,0,0,0,0,0,0,0,0
STAT,(NULL),Conflicts,39,0,0,0,0,0,0,0,0,0,0,0,0,0,0,0,0,0,0,0,0,0,0,0,0,0,0,0,0,0,0,0,0,0,0,0,0,0,0,0,0
STAT,(NULL),Iterations,39,2047,11,32,31,70,27,78,10,62,72,54,42,60,64,79,67,12,55,63,63,83,42,76,57,50,34,65,39,58,88,33,46,37,51,68,25,50,66,35,92
STAT,(NULL),MeminfoPost,39,756174,19419,19380,19483,19384,19414,19392,19366,19428,19416,19428,19412,19384,19387,19401,19432,19367,19356,19388,19340,19418,19363,19376,19388,19349,19346,19434,19395,19356,19387,19337,19393,19431,19407,19432,19376,19344,19311,19365,19389
STAT,(NULL),MeminfoPre,39,189036,4877,4838,4941,4842,4872,4850,4824,4886,4874,4886,4870,4842,4845,4859,4890,4825,4814,4846,4798,4876,4821,4834,4846,4807,4804,4892,4853,4814,4845,4795,4851,4889,4865,4890,4834,4802,4769,4823,4847
STAT,(NULL),Partition,39,1185,1185,0,0,0,0,0,0,0,0,0,0,0,0,0,0,0,0,0,0,0,0,0,0,0,0,0,0,0,0,0,0,0,0,0,0,0,0,0,0
STAT,(NULL),Refine,39,885,885,0,0,0,0,0,0,0,0,0,0,0,0,0,0,0,0,0,0,0,0,0,0,0,0,0,0,0,0,0,0,0,0,0,0,0,0,0,0
STAT,(NULL),Threads,39,39,39,0,0,0,0,0,0,0,0,0,0,0,0,0,0,0,0,0,0,0,0,0,0,0,0,0,0,0,0,0,0,0,0,0,0,0,0,0,0
STAT,(NULL),Time,39,5131,5131,0,0,0,0,0,0,0,0,0,0,0,0,0,0,0,0,0,0,0,0,0,0,0,0,0,0,0,0,0,0,0,0,0,0,0,0,0,0
STAT,match,Conflicts,39,3430,169,113,107,100,112,54,107,116,84,100,47,78,71,105,72,94,122,73,115,71,47,82,74,100,86,77,75,74,76,72,59,82,64,89,65,113,80,109,96
STAT,match,Iterations,39,14854487,356468,378807,348825,382529,380528,385064,390067,360048,399253,371303,391557,384786,394776,354077,383255,381157,370182,381110,386680,378624,331718,411224,387606,386187,396548,376615,370268,382841,384846,381027,371813,366670,387693,378936,404816,406364,406995,384626,378598
STAT,popedge,Conflicts,39,0,0,0,0,0,0,0,0,0,0,0,0,0,0,0,0,0,0,0,0,0,0,0,0,0,0,0,0,0,0,0,0,0,0,0,0,0,0,0,0
STAT,popedge,Iterations,39,7277619,182959,184542,181025,182452,180799,186856,187432,182623,182746,182240,177115,185183,188624,168978,164678,175401,183232,180804,183744,183532,167399,193377,189536,197361,185593,187259,183547,189010,184236,189484,186798,177898,189484,206310,206298,208046,202173,207123,201722
STAT,refine,Conflicts,39,1929,45,55,62,52,53,43,57,35,54,60,46,35,66,68,58,59,44,56,72,51,41,50,45,48,51,49,59,53,43,48,47,50,47,44,33,46,37,34,33
STAT,refine,Iterations,39,467636,11047,12241,13731,12422,12786,13007,10785,11954,12623,12922,12932,12221,10886,11220,11875,11225,10547,11495,10850,13014,10724,11396,12273,10951,11805,12938,12043,12018,11406,11644,13191,12478,12512,13549,11745,10657,11459,12675,12389
