Hello from MIC
Galois Benchmark Suite v2.2.0 (r0)
Copyright (C) 2013 The University of Texas at Austin
http://iss.ices.utexas.edu/galois/

application: GMetis
Partitions a graph into K parts and minimizing the graph cut
http://iss.ices.utexas.edu/?p=projects/galois/benchmarks/gMetis

INFO: CommandLine /work/02556/dpereira/MIC/apps/gmetis/gmetis -t=171 /work/02556/dpereira/Inputs/USA-road-d.W.gr 128
INFO: Hostname c558-002-mic0.stampede.tacc.utexas.edu
Created Graph with 6262104 nodes and 15248146 edges
Nodes 6262104| Edges 15248146 7624073

  Starting coarsening: 
Time coarsen:  2863 Size of final graph: 3126

  Sarting initial partitioning using GGGP:
Size in decade percentages:  -1,7 -0,114 1,7
Time clustering:  431

  Sarting refinnement with BKL2
Initial dist
Size in decade percentages:  -1,7 -0,114 1,7
Refined dist
Size in decade percentages:  -1,47 0,34 1,47
Time refinement:  1814


Time:  5283
Total edge cut : 8558

Part saved in : 0x7fffc2c203e0
STATTYPE,LOOP,CATEGORY,n,sum,T0,T1,T2,T3,T4,T5,T6,T7,T8,T9,T10,T11,T12,T13,T14,T15,T16,T17,T18,T19,T20,T21,T22,T23,T24,T25,T26,T27,T28,T29,T30,T31,T32,T33,T34,T35,T36,T37,T38,T39,T40,T41,T42,T43,T44,T45,T46,T47,T48,T49,T50,T51,T52,T53,T54,T55,T56,T57,T58,T59,T60,T61,T62,T63,T64,T65,T66,T67,T68,T69,T70,T71,T72,T73,T74,T75,T76,T77,T78,T79,T80,T81,T82,T83,T84,T85,T86,T87,T88,T89,T90,T91,T92,T93,T94,T95,T96,T97,T98,T99,T100,T101,T102,T103,T104,T105,T106,T107,T108,T109,T110,T111,T112,T113,T114,T115,T116,T117,T118,T119,T120,T121,T122,T123,T124,T125,T126,T127,T128,T129,T130,T131,T132,T133,T134,T135,T136,T137,T138,T139,T140,T141,T142,T143,T144,T145,T146,T147,T148,T149,T150,T151,T152,T153,T154,T155,T156,T157,T158,T159,T160,T161,T162,T163,T164,T165,T166,T167,T168,T169,T170
STAT,(NULL),Coarsen,171,2863,2863,0,0,0,0,0,0,0,0,0,0,0,0,0,0,0,0,0,0,0,0,0,0,0,0,0,0,0,0,0,0,0,0,0,0,0,0,0,0,0,0,0,0,0,0,0,0,0,0,0,0,0,0,0,0,0,0,0,0,0,0,0,0,0,0,0,0,0,0,0,0,0,0,0,0,0,0,0,0,0,0,0,0,0,0,0,0,0,0,0,0,0,0,0,0,0,0,0,0,0,0,0,0,0,0,0,0,0,0,0,0,0,0,0,0,0,0,0,0,0,0,0,0,0,0,0,0,0,0,0,0,0,0,0,0,0,0,0,0,0,0,0,0,0,0,0,0,0,0,0,0,0,0,0,0,0,0,0,0,0,0,0,0,0,0,0,0,0,0,0,0
STAT,(NULL),Conflicts,171,0,0,0,0,0,0,0,0,0,0,0,0,0,0,0,0,0,0,0,0,0,0,0,0,0,0,0,0,0,0,0,0,0,0,0,0,0,0,0,0,0,0,0,0,0,0,0,0,0,0,0,0,0,0,0,0,0,0,0,0,0,0,0,0,0,0,0,0,0,0,0,0,0,0,0,0,0,0,0,0,0,0,0,0,0,0,0,0,0,0,0,0,0,0,0,0,0,0,0,0,0,0,0,0,0,0,0,0,0,0,0,0,0,0,0,0,0,0,0,0,0,0,0,0,0,0,0,0,0,0,0,0,0,0,0,0,0,0,0,0,0,0,0,0,0,0,0,0,0,0,0,0,0,0,0,0,0,0,0,0,0,0,0,0,0,0,0,0,0,0,0,0
STAT,(NULL),Iterations,171,255,8,1,0,0,3,0,0,2,0,1,1,0,2,0,4,2,2,1,1,0,2,0,4,0,1,0,0,3,0,0,0,0,2,0,0,0,0,1,3,0,0,0,0,1,2,4,2,1,0,0,4,3,0,0,1,1,4,4,4,4,4,8,5,0,1,1,0,3,6,2,2,0,0,0,2,5,0,3,2,2,2,3,3,1,0,1,2,0,0,2,2,0,1,4,0,0,3,3,1,0,0,0,7,1,2,3,0,1,1,0,3,4,2,4,0,0,6,0,0,1,2,4,7,2,0,0,0,0,4,0,2,4,0,0,0,0,6,2,1,0,0,2,2,1,2,3,2,1,0,1,0,0,0,2,4,0,2,0,1,5,0,0,0,0,0,0,2,0,3,0,0
STAT,(NULL),MeminfoPost,171,756930,4431,4421,4439,4437,4434,4419,4426,4423,4429,4448,4466,4467,4422,4422,4422,4415,4438,4432,4453,4425,4431,4417,4422,4416,4438,4445,4412,4411,4425,4430,4423,4447,4435,4428,4433,4411,4430,4432,4436,4493,4451,4411,4424,4417,4432,4426,4446,4433,4433,4431,4411,4420,4426,4440,4425,4416,4419,4420,4442,4425,4425,4464,4423,4424,4437,4432,4418,4432,4416,4419,4417,4431,4401,4422,4434,4438,4424,4419,4419,4416,4407,4412,4426,4415,4454,4450,4424,4412,4417,4440,4422,4407,4400,4422,4429,4434,4438,4441,4421,4422,4412,4429,4417,4422,4405,4409,4415,4408,4436,4412,4406,4442,4461,4448,4447,4415,4415,4439,4410,4402,4418,4428,4437,4440,4422,4415,4426,4418,4420,4411,4405,4412,4430,4408,4433,4457,4456,4451,4423,4414,4417,4410,4425,4449,4460,4436,4454,4440,4408,4427,4422,4424,4420,4413,4404,4418,4415,4440,4406,4403,4417,4401,4408,4440,4410,4423,4428,4426,4429,4417,4430
STAT,(NULL),MeminfoPre,171,189210,1111,1101,1119,1117,1114,1099,1106,1103,1109,1128,1146,1147,1102,1102,1102,1095,1118,1112,1133,1105,1111,1097,1102,1096,1118,1125,1092,1091,1105,1110,1103,1127,1115,1108,1113,1091,1110,1112,1116,1173,1131,1091,1104,1097,1112,1106,1126,1113,1113,1111,1091,1100,1106,1120,1105,1096,1099,1100,1122,1105,1105,1144,1103,1104,1117,1112,1098,1112,1096,1099,1097,1111,1081,1102,1114,1118,1104,1099,1099,1096,1087,1092,1106,1095,1134,1130,1104,1092,1097,1120,1102,1087,1080,1102,1109,1114,1118,1121,1101,1102,1092,1109,1097,1102,1085,1089,1095,1088,1116,1092,1086,1122,1141,1128,1127,1095,1095,1119,1090,1082,1098,1108,1117,1120,1102,1095,1106,1098,1100,1091,1085,1092,1110,1088,1113,1137,1136,1131,1103,1094,1097,1090,1105,1129,1140,1116,1134,1120,1088,1107,1102,1104,1100,1093,1084,1098,1095,1120,1086,1083,1097,1081,1088,1120,1090,1103,1108,1106,1109,1097,1110
STAT,(NULL),Partition,171,431,431,0,0,0,0,0,0,0,0,0,0,0,0,0,0,0,0,0,0,0,0,0,0,0,0,0,0,0,0,0,0,0,0,0,0,0,0,0,0,0,0,0,0,0,0,0,0,0,0,0,0,0,0,0,0,0,0,0,0,0,0,0,0,0,0,0,0,0,0,0,0,0,0,0,0,0,0,0,0,0,0,0,0,0,0,0,0,0,0,0,0,0,0,0,0,0,0,0,0,0,0,0,0,0,0,0,0,0,0,0,0,0,0,0,0,0,0,0,0,0,0,0,0,0,0,0,0,0,0,0,0,0,0,0,0,0,0,0,0,0,0,0,0,0,0,0,0,0,0,0,0,0,0,0,0,0,0,0,0,0,0,0,0,0,0,0,0,0,0,0,0
STAT,(NULL),Refine,171,1814,1814,0,0,0,0,0,0,0,0,0,0,0,0,0,0,0,0,0,0,0,0,0,0,0,0,0,0,0,0,0,0,0,0,0,0,0,0,0,0,0,0,0,0,0,0,0,0,0,0,0,0,0,0,0,0,0,0,0,0,0,0,0,0,0,0,0,0,0,0,0,0,0,0,0,0,0,0,0,0,0,0,0,0,0,0,0,0,0,0,0,0,0,0,0,0,0,0,0,0,0,0,0,0,0,0,0,0,0,0,0,0,0,0,0,0,0,0,0,0,0,0,0,0,0,0,0,0,0,0,0,0,0,0,0,0,0,0,0,0,0,0,0,0,0,0,0,0,0,0,0,0,0,0,0,0,0,0,0,0,0,0,0,0,0,0,0,0,0,0,0,0
STAT,(NULL),Threads,171,171,171,0,0,0,0,0,0,0,0,0,0,0,0,0,0,0,0,0,0,0,0,0,0,0,0,0,0,0,0,0,0,0,0,0,0,0,0,0,0,0,0,0,0,0,0,0,0,0,0,0,0,0,0,0,0,0,0,0,0,0,0,0,0,0,0,0,0,0,0,0,0,0,0,0,0,0,0,0,0,0,0,0,0,0,0,0,0,0,0,0,0,0,0,0,0,0,0,0,0,0,0,0,0,0,0,0,0,0,0,0,0,0,0,0,0,0,0,0,0,0,0,0,0,0,0,0,0,0,0,0,0,0,0,0,0,0,0,0,0,0,0,0,0,0,0,0,0,0,0,0,0,0,0,0,0,0,0,0,0,0,0,0,0,0,0,0,0,0,0,0,0
STAT,(NULL),Time,171,5283,5283,0,0,0,0,0,0,0,0,0,0,0,0,0,0,0,0,0,0,0,0,0,0,0,0,0,0,0,0,0,0,0,0,0,0,0,0,0,0,0,0,0,0,0,0,0,0,0,0,0,0,0,0,0,0,0,0,0,0,0,0,0,0,0,0,0,0,0,0,0,0,0,0,0,0,0,0,0,0,0,0,0,0,0,0,0,0,0,0,0,0,0,0,0,0,0,0,0,0,0,0,0,0,0,0,0,0,0,0,0,0,0,0,0,0,0,0,0,0,0,0,0,0,0,0,0,0,0,0,0,0,0,0,0,0,0,0,0,0,0,0,0,0,0,0,0,0,0,0,0,0,0,0,0,0,0,0,0,0,0,0,0,0,0,0,0,0,0,0,0,0
STAT,match,Conflicts,171,6616,64,59,61,50,61,64,56,54,48,62,57,55,54,45,52,52,46,50,49,50,49,57,51,52,55,50,49,52,44,53,44,41,50,44,48,50,46,50,47,38,51,48,41,53,38,51,48,43,44,48,44,41,40,45,46,38,46,36,30,39,36,31,34,36,34,32,38,33,22,29,39,33,34,37,34,37,35,25,37,29,33,31,36,28,30,24,33,36,28,26,36,38,25,35,40,37,28,33,35,32,30,41,40,36,37,30,23,33,44,38,39,33,31,36,30,35,30,42,30,33,32,35,29,32,30,32,33,26,40,28,31,28,31,30,30,26,33,31,28,31,33,32,35,29,31,43,34,23,44,30,25,25,42,39,37,43,38,34,30,39,42,36,34,35,33,34,38,34,26,47,26
STAT,match,Iterations,171,15017062,59513,64880,65498,78636,73439,59888,75755,69833,76475,74499,66500,61734,70066,68825,78916,74099,66427,73757,66817,77555,71188,71703,68736,72485,61750,64206,70694,67480,70102,73343,83975,64881,82114,78400,68977,72516,71753,72215,84212,68325,64652,71964,79688,72310,81800,70894,69067,82181,71968,90981,97951,76532,92288,81545,80402,108789,92744,111288,117966,102004,92145,94928,83349,96787,91402,91783,97000,81761,121572,88842,96742,82774,80363,81652,93720,79409,107540,112230,93693,91493,96247,87530,80587,96089,71427,92540,79864,82683,104963,94734,78935,92232,99872,100164,61495,97816,107442,74504,92977,101175,91471,93869,84664,94972,88840,85348,112799,94572,91202,84926,117308,109182,106288,117031,104487,102826,121669,119824,117054,109692,110905,105822,81190,80223,106597,85730,102103,107798,91456,81721,103524,96419,101764,96060,88465,96998,102843,95941,86804,87808,84447,84680,88609,105956,114821,79709,77955,102694,81258,77714,107353,104924,102229,77324,96424,61725,104557,77690,84440,96260,99737,81901,102229,84380,98520,107509,73096,98215,106194,89874,94801
STAT,popedge,Conflicts,171,0,0,0,0,0,0,0,0,0,0,0,0,0,0,0,0,0,0,0,0,0,0,0,0,0,0,0,0,0,0,0,0,0,0,0,0,0,0,0,0,0,0,0,0,0,0,0,0,0,0,0,0,0,0,0,0,0,0,0,0,0,0,0,0,0,0,0,0,0,0,0,0,0,0,0,0,0,0,0,0,0,0,0,0,0,0,0,0,0,0,0,0,0,0,0,0,0,0,0,0,0,0,0,0,0,0,0,0,0,0,0,0,0,0,0,0,0,0,0,0,0,0,0,0,0,0,0,0,0,0,0,0,0,0,0,0,0,0,0,0,0,0,0,0,0,0,0,0,0,0,0,0,0,0,0,0,0,0,0,0,0,0,0,0,0,0,0,0,0,0,0,0
STAT,popedge,Iterations,171,7356649,41989,40543,40578,38817,39403,40881,40531,41754,41012,40771,41031,41124,40203,43476,40030,41575,41605,41582,39329,40156,40727,42266,42525,43179,43818,44034,44788,44124,42448,42420,43005,42581,43325,37276,41413,42333,43282,42239,42650,41088,44358,43617,45342,42737,41354,43243,42807,41510,42553,49102,49119,48930,47350,50890,49517,49512,50621,48417,49651,47792,47081,40753,40008,40627,38619,38994,38826,39208,40005,40030,40709,38886,41181,40188,40619,40683,38921,41924,39218,40028,40296,41798,42808,41211,41969,43498,44462,43490,42140,42884,45704,41355,42716,43140,37689,42354,41416,43308,43042,41469,41642,41867,45095,44674,42874,41209,43572,41569,42845,41818,48027,49799,53636,50059,51180,49411,49904,49890,48148,53700,49235,50697,43142,40685,41323,40415,38500,40793,40718,37918,40539,40281,39617,42787,40545,41837,42739,40369,40512,42169,41204,41749,40830,42863,42788,44788,44513,45565,44336,46425,43285,43801,42845,45011,42603,39426,41895,44802,44888,43148,40999,44252,41422,44038,45538,43895,43794,44070,43128,41962,43456
STAT,refine,Conflicts,171,6388,111,127,104,116,96,107,91,103,84,85,95,95,78,76,88,74,61,65,70,60,66,69,67,68,63,61,59,48,50,63,49,34,41,32,50,46,40,39,40,42,52,55,52,47,34,45,50,43,39,37,38,29,46,44,38,32,42,38,51,44,51,23,23,30,20,19,20,31,29,28,28,28,25,25,21,26,29,22,17,24,24,25,30,22,25,38,25,19,20,16,27,21,19,19,26,42,18,16,14,33,31,18,31,22,23,21,24,19,30,17,26,27,21,33,24,28,19,27,28,27,28,27,30,28,24,19,27,29,25,31,27,24,24,26,23,21,36,20,19,25,28,25,27,23,35,22,27,23,22,24,16,19,20,23,23,17,23,21,18,26,17,21,26,19,28,26,21,25,18,29,20
STAT,refine,Iterations,171,144654,1066,968,759,938,779,697,875,842,758,1002,822,1115,923,884,963,883,652,865,864,735,788,827,814,641,839,780,599,587,850,813,611,651,583,794,655,797,693,613,749,774,1022,746,900,667,545,821,894,817,704,841,914,549,1005,1206,968,1001,1292,1008,1128,867,998,1114,740,911,867,657,660,1028,994,892,790,1024,842,638,867,882,1065,659,748,806,797,1126,934,995,771,899,859,561,725,720,757,730,726,730,686,917,968,692,822,940,795,894,718,972,793,614,960,797,987,605,1090,1180,1047,1079,1392,886,853,1328,935,1116,1124,960,1032,777,898,797,762,708,791,874,984,839,920,904,790,964,1070,928,593,658,772,713,918,1025,1312,778,961,824,598,766,495,704,777,548,720,685,807,709,556,844,779,737,1019,621,967,904,949,756,855,902,959
