Hello from MIC
Galois Benchmark Suite v2.2.0 (r0)
Copyright (C) 2013 The University of Texas at Austin
http://iss.ices.utexas.edu/galois/

application: GMetis
Partitions a graph into K parts and minimizing the graph cut
http://iss.ices.utexas.edu/?p=projects/galois/benchmarks/gMetis

INFO: CommandLine /work/02556/dpereira/MIC/apps/gmetis/gmetis -t=208 /work/02556/dpereira/Inputs/USA-road-d.W.gr 16
INFO: Hostname c558-003-mic0.stampede.tacc.utexas.edu
Created Graph with 6262104 nodes and 15248146 edges
Nodes 6262104| Edges 15248146 7624073

  Starting coarsening: 
Time coarsen:  4187 Size of final graph: 437

  Sarting initial partitioning using GGGP:
Size in decade percentages:  -1,1 -0,14 1,1
Time clustering:  377

  Sarting refinnement with BKL2
Initial dist
Size in decade percentages:  -1,1 -0,14 1,1
Refined dist
Size in decade percentages:  -1,5 0,5 1,6
Time refinement:  2441


Time:  7184
Total edge cut : 2018

Part saved in : 0x7fffe1f674e0
STATTYPE,LOOP,CATEGORY,n,sum,T0,T1,T2,T3,T4,T5,T6,T7,T8,T9,T10,T11,T12,T13,T14,T15,T16,T17,T18,T19,T20,T21,T22,T23,T24,T25,T26,T27,T28,T29,T30,T31,T32,T33,T34,T35,T36,T37,T38,T39,T40,T41,T42,T43,T44,T45,T46,T47,T48,T49,T50,T51,T52,T53,T54,T55,T56,T57,T58,T59,T60,T61,T62,T63,T64,T65,T66,T67,T68,T69,T70,T71,T72,T73,T74,T75,T76,T77,T78,T79,T80,T81,T82,T83,T84,T85,T86,T87,T88,T89,T90,T91,T92,T93,T94,T95,T96,T97,T98,T99,T100,T101,T102,T103,T104,T105,T106,T107,T108,T109,T110,T111,T112,T113,T114,T115,T116,T117,T118,T119,T120,T121,T122,T123,T124,T125,T126,T127,T128,T129,T130,T131,T132,T133,T134,T135,T136,T137,T138,T139,T140,T141,T142,T143,T144,T145,T146,T147,T148,T149,T150,T151,T152,T153,T154,T155,T156,T157,T158,T159,T160,T161,T162,T163,T164,T165,T166,T167,T168,T169,T170,T171,T172,T173,T174,T175,T176,T177,T178,T179,T180,T181,T182,T183,T184,T185,T186,T187,T188,T189,T190,T191,T192,T193,T194,T195,T196,T197,T198,T199,T200,T201,T202,T203,T204,T205,T206,T207
STAT,(NULL),Coarsen,208,4187,4187,0,0,0,0,0,0,0,0,0,0,0,0,0,0,0,0,0,0,0,0,0,0,0,0,0,0,0,0,0,0,0,0,0,0,0,0,0,0,0,0,0,0,0,0,0,0,0,0,0,0,0,0,0,0,0,0,0,0,0,0,0,0,0,0,0,0,0,0,0,0,0,0,0,0,0,0,0,0,0,0,0,0,0,0,0,0,0,0,0,0,0,0,0,0,0,0,0,0,0,0,0,0,0,0,0,0,0,0,0,0,0,0,0,0,0,0,0,0,0,0,0,0,0,0,0,0,0,0,0,0,0,0,0,0,0,0,0,0,0,0,0,0,0,0,0,0,0,0,0,0,0,0,0,0,0,0,0,0,0,0,0,0,0,0,0,0,0,0,0,0,0,0,0,0,0,0,0,0,0,0,0,0,0,0,0,0,0,0,0,0,0,0,0,0,0,0,0,0,0,0,0,0,0,0,0,0,0
STAT,(NULL),Conflicts,208,0,0,0,0,0,0,0,0,0,0,0,0,0,0,0,0,0,0,0,0,0,0,0,0,0,0,0,0,0,0,0,0,0,0,0,0,0,0,0,0,0,0,0,0,0,0,0,0,0,0,0,0,0,0,0,0,0,0,0,0,0,0,0,0,0,0,0,0,0,0,0,0,0,0,0,0,0,0,0,0,0,0,0,0,0,0,0,0,0,0,0,0,0,0,0,0,0,0,0,0,0,0,0,0,0,0,0,0,0,0,0,0,0,0,0,0,0,0,0,0,0,0,0,0,0,0,0,0,0,0,0,0,0,0,0,0,0,0,0,0,0,0,0,0,0,0,0,0,0,0,0,0,0,0,0,0,0,0,0,0,0,0,0,0,0,0,0,0,0,0,0,0,0,0,0,0,0,0,0,0,0,0,0,0,0,0,0,0,0,0,0,0,0,0,0,0,0,0,0,0,0,0,0,0,0,0,0,0,0
STAT,(NULL),Iterations,208,31,5,0,1,0,0,0,0,0,0,0,0,0,1,0,0,0,0,0,0,2,0,0,0,0,0,0,0,0,0,0,1,0,0,1,0,0,0,0,0,0,0,0,0,0,0,0,0,0,0,0,0,0,0,0,0,0,0,0,0,0,0,4,0,0,0,0,0,0,0,0,0,0,2,0,0,0,0,0,0,0,0,0,0,0,0,0,0,0,0,0,0,0,0,0,0,0,0,0,0,3,0,0,0,2,0,0,3,0,0,0,0,0,0,0,0,0,0,0,0,0,0,0,0,0,0,0,0,0,0,0,0,0,0,0,0,0,0,0,0,0,0,0,0,0,0,1,0,0,0,0,0,0,0,0,0,0,0,0,1,0,0,0,0,0,0,0,0,0,0,0,0,0,0,0,0,0,0,0,0,0,0,1,0,0,0,0,0,0,0,0,0,0,0,2,0,0,0,0,0,0,1,0,0,0,0,0,0,0
STAT,(NULL),MeminfoPost,208,757065,3646,3629,3648,3658,3642,3644,3637,3644,3629,3649,3632,3659,3663,3690,3653,3627,3638,3636,3625,3649,3642,3648,3665,3632,3648,3645,3625,3636,3633,3648,3656,3631,3633,3627,3637,3642,3629,3658,3651,3649,3639,3631,3649,3627,3649,3639,3657,3664,3692,3652,3626,3637,3636,3630,3641,3650,3650,3657,3643,3643,3640,3628,3632,3636,3650,3653,3630,3636,3628,3638,3645,3646,3637,3637,3661,3660,3634,3639,3652,3644,3631,3643,3640,3632,3632,3631,3650,3626,3619,3637,3645,3647,3643,3636,3639,3629,3635,3626,3625,3625,3642,3626,3661,3662,3651,3633,3629,3632,3638,3655,3627,3624,3617,3630,3643,3644,3648,3649,3651,3637,3639,3628,3633,3643,3629,3634,3634,3621,3627,3625,3632,3626,3650,3627,3622,3656,3660,3667,3658,3653,3626,3630,3643,3642,3623,3618,3636,3640,3644,3652,3649,3633,3631,3640,3632,3632,3635,3627,3621,3635,3621,3645,3623,3646,3663,3659,3666,3657,3636,3628,3635,3621,3635,3639,3656,3670,3654,3652,3664,3647,3625,3636,3652,3624,3641,3635,3629,3623,3620,3635,3634,3651,3628,3621,3621,3636,3617,3621,3658,3624,3630,3636,3645,3640,3639,3642,3634,3637
STAT,(NULL),MeminfoPre,208,189225,916,899,918,928,912,914,907,914,899,919,902,929,933,960,923,897,908,906,895,919,912,918,935,902,918,915,895,906,903,918,926,901,903,897,907,912,899,928,921,919,909,901,919,897,919,909,927,934,962,922,896,907,906,900,911,920,920,927,913,913,910,898,902,906,920,923,900,906,898,908,915,916,907,907,931,930,904,909,922,914,901,913,910,902,902,901,920,896,889,907,915,917,913,906,909,899,905,896,895,895,912,896,931,932,921,903,899,902,908,925,897,894,887,900,913,914,918,919,921,907,909,898,903,913,899,904,904,891,897,895,902,896,920,897,892,926,930,937,928,923,896,900,913,912,893,888,906,910,914,922,919,903,901,910,902,902,905,897,891,905,891,915,893,916,933,929,936,927,906,898,905,891,905,909,926,940,924,922,934,917,895,906,922,894,911,905,899,893,890,905,904,921,898,891,891,906,887,891,928,894,900,906,915,910,909,912,904,907
STAT,(NULL),Partition,208,377,377,0,0,0,0,0,0,0,0,0,0,0,0,0,0,0,0,0,0,0,0,0,0,0,0,0,0,0,0,0,0,0,0,0,0,0,0,0,0,0,0,0,0,0,0,0,0,0,0,0,0,0,0,0,0,0,0,0,0,0,0,0,0,0,0,0,0,0,0,0,0,0,0,0,0,0,0,0,0,0,0,0,0,0,0,0,0,0,0,0,0,0,0,0,0,0,0,0,0,0,0,0,0,0,0,0,0,0,0,0,0,0,0,0,0,0,0,0,0,0,0,0,0,0,0,0,0,0,0,0,0,0,0,0,0,0,0,0,0,0,0,0,0,0,0,0,0,0,0,0,0,0,0,0,0,0,0,0,0,0,0,0,0,0,0,0,0,0,0,0,0,0,0,0,0,0,0,0,0,0,0,0,0,0,0,0,0,0,0,0,0,0,0,0,0,0,0,0,0,0,0,0,0,0,0,0,0,0
STAT,(NULL),Refine,208,2441,2441,0,0,0,0,0,0,0,0,0,0,0,0,0,0,0,0,0,0,0,0,0,0,0,0,0,0,0,0,0,0,0,0,0,0,0,0,0,0,0,0,0,0,0,0,0,0,0,0,0,0,0,0,0,0,0,0,0,0,0,0,0,0,0,0,0,0,0,0,0,0,0,0,0,0,0,0,0,0,0,0,0,0,0,0,0,0,0,0,0,0,0,0,0,0,0,0,0,0,0,0,0,0,0,0,0,0,0,0,0,0,0,0,0,0,0,0,0,0,0,0,0,0,0,0,0,0,0,0,0,0,0,0,0,0,0,0,0,0,0,0,0,0,0,0,0,0,0,0,0,0,0,0,0,0,0,0,0,0,0,0,0,0,0,0,0,0,0,0,0,0,0,0,0,0,0,0,0,0,0,0,0,0,0,0,0,0,0,0,0,0,0,0,0,0,0,0,0,0,0,0,0,0,0,0,0,0,0
STAT,(NULL),Threads,208,208,208,0,0,0,0,0,0,0,0,0,0,0,0,0,0,0,0,0,0,0,0,0,0,0,0,0,0,0,0,0,0,0,0,0,0,0,0,0,0,0,0,0,0,0,0,0,0,0,0,0,0,0,0,0,0,0,0,0,0,0,0,0,0,0,0,0,0,0,0,0,0,0,0,0,0,0,0,0,0,0,0,0,0,0,0,0,0,0,0,0,0,0,0,0,0,0,0,0,0,0,0,0,0,0,0,0,0,0,0,0,0,0,0,0,0,0,0,0,0,0,0,0,0,0,0,0,0,0,0,0,0,0,0,0,0,0,0,0,0,0,0,0,0,0,0,0,0,0,0,0,0,0,0,0,0,0,0,0,0,0,0,0,0,0,0,0,0,0,0,0,0,0,0,0,0,0,0,0,0,0,0,0,0,0,0,0,0,0,0,0,0,0,0,0,0,0,0,0,0,0,0,0,0,0,0,0,0,0
STAT,(NULL),Time,208,7184,7184,0,0,0,0,0,0,0,0,0,0,0,0,0,0,0,0,0,0,0,0,0,0,0,0,0,0,0,0,0,0,0,0,0,0,0,0,0,0,0,0,0,0,0,0,0,0,0,0,0,0,0,0,0,0,0,0,0,0,0,0,0,0,0,0,0,0,0,0,0,0,0,0,0,0,0,0,0,0,0,0,0,0,0,0,0,0,0,0,0,0,0,0,0,0,0,0,0,0,0,0,0,0,0,0,0,0,0,0,0,0,0,0,0,0,0,0,0,0,0,0,0,0,0,0,0,0,0,0,0,0,0,0,0,0,0,0,0,0,0,0,0,0,0,0,0,0,0,0,0,0,0,0,0,0,0,0,0,0,0,0,0,0,0,0,0,0,0,0,0,0,0,0,0,0,0,0,0,0,0,0,0,0,0,0,0,0,0,0,0,0,0,0,0,0,0,0,0,0,0,0,0,0,0,0,0,0,0
STAT,match,Conflicts,208,6736,51,49,50,50,46,51,39,52,45,57,45,50,57,42,49,48,44,55,40,53,48,42,55,36,38,43,40,39,42,44,38,37,40,41,34,48,46,39,41,42,41,40,46,50,48,55,41,37,35,36,39,35,33,40,28,47,31,40,31,34,39,25,24,27,23,23,25,24,33,28,34,19,21,28,26,19,23,30,26,22,32,26,20,20,23,25,26,29,30,26,22,35,28,34,32,27,25,26,24,27,32,25,27,32,24,28,30,32,25,28,29,32,25,28,39,27,23,25,28,32,32,28,26,29,24,29,24,29,24,24,29,27,42,28,25,26,22,26,28,27,36,29,30,23,26,22,27,26,25,32,28,26,35,32,31,31,25,36,32,39,28,28,31,28,31,27,33,38,31,36,32,27,31,27,27,29,22,33,26,25,29,35,26,31,26,29,29,26,29,20,28,23,33,32,38,24,30,24,29,24,29,31,38,26,29,21,23,24
STAT,match,Iterations,208,15049204,42857,41238,59887,53824,57494,69886,58973,61877,57731,51953,59208,47167,46396,66874,54522,55027,50278,64245,72438,60786,58295,49439,49245,62928,57499,57730,65075,60232,68235,71171,74949,80120,65555,79240,71800,65827,63296,71381,79210,53573,63233,51732,66841,52113,54971,52885,67517,55819,60975,54949,76304,60460,69650,74136,66797,57788,74400,64201,71750,96283,72864,56843,57315,70810,73676,63672,77527,78696,57226,74037,67170,73043,81019,75225,72404,53370,101120,45266,80069,87065,65418,99994,74732,88764,89763,82492,93667,90100,62920,57233,87545,63094,84947,91372,84685,75407,90674,77454,77508,90362,56250,90558,77492,74994,91517,88658,66526,87465,85342,78998,87709,76786,72441,83234,68592,75154,104698,73647,65518,65616,77890,71382,86074,70457,70146,76222,76059,71971,76063,75015,77156,88143,58096,90783,72771,81246,70950,90187,86159,81814,68361,66270,74319,86978,64691,60082,75825,84178,92921,73251,85806,70376,80447,80076,72255,79427,78457,68928,91966,93831,70812,86314,61709,71062,83108,80324,85566,79583,68531,74004,78868,70321,85792,92044,81002,87797,87885,67902,83190,76612,75194,82094,79084,75036,57732,66345,54731,66436,74191,68866,69421,81918,85516,48235,69804,76758,61006,61872,77770,90693,78291,81404,82762,78248,65542,83147,64109,75536
STAT,popedge,Conflicts,208,0,0,0,0,0,0,0,0,0,0,0,0,0,0,0,0,0,0,0,0,0,0,0,0,0,0,0,0,0,0,0,0,0,0,0,0,0,0,0,0,0,0,0,0,0,0,0,0,0,0,0,0,0,0,0,0,0,0,0,0,0,0,0,0,0,0,0,0,0,0,0,0,0,0,0,0,0,0,0,0,0,0,0,0,0,0,0,0,0,0,0,0,0,0,0,0,0,0,0,0,0,0,0,0,0,0,0,0,0,0,0,0,0,0,0,0,0,0,0,0,0,0,0,0,0,0,0,0,0,0,0,0,0,0,0,0,0,0,0,0,0,0,0,0,0,0,0,0,0,0,0,0,0,0,0,0,0,0,0,0,0,0,0,0,0,0,0,0,0,0,0,0,0,0,0,0,0,0,0,0,0,0,0,0,0,0,0,0,0,0,0,0,0,0,0,0,0,0,0,0,0,0,0,0,0,0,0,0,0
STAT,popedge,Iterations,208,7371235,32046,32625,33006,32776,32960,31424,31693,33339,32180,32313,32873,33634,31657,32127,32636,35332,31283,33284,31981,32160,33614,32413,33632,33470,32657,36950,35716,36507,36826,37741,37153,37433,38416,38776,38193,35532,36431,35993,36844,37647,37748,37655,36488,36015,37024,39474,34743,38460,36496,37487,37384,37459,39060,38453,37326,38792,38232,36698,37634,37495,36961,33779,33854,33195,31605,32111,32920,32169,35058,30242,32359,30419,33206,31737,32143,30877,33698,30974,31539,31231,33240,34869,33374,31379,31379,32495,36963,37000,37726,37177,38800,36924,39045,36553,36652,39812,34908,37206,38468,36997,37156,39148,36356,36346,37343,39492,37444,36245,39184,38923,38642,38965,38255,40665,38062,40738,39775,38545,37776,38860,38920,37761,32301,32889,33467,32968,31348,32258,32598,32473,32186,32372,32085,33498,32797,33082,31645,32085,32785,33740,33846,34568,33434,30960,33742,33528,32880,39422,38045,37461,37623,38571,35834,38658,39280,36045,36855,37903,38718,40231,39089,38089,39802,37287,35316,36415,37991,40663,36943,40633,36351,37737,38255,37824,38781,40746,38723,39051,39011,37318,38859,41532,38812,32309,33620,34752,33730,31607,33923,32668,35746,31907,31651,34226,35040,30604,34904,31566,33494,32301,34931,31085,33169,33481,33589,34055,33938,34489
STAT,refine,Conflicts,208,6256,119,130,130,119,96,114,109,107,92,84,92,79,93,89,88,78,65,66,66,58,73,50,73,61,64,60,70,61,64,51,62,49,38,45,40,31,37,46,44,39,43,40,35,31,36,34,31,45,47,37,31,30,34,44,33,38,46,33,35,34,39,14,15,15,12,9,15,17,13,30,7,20,6,15,10,15,14,14,17,10,17,22,7,25,16,19,18,25,26,30,16,18,20,28,25,24,13,19,31,30,20,21,14,13,12,22,19,29,25,18,13,19,26,22,19,17,26,19,17,21,19,21,14,17,19,11,11,13,15,22,15,10,21,11,11,18,19,23,25,19,14,15,13,16,14,23,13,27,35,15,22,9,16,22,16,21,22,12,18,19,14,20,23,15,15,12,22,21,19,10,20,20,16,13,14,25,13,20,26,19,14,16,23,5,17,20,11,15,9,12,17,11,17,15,14,12,16,11,11,21,22,18,16,13,12,14,14,10
STAT,refine,Iterations,208,43556,368,419,347,299,315,325,302,371,342,341,273,286,264,435,321,309,209,214,216,236,336,297,304,167,225,254,258,230,255,178,220,250,275,295,246,178,240,199,159,193,190,203,233,220,265,203,166,237,255,225,238,170,149,265,165,350,372,194,149,201,268,150,136,107,113,168,175,132,214,209,139,146,153,200,165,186,190,117,237,159,196,225,184,225,197,217,239,196,211,207,108,175,223,242,186,257,129,212,263,215,221,124,150,200,201,380,209,250,306,194,208,178,198,201,188,206,311,227,233,227,188,208,141,146,157,138,127,131,178,216,212,118,147,151,139,248,126,186,170,246,214,237,225,178,207,161,183,199,236,176,244,150,158,217,148,165,161,168,305,303,163,182,114,147,162,219,240,264,183,166,259,162,221,215,201,295,222,213,280,232,163,202,252,134,206,183,93,126,134,145,198,218,155,106,103,137,225,69,190,114,187,174,201,189,192,266,199,163
