Hello from MIC
Galois Benchmark Suite v2.2.0 (r0)
Copyright (C) 2013 The University of Texas at Austin
http://iss.ices.utexas.edu/galois/

application: GMetis
Partitions a graph into K parts and minimizing the graph cut
http://iss.ices.utexas.edu/?p=projects/galois/benchmarks/gMetis

INFO: CommandLine /work/02556/dpereira/MIC/apps/gmetis/gmetis -t=127 /work/02556/dpereira/Inputs/USA-road-d.W.gr 128
INFO: Hostname c558-001-mic0.stampede.tacc.utexas.edu
Created Graph with 6262104 nodes and 15248146 edges
Nodes 6262104| Edges 15248146 7624073

  Starting coarsening: 
Time coarsen:  2407 Size of final graph: 3080

  Sarting initial partitioning using GGGP:
Size in decade percentages:  -1,4 -0,118 1,6
Time clustering:  425

  Sarting refinnement with BKL2
Initial dist
Size in decade percentages:  -1,4 -0,118 1,6
Refined dist
Size in decade percentages:  -1,46 0,34 1,48
Time refinement:  1396


Time:  4405
Total edge cut : 8111

Part saved in : 0x7fff2075aee0
STATTYPE,LOOP,CATEGORY,n,sum,T0,T1,T2,T3,T4,T5,T6,T7,T8,T9,T10,T11,T12,T13,T14,T15,T16,T17,T18,T19,T20,T21,T22,T23,T24,T25,T26,T27,T28,T29,T30,T31,T32,T33,T34,T35,T36,T37,T38,T39,T40,T41,T42,T43,T44,T45,T46,T47,T48,T49,T50,T51,T52,T53,T54,T55,T56,T57,T58,T59,T60,T61,T62,T63,T64,T65,T66,T67,T68,T69,T70,T71,T72,T73,T74,T75,T76,T77,T78,T79,T80,T81,T82,T83,T84,T85,T86,T87,T88,T89,T90,T91,T92,T93,T94,T95,T96,T97,T98,T99,T100,T101,T102,T103,T104,T105,T106,T107,T108,T109,T110,T111,T112,T113,T114,T115,T116,T117,T118,T119,T120,T121,T122,T123,T124,T125,T126
STAT,(NULL),Coarsen,127,2407,2407,0,0,0,0,0,0,0,0,0,0,0,0,0,0,0,0,0,0,0,0,0,0,0,0,0,0,0,0,0,0,0,0,0,0,0,0,0,0,0,0,0,0,0,0,0,0,0,0,0,0,0,0,0,0,0,0,0,0,0,0,0,0,0,0,0,0,0,0,0,0,0,0,0,0,0,0,0,0,0,0,0,0,0,0,0,0,0,0,0,0,0,0,0,0,0,0,0,0,0,0,0,0,0,0,0,0,0,0,0,0,0,0,0,0,0,0,0,0,0,0,0,0,0,0,0,0
STAT,(NULL),Conflicts,127,0,0,0,0,0,0,0,0,0,0,0,0,0,0,0,0,0,0,0,0,0,0,0,0,0,0,0,0,0,0,0,0,0,0,0,0,0,0,0,0,0,0,0,0,0,0,0,0,0,0,0,0,0,0,0,0,0,0,0,0,0,0,0,0,0,0,0,0,0,0,0,0,0,0,0,0,0,0,0,0,0,0,0,0,0,0,0,0,0,0,0,0,0,0,0,0,0,0,0,0,0,0,0,0,0,0,0,0,0,0,0,0,0,0,0,0,0,0,0,0,0,0,0,0,0,0,0,0
STAT,(NULL),Iterations,127,255,8,0,2,0,3,3,2,0,2,6,4,3,0,0,4,6,3,3,0,0,5,3,0,0,2,2,0,3,1,0,2,2,2,0,3,0,2,2,3,5,3,3,5,3,6,2,4,6,3,4,0,1,1,0,0,1,0,2,2,1,0,1,3,3,0,1,3,2,2,0,7,0,0,0,1,0,2,1,3,2,2,3,2,1,2,5,0,0,3,0,0,2,4,0,1,2,1,1,0,6,0,1,2,4,4,5,4,3,4,1,2,1,4,0,5,2,0,0,5,1,1,0,5,0,1,1,0
STAT,(NULL),MeminfoPost,127,756723,5966,5967,5965,5968,5955,5951,5969,5992,6023,5941,5955,5951,5970,5982,5960,5964,5944,5948,5986,5947,5938,5960,5959,5975,5970,5966,5933,5969,5978,6033,5961,5948,5951,5963,5980,5971,5968,5941,5950,5968,5958,5945,5954,5970,5958,5994,5955,5965,5967,5955,5952,5948,5963,5934,5945,5971,5961,5953,5944,5936,5938,5952,5979,5983,5950,5945,5975,5937,5925,5952,5964,5975,5974,5951,5939,5955,5948,5938,5937,5941,5958,5938,5960,5996,5996,5950,5945,5966,5928,5947,5963,5978,5955,5947,5952,5946,5933,5938,5957,5942,5996,5998,5972,5942,5939,5954,5984,5993,5984,5974,5941,5960,5957,5947,5929,5940,5938,5969,5926,5940,5929,5963,5947,5961,5956,5960,5957
STAT,(NULL),MeminfoPre,127,189160,1497,1498,1496,1499,1486,1482,1500,1523,1554,1472,1486,1482,1501,1513,1491,1495,1475,1479,1517,1478,1469,1491,1490,1506,1501,1497,1464,1500,1509,1564,1492,1479,1482,1494,1511,1502,1499,1472,1481,1499,1489,1476,1485,1501,1489,1525,1486,1496,1498,1486,1483,1479,1494,1465,1476,1502,1492,1484,1475,1467,1469,1483,1510,1514,1481,1476,1506,1468,1456,1483,1495,1506,1505,1482,1470,1486,1479,1469,1468,1472,1489,1469,1491,1527,1527,1481,1476,1497,1459,1478,1494,1509,1486,1478,1483,1477,1464,1469,1488,1473,1527,1529,1503,1473,1470,1485,1515,1524,1515,1505,1472,1491,1488,1478,1460,1471,1469,1500,1457,1471,1460,1494,1478,1492,1487,1491,1488
STAT,(NULL),Partition,127,425,425,0,0,0,0,0,0,0,0,0,0,0,0,0,0,0,0,0,0,0,0,0,0,0,0,0,0,0,0,0,0,0,0,0,0,0,0,0,0,0,0,0,0,0,0,0,0,0,0,0,0,0,0,0,0,0,0,0,0,0,0,0,0,0,0,0,0,0,0,0,0,0,0,0,0,0,0,0,0,0,0,0,0,0,0,0,0,0,0,0,0,0,0,0,0,0,0,0,0,0,0,0,0,0,0,0,0,0,0,0,0,0,0,0,0,0,0,0,0,0,0,0,0,0,0,0,0
STAT,(NULL),Refine,127,1396,1396,0,0,0,0,0,0,0,0,0,0,0,0,0,0,0,0,0,0,0,0,0,0,0,0,0,0,0,0,0,0,0,0,0,0,0,0,0,0,0,0,0,0,0,0,0,0,0,0,0,0,0,0,0,0,0,0,0,0,0,0,0,0,0,0,0,0,0,0,0,0,0,0,0,0,0,0,0,0,0,0,0,0,0,0,0,0,0,0,0,0,0,0,0,0,0,0,0,0,0,0,0,0,0,0,0,0,0,0,0,0,0,0,0,0,0,0,0,0,0,0,0,0,0,0,0,0
STAT,(NULL),Threads,127,127,127,0,0,0,0,0,0,0,0,0,0,0,0,0,0,0,0,0,0,0,0,0,0,0,0,0,0,0,0,0,0,0,0,0,0,0,0,0,0,0,0,0,0,0,0,0,0,0,0,0,0,0,0,0,0,0,0,0,0,0,0,0,0,0,0,0,0,0,0,0,0,0,0,0,0,0,0,0,0,0,0,0,0,0,0,0,0,0,0,0,0,0,0,0,0,0,0,0,0,0,0,0,0,0,0,0,0,0,0,0,0,0,0,0,0,0,0,0,0,0,0,0,0,0,0,0,0
STAT,(NULL),Time,127,4405,4405,0,0,0,0,0,0,0,0,0,0,0,0,0,0,0,0,0,0,0,0,0,0,0,0,0,0,0,0,0,0,0,0,0,0,0,0,0,0,0,0,0,0,0,0,0,0,0,0,0,0,0,0,0,0,0,0,0,0,0,0,0,0,0,0,0,0,0,0,0,0,0,0,0,0,0,0,0,0,0,0,0,0,0,0,0,0,0,0,0,0,0,0,0,0,0,0,0,0,0,0,0,0,0,0,0,0,0,0,0,0,0,0,0,0,0,0,0,0,0,0,0,0,0,0,0,0
STAT,match,Conflicts,127,5872,79,78,68,73,58,78,63,68,84,61,62,68,70,60,71,56,71,60,53,57,74,63,43,60,57,42,53,60,44,57,59,51,48,52,53,62,52,51,52,45,49,57,47,35,45,42,51,56,47,39,51,58,57,40,39,50,58,56,51,45,57,41,26,33,35,36,33,32,37,28,44,36,43,44,36,40,28,27,40,40,34,50,33,36,39,38,33,43,45,32,32,35,34,45,34,35,47,34,35,43,28,33,44,31,33,32,37,43,27,33,34,39,48,46,35,36,40,38,43,39,34,39,39,37,33,32,37
STAT,match,Iterations,127,14986381,76945,77818,86939,82619,95198,112746,95049,109386,76391,116845,122929,113463,104219,112263,105635,87303,101772,130116,124643,115257,125577,84060,128707,109296,108177,120790,110720,103953,101267,100354,111050,107997,131325,111229,103344,105152,115932,107227,118915,106487,91545,125387,100931,109055,99323,105789,113336,102678,116681,122648,123060,100341,106502,122823,105009,121282,113659,91632,124651,125528,109240,90392,113980,108242,114523,102468,142178,134533,131831,146485,124672,127380,117805,123868,140358,139076,143133,138960,140370,111703,142433,129026,123723,132588,117320,142617,135184,117529,129292,135367,124562,123130,143686,119700,142193,132349,111949,125111,126790,126583,126391,120072,127468,135630,115034,124883,127423,102777,147079,136119,136530,124739,139694,108722,132823,120457,123626,147643,125405,126506,147495,138698,120909,109886,117440,115221,124427
STAT,popedge,Conflicts,127,0,0,0,0,0,0,0,0,0,0,0,0,0,0,0,0,0,0,0,0,0,0,0,0,0,0,0,0,0,0,0,0,0,0,0,0,0,0,0,0,0,0,0,0,0,0,0,0,0,0,0,0,0,0,0,0,0,0,0,0,0,0,0,0,0,0,0,0,0,0,0,0,0,0,0,0,0,0,0,0,0,0,0,0,0,0,0,0,0,0,0,0,0,0,0,0,0,0,0,0,0,0,0,0,0,0,0,0,0,0,0,0,0,0,0,0,0,0,0,0,0,0,0,0,0,0,0,0
STAT,popedge,Iterations,127,7342019,54607,51910,50280,52224,50979,57587,60529,57911,56355,61010,57878,60042,50354,57126,62231,60731,60538,61078,57833,61160,59264,59180,59365,55892,58726,60033,62585,60487,57683,55258,58060,59040,55484,56950,58607,59060,58523,57875,57745,56758,59838,56201,58857,53803,55627,55253,54917,54341,56389,54254,57936,62352,58323,62262,60652,57902,56788,61624,60788,57816,61070,54015,49286,49782,50953,51606,60482,60541,62706,59981,60823,58122,62597,50170,56440,57373,58311,59390,59974,59392,60214,62344,59166,60200,58437,56648,57824,61468,58052,55970,56394,57558,56733,56891,59160,55818,57646,60353,58175,57500,57215,57148,56338,57122,54826,54067,59000,58831,62198,60821,59800,61768,57015,61497,62371,64790,64849,60463,61400,60906,60368,60722,48232,50328,50385,52860,52273
STAT,refine,Conflicts,127,5111,124,125,108,100,92,103,94,86,77,69,86,80,69,78,85,55,72,58,52,54,68,61,61,63,57,61,61,56,51,64,42,42,44,41,39,47,38,44,40,43,46,41,45,46,38,44,37,35,36,46,31,35,32,32,36,35,45,30,43,42,44,26,22,26,29,22,24,35,27,30,32,23,23,17,24,24,24,22,29,25,29,20,28,29,24,32,21,30,23,29,27,21,24,27,20,22,20,19,22,22,26,32,27,26,26,22,30,24,13,21,24,14,26,21,18,24,22,26,19,27,29,27,25,17,17,25,21
STAT,refine,Iterations,127,134437,960,1025,880,981,945,1133,963,1429,995,1238,1068,1219,900,1253,1207,825,970,1071,1093,1180,1302,830,1172,1153,1182,1008,1138,979,1067,1317,885,1148,1133,876,984,1019,1217,723,1039,1070,984,946,1114,1042,1019,1322,1015,965,954,981,859,805,1417,1013,843,1299,887,734,929,990,971,878,957,955,927,1089,1345,990,976,1066,1366,1097,1300,912,1000,1194,774,819,1014,920,1259,1238,1011,1556,1364,1317,1073,1438,893,1052,1302,1192,868,1060,1154,965,1001,1129,858,1078,1476,1702,912,1171,913,1056,1351,1236,1299,799,943,972,883,1092,874,969,1087,989,843,1177,1092,1016,933,953,848,895,903
