Hello from MIC
Galois Benchmark Suite v2.2.0 (r0)
Copyright (C) 2013 The University of Texas at Austin
http://iss.ices.utexas.edu/galois/

application: GMetis
Partitions a graph into K parts and minimizing the graph cut
http://iss.ices.utexas.edu/?p=projects/galois/benchmarks/gMetis

INFO: CommandLine /work/02556/dpereira/MIC/apps/gmetis/gmetis -t=104 /work/02556/dpereira/Inputs/USA-road-d.W.gr 128
INFO: Hostname c558-001-mic0.stampede.tacc.utexas.edu
Created Graph with 6262104 nodes and 15248146 edges
Nodes 6262104| Edges 15248146 7624073

  Starting coarsening: 
Time coarsen:  2249 Size of final graph: 3067

  Sarting initial partitioning using GGGP:
Size in decade percentages:  -1,7 -0,115 1,6
Time clustering:  416

  Sarting refinnement with BKL2
Initial dist
Size in decade percentages:  -1,7 -0,115 1,6
Refined dist
Size in decade percentages:  -1,41 0,42 1,45
Time refinement:  1062


Time:  3904
Total edge cut : 8118

Part saved in : 0x7fff183882e0
STATTYPE,LOOP,CATEGORY,n,sum,T0,T1,T2,T3,T4,T5,T6,T7,T8,T9,T10,T11,T12,T13,T14,T15,T16,T17,T18,T19,T20,T21,T22,T23,T24,T25,T26,T27,T28,T29,T30,T31,T32,T33,T34,T35,T36,T37,T38,T39,T40,T41,T42,T43,T44,T45,T46,T47,T48,T49,T50,T51,T52,T53,T54,T55,T56,T57,T58,T59,T60,T61,T62,T63,T64,T65,T66,T67,T68,T69,T70,T71,T72,T73,T74,T75,T76,T77,T78,T79,T80,T81,T82,T83,T84,T85,T86,T87,T88,T89,T90,T91,T92,T93,T94,T95,T96,T97,T98,T99,T100,T101,T102,T103
STAT,(NULL),Coarsen,104,2249,2249,0,0,0,0,0,0,0,0,0,0,0,0,0,0,0,0,0,0,0,0,0,0,0,0,0,0,0,0,0,0,0,0,0,0,0,0,0,0,0,0,0,0,0,0,0,0,0,0,0,0,0,0,0,0,0,0,0,0,0,0,0,0,0,0,0,0,0,0,0,0,0,0,0,0,0,0,0,0,0,0,0,0,0,0,0,0,0,0,0,0,0,0,0,0,0,0,0,0,0,0,0,0,0
STAT,(NULL),Conflicts,104,0,0,0,0,0,0,0,0,0,0,0,0,0,0,0,0,0,0,0,0,0,0,0,0,0,0,0,0,0,0,0,0,0,0,0,0,0,0,0,0,0,0,0,0,0,0,0,0,0,0,0,0,0,0,0,0,0,0,0,0,0,0,0,0,0,0,0,0,0,0,0,0,0,0,0,0,0,0,0,0,0,0,0,0,0,0,0,0,0,0,0,0,0,0,0,0,0,0,0,0,0,0,0,0,0
STAT,(NULL),Iterations,104,255,8,4,2,3,0,2,3,0,4,0,3,1,9,3,1,0,4,3,2,0,5,0,5,0,0,4,4,3,0,1,2,0,4,2,0,2,0,3,1,2,5,3,1,3,3,3,3,2,1,3,4,1,3,0,5,0,3,3,2,3,2,7,4,2,1,2,1,3,1,0,1,1,3,6,1,2,2,5,6,2,2,9,2,6,2,2,2,2,4,1,0,2,2,5,2,7,0,2,0,0,4,1,4,1
STAT,(NULL),MeminfoPost,104,756395,7269,7299,7279,7274,7272,7285,7346,7274,7268,7267,7284,7291,7287,7255,7275,7280,7253,7272,7280,7294,7263,7270,7282,7314,7338,7256,7259,7285,7301,7279,7261,7262,7297,7260,7259,7284,7268,7315,7267,7289,7268,7266,7257,7269,7250,7286,7272,7261,7255,7243,7261,7316,7278,7254,7287,7244,7241,7281,7290,7282,7260,7270,7257,7248,7245,7252,7270,7271,7320,7304,7250,7279,7235,7269,7290,7275,7264,7258,7255,7250,7260,7262,7316,7316,7258,7250,7268,7320,7300,7304,7255,7269,7269,7245,7249,7278,7243,7251,7231,7275,7260,7278,7275,7267
STAT,(NULL),MeminfoPre,104,189075,1814,1844,1824,1819,1817,1830,1891,1819,1813,1812,1829,1836,1832,1800,1820,1825,1798,1817,1825,1839,1808,1815,1827,1859,1883,1801,1804,1830,1846,1824,1806,1807,1842,1805,1804,1829,1813,1860,1812,1834,1813,1811,1802,1814,1795,1831,1817,1806,1800,1788,1806,1861,1823,1799,1832,1789,1786,1826,1835,1827,1805,1815,1802,1793,1790,1797,1815,1816,1865,1849,1795,1824,1780,1814,1835,1820,1809,1803,1800,1795,1805,1807,1861,1861,1803,1795,1813,1865,1845,1849,1800,1814,1814,1790,1794,1823,1788,1796,1776,1820,1805,1823,1820,1812
STAT,(NULL),Partition,104,416,416,0,0,0,0,0,0,0,0,0,0,0,0,0,0,0,0,0,0,0,0,0,0,0,0,0,0,0,0,0,0,0,0,0,0,0,0,0,0,0,0,0,0,0,0,0,0,0,0,0,0,0,0,0,0,0,0,0,0,0,0,0,0,0,0,0,0,0,0,0,0,0,0,0,0,0,0,0,0,0,0,0,0,0,0,0,0,0,0,0,0,0,0,0,0,0,0,0,0,0,0,0,0,0
STAT,(NULL),Refine,104,1062,1062,0,0,0,0,0,0,0,0,0,0,0,0,0,0,0,0,0,0,0,0,0,0,0,0,0,0,0,0,0,0,0,0,0,0,0,0,0,0,0,0,0,0,0,0,0,0,0,0,0,0,0,0,0,0,0,0,0,0,0,0,0,0,0,0,0,0,0,0,0,0,0,0,0,0,0,0,0,0,0,0,0,0,0,0,0,0,0,0,0,0,0,0,0,0,0,0,0,0,0,0,0,0,0
STAT,(NULL),Threads,104,104,104,0,0,0,0,0,0,0,0,0,0,0,0,0,0,0,0,0,0,0,0,0,0,0,0,0,0,0,0,0,0,0,0,0,0,0,0,0,0,0,0,0,0,0,0,0,0,0,0,0,0,0,0,0,0,0,0,0,0,0,0,0,0,0,0,0,0,0,0,0,0,0,0,0,0,0,0,0,0,0,0,0,0,0,0,0,0,0,0,0,0,0,0,0,0,0,0,0,0,0,0,0,0,0
STAT,(NULL),Time,104,3904,3904,0,0,0,0,0,0,0,0,0,0,0,0,0,0,0,0,0,0,0,0,0,0,0,0,0,0,0,0,0,0,0,0,0,0,0,0,0,0,0,0,0,0,0,0,0,0,0,0,0,0,0,0,0,0,0,0,0,0,0,0,0,0,0,0,0,0,0,0,0,0,0,0,0,0,0,0,0,0,0,0,0,0,0,0,0,0,0,0,0,0,0,0,0,0,0,0,0,0,0,0,0,0,0
STAT,match,Conflicts,104,6200,80,96,95,94,86,75,96,88,86,85,80,93,80,82,67,62,67,80,73,68,72,93,70,79,62,75,76,63,95,88,59,75,74,65,70,68,56,88,70,71,38,57,65,54,45,50,48,41,42,44,44,51,38,52,60,37,44,31,50,38,40,36,44,42,51,51,41,47,53,59,56,49,49,44,54,55,48,41,45,45,47,34,69,53,50,47,48,40,43,62,78,41,54,67,56,55,45,53,63,59,39,35,37,44
STAT,match,Iterations,104,14979350,134732,113524,133345,126415,119969,118421,122740,134708,119959,143323,120167,124315,146462,130072,152002,132734,151177,130104,131653,126637,131791,115028,135205,123572,145819,141670,135352,139501,129268,133586,138860,162594,141256,128233,126188,138284,129784,132662,120834,122017,133117,132174,143492,154132,167164,141338,165256,149259,162161,156873,158643,134053,177306,161775,151949,160432,165144,164894,146244,178496,159119,156346,145752,148997,145999,156020,147490,139694,143217,133747,145616,147843,171332,162887,147650,151027,146239,163857,151235,160073,144876,150532,152911,135352,139346,142606,148327,140331,156177,144999,147497,150101,135833,156340,148727,157493,162365,154270,152266,133802,154206,156974,149077,152937
STAT,popedge,Conflicts,104,0,0,0,0,0,0,0,0,0,0,0,0,0,0,0,0,0,0,0,0,0,0,0,0,0,0,0,0,0,0,0,0,0,0,0,0,0,0,0,0,0,0,0,0,0,0,0,0,0,0,0,0,0,0,0,0,0,0,0,0,0,0,0,0,0,0,0,0,0,0,0,0,0,0,0,0,0,0,0,0,0,0,0,0,0,0,0,0,0,0,0,0,0,0,0,0,0,0,0,0,0,0,0,0,0
STAT,popedge,Iterations,104,7339265,70227,69321,69713,68514,71504,60539,68748,65718,68029,67542,69043,67998,67218,69775,67491,68982,69569,68821,69661,68845,69484,70612,66332,69299,63777,69352,70695,69359,71743,71903,71838,69094,72895,72607,69979,67555,65847,66305,67533,65986,65045,67547,71132,77022,75186,77941,72082,77073,73898,76606,77675,74174,79432,83226,83448,82313,86066,75108,78109,79333,77164,68037,70697,68594,69258,68381,61150,70229,66173,67527,68088,65846,66567,70397,67592,68271,67871,67811,68867,67707,67076,69223,67124,66272,67757,66931,68358,70947,71661,74198,73573,74592,74128,72297,75354,72301,67882,72834,65302,72947,69946,70667,70990,68809
STAT,refine,Conflicts,104,4474,106,117,102,100,91,95,86,79,72,86,83,66,71,73,65,60,63,59,79,56,65,75,50,61,54,51,60,50,49,52,48,47,47,36,26,41,44,55,44,33,40,40,44,45,35,31,41,32,34,29,39,33,41,39,23,35,27,33,32,22,35,26,29,28,30,28,23,23,29,17,32,20,19,31,23,27,25,31,29,25,27,38,27,24,27,28,32,32,22,27,26,21,29,36,25,22,28,33,28,21,17,32,28,22
STAT,refine,Iterations,104,134890,1132,1456,1218,1073,1320,1279,1840,1368,1093,1200,1186,1132,1381,1278,1538,1286,1601,1119,1285,1248,1161,1243,1208,1557,1637,1056,1351,1236,1332,986,1458,1023,1452,1103,962,1129,846,1501,963,976,1109,1183,1226,1251,970,1390,1117,1255,1366,1484,1505,1517,1687,1270,1509,1143,1197,1390,1337,1186,1348,1543,1467,1336,1163,1345,1413,1602,1522,1597,1357,1248,989,1407,1541,1208,1213,1626,1144,1336,1286,1387,1491,1512,1256,1258,1417,1565,1152,1361,1068,1711,1083,1492,1081,1110,1256,1187,1319,1063,1051,1448,1274,1352
