Hello from MIC
Galois Benchmark Suite v2.2.0 (r0)
Copyright (C) 2013 The University of Texas at Austin
http://iss.ices.utexas.edu/galois/

application: GMetis
Partitions a graph into K parts and minimizing the graph cut
http://iss.ices.utexas.edu/?p=projects/galois/benchmarks/gMetis

INFO: CommandLine /work/02556/dpereira/MIC/apps/gmetis/gmetis -t=121 /work/02556/dpereira/Inputs/USA-road-d.W.gr 1024
INFO: Hostname c558-401-mic0.stampede.tacc.utexas.edu
Created Graph with 6262104 nodes and 15248146 edges
Nodes 6262104| Edges 15248146 7624073

  Starting coarsening: 
Time coarsen:  2113 Size of final graph: 21586

  Sarting initial partitioning using GGGP:
Size in decade percentages:  -1,84 -0,869 1,71
Time clustering:  911

  Sarting refinnement with BKL2
Initial dist
Size in decade percentages:  -1,84 -0,869 1,71
Refined dist
Size in decade percentages:  -2,1 -1,364 0,269 1,389 3,1
Time refinement:  1201


Time:  4404
Total edge cut : 31902

Part saved in : 0x7fffbe08b5e0
STATTYPE,LOOP,CATEGORY,n,sum,T0,T1,T2,T3,T4,T5,T6,T7,T8,T9,T10,T11,T12,T13,T14,T15,T16,T17,T18,T19,T20,T21,T22,T23,T24,T25,T26,T27,T28,T29,T30,T31,T32,T33,T34,T35,T36,T37,T38,T39,T40,T41,T42,T43,T44,T45,T46,T47,T48,T49,T50,T51,T52,T53,T54,T55,T56,T57,T58,T59,T60,T61,T62,T63,T64,T65,T66,T67,T68,T69,T70,T71,T72,T73,T74,T75,T76,T77,T78,T79,T80,T81,T82,T83,T84,T85,T86,T87,T88,T89,T90,T91,T92,T93,T94,T95,T96,T97,T98,T99,T100,T101,T102,T103,T104,T105,T106,T107,T108,T109,T110,T111,T112,T113,T114,T115,T116,T117,T118,T119,T120
STAT,(NULL),Coarsen,121,2113,2113,0,0,0,0,0,0,0,0,0,0,0,0,0,0,0,0,0,0,0,0,0,0,0,0,0,0,0,0,0,0,0,0,0,0,0,0,0,0,0,0,0,0,0,0,0,0,0,0,0,0,0,0,0,0,0,0,0,0,0,0,0,0,0,0,0,0,0,0,0,0,0,0,0,0,0,0,0,0,0,0,0,0,0,0,0,0,0,0,0,0,0,0,0,0,0,0,0,0,0,0,0,0,0,0,0,0,0,0,0,0,0,0,0,0,0,0,0,0,0,0
STAT,(NULL),Conflicts,121,0,0,0,0,0,0,0,0,0,0,0,0,0,0,0,0,0,0,0,0,0,0,0,0,0,0,0,0,0,0,0,0,0,0,0,0,0,0,0,0,0,0,0,0,0,0,0,0,0,0,0,0,0,0,0,0,0,0,0,0,0,0,0,0,0,0,0,0,0,0,0,0,0,0,0,0,0,0,0,0,0,0,0,0,0,0,0,0,0,0,0,0,0,0,0,0,0,0,0,0,0,0,0,0,0,0,0,0,0,0,0,0,0,0,0,0,0,0,0,0,0,0
STAT,(NULL),Iterations,121,2047,11,12,21,21,19,12,16,13,14,16,16,23,17,17,16,16,10,24,17,11,15,11,14,10,16,15,14,21,22,18,18,25,15,18,14,30,24,18,12,19,16,15,22,22,12,14,18,19,23,17,19,21,12,16,13,13,19,12,19,26,20,12,12,15,17,25,17,14,10,10,24,10,18,11,17,18,20,6,21,13,18,13,14,12,15,14,14,36,12,20,23,14,15,8,23,25,10,32,16,29,23,15,10,15,22,10,8,15,23,19,11,26,10,24,16,8,31,18,15,17,19
STAT,(NULL),MeminfoPost,121,756778,6261,6260,6270,6252,6250,6255,6274,6315,6277,6241,6240,6268,6274,6259,6270,6233,6245,6283,6242,6235,6258,6253,6273,6261,6255,6248,6268,6293,6309,6239,6244,6250,6268,6278,6261,6244,6242,6263,6259,6241,6247,6267,6250,6299,6242,6268,6254,6261,6245,6236,6255,6226,6258,6266,6245,6247,6238,6229,6247,6270,6282,6243,6240,6270,6230,6222,6254,6262,6273,6258,6242,6252,6242,6243,6224,6240,6250,6234,6251,6292,6294,6245,6240,6261,6220,6251,6261,6267,6245,6250,6243,6235,6233,6246,6228,6289,6294,6273,6243,6235,6246,6283,6287,6282,6267,6235,6255,6248,6235,6229,6240,6263,6227,6234,6226,6250,6238,6254,6253,6256,6252
STAT,(NULL),MeminfoPre,121,189167,1570,1569,1579,1561,1559,1564,1583,1624,1586,1550,1549,1577,1583,1568,1579,1542,1554,1592,1551,1544,1567,1562,1582,1570,1564,1557,1577,1602,1618,1548,1553,1559,1577,1587,1570,1553,1551,1572,1568,1550,1556,1576,1559,1608,1551,1577,1563,1570,1554,1545,1564,1535,1567,1575,1554,1556,1547,1538,1556,1579,1591,1552,1549,1579,1539,1531,1563,1571,1582,1567,1551,1561,1551,1552,1533,1549,1559,1543,1560,1601,1603,1554,1549,1570,1529,1560,1570,1576,1554,1559,1552,1544,1542,1555,1537,1598,1603,1582,1552,1544,1555,1592,1596,1591,1576,1544,1564,1557,1544,1538,1549,1572,1536,1543,1535,1559,1547,1563,1562,1565,1561
STAT,(NULL),Partition,121,911,911,0,0,0,0,0,0,0,0,0,0,0,0,0,0,0,0,0,0,0,0,0,0,0,0,0,0,0,0,0,0,0,0,0,0,0,0,0,0,0,0,0,0,0,0,0,0,0,0,0,0,0,0,0,0,0,0,0,0,0,0,0,0,0,0,0,0,0,0,0,0,0,0,0,0,0,0,0,0,0,0,0,0,0,0,0,0,0,0,0,0,0,0,0,0,0,0,0,0,0,0,0,0,0,0,0,0,0,0,0,0,0,0,0,0,0,0,0,0,0,0
STAT,(NULL),Refine,121,1201,1201,0,0,0,0,0,0,0,0,0,0,0,0,0,0,0,0,0,0,0,0,0,0,0,0,0,0,0,0,0,0,0,0,0,0,0,0,0,0,0,0,0,0,0,0,0,0,0,0,0,0,0,0,0,0,0,0,0,0,0,0,0,0,0,0,0,0,0,0,0,0,0,0,0,0,0,0,0,0,0,0,0,0,0,0,0,0,0,0,0,0,0,0,0,0,0,0,0,0,0,0,0,0,0,0,0,0,0,0,0,0,0,0,0,0,0,0,0,0,0,0
STAT,(NULL),Threads,121,121,121,0,0,0,0,0,0,0,0,0,0,0,0,0,0,0,0,0,0,0,0,0,0,0,0,0,0,0,0,0,0,0,0,0,0,0,0,0,0,0,0,0,0,0,0,0,0,0,0,0,0,0,0,0,0,0,0,0,0,0,0,0,0,0,0,0,0,0,0,0,0,0,0,0,0,0,0,0,0,0,0,0,0,0,0,0,0,0,0,0,0,0,0,0,0,0,0,0,0,0,0,0,0,0,0,0,0,0,0,0,0,0,0,0,0,0,0,0,0,0,0
STAT,(NULL),Time,121,4404,4404,0,0,0,0,0,0,0,0,0,0,0,0,0,0,0,0,0,0,0,0,0,0,0,0,0,0,0,0,0,0,0,0,0,0,0,0,0,0,0,0,0,0,0,0,0,0,0,0,0,0,0,0,0,0,0,0,0,0,0,0,0,0,0,0,0,0,0,0,0,0,0,0,0,0,0,0,0,0,0,0,0,0,0,0,0,0,0,0,0,0,0,0,0,0,0,0,0,0,0,0,0,0,0,0,0,0,0,0,0,0,0,0,0,0,0,0,0,0,0,0
STAT,match,Conflicts,121,5634,64,75,73,62,63,72,57,59,65,51,64,80,63,52,63,63,58,60,63,80,49,58,61,63,67,52,57,49,65,59,48,40,46,45,53,46,51,46,36,47,53,36,55,48,65,54,37,51,56,48,49,55,57,48,44,35,45,54,50,58,34,28,32,34,26,26,32,34,26,40,28,33,48,33,30,45,33,45,30,42,51,34,30,33,40,47,39,36,34,38,31,39,39,40,27,38,43,43,33,37,39,49,32,42,39,51,43,26,41,53,50,46,49,36,41,47,34,41,29,45,47
STAT,match,Iterations,121,14932922,98661,79157,105011,99497,112454,117707,104979,106480,95335,106603,121459,86720,88809,116550,119432,127617,109758,104192,104645,111221,97366,119390,104891,104585,129112,115299,103898,108359,103888,103449,129939,138997,115382,108591,97850,117387,127355,128548,127432,103115,121515,117138,136356,121113,101162,112546,132205,104715,117525,101293,126810,114727,117925,124257,132502,136112,129787,106303,116140,103685,139507,156847,133363,134579,126596,136212,150410,126675,135187,145961,133550,141630,134300,131206,134437,132671,137887,109538,130547,128311,146919,117409,143722,138031,126630,133179,120010,127245,127834,132224,146548,120264,122733,122512,161073,118995,132262,139715,144314,142619,130905,121667,138026,138057,130192,125197,133868,174898,128536,132337,121716,136511,129885,133038,146766,110721,135964,134170,144484,129282,118114
STAT,popedge,Conflicts,121,0,0,0,0,0,0,0,0,0,0,0,0,0,0,0,0,0,0,0,0,0,0,0,0,0,0,0,0,0,0,0,0,0,0,0,0,0,0,0,0,0,0,0,0,0,0,0,0,0,0,0,0,0,0,0,0,0,0,0,0,0,0,0,0,0,0,0,0,0,0,0,0,0,0,0,0,0,0,0,0,0,0,0,0,0,0,0,0,0,0,0,0,0,0,0,0,0,0,0,0,0,0,0,0,0,0,0,0,0,0,0,0,0,0,0,0,0,0,0,0,0,0
STAT,popedge,Iterations,121,7314123,61400,60285,60398,61416,60997,59137,59379,58491,60206,62563,61159,64154,58978,60606,59413,60514,61169,61633,59915,61281,60915,58809,61721,61952,59583,60520,61862,59232,59578,63273,58018,57893,57037,58661,58844,60103,61443,59538,60407,61372,61116,57883,58899,58014,59884,55641,56872,59627,57702,62557,61302,61042,59952,59335,58364,59250,59936,63599,59744,61799,65266,58958,59519,59146,61695,60299,57062,59544,58947,55279,61589,58688,60225,60065,61233,61838,60349,62721,60834,58580,60095,61633,60146,60802,60429,59464,60934,59541,60467,58400,62727,60652,61576,57053,62801,59623,60404,61765,58360,58903,58625,61032,61253,61938,58471,63232,61633,65435,62511,57494,65913,61657,59738,66522,61444,63526,63273,62277,63753,59646,60765
STAT,refine,Conflicts,121,4651,91,81,81,78,77,79,79,69,66,60,62,61,53,62,67,58,50,49,55,55,43,62,55,65,62,55,50,55,56,45,50,33,46,38,29,47,41,44,36,39,37,32,41,48,38,38,47,36,39,31,42,27,39,32,26,44,40,33,41,46,46,25,23,25,25,26,26,38,28,25,23,28,25,24,26,26,25,20,26,32,29,22,25,35,35,31,30,33,25,34,31,25,25,32,29,33,33,25,32,31,25,21,21,24,26,17,22,24,22,20,21,27,16,29,22,22,23,26,23,19,23
STAT,refine,Iterations,121,429930,2600,2882,3096,2688,2504,3637,3927,4334,3421,2809,3013,2945,2422,3175,3360,3044,3192,3015,3705,3051,2884,3484,3778,2985,3443,3289,3793,4282,4074,3222,3790,3875,3676,4078,3112,3940,3832,3935,3268,3395,3613,3439,4081,4534,2875,3142,3652,2856,3533,2749,4038,2430,3619,3842,3325,3919,3412,3118,3654,3767,4914,3129,3452,3881,2232,2896,3924,4667,4103,3449,3172,3524,2877,3124,3396,3103,3697,3355,3098,4360,4648,3517,3623,4237,3028,3808,3852,4422,3627,3888,3852,3330,4064,4174,4612,4277,5102,4230,3514,3728,3384,4741,3705,4378,4172,3190,3595,4064,2706,3654,3125,4019,2263,3368,3604,3368,3764,3688,3578,3521,3604
