Hello from MIC
Galois Benchmark Suite v2.2.0 (r0)
Copyright (C) 2013 The University of Texas at Austin
http://iss.ices.utexas.edu/galois/

application: GMetis
Partitions a graph into K parts and minimizing the graph cut
http://iss.ices.utexas.edu/?p=projects/galois/benchmarks/gMetis

INFO: CommandLine /work/02556/dpereira/MIC/apps/gmetis/gmetis -t=239 /work/02556/dpereira/Inputs/USA-road-d.W.gr 128
INFO: Hostname c558-003-mic0.stampede.tacc.utexas.edu
Created Graph with 6262104 nodes and 15248146 edges
Nodes 6262104| Edges 15248146 7624073

  Starting coarsening: 
Time coarsen:  4196 Size of final graph: 3151

  Sarting initial partitioning using GGGP:
Size in decade percentages:  -1,5 -0,120 1,3
Time clustering:  455

  Sarting refinnement with BKL2
Initial dist
Size in decade percentages:  -1,5 -0,120 1,3
Refined dist
Size in decade percentages:  -1,46 -0,35 1,47
Time refinement:  2781


Time:  7613
Total edge cut : 7964

Part saved in : 0x7fff94db94e0
STATTYPE,LOOP,CATEGORY,n,sum,T0,T1,T2,T3,T4,T5,T6,T7,T8,T9,T10,T11,T12,T13,T14,T15,T16,T17,T18,T19,T20,T21,T22,T23,T24,T25,T26,T27,T28,T29,T30,T31,T32,T33,T34,T35,T36,T37,T38,T39,T40,T41,T42,T43,T44,T45,T46,T47,T48,T49,T50,T51,T52,T53,T54,T55,T56,T57,T58,T59,T60,T61,T62,T63,T64,T65,T66,T67,T68,T69,T70,T71,T72,T73,T74,T75,T76,T77,T78,T79,T80,T81,T82,T83,T84,T85,T86,T87,T88,T89,T90,T91,T92,T93,T94,T95,T96,T97,T98,T99,T100,T101,T102,T103,T104,T105,T106,T107,T108,T109,T110,T111,T112,T113,T114,T115,T116,T117,T118,T119,T120,T121,T122,T123,T124,T125,T126,T127,T128,T129,T130,T131,T132,T133,T134,T135,T136,T137,T138,T139,T140,T141,T142,T143,T144,T145,T146,T147,T148,T149,T150,T151,T152,T153,T154,T155,T156,T157,T158,T159,T160,T161,T162,T163,T164,T165,T166,T167,T168,T169,T170,T171,T172,T173,T174,T175,T176,T177,T178,T179,T180,T181,T182,T183,T184,T185,T186,T187,T188,T189,T190,T191,T192,T193,T194,T195,T196,T197,T198,T199,T200,T201,T202,T203,T204,T205,T206,T207,T208,T209,T210,T211,T212,T213,T214,T215,T216,T217,T218,T219,T220,T221,T222,T223,T224,T225,T226,T227,T228,T229,T230,T231,T232,T233,T234,T235,T236,T237,T238
STAT,(NULL),Coarsen,239,4196,4196,0,0,0,0,0,0,0,0,0,0,0,0,0,0,0,0,0,0,0,0,0,0,0,0,0,0,0,0,0,0,0,0,0,0,0,0,0,0,0,0,0,0,0,0,0,0,0,0,0,0,0,0,0,0,0,0,0,0,0,0,0,0,0,0,0,0,0,0,0,0,0,0,0,0,0,0,0,0,0,0,0,0,0,0,0,0,0,0,0,0,0,0,0,0,0,0,0,0,0,0,0,0,0,0,0,0,0,0,0,0,0,0,0,0,0,0,0,0,0,0,0,0,0,0,0,0,0,0,0,0,0,0,0,0,0,0,0,0,0,0,0,0,0,0,0,0,0,0,0,0,0,0,0,0,0,0,0,0,0,0,0,0,0,0,0,0,0,0,0,0,0,0,0,0,0,0,0,0,0,0,0,0,0,0,0,0,0,0,0,0,0,0,0,0,0,0,0,0,0,0,0,0,0,0,0,0,0,0,0,0,0,0,0,0,0,0,0,0,0,0,0,0,0,0,0,0,0,0,0,0,0,0,0,0,0,0,0,0
STAT,(NULL),Conflicts,239,0,0,0,0,0,0,0,0,0,0,0,0,0,0,0,0,0,0,0,0,0,0,0,0,0,0,0,0,0,0,0,0,0,0,0,0,0,0,0,0,0,0,0,0,0,0,0,0,0,0,0,0,0,0,0,0,0,0,0,0,0,0,0,0,0,0,0,0,0,0,0,0,0,0,0,0,0,0,0,0,0,0,0,0,0,0,0,0,0,0,0,0,0,0,0,0,0,0,0,0,0,0,0,0,0,0,0,0,0,0,0,0,0,0,0,0,0,0,0,0,0,0,0,0,0,0,0,0,0,0,0,0,0,0,0,0,0,0,0,0,0,0,0,0,0,0,0,0,0,0,0,0,0,0,0,0,0,0,0,0,0,0,0,0,0,0,0,0,0,0,0,0,0,0,0,0,0,0,0,0,0,0,0,0,0,0,0,0,0,0,0,0,0,0,0,0,0,0,0,0,0,0,0,0,0,0,0,0,0,0,0,0,0,0,0,0,0,0,0,0,0,0,0,0,0,0,0,0,0,0,0,0,0,0,0,0,0,0,0,0
STAT,(NULL),Iterations,239,255,8,0,4,0,5,1,3,0,0,4,0,1,1,0,0,3,0,1,0,0,0,0,0,0,2,2,2,3,0,2,2,0,0,1,0,3,1,2,0,3,0,3,0,3,4,4,0,0,0,0,0,0,0,0,0,4,1,1,0,0,0,1,2,1,1,0,2,1,1,0,1,0,0,0,0,0,3,2,0,0,0,2,0,1,0,3,3,4,3,3,0,0,0,4,2,0,0,0,1,0,5,2,3,2,2,0,3,0,0,4,1,1,0,0,1,3,0,1,1,0,5,2,0,1,3,0,1,0,2,0,3,2,0,0,1,0,0,0,0,0,0,0,0,0,0,0,2,0,1,0,4,0,0,0,3,1,0,1,0,0,5,2,1,0,0,1,1,6,0,0,2,0,0,0,0,2,0,0,0,1,0,4,0,1,0,0,0,0,3,0,2,0,2,0,0,0,0,1,0,0,1,0,0,0,0,0,0,1,3,0,0,0,5,1,3,3,0,0,6,3,0,4,0,0,0,1,0,0,4,2,0,0,0,0,0,1,0,0,7
STAT,(NULL),MeminfoPost,239,756818,3171,3167,3167,3172,3172,3180,3166,3164,3178,3152,3156,3175,3170,3182,3191,3212,3184,3159,3156,3165,3165,3155,3174,3169,3180,3173,3173,3173,3172,3171,3150,3164,3157,3172,3172,3178,3159,3165,3153,3162,3170,3168,3166,3174,3172,3180,3166,3164,3179,3152,3156,3176,3170,3181,3191,3213,3186,3160,3156,3165,3165,3155,3173,3167,3182,3172,3175,3172,3172,3170,3150,3165,3158,3169,3173,3178,3159,3165,3154,3163,3163,3176,3170,3163,3166,3181,3196,3160,3163,3171,3175,3173,3159,3168,3168,3159,3165,3158,3158,3178,3155,3148,3161,3167,3173,3177,3164,3162,3163,3161,3161,3158,3153,3160,3153,3169,3153,3176,3191,3187,3169,3155,3158,3159,3161,3189,3158,3155,3148,3150,3158,3169,3171,3178,3165,3177,3178,3161,3165,3161,3157,3172,3156,3162,3160,3163,3148,3156,3154,3164,3148,3173,3163,3156,3151,3176,3182,3192,3185,3188,3167,3156,3161,3157,3182,3155,3150,3150,3165,3168,3175,3169,3177,3165,3165,3156,3169,3159,3161,3165,3151,3154,3152,3162,3154,3174,3153,3161,3181,3188,3183,3194,3181,3163,3159,3158,3158,3156,3163,3166,3182,3197,3181,3170,3190,3183,3167,3154,3163,3177,3154,3166,3163,3164,3158,3151,3148,3165,3152,3144,3207,3147,3150,3151,3162,3152,3154,3161,3168,3157,3157,3167,3167,3168,3166,3168,3166,3165,3162
STAT,(NULL),MeminfoPre,239,189193,796,792,792,797,797,805,791,789,803,777,781,800,795,807,816,837,809,784,781,790,790,780,799,794,805,798,798,798,797,796,775,789,782,797,797,803,784,790,778,787,795,793,791,799,797,805,791,789,804,777,781,801,795,806,816,838,811,785,781,790,790,780,798,792,807,797,800,797,797,795,775,790,783,794,798,803,784,790,779,788,788,801,795,788,791,806,821,785,788,796,800,798,784,793,793,784,790,783,783,803,780,773,786,792,798,802,789,787,788,786,786,783,778,785,778,794,778,801,816,812,794,780,783,784,786,814,783,780,773,775,783,794,796,803,790,802,803,786,790,786,782,797,781,787,785,788,773,781,779,789,773,798,788,781,776,801,807,817,810,813,792,781,786,782,807,780,775,775,790,793,800,794,802,790,790,781,794,784,786,790,776,779,777,787,779,799,778,786,806,813,808,819,806,788,784,783,783,781,788,791,807,822,806,795,815,808,792,779,788,802,779,791,788,789,783,776,773,790,777,769,832,772,775,776,787,777,779,786,793,782,782,792,792,793,791,793,791,790,787
STAT,(NULL),Partition,239,455,455,0,0,0,0,0,0,0,0,0,0,0,0,0,0,0,0,0,0,0,0,0,0,0,0,0,0,0,0,0,0,0,0,0,0,0,0,0,0,0,0,0,0,0,0,0,0,0,0,0,0,0,0,0,0,0,0,0,0,0,0,0,0,0,0,0,0,0,0,0,0,0,0,0,0,0,0,0,0,0,0,0,0,0,0,0,0,0,0,0,0,0,0,0,0,0,0,0,0,0,0,0,0,0,0,0,0,0,0,0,0,0,0,0,0,0,0,0,0,0,0,0,0,0,0,0,0,0,0,0,0,0,0,0,0,0,0,0,0,0,0,0,0,0,0,0,0,0,0,0,0,0,0,0,0,0,0,0,0,0,0,0,0,0,0,0,0,0,0,0,0,0,0,0,0,0,0,0,0,0,0,0,0,0,0,0,0,0,0,0,0,0,0,0,0,0,0,0,0,0,0,0,0,0,0,0,0,0,0,0,0,0,0,0,0,0,0,0,0,0,0,0,0,0,0,0,0,0,0,0,0,0,0,0,0,0,0,0,0
STAT,(NULL),Refine,239,2781,2781,0,0,0,0,0,0,0,0,0,0,0,0,0,0,0,0,0,0,0,0,0,0,0,0,0,0,0,0,0,0,0,0,0,0,0,0,0,0,0,0,0,0,0,0,0,0,0,0,0,0,0,0,0,0,0,0,0,0,0,0,0,0,0,0,0,0,0,0,0,0,0,0,0,0,0,0,0,0,0,0,0,0,0,0,0,0,0,0,0,0,0,0,0,0,0,0,0,0,0,0,0,0,0,0,0,0,0,0,0,0,0,0,0,0,0,0,0,0,0,0,0,0,0,0,0,0,0,0,0,0,0,0,0,0,0,0,0,0,0,0,0,0,0,0,0,0,0,0,0,0,0,0,0,0,0,0,0,0,0,0,0,0,0,0,0,0,0,0,0,0,0,0,0,0,0,0,0,0,0,0,0,0,0,0,0,0,0,0,0,0,0,0,0,0,0,0,0,0,0,0,0,0,0,0,0,0,0,0,0,0,0,0,0,0,0,0,0,0,0,0,0,0,0,0,0,0,0,0,0,0,0,0,0,0,0,0,0,0
STAT,(NULL),Threads,239,239,239,0,0,0,0,0,0,0,0,0,0,0,0,0,0,0,0,0,0,0,0,0,0,0,0,0,0,0,0,0,0,0,0,0,0,0,0,0,0,0,0,0,0,0,0,0,0,0,0,0,0,0,0,0,0,0,0,0,0,0,0,0,0,0,0,0,0,0,0,0,0,0,0,0,0,0,0,0,0,0,0,0,0,0,0,0,0,0,0,0,0,0,0,0,0,0,0,0,0,0,0,0,0,0,0,0,0,0,0,0,0,0,0,0,0,0,0,0,0,0,0,0,0,0,0,0,0,0,0,0,0,0,0,0,0,0,0,0,0,0,0,0,0,0,0,0,0,0,0,0,0,0,0,0,0,0,0,0,0,0,0,0,0,0,0,0,0,0,0,0,0,0,0,0,0,0,0,0,0,0,0,0,0,0,0,0,0,0,0,0,0,0,0,0,0,0,0,0,0,0,0,0,0,0,0,0,0,0,0,0,0,0,0,0,0,0,0,0,0,0,0,0,0,0,0,0,0,0,0,0,0,0,0,0,0,0,0,0,0
STAT,(NULL),Time,239,7613,7613,0,0,0,0,0,0,0,0,0,0,0,0,0,0,0,0,0,0,0,0,0,0,0,0,0,0,0,0,0,0,0,0,0,0,0,0,0,0,0,0,0,0,0,0,0,0,0,0,0,0,0,0,0,0,0,0,0,0,0,0,0,0,0,0,0,0,0,0,0,0,0,0,0,0,0,0,0,0,0,0,0,0,0,0,0,0,0,0,0,0,0,0,0,0,0,0,0,0,0,0,0,0,0,0,0,0,0,0,0,0,0,0,0,0,0,0,0,0,0,0,0,0,0,0,0,0,0,0,0,0,0,0,0,0,0,0,0,0,0,0,0,0,0,0,0,0,0,0,0,0,0,0,0,0,0,0,0,0,0,0,0,0,0,0,0,0,0,0,0,0,0,0,0,0,0,0,0,0,0,0,0,0,0,0,0,0,0,0,0,0,0,0,0,0,0,0,0,0,0,0,0,0,0,0,0,0,0,0,0,0,0,0,0,0,0,0,0,0,0,0,0,0,0,0,0,0,0,0,0,0,0,0,0,0,0,0,0,0
STAT,match,Conflicts,239,6389,38,31,42,35,43,40,45,39,41,31,40,40,38,41,35,41,41,39,37,30,30,41,40,51,29,37,40,37,33,38,36,30,33,39,30,37,25,38,32,33,29,37,29,34,27,30,30,40,36,30,28,36,35,29,28,35,25,27,27,39,25,21,23,29,19,22,22,32,26,22,20,28,28,23,23,21,28,24,28,19,21,23,33,25,25,23,24,26,25,33,20,25,19,27,27,22,23,26,26,21,27,21,26,28,23,22,29,22,24,22,26,18,27,23,18,23,19,28,25,25,21,22,20,22,26,22,17,23,26,21,27,24,21,21,22,24,19,28,23,27,19,21,16,28,22,32,21,24,28,24,26,23,31,20,25,28,25,26,23,19,19,27,27,32,29,27,25,30,18,23,20,23,20,24,25,25,24,21,23,20,25,22,26,23,19,29,17,24,21,26,25,27,24,28,17,21,24,24,25,31,23,33,20,22,28,26,31,27,23,24,21,17,22,23,23,22,29,23,22,21,23,23,22,22,25,26,20,15,18,29,24,36,24,19,32,23,24,24,23
STAT,match,Iterations,239,15044125,50102,41766,43901,34928,61080,46096,49263,57107,48500,40766,49874,37546,35701,52259,53296,61919,39697,52005,35916,51844,57188,56414,37816,44377,48546,50103,47673,68489,56962,42463,46103,45403,45365,40489,85241,53035,54151,46557,39297,50596,48614,42712,53381,38410,55812,57600,47108,54461,46111,44329,57047,53214,59650,51402,50763,51051,67623,69619,66751,45427,65003,59857,67727,55684,79590,53263,54476,74577,71870,81844,73045,85465,50069,54290,90159,58441,60551,61053,69522,93177,66449,48482,62523,60569,60657,64907,63219,66449,67443,56911,68442,81289,73070,65555,51477,81238,72012,71511,69021,57993,73571,82449,68223,68636,64318,56309,69457,68417,62535,63173,72258,71151,90282,76572,62912,71977,63707,63432,68620,91502,57652,79328,60475,44966,70765,79352,90033,73607,64731,53275,55383,63886,85199,81839,42804,68476,81568,47405,80400,68761,82634,48249,51780,62128,83843,61130,69524,60020,59686,64716,81843,61385,67178,60940,77596,50048,53636,58118,61140,75557,76722,54852,57738,60385,72079,86037,58128,65227,76128,71246,65733,54591,56506,67712,52367,39328,73418,52118,63777,69659,83487,70226,88808,74013,69291,58124,61157,64048,53086,59669,71289,65384,53203,70793,71544,62455,60671,59543,73539,55678,61156,50429,68160,73252,58219,49436,79397,64808,72762,72957,76898,79779,78837,70341,76741,83562,63516,62666,60051,61297,68047,79391,94497,64324,69991,51357,68389,90932,56845,58708,77164,55836,86461,59552,61702,68050,76899,83276,68325
STAT,popedge,Conflicts,239,0,0,0,0,0,0,0,0,0,0,0,0,0,0,0,0,0,0,0,0,0,0,0,0,0,0,0,0,0,0,0,0,0,0,0,0,0,0,0,0,0,0,0,0,0,0,0,0,0,0,0,0,0,0,0,0,0,0,0,0,0,0,0,0,0,0,0,0,0,0,0,0,0,0,0,0,0,0,0,0,0,0,0,0,0,0,0,0,0,0,0,0,0,0,0,0,0,0,0,0,0,0,0,0,0,0,0,0,0,0,0,0,0,0,0,0,0,0,0,0,0,0,0,0,0,0,0,0,0,0,0,0,0,0,0,0,0,0,0,0,0,0,0,0,0,0,0,0,0,0,0,0,0,0,0,0,0,0,0,0,0,0,0,0,0,0,0,0,0,0,0,0,0,0,0,0,0,0,0,0,0,0,0,0,0,0,0,0,0,0,0,0,0,0,0,0,0,0,0,0,0,0,0,0,0,0,0,0,0,0,0,0,0,0,0,0,0,0,0,0,0,0,0,0,0,0,0,0,0,0,0,0,0,0,0,0,0,0,0,0
STAT,popedge,Iterations,239,7369607,29629,29225,29162,27933,30497,28907,29410,29092,29776,29019,29688,29037,28130,29853,29592,28392,30590,31442,31678,30294,31430,31977,29120,31816,30831,27759,30080,29729,30745,29567,31629,30177,32705,32560,29986,29866,30218,31029,30144,31514,30091,31372,30085,30729,29437,29560,29015,29917,30841,28527,30208,30134,30769,28744,30120,28714,32211,32741,36053,34767,33378,32008,29714,28635,31522,30432,27962,29619,30731,32351,29101,30068,29768,30125,32355,30006,30126,30518,29627,31314,29710,29595,30155,29376,33195,29568,30157,29510,29057,30428,29114,30575,28407,30503,31041,31328,30878,29715,32590,29923,30853,30461,30197,29347,29675,30840,30154,30330,31261,30551,30616,29990,33470,34497,29520,29998,30019,34482,33245,33895,36274,34053,31757,29471,30474,29310,35101,28953,29568,31040,30896,31298,31894,31697,31783,29727,33723,30339,28530,29824,33480,30368,30754,31206,31594,33318,30028,29296,29610,31575,33295,30372,30241,30410,31449,30652,32502,31545,29786,30139,30087,32711,31342,30745,28854,31211,29468,30946,28771,31598,30982,32054,32136,29753,30934,28689,30453,30680,32264,34289,32950,34901,36743,31923,28759,29341,31643,31841,27989,32075,28904,30902,31983,30659,32235,29671,31017,30330,30559,30052,32579,33232,30402,30075,33552,30562,31361,29159,31349,29870,30733,33144,31163,32175,33230,32375,31025,32003,30682,30137,31409,31114,31915,31753,30492,30885,30919,31104,31447,31793,33647,29855,31396,31347,32472,30574,29561,33273,30218
STAT,refine,Conflicts,239,7223,99,97,94,100,92,92,104,88,82,85,80,85,82,84,85,62,74,70,71,57,63,65,71,61,73,67,58,67,53,61,42,30,45,47,34,39,39,54,46,35,40,44,46,50,49,48,39,42,37,52,39,44,39,48,55,43,42,42,42,38,38,13,15,21,23,27,27,23,20,27,21,18,17,25,19,21,24,34,14,13,20,17,15,16,21,20,13,19,21,14,24,15,14,30,16,23,17,24,21,26,20,15,20,22,28,19,26,16,23,19,16,14,24,20,22,30,16,23,21,23,15,19,16,16,21,16,20,14,18,19,16,23,21,27,19,13,23,25,22,20,22,26,15,23,17,21,17,22,19,20,23,22,16,20,17,15,19,11,22,26,21,18,16,14,18,26,21,25,21,23,18,15,27,20,21,18,19,16,17,20,20,21,18,25,21,14,21,19,22,22,13,31,15,27,29,13,27,21,22,22,23,25,19,11,11,22,22,20,14,13,16,21,18,22,16,17,27,15,28,16,29,13,18,18,23,22,22,24,20,18,17,15,25,25,15,17,26,27,25
STAT,refine,Iterations,239,136149,644,564,635,579,870,606,699,609,617,504,680,531,466,682,843,630,666,617,573,483,528,633,451,669,535,693,527,736,499,476,618,403,685,497,723,354,446,572,351,475,338,520,521,462,552,544,390,451,310,381,576,448,564,594,627,614,665,512,552,486,421,447,465,679,768,640,370,613,531,761,612,589,564,389,708,542,633,607,597,510,435,394,543,549,674,684,619,514,593,501,699,661,461,620,522,775,457,600,799,501,635,390,617,642,595,568,500,342,630,381,684,497,729,590,524,829,513,535,641,792,391,577,455,352,609,609,622,426,500,399,531,616,660,699,412,615,609,581,598,603,738,432,331,560,465,660,484,558,530,761,829,648,600,461,851,472,598,427,581,802,456,479,505,555,548,545,508,547,571,496,559,507,564,479,519,427,591,415,638,715,596,432,624,717,623,601,444,616,478,655,507,843,508,642,637,449,668,560,675,612,640,664,572,405,756,503,714,388,639,490,660,789,643,881,562,673,670,552,551,441,713,405,594,451,642,596,455,668,498,381,405,326,568,611,454,612,795,824,638
