Hello from MIC
Galois Benchmark Suite v2.2.0 (r0)
Copyright (C) 2013 The University of Texas at Austin
http://iss.ices.utexas.edu/galois/

application: GMetis
Partitions a graph into K parts and minimizing the graph cut
http://iss.ices.utexas.edu/?p=projects/galois/benchmarks/gMetis

INFO: CommandLine /work/02556/dpereira/MIC/apps/gmetis/gmetis -t=40 /work/02556/dpereira/Inputs/USA-road-d.W.gr 128
INFO: Hostname c557-901-mic0.stampede.tacc.utexas.edu
Created Graph with 6262104 nodes and 15248146 edges
Nodes 6262104| Edges 15248146 7624073

  Starting coarsening: 
Time coarsen:  2947 Size of final graph: 2974

  Sarting initial partitioning using GGGP:
Size in decade percentages:  -1,7 -0,113 1,8
Time clustering:  393

  Sarting refinnement with BKL2
Initial dist
Size in decade percentages:  -1,7 -0,113 1,8
Refined dist
Size in decade percentages:  -1,44 -0,40 1,44
Time refinement:  610


Time:  4126
Total edge cut : 8203

Part saved in : 0x7fff07de5ee0
STATTYPE,LOOP,CATEGORY,n,sum,T0,T1,T2,T3,T4,T5,T6,T7,T8,T9,T10,T11,T12,T13,T14,T15,T16,T17,T18,T19,T20,T21,T22,T23,T24,T25,T26,T27,T28,T29,T30,T31,T32,T33,T34,T35,T36,T37,T38,T39
STAT,(NULL),Coarsen,40,2947,2947,0,0,0,0,0,0,0,0,0,0,0,0,0,0,0,0,0,0,0,0,0,0,0,0,0,0,0,0,0,0,0,0,0,0,0,0,0,0,0
STAT,(NULL),Conflicts,40,0,0,0,0,0,0,0,0,0,0,0,0,0,0,0,0,0,0,0,0,0,0,0,0,0,0,0,0,0,0,0,0,0,0,0,0,0,0,0,0,0
STAT,(NULL),Iterations,40,255,22,3,10,3,5,8,3,7,5,7,7,4,4,1,12,4,3,4,6,3,7,11,8,7,8,4,13,10,8,5,3,5,8,8,6,6,3,5,4,5
STAT,(NULL),MeminfoPost,40,756148,18933,18898,19003,18885,18944,18902,18878,18927,18918,18977,18920,18902,18912,18898,18931,18912,18868,18906,18854,18922,18895,18853,18942,18871,18846,18863,18991,18864,18913,18877,18859,18934,18911,18948,18930,18884,18869,18824,18881,18903
STAT,(NULL),MeminfoPre,40,189028,4755,4720,4825,4707,4766,4724,4700,4749,4740,4799,4742,4724,4734,4720,4753,4734,4690,4728,4676,4744,4717,4675,4764,4693,4668,4685,4813,4686,4735,4699,4681,4756,4733,4770,4752,4706,4691,4646,4703,4725
STAT,(NULL),Partition,40,393,393,0,0,0,0,0,0,0,0,0,0,0,0,0,0,0,0,0,0,0,0,0,0,0,0,0,0,0,0,0,0,0,0,0,0,0,0,0,0,0
STAT,(NULL),Refine,40,610,610,0,0,0,0,0,0,0,0,0,0,0,0,0,0,0,0,0,0,0,0,0,0,0,0,0,0,0,0,0,0,0,0,0,0,0,0,0,0,0
STAT,(NULL),Threads,40,40,40,0,0,0,0,0,0,0,0,0,0,0,0,0,0,0,0,0,0,0,0,0,0,0,0,0,0,0,0,0,0,0,0,0,0,0,0,0,0,0
STAT,(NULL),Time,40,4126,4126,0,0,0,0,0,0,0,0,0,0,0,0,0,0,0,0,0,0,0,0,0,0,0,0,0,0,0,0,0,0,0,0,0,0,0,0,0,0,0
STAT,match,Conflicts,40,4746,224,157,264,149,218,105,124,107,108,246,97,176,113,113,101,98,80,101,119,113,72,98,133,84,113,103,112,92,59,53,93,89,71,85,110,60,112,183,104,107
STAT,match,Iterations,40,14956483,342245,372184,332872,366472,348521,372524,363569,377531,373782,350931,387425,379656,387380,361080,345579,377961,383785,359990,374969,349301,378175,393866,374217,380395,394146,379470,364022,389006,373916,396031,387929,372753,369902,373591,368907,381078,407555,390440,393307,380020
STAT,popedge,Conflicts,40,0,0,0,0,0,0,0,0,0,0,0,0,0,0,0,0,0,0,0,0,0,0,0,0,0,0,0,0,0,0,0,0,0,0,0,0,0,0,0,0,0
STAT,popedge,Iterations,40,7329167,178041,181883,174696,179434,175465,183617,185850,179877,178422,179169,177925,177324,182415,170667,166065,165034,179888,177844,180039,175940,186043,196687,184735,188475,188936,189098,180230,178166,179421,181405,185257,179518,173936,187136,203790,193724,198248,206777,200044,197946
STAT,refine,Conflicts,40,2310,107,92,93,75,89,74,66,71,72,81,60,54,61,58,69,70,62,57,62,58,37,42,59,50,43,43,39,47,44,46,62,40,46,43,33,35,45,40,49,36
STAT,refine,Iterations,40,132438,3017,3490,4155,3490,3419,3625,2751,3537,2814,3976,3021,2829,3312,2532,3651,3131,3848,2984,3142,3581,3833,3498,3489,3091,2925,3158,4144,3638,3251,3044,3097,3469,3182,3396,3191,2851,3124,2686,3730,3336
