Hello from MIC
Galois Benchmark Suite v2.2.0 (r0)
Copyright (C) 2013 The University of Texas at Austin
http://iss.ices.utexas.edu/galois/

application: GMetis
Partitions a graph into K parts and minimizing the graph cut
http://iss.ices.utexas.edu/?p=projects/galois/benchmarks/gMetis

INFO: CommandLine /work/02556/dpereira/MIC/apps/gmetis/gmetis -t=178 /work/02556/dpereira/Inputs/USA-road-d.W.gr 128
INFO: Hostname c558-002-mic0.stampede.tacc.utexas.edu
Created Graph with 6262104 nodes and 15248146 edges
Nodes 6262104| Edges 15248146 7624073

  Starting coarsening: 
Time coarsen:  2913 Size of final graph: 3123

  Sarting initial partitioning using GGGP:
Size in decade percentages:  -1,3 -0,123 1,2
Time clustering:  426

  Sarting refinnement with BKL2
Initial dist
Size in decade percentages:  -1,3 -0,123 1,2
Refined dist
Size in decade percentages:  -1,45 0,34 1,49
Time refinement:  1841


Time:  5356
Total edge cut : 8136

Part saved in : 0x7fff6d1dd160
STATTYPE,LOOP,CATEGORY,n,sum,T0,T1,T2,T3,T4,T5,T6,T7,T8,T9,T10,T11,T12,T13,T14,T15,T16,T17,T18,T19,T20,T21,T22,T23,T24,T25,T26,T27,T28,T29,T30,T31,T32,T33,T34,T35,T36,T37,T38,T39,T40,T41,T42,T43,T44,T45,T46,T47,T48,T49,T50,T51,T52,T53,T54,T55,T56,T57,T58,T59,T60,T61,T62,T63,T64,T65,T66,T67,T68,T69,T70,T71,T72,T73,T74,T75,T76,T77,T78,T79,T80,T81,T82,T83,T84,T85,T86,T87,T88,T89,T90,T91,T92,T93,T94,T95,T96,T97,T98,T99,T100,T101,T102,T103,T104,T105,T106,T107,T108,T109,T110,T111,T112,T113,T114,T115,T116,T117,T118,T119,T120,T121,T122,T123,T124,T125,T126,T127,T128,T129,T130,T131,T132,T133,T134,T135,T136,T137,T138,T139,T140,T141,T142,T143,T144,T145,T146,T147,T148,T149,T150,T151,T152,T153,T154,T155,T156,T157,T158,T159,T160,T161,T162,T163,T164,T165,T166,T167,T168,T169,T170,T171,T172,T173,T174,T175,T176,T177
STAT,(NULL),Coarsen,178,2913,2913,0,0,0,0,0,0,0,0,0,0,0,0,0,0,0,0,0,0,0,0,0,0,0,0,0,0,0,0,0,0,0,0,0,0,0,0,0,0,0,0,0,0,0,0,0,0,0,0,0,0,0,0,0,0,0,0,0,0,0,0,0,0,0,0,0,0,0,0,0,0,0,0,0,0,0,0,0,0,0,0,0,0,0,0,0,0,0,0,0,0,0,0,0,0,0,0,0,0,0,0,0,0,0,0,0,0,0,0,0,0,0,0,0,0,0,0,0,0,0,0,0,0,0,0,0,0,0,0,0,0,0,0,0,0,0,0,0,0,0,0,0,0,0,0,0,0,0,0,0,0,0,0,0,0,0,0,0,0,0,0,0,0,0,0,0,0,0,0,0,0,0,0,0,0,0,0,0
STAT,(NULL),Conflicts,178,0,0,0,0,0,0,0,0,0,0,0,0,0,0,0,0,0,0,0,0,0,0,0,0,0,0,0,0,0,0,0,0,0,0,0,0,0,0,0,0,0,0,0,0,0,0,0,0,0,0,0,0,0,0,0,0,0,0,0,0,0,0,0,0,0,0,0,0,0,0,0,0,0,0,0,0,0,0,0,0,0,0,0,0,0,0,0,0,0,0,0,0,0,0,0,0,0,0,0,0,0,0,0,0,0,0,0,0,0,0,0,0,0,0,0,0,0,0,0,0,0,0,0,0,0,0,0,0,0,0,0,0,0,0,0,0,0,0,0,0,0,0,0,0,0,0,0,0,0,0,0,0,0,0,0,0,0,0,0,0,0,0,0,0,0,0,0,0,0,0,0,0,0,0,0,0,0,0,0
STAT,(NULL),Iterations,178,255,8,0,1,0,1,2,2,0,1,0,0,0,0,1,0,4,0,0,3,2,0,2,3,3,5,2,1,3,5,0,3,0,0,0,0,0,5,0,1,0,2,8,1,1,1,0,2,1,0,1,2,0,2,2,0,2,1,3,5,0,0,5,0,0,1,0,3,5,0,0,0,2,1,0,4,1,1,3,0,1,0,0,1,5,1,1,0,0,0,2,0,1,2,2,0,1,1,0,5,2,2,2,2,2,0,3,0,0,3,0,0,0,0,2,4,0,3,2,3,2,0,0,6,3,0,0,0,0,0,0,0,0,7,0,0,0,1,0,2,0,6,3,0,5,6,3,2,4,3,1,1,1,1,1,0,0,2,0,3,0,4,1,2,4,0,1,0,0,2,0,2,0,0,0,1,2,0,2
STAT,(NULL),MeminfoPost,178,756563,4254,4242,4265,4261,4260,4247,4252,4238,4252,4268,4271,4309,4264,4235,4246,4243,4256,4250,4266,4258,4258,4260,4235,4244,4242,4263,4266,4239,4235,4246,4253,4249,4260,4261,4258,4241,4255,4240,4258,4267,4279,4304,4259,4235,4243,4242,4256,4262,4265,4258,4256,4258,4234,4241,4246,4264,4262,4237,4239,4246,4259,4251,4247,4261,4283,4241,4253,4262,4248,4251,4251,4244,4240,4246,4249,4227,4246,4256,4263,4247,4240,4246,4245,4231,4239,4246,4235,4261,4279,4261,4237,4242,4241,4272,4234,4230,4228,4248,4255,4255,4265,4264,4245,4246,4240,4251,4239,4244,4240,4235,4229,4245,4229,4259,4235,4245,4272,4283,4274,4257,4238,4240,4263,4234,4226,4246,4250,4259,4264,4247,4241,4253,4238,4247,4231,4236,4240,4251,4233,4238,4271,4279,4281,4261,4246,4240,4234,4241,4249,4281,4277,4260,4277,4263,4234,4245,4254,4245,4242,4248,4227,4235,4236,4240,4267,4228,4225,4251,4226,4259,4228,4241,4246,4254,4250,4255,4238,4254
STAT,(NULL),MeminfoPre,178,189099,1066,1054,1077,1073,1072,1059,1064,1050,1064,1080,1083,1121,1076,1047,1058,1055,1068,1062,1078,1070,1070,1072,1047,1056,1054,1075,1078,1051,1047,1058,1065,1061,1072,1073,1070,1053,1067,1052,1070,1079,1091,1116,1071,1047,1055,1054,1068,1074,1077,1070,1068,1070,1046,1053,1058,1076,1074,1049,1051,1058,1071,1063,1059,1073,1095,1053,1065,1074,1060,1063,1063,1056,1052,1058,1061,1039,1058,1068,1075,1059,1052,1058,1057,1043,1051,1058,1047,1073,1091,1073,1049,1054,1053,1084,1046,1042,1040,1060,1067,1067,1077,1076,1057,1058,1052,1063,1051,1056,1052,1047,1041,1057,1041,1071,1047,1057,1084,1095,1086,1069,1050,1052,1075,1046,1038,1058,1062,1071,1076,1059,1053,1065,1050,1059,1043,1048,1052,1063,1045,1050,1083,1091,1093,1073,1058,1052,1046,1053,1061,1093,1089,1072,1089,1075,1046,1057,1066,1057,1054,1060,1039,1047,1048,1052,1079,1040,1037,1063,1038,1071,1040,1053,1058,1066,1062,1067,1050,1066
STAT,(NULL),Partition,178,426,426,0,0,0,0,0,0,0,0,0,0,0,0,0,0,0,0,0,0,0,0,0,0,0,0,0,0,0,0,0,0,0,0,0,0,0,0,0,0,0,0,0,0,0,0,0,0,0,0,0,0,0,0,0,0,0,0,0,0,0,0,0,0,0,0,0,0,0,0,0,0,0,0,0,0,0,0,0,0,0,0,0,0,0,0,0,0,0,0,0,0,0,0,0,0,0,0,0,0,0,0,0,0,0,0,0,0,0,0,0,0,0,0,0,0,0,0,0,0,0,0,0,0,0,0,0,0,0,0,0,0,0,0,0,0,0,0,0,0,0,0,0,0,0,0,0,0,0,0,0,0,0,0,0,0,0,0,0,0,0,0,0,0,0,0,0,0,0,0,0,0,0,0,0,0,0,0,0
STAT,(NULL),Refine,178,1841,1841,0,0,0,0,0,0,0,0,0,0,0,0,0,0,0,0,0,0,0,0,0,0,0,0,0,0,0,0,0,0,0,0,0,0,0,0,0,0,0,0,0,0,0,0,0,0,0,0,0,0,0,0,0,0,0,0,0,0,0,0,0,0,0,0,0,0,0,0,0,0,0,0,0,0,0,0,0,0,0,0,0,0,0,0,0,0,0,0,0,0,0,0,0,0,0,0,0,0,0,0,0,0,0,0,0,0,0,0,0,0,0,0,0,0,0,0,0,0,0,0,0,0,0,0,0,0,0,0,0,0,0,0,0,0,0,0,0,0,0,0,0,0,0,0,0,0,0,0,0,0,0,0,0,0,0,0,0,0,0,0,0,0,0,0,0,0,0,0,0,0,0,0,0,0,0,0,0
STAT,(NULL),Threads,178,178,178,0,0,0,0,0,0,0,0,0,0,0,0,0,0,0,0,0,0,0,0,0,0,0,0,0,0,0,0,0,0,0,0,0,0,0,0,0,0,0,0,0,0,0,0,0,0,0,0,0,0,0,0,0,0,0,0,0,0,0,0,0,0,0,0,0,0,0,0,0,0,0,0,0,0,0,0,0,0,0,0,0,0,0,0,0,0,0,0,0,0,0,0,0,0,0,0,0,0,0,0,0,0,0,0,0,0,0,0,0,0,0,0,0,0,0,0,0,0,0,0,0,0,0,0,0,0,0,0,0,0,0,0,0,0,0,0,0,0,0,0,0,0,0,0,0,0,0,0,0,0,0,0,0,0,0,0,0,0,0,0,0,0,0,0,0,0,0,0,0,0,0,0,0,0,0,0,0
STAT,(NULL),Time,178,5356,5356,0,0,0,0,0,0,0,0,0,0,0,0,0,0,0,0,0,0,0,0,0,0,0,0,0,0,0,0,0,0,0,0,0,0,0,0,0,0,0,0,0,0,0,0,0,0,0,0,0,0,0,0,0,0,0,0,0,0,0,0,0,0,0,0,0,0,0,0,0,0,0,0,0,0,0,0,0,0,0,0,0,0,0,0,0,0,0,0,0,0,0,0,0,0,0,0,0,0,0,0,0,0,0,0,0,0,0,0,0,0,0,0,0,0,0,0,0,0,0,0,0,0,0,0,0,0,0,0,0,0,0,0,0,0,0,0,0,0,0,0,0,0,0,0,0,0,0,0,0,0,0,0,0,0,0,0,0,0,0,0,0,0,0,0,0,0,0,0,0,0,0,0,0,0,0,0,0
STAT,match,Conflicts,178,6020,60,54,54,57,61,45,54,63,44,46,47,53,60,65,58,47,43,40,46,45,47,39,52,48,42,42,44,50,45,50,36,45,36,36,37,38,39,38,40,39,42,39,46,40,36,40,34,36,39,36,40,41,37,41,34,39,40,43,41,35,41,25,30,24,26,28,34,26,25,25,27,36,30,41,26,30,32,26,26,24,31,34,22,31,24,25,21,28,35,29,32,24,35,18,20,30,34,31,38,38,28,26,25,34,31,29,29,28,27,24,28,27,29,24,30,18,28,31,31,30,32,24,31,26,22,31,27,36,20,33,23,22,35,37,30,34,34,30,27,30,28,27,28,20,25,29,34,28,22,29,27,26,26,34,33,26,27,31,27,26,32,38,22,27,29,28,29,29,27,28,22,20,33,26,29,25,27,29
STAT,match,Iterations,178,15003768,65474,56935,59977,61336,53047,70288,55223,69823,74389,65512,53420,81857,82638,56496,73263,66189,57216,82497,70991,71990,60282,65736,73523,68113,79123,79199,71252,69411,61998,66701,73003,75231,75662,82142,80787,92978,71994,82943,80929,78350,46282,56412,76681,74806,72961,74272,60564,86860,55179,76111,80952,68888,87951,72952,75233,71384,81383,90588,84358,101651,94232,79089,81988,101774,68843,85837,77812,91036,100476,104743,90154,77399,93160,113506,112498,96313,85779,84051,90442,106927,99951,86924,108132,99225,98569,98261,86350,82173,88582,93008,102244,91301,91589,102084,96294,93636,82085,89682,81382,75023,79218,92256,92709,90761,98753,76346,91361,79562,105953,71399,98694,91430,70000,82932,82164,105359,93104,115368,90002,97972,96490,113472,81720,112541,87288,84764,99285,86578,98466,74745,89308,115057,93051,90375,97627,80945,116144,100076,89217,84115,76413,87614,84720,85157,115286,91163,79425,81316,96809,95860,88562,77130,78255,59274,80591,66312,89028,99125,90962,89462,95078,81963,82473,101522,84203,66878,98392,91175,76506,87007,102211,112544,80106,86906,78861,98243,69232,105457
STAT,popedge,Conflicts,178,0,0,0,0,0,0,0,0,0,0,0,0,0,0,0,0,0,0,0,0,0,0,0,0,0,0,0,0,0,0,0,0,0,0,0,0,0,0,0,0,0,0,0,0,0,0,0,0,0,0,0,0,0,0,0,0,0,0,0,0,0,0,0,0,0,0,0,0,0,0,0,0,0,0,0,0,0,0,0,0,0,0,0,0,0,0,0,0,0,0,0,0,0,0,0,0,0,0,0,0,0,0,0,0,0,0,0,0,0,0,0,0,0,0,0,0,0,0,0,0,0,0,0,0,0,0,0,0,0,0,0,0,0,0,0,0,0,0,0,0,0,0,0,0,0,0,0,0,0,0,0,0,0,0,0,0,0,0,0,0,0,0,0,0,0,0,0,0,0,0,0,0,0,0,0,0,0,0,0
STAT,popedge,Iterations,178,7349604,39584,40580,39683,39312,38967,41299,39610,41313,38503,41758,41452,41161,39374,42215,42597,41002,40861,40051,38458,39571,41521,40086,41639,40688,39910,39446,41302,42736,44134,41773,40795,39122,40542,41250,40517,40864,40625,40817,41969,40869,41600,40131,40812,42678,42930,41578,42248,40121,40998,40238,41406,43107,40648,40951,41945,39578,47592,46407,50188,47126,45352,39284,40558,39265,38700,38345,40975,38992,39898,41260,40081,38681,40012,40516,39993,40522,42726,37269,39947,36729,40244,38726,39480,38936,40928,39683,37801,40346,40260,39421,40489,40584,37974,42921,43555,41620,42192,41602,40714,44455,41101,39676,41563,40906,41712,42322,44129,41215,40323,41725,40136,41207,42852,42205,42045,41820,40409,49719,48257,46446,50051,50236,38932,39407,41098,39344,38233,39231,38619,41704,38467,42401,39180,39000,42617,42108,41182,41647,41271,42860,39338,41116,40679,39653,40879,38679,41776,40506,41301,40801,41780,42634,42881,39019,42535,44796,42778,43765,41620,42656,40600,41067,42081,39779,40498,46410,40883,41562,42088,40834,42195,41020,41347,41443,43305,41013,43790,41867
STAT,refine,Conflicts,178,6144,96,117,111,97,96,98,95,85,80,81,87,74,83,83,72,62,74,65,65,68,67,47,62,51,68,52,69,73,66,53,45,44,53,39,45,41,52,36,41,51,54,38,39,33,36,44,36,40,35,42,35,35,39,52,48,54,35,47,40,40,32,18,26,25,26,22,29,26,17,22,22,24,30,20,21,19,25,25,21,18,29,17,17,27,28,21,17,32,16,31,11,27,24,25,12,29,23,22,19,22,18,25,24,16,19,12,32,15,20,30,21,18,30,21,30,23,20,26,28,21,20,23,15,29,23,28,20,24,23,32,28,21,23,29,22,16,23,20,18,20,20,28,22,20,15,19,24,16,24,19,14,21,14,18,17,23,20,20,27,17,19,21,23,16,25,14,19,18,21,22,18,22,19,24,15,15,19,27
STAT,refine,Iterations,178,137539,755,706,794,817,700,796,765,775,843,1037,914,1225,1116,661,797,905,873,904,917,757,698,489,814,553,863,732,1034,769,792,609,712,822,696,752,636,786,619,642,674,916,596,741,746,649,582,674,638,805,592,629,737,520,637,605,805,883,993,1218,898,814,706,636,606,776,831,709,826,940,725,853,1021,798,987,939,857,761,842,711,784,840,915,802,694,837,792,731,798,965,874,950,580,612,766,1166,632,630,699,531,652,798,817,670,686,748,567,447,923,512,902,733,800,691,667,846,743,874,1131,1106,1140,1067,713,940,785,872,591,775,634,792,818,771,804,926,863,915,1066,826,850,821,670,982,779,907,888,568,774,597,826,849,942,901,732,630,388,561,606,709,493,844,598,635,627,702,514,819,711,471,665,731,616,820,708,651,660,791,682,838,750,1073
