Hello from MIC
Galois Benchmark Suite v2.2.0 (r0)
Copyright (C) 2013 The University of Texas at Austin
http://iss.ices.utexas.edu/galois/

application: GMetis
Partitions a graph into K parts and minimizing the graph cut
http://iss.ices.utexas.edu/?p=projects/galois/benchmarks/gMetis

INFO: CommandLine /work/02556/dpereira/MIC/apps/gmetis/gmetis -t=229 /work/02556/dpereira/Inputs/USA-road-d.W.gr 16
INFO: Hostname c558-003-mic0.stampede.tacc.utexas.edu
Created Graph with 6262104 nodes and 15248146 edges
Nodes 6262104| Edges 15248146 7624073

  Starting coarsening: 
Time coarsen:  4760 Size of final graph: 447

  Sarting initial partitioning using GGGP:
Size in decade percentages:  -0,16
Time clustering:  380

  Sarting refinnement with BKL2
Initial dist
Size in decade percentages:  -0,16
Refined dist
Size in decade percentages:  -1,6 0,4 1,6
Time refinement:  2821


Time:  8140
Total edge cut : 1983

Part saved in : 0x7fff08610360
STATTYPE,LOOP,CATEGORY,n,sum,T0,T1,T2,T3,T4,T5,T6,T7,T8,T9,T10,T11,T12,T13,T14,T15,T16,T17,T18,T19,T20,T21,T22,T23,T24,T25,T26,T27,T28,T29,T30,T31,T32,T33,T34,T35,T36,T37,T38,T39,T40,T41,T42,T43,T44,T45,T46,T47,T48,T49,T50,T51,T52,T53,T54,T55,T56,T57,T58,T59,T60,T61,T62,T63,T64,T65,T66,T67,T68,T69,T70,T71,T72,T73,T74,T75,T76,T77,T78,T79,T80,T81,T82,T83,T84,T85,T86,T87,T88,T89,T90,T91,T92,T93,T94,T95,T96,T97,T98,T99,T100,T101,T102,T103,T104,T105,T106,T107,T108,T109,T110,T111,T112,T113,T114,T115,T116,T117,T118,T119,T120,T121,T122,T123,T124,T125,T126,T127,T128,T129,T130,T131,T132,T133,T134,T135,T136,T137,T138,T139,T140,T141,T142,T143,T144,T145,T146,T147,T148,T149,T150,T151,T152,T153,T154,T155,T156,T157,T158,T159,T160,T161,T162,T163,T164,T165,T166,T167,T168,T169,T170,T171,T172,T173,T174,T175,T176,T177,T178,T179,T180,T181,T182,T183,T184,T185,T186,T187,T188,T189,T190,T191,T192,T193,T194,T195,T196,T197,T198,T199,T200,T201,T202,T203,T204,T205,T206,T207,T208,T209,T210,T211,T212,T213,T214,T215,T216,T217,T218,T219,T220,T221,T222,T223,T224,T225,T226,T227,T228
STAT,(NULL),Coarsen,229,4760,4760,0,0,0,0,0,0,0,0,0,0,0,0,0,0,0,0,0,0,0,0,0,0,0,0,0,0,0,0,0,0,0,0,0,0,0,0,0,0,0,0,0,0,0,0,0,0,0,0,0,0,0,0,0,0,0,0,0,0,0,0,0,0,0,0,0,0,0,0,0,0,0,0,0,0,0,0,0,0,0,0,0,0,0,0,0,0,0,0,0,0,0,0,0,0,0,0,0,0,0,0,0,0,0,0,0,0,0,0,0,0,0,0,0,0,0,0,0,0,0,0,0,0,0,0,0,0,0,0,0,0,0,0,0,0,0,0,0,0,0,0,0,0,0,0,0,0,0,0,0,0,0,0,0,0,0,0,0,0,0,0,0,0,0,0,0,0,0,0,0,0,0,0,0,0,0,0,0,0,0,0,0,0,0,0,0,0,0,0,0,0,0,0,0,0,0,0,0,0,0,0,0,0,0,0,0,0,0,0,0,0,0,0,0,0,0,0,0,0,0,0,0,0,0,0,0,0,0,0
STAT,(NULL),Conflicts,229,0,0,0,0,0,0,0,0,0,0,0,0,0,0,0,0,0,0,0,0,0,0,0,0,0,0,0,0,0,0,0,0,0,0,0,0,0,0,0,0,0,0,0,0,0,0,0,0,0,0,0,0,0,0,0,0,0,0,0,0,0,0,0,0,0,0,0,0,0,0,0,0,0,0,0,0,0,0,0,0,0,0,0,0,0,0,0,0,0,0,0,0,0,0,0,0,0,0,0,0,0,0,0,0,0,0,0,0,0,0,0,0,0,0,0,0,0,0,0,0,0,0,0,0,0,0,0,0,0,0,0,0,0,0,0,0,0,0,0,0,0,0,0,0,0,0,0,0,0,0,0,0,0,0,0,0,0,0,0,0,0,0,0,0,0,0,0,0,0,0,0,0,0,0,0,0,0,0,0,0,0,0,0,0,0,0,0,0,0,0,0,0,0,0,0,0,0,0,0,0,0,0,0,0,0,0,0,0,0,0,0,0,0,0,0,0,0,0,0,0,0,0,0,0,0,0,0,0,0,0
STAT,(NULL),Iterations,229,31,7,0,0,0,0,0,0,0,0,0,0,0,0,0,0,0,0,0,0,0,0,0,0,0,0,0,0,0,0,0,0,0,0,0,0,0,0,0,0,0,0,0,0,0,0,0,0,0,0,0,0,0,0,0,0,0,0,0,0,0,0,4,3,0,0,0,0,0,0,0,0,0,0,0,0,0,0,0,0,0,0,0,0,0,0,0,0,0,0,0,0,0,0,0,0,0,0,0,0,0,0,0,0,0,0,0,0,0,0,0,0,0,0,0,0,0,0,0,0,0,0,0,1,0,0,0,0,0,0,0,0,0,1,0,0,0,0,0,0,0,0,0,0,0,0,0,0,0,0,0,0,0,0,0,0,0,0,0,0,0,0,0,0,0,0,0,1,0,0,0,0,1,0,2,0,0,1,0,0,0,0,0,0,1,0,0,0,2,0,0,0,0,0,0,1,0,0,0,0,0,0,2,0,0,0,0,0,0,0,0,0,0,0,0,0,0,0,0,0,1,0,0,0,0,0,0,0,0,3
STAT,(NULL),MeminfoPost,229,757471,3314,3304,3310,3313,3317,3312,3311,3301,3315,3298,3319,3299,3324,3318,3363,3326,3315,3293,3304,3306,3297,3317,3309,3320,3318,3313,3312,3314,3307,3295,3301,3306,3317,3318,3311,3299,3298,3301,3311,3306,3300,3327,3310,3318,3308,3306,3318,3295,3300,3311,3321,3316,3344,3351,3320,3291,3308,3301,3298,3313,3315,3309,3324,3310,3317,3309,3312,3291,3308,3298,3311,3315,3319,3299,3300,3300,3306,3307,3319,3305,3304,3318,3339,3306,3303,3310,3319,3311,3304,3309,3309,3300,3306,3299,3298,3317,3295,3290,3305,3310,3317,3317,3302,3298,3308,3301,3302,3293,3295,3294,3311,3295,3314,3333,3329,3310,3292,3302,3300,3305,3325,3298,3292,3289,3293,3307,3311,3311,3317,3317,3316,3305,3310,3300,3298,3314,3296,3303,3303,3303,3288,3294,3292,3309,3287,3322,3298,3294,3301,3320,3337,3326,3324,3320,3297,3301,3300,3324,3295,3291,3290,3306,3310,3312,3316,3316,3306,3309,3294,3309,3300,3302,3303,3295,3290,3303,3291,3315,3295,3297,3321,3332,3324,3336,3321,3303,3299,3305,3292,3297,3308,3314,3330,3330,3319,3318,3331,3314,3300,3299,3311,3303,3304,3309,3300,3299,3289,3291,3305,3297,3297,3327,3292,3291,3286,3320,3277,3291,3326,3291,3301,3304,3305,3310,3307,3308,3309,3305,3304
STAT,(NULL),MeminfoPre,229,189322,833,823,829,832,836,831,830,820,834,817,838,818,843,837,882,845,834,812,823,825,816,836,828,839,837,832,831,833,826,814,820,825,836,837,830,818,817,820,830,825,819,846,829,837,827,825,837,814,819,830,840,835,863,870,839,810,827,820,817,832,834,828,843,829,836,828,831,810,827,817,830,834,838,818,819,819,825,826,838,824,823,837,858,825,822,829,838,830,823,828,828,819,825,818,817,836,814,809,824,829,836,836,821,817,827,820,821,812,814,813,830,814,833,852,848,829,811,821,819,824,844,817,811,808,812,826,830,830,836,836,835,824,829,819,817,833,815,822,822,822,807,813,811,828,806,841,817,813,820,839,856,845,843,839,816,820,819,843,814,810,809,825,829,831,835,835,825,828,813,828,819,821,822,814,809,822,810,834,814,816,840,851,843,855,840,822,818,824,811,816,827,833,849,849,838,837,850,833,819,818,830,822,823,828,819,818,808,810,824,816,816,846,811,810,805,839,796,810,845,810,820,823,824,829,826,827,828,824,823
STAT,(NULL),Partition,229,380,380,0,0,0,0,0,0,0,0,0,0,0,0,0,0,0,0,0,0,0,0,0,0,0,0,0,0,0,0,0,0,0,0,0,0,0,0,0,0,0,0,0,0,0,0,0,0,0,0,0,0,0,0,0,0,0,0,0,0,0,0,0,0,0,0,0,0,0,0,0,0,0,0,0,0,0,0,0,0,0,0,0,0,0,0,0,0,0,0,0,0,0,0,0,0,0,0,0,0,0,0,0,0,0,0,0,0,0,0,0,0,0,0,0,0,0,0,0,0,0,0,0,0,0,0,0,0,0,0,0,0,0,0,0,0,0,0,0,0,0,0,0,0,0,0,0,0,0,0,0,0,0,0,0,0,0,0,0,0,0,0,0,0,0,0,0,0,0,0,0,0,0,0,0,0,0,0,0,0,0,0,0,0,0,0,0,0,0,0,0,0,0,0,0,0,0,0,0,0,0,0,0,0,0,0,0,0,0,0,0,0,0,0,0,0,0,0,0,0,0,0,0,0,0,0,0,0,0,0
STAT,(NULL),Refine,229,2821,2821,0,0,0,0,0,0,0,0,0,0,0,0,0,0,0,0,0,0,0,0,0,0,0,0,0,0,0,0,0,0,0,0,0,0,0,0,0,0,0,0,0,0,0,0,0,0,0,0,0,0,0,0,0,0,0,0,0,0,0,0,0,0,0,0,0,0,0,0,0,0,0,0,0,0,0,0,0,0,0,0,0,0,0,0,0,0,0,0,0,0,0,0,0,0,0,0,0,0,0,0,0,0,0,0,0,0,0,0,0,0,0,0,0,0,0,0,0,0,0,0,0,0,0,0,0,0,0,0,0,0,0,0,0,0,0,0,0,0,0,0,0,0,0,0,0,0,0,0,0,0,0,0,0,0,0,0,0,0,0,0,0,0,0,0,0,0,0,0,0,0,0,0,0,0,0,0,0,0,0,0,0,0,0,0,0,0,0,0,0,0,0,0,0,0,0,0,0,0,0,0,0,0,0,0,0,0,0,0,0,0,0,0,0,0,0,0,0,0,0,0,0,0,0,0,0,0,0,0
STAT,(NULL),Threads,229,229,229,0,0,0,0,0,0,0,0,0,0,0,0,0,0,0,0,0,0,0,0,0,0,0,0,0,0,0,0,0,0,0,0,0,0,0,0,0,0,0,0,0,0,0,0,0,0,0,0,0,0,0,0,0,0,0,0,0,0,0,0,0,0,0,0,0,0,0,0,0,0,0,0,0,0,0,0,0,0,0,0,0,0,0,0,0,0,0,0,0,0,0,0,0,0,0,0,0,0,0,0,0,0,0,0,0,0,0,0,0,0,0,0,0,0,0,0,0,0,0,0,0,0,0,0,0,0,0,0,0,0,0,0,0,0,0,0,0,0,0,0,0,0,0,0,0,0,0,0,0,0,0,0,0,0,0,0,0,0,0,0,0,0,0,0,0,0,0,0,0,0,0,0,0,0,0,0,0,0,0,0,0,0,0,0,0,0,0,0,0,0,0,0,0,0,0,0,0,0,0,0,0,0,0,0,0,0,0,0,0,0,0,0,0,0,0,0,0,0,0,0,0,0,0,0,0,0,0,0
STAT,(NULL),Time,229,8140,8140,0,0,0,0,0,0,0,0,0,0,0,0,0,0,0,0,0,0,0,0,0,0,0,0,0,0,0,0,0,0,0,0,0,0,0,0,0,0,0,0,0,0,0,0,0,0,0,0,0,0,0,0,0,0,0,0,0,0,0,0,0,0,0,0,0,0,0,0,0,0,0,0,0,0,0,0,0,0,0,0,0,0,0,0,0,0,0,0,0,0,0,0,0,0,0,0,0,0,0,0,0,0,0,0,0,0,0,0,0,0,0,0,0,0,0,0,0,0,0,0,0,0,0,0,0,0,0,0,0,0,0,0,0,0,0,0,0,0,0,0,0,0,0,0,0,0,0,0,0,0,0,0,0,0,0,0,0,0,0,0,0,0,0,0,0,0,0,0,0,0,0,0,0,0,0,0,0,0,0,0,0,0,0,0,0,0,0,0,0,0,0,0,0,0,0,0,0,0,0,0,0,0,0,0,0,0,0,0,0,0,0,0,0,0,0,0,0,0,0,0,0,0,0,0,0,0,0,0
STAT,match,Conflicts,229,6591,48,36,50,47,38,44,40,40,38,41,41,47,45,32,43,40,45,39,39,42,32,36,51,34,32,38,38,37,46,34,38,27,39,36,24,43,37,37,34,29,39,30,39,35,35,39,35,35,36,41,26,26,41,37,35,39,33,35,35,32,31,32,20,28,20,27,28,21,34,26,26,22,23,29,25,27,22,19,19,23,20,24,19,31,28,25,24,26,25,33,21,25,25,22,27,36,25,28,29,31,25,30,26,26,20,26,22,24,21,26,27,27,24,23,29,22,21,21,31,25,39,34,27,20,26,26,25,26,25,35,21,20,24,32,29,18,30,28,24,27,24,20,18,28,38,24,23,28,20,29,22,30,17,22,28,29,24,24,30,29,23,19,30,28,27,27,25,28,19,26,32,25,22,24,30,25,25,31,19,32,32,24,26,27,25,31,21,25,27,26,19,24,31,21,34,24,28,35,26,27,22,24,24,17,32,26,26,22,29,20,22,24,27,27,26,24,20,33,30,29,23,18,27,27,25,20,19,26,27
STAT,match,Iterations,229,15050165,50596,55875,52955,42003,56556,55669,44542,56390,47510,60720,52162,47608,52909,42752,62143,47965,46927,36262,56253,44671,59513,69929,37790,61338,51885,49654,41434,55769,54643,56100,51320,37003,54007,57923,63435,44059,57731,60388,63864,58447,53673,71938,38477,54554,48636,50974,65012,60016,59216,63698,76522,58511,51505,54789,71492,56336,51073,69184,79254,74831,73924,61683,74209,69266,69464,62851,68019,76631,51365,67739,67941,59389,71307,69307,71687,66660,69265,90590,60569,75979,68515,50434,87384,71931,55186,63126,79268,51267,67354,63593,82403,65772,70365,60858,58740,64152,71779,62568,61878,61263,71948,67211,51752,80172,62373,54499,79885,69751,84616,71857,83337,81747,64963,84276,62216,86746,75273,73675,64887,86645,70625,68617,60685,64438,73354,66352,73593,69895,72165,66965,57246,90456,53097,61434,62373,67857,63783,59268,64847,80097,70186,55542,69318,56442,54862,89009,63357,49839,60633,65321,59824,72940,67917,69678,61313,80830,58210,64811,74367,57596,68545,61713,44971,57317,73053,65946,65104,77817,90706,85029,56305,86467,72267,61506,72439,62565,96195,63032,92963,73781,51192,71510,73749,62710,63105,62124,63012,67001,76602,59806,91514,76820,67162,55542,72714,78753,57480,72345,57903,66083,69387,71432,75068,85909,68928,93842,70264,74364,60846,66585,94872,64323,81226,75167,85668,64159,91114,60500,65327,85848,78190,83759,69945,78050,64736,76729,80718,64027,63291
STAT,popedge,Conflicts,229,0,0,0,0,0,0,0,0,0,0,0,0,0,0,0,0,0,0,0,0,0,0,0,0,0,0,0,0,0,0,0,0,0,0,0,0,0,0,0,0,0,0,0,0,0,0,0,0,0,0,0,0,0,0,0,0,0,0,0,0,0,0,0,0,0,0,0,0,0,0,0,0,0,0,0,0,0,0,0,0,0,0,0,0,0,0,0,0,0,0,0,0,0,0,0,0,0,0,0,0,0,0,0,0,0,0,0,0,0,0,0,0,0,0,0,0,0,0,0,0,0,0,0,0,0,0,0,0,0,0,0,0,0,0,0,0,0,0,0,0,0,0,0,0,0,0,0,0,0,0,0,0,0,0,0,0,0,0,0,0,0,0,0,0,0,0,0,0,0,0,0,0,0,0,0,0,0,0,0,0,0,0,0,0,0,0,0,0,0,0,0,0,0,0,0,0,0,0,0,0,0,0,0,0,0,0,0,0,0,0,0,0,0,0,0,0,0,0,0,0,0,0,0,0,0,0,0,0,0,0
STAT,popedge,Iterations,229,7372416,30553,30192,30508,28919,29179,30156,29443,31582,29172,31729,32142,31942,30439,30468,32489,31265,32284,32257,32665,31035,30427,30639,32177,31214,31470,29438,32297,30661,31977,34309,32426,31439,32114,31949,30309,32115,32307,30695,32254,30706,29567,31694,31574,29768,29858,29873,34102,35596,35964,35374,33247,34555,33905,36133,34616,34322,36301,35849,35454,34174,32924,31894,30245,32335,29437,31017,31688,29271,32555,30599,31592,32113,31839,31022,30258,33645,29327,30277,29114,30711,30006,31053,32868,30254,31529,31669,30168,31301,29932,31676,31109,29393,32383,31764,32240,30733,32777,31102,31891,31817,29978,31919,30219,30815,31363,30476,31748,35042,36529,36108,33914,36803,34070,38746,34667,35781,35534,34777,37973,38625,33526,35659,31580,32403,30944,29654,31591,30476,30158,30899,31372,31614,31807,32790,31970,32461,32219,31010,30363,28812,33365,31048,31043,34344,30886,33465,30641,31907,31122,31771,30822,32751,29948,32001,31606,30791,31242,32573,29484,30851,33929,31396,31215,31320,31205,30542,29444,31785,39884,32979,34851,34820,35227,36196,34112,37085,35086,34360,36481,37581,36094,36345,35256,32218,30655,30630,31785,29694,32231,31114,33355,31207,31798,30633,32945,31885,30415,32522,29989,31477,31273,33080,30556,31929,32403,31005,32965,31758,33779,32194,33906,30037,32158,30660,31326,31880,33071,32154,32736,31956,31440,34523,32139,33928,33133,33080,33051,30951,30747
STAT,refine,Conflicts,229,6247,108,110,113,95,102,111,100,85,79,93,83,77,87,84,69,80,58,49,64,72,60,61,55,53,62,63,51,66,54,57,52,39,38,40,47,36,32,24,35,45,38,43,50,44,41,37,30,39,33,42,43,40,39,34,46,44,37,41,38,35,44,17,9,13,20,10,17,25,13,20,11,14,14,20,17,11,21,9,9,14,18,18,13,17,12,19,20,18,12,13,18,8,13,15,16,14,11,11,15,7,14,18,16,23,19,21,21,12,26,21,23,21,26,32,18,22,26,22,24,15,19,18,12,19,10,12,17,9,19,15,17,13,15,17,17,9,12,16,8,9,16,19,19,13,17,15,14,13,16,26,7,10,23,16,14,18,17,10,8,15,16,9,13,20,18,13,17,10,18,11,21,19,15,22,18,17,29,18,13,29,30,19,17,22,15,16,8,17,13,24,13,12,31,8,14,29,18,13,20,14,12,31,14,4,14,18,11,20,11,9,11,10,15,13,19,19,16,16,19,25,14,13,13,21,12,23,15,13,9
STAT,refine,Iterations,229,43108,344,337,368,301,313,379,332,345,256,373,244,278,346,237,302,256,271,201,253,263,239,268,244,258,266,216,159,199,179,210,228,161,147,172,195,142,137,122,208,178,209,189,290,254,221,136,155,191,146,266,210,187,196,237,243,200,236,205,220,208,276,235,102,164,128,166,151,224,157,218,179,140,214,202,138,110,139,162,109,184,171,126,173,172,158,178,142,85,114,138,165,89,150,112,185,130,73,101,160,132,164,267,208,272,142,199,165,281,205,145,236,260,154,235,159,293,258,184,268,167,176,166,121,151,130,141,176,154,258,229,225,197,128,171,263,59,148,149,137,165,203,230,138,221,169,157,175,139,93,156,93,195,143,203,130,181,159,94,85,142,188,165,172,236,302,222,163,107,260,108,149,194,167,270,209,205,225,161,178,171,206,113,160,178,130,177,112,141,205,164,258,187,252,136,172,235,145,156,172,265,198,209,202,85,213,173,121,154,155,62,97,93,109,143,193,132,171,126,122,216,127,134,208,268,158,291,228,145,169
