Hello from MIC
Galois Benchmark Suite v2.2.0 (r0)
Copyright (C) 2013 The University of Texas at Austin
http://iss.ices.utexas.edu/galois/

application: GMetis
Partitions a graph into K parts and minimizing the graph cut
http://iss.ices.utexas.edu/?p=projects/galois/benchmarks/gMetis

INFO: CommandLine /work/02556/dpereira/MIC/apps/gmetis/gmetis -t=39 /work/02556/dpereira/Inputs/USA-road-d.W.gr 16
INFO: Hostname c557-901-mic0.stampede.tacc.utexas.edu
Created Graph with 6262104 nodes and 15248146 edges
Nodes 6262104| Edges 15248146 7624073

  Starting coarsening: 
Time coarsen:  2993 Size of final graph: 422

  Sarting initial partitioning using GGGP:
Size in decade percentages:  -0,16
Time clustering:  356

  Sarting refinnement with BKL2
Initial dist
Size in decade percentages:  -0,16
Refined dist
Size in decade percentages:  -1,4 -0,7 1,5
Time refinement:  613


Time:  4137
Total edge cut : 1720

Part saved in : 0x7fff7d651d60
STATTYPE,LOOP,CATEGORY,n,sum,T0,T1,T2,T3,T4,T5,T6,T7,T8,T9,T10,T11,T12,T13,T14,T15,T16,T17,T18,T19,T20,T21,T22,T23,T24,T25,T26,T27,T28,T29,T30,T31,T32,T33,T34,T35,T36,T37,T38
STAT,(NULL),Coarsen,39,2993,2993,0,0,0,0,0,0,0,0,0,0,0,0,0,0,0,0,0,0,0,0,0,0,0,0,0,0,0,0,0,0,0,0,0,0,0,0,0,0
STAT,(NULL),Conflicts,39,0,0,0,0,0,0,0,0,0,0,0,0,0,0,0,0,0,0,0,0,0,0,0,0,0,0,0,0,0,0,0,0,0,0,0,0,0,0,0,0
STAT,(NULL),Iterations,39,31,6,0,2,0,0,0,4,0,0,3,0,0,0,0,2,0,0,0,3,2,3,0,0,0,1,0,4,0,0,0,0,0,0,0,1,0,0,0,0
STAT,(NULL),MeminfoPost,39,756174,19419,19380,19483,19384,19414,19392,19366,19428,19416,19428,19412,19384,19387,19401,19432,19367,19356,19388,19340,19418,19363,19376,19388,19349,19346,19434,19395,19356,19387,19337,19393,19431,19407,19432,19376,19344,19311,19365,19389
STAT,(NULL),MeminfoPre,39,189036,4877,4838,4941,4842,4872,4850,4824,4886,4874,4886,4870,4842,4845,4859,4890,4825,4814,4846,4798,4876,4821,4834,4846,4807,4804,4892,4853,4814,4845,4795,4851,4889,4865,4890,4834,4802,4769,4823,4847
STAT,(NULL),Partition,39,356,356,0,0,0,0,0,0,0,0,0,0,0,0,0,0,0,0,0,0,0,0,0,0,0,0,0,0,0,0,0,0,0,0,0,0,0,0,0,0
STAT,(NULL),Refine,39,613,613,0,0,0,0,0,0,0,0,0,0,0,0,0,0,0,0,0,0,0,0,0,0,0,0,0,0,0,0,0,0,0,0,0,0,0,0,0,0
STAT,(NULL),Threads,39,39,39,0,0,0,0,0,0,0,0,0,0,0,0,0,0,0,0,0,0,0,0,0,0,0,0,0,0,0,0,0,0,0,0,0,0,0,0,0,0
STAT,(NULL),Time,39,4137,4137,0,0,0,0,0,0,0,0,0,0,0,0,0,0,0,0,0,0,0,0,0,0,0,0,0,0,0,0,0,0,0,0,0,0,0,0,0,0
STAT,match,Conflicts,39,3840,227,154,142,133,120,103,120,123,102,91,88,95,82,85,85,104,113,105,111,90,72,106,91,121,88,100,86,93,61,96,55,79,72,69,28,74,99,69,108
STAT,match,Iterations,39,14940473,356472,374562,343907,378299,375476,385442,390498,361336,390886,379908,387123,396080,397334,368339,365852,379756,378256,374575,390894,376106,395312,402877,380753,391513,396745,379193,378858,386794,392477,379082,377373,369111,388727,343040,412653,411743,413081,403428,386612
STAT,popedge,Conflicts,39,0,0,0,0,0,0,0,0,0,0,0,0,0,0,0,0,0,0,0,0,0,0,0,0,0,0,0,0,0,0,0,0,0,0,0,0,0,0,0,0
STAT,popedge,Iterations,39,7318999,186164,185393,182451,186209,181307,187339,188913,184128,181948,183212,176967,183878,189367,168606,165503,176965,184634,183307,181585,182266,193456,190074,194131,197146,190344,189241,182949,190661,185644,192495,189125,178299,190777,187726,203772,205813,205868,208436,202900
STAT,refine,Conflicts,39,2404,160,144,126,113,108,78,87,70,90,69,76,54,57,64,59,58,58,66,55,42,59,41,32,49,25,41,35,51,32,40,47,42,28,37,37,36,34,55,49
STAT,refine,Iterations,39,33338,1043,912,1011,1018,1644,871,983,465,992,752,1459,647,953,710,1015,711,791,857,793,737,782,981,712,732,742,1007,752,1084,734,702,893,999,660,775,1023,560,385,710,741
