Hello from MIC
Galois Benchmark Suite v2.2.0 (r0)
Copyright (C) 2013 The University of Texas at Austin
http://iss.ices.utexas.edu/galois/

application: GMetis
Partitions a graph into K parts and minimizing the graph cut
http://iss.ices.utexas.edu/?p=projects/galois/benchmarks/gMetis

INFO: CommandLine /work/02556/dpereira/MIC/apps/gmetis/gmetis -t=126 /work/02556/dpereira/Inputs/USA-road-d.W.gr 128
INFO: Hostname c558-001-mic0.stampede.tacc.utexas.edu
Created Graph with 6262104 nodes and 15248146 edges
Nodes 6262104| Edges 15248146 7624073

  Starting coarsening: 
Time coarsen:  2360 Size of final graph: 3053

  Sarting initial partitioning using GGGP:
Size in decade percentages:  -1,7 -0,116 1,5
Time clustering:  427

  Sarting refinnement with BKL2
Initial dist
Size in decade percentages:  -1,7 -0,116 1,5
Refined dist
Size in decade percentages:  -1,44 -0,40 1,44
Time refinement:  1390


Time:  4355
Total edge cut : 8708

Part saved in : 0x7fffdbc79060
STATTYPE,LOOP,CATEGORY,n,sum,T0,T1,T2,T3,T4,T5,T6,T7,T8,T9,T10,T11,T12,T13,T14,T15,T16,T17,T18,T19,T20,T21,T22,T23,T24,T25,T26,T27,T28,T29,T30,T31,T32,T33,T34,T35,T36,T37,T38,T39,T40,T41,T42,T43,T44,T45,T46,T47,T48,T49,T50,T51,T52,T53,T54,T55,T56,T57,T58,T59,T60,T61,T62,T63,T64,T65,T66,T67,T68,T69,T70,T71,T72,T73,T74,T75,T76,T77,T78,T79,T80,T81,T82,T83,T84,T85,T86,T87,T88,T89,T90,T91,T92,T93,T94,T95,T96,T97,T98,T99,T100,T101,T102,T103,T104,T105,T106,T107,T108,T109,T110,T111,T112,T113,T114,T115,T116,T117,T118,T119,T120,T121,T122,T123,T124,T125
STAT,(NULL),Coarsen,126,2360,2360,0,0,0,0,0,0,0,0,0,0,0,0,0,0,0,0,0,0,0,0,0,0,0,0,0,0,0,0,0,0,0,0,0,0,0,0,0,0,0,0,0,0,0,0,0,0,0,0,0,0,0,0,0,0,0,0,0,0,0,0,0,0,0,0,0,0,0,0,0,0,0,0,0,0,0,0,0,0,0,0,0,0,0,0,0,0,0,0,0,0,0,0,0,0,0,0,0,0,0,0,0,0,0,0,0,0,0,0,0,0,0,0,0,0,0,0,0,0,0,0,0,0,0,0,0
STAT,(NULL),Conflicts,126,0,0,0,0,0,0,0,0,0,0,0,0,0,0,0,0,0,0,0,0,0,0,0,0,0,0,0,0,0,0,0,0,0,0,0,0,0,0,0,0,0,0,0,0,0,0,0,0,0,0,0,0,0,0,0,0,0,0,0,0,0,0,0,0,0,0,0,0,0,0,0,0,0,0,0,0,0,0,0,0,0,0,0,0,0,0,0,0,0,0,0,0,0,0,0,0,0,0,0,0,0,0,0,0,0,0,0,0,0,0,0,0,0,0,0,0,0,0,0,0,0,0,0,0,0,0,0
STAT,(NULL),Iterations,126,255,8,0,1,0,1,4,0,3,3,0,4,3,1,3,0,2,0,4,5,0,0,1,1,1,3,0,0,4,0,2,2,0,8,0,0,1,4,3,0,0,2,3,4,2,2,3,1,1,5,2,4,0,1,2,3,0,3,1,4,0,1,4,0,1,0,1,3,1,1,0,0,2,6,0,3,2,2,5,2,3,2,0,6,1,2,2,1,0,0,7,4,5,2,2,3,1,5,3,3,0,0,2,0,1,1,1,2,3,6,7,2,0,3,2,1,6,0,6,3,2,0,0,4,0,1,1
STAT,(NULL),MeminfoPost,126,756669,6013,6014,6012,6014,6002,6003,6014,6038,6061,5994,6000,6005,6012,6033,6005,6007,5990,6004,6022,5995,5991,6008,6009,6019,6013,6006,5994,6018,6041,6068,5992,6002,5997,6014,6032,6007,6009,5992,5998,6026,5995,5991,6008,6007,6010,6042,5996,6016,6006,6010,5997,5989,6008,5975,6006,6022,5996,5998,5991,5984,5997,5993,6043,6015,5989,5994,6017,5975,5980,6012,6018,6023,6000,5994,6004,5993,5997,5975,5990,5980,6009,5987,6039,6039,6024,5987,6015,5980,5984,6008,6020,6007,5995,5999,5999,5977,5988,5999,5982,6039,6044,6026,5993,5989,5994,6021,6049,6029,6026,5990,6004,5999,6002,5977,5985,5974,6025,5975,5986,5973,6010,5993,6009,6002,6006,6001
STAT,(NULL),MeminfoPre,126,189165,1509,1510,1508,1510,1498,1499,1510,1534,1557,1490,1496,1501,1508,1529,1501,1503,1486,1500,1518,1491,1487,1504,1505,1515,1509,1502,1490,1514,1537,1564,1488,1498,1493,1510,1528,1503,1505,1488,1494,1522,1491,1487,1504,1503,1506,1538,1492,1512,1502,1506,1493,1485,1504,1471,1502,1518,1492,1494,1487,1480,1493,1489,1539,1511,1485,1490,1513,1471,1476,1508,1514,1519,1496,1490,1500,1489,1493,1471,1486,1476,1505,1483,1535,1535,1520,1483,1511,1476,1480,1504,1516,1503,1491,1495,1495,1473,1484,1495,1478,1535,1540,1522,1489,1485,1490,1517,1545,1525,1522,1486,1500,1495,1498,1473,1481,1470,1521,1471,1482,1469,1506,1489,1505,1498,1502,1497
STAT,(NULL),Partition,126,427,427,0,0,0,0,0,0,0,0,0,0,0,0,0,0,0,0,0,0,0,0,0,0,0,0,0,0,0,0,0,0,0,0,0,0,0,0,0,0,0,0,0,0,0,0,0,0,0,0,0,0,0,0,0,0,0,0,0,0,0,0,0,0,0,0,0,0,0,0,0,0,0,0,0,0,0,0,0,0,0,0,0,0,0,0,0,0,0,0,0,0,0,0,0,0,0,0,0,0,0,0,0,0,0,0,0,0,0,0,0,0,0,0,0,0,0,0,0,0,0,0,0,0,0,0,0
STAT,(NULL),Refine,126,1390,1390,0,0,0,0,0,0,0,0,0,0,0,0,0,0,0,0,0,0,0,0,0,0,0,0,0,0,0,0,0,0,0,0,0,0,0,0,0,0,0,0,0,0,0,0,0,0,0,0,0,0,0,0,0,0,0,0,0,0,0,0,0,0,0,0,0,0,0,0,0,0,0,0,0,0,0,0,0,0,0,0,0,0,0,0,0,0,0,0,0,0,0,0,0,0,0,0,0,0,0,0,0,0,0,0,0,0,0,0,0,0,0,0,0,0,0,0,0,0,0,0,0,0,0,0,0
STAT,(NULL),Threads,126,126,126,0,0,0,0,0,0,0,0,0,0,0,0,0,0,0,0,0,0,0,0,0,0,0,0,0,0,0,0,0,0,0,0,0,0,0,0,0,0,0,0,0,0,0,0,0,0,0,0,0,0,0,0,0,0,0,0,0,0,0,0,0,0,0,0,0,0,0,0,0,0,0,0,0,0,0,0,0,0,0,0,0,0,0,0,0,0,0,0,0,0,0,0,0,0,0,0,0,0,0,0,0,0,0,0,0,0,0,0,0,0,0,0,0,0,0,0,0,0,0,0,0,0,0,0,0
STAT,(NULL),Time,126,4355,4355,0,0,0,0,0,0,0,0,0,0,0,0,0,0,0,0,0,0,0,0,0,0,0,0,0,0,0,0,0,0,0,0,0,0,0,0,0,0,0,0,0,0,0,0,0,0,0,0,0,0,0,0,0,0,0,0,0,0,0,0,0,0,0,0,0,0,0,0,0,0,0,0,0,0,0,0,0,0,0,0,0,0,0,0,0,0,0,0,0,0,0,0,0,0,0,0,0,0,0,0,0,0,0,0,0,0,0,0,0,0,0,0,0,0,0,0,0,0,0,0,0,0,0,0,0
STAT,match,Conflicts,126,6261,80,73,85,74,64,82,74,79,74,61,79,66,55,63,72,60,66,68,71,55,68,63,64,61,58,69,62,61,56,68,62,46,57,45,50,35,49,50,58,48,51,60,44,40,44,50,57,65,55,45,45,52,47,55,49,55,49,69,54,47,61,38,36,32,42,28,51,39,43,33,40,41,32,42,39,40,44,47,39,46,34,55,39,46,49,31,49,40,33,40,33,37,38,60,33,38,33,35,40,43,43,41,45,40,34,45,43,44,46,39,34,48,34,51,45,44,37,39,44,43,39,45,39,38,34,44
STAT,match,Iterations,126,14980985,85018,96664,82883,102556,94705,95814,95455,111184,100484,107992,106552,106257,118376,120253,116189,105879,110537,113648,116327,126993,120446,108547,96775,114296,110976,108332,112187,108414,110620,93362,105131,129183,125510,117851,109056,134187,103874,118673,105401,117019,102510,116905,112041,108341,107037,101004,107502,98806,98055,112161,127659,119719,110145,113317,113132,97589,122851,93660,113688,115451,115478,107342,108156,106135,113885,132806,123959,139188,131450,132471,115692,131646,136905,135945,139160,133282,133750,114064,144293,134726,146305,112253,123036,120468,129005,140449,150055,131998,135028,150477,134231,132758,144260,112943,127914,138888,143470,115114,136236,117654,132661,117524,114406,123873,124952,127951,124093,144709,131245,120394,134877,116903,136047,128754,133369,127882,119575,141835,121490,142534,126833,123376,111315,99974,109208,117151
STAT,popedge,Conflicts,126,0,0,0,0,0,0,0,0,0,0,0,0,0,0,0,0,0,0,0,0,0,0,0,0,0,0,0,0,0,0,0,0,0,0,0,0,0,0,0,0,0,0,0,0,0,0,0,0,0,0,0,0,0,0,0,0,0,0,0,0,0,0,0,0,0,0,0,0,0,0,0,0,0,0,0,0,0,0,0,0,0,0,0,0,0,0,0,0,0,0,0,0,0,0,0,0,0,0,0,0,0,0,0,0,0,0,0,0,0,0,0,0,0,0,0,0,0,0,0,0,0,0,0,0,0,0,0
STAT,popedge,Iterations,126,7336964,52429,49176,52135,50937,62219,62023,61563,58602,60004,59675,57933,60998,59138,58236,58918,60145,61243,58617,59985,59391,61807,57714,60506,56147,56955,59707,58531,61570,60281,57068,59818,56552,58651,58197,57247,55390,59226,59063,57839,58782,51393,57662,55360,54914,55925,55780,57698,58354,58929,58216,57428,59602,59712,61621,60797,60668,57876,61491,58599,59257,60312,50429,47831,51057,52564,60116,57505,56168,58977,60154,60579,60985,59760,60656,58987,61975,59522,61227,58861,59085,59433,64148,60852,60640,56912,58969,57854,60690,61271,60812,55794,59677,57067,59058,58579,57492,58339,58208,59847,57052,59969,50272,58542,55973,54431,56359,59473,58603,58971,59800,61685,62778,61561,58829,63677,59378,57584,60344,61430,57618,58438,59657,53101,52299,50732,50316
STAT,refine,Conflicts,126,5252,120,122,99,116,93,101,95,94,85,80,77,79,81,83,82,75,53,67,59,66,59,58,69,58,61,61,50,67,59,76,58,52,38,48,58,44,36,42,49,43,38,37,51,40,50,47,36,41,41,32,39,35,29,40,51,41,33,33,43,34,41,18,23,22,28,25,18,26,26,28,23,23,23,19,24,21,27,28,28,25,30,25,25,28,30,24,34,20,30,29,35,25,29,20,21,31,36,18,16,30,31,24,20,30,23,27,21,24,21,26,24,24,26,13,17,28,27,23,28,26,22,29,30,20,13,19
STAT,refine,Iterations,126,142799,1031,1259,942,1179,1324,1169,918,1299,1608,1436,1020,1175,1403,1247,1009,1137,1095,1045,1049,1208,983,1054,1374,1325,1120,1210,964,1108,1596,1311,1101,1056,972,1016,1263,815,971,1326,1037,1251,1180,1014,1009,1020,1033,1333,1007,1019,765,802,1027,1050,824,940,954,1002,1020,845,870,915,995,920,1333,890,1043,967,1186,1058,1196,1219,1216,1114,1372,1189,1208,1041,1181,1018,1177,1100,1414,1187,1427,1621,1464,1158,1561,1020,1172,1577,1509,1249,1246,937,927,1540,1172,936,1201,1460,1755,1121,1012,1026,970,1550,1307,1323,1213,889,874,1137,910,698,714,1139,1228,1187,1100,1052,1019,1154,1129,931,967,1158
