Hello from MIC
Galois Benchmark Suite v2.2.0 (r0)
Copyright (C) 2013 The University of Texas at Austin
http://iss.ices.utexas.edu/galois/

application: GMetis
Partitions a graph into K parts and minimizing the graph cut
http://iss.ices.utexas.edu/?p=projects/galois/benchmarks/gMetis

INFO: CommandLine /work/02556/dpereira/MIC/apps/gmetis/gmetis -t=147 /work/02556/dpereira/Inputs/USA-road-d.W.gr 128
INFO: Hostname c558-001-mic0.stampede.tacc.utexas.edu
Created Graph with 6262104 nodes and 15248146 edges
Nodes 6262104| Edges 15248146 7624073

  Starting coarsening: 
Time coarsen:  2593 Size of final graph: 3140

  Sarting initial partitioning using GGGP:
Size in decade percentages:  -1,9 -0,117 1,2
Time clustering:  433

  Sarting refinnement with BKL2
Initial dist
Size in decade percentages:  -1,9 -0,117 1,2
Refined dist
Size in decade percentages:  -1,39 0,51 1,38
Time refinement:  1481


Time:  4684
Total edge cut : 7578

Part saved in : 0x7fff5637fae0
STATTYPE,LOOP,CATEGORY,n,sum,T0,T1,T2,T3,T4,T5,T6,T7,T8,T9,T10,T11,T12,T13,T14,T15,T16,T17,T18,T19,T20,T21,T22,T23,T24,T25,T26,T27,T28,T29,T30,T31,T32,T33,T34,T35,T36,T37,T38,T39,T40,T41,T42,T43,T44,T45,T46,T47,T48,T49,T50,T51,T52,T53,T54,T55,T56,T57,T58,T59,T60,T61,T62,T63,T64,T65,T66,T67,T68,T69,T70,T71,T72,T73,T74,T75,T76,T77,T78,T79,T80,T81,T82,T83,T84,T85,T86,T87,T88,T89,T90,T91,T92,T93,T94,T95,T96,T97,T98,T99,T100,T101,T102,T103,T104,T105,T106,T107,T108,T109,T110,T111,T112,T113,T114,T115,T116,T117,T118,T119,T120,T121,T122,T123,T124,T125,T126,T127,T128,T129,T130,T131,T132,T133,T134,T135,T136,T137,T138,T139,T140,T141,T142,T143,T144,T145,T146
STAT,(NULL),Coarsen,147,2593,2593,0,0,0,0,0,0,0,0,0,0,0,0,0,0,0,0,0,0,0,0,0,0,0,0,0,0,0,0,0,0,0,0,0,0,0,0,0,0,0,0,0,0,0,0,0,0,0,0,0,0,0,0,0,0,0,0,0,0,0,0,0,0,0,0,0,0,0,0,0,0,0,0,0,0,0,0,0,0,0,0,0,0,0,0,0,0,0,0,0,0,0,0,0,0,0,0,0,0,0,0,0,0,0,0,0,0,0,0,0,0,0,0,0,0,0,0,0,0,0,0,0,0,0,0,0,0,0,0,0,0,0,0,0,0,0,0,0,0,0,0,0,0,0,0,0,0
STAT,(NULL),Conflicts,147,0,0,0,0,0,0,0,0,0,0,0,0,0,0,0,0,0,0,0,0,0,0,0,0,0,0,0,0,0,0,0,0,0,0,0,0,0,0,0,0,0,0,0,0,0,0,0,0,0,0,0,0,0,0,0,0,0,0,0,0,0,0,0,0,0,0,0,0,0,0,0,0,0,0,0,0,0,0,0,0,0,0,0,0,0,0,0,0,0,0,0,0,0,0,0,0,0,0,0,0,0,0,0,0,0,0,0,0,0,0,0,0,0,0,0,0,0,0,0,0,0,0,0,0,0,0,0,0,0,0,0,0,0,0,0,0,0,0,0,0,0,0,0,0,0,0,0,0
STAT,(NULL),Iterations,147,255,8,1,0,0,1,0,3,3,4,2,5,0,2,6,0,0,0,2,0,0,0,2,4,2,0,0,0,0,1,5,0,2,4,3,1,2,3,4,0,6,1,4,1,0,1,2,3,1,0,2,8,1,1,0,2,1,0,6,1,1,3,7,0,0,0,0,3,0,0,4,2,6,0,0,1,1,0,2,0,3,2,1,0,0,0,0,1,5,4,2,2,3,2,1,6,0,2,2,6,0,3,1,3,1,0,1,6,1,0,0,5,2,1,3,1,1,4,0,7,0,0,0,0,0,0,0,0,3,0,0,0,3,8,0,1,0,0,0,0,3,1,1,2,4,0,5,1
STAT,(NULL),MeminfoPost,147,756742,5153,5146,5162,5162,5141,5143,5154,5149,5169,5217,5155,5138,5138,5150,5155,5161,5155,5156,5139,5138,5150,5169,5140,5128,5150,5138,5167,5154,5153,5157,5131,5153,5163,5184,5203,5135,5143,5134,5159,5159,5166,5152,5154,5133,5139,5158,5162,5134,5134,5146,5156,5143,5170,5166,5143,5159,5148,5149,5143,5140,5134,5151,5122,5147,5161,5150,5137,5142,5132,5131,5142,5128,5175,5174,5139,5136,5139,5162,5125,5120,5145,5152,5158,5166,5146,5141,5137,5142,5142,5135,5124,5132,5126,5156,5128,5152,5179,5174,5169,5134,5141,5151,5120,5136,5151,5163,5152,5143,5146,5135,5141,5122,5135,5145,5128,5148,5183,5181,5162,5139,5136,5130,5146,5181,5176,5171,5170,5130,5150,5141,5144,5142,5124,5133,5133,5158,5122,5119,5140,5118,5161,5130,5143,5152,5146,5144,5149
STAT,(NULL),MeminfoPre,147,189175,1292,1285,1301,1301,1280,1282,1293,1288,1308,1356,1294,1277,1277,1289,1294,1300,1294,1295,1278,1277,1289,1308,1279,1267,1289,1277,1306,1293,1292,1296,1270,1292,1302,1323,1342,1274,1282,1273,1298,1298,1305,1291,1293,1272,1278,1297,1301,1273,1273,1285,1295,1282,1309,1305,1282,1298,1287,1288,1282,1279,1273,1290,1261,1286,1300,1289,1276,1281,1271,1270,1281,1267,1314,1313,1278,1275,1278,1301,1264,1259,1284,1291,1297,1305,1285,1280,1276,1281,1281,1274,1263,1271,1265,1295,1267,1291,1318,1313,1308,1273,1280,1290,1259,1275,1290,1302,1291,1282,1285,1274,1280,1261,1274,1284,1267,1287,1322,1320,1301,1278,1275,1269,1285,1320,1315,1310,1309,1269,1289,1280,1283,1281,1263,1272,1272,1297,1261,1258,1279,1257,1300,1269,1282,1291,1285,1283,1288
STAT,(NULL),Partition,147,433,433,0,0,0,0,0,0,0,0,0,0,0,0,0,0,0,0,0,0,0,0,0,0,0,0,0,0,0,0,0,0,0,0,0,0,0,0,0,0,0,0,0,0,0,0,0,0,0,0,0,0,0,0,0,0,0,0,0,0,0,0,0,0,0,0,0,0,0,0,0,0,0,0,0,0,0,0,0,0,0,0,0,0,0,0,0,0,0,0,0,0,0,0,0,0,0,0,0,0,0,0,0,0,0,0,0,0,0,0,0,0,0,0,0,0,0,0,0,0,0,0,0,0,0,0,0,0,0,0,0,0,0,0,0,0,0,0,0,0,0,0,0,0,0,0,0,0
STAT,(NULL),Refine,147,1481,1481,0,0,0,0,0,0,0,0,0,0,0,0,0,0,0,0,0,0,0,0,0,0,0,0,0,0,0,0,0,0,0,0,0,0,0,0,0,0,0,0,0,0,0,0,0,0,0,0,0,0,0,0,0,0,0,0,0,0,0,0,0,0,0,0,0,0,0,0,0,0,0,0,0,0,0,0,0,0,0,0,0,0,0,0,0,0,0,0,0,0,0,0,0,0,0,0,0,0,0,0,0,0,0,0,0,0,0,0,0,0,0,0,0,0,0,0,0,0,0,0,0,0,0,0,0,0,0,0,0,0,0,0,0,0,0,0,0,0,0,0,0,0,0,0,0,0
STAT,(NULL),Threads,147,147,147,0,0,0,0,0,0,0,0,0,0,0,0,0,0,0,0,0,0,0,0,0,0,0,0,0,0,0,0,0,0,0,0,0,0,0,0,0,0,0,0,0,0,0,0,0,0,0,0,0,0,0,0,0,0,0,0,0,0,0,0,0,0,0,0,0,0,0,0,0,0,0,0,0,0,0,0,0,0,0,0,0,0,0,0,0,0,0,0,0,0,0,0,0,0,0,0,0,0,0,0,0,0,0,0,0,0,0,0,0,0,0,0,0,0,0,0,0,0,0,0,0,0,0,0,0,0,0,0,0,0,0,0,0,0,0,0,0,0,0,0,0,0,0,0,0,0
STAT,(NULL),Time,147,4684,4684,0,0,0,0,0,0,0,0,0,0,0,0,0,0,0,0,0,0,0,0,0,0,0,0,0,0,0,0,0,0,0,0,0,0,0,0,0,0,0,0,0,0,0,0,0,0,0,0,0,0,0,0,0,0,0,0,0,0,0,0,0,0,0,0,0,0,0,0,0,0,0,0,0,0,0,0,0,0,0,0,0,0,0,0,0,0,0,0,0,0,0,0,0,0,0,0,0,0,0,0,0,0,0,0,0,0,0,0,0,0,0,0,0,0,0,0,0,0,0,0,0,0,0,0,0,0,0,0,0,0,0,0,0,0,0,0,0,0,0,0,0,0,0,0,0,0
STAT,match,Conflicts,147,6410,74,67,66,66,58,60,66,58,63,64,45,73,60,57,62,50,60,55,55,54,56,49,52,62,66,46,51,55,53,58,46,54,57,66,41,50,55,44,48,44,48,42,42,46,37,47,36,39,53,47,52,47,37,48,41,49,52,48,46,53,52,34,45,30,31,32,30,39,38,32,38,42,44,30,42,38,42,38,54,39,38,43,34,28,34,36,42,31,26,33,39,32,34,40,53,38,48,52,47,44,31,40,44,38,31,32,44,43,26,39,39,50,46,33,34,35,39,36,40,39,38,37,26,48,34,40,24,35,34,34,26,29,29,38,37,30,42,40,30,43,38,36,30,28,36,32,39
STAT,match,Iterations,147,15027098,55487,82952,63610,89292,81859,79530,71605,74195,79653,79849,92033,79063,60235,76515,75182,85470,83897,99475,66018,81581,83529,72187,92239,72620,74026,98407,84062,111519,75444,92027,107804,100437,99518,100151,120519,93748,107947,95988,116390,91356,112955,125150,122681,103060,98448,113158,115791,82147,122217,110567,112618,110862,121952,104027,113799,98280,90149,99689,109668,89792,98357,101977,100768,99917,98118,89259,97430,97924,108691,88404,107572,83236,115778,107899,78052,96262,88964,109006,92901,104401,99831,88350,98374,83410,106043,118230,98590,123349,132796,119491,111167,136639,126393,97938,116432,121646,105761,100104,109792,116964,118520,112496,111301,116068,113491,119551,127852,112737,125671,124604,108484,111139,97510,136659,126057,127931,135925,104792,103760,113915,110534,122257,109568,99427,87820,106957,100474,101092,113761,103190,110785,108777,110562,112093,110540,106258,103642,107931,116658,113974,102782,113306,113809,108020,98645,94701,110427
STAT,popedge,Conflicts,147,0,0,0,0,0,0,0,0,0,0,0,0,0,0,0,0,0,0,0,0,0,0,0,0,0,0,0,0,0,0,0,0,0,0,0,0,0,0,0,0,0,0,0,0,0,0,0,0,0,0,0,0,0,0,0,0,0,0,0,0,0,0,0,0,0,0,0,0,0,0,0,0,0,0,0,0,0,0,0,0,0,0,0,0,0,0,0,0,0,0,0,0,0,0,0,0,0,0,0,0,0,0,0,0,0,0,0,0,0,0,0,0,0,0,0,0,0,0,0,0,0,0,0,0,0,0,0,0,0,0,0,0,0,0,0,0,0,0,0,0,0,0,0,0,0,0,0,0
STAT,popedge,Iterations,147,7365991,46639,45843,47246,44826,46007,46051,47648,48062,45789,46433,45045,46044,48382,48670,47106,47512,45479,47903,48506,46777,45579,46059,46049,49363,46222,53791,54686,52681,57204,55357,52594,52353,49524,54182,51239,54564,55302,53389,52512,55421,51875,51288,54225,57264,53493,53807,52033,55382,54507,49894,50701,50007,51065,50210,51871,50599,52263,52254,50926,54074,52625,46035,45593,46503,43792,44624,44646,46267,46164,46841,42822,49458,45044,44936,49162,48208,49422,45783,50454,47803,45128,47132,47735,46530,47634,44436,56738,55204,54930,52861,57814,53122,56756,49293,55586,53822,56705,56207,51924,54385,56018,54956,54734,55089,55035,54245,53074,52040,52093,55518,53949,55532,52046,55664,52657,54709,52420,53433,52865,53848,52147,53361,43603,45074,47274,47245,46508,47644,45353,48209,46446,47565,50941,44156,44143,47000,50422,47225,48818,48553,46111,46244,48394,47866,48226,48370,47267
STAT,refine,Conflicts,147,5404,140,117,110,116,87,107,90,90,70,80,79,77,87,74,76,67,50,59,60,54,55,71,64,66,57,53,55,59,51,60,50,38,41,43,37,33,40,36,38,40,42,37,37,44,54,45,47,29,33,39,43,54,39,24,39,48,36,32,42,38,39,27,25,20,24,25,22,19,23,14,24,22,21,22,20,20,30,14,19,35,21,19,22,21,18,16,18,19,17,23,21,24,32,29,24,25,26,26,23,21,25,20,21,30,28,25,17,29,22,15,21,27,25,23,21,27,23,20,26,26,25,26,26,20,24,20,19,17,15,23,18,14,22,15,30,15,16,19,15,21,24,19,18,17,23,21,22
STAT,refine,Iterations,147,130220,812,850,799,915,808,803,754,874,918,993,862,795,895,761,545,853,539,667,824,645,782,822,865,741,626,619,776,766,682,932,741,815,950,1073,1089,815,1006,1165,1023,849,1050,648,896,975,894,1292,1263,611,990,987,1132,1052,1309,735,1319,1124,959,1109,1093,825,835,900,733,769,878,794,677,725,742,873,859,728,1067,998,796,597,706,784,688,887,922,660,964,821,826,799,562,889,991,725,865,962,945,1126,1010,987,1057,1343,973,857,1002,1178,714,956,1219,1169,1130,1144,763,1025,1054,1130,1023,1273,994,1167,1280,1069,1102,1139,817,927,843,755,685,1042,783,616,700,821,986,810,755,534,965,711,650,630,787,691,816,826,736,915,881,800,575
