Hello from MIC
Galois Benchmark Suite v2.2.0 (r0)
Copyright (C) 2013 The University of Texas at Austin
http://iss.ices.utexas.edu/galois/

application: GMetis
Partitions a graph into K parts and minimizing the graph cut
http://iss.ices.utexas.edu/?p=projects/galois/benchmarks/gMetis

INFO: CommandLine /work/02556/dpereira/MIC/apps/gmetis/gmetis -t=234 /work/02556/dpereira/Inputs/USA-road-d.W.gr 128
INFO: Hostname c558-003-mic0.stampede.tacc.utexas.edu
Created Graph with 6262104 nodes and 15248146 edges
Nodes 6262104| Edges 15248146 7624073

  Starting coarsening: 
Time coarsen:  4031 Size of final graph: 3173

  Sarting initial partitioning using GGGP:
Size in decade percentages:  -1,7 -0,116 1,5
Time clustering:  457

  Sarting refinnement with BKL2
Initial dist
Size in decade percentages:  -1,7 -0,116 1,5
Refined dist
Size in decade percentages:  -1,49 0,27 1,52
Time refinement:  2638


Time:  7305
Total edge cut : 8190

Part saved in : 0x7fffd4380460
STATTYPE,LOOP,CATEGORY,n,sum,T0,T1,T2,T3,T4,T5,T6,T7,T8,T9,T10,T11,T12,T13,T14,T15,T16,T17,T18,T19,T20,T21,T22,T23,T24,T25,T26,T27,T28,T29,T30,T31,T32,T33,T34,T35,T36,T37,T38,T39,T40,T41,T42,T43,T44,T45,T46,T47,T48,T49,T50,T51,T52,T53,T54,T55,T56,T57,T58,T59,T60,T61,T62,T63,T64,T65,T66,T67,T68,T69,T70,T71,T72,T73,T74,T75,T76,T77,T78,T79,T80,T81,T82,T83,T84,T85,T86,T87,T88,T89,T90,T91,T92,T93,T94,T95,T96,T97,T98,T99,T100,T101,T102,T103,T104,T105,T106,T107,T108,T109,T110,T111,T112,T113,T114,T115,T116,T117,T118,T119,T120,T121,T122,T123,T124,T125,T126,T127,T128,T129,T130,T131,T132,T133,T134,T135,T136,T137,T138,T139,T140,T141,T142,T143,T144,T145,T146,T147,T148,T149,T150,T151,T152,T153,T154,T155,T156,T157,T158,T159,T160,T161,T162,T163,T164,T165,T166,T167,T168,T169,T170,T171,T172,T173,T174,T175,T176,T177,T178,T179,T180,T181,T182,T183,T184,T185,T186,T187,T188,T189,T190,T191,T192,T193,T194,T195,T196,T197,T198,T199,T200,T201,T202,T203,T204,T205,T206,T207,T208,T209,T210,T211,T212,T213,T214,T215,T216,T217,T218,T219,T220,T221,T222,T223,T224,T225,T226,T227,T228,T229,T230,T231,T232,T233
STAT,(NULL),Coarsen,234,4031,4031,0,0,0,0,0,0,0,0,0,0,0,0,0,0,0,0,0,0,0,0,0,0,0,0,0,0,0,0,0,0,0,0,0,0,0,0,0,0,0,0,0,0,0,0,0,0,0,0,0,0,0,0,0,0,0,0,0,0,0,0,0,0,0,0,0,0,0,0,0,0,0,0,0,0,0,0,0,0,0,0,0,0,0,0,0,0,0,0,0,0,0,0,0,0,0,0,0,0,0,0,0,0,0,0,0,0,0,0,0,0,0,0,0,0,0,0,0,0,0,0,0,0,0,0,0,0,0,0,0,0,0,0,0,0,0,0,0,0,0,0,0,0,0,0,0,0,0,0,0,0,0,0,0,0,0,0,0,0,0,0,0,0,0,0,0,0,0,0,0,0,0,0,0,0,0,0,0,0,0,0,0,0,0,0,0,0,0,0,0,0,0,0,0,0,0,0,0,0,0,0,0,0,0,0,0,0,0,0,0,0,0,0,0,0,0,0,0,0,0,0,0,0,0,0,0,0,0,0,0,0,0,0,0
STAT,(NULL),Conflicts,234,0,0,0,0,0,0,0,0,0,0,0,0,0,0,0,0,0,0,0,0,0,0,0,0,0,0,0,0,0,0,0,0,0,0,0,0,0,0,0,0,0,0,0,0,0,0,0,0,0,0,0,0,0,0,0,0,0,0,0,0,0,0,0,0,0,0,0,0,0,0,0,0,0,0,0,0,0,0,0,0,0,0,0,0,0,0,0,0,0,0,0,0,0,0,0,0,0,0,0,0,0,0,0,0,0,0,0,0,0,0,0,0,0,0,0,0,0,0,0,0,0,0,0,0,0,0,0,0,0,0,0,0,0,0,0,0,0,0,0,0,0,0,0,0,0,0,0,0,0,0,0,0,0,0,0,0,0,0,0,0,0,0,0,0,0,0,0,0,0,0,0,0,0,0,0,0,0,0,0,0,0,0,0,0,0,0,0,0,0,0,0,0,0,0,0,0,0,0,0,0,0,0,0,0,0,0,0,0,0,0,0,0,0,0,0,0,0,0,0,0,0,0,0,0,0,0,0,0,0,0,0,0,0,0,0
STAT,(NULL),Iterations,234,255,10,1,0,0,1,0,0,2,0,0,0,1,2,1,1,1,0,1,2,0,5,3,0,0,2,0,0,6,0,0,0,0,1,2,3,2,0,0,0,0,0,1,1,2,2,0,1,1,0,3,0,1,3,0,1,2,0,0,2,0,0,3,4,0,0,0,0,1,3,0,4,0,0,0,0,0,0,0,0,0,0,0,0,0,0,2,0,3,0,2,0,0,4,0,0,0,0,1,2,0,4,0,0,0,0,0,5,2,5,0,2,2,0,2,3,0,1,0,0,5,2,0,1,1,0,2,2,0,3,6,0,0,0,0,0,2,1,8,5,2,0,0,2,1,1,1,2,1,0,1,2,0,1,3,1,0,0,0,0,0,0,0,0,0,0,2,0,0,4,1,0,2,0,3,5,2,0,8,4,0,3,0,1,2,4,0,1,0,0,0,2,0,0,0,3,0,3,1,0,0,0,0,0,0,1,0,2,0,0,0,0,1,1,1,0,1,0,2,0,3,0,1,0,7,0,0,2,0,0,0,0,1,3,0
STAT,(NULL),MeminfoPost,234,757477,3242,3235,3241,3240,3246,3248,3234,3235,3243,3230,3232,3239,3251,3242,3275,3277,3249,3222,3239,3225,3236,3234,3247,3238,3250,3254,3230,3248,3242,3224,3228,3236,3232,3250,3252,3228,3230,3227,3232,3236,3242,3232,3251,3240,3250,3236,3234,3250,3223,3227,3242,3249,3248,3261,3288,3249,3229,3232,3230,3234,3234,3241,3242,3243,3259,3224,3251,3243,3227,3232,3229,3234,3246,3255,3232,3230,3227,3231,3235,3240,3245,3236,3234,3244,3271,3234,3230,3243,3245,3243,3231,3238,3239,3230,3235,3228,3229,3246,3225,3219,3233,3238,3245,3247,3233,3230,3238,3228,3234,3223,3224,3230,3237,3227,3231,3256,3258,3246,3237,3224,3231,3231,3249,3237,3227,3223,3218,3224,3239,3241,3241,3246,3247,3244,3234,3236,3232,3228,3242,3226,3233,3231,3234,3216,3225,3223,3236,3219,3253,3225,3226,3222,3254,3254,3261,3251,3256,3235,3228,3230,3243,3238,3223,3219,3223,3240,3238,3246,3244,3246,3231,3233,3227,3239,3231,3232,3227,3226,3221,3234,3222,3241,3225,3229,3251,3260,3253,3264,3251,3233,3229,3234,3226,3222,3236,3235,3257,3266,3251,3244,3255,3258,3234,3223,3230,3248,3225,3236,3229,3240,3218,3221,3228,3226,3235,3249,3228,3221,3221,3220,3233,3222,3219,3253,3225,3230,3234,3237,3239,3237,3237,3238,3235,3230
STAT,(NULL),MeminfoPre,234,189325,814,807,813,812,818,820,806,807,815,802,804,811,823,814,847,849,821,794,811,797,808,806,819,810,822,826,802,820,814,796,800,808,804,822,824,800,802,799,804,808,814,804,823,812,822,808,806,822,795,799,814,821,820,833,860,821,801,804,802,806,806,813,814,815,831,796,823,815,799,804,801,806,818,827,804,802,799,803,807,812,817,808,806,816,843,806,802,815,817,815,803,810,811,802,807,800,801,818,797,791,805,810,817,819,805,802,810,800,806,795,796,802,809,799,803,828,830,818,809,796,803,803,821,809,799,795,790,796,811,813,813,818,819,816,806,808,804,800,814,798,805,803,806,788,797,795,808,791,825,797,798,794,826,826,833,823,828,807,800,802,815,810,795,791,795,812,810,818,816,818,803,805,799,811,803,804,799,798,793,806,794,813,797,801,823,832,825,836,823,805,801,806,798,794,808,807,829,838,823,816,827,830,806,795,802,820,797,808,801,812,790,793,800,798,807,821,800,793,793,792,805,794,791,825,797,802,806,809,811,809,809,810,807,802
STAT,(NULL),Partition,234,457,457,0,0,0,0,0,0,0,0,0,0,0,0,0,0,0,0,0,0,0,0,0,0,0,0,0,0,0,0,0,0,0,0,0,0,0,0,0,0,0,0,0,0,0,0,0,0,0,0,0,0,0,0,0,0,0,0,0,0,0,0,0,0,0,0,0,0,0,0,0,0,0,0,0,0,0,0,0,0,0,0,0,0,0,0,0,0,0,0,0,0,0,0,0,0,0,0,0,0,0,0,0,0,0,0,0,0,0,0,0,0,0,0,0,0,0,0,0,0,0,0,0,0,0,0,0,0,0,0,0,0,0,0,0,0,0,0,0,0,0,0,0,0,0,0,0,0,0,0,0,0,0,0,0,0,0,0,0,0,0,0,0,0,0,0,0,0,0,0,0,0,0,0,0,0,0,0,0,0,0,0,0,0,0,0,0,0,0,0,0,0,0,0,0,0,0,0,0,0,0,0,0,0,0,0,0,0,0,0,0,0,0,0,0,0,0,0,0,0,0,0,0,0,0,0,0,0,0,0,0,0,0,0,0
STAT,(NULL),Refine,234,2638,2638,0,0,0,0,0,0,0,0,0,0,0,0,0,0,0,0,0,0,0,0,0,0,0,0,0,0,0,0,0,0,0,0,0,0,0,0,0,0,0,0,0,0,0,0,0,0,0,0,0,0,0,0,0,0,0,0,0,0,0,0,0,0,0,0,0,0,0,0,0,0,0,0,0,0,0,0,0,0,0,0,0,0,0,0,0,0,0,0,0,0,0,0,0,0,0,0,0,0,0,0,0,0,0,0,0,0,0,0,0,0,0,0,0,0,0,0,0,0,0,0,0,0,0,0,0,0,0,0,0,0,0,0,0,0,0,0,0,0,0,0,0,0,0,0,0,0,0,0,0,0,0,0,0,0,0,0,0,0,0,0,0,0,0,0,0,0,0,0,0,0,0,0,0,0,0,0,0,0,0,0,0,0,0,0,0,0,0,0,0,0,0,0,0,0,0,0,0,0,0,0,0,0,0,0,0,0,0,0,0,0,0,0,0,0,0,0,0,0,0,0,0,0,0,0,0,0,0,0,0,0,0,0,0
STAT,(NULL),Threads,234,234,234,0,0,0,0,0,0,0,0,0,0,0,0,0,0,0,0,0,0,0,0,0,0,0,0,0,0,0,0,0,0,0,0,0,0,0,0,0,0,0,0,0,0,0,0,0,0,0,0,0,0,0,0,0,0,0,0,0,0,0,0,0,0,0,0,0,0,0,0,0,0,0,0,0,0,0,0,0,0,0,0,0,0,0,0,0,0,0,0,0,0,0,0,0,0,0,0,0,0,0,0,0,0,0,0,0,0,0,0,0,0,0,0,0,0,0,0,0,0,0,0,0,0,0,0,0,0,0,0,0,0,0,0,0,0,0,0,0,0,0,0,0,0,0,0,0,0,0,0,0,0,0,0,0,0,0,0,0,0,0,0,0,0,0,0,0,0,0,0,0,0,0,0,0,0,0,0,0,0,0,0,0,0,0,0,0,0,0,0,0,0,0,0,0,0,0,0,0,0,0,0,0,0,0,0,0,0,0,0,0,0,0,0,0,0,0,0,0,0,0,0,0,0,0,0,0,0,0,0,0,0,0,0,0
STAT,(NULL),Time,234,7305,7305,0,0,0,0,0,0,0,0,0,0,0,0,0,0,0,0,0,0,0,0,0,0,0,0,0,0,0,0,0,0,0,0,0,0,0,0,0,0,0,0,0,0,0,0,0,0,0,0,0,0,0,0,0,0,0,0,0,0,0,0,0,0,0,0,0,0,0,0,0,0,0,0,0,0,0,0,0,0,0,0,0,0,0,0,0,0,0,0,0,0,0,0,0,0,0,0,0,0,0,0,0,0,0,0,0,0,0,0,0,0,0,0,0,0,0,0,0,0,0,0,0,0,0,0,0,0,0,0,0,0,0,0,0,0,0,0,0,0,0,0,0,0,0,0,0,0,0,0,0,0,0,0,0,0,0,0,0,0,0,0,0,0,0,0,0,0,0,0,0,0,0,0,0,0,0,0,0,0,0,0,0,0,0,0,0,0,0,0,0,0,0,0,0,0,0,0,0,0,0,0,0,0,0,0,0,0,0,0,0,0,0,0,0,0,0,0,0,0,0,0,0,0,0,0,0,0,0,0,0,0,0,0,0
STAT,match,Conflicts,234,6342,49,49,46,37,44,40,42,39,41,28,36,39,38,38,41,34,33,42,37,38,38,42,31,42,37,38,33,35,43,34,43,26,36,30,38,34,31,38,29,40,29,38,35,24,28,26,26,33,29,39,34,34,33,33,33,28,33,34,38,31,35,24,23,23,24,26,19,23,23,24,24,18,19,22,30,26,21,20,24,26,16,21,26,19,21,26,23,24,29,27,20,22,22,27,23,26,22,27,27,20,33,20,29,22,21,23,28,29,26,28,28,26,26,31,20,28,22,28,24,23,25,22,25,25,18,28,26,20,21,26,19,25,16,23,16,30,25,18,19,23,25,20,20,20,27,26,21,27,22,24,29,20,29,20,25,27,24,24,18,26,25,24,22,29,21,25,26,25,28,33,22,21,20,22,31,32,26,26,18,28,25,28,20,26,24,25,19,22,22,24,19,21,20,25,23,22,23,26,20,24,20,19,29,26,20,26,27,25,20,22,32,22,23,30,21,27,27,24,20,31,33,29,23,28,28,25,26,21,20,30,23,24,28,23
STAT,match,Iterations,234,15050849,36428,53875,49394,39483,53836,40649,42655,51589,60236,52035,52224,43622,44498,53394,41699,49294,57016,44377,43798,56343,54453,42314,60921,50453,30444,52557,41242,54017,54268,50069,56031,61926,55334,46871,59271,68609,50688,61447,43941,62531,50723,67123,53045,47323,46798,57552,64817,59043,53288,45889,44196,49615,58304,56674,77767,66501,67077,54566,75376,60572,47872,66342,56471,56162,83270,64943,55482,63750,83578,70277,61851,64967,71220,41750,65027,61900,59164,58860,66283,56184,65285,70208,70684,73163,78933,62028,70276,49260,63733,73023,74979,79977,55862,69358,61488,68363,77877,69512,68316,71790,64114,70957,55428,54969,57282,75137,70756,60264,63931,57880,86191,61338,73951,75533,112248,71737,78646,49496,73839,77706,75502,94492,71022,76445,76246,62300,81904,72763,68871,75385,55635,57105,75061,57022,80766,53541,78695,76942,73299,67199,55554,74684,58449,65099,55811,67685,53354,69219,76811,82459,76184,43612,74921,64553,85058,57256,75307,57939,60362,83531,64852,82778,57852,90050,60944,57339,62328,75396,73842,68266,62257,92180,63369,73019,95708,85700,79295,56139,98343,59639,73801,56773,79238,62379,74631,64340,74569,86863,60349,92440,62183,56072,64071,49628,73658,78648,69181,55543,61750,59747,52511,78688,86848,64605,91149,50834,61195,74362,89333,70992,44315,90036,44855,56096,61139,58707,74337,64710,68607,58762,52721,46334,89320,47147,78025,72553,94982,56315,65242,55182,63835,73293,57641,72023
STAT,popedge,Conflicts,234,0,0,0,0,0,0,0,0,0,0,0,0,0,0,0,0,0,0,0,0,0,0,0,0,0,0,0,0,0,0,0,0,0,0,0,0,0,0,0,0,0,0,0,0,0,0,0,0,0,0,0,0,0,0,0,0,0,0,0,0,0,0,0,0,0,0,0,0,0,0,0,0,0,0,0,0,0,0,0,0,0,0,0,0,0,0,0,0,0,0,0,0,0,0,0,0,0,0,0,0,0,0,0,0,0,0,0,0,0,0,0,0,0,0,0,0,0,0,0,0,0,0,0,0,0,0,0,0,0,0,0,0,0,0,0,0,0,0,0,0,0,0,0,0,0,0,0,0,0,0,0,0,0,0,0,0,0,0,0,0,0,0,0,0,0,0,0,0,0,0,0,0,0,0,0,0,0,0,0,0,0,0,0,0,0,0,0,0,0,0,0,0,0,0,0,0,0,0,0,0,0,0,0,0,0,0,0,0,0,0,0,0,0,0,0,0,0,0,0,0,0,0,0,0,0,0,0,0,0,0,0,0,0,0,0
STAT,popedge,Iterations,234,7373522,29861,31071,31270,30094,29622,30544,30041,29770,30219,30985,30760,31647,30345,30229,31516,30122,30866,32233,29939,29802,30671,30634,29399,30321,30588,30944,32977,32946,31080,30492,30908,30405,31512,29667,32757,30437,30557,32444,30121,31698,31414,30414,30213,29578,30647,29427,29044,30182,31194,30931,29358,35100,36260,34926,32602,33678,33704,35729,34249,34470,35312,31152,31011,29854,28949,30054,31549,30132,30256,29432,30470,30880,28818,30220,30574,31143,31721,31262,31408,30539,28983,29111,31086,29245,32037,31161,29259,30437,32021,31817,30834,32464,30167,32168,30010,31726,29816,30882,32005,30780,32435,31835,33419,29191,30115,31024,29917,30454,30712,30586,32360,31679,36651,34255,40948,35848,35148,35859,37297,34377,33296,37259,32010,34037,31749,30049,30215,29891,31119,29600,31233,30697,30469,31075,30759,30619,31871,29829,30734,29168,31557,32193,29821,31032,30278,31499,31999,31303,30860,30461,30195,31300,31625,29992,31889,30281,32582,32450,30046,32350,32601,32313,31614,31546,31222,31517,31618,31512,30078,28940,30900,33996,29785,36214,40834,34335,35903,36066,34198,36876,34463,34887,33626,28696,30524,31795,30888,29789,30594,33277,29124,29731,29241,30275,30580,29853,29517,30896,31681,31321,32138,31950,32690,30193,32810,30637,31317,30380,31646,31339,32199,31909,31914,32639,30466,31439,30729,31820,31329,30671,32518,32384,33316,30643,32261,29776,29905,32285,31847,31269,31281,31781,32086,30268
STAT,refine,Conflicts,234,7255,98,98,108,97,90,95,98,96,86,75,83,85,80,78,83,66,70,68,57,66,65,63,70,68,61,59,53,75,74,62,53,42,47,40,59,42,46,46,46,45,34,46,54,49,38,38,49,54,32,40,35,47,31,30,61,41,53,47,46,50,39,29,23,25,21,16,19,20,17,23,16,22,20,19,20,25,15,15,15,18,29,17,27,22,30,21,25,18,17,22,18,30,22,21,19,34,17,16,22,16,23,17,21,23,26,19,19,29,28,12,20,20,22,21,24,35,24,26,34,22,33,20,22,20,23,23,18,14,20,31,23,24,21,19,17,19,19,17,30,15,24,17,18,17,24,19,20,19,17,18,13,8,17,17,33,19,27,21,16,14,24,26,14,24,19,17,24,17,23,21,24,20,17,27,12,20,20,17,32,23,19,22,21,19,19,18,19,10,16,26,14,15,18,16,20,25,16,23,17,19,20,17,27,18,18,30,17,19,21,19,16,20,23,24,14,24,23,20,14,15,21,18,21,12,18,21,27,15,21,20,24,15,14,17
STAT,refine,Iterations,234,138632,556,659,703,559,621,432,674,760,649,566,775,542,562,597,689,546,692,506,483,583,581,684,592,562,523,616,404,523,590,461,577,669,618,683,773,613,413,738,542,608,396,699,569,540,494,563,750,737,493,522,586,712,560,598,1034,847,700,441,609,585,518,679,459,521,746,503,448,496,716,530,515,594,612,553,602,650,513,515,418,373,495,424,620,504,872,587,609,449,547,712,477,686,553,698,452,741,471,541,701,472,684,381,663,569,557,799,591,492,702,573,717,756,819,667,768,932,763,678,856,567,625,727,628,499,572,470,603,407,650,622,596,640,592,507,611,623,623,571,579,270,468,445,528,561,489,653,501,549,490,472,466,317,579,571,950,579,738,579,477,707,470,749,411,860,435,686,581,708,752,634,518,781,583,642,590,530,1024,570,865,609,643,496,525,458,641,590,557,536,542,581,357,354,472,565,619,625,493,625,536,580,461,547,536,469,663,598,562,566,667,570,410,679,439,587,437,545,597,612,525,376,678,490,909,311,686,503,887,486,725,575,599,574,844,727
