Hello from MIC
Galois Benchmark Suite v2.2.0 (r0)
Copyright (C) 2013 The University of Texas at Austin
http://iss.ices.utexas.edu/galois/

application: GMetis
Partitions a graph into K parts and minimizing the graph cut
http://iss.ices.utexas.edu/?p=projects/galois/benchmarks/gMetis

INFO: CommandLine /work/02556/dpereira/MIC/apps/gmetis/gmetis -t=162 /work/02556/dpereira/Inputs/USA-road-d.W.gr 16
INFO: Hostname c558-002-mic0.stampede.tacc.utexas.edu
Created Graph with 6262104 nodes and 15248146 edges
Nodes 6262104| Edges 15248146 7624073

  Starting coarsening: 
Time coarsen:  3188 Size of final graph: 443

  Sarting initial partitioning using GGGP:
Size in decade percentages:  -1,1 -0,15
Time clustering:  371

  Sarting refinnement with BKL2
Initial dist
Size in decade percentages:  -1,1 -0,15
Refined dist
Size in decade percentages:  -1,5 0,6 1,5
Time refinement:  1764


Time:  5501
Total edge cut : 1822

Part saved in : 0x7fff688c3e60
STATTYPE,LOOP,CATEGORY,n,sum,T0,T1,T2,T3,T4,T5,T6,T7,T8,T9,T10,T11,T12,T13,T14,T15,T16,T17,T18,T19,T20,T21,T22,T23,T24,T25,T26,T27,T28,T29,T30,T31,T32,T33,T34,T35,T36,T37,T38,T39,T40,T41,T42,T43,T44,T45,T46,T47,T48,T49,T50,T51,T52,T53,T54,T55,T56,T57,T58,T59,T60,T61,T62,T63,T64,T65,T66,T67,T68,T69,T70,T71,T72,T73,T74,T75,T76,T77,T78,T79,T80,T81,T82,T83,T84,T85,T86,T87,T88,T89,T90,T91,T92,T93,T94,T95,T96,T97,T98,T99,T100,T101,T102,T103,T104,T105,T106,T107,T108,T109,T110,T111,T112,T113,T114,T115,T116,T117,T118,T119,T120,T121,T122,T123,T124,T125,T126,T127,T128,T129,T130,T131,T132,T133,T134,T135,T136,T137,T138,T139,T140,T141,T142,T143,T144,T145,T146,T147,T148,T149,T150,T151,T152,T153,T154,T155,T156,T157,T158,T159,T160,T161
STAT,(NULL),Coarsen,162,3188,3188,0,0,0,0,0,0,0,0,0,0,0,0,0,0,0,0,0,0,0,0,0,0,0,0,0,0,0,0,0,0,0,0,0,0,0,0,0,0,0,0,0,0,0,0,0,0,0,0,0,0,0,0,0,0,0,0,0,0,0,0,0,0,0,0,0,0,0,0,0,0,0,0,0,0,0,0,0,0,0,0,0,0,0,0,0,0,0,0,0,0,0,0,0,0,0,0,0,0,0,0,0,0,0,0,0,0,0,0,0,0,0,0,0,0,0,0,0,0,0,0,0,0,0,0,0,0,0,0,0,0,0,0,0,0,0,0,0,0,0,0,0,0,0,0,0,0,0,0,0,0,0,0,0,0,0,0,0,0,0,0,0
STAT,(NULL),Conflicts,162,0,0,0,0,0,0,0,0,0,0,0,0,0,0,0,0,0,0,0,0,0,0,0,0,0,0,0,0,0,0,0,0,0,0,0,0,0,0,0,0,0,0,0,0,0,0,0,0,0,0,0,0,0,0,0,0,0,0,0,0,0,0,0,0,0,0,0,0,0,0,0,0,0,0,0,0,0,0,0,0,0,0,0,0,0,0,0,0,0,0,0,0,0,0,0,0,0,0,0,0,0,0,0,0,0,0,0,0,0,0,0,0,0,0,0,0,0,0,0,0,0,0,0,0,0,0,0,0,0,0,0,0,0,0,0,0,0,0,0,0,0,0,0,0,0,0,0,0,0,0,0,0,0,0,0,0,0,0,0,0,0,0,0
STAT,(NULL),Iterations,162,31,5,0,0,0,0,0,0,0,0,0,0,0,0,0,0,0,0,0,0,0,0,0,0,0,0,0,0,0,0,1,0,1,0,0,0,0,0,0,0,1,0,0,0,0,0,0,0,0,0,0,0,0,0,0,0,0,0,0,2,0,0,0,0,0,0,4,0,0,0,0,0,0,0,0,0,0,0,0,0,0,0,0,0,0,0,0,0,0,2,1,0,0,0,0,0,0,0,0,0,0,0,0,0,1,0,0,0,0,0,0,0,0,0,0,0,0,0,1,3,0,0,0,0,0,0,0,0,0,0,0,1,0,0,0,0,0,0,0,0,1,2,0,0,0,0,0,0,0,0,0,0,2,0,0,0,0,0,3,0,0,0,0
STAT,(NULL),MeminfoPost,162,756597,4676,4669,4683,4682,4671,4679,4654,4673,4682,4691,4732,4680,4655,4667,4661,4681,4677,4694,4668,4680,4654,4662,4670,4682,4673,4660,4661,4669,4666,4685,4683,4673,4675,4663,4672,4676,4683,4741,4684,4656,4664,4661,4681,4681,4691,4673,4670,4662,4663,4663,4684,4676,4659,4662,4665,4682,4669,4677,4707,4661,4672,4681,4668,4678,4659,4662,4660,4676,4647,4660,4677,4683,4668,4664,4658,4656,4651,4657,4668,4672,4703,4684,4655,4659,4673,4677,4650,4644,4663,4672,4676,4688,4682,4662,4658,4673,4659,4663,4664,4651,4647,4661,4660,4668,4651,4681,4702,4694,4693,4655,4660,4681,4653,4645,4670,4676,4681,4674,4667,4666,4659,4667,4653,4644,4660,4672,4650,4679,4705,4701,4688,4665,4662,4647,4666,4679,4706,4688,4694,4689,4654,4664,4671,4668,4665,4652,4650,4659,4651,4691,4646,4644,4662,4653,4675,4653,4660,4673,4670,4672,4661,4677
STAT,(NULL),MeminfoPre,162,189111,1173,1166,1180,1179,1168,1176,1151,1170,1179,1188,1229,1177,1152,1164,1158,1178,1174,1191,1165,1177,1151,1159,1167,1179,1170,1157,1158,1166,1163,1182,1180,1170,1172,1160,1169,1173,1180,1238,1181,1153,1161,1158,1178,1178,1188,1170,1167,1159,1160,1160,1181,1173,1156,1159,1162,1179,1166,1174,1204,1158,1169,1178,1165,1175,1156,1159,1157,1173,1144,1157,1174,1180,1165,1161,1155,1153,1148,1154,1165,1169,1200,1181,1152,1156,1170,1174,1147,1141,1160,1169,1173,1185,1179,1159,1155,1170,1156,1160,1161,1148,1144,1158,1157,1165,1148,1178,1199,1191,1190,1152,1157,1178,1150,1142,1167,1173,1178,1171,1164,1163,1156,1164,1150,1141,1157,1169,1147,1176,1202,1198,1185,1162,1159,1144,1163,1176,1203,1185,1191,1186,1151,1161,1168,1165,1162,1149,1147,1156,1148,1188,1143,1141,1159,1150,1172,1150,1157,1170,1167,1169,1158,1174
STAT,(NULL),Partition,162,371,371,0,0,0,0,0,0,0,0,0,0,0,0,0,0,0,0,0,0,0,0,0,0,0,0,0,0,0,0,0,0,0,0,0,0,0,0,0,0,0,0,0,0,0,0,0,0,0,0,0,0,0,0,0,0,0,0,0,0,0,0,0,0,0,0,0,0,0,0,0,0,0,0,0,0,0,0,0,0,0,0,0,0,0,0,0,0,0,0,0,0,0,0,0,0,0,0,0,0,0,0,0,0,0,0,0,0,0,0,0,0,0,0,0,0,0,0,0,0,0,0,0,0,0,0,0,0,0,0,0,0,0,0,0,0,0,0,0,0,0,0,0,0,0,0,0,0,0,0,0,0,0,0,0,0,0,0,0,0,0,0,0
STAT,(NULL),Refine,162,1764,1764,0,0,0,0,0,0,0,0,0,0,0,0,0,0,0,0,0,0,0,0,0,0,0,0,0,0,0,0,0,0,0,0,0,0,0,0,0,0,0,0,0,0,0,0,0,0,0,0,0,0,0,0,0,0,0,0,0,0,0,0,0,0,0,0,0,0,0,0,0,0,0,0,0,0,0,0,0,0,0,0,0,0,0,0,0,0,0,0,0,0,0,0,0,0,0,0,0,0,0,0,0,0,0,0,0,0,0,0,0,0,0,0,0,0,0,0,0,0,0,0,0,0,0,0,0,0,0,0,0,0,0,0,0,0,0,0,0,0,0,0,0,0,0,0,0,0,0,0,0,0,0,0,0,0,0,0,0,0,0,0,0
STAT,(NULL),Threads,162,162,162,0,0,0,0,0,0,0,0,0,0,0,0,0,0,0,0,0,0,0,0,0,0,0,0,0,0,0,0,0,0,0,0,0,0,0,0,0,0,0,0,0,0,0,0,0,0,0,0,0,0,0,0,0,0,0,0,0,0,0,0,0,0,0,0,0,0,0,0,0,0,0,0,0,0,0,0,0,0,0,0,0,0,0,0,0,0,0,0,0,0,0,0,0,0,0,0,0,0,0,0,0,0,0,0,0,0,0,0,0,0,0,0,0,0,0,0,0,0,0,0,0,0,0,0,0,0,0,0,0,0,0,0,0,0,0,0,0,0,0,0,0,0,0,0,0,0,0,0,0,0,0,0,0,0,0,0,0,0,0,0,0
STAT,(NULL),Time,162,5501,5501,0,0,0,0,0,0,0,0,0,0,0,0,0,0,0,0,0,0,0,0,0,0,0,0,0,0,0,0,0,0,0,0,0,0,0,0,0,0,0,0,0,0,0,0,0,0,0,0,0,0,0,0,0,0,0,0,0,0,0,0,0,0,0,0,0,0,0,0,0,0,0,0,0,0,0,0,0,0,0,0,0,0,0,0,0,0,0,0,0,0,0,0,0,0,0,0,0,0,0,0,0,0,0,0,0,0,0,0,0,0,0,0,0,0,0,0,0,0,0,0,0,0,0,0,0,0,0,0,0,0,0,0,0,0,0,0,0,0,0,0,0,0,0,0,0,0,0,0,0,0,0,0,0,0,0,0,0,0,0,0,0
STAT,match,Conflicts,162,6631,70,54,56,53,71,59,66,49,69,66,60,51,53,73,66,61,59,50,51,55,49,64,52,44,48,55,46,43,48,66,50,45,46,49,56,50,51,48,51,45,41,45,41,52,44,37,35,36,52,48,52,50,46,50,40,41,52,50,43,43,34,31,38,35,28,36,36,33,30,38,36,34,31,32,34,25,33,36,31,40,40,33,36,36,37,48,42,39,24,36,44,35,37,30,32,39,41,29,35,38,37,37,39,35,38,39,41,30,32,42,31,33,47,34,41,39,32,32,32,34,30,33,36,25,26,31,38,31,37,26,39,32,34,34,27,34,38,39,38,38,37,29,28,33,31,35,30,38,31,34,39,33,30,33,31,36,41,41,28,36,30,38
STAT,match,Iterations,162,15035325,59928,88511,72780,60788,83281,78640,61268,86113,65313,54413,80283,69404,84970,70291,80517,64519,57879,75548,75591,64954,74819,68057,81801,89761,78415,76396,97169,82910,72750,78661,67624,95268,84654,107321,67155,71214,79948,75351,84911,86004,103018,100955,86800,103948,94820,120109,110154,103242,89706,88868,87980,102202,88569,91816,99512,104723,82928,83477,91900,73703,95037,93342,81325,102962,98532,90047,85889,91441,71702,84286,99070,89209,95255,98616,81791,105087,103322,97559,87904,86524,87189,106129,88773,99643,85690,110156,85961,96153,93918,92306,105559,93090,107294,85720,102488,88058,100239,111233,89605,80820,93945,113584,109634,91636,108753,100997,113063,119317,122898,117301,99582,112147,110601,120374,115579,97379,122409,120244,104315,107202,105839,108517,86715,108718,113229,80440,108463,85690,96020,82216,77820,95281,91884,103460,102947,107525,75695,85186,90810,86913,89014,95256,107993,89287,106664,110126,96777,93513,117339,78618,107002,111904,106768,104660,88398,110966,93005,75263,113821,100604,115981,115504
STAT,popedge,Conflicts,162,0,0,0,0,0,0,0,0,0,0,0,0,0,0,0,0,0,0,0,0,0,0,0,0,0,0,0,0,0,0,0,0,0,0,0,0,0,0,0,0,0,0,0,0,0,0,0,0,0,0,0,0,0,0,0,0,0,0,0,0,0,0,0,0,0,0,0,0,0,0,0,0,0,0,0,0,0,0,0,0,0,0,0,0,0,0,0,0,0,0,0,0,0,0,0,0,0,0,0,0,0,0,0,0,0,0,0,0,0,0,0,0,0,0,0,0,0,0,0,0,0,0,0,0,0,0,0,0,0,0,0,0,0,0,0,0,0,0,0,0,0,0,0,0,0,0,0,0,0,0,0,0,0,0,0,0,0,0,0,0,0,0,0
STAT,popedge,Iterations,162,7367643,42105,42047,42419,43663,42686,43294,44161,41540,44368,44612,41214,43186,43314,45731,42462,44876,41662,42347,42746,44199,45114,46007,44574,44603,44182,46171,46793,44226,45526,42861,45011,44533,44072,42722,45381,46511,41926,42702,43388,44230,49714,51815,49954,50470,49994,51438,49765,51215,50845,52035,51787,51922,52206,52146,48323,49828,50768,50166,48597,48323,47354,40949,39199,40125,41055,41871,41066,42077,41781,41074,40013,40114,39834,41316,42319,42819,42400,40343,44352,43226,43360,44912,43439,46493,45547,44010,45365,47906,44518,45646,44054,44202,44277,44107,43424,44451,46739,46348,43171,43602,44021,51375,50981,52353,54252,52519,52689,54691,51701,50242,50281,50402,50297,50655,51157,51233,52949,48946,49232,47599,49038,51244,41205,39912,42088,40843,40864,39917,41342,41523,42409,41531,42313,43096,41792,44064,43272,43990,42077,44215,44205,45649,44006,46520,43997,44630,46345,46241,46394,46649,43777,46127,43315,45869,47098,46292,46277,46488,45511,45882,45297,43430
STAT,refine,Conflicts,162,5828,125,143,139,135,123,97,108,113,101,94,90,91,90,97,85,86,66,66,66,69,70,52,56,64,66,58,64,66,52,66,59,60,35,30,47,45,44,38,45,41,33,35,47,34,29,41,45,26,29,39,36,32,32,30,35,47,48,28,60,40,27,18,30,12,14,19,20,13,22,19,13,14,16,16,23,17,23,10,18,13,12,24,24,7,18,15,15,20,18,16,19,22,19,23,19,17,26,24,20,22,20,33,22,20,23,18,21,22,20,22,22,17,20,30,20,24,25,25,16,34,32,20,19,21,23,21,27,26,21,17,24,15,19,20,20,15,18,21,21,28,13,27,25,19,18,13,26,17,23,19,14,16,27,19,23,11,28,21,13,17,18,14
STAT,refine,Iterations,162,39765,405,489,397,392,419,344,302,417,348,339,310,367,318,337,356,337,283,174,205,298,311,229,209,190,291,214,269,279,190,240,234,342,255,188,321,221,271,184,327,196,187,243,232,296,207,242,274,261,200,235,180,293,191,253,234,328,319,265,403,217,231,160,271,170,227,247,197,137,164,215,134,258,240,211,212,288,275,180,138,214,162,245,212,138,126,197,171,169,190,177,188,258,325,282,181,275,300,255,171,290,170,314,255,126,250,313,181,323,220,231,209,173,260,331,258,209,506,313,259,302,221,214,179,266,187,159,245,231,194,214,294,216,194,243,200,196,341,284,287,141,201,226,219,204,251,266,271,189,160,130,225,128,199,188,212,165,351,249,190,192,312,189
