Hello from MIC
Galois Benchmark Suite v2.2.0 (r0)
Copyright (C) 2013 The University of Texas at Austin
http://iss.ices.utexas.edu/galois/

application: GMetis
Partitions a graph into K parts and minimizing the graph cut
http://iss.ices.utexas.edu/?p=projects/galois/benchmarks/gMetis

INFO: CommandLine /work/02556/dpereira/MIC/apps/gmetis/gmetis -t=49 /work/02556/dpereira/Inputs/USA-road-d.W.gr 1024
INFO: Hostname c557-803-mic0.stampede.tacc.utexas.edu
Created Graph with 6262104 nodes and 15248146 edges
Nodes 6262104| Edges 15248146 7624073

  Starting coarsening: 
Time coarsen:  2516 Size of final graph: 40463

  Sarting initial partitioning using GGGP:
Size in decade percentages:  -0,1024
Time clustering:  1265

  Sarting refinnement with BKL2
Initial dist
Size in decade percentages:  -0,1024
Refined dist
Size in decade percentages:  -1,349 0,316 1,358 2,1
Time refinement:  817


Time:  4777
Total edge cut : 36078

Part saved in : 0x7fffdd166d60
STATTYPE,LOOP,CATEGORY,n,sum,T0,T1,T2,T3,T4,T5,T6,T7,T8,T9,T10,T11,T12,T13,T14,T15,T16,T17,T18,T19,T20,T21,T22,T23,T24,T25,T26,T27,T28,T29,T30,T31,T32,T33,T34,T35,T36,T37,T38,T39,T40,T41,T42,T43,T44,T45,T46,T47,T48
STAT,(NULL),Coarsen,49,2516,2516,0,0,0,0,0,0,0,0,0,0,0,0,0,0,0,0,0,0,0,0,0,0,0,0,0,0,0,0,0,0,0,0,0,0,0,0,0,0,0,0,0,0,0,0,0,0,0,0
STAT,(NULL),Conflicts,49,0,0,0,0,0,0,0,0,0,0,0,0,0,0,0,0,0,0,0,0,0,0,0,0,0,0,0,0,0,0,0,0,0,0,0,0,0,0,0,0,0,0,0,0,0,0,0,0,0,0
STAT,(NULL),Iterations,49,2047,11,50,48,33,40,51,39,30,45,54,35,23,57,41,46,44,47,52,36,20,42,37,39,26,45,49,34,47,10,38,23,48,28,43,32,48,52,53,26,50,58,43,50,46,64,49,52,60,53
STAT,(NULL),MeminfoPost,49,756348,15454,15438,15463,15501,15436,15464,15419,15429,15447,15456,15438,15514,15428,15469,15418,15446,15428,15470,15443,15424,15399,15450,15403,15393,15480,15430,15382,15468,15417,15411,15375,15428,15513,15418,15398,15450,15413,15394,15451,15474,15403,15520,15442,15418,15382,15390,15411,15418,15432
STAT,(NULL),MeminfoPre,49,189075,3877,3861,3886,3924,3859,3887,3842,3852,3870,3879,3861,3937,3851,3892,3841,3869,3851,3893,3866,3847,3822,3873,3826,3816,3903,3853,3805,3891,3840,3834,3798,3851,3936,3841,3821,3873,3836,3817,3874,3897,3826,3943,3865,3841,3805,3813,3834,3841,3855
STAT,(NULL),Partition,49,1265,1265,0,0,0,0,0,0,0,0,0,0,0,0,0,0,0,0,0,0,0,0,0,0,0,0,0,0,0,0,0,0,0,0,0,0,0,0,0,0,0,0,0,0,0,0,0,0,0,0
STAT,(NULL),Refine,49,817,817,0,0,0,0,0,0,0,0,0,0,0,0,0,0,0,0,0,0,0,0,0,0,0,0,0,0,0,0,0,0,0,0,0,0,0,0,0,0,0,0,0,0,0,0,0,0,0,0
STAT,(NULL),Threads,49,49,49,0,0,0,0,0,0,0,0,0,0,0,0,0,0,0,0,0,0,0,0,0,0,0,0,0,0,0,0,0,0,0,0,0,0,0,0,0,0,0,0,0,0,0,0,0,0,0,0
STAT,(NULL),Time,49,4777,4777,0,0,0,0,0,0,0,0,0,0,0,0,0,0,0,0,0,0,0,0,0,0,0,0,0,0,0,0,0,0,0,0,0,0,0,0,0,0,0,0,0,0,0,0,0,0,0,0
STAT,match,Conflicts,49,4479,164,127,126,121,112,125,98,109,102,96,115,113,93,74,71,82,88,65,80,91,108,79,94,100,67,74,108,66,61,83,74,83,66,88,79,66,62,87,77,77,73,83,78,78,88,123,97,125,83
STAT,match,Iterations,49,14881950,277075,291824,297405,282119,300414,288745,312679,313848,300026,296260,295122,290565,305637,301854,318038,312655,314629,285218,306368,301444,295859,285713,291781,307572,283807,319901,316209,307601,289422,331779,318610,307630,294543,311527,314477,306005,315830,307769,301883,286497,305091,288144,316700,317885,318760,320998,306839,309838,311355
STAT,popedge,Conflicts,49,0,0,0,0,0,0,0,0,0,0,0,0,0,0,0,0,0,0,0,0,0,0,0,0,0,0,0,0,0,0,0,0,0,0,0,0,0,0,0,0,0,0,0,0,0,0,0,0,0,0
STAT,popedge,Iterations,49,7293810,147680,148070,144372,140926,144569,141565,149490,150287,147543,145757,147991,142632,145320,143098,146581,149226,137427,134662,131902,138413,148899,142186,149759,151957,144977,150174,159263,149079,138343,155510,154969,153080,145822,147961,152676,141902,146783,149846,145219,140014,142870,159063,161823,162552,166727,161707,165387,164999,162752
STAT,refine,Conflicts,49,2376,66,68,34,55,52,67,42,58,59,49,64,62,49,48,65,58,60,49,55,54,61,46,66,44,58,50,37,33,38,50,41,34,51,56,50,40,51,44,50,50,39,37,44,29,43,42,26,28,24
STAT,refine,Iterations,49,464276,8884,8247,10538,10611,10580,9968,10918,9936,9089,8153,9412,11455,9053,10406,9624,10000,9008,9724,9663,8886,9127,10410,8417,9853,11229,9827,7690,10497,8356,8085,8937,9643,11701,8987,8399,8981,8298,9318,10151,9523,8579,10837,8904,9340,7606,8374,8689,10088,10275
