Hello from MIC
Galois Benchmark Suite v2.2.0 (r0)
Copyright (C) 2013 The University of Texas at Austin
http://iss.ices.utexas.edu/galois/

application: GMetis
Partitions a graph into K parts and minimizing the graph cut
http://iss.ices.utexas.edu/?p=projects/galois/benchmarks/gMetis

INFO: CommandLine /work/02556/dpereira/MIC/apps/gmetis/gmetis -t=226 /work/02556/dpereira/Inputs/USA-road-d.W.gr 16
INFO: Hostname c558-003-mic0.stampede.tacc.utexas.edu
Created Graph with 6262104 nodes and 15248146 edges
Nodes 6262104| Edges 15248146 7624073

  Starting coarsening: 
Time coarsen:  4773 Size of final graph: 444

  Sarting initial partitioning using GGGP:
Size in decade percentages:  -1,1 -0,15
Time clustering:  379

  Sarting refinnement with BKL2
Initial dist
Size in decade percentages:  -1,1 -0,15
Refined dist
Size in decade percentages:  -1,5 -0,7 1,4
Time refinement:  3415


Time:  8746
Total edge cut : 1866

Part saved in : 0x7fff3366ca60
STATTYPE,LOOP,CATEGORY,n,sum,T0,T1,T2,T3,T4,T5,T6,T7,T8,T9,T10,T11,T12,T13,T14,T15,T16,T17,T18,T19,T20,T21,T22,T23,T24,T25,T26,T27,T28,T29,T30,T31,T32,T33,T34,T35,T36,T37,T38,T39,T40,T41,T42,T43,T44,T45,T46,T47,T48,T49,T50,T51,T52,T53,T54,T55,T56,T57,T58,T59,T60,T61,T62,T63,T64,T65,T66,T67,T68,T69,T70,T71,T72,T73,T74,T75,T76,T77,T78,T79,T80,T81,T82,T83,T84,T85,T86,T87,T88,T89,T90,T91,T92,T93,T94,T95,T96,T97,T98,T99,T100,T101,T102,T103,T104,T105,T106,T107,T108,T109,T110,T111,T112,T113,T114,T115,T116,T117,T118,T119,T120,T121,T122,T123,T124,T125,T126,T127,T128,T129,T130,T131,T132,T133,T134,T135,T136,T137,T138,T139,T140,T141,T142,T143,T144,T145,T146,T147,T148,T149,T150,T151,T152,T153,T154,T155,T156,T157,T158,T159,T160,T161,T162,T163,T164,T165,T166,T167,T168,T169,T170,T171,T172,T173,T174,T175,T176,T177,T178,T179,T180,T181,T182,T183,T184,T185,T186,T187,T188,T189,T190,T191,T192,T193,T194,T195,T196,T197,T198,T199,T200,T201,T202,T203,T204,T205,T206,T207,T208,T209,T210,T211,T212,T213,T214,T215,T216,T217,T218,T219,T220,T221,T222,T223,T224,T225
STAT,(NULL),Coarsen,226,4773,4773,0,0,0,0,0,0,0,0,0,0,0,0,0,0,0,0,0,0,0,0,0,0,0,0,0,0,0,0,0,0,0,0,0,0,0,0,0,0,0,0,0,0,0,0,0,0,0,0,0,0,0,0,0,0,0,0,0,0,0,0,0,0,0,0,0,0,0,0,0,0,0,0,0,0,0,0,0,0,0,0,0,0,0,0,0,0,0,0,0,0,0,0,0,0,0,0,0,0,0,0,0,0,0,0,0,0,0,0,0,0,0,0,0,0,0,0,0,0,0,0,0,0,0,0,0,0,0,0,0,0,0,0,0,0,0,0,0,0,0,0,0,0,0,0,0,0,0,0,0,0,0,0,0,0,0,0,0,0,0,0,0,0,0,0,0,0,0,0,0,0,0,0,0,0,0,0,0,0,0,0,0,0,0,0,0,0,0,0,0,0,0,0,0,0,0,0,0,0,0,0,0,0,0,0,0,0,0,0,0,0,0,0,0,0,0,0,0,0,0,0,0,0,0,0,0
STAT,(NULL),Conflicts,226,0,0,0,0,0,0,0,0,0,0,0,0,0,0,0,0,0,0,0,0,0,0,0,0,0,0,0,0,0,0,0,0,0,0,0,0,0,0,0,0,0,0,0,0,0,0,0,0,0,0,0,0,0,0,0,0,0,0,0,0,0,0,0,0,0,0,0,0,0,0,0,0,0,0,0,0,0,0,0,0,0,0,0,0,0,0,0,0,0,0,0,0,0,0,0,0,0,0,0,0,0,0,0,0,0,0,0,0,0,0,0,0,0,0,0,0,0,0,0,0,0,0,0,0,0,0,0,0,0,0,0,0,0,0,0,0,0,0,0,0,0,0,0,0,0,0,0,0,0,0,0,0,0,0,0,0,0,0,0,0,0,0,0,0,0,0,0,0,0,0,0,0,0,0,0,0,0,0,0,0,0,0,0,0,0,0,0,0,0,0,0,0,0,0,0,0,0,0,0,0,0,0,0,0,0,0,0,0,0,0,0,0,0,0,0,0,0,0,0,0,0,0,0,0,0,0,0
STAT,(NULL),Iterations,226,31,5,0,0,0,0,0,0,0,0,0,0,0,0,0,0,0,0,0,0,0,1,2,0,0,0,0,0,0,0,0,0,0,0,0,0,0,0,0,0,0,0,0,0,0,0,0,0,0,0,0,0,1,0,0,0,0,0,0,1,0,0,4,0,0,0,0,0,0,0,0,0,0,0,0,0,0,0,0,0,0,0,0,1,0,0,0,0,0,0,0,0,0,0,0,0,0,0,0,0,0,0,0,0,0,0,0,0,2,0,0,0,0,0,0,0,0,0,0,0,0,0,0,0,0,0,0,1,0,0,0,0,0,0,0,0,0,0,0,0,0,0,0,0,1,0,3,0,0,0,0,0,0,0,0,0,0,0,0,0,3,0,0,0,0,0,0,0,0,0,0,0,0,0,2,0,0,0,0,0,0,0,0,0,0,1,0,0,0,0,0,0,0,0,0,0,0,0,0,0,0,0,0,0,0,0,0,1,0,0,0,0,0,0,0,0,0,0,0,0,0,0,0,2,0,0,0
STAT,(NULL),MeminfoPost,226,756940,3356,3345,3352,3356,3357,3355,3353,3343,3354,3339,3358,3347,3367,3367,3396,3373,3342,3338,3349,3342,3347,3351,3357,3356,3372,3335,3367,3355,3335,3342,3346,3343,3362,3360,3341,3348,3335,3346,3350,3343,3356,3364,3356,3360,3350,3347,3343,3341,3357,3351,3365,3375,3397,3362,3344,3343,3341,3346,3346,3358,3352,3362,3365,3346,3355,3358,3331,3347,3341,3352,3353,3362,3341,3343,3341,3347,3350,3360,3349,3345,3357,3379,3349,3342,3356,3358,3356,3340,3352,3351,3341,3343,3344,3348,3350,3331,3336,3351,3352,3359,3352,3345,3342,3347,3343,3337,3337,3343,3345,3341,3340,3367,3372,3359,3348,3338,3344,3339,3367,3345,3336,3331,3332,3344,3351,3352,3354,3363,3358,3355,3342,3347,3336,3358,3338,3345,3342,3344,3331,3337,3334,3347,3331,3363,3338,3338,3340,3362,3379,3367,3366,3362,3339,3342,3341,3364,3338,3331,3334,3348,3350,3356,3360,3358,3342,3347,3339,3351,3342,3344,3340,3335,3331,3346,3340,3351,3334,3348,3367,3373,3370,3369,3354,3346,3340,3342,3338,3342,3347,3366,3379,3364,3356,3370,3369,3346,3335,3343,3358,3339,3351,3340,3347,3339,3325,3346,3333,3328,3388,3330,3332,3328,3352,3328,3336,3362,3333,3340,3345,3348,3352,3349,3349,3354,3345,3345
STAT,(NULL),MeminfoPre,226,189228,844,833,840,844,845,843,841,831,842,827,846,835,855,855,884,861,830,826,837,830,835,839,845,844,860,823,855,843,823,830,834,831,850,848,829,836,823,834,838,831,844,852,844,848,838,835,831,829,845,839,853,863,885,850,832,831,829,834,834,846,840,850,853,834,843,846,819,835,829,840,841,850,829,831,829,835,838,848,837,833,845,867,837,830,844,846,844,828,840,839,829,831,832,836,838,819,824,839,840,847,840,833,830,835,831,825,825,831,833,829,828,855,860,847,836,826,832,827,855,833,824,819,820,832,839,840,842,851,846,843,830,835,824,846,826,833,830,832,819,825,822,835,819,851,826,826,828,850,867,855,854,850,827,830,829,852,826,819,822,836,838,844,848,846,830,835,827,839,830,832,828,823,819,834,828,839,822,836,855,861,858,857,842,834,828,830,826,830,835,854,867,852,844,858,857,834,823,831,846,827,839,828,835,827,813,834,821,816,876,818,820,816,840,816,824,850,821,828,833,836,840,837,837,842,833,833
STAT,(NULL),Partition,226,379,379,0,0,0,0,0,0,0,0,0,0,0,0,0,0,0,0,0,0,0,0,0,0,0,0,0,0,0,0,0,0,0,0,0,0,0,0,0,0,0,0,0,0,0,0,0,0,0,0,0,0,0,0,0,0,0,0,0,0,0,0,0,0,0,0,0,0,0,0,0,0,0,0,0,0,0,0,0,0,0,0,0,0,0,0,0,0,0,0,0,0,0,0,0,0,0,0,0,0,0,0,0,0,0,0,0,0,0,0,0,0,0,0,0,0,0,0,0,0,0,0,0,0,0,0,0,0,0,0,0,0,0,0,0,0,0,0,0,0,0,0,0,0,0,0,0,0,0,0,0,0,0,0,0,0,0,0,0,0,0,0,0,0,0,0,0,0,0,0,0,0,0,0,0,0,0,0,0,0,0,0,0,0,0,0,0,0,0,0,0,0,0,0,0,0,0,0,0,0,0,0,0,0,0,0,0,0,0,0,0,0,0,0,0,0,0,0,0,0,0,0,0,0,0,0,0
STAT,(NULL),Refine,226,3415,3415,0,0,0,0,0,0,0,0,0,0,0,0,0,0,0,0,0,0,0,0,0,0,0,0,0,0,0,0,0,0,0,0,0,0,0,0,0,0,0,0,0,0,0,0,0,0,0,0,0,0,0,0,0,0,0,0,0,0,0,0,0,0,0,0,0,0,0,0,0,0,0,0,0,0,0,0,0,0,0,0,0,0,0,0,0,0,0,0,0,0,0,0,0,0,0,0,0,0,0,0,0,0,0,0,0,0,0,0,0,0,0,0,0,0,0,0,0,0,0,0,0,0,0,0,0,0,0,0,0,0,0,0,0,0,0,0,0,0,0,0,0,0,0,0,0,0,0,0,0,0,0,0,0,0,0,0,0,0,0,0,0,0,0,0,0,0,0,0,0,0,0,0,0,0,0,0,0,0,0,0,0,0,0,0,0,0,0,0,0,0,0,0,0,0,0,0,0,0,0,0,0,0,0,0,0,0,0,0,0,0,0,0,0,0,0,0,0,0,0,0,0,0,0,0,0
STAT,(NULL),Threads,226,226,226,0,0,0,0,0,0,0,0,0,0,0,0,0,0,0,0,0,0,0,0,0,0,0,0,0,0,0,0,0,0,0,0,0,0,0,0,0,0,0,0,0,0,0,0,0,0,0,0,0,0,0,0,0,0,0,0,0,0,0,0,0,0,0,0,0,0,0,0,0,0,0,0,0,0,0,0,0,0,0,0,0,0,0,0,0,0,0,0,0,0,0,0,0,0,0,0,0,0,0,0,0,0,0,0,0,0,0,0,0,0,0,0,0,0,0,0,0,0,0,0,0,0,0,0,0,0,0,0,0,0,0,0,0,0,0,0,0,0,0,0,0,0,0,0,0,0,0,0,0,0,0,0,0,0,0,0,0,0,0,0,0,0,0,0,0,0,0,0,0,0,0,0,0,0,0,0,0,0,0,0,0,0,0,0,0,0,0,0,0,0,0,0,0,0,0,0,0,0,0,0,0,0,0,0,0,0,0,0,0,0,0,0,0,0,0,0,0,0,0,0,0,0,0,0,0
STAT,(NULL),Time,226,8746,8746,0,0,0,0,0,0,0,0,0,0,0,0,0,0,0,0,0,0,0,0,0,0,0,0,0,0,0,0,0,0,0,0,0,0,0,0,0,0,0,0,0,0,0,0,0,0,0,0,0,0,0,0,0,0,0,0,0,0,0,0,0,0,0,0,0,0,0,0,0,0,0,0,0,0,0,0,0,0,0,0,0,0,0,0,0,0,0,0,0,0,0,0,0,0,0,0,0,0,0,0,0,0,0,0,0,0,0,0,0,0,0,0,0,0,0,0,0,0,0,0,0,0,0,0,0,0,0,0,0,0,0,0,0,0,0,0,0,0,0,0,0,0,0,0,0,0,0,0,0,0,0,0,0,0,0,0,0,0,0,0,0,0,0,0,0,0,0,0,0,0,0,0,0,0,0,0,0,0,0,0,0,0,0,0,0,0,0,0,0,0,0,0,0,0,0,0,0,0,0,0,0,0,0,0,0,0,0,0,0,0,0,0,0,0,0,0,0,0,0,0,0,0,0,0,0
STAT,match,Conflicts,226,6275,44,47,46,43,43,35,40,37,43,42,41,36,40,37,46,36,41,37,46,33,36,41,38,44,35,40,41,32,41,42,32,38,38,39,30,41,39,30,33,37,27,28,39,25,32,30,35,34,37,28,37,29,29,27,46,38,28,35,32,37,32,21,26,24,25,20,26,24,26,23,27,20,23,23,25,27,20,26,25,20,26,20,20,23,25,24,23,20,25,27,22,25,29,23,25,22,37,30,15,25,26,22,27,32,22,26,24,27,22,22,23,27,28,27,23,33,30,18,23,21,23,20,25,21,22,28,24,29,20,25,22,25,23,26,22,26,26,26,23,23,25,23,22,25,19,26,26,25,21,27,30,26,27,25,23,23,23,25,31,23,25,27,29,20,22,27,25,35,25,21,28,24,24,32,20,25,37,23,19,22,28,23,25,26,28,28,17,31,22,18,27,23,20,28,24,32,28,25,22,21,22,24,31,25,17,30,23,19,26,19,22,25,25,23,30,21,26,22,29,21,17,22,23,22,20,26
STAT,match,Iterations,226,15042846,45053,49286,45906,41912,38265,52002,43779,61919,54289,45402,43018,55409,52010,63674,67760,59723,63621,52493,46796,63253,44748,45457,53577,49090,45125,52983,49357,65318,54330,38511,67034,64936,37891,56596,49085,54328,50918,52804,83097,44529,57711,58700,76917,58688,55277,66385,62176,63126,53360,65238,57024,59677,77658,49213,74350,44872,69989,76097,55475,56585,71765,66009,71742,61515,68775,76743,62783,71714,67991,73446,91702,68317,61396,94167,59719,70132,62351,67707,66310,83668,64019,50833,74667,43596,101201,67726,58906,63718,66841,87939,51879,71294,79833,61021,66425,59200,70993,76033,80474,62673,39968,82086,67295,62854,67326,77954,93461,78897,61602,74075,84189,61485,78282,78988,74309,64848,69923,70376,90331,68630,80257,86249,64000,87942,77004,77175,68860,67770,77926,51105,70460,64959,43719,66747,64150,67227,59477,86261,72961,58708,59406,75469,69117,76722,68764,65494,60570,57431,66307,67506,80189,58831,61802,79982,53929,66223,64962,84364,68452,75289,81705,40511,68304,64947,62917,79289,66538,57202,85461,81552,85463,64012,86393,59633,99823,89117,79330,57211,57768,73298,60413,56414,87054,63433,77271,60039,69488,63011,74877,75275,62997,60520,83973,54336,53118,65611,62980,72465,70706,76988,75372,68370,63105,71831,65738,89270,64804,89965,76742,62621,67460,90820,65572,76270,86331,84367,91315,65863,77037,70970,56998,76972,76649,77366,54208,83717
STAT,popedge,Conflicts,226,0,0,0,0,0,0,0,0,0,0,0,0,0,0,0,0,0,0,0,0,0,0,0,0,0,0,0,0,0,0,0,0,0,0,0,0,0,0,0,0,0,0,0,0,0,0,0,0,0,0,0,0,0,0,0,0,0,0,0,0,0,0,0,0,0,0,0,0,0,0,0,0,0,0,0,0,0,0,0,0,0,0,0,0,0,0,0,0,0,0,0,0,0,0,0,0,0,0,0,0,0,0,0,0,0,0,0,0,0,0,0,0,0,0,0,0,0,0,0,0,0,0,0,0,0,0,0,0,0,0,0,0,0,0,0,0,0,0,0,0,0,0,0,0,0,0,0,0,0,0,0,0,0,0,0,0,0,0,0,0,0,0,0,0,0,0,0,0,0,0,0,0,0,0,0,0,0,0,0,0,0,0,0,0,0,0,0,0,0,0,0,0,0,0,0,0,0,0,0,0,0,0,0,0,0,0,0,0,0,0,0,0,0,0,0,0,0,0,0,0,0,0,0,0,0,0,0
STAT,popedge,Iterations,226,7367751,30737,30985,30700,31130,29896,30790,31137,31644,30377,32451,31722,30881,31669,30982,31565,31212,32769,32446,30680,29565,32069,31853,31743,31538,30640,32970,32241,31283,32804,29922,31755,32508,31818,33528,31838,31934,32679,31354,31984,30165,31811,29973,31668,33951,36876,37362,34882,35693,34677,34970,34432,34111,34100,35364,35615,36810,35298,36382,34513,35101,38215,30028,30551,30126,31036,30588,32845,30299,30951,31613,30436,30506,30937,31356,33106,30433,29459,30310,31922,31797,29704,30321,31239,31223,31966,30041,31618,29697,30644,31488,29496,31994,34198,33262,34455,32386,33878,31940,31327,32991,31903,32877,30336,31872,35161,33371,37238,33058,36294,34097,35010,34950,35147,34053,33703,36201,37432,32555,36779,37098,35580,37623,30693,30999,32038,31346,32088,30176,32896,32041,30890,32841,31707,30352,32886,29960,30749,31432,31280,32063,31014,31758,31405,31877,30263,31866,32829,32902,32820,33075,32846,31481,31601,34332,33360,32367,33121,32674,33245,32009,31678,31386,31928,29820,32316,36094,34274,36574,34634,35195,34476,35469,36031,35481,36182,35676,34037,35342,36265,36196,35022,34404,36231,30471,33110,30593,30739,30299,32690,32390,33577,30628,31558,32483,32108,33095,32078,33927,32658,32012,30356,32681,31820,30174,31180,31490,35528,30536,31300,32144,35091,32434,30558,31638,34623,31482,35119,30508,33826,33589,32188,32256,30891,33450,32092,32115
STAT,refine,Conflicts,226,6004,103,99,99,106,95,96,99,90,92,86,79,82,86,81,80,69,63,66,56,65,51,67,59,55,64,54,57,51,70,55,42,31,39,31,43,36,28,31,45,32,37,36,36,40,30,40,44,34,46,31,41,25,50,28,46,32,27,44,24,27,30,12,10,12,11,17,13,13,18,18,16,11,20,18,9,14,11,21,12,16,16,12,13,24,16,11,15,7,5,18,14,14,16,14,16,17,7,9,8,9,18,14,14,18,25,17,13,28,18,21,20,12,13,29,20,22,15,15,24,15,18,12,14,15,17,10,0,23,13,17,22,21,13,13,22,11,12,12,14,24,16,21,23,21,14,14,13,14,12,9,27,9,22,9,10,24,22,12,17,13,19,15,13,14,13,22,13,13,19,20,25,19,24,13,25,16,33,19,20,26,7,15,20,12,16,20,18,14,11,15,24,21,16,14,18,20,10,22,15,14,15,18,20,15,17,18,15,23,11,7,15,20,11,11,14,13,10,13,14,17,13,17,14,10,18,22
STAT,refine,Iterations,226,39741,313,278,292,348,243,285,283,349,342,268,280,297,323,242,275,197,273,268,209,360,202,266,250,263,178,173,144,197,255,185,153,162,209,238,148,244,211,113,178,127,152,162,180,177,153,219,197,163,201,203,158,116,258,109,217,183,155,324,131,212,189,179,107,80,91,96,168,189,126,197,204,237,155,271,141,170,90,179,116,185,164,84,164,209,204,143,142,72,162,306,136,138,127,83,120,123,140,139,141,134,157,226,176,242,186,201,193,290,141,222,246,143,186,233,134,180,138,92,203,105,167,145,126,130,104,119,92,183,91,118,197,178,183,167,247,131,131,141,141,150,196,262,177,195,134,190,172,112,134,119,233,146,110,103,87,163,164,209,158,170,162,100,158,118,153,201,145,191,226,102,245,178,205,209,210,180,239,174,172,272,128,188,184,154,98,107,120,122,157,159,165,172,130,137,148,247,176,295,130,137,140,195,185,130,158,209,152,141,138,70,118,168,99,72,135,99,112,113,162,108,79,117,235,194,156,201
