Hello from MIC
Galois Benchmark Suite v2.2.0 (r0)
Copyright (C) 2013 The University of Texas at Austin
http://iss.ices.utexas.edu/galois/

application: GMetis
Partitions a graph into K parts and minimizing the graph cut
http://iss.ices.utexas.edu/?p=projects/galois/benchmarks/gMetis

INFO: CommandLine /work/02556/dpereira/MIC/apps/gmetis/gmetis -t=188 /work/02556/dpereira/Inputs/USA-road-d.W.gr 1024
INFO: Hostname c558-402-mic0.stampede.tacc.utexas.edu
Created Graph with 6262104 nodes and 15248146 edges
Nodes 6262104| Edges 15248146 7624073

  Starting coarsening: 
Time coarsen:  2615 Size of final graph: 21901

  Sarting initial partitioning using GGGP:
Size in decade percentages:  -1,77 -0,874 1,73
Time clustering:  1120

  Sarting refinnement with BKL2
Initial dist
Size in decade percentages:  -1,77 -0,874 1,73
Refined dist
Size in decade percentages:  -1,376 0,265 1,382 3,1
Time refinement:  1704


Time:  5620
Total edge cut : 32013

Part saved in : 0x7fffea0cb060
STATTYPE,LOOP,CATEGORY,n,sum,T0,T1,T2,T3,T4,T5,T6,T7,T8,T9,T10,T11,T12,T13,T14,T15,T16,T17,T18,T19,T20,T21,T22,T23,T24,T25,T26,T27,T28,T29,T30,T31,T32,T33,T34,T35,T36,T37,T38,T39,T40,T41,T42,T43,T44,T45,T46,T47,T48,T49,T50,T51,T52,T53,T54,T55,T56,T57,T58,T59,T60,T61,T62,T63,T64,T65,T66,T67,T68,T69,T70,T71,T72,T73,T74,T75,T76,T77,T78,T79,T80,T81,T82,T83,T84,T85,T86,T87,T88,T89,T90,T91,T92,T93,T94,T95,T96,T97,T98,T99,T100,T101,T102,T103,T104,T105,T106,T107,T108,T109,T110,T111,T112,T113,T114,T115,T116,T117,T118,T119,T120,T121,T122,T123,T124,T125,T126,T127,T128,T129,T130,T131,T132,T133,T134,T135,T136,T137,T138,T139,T140,T141,T142,T143,T144,T145,T146,T147,T148,T149,T150,T151,T152,T153,T154,T155,T156,T157,T158,T159,T160,T161,T162,T163,T164,T165,T166,T167,T168,T169,T170,T171,T172,T173,T174,T175,T176,T177,T178,T179,T180,T181,T182,T183,T184,T185,T186,T187
STAT,(NULL),Coarsen,188,2615,2615,0,0,0,0,0,0,0,0,0,0,0,0,0,0,0,0,0,0,0,0,0,0,0,0,0,0,0,0,0,0,0,0,0,0,0,0,0,0,0,0,0,0,0,0,0,0,0,0,0,0,0,0,0,0,0,0,0,0,0,0,0,0,0,0,0,0,0,0,0,0,0,0,0,0,0,0,0,0,0,0,0,0,0,0,0,0,0,0,0,0,0,0,0,0,0,0,0,0,0,0,0,0,0,0,0,0,0,0,0,0,0,0,0,0,0,0,0,0,0,0,0,0,0,0,0,0,0,0,0,0,0,0,0,0,0,0,0,0,0,0,0,0,0,0,0,0,0,0,0,0,0,0,0,0,0,0,0,0,0,0,0,0,0,0,0,0,0,0,0,0,0,0,0,0,0,0,0,0,0,0,0,0,0,0,0,0,0
STAT,(NULL),Conflicts,188,0,0,0,0,0,0,0,0,0,0,0,0,0,0,0,0,0,0,0,0,0,0,0,0,0,0,0,0,0,0,0,0,0,0,0,0,0,0,0,0,0,0,0,0,0,0,0,0,0,0,0,0,0,0,0,0,0,0,0,0,0,0,0,0,0,0,0,0,0,0,0,0,0,0,0,0,0,0,0,0,0,0,0,0,0,0,0,0,0,0,0,0,0,0,0,0,0,0,0,0,0,0,0,0,0,0,0,0,0,0,0,0,0,0,0,0,0,0,0,0,0,0,0,0,0,0,0,0,0,0,0,0,0,0,0,0,0,0,0,0,0,0,0,0,0,0,0,0,0,0,0,0,0,0,0,0,0,0,0,0,0,0,0,0,0,0,0,0,0,0,0,0,0,0,0,0,0,0,0,0,0,0,0,0,0,0,0,0,0
STAT,(NULL),Iterations,188,2047,11,13,7,12,5,11,27,9,16,6,7,6,15,11,6,8,10,9,11,12,7,13,16,6,8,7,21,8,12,16,17,13,13,9,10,6,10,5,15,4,14,8,11,2,6,7,4,18,18,19,4,11,11,5,17,15,6,4,8,8,9,3,0,4,12,6,18,11,18,14,8,9,5,15,10,8,10,4,10,11,10,2,14,8,9,21,20,11,12,13,10,11,8,14,11,8,3,10,7,12,6,16,15,14,4,13,17,8,14,11,10,8,20,14,16,21,9,10,12,16,15,9,18,0,7,8,4,9,23,9,6,11,12,16,14,8,11,17,10,11,5,10,11,11,13,11,23,16,19,12,10,5,15,10,17,11,16,6,8,9,14,9,20,10,10,6,16,23,6,15,10,14,8,18,8,12,13,9,10,7,13,14,12,15,1,3,13,5
STAT,(NULL),MeminfoPost,188,756713,4027,4016,4049,4026,4032,4030,4032,4012,4029,4020,4043,4057,4064,4036,4012,4016,4019,4036,4024,4038,4038,4031,4029,4018,4019,4016,4038,4040,4014,4018,4012,4030,4024,4024,4040,4032,4030,4014,4031,4010,4033,4047,4034,4085,4045,4012,4023,4022,4016,4034,4032,4036,4025,4042,4027,4010,4016,4022,4035,4041,4013,4013,4019,4025,4036,4023,4024,4059,4028,4021,4030,4036,4019,4029,4024,4017,4017,4015,4033,4004,4014,4027,4037,4027,4021,4020,4017,4015,4008,4015,4021,4011,4039,4052,4035,4016,4018,4016,4040,4019,4007,4003,4012,4028,4029,4036,4034,4039,4016,4021,4013,4029,4014,4018,4017,4011,4006,4017,4003,4037,4013,4005,4041,4055,4048,4048,4020,4014,4015,4037,4012,4001,4020,4027,4034,4037,4024,4021,4014,4024,4017,4022,4007,4005,4013,4029,4010,4017,4049,4050,4054,4038,4020,4013,4016,4010,4025,4038,4057,4041,4038,4051,4026,4012,4027,4018,4020,4020,4021,4004,4009,4012,4005,4053,4008,4004,4016,4004,4003,4040,4015,4013,4023,4029,4024,4031,4015,4025
STAT,(NULL),MeminfoPre,188,189141,1008,997,1030,1007,1013,1011,1013,993,1010,1001,1024,1038,1045,1017,993,997,1000,1017,1005,1019,1019,1012,1010,999,1000,997,1019,1021,995,999,993,1011,1005,1005,1021,1013,1011,995,1012,991,1014,1028,1015,1066,1026,993,1004,1003,997,1015,1013,1017,1006,1023,1008,991,997,1003,1016,1022,994,994,1000,1006,1017,1004,1005,1040,1009,1002,1011,1017,1000,1010,1005,998,998,996,1014,985,995,1008,1018,1008,1002,1001,998,996,989,996,1002,992,1020,1033,1016,997,999,997,1021,1000,988,984,993,1009,1010,1017,1015,1020,997,1002,994,1010,995,999,998,992,987,998,984,1018,994,986,1022,1036,1029,1029,1001,995,996,1018,993,982,1001,1008,1015,1018,1005,1002,995,1005,998,1003,988,986,994,1010,991,998,1030,1031,1035,1019,1001,994,997,991,1006,1019,1038,1022,1019,1032,1007,993,1008,999,1001,1001,1002,985,990,993,986,1034,989,985,997,985,984,1021,996,994,1004,1010,1005,1012,996,1006
STAT,(NULL),Partition,188,1120,1120,0,0,0,0,0,0,0,0,0,0,0,0,0,0,0,0,0,0,0,0,0,0,0,0,0,0,0,0,0,0,0,0,0,0,0,0,0,0,0,0,0,0,0,0,0,0,0,0,0,0,0,0,0,0,0,0,0,0,0,0,0,0,0,0,0,0,0,0,0,0,0,0,0,0,0,0,0,0,0,0,0,0,0,0,0,0,0,0,0,0,0,0,0,0,0,0,0,0,0,0,0,0,0,0,0,0,0,0,0,0,0,0,0,0,0,0,0,0,0,0,0,0,0,0,0,0,0,0,0,0,0,0,0,0,0,0,0,0,0,0,0,0,0,0,0,0,0,0,0,0,0,0,0,0,0,0,0,0,0,0,0,0,0,0,0,0,0,0,0,0,0,0,0,0,0,0,0,0,0,0,0,0,0,0,0,0,0
STAT,(NULL),Refine,188,1704,1704,0,0,0,0,0,0,0,0,0,0,0,0,0,0,0,0,0,0,0,0,0,0,0,0,0,0,0,0,0,0,0,0,0,0,0,0,0,0,0,0,0,0,0,0,0,0,0,0,0,0,0,0,0,0,0,0,0,0,0,0,0,0,0,0,0,0,0,0,0,0,0,0,0,0,0,0,0,0,0,0,0,0,0,0,0,0,0,0,0,0,0,0,0,0,0,0,0,0,0,0,0,0,0,0,0,0,0,0,0,0,0,0,0,0,0,0,0,0,0,0,0,0,0,0,0,0,0,0,0,0,0,0,0,0,0,0,0,0,0,0,0,0,0,0,0,0,0,0,0,0,0,0,0,0,0,0,0,0,0,0,0,0,0,0,0,0,0,0,0,0,0,0,0,0,0,0,0,0,0,0,0,0,0,0,0,0,0
STAT,(NULL),Threads,188,188,188,0,0,0,0,0,0,0,0,0,0,0,0,0,0,0,0,0,0,0,0,0,0,0,0,0,0,0,0,0,0,0,0,0,0,0,0,0,0,0,0,0,0,0,0,0,0,0,0,0,0,0,0,0,0,0,0,0,0,0,0,0,0,0,0,0,0,0,0,0,0,0,0,0,0,0,0,0,0,0,0,0,0,0,0,0,0,0,0,0,0,0,0,0,0,0,0,0,0,0,0,0,0,0,0,0,0,0,0,0,0,0,0,0,0,0,0,0,0,0,0,0,0,0,0,0,0,0,0,0,0,0,0,0,0,0,0,0,0,0,0,0,0,0,0,0,0,0,0,0,0,0,0,0,0,0,0,0,0,0,0,0,0,0,0,0,0,0,0,0,0,0,0,0,0,0,0,0,0,0,0,0,0,0,0,0,0,0
STAT,(NULL),Time,188,5620,5620,0,0,0,0,0,0,0,0,0,0,0,0,0,0,0,0,0,0,0,0,0,0,0,0,0,0,0,0,0,0,0,0,0,0,0,0,0,0,0,0,0,0,0,0,0,0,0,0,0,0,0,0,0,0,0,0,0,0,0,0,0,0,0,0,0,0,0,0,0,0,0,0,0,0,0,0,0,0,0,0,0,0,0,0,0,0,0,0,0,0,0,0,0,0,0,0,0,0,0,0,0,0,0,0,0,0,0,0,0,0,0,0,0,0,0,0,0,0,0,0,0,0,0,0,0,0,0,0,0,0,0,0,0,0,0,0,0,0,0,0,0,0,0,0,0,0,0,0,0,0,0,0,0,0,0,0,0,0,0,0,0,0,0,0,0,0,0,0,0,0,0,0,0,0,0,0,0,0,0,0,0,0,0,0,0,0,0
STAT,match,Conflicts,188,5843,37,49,44,46,53,52,52,47,45,46,38,52,56,38,48,40,42,49,46,39,38,46,45,35,41,33,40,40,42,40,31,34,33,33,40,35,36,34,41,35,34,34,38,39,28,37,41,39,37,36,35,30,36,34,35,43,34,32,41,31,30,26,23,26,25,23,26,32,27,27,37,26,34,26,27,28,28,25,18,38,26,23,24,27,27,24,22,20,26,27,32,20,24,33,22,22,23,29,19,28,22,27,25,30,22,24,32,33,35,31,25,24,32,21,26,29,26,20,27,33,32,23,24,31,27,24,23,27,30,28,22,29,21,34,27,26,30,23,29,29,30,34,23,30,27,22,21,21,27,32,31,22,29,19,28,21,34,26,31,30,26,30,33,24,26,23,36,25,30,32,22,29,23,28,23,32,31,37,32,25,32,26,28,29,24,22,20,39
STAT,match,Iterations,188,14967401,47789,65526,48405,53589,65673,73413,57651,80846,59339,76758,68296,57035,70682,59761,68732,71366,85019,71123,65781,76789,76665,80977,64714,61942,68213,71706,64554,56628,71350,75051,79132,83713,72853,76793,68783,75948,68662,86900,51426,67369,73584,69083,64182,59386,62469,85945,59973,85762,61118,81228,65039,65370,54552,92232,60705,74176,77752,88013,74900,70742,67798,80972,85582,64433,94708,85625,99398,72028,86124,90854,90008,74813,93004,93381,95264,97270,78434,99465,101686,72269,91770,84133,108320,79730,87605,87323,63774,92939,78188,89409,67659,97510,78840,81842,76036,92036,86057,89511,81825,101278,90361,92669,87081,91289,74298,95183,69265,78866,82627,88350,80911,88229,74329,84830,96894,76064,79350,89565,86439,74249,67239,101527,66234,62444,67817,91320,67851,92171,86996,98470,88640,94656,99136,93169,108549,81455,94957,93383,100142,60820,90770,82442,86923,70255,96124,102664,90679,85395,85599,64563,82305,82190,82367,95630,80763,96257,73754,72765,80868,69387,107370,74803,64282,89601,54036,97642,60323,86754,102937,81489,87452,86614,93641,98466,76371,83851,75123,70925,81132,80441,71810,95909,72748,67392,77282,82516,102667,62235
STAT,popedge,Conflicts,188,0,0,0,0,0,0,0,0,0,0,0,0,0,0,0,0,0,0,0,0,0,0,0,0,0,0,0,0,0,0,0,0,0,0,0,0,0,0,0,0,0,0,0,0,0,0,0,0,0,0,0,0,0,0,0,0,0,0,0,0,0,0,0,0,0,0,0,0,0,0,0,0,0,0,0,0,0,0,0,0,0,0,0,0,0,0,0,0,0,0,0,0,0,0,0,0,0,0,0,0,0,0,0,0,0,0,0,0,0,0,0,0,0,0,0,0,0,0,0,0,0,0,0,0,0,0,0,0,0,0,0,0,0,0,0,0,0,0,0,0,0,0,0,0,0,0,0,0,0,0,0,0,0,0,0,0,0,0,0,0,0,0,0,0,0,0,0,0,0,0,0,0,0,0,0,0,0,0,0,0,0,0,0,0,0,0,0,0,0
STAT,popedge,Iterations,188,7330720,34546,34042,33710,35167,34479,39178,40004,37864,38870,40627,37953,39097,38261,39343,40392,38504,41130,38072,39319,39399,35941,39208,39385,39775,39782,38309,39306,38635,38413,39629,40188,37892,38893,37695,37568,38459,39199,38233,39765,42250,39454,40539,42622,38717,39497,40016,38768,39624,40213,41267,39284,39629,38602,40055,39122,40425,37247,39048,39635,40627,38318,33736,34590,33154,33667,33987,40771,37783,40148,37530,41015,38841,36575,38146,36650,40285,38235,40054,39900,40885,37336,38764,41533,37175,39542,38062,39778,38185,37887,37500,39898,40226,38906,39852,37891,42528,39274,39251,40844,42440,41572,37640,41098,40534,38503,39074,41992,39665,40334,39115,40396,39731,40641,39238,40126,39431,40614,38440,41312,38438,42504,39919,35612,34585,34056,34942,32937,36441,36488,40197,39530,38781,41403,38049,41517,37830,40798,38315,38360,40731,38257,38412,38598,41058,40270,38594,38567,39069,38131,38320,39118,39431,39804,37420,39970,37503,39488,40497,39951,40744,42342,40389,40766,41939,41443,40546,40577,40345,40466,40551,40157,38832,37264,40309,41929,40670,42692,39829,36371,42687,40455,42123,42312,35754,35020,35144,36223,35479
STAT,refine,Conflicts,188,5576,82,69,72,73,72,73,65,82,59,56,61,60,62,60,66,57,53,47,49,52,57,51,47,53,44,47,45,48,51,57,47,50,30,34,36,33,33,30,39,39,27,41,40,39,36,20,34,42,34,27,43,38,23,35,33,36,29,35,39,44,22,17,23,32,23,24,26,15,38,24,25,19,31,24,35,21,17,30,24,27,21,30,20,23,22,21,10,29,22,23,18,30,21,23,16,25,18,15,17,16,14,18,30,23,27,25,14,17,23,22,19,19,16,22,15,24,15,21,20,26,20,18,20,27,28,24,12,27,23,27,23,22,20,28,17,21,19,23,28,15,29,30,28,17,17,24,24,11,25,32,29,21,21,22,17,22,21,17,21,14,22,16,13,25,17,26,23,19,19,20,17,18,19,17,11,15,17,15,15,19,20,23,15,21,19,24,22,22
STAT,refine,Iterations,188,432549,2237,2198,2596,2295,2021,1962,1571,2642,2139,2060,2309,2798,2817,2012,2143,1822,2756,2313,2089,2863,2166,2311,1855,1817,1804,1850,1842,2044,1895,2813,2047,2089,1782,1867,2188,2208,2292,2083,1767,1632,2086,1993,2758,2603,2031,1886,1774,2248,1717,1921,2589,2718,1568,2701,2246,1521,2181,1988,2083,2684,1931,2483,2397,2331,2148,2053,2752,2372,3149,2506,2913,2573,2765,3200,2746,2655,1717,3130,2558,2408,2352,2817,3120,1864,2178,1991,1312,2296,2272,2547,2177,2320,2339,2190,2072,2782,2004,2492,2632,3051,1708,1934,2844,2604,2791,2951,1843,2597,2090,1934,2111,2064,2406,2198,2209,1874,1755,2475,2299,2042,2155,2087,2313,2441,3073,2504,1840,2567,2291,3446,2024,2214,2663,3270,3397,1834,2847,2364,2816,2027,2352,2513,2580,2603,2980,2497,1738,1638,2248,2162,3244,2440,1970,2058,1650,2366,2405,2267,2827,2306,2925,2277,1727,2481,2512,2972,2055,2006,2768,2057,1891,1835,2203,2406,1471,2042,2691,1767,2412,2487,2202,3008,1896,2311,2571,2628,2462,1854
