Hello from MIC
Galois Benchmark Suite v2.2.0 (r0)
Copyright (C) 2013 The University of Texas at Austin
http://iss.ices.utexas.edu/galois/

application: GMetis
Partitions a graph into K parts and minimizing the graph cut
http://iss.ices.utexas.edu/?p=projects/galois/benchmarks/gMetis

INFO: CommandLine /work/02556/dpereira/MIC/apps/gmetis/gmetis -t=238 /work/02556/dpereira/Inputs/USA-road-d.W.gr 1024
INFO: Hostname c557-803-mic0.stampede.tacc.utexas.edu
Created Graph with 6262104 nodes and 15248146 edges
Nodes 6262104| Edges 15248146 7624073

  Starting coarsening: 
Time coarsen:  3239 Size of final graph: 22267

  Sarting initial partitioning using GGGP:
Size in decade percentages:  -1,62 -0,887 1,75
Time clustering:  1185

  Sarting refinnement with BKL2
Initial dist
Size in decade percentages:  -1,62 -0,887 1,75
Refined dist
Size in decade percentages:  -1,370 0,271 1,382 2,1
Time refinement:  2248


Time:  6853
Total edge cut : 31465

Part saved in : 0x7fff2d98b360
STATTYPE,LOOP,CATEGORY,n,sum,T0,T1,T2,T3,T4,T5,T6,T7,T8,T9,T10,T11,T12,T13,T14,T15,T16,T17,T18,T19,T20,T21,T22,T23,T24,T25,T26,T27,T28,T29,T30,T31,T32,T33,T34,T35,T36,T37,T38,T39,T40,T41,T42,T43,T44,T45,T46,T47,T48,T49,T50,T51,T52,T53,T54,T55,T56,T57,T58,T59,T60,T61,T62,T63,T64,T65,T66,T67,T68,T69,T70,T71,T72,T73,T74,T75,T76,T77,T78,T79,T80,T81,T82,T83,T84,T85,T86,T87,T88,T89,T90,T91,T92,T93,T94,T95,T96,T97,T98,T99,T100,T101,T102,T103,T104,T105,T106,T107,T108,T109,T110,T111,T112,T113,T114,T115,T116,T117,T118,T119,T120,T121,T122,T123,T124,T125,T126,T127,T128,T129,T130,T131,T132,T133,T134,T135,T136,T137,T138,T139,T140,T141,T142,T143,T144,T145,T146,T147,T148,T149,T150,T151,T152,T153,T154,T155,T156,T157,T158,T159,T160,T161,T162,T163,T164,T165,T166,T167,T168,T169,T170,T171,T172,T173,T174,T175,T176,T177,T178,T179,T180,T181,T182,T183,T184,T185,T186,T187,T188,T189,T190,T191,T192,T193,T194,T195,T196,T197,T198,T199,T200,T201,T202,T203,T204,T205,T206,T207,T208,T209,T210,T211,T212,T213,T214,T215,T216,T217,T218,T219,T220,T221,T222,T223,T224,T225,T226,T227,T228,T229,T230,T231,T232,T233,T234,T235,T236,T237
STAT,(NULL),Coarsen,238,3239,3239,0,0,0,0,0,0,0,0,0,0,0,0,0,0,0,0,0,0,0,0,0,0,0,0,0,0,0,0,0,0,0,0,0,0,0,0,0,0,0,0,0,0,0,0,0,0,0,0,0,0,0,0,0,0,0,0,0,0,0,0,0,0,0,0,0,0,0,0,0,0,0,0,0,0,0,0,0,0,0,0,0,0,0,0,0,0,0,0,0,0,0,0,0,0,0,0,0,0,0,0,0,0,0,0,0,0,0,0,0,0,0,0,0,0,0,0,0,0,0,0,0,0,0,0,0,0,0,0,0,0,0,0,0,0,0,0,0,0,0,0,0,0,0,0,0,0,0,0,0,0,0,0,0,0,0,0,0,0,0,0,0,0,0,0,0,0,0,0,0,0,0,0,0,0,0,0,0,0,0,0,0,0,0,0,0,0,0,0,0,0,0,0,0,0,0,0,0,0,0,0,0,0,0,0,0,0,0,0,0,0,0,0,0,0,0,0,0,0,0,0,0,0,0,0,0,0,0,0,0,0,0,0,0,0,0,0,0
STAT,(NULL),Conflicts,238,0,0,0,0,0,0,0,0,0,0,0,0,0,0,0,0,0,0,0,0,0,0,0,0,0,0,0,0,0,0,0,0,0,0,0,0,0,0,0,0,0,0,0,0,0,0,0,0,0,0,0,0,0,0,0,0,0,0,0,0,0,0,0,0,0,0,0,0,0,0,0,0,0,0,0,0,0,0,0,0,0,0,0,0,0,0,0,0,0,0,0,0,0,0,0,0,0,0,0,0,0,0,0,0,0,0,0,0,0,0,0,0,0,0,0,0,0,0,0,0,0,0,0,0,0,0,0,0,0,0,0,0,0,0,0,0,0,0,0,0,0,0,0,0,0,0,0,0,0,0,0,0,0,0,0,0,0,0,0,0,0,0,0,0,0,0,0,0,0,0,0,0,0,0,0,0,0,0,0,0,0,0,0,0,0,0,0,0,0,0,0,0,0,0,0,0,0,0,0,0,0,0,0,0,0,0,0,0,0,0,0,0,0,0,0,0,0,0,0,0,0,0,0,0,0,0,0,0,0,0,0,0,0,0,0,0,0,0,0
STAT,(NULL),Iterations,238,2047,11,1,3,4,11,9,10,7,2,14,4,7,7,8,8,4,1,8,13,6,14,12,7,6,12,12,10,6,11,10,6,9,9,7,11,10,5,12,10,12,19,10,8,13,2,8,6,5,6,10,1,10,6,9,22,7,9,14,3,2,5,10,4,6,10,6,6,8,4,8,8,13,9,8,6,9,8,8,11,10,6,8,6,15,7,8,13,15,16,12,10,3,8,5,10,19,5,7,9,3,18,10,11,12,11,4,5,12,7,4,7,7,6,12,9,17,4,13,7,0,8,6,3,0,5,6,6,2,5,8,8,12,7,10,9,7,9,7,22,4,13,11,7,17,11,10,7,19,10,12,15,5,2,7,13,8,11,8,10,11,5,8,8,8,5,19,7,6,7,4,10,9,7,6,7,9,10,10,9,13,4,5,11,2,0,4,6,8,3,11,3,4,6,12,18,10,4,9,10,11,7,12,16,8,9,18,4,14,7,11,4,13,13,7,8,18,8,18,11,8,12,10,13,13,6,4,11,3,8,2,13,8,10,6,12,10,5,11
STAT,(NULL),MeminfoPost,238,756768,3184,3179,3181,3184,3187,3193,3180,3176,3189,3168,3169,3186,3188,3193,3202,3229,3189,3177,3170,3179,3176,3172,3182,3185,3188,3193,3185,3185,3185,3179,3169,3176,3172,3184,3186,3190,3171,3174,3171,3176,3183,3175,3185,3186,3189,3188,3178,3177,3188,3172,3174,3182,3193,3189,3209,3226,3191,3171,3175,3173,3176,3178,3180,3186,3186,3196,3182,3187,3180,3182,3168,3175,3177,3188,3180,3196,3168,3169,3173,3179,3178,3188,3179,3176,3187,3207,3186,3176,3176,3191,3184,3179,3174,3191,3174,3170,3175,3174,3180,3181,3163,3165,3179,3185,3186,3188,3174,3170,3181,3172,3176,3168,3163,3172,3180,3170,3174,3200,3199,3189,3181,3167,3173,3174,3189,3185,3168,3166,3162,3165,3179,3184,3183,3188,3187,3191,3178,3177,3179,3165,3185,3174,3171,3177,3176,3166,3169,3162,3172,3170,3169,3188,3172,3165,3178,3191,3208,3199,3194,3191,3171,3173,3173,3193,3173,3165,3162,3171,3181,3181,3186,3190,3188,3174,3174,3171,3181,3174,3174,3170,3169,3163,3176,3164,3187,3167,3167,3191,3205,3196,3204,3196,3180,3172,3171,3171,3169,3174,3177,3196,3199,3205,3185,3199,3197,3185,3166,3173,3187,3172,3176,3182,3171,3171,3170,3158,3177,3165,3162,3218,3159,3163,3162,3175,3165,3167,3168,3187,3171,3170,3179,3180,3182,3179,3181,3179,3178,3175
STAT,(NULL),MeminfoPre,238,189138,799,794,796,799,802,808,795,791,804,783,784,801,803,808,817,844,804,792,785,794,791,787,797,800,803,808,800,800,800,794,784,791,787,799,801,805,786,789,786,791,798,790,800,801,804,803,793,792,803,787,789,797,808,804,824,841,806,786,790,788,791,793,795,801,801,811,797,802,795,797,783,790,792,803,795,811,783,784,788,794,793,803,794,791,802,822,801,791,791,806,799,794,789,806,789,785,790,789,795,796,778,780,794,800,801,803,789,785,796,787,791,783,778,787,795,785,789,815,814,804,796,782,788,789,804,800,783,781,777,780,794,799,798,803,802,806,793,792,794,780,800,789,786,792,791,781,784,777,787,785,784,803,787,780,793,806,823,814,809,806,786,788,788,808,788,780,777,786,796,796,801,805,803,789,789,786,796,789,789,785,784,778,791,779,802,782,782,806,820,811,819,811,795,787,786,786,784,789,792,811,814,820,800,814,812,800,781,788,802,787,791,797,786,786,785,773,792,780,777,833,774,778,777,790,780,782,783,802,786,785,794,795,797,794,796,794,793,790
STAT,(NULL),Partition,238,1185,1185,0,0,0,0,0,0,0,0,0,0,0,0,0,0,0,0,0,0,0,0,0,0,0,0,0,0,0,0,0,0,0,0,0,0,0,0,0,0,0,0,0,0,0,0,0,0,0,0,0,0,0,0,0,0,0,0,0,0,0,0,0,0,0,0,0,0,0,0,0,0,0,0,0,0,0,0,0,0,0,0,0,0,0,0,0,0,0,0,0,0,0,0,0,0,0,0,0,0,0,0,0,0,0,0,0,0,0,0,0,0,0,0,0,0,0,0,0,0,0,0,0,0,0,0,0,0,0,0,0,0,0,0,0,0,0,0,0,0,0,0,0,0,0,0,0,0,0,0,0,0,0,0,0,0,0,0,0,0,0,0,0,0,0,0,0,0,0,0,0,0,0,0,0,0,0,0,0,0,0,0,0,0,0,0,0,0,0,0,0,0,0,0,0,0,0,0,0,0,0,0,0,0,0,0,0,0,0,0,0,0,0,0,0,0,0,0,0,0,0,0,0,0,0,0,0,0,0,0,0,0,0,0,0,0,0,0,0
STAT,(NULL),Refine,238,2248,2248,0,0,0,0,0,0,0,0,0,0,0,0,0,0,0,0,0,0,0,0,0,0,0,0,0,0,0,0,0,0,0,0,0,0,0,0,0,0,0,0,0,0,0,0,0,0,0,0,0,0,0,0,0,0,0,0,0,0,0,0,0,0,0,0,0,0,0,0,0,0,0,0,0,0,0,0,0,0,0,0,0,0,0,0,0,0,0,0,0,0,0,0,0,0,0,0,0,0,0,0,0,0,0,0,0,0,0,0,0,0,0,0,0,0,0,0,0,0,0,0,0,0,0,0,0,0,0,0,0,0,0,0,0,0,0,0,0,0,0,0,0,0,0,0,0,0,0,0,0,0,0,0,0,0,0,0,0,0,0,0,0,0,0,0,0,0,0,0,0,0,0,0,0,0,0,0,0,0,0,0,0,0,0,0,0,0,0,0,0,0,0,0,0,0,0,0,0,0,0,0,0,0,0,0,0,0,0,0,0,0,0,0,0,0,0,0,0,0,0,0,0,0,0,0,0,0,0,0,0,0,0,0,0,0,0,0,0
STAT,(NULL),Threads,238,238,238,0,0,0,0,0,0,0,0,0,0,0,0,0,0,0,0,0,0,0,0,0,0,0,0,0,0,0,0,0,0,0,0,0,0,0,0,0,0,0,0,0,0,0,0,0,0,0,0,0,0,0,0,0,0,0,0,0,0,0,0,0,0,0,0,0,0,0,0,0,0,0,0,0,0,0,0,0,0,0,0,0,0,0,0,0,0,0,0,0,0,0,0,0,0,0,0,0,0,0,0,0,0,0,0,0,0,0,0,0,0,0,0,0,0,0,0,0,0,0,0,0,0,0,0,0,0,0,0,0,0,0,0,0,0,0,0,0,0,0,0,0,0,0,0,0,0,0,0,0,0,0,0,0,0,0,0,0,0,0,0,0,0,0,0,0,0,0,0,0,0,0,0,0,0,0,0,0,0,0,0,0,0,0,0,0,0,0,0,0,0,0,0,0,0,0,0,0,0,0,0,0,0,0,0,0,0,0,0,0,0,0,0,0,0,0,0,0,0,0,0,0,0,0,0,0,0,0,0,0,0,0,0,0,0,0,0,0
STAT,(NULL),Time,238,6853,6853,0,0,0,0,0,0,0,0,0,0,0,0,0,0,0,0,0,0,0,0,0,0,0,0,0,0,0,0,0,0,0,0,0,0,0,0,0,0,0,0,0,0,0,0,0,0,0,0,0,0,0,0,0,0,0,0,0,0,0,0,0,0,0,0,0,0,0,0,0,0,0,0,0,0,0,0,0,0,0,0,0,0,0,0,0,0,0,0,0,0,0,0,0,0,0,0,0,0,0,0,0,0,0,0,0,0,0,0,0,0,0,0,0,0,0,0,0,0,0,0,0,0,0,0,0,0,0,0,0,0,0,0,0,0,0,0,0,0,0,0,0,0,0,0,0,0,0,0,0,0,0,0,0,0,0,0,0,0,0,0,0,0,0,0,0,0,0,0,0,0,0,0,0,0,0,0,0,0,0,0,0,0,0,0,0,0,0,0,0,0,0,0,0,0,0,0,0,0,0,0,0,0,0,0,0,0,0,0,0,0,0,0,0,0,0,0,0,0,0,0,0,0,0,0,0,0,0,0,0,0,0,0,0,0,0,0,0
STAT,match,Conflicts,238,6023,49,44,47,39,50,40,38,33,37,31,34,42,39,36,34,33,38,44,29,36,40,41,35,35,33,37,29,32,33,38,41,32,28,42,22,30,34,27,35,27,30,29,29,37,38,27,41,26,39,31,29,27,21,37,30,24,38,30,26,27,29,23,28,21,19,23,20,21,16,21,19,24,20,21,28,21,26,18,23,20,26,23,19,26,23,22,16,25,20,21,19,22,29,31,23,19,17,22,27,19,24,26,19,21,27,23,25,27,24,26,18,21,18,17,26,21,22,20,24,26,22,22,23,19,23,19,28,17,25,20,28,18,21,20,20,22,18,25,22,24,18,23,27,22,23,19,27,22,28,18,19,29,26,21,17,23,16,19,20,23,21,21,19,24,22,26,22,21,25,22,27,18,22,18,22,23,27,22,24,21,21,23,24,23,17,24,20,23,20,28,25,23,20,16,22,25,22,19,25,21,23,22,23,20,21,23,22,23,23,26,23,18,28,25,29,20,23,21,16,24,23,21,25,24,26,21,26,26,20,22,23,27,14,24,19,20,24,16
STAT,match,Iterations,238,15007469,47868,53455,45541,56480,38540,43915,68967,46484,61043,53751,32111,39557,38257,59302,36631,62205,37576,45603,62144,65263,46863,42383,63820,52170,59838,48089,64488,53084,47971,52362,42563,52719,56924,55826,50701,38698,39193,54404,52446,59437,51564,67844,39651,44349,59051,44296,51568,49872,69174,49986,66571,45466,51419,50017,52831,79073,53901,57745,69307,56956,37385,56308,50681,55705,48072,65164,52857,62046,64400,78863,76460,55614,59117,70026,64863,61125,55185,68752,64153,52501,54483,69464,73925,42843,58050,73972,77919,64432,72851,59004,73670,64439,57961,50098,78482,53717,71459,56613,62903,67162,82800,53605,71808,48213,72141,71956,51805,69795,65964,73070,57309,79891,63174,63736,72519,54617,77728,84711,65522,71543,68118,71931,59795,66385,69221,73293,75052,65900,55093,66714,51403,70235,65773,68651,69038,62125,62397,74690,50626,70651,59864,84581,68447,58208,74007,79350,66573,57200,62413,56887,71323,75113,56401,96181,63160,66129,68221,59619,76567,82563,76662,98011,69473,69490,67855,65129,60364,65415,69151,65187,61540,51940,71311,65601,63492,63995,46362,57685,85380,78212,66880,63687,105781,80436,71259,67990,67262,81918,54421,64003,51369,66217,80815,69814,81290,68295,69240,52877,66436,58524,100025,62138,67466,78683,82691,68891,70139,64098,48343,77864,72397,69164,52197,67270,57007,54494,85395,58105,66442,58566,75533,49245,67613,58044,61890,72527,71325,69737,72135,77013,66087,68806,73200,74109,58597,72870,67518,75234
STAT,popedge,Conflicts,238,0,0,0,0,0,0,0,0,0,0,0,0,0,0,0,0,0,0,0,0,0,0,0,0,0,0,0,0,0,0,0,0,0,0,0,0,0,0,0,0,0,0,0,0,0,0,0,0,0,0,0,0,0,0,0,0,0,0,0,0,0,0,0,0,0,0,0,0,0,0,0,0,0,0,0,0,0,0,0,0,0,0,0,0,0,0,0,0,0,0,0,0,0,0,0,0,0,0,0,0,0,0,0,0,0,0,0,0,0,0,0,0,0,0,0,0,0,0,0,0,0,0,0,0,0,0,0,0,0,0,0,0,0,0,0,0,0,0,0,0,0,0,0,0,0,0,0,0,0,0,0,0,0,0,0,0,0,0,0,0,0,0,0,0,0,0,0,0,0,0,0,0,0,0,0,0,0,0,0,0,0,0,0,0,0,0,0,0,0,0,0,0,0,0,0,0,0,0,0,0,0,0,0,0,0,0,0,0,0,0,0,0,0,0,0,0,0,0,0,0,0,0,0,0,0,0,0,0,0,0,0,0,0,0,0,0,0,0,0
STAT,popedge,Iterations,238,7350805,30522,29472,29152,30495,28715,28192,30218,29442,29068,29838,30376,29487,30228,29406,30646,30266,29781,30952,30112,30930,29281,31020,31306,28960,30562,29924,29936,30038,29821,30803,31474,32431,29625,31028,29716,30280,31488,31223,30528,31295,29583,31077,32031,29786,31279,30450,30379,30571,31801,30082,30223,28774,28977,30313,29566,33205,33598,34948,35358,32678,36652,30904,30960,29305,29799,29615,31451,30822,28767,29001,30444,30737,29571,30303,29806,29330,31809,28368,32712,29815,30703,30761,30813,31401,31235,30778,29886,30142,28581,29362,30068,31173,30139,29856,32208,30734,29536,31113,30427,31405,29758,30675,32815,29913,31619,31033,29798,30360,29236,30552,29557,30774,29641,29221,29189,29765,35385,33715,34911,33268,34551,33945,31403,32681,29860,29367,30259,27944,30560,29422,29701,30554,31114,29802,29295,29143,28496,31383,29904,31482,29710,29438,32421,30241,31494,29838,30720,29612,31541,28870,31636,33219,28610,32341,30815,32426,30971,30199,30388,31753,29019,35821,29308,31793,30183,31221,30847,32670,30852,30469,29436,30365,30765,30257,30254,31601,31358,34175,32396,34813,35462,36016,35050,28910,30079,33261,30563,32360,28851,30882,27928,29017,29086,29967,31171,31292,30699,30945,30508,29744,32685,30668,34010,31317,33246,32891,31767,33253,29754,31339,30359,30060,32299,30828,31557,30822,32963,33037,30940,30071,30394,32370,31657,31849,29609,31224,31460,31399,32671,30698,31720,31558,31031,31422,31928,30272,32727,32054
STAT,refine,Conflicts,238,6499,92,92,82,82,70,76,73,76,63,65,64,65,67,66,70,52,46,49,50,51,46,50,61,57,55,55,54,52,58,56,37,44,40,44,28,38,38,52,42,39,29,36,28,44,46,37,48,45,43,35,39,38,30,45,36,41,38,36,32,38,32,20,16,14,13,17,21,25,17,19,11,24,18,19,19,15,27,18,15,15,17,21,22,18,21,21,17,28,21,20,26,17,22,25,27,13,22,20,16,21,20,13,22,20,21,24,19,11,18,24,9,20,17,14,25,18,20,19,26,19,23,18,20,20,31,22,18,16,17,28,23,18,14,20,18,17,20,22,16,12,22,16,19,17,20,18,21,12,20,19,16,20,17,34,14,32,16,17,26,24,18,19,17,19,16,20,23,14,20,17,21,20,18,16,21,21,21,22,24,23,29,19,17,16,17,35,23,16,16,12,14,23,18,24,15,27,24,16,17,13,22,17,22,20,13,21,16,22,21,18,14,13,24,17,20,19,18,21,16,11,15,15,15,15,19,22,17,19,13,24,14,25,16,24,25,16,23,13
STAT,refine,Iterations,238,429501,1973,1563,1769,2269,1862,1324,1786,1265,2042,1396,1027,1384,1733,1979,1529,2673,1238,1484,1889,2139,2004,1504,1928,1268,2295,1292,1718,1912,1216,1947,1335,1730,1351,1741,1106,1531,1452,1958,950,1718,1386,1914,1639,1694,1868,1349,1707,1395,2275,1234,1867,1218,1492,1819,2002,2554,2202,1748,1549,1478,1213,1756,1712,1427,1518,1998,1619,1996,1358,2159,1386,1843,1418,2213,2031,2062,2196,1675,2057,1637,1905,2011,1891,1419,1757,2216,1913,2637,1856,1836,2085,1650,1766,1554,2064,1235,1581,1621,2188,1939,1771,1466,2323,1822,2263,2281,1257,1665,1576,2159,1550,2234,1440,1409,2239,1623,1787,2479,2279,2025,2031,1313,1835,1679,2356,1972,1893,1423,1554,1633,1809,2021,1932,1664,1711,1942,1654,2374,1667,1892,1574,2055,1855,1650,2354,1644,2140,1491,1859,1530,1774,2199,1577,2502,1589,2376,2029,1952,1889,2457,1456,2244,1192,2519,1698,1956,1864,1226,2251,1812,1450,1349,2247,1534,1663,1952,1746,1566,2568,2203,2276,1794,2133,1735,1767,2277,2027,2087,1546,1886,1476,2182,1945,2085,1664,1743,2001,1650,2343,1557,2695,2039,2049,2536,1857,2466,2079,2127,1407,1982,1812,1169,1819,1679,1611,1185,2245,1382,1557,1356,1920,1068,1674,1375,1754,1803,2242,2097,1465,1924,1554,2083,1574,2062,2239,1760,1852,1766
