Hello from MIC
Galois Benchmark Suite v2.2.0 (r0)
Copyright (C) 2013 The University of Texas at Austin
http://iss.ices.utexas.edu/galois/

application: GMetis
Partitions a graph into K parts and minimizing the graph cut
http://iss.ices.utexas.edu/?p=projects/galois/benchmarks/gMetis

INFO: CommandLine /work/02556/dpereira/MIC/apps/gmetis/gmetis -t=171 /work/02556/dpereira/Inputs/USA-road-d.W.gr 16
INFO: Hostname c558-002-mic0.stampede.tacc.utexas.edu
Created Graph with 6262104 nodes and 15248146 edges
Nodes 6262104| Edges 15248146 7624073

  Starting coarsening: 
Time coarsen:  3563 Size of final graph: 439

  Sarting initial partitioning using GGGP:
Size in decade percentages:  -1,1 -0,15
Time clustering:  372

  Sarting refinnement with BKL2
Initial dist
Size in decade percentages:  -1,1 -0,15
Refined dist
Size in decade percentages:  -1,4 0,7 1,5
Time refinement:  2241


Time:  6355
Total edge cut : 1838

Part saved in : 0x7fffaf648260
STATTYPE,LOOP,CATEGORY,n,sum,T0,T1,T2,T3,T4,T5,T6,T7,T8,T9,T10,T11,T12,T13,T14,T15,T16,T17,T18,T19,T20,T21,T22,T23,T24,T25,T26,T27,T28,T29,T30,T31,T32,T33,T34,T35,T36,T37,T38,T39,T40,T41,T42,T43,T44,T45,T46,T47,T48,T49,T50,T51,T52,T53,T54,T55,T56,T57,T58,T59,T60,T61,T62,T63,T64,T65,T66,T67,T68,T69,T70,T71,T72,T73,T74,T75,T76,T77,T78,T79,T80,T81,T82,T83,T84,T85,T86,T87,T88,T89,T90,T91,T92,T93,T94,T95,T96,T97,T98,T99,T100,T101,T102,T103,T104,T105,T106,T107,T108,T109,T110,T111,T112,T113,T114,T115,T116,T117,T118,T119,T120,T121,T122,T123,T124,T125,T126,T127,T128,T129,T130,T131,T132,T133,T134,T135,T136,T137,T138,T139,T140,T141,T142,T143,T144,T145,T146,T147,T148,T149,T150,T151,T152,T153,T154,T155,T156,T157,T158,T159,T160,T161,T162,T163,T164,T165,T166,T167,T168,T169,T170
STAT,(NULL),Coarsen,171,3563,3563,0,0,0,0,0,0,0,0,0,0,0,0,0,0,0,0,0,0,0,0,0,0,0,0,0,0,0,0,0,0,0,0,0,0,0,0,0,0,0,0,0,0,0,0,0,0,0,0,0,0,0,0,0,0,0,0,0,0,0,0,0,0,0,0,0,0,0,0,0,0,0,0,0,0,0,0,0,0,0,0,0,0,0,0,0,0,0,0,0,0,0,0,0,0,0,0,0,0,0,0,0,0,0,0,0,0,0,0,0,0,0,0,0,0,0,0,0,0,0,0,0,0,0,0,0,0,0,0,0,0,0,0,0,0,0,0,0,0,0,0,0,0,0,0,0,0,0,0,0,0,0,0,0,0,0,0,0,0,0,0,0,0,0,0,0,0,0,0,0,0
STAT,(NULL),Conflicts,171,0,0,0,0,0,0,0,0,0,0,0,0,0,0,0,0,0,0,0,0,0,0,0,0,0,0,0,0,0,0,0,0,0,0,0,0,0,0,0,0,0,0,0,0,0,0,0,0,0,0,0,0,0,0,0,0,0,0,0,0,0,0,0,0,0,0,0,0,0,0,0,0,0,0,0,0,0,0,0,0,0,0,0,0,0,0,0,0,0,0,0,0,0,0,0,0,0,0,0,0,0,0,0,0,0,0,0,0,0,0,0,0,0,0,0,0,0,0,0,0,0,0,0,0,0,0,0,0,0,0,0,0,0,0,0,0,0,0,0,0,0,0,0,0,0,0,0,0,0,0,0,0,0,0,0,0,0,0,0,0,0,0,0,0,0,0,0,0,0,0,0,0
STAT,(NULL),Iterations,171,31,5,0,0,0,0,0,0,0,0,0,0,0,0,0,0,0,0,0,0,0,0,0,0,0,0,0,0,0,2,0,0,3,0,0,1,0,0,0,0,0,0,0,0,0,0,0,0,0,0,0,0,3,0,0,0,0,0,0,0,0,0,0,0,0,0,0,0,0,0,0,0,0,0,0,0,1,0,0,0,0,0,0,0,0,0,0,0,0,0,0,0,0,0,0,0,0,1,0,0,0,0,2,1,1,0,0,0,0,0,0,0,0,0,0,0,0,0,0,0,0,0,0,4,0,0,0,0,0,0,0,0,2,0,0,0,1,0,0,0,0,1,0,0,0,0,1,0,0,0,0,0,0,0,0,0,0,0,0,0,0,0,0,2,0,0,0,0,0,0,0,0
STAT,(NULL),MeminfoPost,171,756930,4431,4421,4439,4437,4434,4419,4426,4423,4429,4448,4466,4467,4422,4422,4422,4415,4438,4432,4453,4425,4431,4417,4422,4416,4438,4445,4412,4411,4425,4430,4423,4447,4435,4428,4433,4411,4430,4432,4436,4493,4451,4411,4424,4417,4432,4426,4446,4433,4433,4431,4411,4420,4426,4440,4425,4416,4419,4420,4442,4425,4425,4464,4423,4424,4437,4432,4418,4432,4416,4419,4417,4431,4401,4422,4434,4438,4424,4419,4419,4416,4407,4412,4426,4415,4454,4450,4424,4412,4417,4440,4422,4407,4400,4422,4429,4434,4438,4441,4421,4422,4412,4429,4417,4422,4405,4409,4415,4408,4436,4412,4406,4442,4461,4448,4447,4415,4415,4439,4410,4402,4418,4428,4437,4440,4422,4415,4426,4418,4420,4411,4405,4412,4430,4408,4433,4457,4456,4451,4423,4414,4417,4410,4425,4449,4460,4436,4454,4440,4408,4427,4422,4424,4420,4413,4404,4418,4415,4440,4406,4403,4417,4401,4408,4440,4410,4423,4428,4426,4429,4417,4430
STAT,(NULL),MeminfoPre,171,189210,1111,1101,1119,1117,1114,1099,1106,1103,1109,1128,1146,1147,1102,1102,1102,1095,1118,1112,1133,1105,1111,1097,1102,1096,1118,1125,1092,1091,1105,1110,1103,1127,1115,1108,1113,1091,1110,1112,1116,1173,1131,1091,1104,1097,1112,1106,1126,1113,1113,1111,1091,1100,1106,1120,1105,1096,1099,1100,1122,1105,1105,1144,1103,1104,1117,1112,1098,1112,1096,1099,1097,1111,1081,1102,1114,1118,1104,1099,1099,1096,1087,1092,1106,1095,1134,1130,1104,1092,1097,1120,1102,1087,1080,1102,1109,1114,1118,1121,1101,1102,1092,1109,1097,1102,1085,1089,1095,1088,1116,1092,1086,1122,1141,1128,1127,1095,1095,1119,1090,1082,1098,1108,1117,1120,1102,1095,1106,1098,1100,1091,1085,1092,1110,1088,1113,1137,1136,1131,1103,1094,1097,1090,1105,1129,1140,1116,1134,1120,1088,1107,1102,1104,1100,1093,1084,1098,1095,1120,1086,1083,1097,1081,1088,1120,1090,1103,1108,1106,1109,1097,1110
STAT,(NULL),Partition,171,372,372,0,0,0,0,0,0,0,0,0,0,0,0,0,0,0,0,0,0,0,0,0,0,0,0,0,0,0,0,0,0,0,0,0,0,0,0,0,0,0,0,0,0,0,0,0,0,0,0,0,0,0,0,0,0,0,0,0,0,0,0,0,0,0,0,0,0,0,0,0,0,0,0,0,0,0,0,0,0,0,0,0,0,0,0,0,0,0,0,0,0,0,0,0,0,0,0,0,0,0,0,0,0,0,0,0,0,0,0,0,0,0,0,0,0,0,0,0,0,0,0,0,0,0,0,0,0,0,0,0,0,0,0,0,0,0,0,0,0,0,0,0,0,0,0,0,0,0,0,0,0,0,0,0,0,0,0,0,0,0,0,0,0,0,0,0,0,0,0,0,0
STAT,(NULL),Refine,171,2241,2241,0,0,0,0,0,0,0,0,0,0,0,0,0,0,0,0,0,0,0,0,0,0,0,0,0,0,0,0,0,0,0,0,0,0,0,0,0,0,0,0,0,0,0,0,0,0,0,0,0,0,0,0,0,0,0,0,0,0,0,0,0,0,0,0,0,0,0,0,0,0,0,0,0,0,0,0,0,0,0,0,0,0,0,0,0,0,0,0,0,0,0,0,0,0,0,0,0,0,0,0,0,0,0,0,0,0,0,0,0,0,0,0,0,0,0,0,0,0,0,0,0,0,0,0,0,0,0,0,0,0,0,0,0,0,0,0,0,0,0,0,0,0,0,0,0,0,0,0,0,0,0,0,0,0,0,0,0,0,0,0,0,0,0,0,0,0,0,0,0,0
STAT,(NULL),Threads,171,171,171,0,0,0,0,0,0,0,0,0,0,0,0,0,0,0,0,0,0,0,0,0,0,0,0,0,0,0,0,0,0,0,0,0,0,0,0,0,0,0,0,0,0,0,0,0,0,0,0,0,0,0,0,0,0,0,0,0,0,0,0,0,0,0,0,0,0,0,0,0,0,0,0,0,0,0,0,0,0,0,0,0,0,0,0,0,0,0,0,0,0,0,0,0,0,0,0,0,0,0,0,0,0,0,0,0,0,0,0,0,0,0,0,0,0,0,0,0,0,0,0,0,0,0,0,0,0,0,0,0,0,0,0,0,0,0,0,0,0,0,0,0,0,0,0,0,0,0,0,0,0,0,0,0,0,0,0,0,0,0,0,0,0,0,0,0,0,0,0,0,0
STAT,(NULL),Time,171,6355,6355,0,0,0,0,0,0,0,0,0,0,0,0,0,0,0,0,0,0,0,0,0,0,0,0,0,0,0,0,0,0,0,0,0,0,0,0,0,0,0,0,0,0,0,0,0,0,0,0,0,0,0,0,0,0,0,0,0,0,0,0,0,0,0,0,0,0,0,0,0,0,0,0,0,0,0,0,0,0,0,0,0,0,0,0,0,0,0,0,0,0,0,0,0,0,0,0,0,0,0,0,0,0,0,0,0,0,0,0,0,0,0,0,0,0,0,0,0,0,0,0,0,0,0,0,0,0,0,0,0,0,0,0,0,0,0,0,0,0,0,0,0,0,0,0,0,0,0,0,0,0,0,0,0,0,0,0,0,0,0,0,0,0,0,0,0,0,0,0,0,0
STAT,match,Conflicts,171,5930,52,52,49,56,54,59,54,57,45,47,50,47,51,44,62,38,43,54,51,47,42,50,56,42,45,38,45,44,43,45,31,33,41,42,49,41,41,39,39,38,45,38,40,31,37,34,42,44,41,28,37,30,43,37,53,29,47,36,37,44,41,24,32,28,30,28,31,28,27,28,28,24,32,25,23,32,31,26,38,25,25,23,29,35,27,26,32,37,28,26,28,32,31,29,40,31,29,30,27,28,37,31,30,30,33,29,24,33,24,27,31,26,25,27,33,33,34,26,28,34,35,33,31,34,28,30,28,31,31,30,35,31,27,28,33,21,26,31,30,36,27,25,26,31,38,33,30,33,37,26,27,27,26,26,30,35,33,35,26,28,25,31,34,27,33,23,28,28,28,41,26
STAT,match,Iterations,171,15025698,58025,78435,66419,72116,79293,74344,62341,58929,92663,73124,67840,66573,75539,75022,71398,75881,67351,71421,58708,79558,78838,75611,79871,72319,68542,75080,64408,94711,79217,76513,79772,83454,69861,59741,56534,70495,60534,72997,72548,79680,74077,69021,71583,102292,80926,84269,67808,81208,71263,87282,99170,97829,88924,66404,81153,124644,72999,101139,114933,100579,77790,81750,84226,104178,87696,87712,97275,100221,110285,76901,96382,96297,87921,104346,95785,85166,91085,99945,83072,91241,97974,96426,97822,108141,77751,95282,94275,83471,98648,86368,88457,95688,109519,86273,74887,101178,110203,70355,100981,91315,81046,80638,87850,110026,75465,90733,108091,77195,94755,78020,89582,89639,99844,113435,115899,118719,108158,132557,98401,110577,114115,95522,88734,84088,79133,95261,95842,106292,101656,96109,93384,95022,85628,120297,88131,87791,79212,101726,91890,92352,110425,92374,77618,76313,94207,80248,81018,93669,92266,89096,104526,91361,87039,83270,85870,104417,107284,92161,100393,85583,100244,73151,106178,88939,86815,114181,83163,84054,110976,68789,89758
STAT,popedge,Conflicts,171,0,0,0,0,0,0,0,0,0,0,0,0,0,0,0,0,0,0,0,0,0,0,0,0,0,0,0,0,0,0,0,0,0,0,0,0,0,0,0,0,0,0,0,0,0,0,0,0,0,0,0,0,0,0,0,0,0,0,0,0,0,0,0,0,0,0,0,0,0,0,0,0,0,0,0,0,0,0,0,0,0,0,0,0,0,0,0,0,0,0,0,0,0,0,0,0,0,0,0,0,0,0,0,0,0,0,0,0,0,0,0,0,0,0,0,0,0,0,0,0,0,0,0,0,0,0,0,0,0,0,0,0,0,0,0,0,0,0,0,0,0,0,0,0,0,0,0,0,0,0,0,0,0,0,0,0,0,0,0,0,0,0,0,0,0,0,0,0,0,0,0,0
STAT,popedge,Iterations,171,7362297,39738,39226,39820,39993,40008,41349,42171,42422,37612,41826,39841,41699,41430,41034,41506,40545,43129,41598,41890,41192,40142,43305,44077,42757,39789,44100,42971,44102,43926,43437,42802,42832,42490,44489,44391,43518,43975,43323,42395,40474,43852,42774,42504,41361,41283,42374,41959,40347,43269,46572,48632,46828,48426,50815,49293,48765,48890,48542,48521,47860,43057,41423,40806,38498,37886,39981,39098,39405,38760,41115,41380,40109,40709,41935,41876,40989,39644,40596,41427,40813,40653,42461,42851,42301,42485,40355,43438,44891,44521,44595,46428,41185,43238,43173,42170,43233,41988,41461,43149,42262,40038,40986,44918,43222,43541,44235,42415,41090,43018,43984,47104,48843,48671,51365,46408,50862,52603,53782,46788,55484,48295,47667,41094,39300,40620,39645,40127,40606,42485,38935,41297,41553,42067,43033,40608,38984,40396,39259,41663,41615,43415,40436,41515,44377,43013,44820,40928,44726,42254,45665,44031,45673,43752,42868,43402,44313,41369,44906,42743,43774,40473,45357,40860,44216,45273,43486,43663,45776,43134,42745,44192
STAT,refine,Conflicts,171,5720,119,138,120,126,103,111,103,100,86,85,87,104,87,87,97,69,61,62,58,61,56,72,72,66,48,58,79,49,55,69,50,23,31,26,40,35,38,36,43,27,41,30,44,44,51,46,47,46,33,26,32,38,52,37,34,23,28,35,36,45,34,32,22,22,19,21,17,16,20,21,18,17,22,23,25,30,16,22,22,12,15,18,19,20,18,17,20,21,12,23,16,11,18,12,13,18,21,28,20,26,17,20,17,21,21,22,21,20,20,13,20,23,29,45,34,17,16,26,24,20,35,26,16,24,20,14,14,13,16,16,21,14,13,23,12,14,20,17,19,21,22,13,13,22,25,12,8,9,14,12,18,20,21,12,17,13,19,22,19,14,16,11,19,12,20,15,19,16,15,15,21
STAT,refine,Iterations,171,39407,392,440,451,384,405,367,317,329,289,293,316,276,346,335,444,298,228,330,214,239,214,307,257,236,215,235,202,306,260,211,180,193,145,191,175,228,166,178,232,197,210,175,204,244,262,264,190,281,227,213,218,216,359,179,225,202,313,235,230,297,178,225,178,273,254,251,222,183,190,172,170,189,170,307,303,329,190,217,212,179,135,133,182,282,133,232,211,149,175,131,121,88,188,157,189,257,338,203,199,266,172,184,277,175,171,223,213,169,297,203,297,225,341,383,312,285,237,304,228,222,374,290,252,211,291,212,207,251,161,179,161,135,203,332,176,215,260,172,202,234,171,125,223,198,226,147,122,175,167,163,148,139,131,151,194,215,203,274,141,114,252,242,163,186,207,183,312,232,151,270,420
