Hello from MIC
Galois Benchmark Suite v2.2.0 (r0)
Copyright (C) 2013 The University of Texas at Austin
http://iss.ices.utexas.edu/galois/

application: GMetis
Partitions a graph into K parts and minimizing the graph cut
http://iss.ices.utexas.edu/?p=projects/galois/benchmarks/gMetis

INFO: CommandLine /work/02556/dpereira/MIC/apps/gmetis/gmetis -t=86 /work/02556/dpereira/Inputs/USA-road-d.W.gr 1024
INFO: Hostname c558-304-mic0.stampede.tacc.utexas.edu
Created Graph with 6262104 nodes and 15248146 edges
Nodes 6262104| Edges 15248146 7624073

  Starting coarsening: 
Time coarsen:  2207 Size of final graph: 21582

  Sarting initial partitioning using GGGP:
Size in decade percentages:  -1,87 -0,860 1,77
Time clustering:  886

  Sarting refinnement with BKL2
Initial dist
Size in decade percentages:  -1,87 -0,860 1,77
Refined dist
Size in decade percentages:  -1,365 0,285 1,373 4,1
Time refinement:  1057


Time:  4328
Total edge cut : 31906

Part saved in : 0x7fff97a94260
STATTYPE,LOOP,CATEGORY,n,sum,T0,T1,T2,T3,T4,T5,T6,T7,T8,T9,T10,T11,T12,T13,T14,T15,T16,T17,T18,T19,T20,T21,T22,T23,T24,T25,T26,T27,T28,T29,T30,T31,T32,T33,T34,T35,T36,T37,T38,T39,T40,T41,T42,T43,T44,T45,T46,T47,T48,T49,T50,T51,T52,T53,T54,T55,T56,T57,T58,T59,T60,T61,T62,T63,T64,T65,T66,T67,T68,T69,T70,T71,T72,T73,T74,T75,T76,T77,T78,T79,T80,T81,T82,T83,T84,T85
STAT,(NULL),Coarsen,86,2207,2207,0,0,0,0,0,0,0,0,0,0,0,0,0,0,0,0,0,0,0,0,0,0,0,0,0,0,0,0,0,0,0,0,0,0,0,0,0,0,0,0,0,0,0,0,0,0,0,0,0,0,0,0,0,0,0,0,0,0,0,0,0,0,0,0,0,0,0,0,0,0,0,0,0,0,0,0,0,0,0,0,0,0,0,0,0
STAT,(NULL),Conflicts,86,0,0,0,0,0,0,0,0,0,0,0,0,0,0,0,0,0,0,0,0,0,0,0,0,0,0,0,0,0,0,0,0,0,0,0,0,0,0,0,0,0,0,0,0,0,0,0,0,0,0,0,0,0,0,0,0,0,0,0,0,0,0,0,0,0,0,0,0,0,0,0,0,0,0,0,0,0,0,0,0,0,0,0,0,0,0,0
STAT,(NULL),Iterations,86,2047,11,10,22,18,13,19,22,22,19,9,11,25,16,19,18,27,28,25,27,23,33,33,35,20,29,21,21,29,35,35,22,28,24,35,17,35,22,31,21,21,27,35,38,22,20,24,21,27,21,40,17,33,32,27,18,30,22,34,18,30,22,15,16,17,11,23,39,24,18,21,22,9,23,26,25,29,21,18,22,33,27,25,26,32,17,19
STAT,(NULL),MeminfoPost,86,756563,8795,8821,8796,8793,8820,8876,8793,8784,8816,8817,8795,8783,8818,8775,8797,8809,8808,8795,8797,8871,8819,8785,8797,8827,8809,8778,8800,8799,8782,8803,8816,8810,8815,8799,8781,8794,8761,8811,8790,8786,8768,8777,8834,8796,8777,8801,8755,8803,8819,8802,8790,8776,8774,8768,8785,8773,8852,8827,8773,8790,8772,8813,8803,8782,8780,8766,8781,8794,8856,8811,8772,8785,8858,8836,8789,8791,8790,8759,8778,8788,8766,8754,8793,8794,8800,8791
STAT,(NULL),MeminfoPre,86,189135,2197,2223,2198,2195,2222,2278,2195,2186,2218,2219,2197,2185,2220,2177,2199,2211,2210,2197,2199,2273,2221,2187,2199,2229,2211,2180,2202,2201,2184,2205,2218,2212,2217,2201,2183,2196,2163,2213,2192,2188,2170,2179,2236,2198,2179,2203,2157,2205,2221,2204,2192,2178,2176,2170,2187,2175,2254,2229,2175,2192,2174,2215,2205,2184,2182,2168,2183,2196,2258,2213,2174,2187,2260,2238,2191,2193,2192,2161,2180,2190,2168,2156,2195,2196,2202,2193
STAT,(NULL),Partition,86,886,886,0,0,0,0,0,0,0,0,0,0,0,0,0,0,0,0,0,0,0,0,0,0,0,0,0,0,0,0,0,0,0,0,0,0,0,0,0,0,0,0,0,0,0,0,0,0,0,0,0,0,0,0,0,0,0,0,0,0,0,0,0,0,0,0,0,0,0,0,0,0,0,0,0,0,0,0,0,0,0,0,0,0,0,0,0
STAT,(NULL),Refine,86,1057,1057,0,0,0,0,0,0,0,0,0,0,0,0,0,0,0,0,0,0,0,0,0,0,0,0,0,0,0,0,0,0,0,0,0,0,0,0,0,0,0,0,0,0,0,0,0,0,0,0,0,0,0,0,0,0,0,0,0,0,0,0,0,0,0,0,0,0,0,0,0,0,0,0,0,0,0,0,0,0,0,0,0,0,0,0,0
STAT,(NULL),Threads,86,86,86,0,0,0,0,0,0,0,0,0,0,0,0,0,0,0,0,0,0,0,0,0,0,0,0,0,0,0,0,0,0,0,0,0,0,0,0,0,0,0,0,0,0,0,0,0,0,0,0,0,0,0,0,0,0,0,0,0,0,0,0,0,0,0,0,0,0,0,0,0,0,0,0,0,0,0,0,0,0,0,0,0,0,0,0,0
STAT,(NULL),Time,86,4328,4328,0,0,0,0,0,0,0,0,0,0,0,0,0,0,0,0,0,0,0,0,0,0,0,0,0,0,0,0,0,0,0,0,0,0,0,0,0,0,0,0,0,0,0,0,0,0,0,0,0,0,0,0,0,0,0,0,0,0,0,0,0,0,0,0,0,0,0,0,0,0,0,0,0,0,0,0,0,0,0,0,0,0,0,0,0
STAT,match,Conflicts,86,5030,107,96,92,82,83,94,85,77,67,75,73,87,101,77,70,63,74,89,77,85,79,56,83,78,85,53,59,44,52,37,41,39,42,49,45,44,39,42,33,42,41,49,34,43,51,47,40,51,49,40,45,32,45,48,56,38,42,72,52,49,57,41,45,46,61,63,43,45,47,48,44,58,68,70,44,42,59,56,66,55,72,50,41,53,64,72
STAT,match,Iterations,86,14958448,142327,141395,160977,162362,162152,153786,144883,158566,145860,160286,145356,142568,146132,166703,154721,161214,156772,149508,148009,155005,152289,170286,147282,145421,161033,182248,183365,179307,187369,168146,178286,196820,184228,191107,193784,191527,197744,165928,197179,189088,190066,186508,176853,182900,187480,199823,198872,168726,184902,174290,190730,189862,189705,189543,177495,199204,180594,170167,176629,183085,194280,182616,166942,185569,176428,162990,187766,185450,186175,168323,186996,158935,181123,170641,178323,176449,167778,187446,182814,171485,173087,177161,186611,166596,190221,187790
STAT,popedge,Conflicts,86,0,0,0,0,0,0,0,0,0,0,0,0,0,0,0,0,0,0,0,0,0,0,0,0,0,0,0,0,0,0,0,0,0,0,0,0,0,0,0,0,0,0,0,0,0,0,0,0,0,0,0,0,0,0,0,0,0,0,0,0,0,0,0,0,0,0,0,0,0,0,0,0,0,0,0,0,0,0,0,0,0,0,0,0,0,0,0
STAT,popedge,Iterations,86,7335550,82299,77282,79228,80396,79513,77161,82026,80360,76986,77004,79447,86930,86097,84830,84505,80654,84401,85219,83130,79825,82980,83661,81227,82082,82980,93273,92760,92993,90406,83066,87150,84260,84928,84928,88585,89162,89756,88984,88452,89455,89052,90775,84920,91708,97002,90739,96129,96308,92429,92355,90272,94738,92357,92507,92923,89670,90731,91539,86628,91878,93426,78322,75981,78711,80374,80368,76204,76941,77209,74673,79361,78756,83421,84313,88634,86601,85540,82090,83392,83021,87523,81719,84356,88580,80314,82679
STAT,refine,Conflicts,86,3484,87,77,76,62,58,61,62,56,53,68,57,55,65,49,52,43,48,44,47,63,62,59,40,50,49,37,43,47,44,45,51,44,49,38,42,37,28,40,29,35,36,31,42,37,24,35,23,37,44,25,28,21,33,24,30,25,50,50,31,39,31,29,24,37,29,30,36,33,31,38,28,21,29,27,25,24,28,25,29,29,35,21,28,34,34,32
STAT,refine,Iterations,86,430349,4643,3925,3829,4780,4639,6384,3982,4878,4462,5239,3911,5022,4575,3939,4478,4585,4281,4105,4800,5788,4616,5159,4416,4369,5059,4560,5423,5104,4586,4613,5979,6349,6808,5168,5617,5877,4579,6042,5302,4934,5363,5405,6263,5216,4980,5413,3778,5543,5389,5429,5141,4297,4761,4774,5297,5125,6670,6480,4067,5454,4833,5184,4169,4080,4919,4926,5451,4876,6073,5371,5031,4693,6334,5104,4398,5248,4576,4260,4226,5004,4650,4511,5231,5314,5178,5059
