Hello from MIC
Galois Benchmark Suite v2.2.0 (r0)
Copyright (C) 2013 The University of Texas at Austin
http://iss.ices.utexas.edu/galois/

application: GMetis
Partitions a graph into K parts and minimizing the graph cut
http://iss.ices.utexas.edu/?p=projects/galois/benchmarks/gMetis

INFO: CommandLine /work/02556/dpereira/MIC/apps/gmetis/gmetis -t=116 /work/02556/dpereira/Inputs/USA-road-d.W.gr 1024
INFO: Hostname c558-401-mic0.stampede.tacc.utexas.edu
Created Graph with 6262104 nodes and 15248146 edges
Nodes 6262104| Edges 15248146 7624073

  Starting coarsening: 
Time coarsen:  2025 Size of final graph: 40943

  Sarting initial partitioning using GGGP:
Size in decade percentages:  -1,1 -0,1023
Time clustering:  1549

  Sarting refinnement with BKL2
Initial dist
Size in decade percentages:  -1,1 -0,1023
Refined dist
Size in decade percentages:  -1,364 0,290 1,369 2,1
Time refinement:  1073


Time:  4828
Total edge cut : 35817

Part saved in : 0x7fff760070e0
STATTYPE,LOOP,CATEGORY,n,sum,T0,T1,T2,T3,T4,T5,T6,T7,T8,T9,T10,T11,T12,T13,T14,T15,T16,T17,T18,T19,T20,T21,T22,T23,T24,T25,T26,T27,T28,T29,T30,T31,T32,T33,T34,T35,T36,T37,T38,T39,T40,T41,T42,T43,T44,T45,T46,T47,T48,T49,T50,T51,T52,T53,T54,T55,T56,T57,T58,T59,T60,T61,T62,T63,T64,T65,T66,T67,T68,T69,T70,T71,T72,T73,T74,T75,T76,T77,T78,T79,T80,T81,T82,T83,T84,T85,T86,T87,T88,T89,T90,T91,T92,T93,T94,T95,T96,T97,T98,T99,T100,T101,T102,T103,T104,T105,T106,T107,T108,T109,T110,T111,T112,T113,T114,T115
STAT,(NULL),Coarsen,116,2025,2025,0,0,0,0,0,0,0,0,0,0,0,0,0,0,0,0,0,0,0,0,0,0,0,0,0,0,0,0,0,0,0,0,0,0,0,0,0,0,0,0,0,0,0,0,0,0,0,0,0,0,0,0,0,0,0,0,0,0,0,0,0,0,0,0,0,0,0,0,0,0,0,0,0,0,0,0,0,0,0,0,0,0,0,0,0,0,0,0,0,0,0,0,0,0,0,0,0,0,0,0,0,0,0,0,0,0,0,0,0,0,0,0,0,0,0
STAT,(NULL),Conflicts,116,0,0,0,0,0,0,0,0,0,0,0,0,0,0,0,0,0,0,0,0,0,0,0,0,0,0,0,0,0,0,0,0,0,0,0,0,0,0,0,0,0,0,0,0,0,0,0,0,0,0,0,0,0,0,0,0,0,0,0,0,0,0,0,0,0,0,0,0,0,0,0,0,0,0,0,0,0,0,0,0,0,0,0,0,0,0,0,0,0,0,0,0,0,0,0,0,0,0,0,0,0,0,0,0,0,0,0,0,0,0,0,0,0,0,0,0,0
STAT,(NULL),Iterations,116,2047,11,25,16,14,16,11,10,26,12,20,17,28,20,14,12,19,20,12,21,22,13,11,12,12,14,27,20,42,17,14,15,18,20,18,7,26,9,12,16,18,18,9,18,12,11,12,14,15,5,22,10,14,12,10,28,17,12,23,28,27,21,23,17,21,17,7,27,9,15,23,20,20,29,25,24,13,13,22,21,28,29,17,18,24,11,24,28,21,9,23,20,13,14,22,17,19,22,20,17,16,16,22,17,19,18,8,18,25,18,6,21,10,12,18,17,19
STAT,(NULL),MeminfoPost,116,756457,6524,6529,6538,6514,6523,6520,6539,6595,6522,6515,6518,6532,6537,6533,6512,6510,6529,6525,6507,6521,6521,6537,6531,6523,6521,6528,6585,6549,6507,6505,6532,6539,6537,6527,6505,6516,6541,6502,6513,6531,6514,6562,6517,6533,6520,6527,6510,6504,6520,6496,6528,6530,6516,6507,6495,6514,6503,6560,6530,6503,6527,6508,6489,6512,6534,6534,6526,6509,6519,6508,6508,6493,6505,6515,6498,6528,6568,6549,6504,6530,6494,6500,6530,6535,6518,6514,6504,6502,6500,6514,6493,6554,6561,6540,6507,6503,6512,6560,6547,6559,6508,6531,6503,6517,6492,6498,6524,6503,6482,6503,6523,6500,6516,6523,6523,6518
STAT,(NULL),MeminfoPre,116,189101,1633,1638,1647,1623,1632,1629,1648,1704,1631,1624,1627,1641,1646,1642,1621,1619,1638,1634,1616,1630,1630,1646,1640,1632,1630,1637,1694,1658,1616,1614,1641,1648,1646,1636,1614,1625,1650,1611,1622,1640,1623,1671,1626,1642,1629,1636,1619,1613,1629,1605,1637,1639,1625,1616,1604,1623,1612,1669,1639,1612,1636,1617,1598,1621,1643,1643,1635,1618,1628,1617,1617,1602,1614,1624,1607,1637,1677,1658,1613,1639,1603,1609,1639,1644,1627,1623,1613,1611,1609,1623,1602,1663,1670,1649,1616,1612,1621,1669,1656,1668,1617,1640,1612,1626,1601,1607,1633,1612,1591,1612,1632,1609,1625,1632,1632,1627
STAT,(NULL),Partition,116,1549,1549,0,0,0,0,0,0,0,0,0,0,0,0,0,0,0,0,0,0,0,0,0,0,0,0,0,0,0,0,0,0,0,0,0,0,0,0,0,0,0,0,0,0,0,0,0,0,0,0,0,0,0,0,0,0,0,0,0,0,0,0,0,0,0,0,0,0,0,0,0,0,0,0,0,0,0,0,0,0,0,0,0,0,0,0,0,0,0,0,0,0,0,0,0,0,0,0,0,0,0,0,0,0,0,0,0,0,0,0,0,0,0,0,0,0,0
STAT,(NULL),Refine,116,1073,1073,0,0,0,0,0,0,0,0,0,0,0,0,0,0,0,0,0,0,0,0,0,0,0,0,0,0,0,0,0,0,0,0,0,0,0,0,0,0,0,0,0,0,0,0,0,0,0,0,0,0,0,0,0,0,0,0,0,0,0,0,0,0,0,0,0,0,0,0,0,0,0,0,0,0,0,0,0,0,0,0,0,0,0,0,0,0,0,0,0,0,0,0,0,0,0,0,0,0,0,0,0,0,0,0,0,0,0,0,0,0,0,0,0,0,0
STAT,(NULL),Threads,116,116,116,0,0,0,0,0,0,0,0,0,0,0,0,0,0,0,0,0,0,0,0,0,0,0,0,0,0,0,0,0,0,0,0,0,0,0,0,0,0,0,0,0,0,0,0,0,0,0,0,0,0,0,0,0,0,0,0,0,0,0,0,0,0,0,0,0,0,0,0,0,0,0,0,0,0,0,0,0,0,0,0,0,0,0,0,0,0,0,0,0,0,0,0,0,0,0,0,0,0,0,0,0,0,0,0,0,0,0,0,0,0,0,0,0,0,0
STAT,(NULL),Time,116,4828,4828,0,0,0,0,0,0,0,0,0,0,0,0,0,0,0,0,0,0,0,0,0,0,0,0,0,0,0,0,0,0,0,0,0,0,0,0,0,0,0,0,0,0,0,0,0,0,0,0,0,0,0,0,0,0,0,0,0,0,0,0,0,0,0,0,0,0,0,0,0,0,0,0,0,0,0,0,0,0,0,0,0,0,0,0,0,0,0,0,0,0,0,0,0,0,0,0,0,0,0,0,0,0,0,0,0,0,0,0,0,0,0,0,0,0,0
STAT,match,Conflicts,116,5448,78,63,69,60,76,64,75,89,77,62,64,54,66,64,62,60,68,55,50,50,57,49,61,57,53,70,63,53,55,54,58,47,46,51,33,55,47,57,46,50,54,43,41,50,61,47,51,50,56,60,42,47,35,58,49,37,31,39,37,41,38,38,33,45,27,45,25,37,56,52,42,27,39,37,36,32,38,45,31,31,38,45,33,43,34,39,51,31,31,37,40,39,40,30,37,34,47,41,43,47,35,37,29,35,37,50,37,36,41,37,45,28,49,29,56,36
STAT,match,Iterations,116,14883692,117001,105113,102812,118897,90065,104680,98847,107513,128876,124755,110261,125112,117913,116128,103654,116594,118724,117838,122712,129189,124006,103878,119532,121818,135928,119619,108079,123122,124649,118279,115923,131029,123647,100858,148450,92232,109195,118837,115067,116384,123062,100944,116435,131937,105532,140852,124403,111928,115756,107898,126867,128693,141268,117806,116615,135642,151667,135834,141159,138388,158375,150247,145224,141729,152912,135248,154252,134039,120752,121379,131558,155451,128518,158301,137289,140973,133736,144286,147492,154792,136178,127352,124506,129779,141722,137597,135021,131384,130736,136380,148586,133452,127960,139846,136071,134130,135494,125395,132763,125531,130293,137094,140494,140782,143034,133032,150810,133736,137785,150387,126913,142662,123256,142165,128447,146464
STAT,popedge,Conflicts,116,0,0,0,0,0,0,0,0,0,0,0,0,0,0,0,0,0,0,0,0,0,0,0,0,0,0,0,0,0,0,0,0,0,0,0,0,0,0,0,0,0,0,0,0,0,0,0,0,0,0,0,0,0,0,0,0,0,0,0,0,0,0,0,0,0,0,0,0,0,0,0,0,0,0,0,0,0,0,0,0,0,0,0,0,0,0,0,0,0,0,0,0,0,0,0,0,0,0,0,0,0,0,0,0,0,0,0,0,0,0,0,0,0,0,0,0,0
STAT,popedge,Iterations,116,7291460,66398,63346,63803,61556,66716,63727,62148,64413,61867,63770,62790,61161,59900,63669,65844,62718,61860,62414,63410,55595,62476,62898,61004,62294,58425,63354,61212,61152,62559,62717,63405,58843,59686,63196,60607,65309,65357,65325,62708,61746,60899,59291,60507,59629,62754,58527,63960,65735,64548,63967,60497,61575,62042,65073,64290,68134,72044,68879,71817,70919,72805,63312,62072,64281,60073,61967,62421,59812,61835,63139,64438,61239,62864,59679,62884,62798,61421,59501,61383,64705,58756,63167,64658,61265,60936,59595,62230,59922,59605,61794,61406,59253,60103,59971,59936,60057,59523,65665,66581,66003,64194,61835,64765,60747,61778,64765,61696,64298,68611,61597,67688,62447,65901,64390,65054,62174
STAT,refine,Conflicts,116,3744,75,68,65,63,58,59,57,53,55,49,49,50,51,48,46,47,42,49,42,41,43,52,48,39,45,45,37,50,47,41,28,40,31,25,32,37,38,33,40,26,34,35,29,42,40,35,19,28,28,35,27,34,30,27,23,35,28,36,39,42,27,27,23,23,26,21,25,23,28,23,21,14,16,21,21,27,21,25,28,20,23,16,27,23,23,23,30,19,19,21,29,16,21,26,19,24,33,24,21,24,16,18,26,20,22,17,25,20,18,19,25,23,23,20,20,21
STAT,refine,Iterations,116,464573,4361,3191,4055,3502,3819,3757,3946,5188,3506,4035,3547,4731,4819,3883,3734,3421,4327,3065,3492,3452,3669,3626,3843,3796,3838,3862,4297,4740,3593,3133,4179,4226,4437,2723,3590,3238,3458,3963,3519,3380,3598,3864,3311,3613,3289,4071,3369,3312,3311,3492,3374,3887,4414,3548,3877,4656,4940,6384,4874,4098,5537,4829,3500,4644,4803,4924,4424,3950,4984,3714,4105,4016,4703,4820,4156,5113,4399,4703,4118,5064,3946,3454,4381,4454,4403,3776,3450,3878,3783,3849,3911,4367,4485,4070,3638,3460,3671,4314,4481,3918,3199,4278,4234,3619,4018,3834,4000,3755,3158,4005,3851,3155,4375,4174,4213,4287
