Hello from MIC
Galois Benchmark Suite v2.2.0 (r0)
Copyright (C) 2013 The University of Texas at Austin
http://iss.ices.utexas.edu/galois/

application: GMetis
Partitions a graph into K parts and minimizing the graph cut
http://iss.ices.utexas.edu/?p=projects/galois/benchmarks/gMetis

INFO: CommandLine /work/02556/dpereira/MIC/apps/gmetis/gmetis -t=69 /work/02556/dpereira/Inputs/USA-road-d.W.gr 1024
INFO: Hostname c558-304-mic0.stampede.tacc.utexas.edu
Created Graph with 6262104 nodes and 15248146 edges
Nodes 6262104| Edges 15248146 7624073

  Starting coarsening: 
Time coarsen:  2121 Size of final graph: 40932

  Sarting initial partitioning using GGGP:
Size in decade percentages:  -0,1024
Time clustering:  1461

  Sarting refinnement with BKL2
Initial dist
Size in decade percentages:  -0,1024
Refined dist
Size in decade percentages:  -1,356 0,301 1,366 3,1
Time refinement:  879


Time:  4639
Total edge cut : 36165

Part saved in : 0x7fffbf651060
STATTYPE,LOOP,CATEGORY,n,sum,T0,T1,T2,T3,T4,T5,T6,T7,T8,T9,T10,T11,T12,T13,T14,T15,T16,T17,T18,T19,T20,T21,T22,T23,T24,T25,T26,T27,T28,T29,T30,T31,T32,T33,T34,T35,T36,T37,T38,T39,T40,T41,T42,T43,T44,T45,T46,T47,T48,T49,T50,T51,T52,T53,T54,T55,T56,T57,T58,T59,T60,T61,T62,T63,T64,T65,T66,T67,T68
STAT,(NULL),Coarsen,69,2121,2121,0,0,0,0,0,0,0,0,0,0,0,0,0,0,0,0,0,0,0,0,0,0,0,0,0,0,0,0,0,0,0,0,0,0,0,0,0,0,0,0,0,0,0,0,0,0,0,0,0,0,0,0,0,0,0,0,0,0,0,0,0,0,0,0,0,0,0,0
STAT,(NULL),Conflicts,69,0,0,0,0,0,0,0,0,0,0,0,0,0,0,0,0,0,0,0,0,0,0,0,0,0,0,0,0,0,0,0,0,0,0,0,0,0,0,0,0,0,0,0,0,0,0,0,0,0,0,0,0,0,0,0,0,0,0,0,0,0,0,0,0,0,0,0,0,0,0
STAT,(NULL),Iterations,69,2047,11,14,18,17,26,23,18,25,35,34,21,29,38,32,33,39,21,32,33,43,27,33,30,31,32,18,20,23,29,27,32,33,22,32,34,33,26,34,26,17,37,34,30,40,17,57,61,52,29,28,41,38,24,39,29,35,35,27,33,41,10,32,28,18,26,25,30,22,28
STAT,(NULL),MeminfoPost,69,756419,10967,10987,10952,10985,11052,10938,10966,10990,10957,10961,10964,10950,10976,10967,10966,11023,10994,10947,10991,10977,10948,10978,10939,10970,10997,10962,10966,10959,10952,10932,10978,10945,10928,10948,11007,10934,10960,10925,10977,10977,10953,10943,10915,10950,10936,11027,10966,10954,10931,10985,10945,10953,10924,10936,11003,11006,10931,10968,11015,10988,10952,10953,10916,10958,10921,10938,10935,10967,10958
STAT,(NULL),MeminfoPre,69,189101,2745,2765,2730,2763,2830,2716,2744,2768,2735,2739,2742,2728,2754,2745,2744,2801,2772,2725,2769,2755,2726,2756,2717,2748,2775,2740,2744,2737,2730,2710,2756,2723,2706,2726,2785,2712,2738,2703,2755,2755,2731,2721,2693,2728,2714,2805,2744,2732,2709,2763,2723,2731,2702,2714,2781,2784,2709,2746,2793,2766,2730,2731,2694,2736,2699,2716,2713,2745,2736
STAT,(NULL),Partition,69,1461,1461,0,0,0,0,0,0,0,0,0,0,0,0,0,0,0,0,0,0,0,0,0,0,0,0,0,0,0,0,0,0,0,0,0,0,0,0,0,0,0,0,0,0,0,0,0,0,0,0,0,0,0,0,0,0,0,0,0,0,0,0,0,0,0,0,0,0,0,0
STAT,(NULL),Refine,69,879,879,0,0,0,0,0,0,0,0,0,0,0,0,0,0,0,0,0,0,0,0,0,0,0,0,0,0,0,0,0,0,0,0,0,0,0,0,0,0,0,0,0,0,0,0,0,0,0,0,0,0,0,0,0,0,0,0,0,0,0,0,0,0,0,0,0,0,0,0
STAT,(NULL),Threads,69,69,69,0,0,0,0,0,0,0,0,0,0,0,0,0,0,0,0,0,0,0,0,0,0,0,0,0,0,0,0,0,0,0,0,0,0,0,0,0,0,0,0,0,0,0,0,0,0,0,0,0,0,0,0,0,0,0,0,0,0,0,0,0,0,0,0,0,0,0,0
STAT,(NULL),Time,69,4639,4639,0,0,0,0,0,0,0,0,0,0,0,0,0,0,0,0,0,0,0,0,0,0,0,0,0,0,0,0,0,0,0,0,0,0,0,0,0,0,0,0,0,0,0,0,0,0,0,0,0,0,0,0,0,0,0,0,0,0,0,0,0,0,0,0,0,0,0,0
STAT,match,Conflicts,69,4685,163,162,163,134,122,85,125,105,70,61,68,56,53,87,80,57,61,64,66,81,70,66,58,55,69,59,53,43,57,60,68,39,42,53,48,48,56,59,55,50,49,49,56,55,62,70,54,65,62,45,52,73,58,55,47,44,48,47,52,46,64,69,76,78,81,73,43,84,57
STAT,match,Iterations,69,14912280,172097,180696,179332,169775,179116,195649,179314,193075,216063,218887,224843,218779,219996,211032,215729,213406,223965,222706,208634,211142,233601,219660,225170,214091,198012,211875,216323,223527,224699,226168,218002,227321,246151,225202,215209,229860,228342,240080,210609,228928,235906,237965,233830,236942,221257,218459,232893,222384,223025,232520,222021,213956,224800,223325,206731,212856,201270,215437,238067,233605,229499,194020,214991,204769,212844,213195,225718,206644,206285
STAT,popedge,Conflicts,69,0,0,0,0,0,0,0,0,0,0,0,0,0,0,0,0,0,0,0,0,0,0,0,0,0,0,0,0,0,0,0,0,0,0,0,0,0,0,0,0,0,0,0,0,0,0,0,0,0,0,0,0,0,0,0,0,0,0,0,0,0,0,0,0,0,0,0,0,0,0
STAT,popedge,Iterations,69,7312427,99057,99828,99993,100875,95634,99929,97515,93972,109633,110804,111593,110969,107479,111182,110248,104012,103678,110218,104980,107397,108063,108814,108932,100251,99228,100902,99299,103432,106084,108018,104238,108421,109772,107061,108627,113534,111914,117446,111321,106432,110165,112494,111227,107704,112483,107310,104528,110619,111821,104630,108388,111206,109855,107605,103632,100819,99697,107950,117628,117010,117422,102305,97799,96345,100290,93052,100442,101010,96206
STAT,refine,Conflicts,69,3280,77,77,64,72,69,60,70,64,64,55,60,58,52,61,53,61,65,48,51,58,60,29,46,51,63,53,59,67,50,60,49,45,44,46,44,32,42,31,37,48,27,45,38,37,31,50,50,36,53,34,41,40,33,34,48,56,39,30,35,27,30,30,31,31,34,41,29,37,38
STAT,refine,Iterations,69,468825,4825,5302,5175,5323,6648,5910,5553,6062,6086,7107,6328,5686,7557,5767,7002,7256,8101,6951,7212,6627,7253,6934,6296,6603,7111,7606,7656,8065,7552,6983,8074,6966,7738,7552,9816,6408,7787,6869,7769,7522,7379,6230,6862,6499,6203,8777,7173,7042,6083,7328,6002,6360,6675,6538,8716,7645,5145,8314,8725,6732,6955,5688,4923,5049,6017,6548,5771,6115,6293
