Hello from MIC
Galois Benchmark Suite v2.2.0 (r0)
Copyright (C) 2013 The University of Texas at Austin
http://iss.ices.utexas.edu/galois/

application: GMetis
Partitions a graph into K parts and minimizing the graph cut
http://iss.ices.utexas.edu/?p=projects/galois/benchmarks/gMetis

INFO: CommandLine /work/02556/dpereira/MIC/apps/gmetis/gmetis -t=68 /work/02556/dpereira/Inputs/USA-road-d.W.gr 128
INFO: Hostname c557-903-mic0.stampede.tacc.utexas.edu
Created Graph with 6262104 nodes and 15248146 edges
Nodes 6262104| Edges 15248146 7624073

  Starting coarsening: 
Time coarsen:  2299 Size of final graph: 3046

  Sarting initial partitioning using GGGP:
Size in decade percentages:  -1,6 -0,116 1,6
Time clustering:  406

  Sarting refinnement with BKL2
Initial dist
Size in decade percentages:  -1,6 -0,116 1,6
Refined dist
Size in decade percentages:  -1,46 0,36 1,46
Time refinement:  777


Time:  3657
Total edge cut : 8300

Part saved in : 0x7fffd4e9b5e0
STATTYPE,LOOP,CATEGORY,n,sum,T0,T1,T2,T3,T4,T5,T6,T7,T8,T9,T10,T11,T12,T13,T14,T15,T16,T17,T18,T19,T20,T21,T22,T23,T24,T25,T26,T27,T28,T29,T30,T31,T32,T33,T34,T35,T36,T37,T38,T39,T40,T41,T42,T43,T44,T45,T46,T47,T48,T49,T50,T51,T52,T53,T54,T55,T56,T57,T58,T59,T60,T61,T62,T63,T64,T65,T66,T67
STAT,(NULL),Coarsen,68,2299,2299,0,0,0,0,0,0,0,0,0,0,0,0,0,0,0,0,0,0,0,0,0,0,0,0,0,0,0,0,0,0,0,0,0,0,0,0,0,0,0,0,0,0,0,0,0,0,0,0,0,0,0,0,0,0,0,0,0,0,0,0,0,0,0,0,0,0,0
STAT,(NULL),Conflicts,68,0,0,0,0,0,0,0,0,0,0,0,0,0,0,0,0,0,0,0,0,0,0,0,0,0,0,0,0,0,0,0,0,0,0,0,0,0,0,0,0,0,0,0,0,0,0,0,0,0,0,0,0,0,0,0,0,0,0,0,0,0,0,0,0,0,0,0,0,0
STAT,(NULL),Iterations,68,255,8,1,7,4,0,0,0,1,7,3,4,1,20,6,19,12,2,2,10,7,3,7,3,7,7,0,0,5,2,1,2,2,4,1,5,4,0,2,6,3,3,3,3,5,1,3,2,1,0,3,4,4,4,4,5,2,5,3,2,5,3,3,1,4,2,1,1,0
STAT,(NULL),MeminfoPost,68,756411,11130,11148,11110,11149,11206,11106,11128,11151,11111,11130,11115,11115,11148,11132,11115,11218,11120,11113,11154,11135,11100,11140,11105,11127,11165,11132,11124,11102,11100,11128,11118,11102,11095,11152,11117,11128,11071,11126,11155,11100,11114,11093,11079,11109,11169,11153,11121,11078,11139,11124,11105,11086,11106,11140,11181,11100,11114,11180,11163,11105,11115,11079,11120,11074,11101,11095,11127,11120
STAT,(NULL),MeminfoPre,68,189087,2787,2805,2767,2806,2863,2763,2785,2808,2768,2787,2772,2772,2805,2789,2772,2875,2777,2770,2811,2792,2757,2797,2762,2784,2822,2789,2781,2759,2757,2785,2775,2759,2752,2809,2774,2785,2728,2783,2812,2757,2771,2750,2736,2766,2826,2810,2778,2735,2796,2781,2762,2743,2763,2797,2838,2757,2771,2837,2820,2762,2772,2736,2777,2731,2758,2752,2784,2777
STAT,(NULL),Partition,68,406,406,0,0,0,0,0,0,0,0,0,0,0,0,0,0,0,0,0,0,0,0,0,0,0,0,0,0,0,0,0,0,0,0,0,0,0,0,0,0,0,0,0,0,0,0,0,0,0,0,0,0,0,0,0,0,0,0,0,0,0,0,0,0,0,0,0,0,0
STAT,(NULL),Refine,68,777,777,0,0,0,0,0,0,0,0,0,0,0,0,0,0,0,0,0,0,0,0,0,0,0,0,0,0,0,0,0,0,0,0,0,0,0,0,0,0,0,0,0,0,0,0,0,0,0,0,0,0,0,0,0,0,0,0,0,0,0,0,0,0,0,0,0,0,0
STAT,(NULL),Threads,68,68,68,0,0,0,0,0,0,0,0,0,0,0,0,0,0,0,0,0,0,0,0,0,0,0,0,0,0,0,0,0,0,0,0,0,0,0,0,0,0,0,0,0,0,0,0,0,0,0,0,0,0,0,0,0,0,0,0,0,0,0,0,0,0,0,0,0,0,0
STAT,(NULL),Time,68,3657,3657,0,0,0,0,0,0,0,0,0,0,0,0,0,0,0,0,0,0,0,0,0,0,0,0,0,0,0,0,0,0,0,0,0,0,0,0,0,0,0,0,0,0,0,0,0,0,0,0,0,0,0,0,0,0,0,0,0,0,0,0,0,0,0,0,0,0,0
STAT,match,Conflicts,68,5320,237,165,175,144,153,159,104,95,86,103,73,84,75,87,75,66,82,59,96,75,76,75,73,58,60,62,88,67,64,75,66,62,72,69,54,67,56,58,48,58,59,64,59,67,65,66,58,57,60,57,42,49,64,57,56,59,56,75,59,73,57,107,79,82,64,92,87,49
STAT,match,Iterations,68,14980401,183406,173471,194957,195003,183706,205400,181875,214683,227354,229037,229500,231796,220678,220239,234744,195995,231733,225782,214702,230172,227474,229961,222035,223145,218307,213394,209256,227604,213893,221152,228733,229873,227233,221136,234746,217956,245984,212901,228004,230117,219986,226142,228587,213475,219324,217168,219278,238123,213500,209714,224554,237573,225904,211882,214809,224172,225463,225760,240511,242885,243030,214506,215605,222288,235046,204506,225753,233720
STAT,popedge,Conflicts,68,0,0,0,0,0,0,0,0,0,0,0,0,0,0,0,0,0,0,0,0,0,0,0,0,0,0,0,0,0,0,0,0,0,0,0,0,0,0,0,0,0,0,0,0,0,0,0,0,0,0,0,0,0,0,0,0,0,0,0,0,0,0,0,0,0,0,0,0,0
STAT,popedge,Iterations,68,7341850,100821,100318,99581,101369,95926,101683,97900,108910,110143,112572,113538,113045,107867,110539,109624,106427,108554,108121,107274,109463,110883,111457,108023,99791,102080,99182,104754,108262,105747,105819,107947,109142,109721,106678,108888,115842,117238,110007,107796,113855,113116,113893,117613,116765,109420,109109,108260,113388,109849,109846,112222,109965,110794,108790,102226,105495,107503,116771,117242,120263,120911,97578,94935,106493,96534,101432,100857,103793
STAT,refine,Conflicts,68,3577,143,122,122,102,108,93,90,73,88,67,84,68,60,65,61,60,66,57,51,50,57,65,49,50,55,65,49,63,52,47,35,46,43,52,45,44,35,33,39,34,33,41,37,47,37,56,56,41,37,28,32,43,36,28,33,36,41,30,37,41,25,23,24,26,31,29,28,33
STAT,refine,Iterations,68,137143,1952,1870,1396,2269,2249,1823,1667,2360,1800,1843,2123,2012,2221,1988,2154,3033,2261,1717,2177,1711,1845,1730,1686,1871,2418,1783,1479,1883,1943,1715,1831,1805,1937,2370,2337,2028,1541,1745,2267,1761,1772,2142,2224,2213,2566,2633,2471,1789,2230,2299,1931,2302,2162,2349,2362,1613,2253,1963,2460,2538,1456,1739,1605,1592,2055,1838,1993,1992
