Hello from MIC
Galois Benchmark Suite v2.2.0 (r0)
Copyright (C) 2013 The University of Texas at Austin
http://iss.ices.utexas.edu/galois/

application: GMetis
Partitions a graph into K parts and minimizing the graph cut
http://iss.ices.utexas.edu/?p=projects/galois/benchmarks/gMetis

INFO: CommandLine /work/02556/dpereira/MIC/apps/gmetis/gmetis -t=204 /work/02556/dpereira/Inputs/USA-road-d.W.gr 1024
INFO: Hostname c557-803-mic0.stampede.tacc.utexas.edu
Created Graph with 6262104 nodes and 15248146 edges
Nodes 6262104| Edges 15248146 7624073

  Starting coarsening: 
Time coarsen:  2831 Size of final graph: 22160

  Sarting initial partitioning using GGGP:
Size in decade percentages:  -1,65 -0,892 1,67
Time clustering:  1243

  Sarting refinnement with BKL2
Initial dist
Size in decade percentages:  -1,65 -0,892 1,67
Refined dist
Size in decade percentages:  -1,366 0,290 1,367 2,1
Time refinement:  1859


Time:  6113
Total edge cut : 31615

Part saved in : 0x7fff74bdef60
STATTYPE,LOOP,CATEGORY,n,sum,T0,T1,T2,T3,T4,T5,T6,T7,T8,T9,T10,T11,T12,T13,T14,T15,T16,T17,T18,T19,T20,T21,T22,T23,T24,T25,T26,T27,T28,T29,T30,T31,T32,T33,T34,T35,T36,T37,T38,T39,T40,T41,T42,T43,T44,T45,T46,T47,T48,T49,T50,T51,T52,T53,T54,T55,T56,T57,T58,T59,T60,T61,T62,T63,T64,T65,T66,T67,T68,T69,T70,T71,T72,T73,T74,T75,T76,T77,T78,T79,T80,T81,T82,T83,T84,T85,T86,T87,T88,T89,T90,T91,T92,T93,T94,T95,T96,T97,T98,T99,T100,T101,T102,T103,T104,T105,T106,T107,T108,T109,T110,T111,T112,T113,T114,T115,T116,T117,T118,T119,T120,T121,T122,T123,T124,T125,T126,T127,T128,T129,T130,T131,T132,T133,T134,T135,T136,T137,T138,T139,T140,T141,T142,T143,T144,T145,T146,T147,T148,T149,T150,T151,T152,T153,T154,T155,T156,T157,T158,T159,T160,T161,T162,T163,T164,T165,T166,T167,T168,T169,T170,T171,T172,T173,T174,T175,T176,T177,T178,T179,T180,T181,T182,T183,T184,T185,T186,T187,T188,T189,T190,T191,T192,T193,T194,T195,T196,T197,T198,T199,T200,T201,T202,T203
STAT,(NULL),Coarsen,204,2831,2831,0,0,0,0,0,0,0,0,0,0,0,0,0,0,0,0,0,0,0,0,0,0,0,0,0,0,0,0,0,0,0,0,0,0,0,0,0,0,0,0,0,0,0,0,0,0,0,0,0,0,0,0,0,0,0,0,0,0,0,0,0,0,0,0,0,0,0,0,0,0,0,0,0,0,0,0,0,0,0,0,0,0,0,0,0,0,0,0,0,0,0,0,0,0,0,0,0,0,0,0,0,0,0,0,0,0,0,0,0,0,0,0,0,0,0,0,0,0,0,0,0,0,0,0,0,0,0,0,0,0,0,0,0,0,0,0,0,0,0,0,0,0,0,0,0,0,0,0,0,0,0,0,0,0,0,0,0,0,0,0,0,0,0,0,0,0,0,0,0,0,0,0,0,0,0,0,0,0,0,0,0,0,0,0,0,0,0,0,0,0,0,0,0,0,0,0,0,0,0,0,0,0,0
STAT,(NULL),Conflicts,204,0,0,0,0,0,0,0,0,0,0,0,0,0,0,0,0,0,0,0,0,0,0,0,0,0,0,0,0,0,0,0,0,0,0,0,0,0,0,0,0,0,0,0,0,0,0,0,0,0,0,0,0,0,0,0,0,0,0,0,0,0,0,0,0,0,0,0,0,0,0,0,0,0,0,0,0,0,0,0,0,0,0,0,0,0,0,0,0,0,0,0,0,0,0,0,0,0,0,0,0,0,0,0,0,0,0,0,0,0,0,0,0,0,0,0,0,0,0,0,0,0,0,0,0,0,0,0,0,0,0,0,0,0,0,0,0,0,0,0,0,0,0,0,0,0,0,0,0,0,0,0,0,0,0,0,0,0,0,0,0,0,0,0,0,0,0,0,0,0,0,0,0,0,0,0,0,0,0,0,0,0,0,0,0,0,0,0,0,0,0,0,0,0,0,0,0,0,0,0,0,0,0,0,0,0
STAT,(NULL),Iterations,204,2047,11,9,10,8,7,9,8,11,8,12,5,12,6,11,5,10,6,7,3,12,9,9,12,10,5,8,10,7,6,3,15,16,4,5,9,11,10,11,7,13,16,20,7,17,13,18,18,7,12,12,15,17,7,20,14,7,20,17,11,10,11,22,4,14,2,8,2,20,9,14,15,11,11,6,10,6,12,7,11,5,8,3,5,7,10,1,18,12,2,15,9,3,8,13,16,13,11,4,10,6,11,8,9,8,7,13,11,15,9,12,13,22,13,3,14,13,11,8,10,10,12,16,12,8,6,1,5,5,11,5,5,10,6,6,4,6,8,11,5,4,7,10,7,3,11,7,11,17,20,3,5,9,8,6,13,4,26,11,5,8,9,9,9,23,8,11,18,11,15,14,12,12,18,19,9,13,10,15,15,23,10,8,14,14,6,11,7,15,7,7,2,7,5,9,7,9,11,4,13,3,13,6,12,15
STAT,(NULL),MeminfoPost,204,756952,3717,3700,3721,3728,3714,3714,3703,3716,3699,3719,3711,3727,3741,3757,3717,3698,3708,3708,3704,3719,3713,3728,3714,3717,3713,3706,3700,3708,3710,3720,3727,3697,3699,3704,3712,3707,3712,3728,3715,3716,3708,3716,3699,3721,3704,3729,3735,3762,3725,3695,3707,3707,3701,3712,3722,3723,3717,3718,3714,3711,3699,3703,3706,3721,3723,3705,3700,3704,3709,3716,3714,3705,3720,3741,3712,3703,3717,3721,3708,3707,3717,3704,3704,3701,3715,3703,3691,3704,3711,3720,3716,3711,3699,3705,3708,3697,3692,3699,3713,3695,3730,3735,3721,3704,3700,3703,3712,3722,3696,3692,3691,3706,3713,3714,3720,3721,3722,3704,3712,3692,3719,3698,3705,3706,3697,3698,3692,3705,3689,3723,3700,3694,3709,3731,3737,3729,3731,3702,3703,3701,3724,3698,3690,3698,3713,3719,3715,3722,3704,3706,3705,3705,3703,3706,3697,3691,3705,3701,3708,3692,3719,3738,3728,3741,3719,3706,3701,3701,3698,3707,3718,3732,3735,3720,3733,3730,3708,3694,3713,3706,3707,3706,3710,3691,3691,3705,3696,3704,3728,3689,3691,3702,3696,3694,3719,3693,3704,3706,3713,3710,3711,3712,3704,3710
STAT,(NULL),MeminfoPre,204,189220,934,917,938,945,931,931,920,933,916,936,928,944,958,974,934,915,925,925,921,936,930,945,931,934,930,923,917,925,927,937,944,914,916,921,929,924,929,945,932,933,925,933,916,938,921,946,952,979,942,912,924,924,918,929,939,940,934,935,931,928,916,920,923,938,940,922,917,921,926,933,931,922,937,958,929,920,934,938,925,924,934,921,921,918,932,920,908,921,928,937,933,928,916,922,925,914,909,916,930,912,947,952,938,921,917,920,929,939,913,909,908,923,930,931,937,938,939,921,929,909,936,915,922,923,914,915,909,922,906,940,917,911,926,948,954,946,948,919,920,918,941,915,907,915,930,936,932,939,921,923,922,922,920,923,914,908,922,918,925,909,936,955,945,958,936,923,918,918,915,924,935,949,952,937,950,947,925,911,930,923,924,923,927,908,908,922,913,921,945,906,908,919,913,911,936,910,921,923,930,927,928,929,921,927
STAT,(NULL),Partition,204,1243,1243,0,0,0,0,0,0,0,0,0,0,0,0,0,0,0,0,0,0,0,0,0,0,0,0,0,0,0,0,0,0,0,0,0,0,0,0,0,0,0,0,0,0,0,0,0,0,0,0,0,0,0,0,0,0,0,0,0,0,0,0,0,0,0,0,0,0,0,0,0,0,0,0,0,0,0,0,0,0,0,0,0,0,0,0,0,0,0,0,0,0,0,0,0,0,0,0,0,0,0,0,0,0,0,0,0,0,0,0,0,0,0,0,0,0,0,0,0,0,0,0,0,0,0,0,0,0,0,0,0,0,0,0,0,0,0,0,0,0,0,0,0,0,0,0,0,0,0,0,0,0,0,0,0,0,0,0,0,0,0,0,0,0,0,0,0,0,0,0,0,0,0,0,0,0,0,0,0,0,0,0,0,0,0,0,0,0,0,0,0,0,0,0,0,0,0,0,0,0,0,0,0,0,0
STAT,(NULL),Refine,204,1859,1859,0,0,0,0,0,0,0,0,0,0,0,0,0,0,0,0,0,0,0,0,0,0,0,0,0,0,0,0,0,0,0,0,0,0,0,0,0,0,0,0,0,0,0,0,0,0,0,0,0,0,0,0,0,0,0,0,0,0,0,0,0,0,0,0,0,0,0,0,0,0,0,0,0,0,0,0,0,0,0,0,0,0,0,0,0,0,0,0,0,0,0,0,0,0,0,0,0,0,0,0,0,0,0,0,0,0,0,0,0,0,0,0,0,0,0,0,0,0,0,0,0,0,0,0,0,0,0,0,0,0,0,0,0,0,0,0,0,0,0,0,0,0,0,0,0,0,0,0,0,0,0,0,0,0,0,0,0,0,0,0,0,0,0,0,0,0,0,0,0,0,0,0,0,0,0,0,0,0,0,0,0,0,0,0,0,0,0,0,0,0,0,0,0,0,0,0,0,0,0,0,0,0,0
STAT,(NULL),Threads,204,204,204,0,0,0,0,0,0,0,0,0,0,0,0,0,0,0,0,0,0,0,0,0,0,0,0,0,0,0,0,0,0,0,0,0,0,0,0,0,0,0,0,0,0,0,0,0,0,0,0,0,0,0,0,0,0,0,0,0,0,0,0,0,0,0,0,0,0,0,0,0,0,0,0,0,0,0,0,0,0,0,0,0,0,0,0,0,0,0,0,0,0,0,0,0,0,0,0,0,0,0,0,0,0,0,0,0,0,0,0,0,0,0,0,0,0,0,0,0,0,0,0,0,0,0,0,0,0,0,0,0,0,0,0,0,0,0,0,0,0,0,0,0,0,0,0,0,0,0,0,0,0,0,0,0,0,0,0,0,0,0,0,0,0,0,0,0,0,0,0,0,0,0,0,0,0,0,0,0,0,0,0,0,0,0,0,0,0,0,0,0,0,0,0,0,0,0,0,0,0,0,0,0,0,0
STAT,(NULL),Time,204,6113,6113,0,0,0,0,0,0,0,0,0,0,0,0,0,0,0,0,0,0,0,0,0,0,0,0,0,0,0,0,0,0,0,0,0,0,0,0,0,0,0,0,0,0,0,0,0,0,0,0,0,0,0,0,0,0,0,0,0,0,0,0,0,0,0,0,0,0,0,0,0,0,0,0,0,0,0,0,0,0,0,0,0,0,0,0,0,0,0,0,0,0,0,0,0,0,0,0,0,0,0,0,0,0,0,0,0,0,0,0,0,0,0,0,0,0,0,0,0,0,0,0,0,0,0,0,0,0,0,0,0,0,0,0,0,0,0,0,0,0,0,0,0,0,0,0,0,0,0,0,0,0,0,0,0,0,0,0,0,0,0,0,0,0,0,0,0,0,0,0,0,0,0,0,0,0,0,0,0,0,0,0,0,0,0,0,0,0,0,0,0,0,0,0,0,0,0,0,0,0,0,0,0,0,0
STAT,match,Conflicts,204,6113,57,47,53,45,46,42,45,43,37,51,41,43,49,43,42,35,40,39,37,36,39,34,42,38,44,37,45,44,32,45,44,32,33,33,28,25,40,42,39,37,33,36,35,40,38,26,37,40,32,34,28,33,46,32,37,37,36,32,31,44,35,24,39,28,26,22,25,26,20,19,27,23,27,31,25,31,28,23,24,31,21,24,38,29,26,26,23,21,22,31,24,23,23,26,23,24,28,27,29,29,24,25,22,24,27,24,21,30,28,26,23,24,24,25,26,30,31,30,25,22,41,24,25,26,33,23,25,27,24,21,17,29,28,25,26,25,31,17,24,20,30,25,28,29,28,23,29,29,23,32,25,25,29,29,22,19,29,27,25,28,23,31,27,26,20,27,30,21,24,33,23,24,27,30,30,28,35,27,19,17,26,30,26,32,31,31,25,23,26,28,30,23,33,28,30,33,19,22,27,31,32,22,22,23
STAT,match,Iterations,204,14999823,41470,45551,43559,65145,48403,79319,55771,48501,70792,56111,48636,47848,59230,56647,40561,46404,62931,50887,67374,54737,55282,83648,63926,52272,55186,55790,59765,68160,69065,73959,47574,78456,57409,80236,78205,75537,67519,68078,59035,64309,61735,68895,79776,72345,67122,68697,52964,69434,88443,57082,53911,59011,43833,64998,64572,54869,61200,62144,54735,74310,62632,88600,62327,77562,70529,83706,77663,74362,85845,87353,73827,76139,94665,58150,53391,74915,79241,70128,82784,70927,66719,72276,83754,85224,70927,87400,82775,107731,87534,63876,82450,83956,90224,78934,63180,74782,69458,81996,75337,85513,76318,89836,78285,62329,85112,96512,90643,79794,86674,81197,79104,83494,85984,96339,80195,72499,64300,80276,74428,105790,69565,81956,80817,76416,82076,73272,64418,63745,73244,98495,72044,71694,60093,68904,90306,80046,81581,103840,94892,81208,60327,78732,70050,103376,67368,81578,83226,68797,69280,69405,81494,72178,70813,71380,75695,89527,85613,100544,87425,84681,76179,87756,55550,66461,85607,73843,63130,70966,90234,74559,84759,86540,83772,82284,83213,88044,71226,85224,94720,97132,84387,98491,83404,80450,60879,59581,81603,63636,88454,81365,69813,75258,82603,66284,85314,61963,83784,82909,62006,79594,52421,94413,73071,75575
STAT,popedge,Conflicts,204,0,0,0,0,0,0,0,0,0,0,0,0,0,0,0,0,0,0,0,0,0,0,0,0,0,0,0,0,0,0,0,0,0,0,0,0,0,0,0,0,0,0,0,0,0,0,0,0,0,0,0,0,0,0,0,0,0,0,0,0,0,0,0,0,0,0,0,0,0,0,0,0,0,0,0,0,0,0,0,0,0,0,0,0,0,0,0,0,0,0,0,0,0,0,0,0,0,0,0,0,0,0,0,0,0,0,0,0,0,0,0,0,0,0,0,0,0,0,0,0,0,0,0,0,0,0,0,0,0,0,0,0,0,0,0,0,0,0,0,0,0,0,0,0,0,0,0,0,0,0,0,0,0,0,0,0,0,0,0,0,0,0,0,0,0,0,0,0,0,0,0,0,0,0,0,0,0,0,0,0,0,0,0,0,0,0,0,0,0,0,0,0,0,0,0,0,0,0,0,0,0,0,0,0,0
STAT,popedge,Iterations,204,7349743,33264,32677,33733,33947,34046,32530,31794,33253,31526,33494,33029,34076,34010,32077,34641,33525,35686,32795,33423,32279,30979,36412,37981,38321,36901,38331,39745,36749,36884,37466,39704,38256,38215,38811,37019,37480,37258,38193,38426,37024,36462,36388,38462,37293,38101,36493,36749,37934,36076,39089,39344,39215,38467,37824,35294,38550,37767,39023,41130,39116,38781,32397,32661,33348,35276,32022,34182,33084,32187,31092,32882,30225,33440,34005,32590,32687,31301,33271,31985,32729,31844,31620,38984,37047,35853,36911,36030,37818,36262,37717,36697,36880,38189,39253,39443,36312,37988,37503,37380,35665,36238,37789,37870,39270,39437,34360,38521,37859,35348,39406,39368,38969,36249,39022,40171,36645,39757,37916,37854,40085,37556,39884,34355,32776,33474,34633,33364,33732,32554,33842,32090,34210,33168,32279,36225,32084,33231,31124,34902,32350,35524,31620,30486,39993,35765,37273,37082,38403,40050,37613,38011,37257,39021,40318,36389,38312,36243,37818,36585,38280,39616,36847,38223,36681,39352,39358,38876,38732,38335,38936,39240,39431,37460,40851,39754,37278,34970,37435,39845,38728,40036,38608,39912,34253,34855,34019,33405,32855,32763,33391,34546,32759,34774,32318,32719,33919,33215,34546,33942,34982,33251,35569,34056,32814
STAT,refine,Conflicts,204,6120,90,91,90,82,74,87,74,71,70,74,66,66,63,75,63,52,49,52,46,62,49,46,50,46,52,49,56,40,48,53,45,31,32,39,43,29,37,33,36,35,40,46,27,34,33,38,46,47,59,35,36,40,47,29,37,24,38,35,38,33,29,19,14,29,16,19,25,14,22,20,18,18,45,27,21,35,19,25,28,14,21,26,23,29,20,23,25,28,21,29,19,24,24,14,11,25,13,23,18,21,27,28,21,17,18,19,25,28,27,29,24,18,19,23,13,19,15,18,20,25,21,21,24,28,17,21,13,16,23,20,27,27,19,23,20,26,19,23,25,14,23,26,12,25,20,17,17,33,19,17,18,21,8,14,22,28,22,15,28,22,25,23,19,28,8,19,28,20,29,27,24,25,25,27,15,24,25,15,19,21,24,20,19,21,22,20,23,21,18,22,25,22,27,12,24,28,32,19,20,20,16,16,18,16
STAT,refine,Iterations,204,430669,1548,1414,2081,2244,1727,2046,1377,1855,1345,1943,1435,2329,2424,2270,2069,1665,1866,1725,2424,1825,1900,2838,2344,1617,2011,1517,2277,1933,2319,2184,1771,1995,1555,1838,2049,2150,1967,2446,1698,1974,2200,2000,1153,2056,1932,1992,2289,2605,3003,1577,1934,1880,2053,1883,1946,1804,2077,2248,1638,2042,1652,1640,1646,2184,1966,1784,2572,1517,1975,1986,2151,1232,2783,2515,2020,2528,2233,2002,2035,2495,1929,2197,2910,2660,1822,2239,1729,2443,2502,2350,2084,2235,2199,1569,1417,2543,1654,2443,2384,2262,2559,2997,2261,1468,2306,2306,2231,3128,2064,2200,2014,1775,2126,2492,1873,2248,2260,2250,1668,2927,2178,2230,2052,1947,2198,2205,1212,2068,1681,2551,1672,2247,1477,2516,2994,2487,2561,2155,2311,1616,2792,1944,1603,3067,1919,1739,2120,3017,2274,1964,2187,1947,1406,2055,1824,1958,2110,2610,2288,2673,2337,2551,2591,2376,2067,2005,1557,2013,2838,2678,2202,2320,2675,2700,2673,2586,2149,2027,1956,2402,2057,2715,2402,1632,1378,1600,1792,1689,2442,1867,2065,2045,2437,1305,2479,2563,2040,2376,1711,2310,1734,3023,2273,2229
