Hello from MIC
Galois Benchmark Suite v2.2.0 (r0)
Copyright (C) 2013 The University of Texas at Austin
http://iss.ices.utexas.edu/galois/

application: GMetis
Partitions a graph into K parts and minimizing the graph cut
http://iss.ices.utexas.edu/?p=projects/galois/benchmarks/gMetis

INFO: CommandLine /work/02556/dpereira/MIC/apps/gmetis/gmetis -t=168 /work/02556/dpereira/Inputs/USA-road-d.W.gr 1024
INFO: Hostname c558-402-mic0.stampede.tacc.utexas.edu
Created Graph with 6262104 nodes and 15248146 edges
Nodes 6262104| Edges 15248146 7624073

  Starting coarsening: 
Time coarsen:  2421 Size of final graph: 21943

  Sarting initial partitioning using GGGP:
Size in decade percentages:  -1,67 -0,897 1,60
Time clustering:  1012

  Sarting refinnement with BKL2
Initial dist
Size in decade percentages:  -1,67 -0,897 1,60
Refined dist
Size in decade percentages:  -1,360 0,287 1,377
Time refinement:  1571


Time:  5184
Total edge cut : 31941

Part saved in : 0x7fffef35bf60
STATTYPE,LOOP,CATEGORY,n,sum,T0,T1,T2,T3,T4,T5,T6,T7,T8,T9,T10,T11,T12,T13,T14,T15,T16,T17,T18,T19,T20,T21,T22,T23,T24,T25,T26,T27,T28,T29,T30,T31,T32,T33,T34,T35,T36,T37,T38,T39,T40,T41,T42,T43,T44,T45,T46,T47,T48,T49,T50,T51,T52,T53,T54,T55,T56,T57,T58,T59,T60,T61,T62,T63,T64,T65,T66,T67,T68,T69,T70,T71,T72,T73,T74,T75,T76,T77,T78,T79,T80,T81,T82,T83,T84,T85,T86,T87,T88,T89,T90,T91,T92,T93,T94,T95,T96,T97,T98,T99,T100,T101,T102,T103,T104,T105,T106,T107,T108,T109,T110,T111,T112,T113,T114,T115,T116,T117,T118,T119,T120,T121,T122,T123,T124,T125,T126,T127,T128,T129,T130,T131,T132,T133,T134,T135,T136,T137,T138,T139,T140,T141,T142,T143,T144,T145,T146,T147,T148,T149,T150,T151,T152,T153,T154,T155,T156,T157,T158,T159,T160,T161,T162,T163,T164,T165,T166,T167
STAT,(NULL),Coarsen,168,2421,2421,0,0,0,0,0,0,0,0,0,0,0,0,0,0,0,0,0,0,0,0,0,0,0,0,0,0,0,0,0,0,0,0,0,0,0,0,0,0,0,0,0,0,0,0,0,0,0,0,0,0,0,0,0,0,0,0,0,0,0,0,0,0,0,0,0,0,0,0,0,0,0,0,0,0,0,0,0,0,0,0,0,0,0,0,0,0,0,0,0,0,0,0,0,0,0,0,0,0,0,0,0,0,0,0,0,0,0,0,0,0,0,0,0,0,0,0,0,0,0,0,0,0,0,0,0,0,0,0,0,0,0,0,0,0,0,0,0,0,0,0,0,0,0,0,0,0,0,0,0,0,0,0,0,0,0,0,0,0,0,0,0,0,0,0,0,0,0
STAT,(NULL),Conflicts,168,0,0,0,0,0,0,0,0,0,0,0,0,0,0,0,0,0,0,0,0,0,0,0,0,0,0,0,0,0,0,0,0,0,0,0,0,0,0,0,0,0,0,0,0,0,0,0,0,0,0,0,0,0,0,0,0,0,0,0,0,0,0,0,0,0,0,0,0,0,0,0,0,0,0,0,0,0,0,0,0,0,0,0,0,0,0,0,0,0,0,0,0,0,0,0,0,0,0,0,0,0,0,0,0,0,0,0,0,0,0,0,0,0,0,0,0,0,0,0,0,0,0,0,0,0,0,0,0,0,0,0,0,0,0,0,0,0,0,0,0,0,0,0,0,0,0,0,0,0,0,0,0,0,0,0,0,0,0,0,0,0,0,0,0,0,0,0,0,0
STAT,(NULL),Iterations,168,2047,11,7,12,8,13,10,23,9,8,5,13,9,8,14,6,15,21,11,6,9,14,12,12,16,6,11,13,13,8,15,11,14,10,10,8,13,8,21,8,10,12,18,1,11,17,14,23,7,20,12,23,4,21,14,11,24,10,9,13,9,20,10,7,16,4,8,13,17,9,15,5,14,7,5,11,8,19,10,14,5,5,8,11,12,10,14,16,15,11,6,29,12,10,19,11,18,10,11,20,9,19,6,16,4,11,11,5,14,12,16,10,21,8,14,18,8,13,17,20,12,18,15,12,8,18,0,12,6,17,13,14,7,16,4,8,14,13,10,14,15,5,19,25,6,13,10,11,6,16,8,14,14,14,9,8,17,19,13,15,8,11,14,10,18,7,23,19,8
STAT,(NULL),MeminfoPost,168,756647,4509,4499,4516,4515,4508,4500,4505,4505,4501,4521,4563,4527,4492,4501,4496,4508,4505,4524,4509,4512,4510,4488,4499,4503,4526,4491,4495,4494,4503,4496,4521,4516,4511,4496,4504,4501,4508,4525,4551,4544,4494,4498,4497,4502,4506,4517,4517,4512,4514,4488,4494,4503,4512,4510,4493,4496,4497,4519,4501,4507,4539,4498,4504,4513,4505,4505,4504,4498,4491,4506,4494,4480,4504,4513,4510,4497,4501,4494,4490,4488,4495,4493,4510,4535,4516,4492,4495,4495,4519,4489,4478,4486,4509,4509,4516,4519,4502,4505,4485,4505,4494,4498,4490,4483,4486,4491,4513,4488,4482,4519,4537,4526,4525,4492,4493,4515,4487,4478,4499,4506,4518,4514,4497,4492,4501,4495,4496,4483,4495,4483,4508,4484,4525,4533,4536,4513,4497,4498,4485,4496,4511,4541,4521,4525,4527,4493,4494,4505,4501,4494,4501,4482,4488,4489,4514,4492,4481,4484,4491,4478,4516,4488,4502,4507,4502,4506,4494,4507
STAT,(NULL),MeminfoPre,168,189143,1131,1121,1138,1137,1130,1122,1127,1127,1123,1143,1185,1149,1114,1123,1118,1130,1127,1146,1131,1134,1132,1110,1121,1125,1148,1113,1117,1116,1125,1118,1143,1138,1133,1118,1126,1123,1130,1147,1173,1166,1116,1120,1119,1124,1128,1139,1139,1134,1136,1110,1116,1125,1134,1132,1115,1118,1119,1141,1123,1129,1161,1120,1126,1135,1127,1127,1126,1120,1113,1128,1116,1102,1126,1135,1132,1119,1123,1116,1112,1110,1117,1115,1132,1157,1138,1114,1117,1117,1141,1111,1100,1108,1131,1131,1138,1141,1124,1127,1107,1127,1116,1120,1112,1105,1108,1113,1135,1110,1104,1141,1159,1148,1147,1114,1115,1137,1109,1100,1121,1128,1140,1136,1119,1114,1123,1117,1118,1105,1117,1105,1130,1106,1147,1155,1158,1135,1119,1120,1107,1118,1133,1163,1143,1147,1149,1115,1116,1127,1123,1116,1123,1104,1110,1111,1136,1114,1103,1106,1113,1100,1138,1110,1124,1129,1124,1128,1116,1129
STAT,(NULL),Partition,168,1012,1012,0,0,0,0,0,0,0,0,0,0,0,0,0,0,0,0,0,0,0,0,0,0,0,0,0,0,0,0,0,0,0,0,0,0,0,0,0,0,0,0,0,0,0,0,0,0,0,0,0,0,0,0,0,0,0,0,0,0,0,0,0,0,0,0,0,0,0,0,0,0,0,0,0,0,0,0,0,0,0,0,0,0,0,0,0,0,0,0,0,0,0,0,0,0,0,0,0,0,0,0,0,0,0,0,0,0,0,0,0,0,0,0,0,0,0,0,0,0,0,0,0,0,0,0,0,0,0,0,0,0,0,0,0,0,0,0,0,0,0,0,0,0,0,0,0,0,0,0,0,0,0,0,0,0,0,0,0,0,0,0,0,0,0,0,0,0,0
STAT,(NULL),Refine,168,1571,1571,0,0,0,0,0,0,0,0,0,0,0,0,0,0,0,0,0,0,0,0,0,0,0,0,0,0,0,0,0,0,0,0,0,0,0,0,0,0,0,0,0,0,0,0,0,0,0,0,0,0,0,0,0,0,0,0,0,0,0,0,0,0,0,0,0,0,0,0,0,0,0,0,0,0,0,0,0,0,0,0,0,0,0,0,0,0,0,0,0,0,0,0,0,0,0,0,0,0,0,0,0,0,0,0,0,0,0,0,0,0,0,0,0,0,0,0,0,0,0,0,0,0,0,0,0,0,0,0,0,0,0,0,0,0,0,0,0,0,0,0,0,0,0,0,0,0,0,0,0,0,0,0,0,0,0,0,0,0,0,0,0,0,0,0,0,0,0
STAT,(NULL),Threads,168,168,168,0,0,0,0,0,0,0,0,0,0,0,0,0,0,0,0,0,0,0,0,0,0,0,0,0,0,0,0,0,0,0,0,0,0,0,0,0,0,0,0,0,0,0,0,0,0,0,0,0,0,0,0,0,0,0,0,0,0,0,0,0,0,0,0,0,0,0,0,0,0,0,0,0,0,0,0,0,0,0,0,0,0,0,0,0,0,0,0,0,0,0,0,0,0,0,0,0,0,0,0,0,0,0,0,0,0,0,0,0,0,0,0,0,0,0,0,0,0,0,0,0,0,0,0,0,0,0,0,0,0,0,0,0,0,0,0,0,0,0,0,0,0,0,0,0,0,0,0,0,0,0,0,0,0,0,0,0,0,0,0,0,0,0,0,0,0,0
STAT,(NULL),Time,168,5184,5184,0,0,0,0,0,0,0,0,0,0,0,0,0,0,0,0,0,0,0,0,0,0,0,0,0,0,0,0,0,0,0,0,0,0,0,0,0,0,0,0,0,0,0,0,0,0,0,0,0,0,0,0,0,0,0,0,0,0,0,0,0,0,0,0,0,0,0,0,0,0,0,0,0,0,0,0,0,0,0,0,0,0,0,0,0,0,0,0,0,0,0,0,0,0,0,0,0,0,0,0,0,0,0,0,0,0,0,0,0,0,0,0,0,0,0,0,0,0,0,0,0,0,0,0,0,0,0,0,0,0,0,0,0,0,0,0,0,0,0,0,0,0,0,0,0,0,0,0,0,0,0,0,0,0,0,0,0,0,0,0,0,0,0,0,0,0,0
STAT,match,Conflicts,168,5843,59,53,39,55,48,47,53,42,55,45,54,53,51,48,57,49,43,39,37,45,45,48,38,50,41,47,42,47,39,46,49,48,31,50,38,47,36,44,40,42,35,46,45,27,33,41,39,39,31,36,37,48,39,36,49,37,39,34,45,40,32,16,26,32,35,23,24,28,14,32,18,30,28,29,29,27,30,20,25,26,27,30,25,29,27,32,27,33,33,32,36,30,26,24,32,43,29,32,31,40,27,28,32,33,31,32,36,40,36,33,33,36,33,36,30,34,29,36,37,24,26,31,22,25,30,25,28,28,27,28,26,32,33,30,29,24,30,32,26,23,24,30,30,30,29,31,31,28,29,30,34,39,34,29,31,29,39,39,33,33,31,32,24,32,35,24,36,28
STAT,match,Iterations,168,14968879,44511,71910,72600,58243,69291,69904,47454,71375,58797,82341,72760,70999,67085,69864,68164,55035,79073,76394,70500,72696,76097,91252,59072,60408,84508,72966,94597,72814,89163,73635,76823,58871,66615,70903,87467,86680,95403,75222,77951,85448,80495,65023,76522,98778,90249,82201,87625,95815,79602,85956,78472,80747,115209,93642,91600,102145,97969,105222,80937,89771,88401,97005,94006,83037,89695,92454,105928,87220,103311,74711,105258,79831,90750,93248,78113,108622,86033,97173,90703,99841,92572,97807,94163,72541,103034,95096,97280,94952,97536,99346,86788,89340,109515,107994,80905,88383,114945,66354,89516,83508,95291,75314,101269,88970,85350,87405,76045,108481,103930,97191,114994,119243,107907,120755,114165,119440,114303,107860,89430,124547,116133,94050,93107,103412,77711,97362,97576,76245,100417,94212,97212,97006,93558,86830,94393,101291,95701,99414,89633,83814,96323,82168,86828,95422,84677,109034,83046,88779,91781,94348,102736,99363,90629,91111,78943,108795,104853,83489,107357,92599,88496,87419,106930,83252,108452,112452,87656,91188
STAT,popedge,Conflicts,168,0,0,0,0,0,0,0,0,0,0,0,0,0,0,0,0,0,0,0,0,0,0,0,0,0,0,0,0,0,0,0,0,0,0,0,0,0,0,0,0,0,0,0,0,0,0,0,0,0,0,0,0,0,0,0,0,0,0,0,0,0,0,0,0,0,0,0,0,0,0,0,0,0,0,0,0,0,0,0,0,0,0,0,0,0,0,0,0,0,0,0,0,0,0,0,0,0,0,0,0,0,0,0,0,0,0,0,0,0,0,0,0,0,0,0,0,0,0,0,0,0,0,0,0,0,0,0,0,0,0,0,0,0,0,0,0,0,0,0,0,0,0,0,0,0,0,0,0,0,0,0,0,0,0,0,0,0,0,0,0,0,0,0,0,0,0,0,0,0
STAT,popedge,Iterations,168,7334471,40420,42177,41566,41494,40337,41417,41374,43241,40574,42642,41469,40321,40622,44007,41576,38437,43888,40672,42760,42742,41214,42203,44834,43697,43628,45323,44284,43866,43721,44641,43691,44585,42417,46571,43208,43901,41319,41434,43377,41091,42353,42721,43355,41447,42196,40794,46369,51017,50064,51195,50706,48499,50154,48222,50733,50041,48766,48404,48406,45157,46443,38604,40277,37813,40526,38714,38798,39515,40382,40272,41932,42024,41223,39278,39781,39096,36125,43162,41151,42273,39955,40816,42456,44246,41982,41984,43876,44969,43997,43507,44645,43124,43630,41658,44186,44202,42584,43578,41650,42967,46399,45783,40804,43714,43580,43681,44547,48399,51334,50437,51493,48504,49184,49634,50489,50463,50465,46614,48063,51631,51733,49252,38801,40103,39218,40521,39784,41290,42544,39826,41213,40875,39477,40333,38690,40041,41439,37096,42940,41079,40882,43286,44072,43956,42429,45793,45143,46230,47337,43603,44759,44756,43151,44878,43993,44239,45821,47526,42101,44456,45563,45970,43977,42899,43787,45314,44637,43699
STAT,refine,Conflicts,168,5348,79,86,81,77,78,64,72,65,62,68,61,63,55,60,59,54,46,51,52,59,52,49,49,46,39,56,47,48,45,50,44,44,41,44,39,37,38,42,34,36,36,39,46,32,34,46,38,41,37,40,29,42,31,32,34,24,26,37,48,37,27,24,22,20,32,18,23,25,25,19,15,26,20,27,21,23,25,24,18,25,21,27,29,27,27,14,22,21,22,16,25,23,26,24,21,23,26,22,25,27,26,24,19,22,19,24,24,24,23,16,21,20,30,34,23,32,24,18,26,34,26,21,18,16,24,25,27,20,21,29,18,15,18,23,29,19,29,23,27,15,19,20,19,22,22,21,14,21,23,22,22,16,17,24,25,14,29,17,20,30,17,12,20,24,34,13,21,36
STAT,refine,Iterations,168,433225,1612,1965,2413,2257,2648,1651,2126,2177,2266,2817,3256,2709,2202,2390,1953,2570,2471,2017,2147,2689,2149,2249,2342,1826,2422,1904,2365,2074,2210,1631,2405,1919,2237,2160,2398,2030,2392,2154,3380,3003,2175,1732,2421,2345,3082,2516,2826,3188,2787,3126,2601,2600,3362,2556,3370,2475,2593,2888,3196,2581,3430,2220,2274,2198,2725,2379,2179,2731,2535,2150,2857,2245,2587,3030,2169,2665,3003,2849,2363,2402,2832,2136,2757,2588,2490,2199,2355,2169,2997,2400,2130,2327,2556,2992,2435,2718,2844,2563,2415,3285,3061,2526,2066,2727,2140,2505,2933,3427,2959,3310,4124,3759,3501,3544,3306,4335,3062,2650,2581,4182,3226,3557,2234,2122,2110,2463,2413,1943,2943,2608,2465,2477,3203,3065,2695,2509,2699,2516,2620,2156,2524,2408,2884,3085,2583,2758,2151,2468,2607,2415,2305,2048,2285,2189,2349,2358,2660,2478,2752,2000,3159,2530,2706,2296,2849,2297,2430,2744
