Hello from MIC
Galois Benchmark Suite v2.2.0 (r0)
Copyright (C) 2013 The University of Texas at Austin
http://iss.ices.utexas.edu/galois/

application: GMetis
Partitions a graph into K parts and minimizing the graph cut
http://iss.ices.utexas.edu/?p=projects/galois/benchmarks/gMetis

INFO: CommandLine /work/02556/dpereira/MIC/apps/gmetis/gmetis -t=72 /work/02556/dpereira/Inputs/USA-road-d.W.gr 16
INFO: Hostname c557-903-mic0.stampede.tacc.utexas.edu
Created Graph with 6262104 nodes and 15248146 edges
Nodes 6262104| Edges 15248146 7624073

  Starting coarsening: 
Time coarsen:  2426 Size of final graph: 429

  Sarting initial partitioning using GGGP:
Size in decade percentages:  -0,16
Time clustering:  358

  Sarting refinnement with BKL2
Initial dist
Size in decade percentages:  -0,16
Refined dist
Size in decade percentages:  -1,5 -0,4 1,7
Time refinement:  895


Time:  3854
Total edge cut : 1983

Part saved in : 0x7fff8b13b7e0
STATTYPE,LOOP,CATEGORY,n,sum,T0,T1,T2,T3,T4,T5,T6,T7,T8,T9,T10,T11,T12,T13,T14,T15,T16,T17,T18,T19,T20,T21,T22,T23,T24,T25,T26,T27,T28,T29,T30,T31,T32,T33,T34,T35,T36,T37,T38,T39,T40,T41,T42,T43,T44,T45,T46,T47,T48,T49,T50,T51,T52,T53,T54,T55,T56,T57,T58,T59,T60,T61,T62,T63,T64,T65,T66,T67,T68,T69,T70,T71
STAT,(NULL),Coarsen,72,2426,2426,0,0,0,0,0,0,0,0,0,0,0,0,0,0,0,0,0,0,0,0,0,0,0,0,0,0,0,0,0,0,0,0,0,0,0,0,0,0,0,0,0,0,0,0,0,0,0,0,0,0,0,0,0,0,0,0,0,0,0,0,0,0,0,0,0,0,0,0,0,0,0
STAT,(NULL),Conflicts,72,0,0,0,0,0,0,0,0,0,0,0,0,0,0,0,0,0,0,0,0,0,0,0,0,0,0,0,0,0,0,0,0,0,0,0,0,0,0,0,0,0,0,0,0,0,0,0,0,0,0,0,0,0,0,0,0,0,0,0,0,0,0,0,0,0,0,0,0,0,0,0,0,0
STAT,(NULL),Iterations,72,31,5,0,0,0,0,0,0,0,0,0,0,0,0,0,0,0,0,0,0,0,2,0,0,0,1,0,0,0,3,3,1,0,1,4,2,4,0,0,0,0,0,0,0,0,0,0,0,0,0,0,0,0,0,0,0,0,0,0,0,0,0,4,0,0,0,0,1,0,0,0,0,0
STAT,(NULL),MeminfoPost,72,756192,10505,10534,10493,10513,10583,10497,10494,10542,10509,10478,10525,10475,10505,10530,10493,10512,10591,10497,10494,10538,10514,10473,10531,10473,10510,10529,10508,10512,10497,10494,10469,10520,10490,10472,10482,10531,10497,10511,10456,10491,10525,10510,10481,10486,10455,10492,10483,10562,10508,10496,10467,10520,10497,10488,10469,10485,10501,10569,10493,10478,10554,10549,10490,10498,10484,10459,10495,10459,10482,10481,10508,10500
STAT,(NULL),MeminfoPre,72,189048,2628,2657,2616,2636,2706,2620,2617,2665,2632,2601,2648,2598,2628,2653,2616,2635,2714,2620,2617,2661,2637,2596,2654,2596,2633,2652,2631,2635,2620,2617,2592,2643,2613,2595,2605,2654,2620,2634,2579,2614,2648,2633,2604,2609,2578,2615,2606,2685,2631,2619,2590,2643,2620,2611,2592,2608,2624,2692,2616,2601,2677,2672,2613,2621,2607,2582,2618,2582,2605,2604,2631,2623
STAT,(NULL),Partition,72,358,358,0,0,0,0,0,0,0,0,0,0,0,0,0,0,0,0,0,0,0,0,0,0,0,0,0,0,0,0,0,0,0,0,0,0,0,0,0,0,0,0,0,0,0,0,0,0,0,0,0,0,0,0,0,0,0,0,0,0,0,0,0,0,0,0,0,0,0,0,0,0,0
STAT,(NULL),Refine,72,895,895,0,0,0,0,0,0,0,0,0,0,0,0,0,0,0,0,0,0,0,0,0,0,0,0,0,0,0,0,0,0,0,0,0,0,0,0,0,0,0,0,0,0,0,0,0,0,0,0,0,0,0,0,0,0,0,0,0,0,0,0,0,0,0,0,0,0,0,0,0,0,0
STAT,(NULL),Threads,72,72,72,0,0,0,0,0,0,0,0,0,0,0,0,0,0,0,0,0,0,0,0,0,0,0,0,0,0,0,0,0,0,0,0,0,0,0,0,0,0,0,0,0,0,0,0,0,0,0,0,0,0,0,0,0,0,0,0,0,0,0,0,0,0,0,0,0,0,0,0,0,0,0
STAT,(NULL),Time,72,3854,3854,0,0,0,0,0,0,0,0,0,0,0,0,0,0,0,0,0,0,0,0,0,0,0,0,0,0,0,0,0,0,0,0,0,0,0,0,0,0,0,0,0,0,0,0,0,0,0,0,0,0,0,0,0,0,0,0,0,0,0,0,0,0,0,0,0,0,0,0,0,0,0
STAT,match,Conflicts,72,5727,174,138,166,143,130,158,121,129,144,119,124,123,91,84,72,70,52,55,69,70,82,75,73,94,78,71,66,70,60,72,67,61,46,51,59,65,53,65,58,74,53,63,53,60,56,82,63,53,65,77,51,62,67,49,66,74,64,82,58,63,71,80,49,81,76,68,77,63,85,98,69,77
STAT,match,Iterations,72,14996583,172381,181985,173568,189446,181395,179545,192661,181038,182508,196744,179835,214179,201872,195334,199513,215341,194247,220351,220004,197324,217409,227657,210406,219678,206996,209303,218409,209801,204520,219450,227541,224436,221034,233970,227653,194555,228699,216606,239129,222828,202322,212279,226517,232759,242072,218806,222472,209056,219498,213307,236912,207874,212180,210499,226499,216987,196664,179278,209420,207863,193586,204992,219677,187707,229261,211558,203753,211395,183710,198329,208151,191849
STAT,popedge,Conflicts,72,0,0,0,0,0,0,0,0,0,0,0,0,0,0,0,0,0,0,0,0,0,0,0,0,0,0,0,0,0,0,0,0,0,0,0,0,0,0,0,0,0,0,0,0,0,0,0,0,0,0,0,0,0,0,0,0,0,0,0,0,0,0,0,0,0,0,0,0,0,0,0,0,0
STAT,popedge,Iterations,72,7351366,96492,93708,96267,92566,96826,97754,97576,92520,93903,98532,96186,109173,106171,104166,108012,104115,100891,105104,102153,103491,103842,104364,105258,104750,97208,97855,95537,96246,94232,105382,106241,104248,103201,105559,101979,104772,107483,108428,109198,110639,108849,109626,108806,105947,105873,112370,109074,102937,105587,106761,103456,103746,103921,105631,103831,105077,105351,100397,102048,99515,109746,94584,96218,100510,93609,92953,94321,98780,99441,102134,99205,99034
STAT,refine,Conflicts,72,3694,145,131,137,118,97,108,94,92,93,76,82,82,67,63,64,67,53,61,53,39,65,68,69,47,49,55,57,52,51,47,51,44,63,37,33,50,41,30,14,26,29,48,52,43,45,43,47,32,31,35,44,47,25,31,54,26,37,27,32,28,20,25,22,18,16,34,22,17,19,25,28,21
STAT,refine,Iterations,72,39708,500,614,592,411,498,545,540,329,359,396,483,752,398,595,611,481,393,708,757,375,354,624,555,634,445,514,666,412,531,643,506,989,757,868,709,941,643,548,309,689,810,708,966,1028,660,558,926,538,652,448,487,783,648,854,682,543,701,542,361,160,525,274,492,350,226,350,332,182,235,257,364,392
