Hello from MIC
Galois Benchmark Suite v2.2.0 (r0)
Copyright (C) 2013 The University of Texas at Austin
http://iss.ices.utexas.edu/galois/

application: GMetis
Partitions a graph into K parts and minimizing the graph cut
http://iss.ices.utexas.edu/?p=projects/galois/benchmarks/gMetis

INFO: CommandLine /work/02556/dpereira/MIC/apps/gmetis/gmetis -t=91 /work/02556/dpereira/Inputs/USA-road-d.W.gr 16
INFO: Hostname c557-903-mic0.stampede.tacc.utexas.edu
Created Graph with 6262104 nodes and 15248146 edges
Nodes 6262104| Edges 15248146 7624073

  Starting coarsening: 
Time coarsen:  2489 Size of final graph: 431

  Sarting initial partitioning using GGGP:
Size in decade percentages:  -1,1 -0,15
Time clustering:  360

  Sarting refinnement with BKL2
Initial dist
Size in decade percentages:  -1,1 -0,15
Refined dist
Size in decade percentages:  -1,5 -0,5 1,6
Time refinement:  1024


Time:  4050
Total edge cut : 1971

Part saved in : 0x7fffdb536b60
STATTYPE,LOOP,CATEGORY,n,sum,T0,T1,T2,T3,T4,T5,T6,T7,T8,T9,T10,T11,T12,T13,T14,T15,T16,T17,T18,T19,T20,T21,T22,T23,T24,T25,T26,T27,T28,T29,T30,T31,T32,T33,T34,T35,T36,T37,T38,T39,T40,T41,T42,T43,T44,T45,T46,T47,T48,T49,T50,T51,T52,T53,T54,T55,T56,T57,T58,T59,T60,T61,T62,T63,T64,T65,T66,T67,T68,T69,T70,T71,T72,T73,T74,T75,T76,T77,T78,T79,T80,T81,T82,T83,T84,T85,T86,T87,T88,T89,T90
STAT,(NULL),Coarsen,91,2489,2489,0,0,0,0,0,0,0,0,0,0,0,0,0,0,0,0,0,0,0,0,0,0,0,0,0,0,0,0,0,0,0,0,0,0,0,0,0,0,0,0,0,0,0,0,0,0,0,0,0,0,0,0,0,0,0,0,0,0,0,0,0,0,0,0,0,0,0,0,0,0,0,0,0,0,0,0,0,0,0,0,0,0,0,0,0,0,0,0,0,0
STAT,(NULL),Conflicts,91,0,0,0,0,0,0,0,0,0,0,0,0,0,0,0,0,0,0,0,0,0,0,0,0,0,0,0,0,0,0,0,0,0,0,0,0,0,0,0,0,0,0,0,0,0,0,0,0,0,0,0,0,0,0,0,0,0,0,0,0,0,0,0,0,0,0,0,0,0,0,0,0,0,0,0,0,0,0,0,0,0,0,0,0,0,0,0,0,0,0,0,0
STAT,(NULL),Iterations,91,31,5,0,0,0,0,0,2,0,0,0,0,0,2,0,0,0,0,0,0,0,0,0,0,0,0,0,1,0,0,0,0,3,3,0,0,0,0,0,1,0,1,0,0,0,0,0,0,0,0,0,0,0,0,0,3,0,0,0,4,0,0,0,0,0,1,0,0,1,0,0,2,0,0,0,0,0,0,0,0,0,0,0,0,0,0,0,0,0,2,0,0
STAT,(NULL),MeminfoPost,91,756497,8306,8340,8320,8303,8328,8382,8328,8306,8316,8333,8325,8301,8307,8326,8291,8315,8334,8317,8309,8312,8358,8375,8292,8312,8337,8325,8306,8301,8335,8294,8306,8321,8350,8309,8330,8312,8299,8312,8275,8319,8323,8297,8287,8299,8310,8350,8293,8325,8281,8285,8327,8332,8311,8304,8291,8288,8287,8305,8281,8356,8360,8296,8316,8273,8313,8337,8298,8304,8290,8291,8296,8315,8368,8331,8288,8301,8358,8350,8329,8310,8303,8283,8288,8312,8281,8281,8304,8287,8311,8318,8306
STAT,(NULL),MeminfoPre,91,189112,2071,2105,2085,2068,2093,2147,2093,2071,2081,2098,2090,2066,2072,2091,2056,2080,2099,2082,2074,2077,2123,2140,2057,2077,2102,2090,2071,2066,2100,2059,2071,2086,2115,2074,2095,2077,2064,2077,2040,2084,2088,2062,2052,2064,2075,2115,2058,2090,2046,2050,2092,2097,2076,2069,2056,2053,2052,2070,2046,2121,2125,2061,2081,2038,2078,2102,2063,2069,2055,2056,2061,2080,2133,2096,2053,2066,2123,2115,2094,2075,2068,2048,2053,2077,2046,2046,2069,2052,2076,2083,2071
STAT,(NULL),Partition,91,360,360,0,0,0,0,0,0,0,0,0,0,0,0,0,0,0,0,0,0,0,0,0,0,0,0,0,0,0,0,0,0,0,0,0,0,0,0,0,0,0,0,0,0,0,0,0,0,0,0,0,0,0,0,0,0,0,0,0,0,0,0,0,0,0,0,0,0,0,0,0,0,0,0,0,0,0,0,0,0,0,0,0,0,0,0,0,0,0,0,0,0
STAT,(NULL),Refine,91,1024,1024,0,0,0,0,0,0,0,0,0,0,0,0,0,0,0,0,0,0,0,0,0,0,0,0,0,0,0,0,0,0,0,0,0,0,0,0,0,0,0,0,0,0,0,0,0,0,0,0,0,0,0,0,0,0,0,0,0,0,0,0,0,0,0,0,0,0,0,0,0,0,0,0,0,0,0,0,0,0,0,0,0,0,0,0,0,0,0,0,0,0
STAT,(NULL),Threads,91,91,91,0,0,0,0,0,0,0,0,0,0,0,0,0,0,0,0,0,0,0,0,0,0,0,0,0,0,0,0,0,0,0,0,0,0,0,0,0,0,0,0,0,0,0,0,0,0,0,0,0,0,0,0,0,0,0,0,0,0,0,0,0,0,0,0,0,0,0,0,0,0,0,0,0,0,0,0,0,0,0,0,0,0,0,0,0,0,0,0,0,0
STAT,(NULL),Time,91,4050,4050,0,0,0,0,0,0,0,0,0,0,0,0,0,0,0,0,0,0,0,0,0,0,0,0,0,0,0,0,0,0,0,0,0,0,0,0,0,0,0,0,0,0,0,0,0,0,0,0,0,0,0,0,0,0,0,0,0,0,0,0,0,0,0,0,0,0,0,0,0,0,0,0,0,0,0,0,0,0,0,0,0,0,0,0,0,0,0,0,0,0
STAT,match,Conflicts,91,6354,168,129,104,118,93,100,111,96,93,114,100,111,97,87,100,90,96,93,95,81,85,76,91,69,88,79,92,95,106,69,45,49,48,52,41,60,44,54,55,55,57,52,51,51,54,67,42,46,53,59,54,70,67,66,55,58,42,65,50,78,61,76,53,52,71,53,47,52,50,55,59,53,51,45,45,52,58,75,80,69,57,61,58,69,52,47,54,58,63,76,36
STAT,match,Iterations,91,15015728,121144,141680,140127,135942,143974,140186,141160,143623,129794,124202,138447,142869,141787,150106,143711,134057,142867,143502,151687,148767,160573,147558,159057,154215,144007,152969,150553,142014,151337,163683,197911,171042,166007,187826,179879,197578,183136,183372,193139,168502,178365,178731,177343,199979,181950,155437,214997,171234,200367,181162,175224,162712,180744,175727,178410,172276,190917,170225,178024,145975,172714,164633,181984,178043,183194,165546,183989,171672,183504,154246,163509,168558,164147,169560,183056,167185,154724,145046,171368,176071,171009,182527,172458,157332,166797,190986,172177,167069,164067,160949,183819
STAT,popedge,Conflicts,91,0,0,0,0,0,0,0,0,0,0,0,0,0,0,0,0,0,0,0,0,0,0,0,0,0,0,0,0,0,0,0,0,0,0,0,0,0,0,0,0,0,0,0,0,0,0,0,0,0,0,0,0,0,0,0,0,0,0,0,0,0,0,0,0,0,0,0,0,0,0,0,0,0,0,0,0,0,0,0,0,0,0,0,0,0,0,0,0,0,0,0,0
STAT,popedge,Iterations,91,7362975,77641,75569,78086,78122,75450,76127,74619,77754,76733,76759,79583,76678,78471,78918,78415,80401,77376,78687,79551,80047,78112,76941,79635,80415,78012,77937,79294,79890,79654,80448,86148,82726,79571,80166,79791,84085,84262,88021,89387,81909,84662,84803,80813,88308,87575,85562,87688,88817,91388,89225,89740,87013,90697,88561,92753,88651,87545,88905,92048,89565,84790,76963,70558,75973,75343,72332,71011,75855,73658,77244,74011,74401,72850,75383,74401,77123,79109,79646,79905,77321,80460,76638,81655,83634,82688,78934,79096,86166,87012,79955,83150
STAT,refine,Conflicts,91,4340,149,144,133,136,120,110,98,111,85,102,71,99,76,90,87,61,70,52,66,69,33,61,55,65,49,52,64,67,73,66,43,35,36,44,31,26,35,41,26,33,33,35,28,41,36,44,36,34,27,27,42,16,33,31,26,39,45,40,24,33,37,28,33,17,23,26,30,32,31,23,26,17,21,26,27,20,27,29,32,20,27,20,27,31,23,24,21,31,28,23,26
STAT,refine,Iterations,91,39719,566,537,412,460,521,464,816,450,446,452,363,420,397,442,442,414,410,334,507,446,377,825,333,395,330,373,413,440,427,702,561,334,564,510,419,412,654,414,235,303,539,456,510,676,570,534,464,500,241,247,484,314,394,485,384,450,758,437,504,450,526,388,345,258,364,288,364,517,339,488,397,258,369,401,294,358,301,275,400,600,509,400,421,279,258,309,251,447,549,318,731
