Hello from MIC
Galois Benchmark Suite v2.2.0 (r0)
Copyright (C) 2013 The University of Texas at Austin
http://iss.ices.utexas.edu/galois/

application: GMetis
Partitions a graph into K parts and minimizing the graph cut
http://iss.ices.utexas.edu/?p=projects/galois/benchmarks/gMetis

INFO: CommandLine /work/02556/dpereira/MIC/apps/gmetis/gmetis -t=239 /work/02556/dpereira/Inputs/USA-road-d.W.gr 16
INFO: Hostname c558-003-mic0.stampede.tacc.utexas.edu
Created Graph with 6262104 nodes and 15248146 edges
Nodes 6262104| Edges 15248146 7624073

  Starting coarsening: 
Time coarsen:  5328 Size of final graph: 448

  Sarting initial partitioning using GGGP:
Size in decade percentages:  -0,16
Time clustering:  379

  Sarting refinnement with BKL2
Initial dist
Size in decade percentages:  -0,16
Refined dist
Size in decade percentages:  -1,4 -0,6 1,6
Time refinement:  3629


Time:  9515
Total edge cut : 1864

Part saved in : 0x7fff041e0be0
STATTYPE,LOOP,CATEGORY,n,sum,T0,T1,T2,T3,T4,T5,T6,T7,T8,T9,T10,T11,T12,T13,T14,T15,T16,T17,T18,T19,T20,T21,T22,T23,T24,T25,T26,T27,T28,T29,T30,T31,T32,T33,T34,T35,T36,T37,T38,T39,T40,T41,T42,T43,T44,T45,T46,T47,T48,T49,T50,T51,T52,T53,T54,T55,T56,T57,T58,T59,T60,T61,T62,T63,T64,T65,T66,T67,T68,T69,T70,T71,T72,T73,T74,T75,T76,T77,T78,T79,T80,T81,T82,T83,T84,T85,T86,T87,T88,T89,T90,T91,T92,T93,T94,T95,T96,T97,T98,T99,T100,T101,T102,T103,T104,T105,T106,T107,T108,T109,T110,T111,T112,T113,T114,T115,T116,T117,T118,T119,T120,T121,T122,T123,T124,T125,T126,T127,T128,T129,T130,T131,T132,T133,T134,T135,T136,T137,T138,T139,T140,T141,T142,T143,T144,T145,T146,T147,T148,T149,T150,T151,T152,T153,T154,T155,T156,T157,T158,T159,T160,T161,T162,T163,T164,T165,T166,T167,T168,T169,T170,T171,T172,T173,T174,T175,T176,T177,T178,T179,T180,T181,T182,T183,T184,T185,T186,T187,T188,T189,T190,T191,T192,T193,T194,T195,T196,T197,T198,T199,T200,T201,T202,T203,T204,T205,T206,T207,T208,T209,T210,T211,T212,T213,T214,T215,T216,T217,T218,T219,T220,T221,T222,T223,T224,T225,T226,T227,T228,T229,T230,T231,T232,T233,T234,T235,T236,T237,T238
STAT,(NULL),Coarsen,239,5328,5328,0,0,0,0,0,0,0,0,0,0,0,0,0,0,0,0,0,0,0,0,0,0,0,0,0,0,0,0,0,0,0,0,0,0,0,0,0,0,0,0,0,0,0,0,0,0,0,0,0,0,0,0,0,0,0,0,0,0,0,0,0,0,0,0,0,0,0,0,0,0,0,0,0,0,0,0,0,0,0,0,0,0,0,0,0,0,0,0,0,0,0,0,0,0,0,0,0,0,0,0,0,0,0,0,0,0,0,0,0,0,0,0,0,0,0,0,0,0,0,0,0,0,0,0,0,0,0,0,0,0,0,0,0,0,0,0,0,0,0,0,0,0,0,0,0,0,0,0,0,0,0,0,0,0,0,0,0,0,0,0,0,0,0,0,0,0,0,0,0,0,0,0,0,0,0,0,0,0,0,0,0,0,0,0,0,0,0,0,0,0,0,0,0,0,0,0,0,0,0,0,0,0,0,0,0,0,0,0,0,0,0,0,0,0,0,0,0,0,0,0,0,0,0,0,0,0,0,0,0,0,0,0,0,0,0,0,0,0
STAT,(NULL),Conflicts,239,0,0,0,0,0,0,0,0,0,0,0,0,0,0,0,0,0,0,0,0,0,0,0,0,0,0,0,0,0,0,0,0,0,0,0,0,0,0,0,0,0,0,0,0,0,0,0,0,0,0,0,0,0,0,0,0,0,0,0,0,0,0,0,0,0,0,0,0,0,0,0,0,0,0,0,0,0,0,0,0,0,0,0,0,0,0,0,0,0,0,0,0,0,0,0,0,0,0,0,0,0,0,0,0,0,0,0,0,0,0,0,0,0,0,0,0,0,0,0,0,0,0,0,0,0,0,0,0,0,0,0,0,0,0,0,0,0,0,0,0,0,0,0,0,0,0,0,0,0,0,0,0,0,0,0,0,0,0,0,0,0,0,0,0,0,0,0,0,0,0,0,0,0,0,0,0,0,0,0,0,0,0,0,0,0,0,0,0,0,0,0,0,0,0,0,0,0,0,0,0,0,0,0,0,0,0,0,0,0,0,0,0,0,0,0,0,0,0,0,0,0,0,0,0,0,0,0,0,0,0,0,0,0,0,0,0,0,0,0,0
STAT,(NULL),Iterations,239,31,5,0,0,0,0,0,0,0,0,0,0,0,0,0,3,0,0,0,0,0,0,0,0,0,0,0,0,0,0,0,1,0,0,0,0,0,0,0,0,0,0,0,0,0,0,0,0,0,0,0,0,2,0,0,0,0,0,0,0,0,0,0,0,0,0,1,0,0,0,0,0,0,0,0,0,0,0,2,0,0,0,0,0,0,0,0,0,0,2,0,0,0,0,0,0,0,0,0,0,0,0,0,0,0,0,0,0,1,0,0,0,0,0,0,0,0,0,0,0,0,0,0,4,0,0,1,0,0,0,0,0,0,0,0,0,0,0,0,0,0,0,0,0,0,0,0,0,0,0,1,0,0,0,0,0,0,1,0,0,0,0,0,0,0,0,0,0,0,2,0,0,0,0,0,0,0,0,0,0,0,0,0,0,0,0,0,0,0,0,0,0,0,0,0,0,0,0,0,0,0,0,0,0,3,0,0,0,0,0,0,0,0,0,0,0,0,1,0,0,0,0,0,0,0,0,0,0,0,0,1,0,0,0,0,0,0,0,0,0
STAT,(NULL),MeminfoPost,239,756818,3171,3167,3167,3172,3172,3180,3166,3164,3178,3152,3156,3175,3170,3182,3191,3212,3184,3159,3156,3165,3165,3155,3174,3169,3180,3173,3173,3173,3172,3171,3150,3164,3157,3172,3172,3178,3159,3165,3153,3162,3170,3168,3166,3174,3172,3180,3166,3164,3179,3152,3156,3176,3170,3181,3191,3213,3186,3160,3156,3165,3165,3155,3173,3167,3182,3172,3175,3172,3172,3170,3150,3165,3158,3169,3173,3178,3159,3165,3154,3163,3163,3176,3170,3163,3166,3181,3196,3160,3163,3171,3175,3173,3159,3168,3168,3159,3165,3158,3158,3178,3155,3148,3161,3167,3173,3177,3164,3162,3163,3161,3161,3158,3153,3160,3153,3169,3153,3176,3191,3187,3169,3155,3158,3159,3161,3189,3158,3155,3148,3150,3158,3169,3171,3178,3165,3177,3178,3161,3165,3161,3157,3172,3156,3162,3160,3163,3148,3156,3154,3164,3148,3173,3163,3156,3151,3176,3182,3192,3185,3188,3167,3156,3161,3157,3182,3155,3150,3150,3165,3168,3175,3169,3177,3165,3165,3156,3169,3159,3161,3165,3151,3154,3152,3162,3154,3174,3153,3161,3181,3188,3183,3194,3181,3163,3159,3158,3158,3156,3163,3166,3182,3197,3181,3170,3190,3183,3167,3154,3163,3177,3154,3166,3163,3164,3158,3151,3148,3165,3152,3144,3207,3147,3150,3151,3162,3152,3154,3161,3168,3157,3157,3167,3167,3168,3166,3168,3166,3165,3162
STAT,(NULL),MeminfoPre,239,189193,796,792,792,797,797,805,791,789,803,777,781,800,795,807,816,837,809,784,781,790,790,780,799,794,805,798,798,798,797,796,775,789,782,797,797,803,784,790,778,787,795,793,791,799,797,805,791,789,804,777,781,801,795,806,816,838,811,785,781,790,790,780,798,792,807,797,800,797,797,795,775,790,783,794,798,803,784,790,779,788,788,801,795,788,791,806,821,785,788,796,800,798,784,793,793,784,790,783,783,803,780,773,786,792,798,802,789,787,788,786,786,783,778,785,778,794,778,801,816,812,794,780,783,784,786,814,783,780,773,775,783,794,796,803,790,802,803,786,790,786,782,797,781,787,785,788,773,781,779,789,773,798,788,781,776,801,807,817,810,813,792,781,786,782,807,780,775,775,790,793,800,794,802,790,790,781,794,784,786,790,776,779,777,787,779,799,778,786,806,813,808,819,806,788,784,783,783,781,788,791,807,822,806,795,815,808,792,779,788,802,779,791,788,789,783,776,773,790,777,769,832,772,775,776,787,777,779,786,793,782,782,792,792,793,791,793,791,790,787
STAT,(NULL),Partition,239,379,379,0,0,0,0,0,0,0,0,0,0,0,0,0,0,0,0,0,0,0,0,0,0,0,0,0,0,0,0,0,0,0,0,0,0,0,0,0,0,0,0,0,0,0,0,0,0,0,0,0,0,0,0,0,0,0,0,0,0,0,0,0,0,0,0,0,0,0,0,0,0,0,0,0,0,0,0,0,0,0,0,0,0,0,0,0,0,0,0,0,0,0,0,0,0,0,0,0,0,0,0,0,0,0,0,0,0,0,0,0,0,0,0,0,0,0,0,0,0,0,0,0,0,0,0,0,0,0,0,0,0,0,0,0,0,0,0,0,0,0,0,0,0,0,0,0,0,0,0,0,0,0,0,0,0,0,0,0,0,0,0,0,0,0,0,0,0,0,0,0,0,0,0,0,0,0,0,0,0,0,0,0,0,0,0,0,0,0,0,0,0,0,0,0,0,0,0,0,0,0,0,0,0,0,0,0,0,0,0,0,0,0,0,0,0,0,0,0,0,0,0,0,0,0,0,0,0,0,0,0,0,0,0,0,0,0,0,0,0
STAT,(NULL),Refine,239,3629,3629,0,0,0,0,0,0,0,0,0,0,0,0,0,0,0,0,0,0,0,0,0,0,0,0,0,0,0,0,0,0,0,0,0,0,0,0,0,0,0,0,0,0,0,0,0,0,0,0,0,0,0,0,0,0,0,0,0,0,0,0,0,0,0,0,0,0,0,0,0,0,0,0,0,0,0,0,0,0,0,0,0,0,0,0,0,0,0,0,0,0,0,0,0,0,0,0,0,0,0,0,0,0,0,0,0,0,0,0,0,0,0,0,0,0,0,0,0,0,0,0,0,0,0,0,0,0,0,0,0,0,0,0,0,0,0,0,0,0,0,0,0,0,0,0,0,0,0,0,0,0,0,0,0,0,0,0,0,0,0,0,0,0,0,0,0,0,0,0,0,0,0,0,0,0,0,0,0,0,0,0,0,0,0,0,0,0,0,0,0,0,0,0,0,0,0,0,0,0,0,0,0,0,0,0,0,0,0,0,0,0,0,0,0,0,0,0,0,0,0,0,0,0,0,0,0,0,0,0,0,0,0,0,0,0,0,0,0,0
STAT,(NULL),Threads,239,239,239,0,0,0,0,0,0,0,0,0,0,0,0,0,0,0,0,0,0,0,0,0,0,0,0,0,0,0,0,0,0,0,0,0,0,0,0,0,0,0,0,0,0,0,0,0,0,0,0,0,0,0,0,0,0,0,0,0,0,0,0,0,0,0,0,0,0,0,0,0,0,0,0,0,0,0,0,0,0,0,0,0,0,0,0,0,0,0,0,0,0,0,0,0,0,0,0,0,0,0,0,0,0,0,0,0,0,0,0,0,0,0,0,0,0,0,0,0,0,0,0,0,0,0,0,0,0,0,0,0,0,0,0,0,0,0,0,0,0,0,0,0,0,0,0,0,0,0,0,0,0,0,0,0,0,0,0,0,0,0,0,0,0,0,0,0,0,0,0,0,0,0,0,0,0,0,0,0,0,0,0,0,0,0,0,0,0,0,0,0,0,0,0,0,0,0,0,0,0,0,0,0,0,0,0,0,0,0,0,0,0,0,0,0,0,0,0,0,0,0,0,0,0,0,0,0,0,0,0,0,0,0,0,0,0,0,0,0,0
STAT,(NULL),Time,239,9515,9515,0,0,0,0,0,0,0,0,0,0,0,0,0,0,0,0,0,0,0,0,0,0,0,0,0,0,0,0,0,0,0,0,0,0,0,0,0,0,0,0,0,0,0,0,0,0,0,0,0,0,0,0,0,0,0,0,0,0,0,0,0,0,0,0,0,0,0,0,0,0,0,0,0,0,0,0,0,0,0,0,0,0,0,0,0,0,0,0,0,0,0,0,0,0,0,0,0,0,0,0,0,0,0,0,0,0,0,0,0,0,0,0,0,0,0,0,0,0,0,0,0,0,0,0,0,0,0,0,0,0,0,0,0,0,0,0,0,0,0,0,0,0,0,0,0,0,0,0,0,0,0,0,0,0,0,0,0,0,0,0,0,0,0,0,0,0,0,0,0,0,0,0,0,0,0,0,0,0,0,0,0,0,0,0,0,0,0,0,0,0,0,0,0,0,0,0,0,0,0,0,0,0,0,0,0,0,0,0,0,0,0,0,0,0,0,0,0,0,0,0,0,0,0,0,0,0,0,0,0,0,0,0,0,0,0,0,0,0
STAT,match,Conflicts,239,6458,47,43,44,39,36,39,38,37,40,41,42,39,34,49,36,41,28,37,39,33,49,33,40,33,35,34,40,33,35,44,36,41,33,30,31,41,36,31,31,40,36,32,39,32,30,31,26,38,31,28,26,33,30,38,32,28,39,30,33,26,34,29,26,23,25,33,25,24,28,19,24,19,23,26,26,19,26,27,23,22,32,24,29,27,16,21,20,22,22,23,19,25,28,28,23,20,30,25,20,24,26,23,24,29,25,24,23,23,25,23,28,28,21,22,24,24,23,22,22,26,23,28,25,22,24,24,20,28,21,23,23,21,21,19,22,23,18,24,26,26,23,25,22,28,16,27,25,23,28,20,25,24,22,23,28,27,29,26,20,23,25,26,26,27,32,21,21,23,21,34,24,23,21,26,29,28,24,28,26,19,25,23,25,21,27,30,29,20,23,20,22,29,31,28,24,22,25,18,25,24,32,19,19,25,31,25,19,20,18,24,22,24,25,27,21,24,21,19,24,28,19,22,25,24,25,25,17,22,23,27,28,26,23,24,30,22,19,17,23
STAT,match,Iterations,239,15061176,36698,47564,39359,39452,41089,56568,55599,54426,43114,55661,37789,49013,28757,60314,46670,47953,70780,50563,43410,45939,48354,56269,58843,39759,60348,51447,47681,49409,48779,42314,47526,37620,49257,56828,43127,52993,46990,41919,48582,39107,60490,66605,58728,52368,59387,48843,54548,48070,56773,47920,59685,66084,49661,58426,44985,46142,58686,76948,53212,73449,54659,51492,54266,70559,83893,64212,66138,62876,61773,72799,67068,66245,36363,54186,67222,56699,87632,67415,67229,75189,64695,83468,47443,54913,70844,75493,61671,60837,57545,63477,76152,73438,70925,78998,57994,85711,70549,52988,66074,67113,67271,68909,77153,62880,48635,60658,74056,70469,69199,64549,73910,66931,82531,82578,56187,62422,46785,67280,71929,69173,68847,85653,59289,66335,61804,57598,75815,69851,58967,78264,74439,89174,68696,80324,43095,84747,75979,53029,67724,65076,70423,66223,63318,56551,92067,45241,48592,83273,74787,57540,60248,85252,72483,64709,50275,46531,54094,77175,64393,62571,54762,56298,86807,66488,62425,70619,73403,72346,68728,66840,63723,79097,50732,82102,56267,55267,81013,67189,83392,59933,63489,77742,77010,45740,74833,48687,64171,76489,59030,56244,73763,48130,68483,74245,56985,86916,77498,78242,66928,67086,64219,76549,82356,68002,68342,57094,53417,90701,52678,77274,63699,44858,60816,57271,80505,81362,65476,80207,70927,77372,64497,76495,73167,58895,67128,68861,75453,84913,59553,63274,70412,67837,62721,55484,55852,65969,71057,73032,63229
STAT,popedge,Conflicts,239,0,0,0,0,0,0,0,0,0,0,0,0,0,0,0,0,0,0,0,0,0,0,0,0,0,0,0,0,0,0,0,0,0,0,0,0,0,0,0,0,0,0,0,0,0,0,0,0,0,0,0,0,0,0,0,0,0,0,0,0,0,0,0,0,0,0,0,0,0,0,0,0,0,0,0,0,0,0,0,0,0,0,0,0,0,0,0,0,0,0,0,0,0,0,0,0,0,0,0,0,0,0,0,0,0,0,0,0,0,0,0,0,0,0,0,0,0,0,0,0,0,0,0,0,0,0,0,0,0,0,0,0,0,0,0,0,0,0,0,0,0,0,0,0,0,0,0,0,0,0,0,0,0,0,0,0,0,0,0,0,0,0,0,0,0,0,0,0,0,0,0,0,0,0,0,0,0,0,0,0,0,0,0,0,0,0,0,0,0,0,0,0,0,0,0,0,0,0,0,0,0,0,0,0,0,0,0,0,0,0,0,0,0,0,0,0,0,0,0,0,0,0,0,0,0,0,0,0,0,0,0,0,0,0,0,0,0,0,0,0
STAT,popedge,Iterations,239,7378695,28710,30518,28884,30918,29043,31223,30788,31716,29442,30258,30132,29343,29914,31011,30729,30307,28738,31380,31499,30313,29381,30258,30240,30974,30939,29289,30585,30795,30092,30337,31463,31251,30846,30849,30524,30799,29829,31634,31530,32070,31370,29972,31270,29624,30403,31111,30502,31248,30247,30721,31205,30487,30234,30896,29723,28914,34085,32298,35090,34820,35146,30176,30544,30234,28930,28697,29923,29808,30851,28862,32823,30540,30097,29969,31959,30972,29366,30406,30655,29728,30197,31186,30291,30105,30860,31915,30284,31099,31208,30248,28291,29720,28914,30218,30924,31049,30409,31206,31909,29424,31520,31946,31367,31775,29709,29509,30527,29261,31435,29579,30885,30322,31379,30389,28933,30101,31337,35054,32385,33317,34359,32841,30457,29274,30587,28815,30548,29440,29117,31994,28466,33304,31373,36250,29903,31473,35522,30436,30361,32088,31810,30714,29362,28900,31454,31243,32145,29814,29213,30271,31536,30840,29392,31595,32468,30690,30184,30545,29899,29085,31118,31615,29401,32846,31459,30486,29455,30469,30511,29677,29126,31058,30737,29694,31161,29670,30955,30476,33756,33000,34721,34047,36060,30122,30508,31003,30273,28689,30552,30053,31326,28742,31347,28892,29760,28737,35710,32519,30816,29589,33437,31551,34280,29678,30612,31069,29725,31292,32289,29646,30414,31808,30003,30370,33053,30619,31147,32411,30887,29594,30519,30806,33654,31596,32134,30269,31428,32160,32644,30205,31505,30290,31987,32313,30367,30765,31908,30499,29213
STAT,refine,Conflicts,239,6425,116,114,111,108,97,94,94,95,86,92,83,80,82,81,82,60,67,67,80,59,61,63,61,56,66,68,58,61,74,58,45,32,51,44,34,42,48,51,32,32,49,29,35,40,48,36,40,43,43,44,49,37,37,36,27,56,44,40,35,35,31,16,19,13,13,11,13,11,12,26,17,13,23,13,18,14,20,17,16,29,20,11,16,14,11,22,17,8,16,14,22,20,13,24,23,10,18,13,16,12,18,14,16,15,15,20,17,9,17,18,13,18,11,20,9,15,19,23,17,16,21,15,20,17,17,12,12,10,14,16,11,21,8,15,14,17,26,12,9,24,16,11,13,13,15,11,13,14,19,11,14,16,11,12,18,15,8,16,30,26,18,11,23,10,22,20,15,20,13,24,15,19,10,18,17,24,19,22,37,25,23,22,26,14,21,13,18,10,15,8,18,18,13,10,17,14,19,19,18,14,15,16,16,7,12,9,8,16,18,16,13,9,12,9,17,10,15,15,10,23,16,9,10,15,11,11,23,19,14,11,11,22,14,15,7,19,14,7,13
STAT,refine,Iterations,239,40237,323,379,333,316,253,293,333,350,269,329,247,229,255,301,237,202,289,351,254,226,225,212,243,163,261,222,174,159,175,195,104,125,166,215,191,192,148,207,145,114,197,182,188,173,158,197,145,238,142,218,214,175,187,176,149,155,252,307,192,220,149,124,153,99,138,137,126,184,124,211,145,99,129,100,174,194,196,217,205,194,192,133,155,156,127,164,201,108,111,106,125,92,104,170,175,194,168,98,230,66,103,142,155,114,119,125,147,98,157,130,263,184,215,170,85,136,106,223,254,251,186,126,163,142,137,87,144,114,110,121,101,210,141,123,141,194,158,132,165,228,158,172,116,135,165,132,150,183,152,73,86,173,60,90,109,166,178,156,233,384,121,107,181,163,145,84,104,112,155,159,115,271,124,173,200,162,167,151,301,175,155,239,222,88,177,100,147,120,130,129,256,208,164,131,114,147,183,149,155,157,211,250,216,78,130,153,108,179,179,142,81,152,72,76,97,87,118,169,92,186,162,103,75,106,184,122,135,134,152,85,151,111,308,109,130,145,186,182,126
