Hello from MIC
Galois Benchmark Suite v2.2.0 (r0)
Copyright (C) 2013 The University of Texas at Austin
http://iss.ices.utexas.edu/galois/

application: GMetis
Partitions a graph into K parts and minimizing the graph cut
http://iss.ices.utexas.edu/?p=projects/galois/benchmarks/gMetis

INFO: CommandLine /work/02556/dpereira/MIC/apps/gmetis/gmetis -t=124 /work/02556/dpereira/Inputs/USA-road-d.W.gr 1024
INFO: Hostname c558-401-mic0.stampede.tacc.utexas.edu
Created Graph with 6262104 nodes and 15248146 edges
Nodes 6262104| Edges 15248146 7624073

  Starting coarsening: 
Time coarsen:  2106 Size of final graph: 21577

  Sarting initial partitioning using GGGP:
Size in decade percentages:  -1,81 -0,871 1,72
Time clustering:  1006

  Sarting refinnement with BKL2
Initial dist
Size in decade percentages:  -1,81 -0,871 1,72
Refined dist
Size in decade percentages:  -1,375 0,265 1,383 3,1
Time refinement:  1186


Time:  4477
Total edge cut : 32280

Part saved in : 0x7fff3681d3e0
STATTYPE,LOOP,CATEGORY,n,sum,T0,T1,T2,T3,T4,T5,T6,T7,T8,T9,T10,T11,T12,T13,T14,T15,T16,T17,T18,T19,T20,T21,T22,T23,T24,T25,T26,T27,T28,T29,T30,T31,T32,T33,T34,T35,T36,T37,T38,T39,T40,T41,T42,T43,T44,T45,T46,T47,T48,T49,T50,T51,T52,T53,T54,T55,T56,T57,T58,T59,T60,T61,T62,T63,T64,T65,T66,T67,T68,T69,T70,T71,T72,T73,T74,T75,T76,T77,T78,T79,T80,T81,T82,T83,T84,T85,T86,T87,T88,T89,T90,T91,T92,T93,T94,T95,T96,T97,T98,T99,T100,T101,T102,T103,T104,T105,T106,T107,T108,T109,T110,T111,T112,T113,T114,T115,T116,T117,T118,T119,T120,T121,T122,T123
STAT,(NULL),Coarsen,124,2106,2106,0,0,0,0,0,0,0,0,0,0,0,0,0,0,0,0,0,0,0,0,0,0,0,0,0,0,0,0,0,0,0,0,0,0,0,0,0,0,0,0,0,0,0,0,0,0,0,0,0,0,0,0,0,0,0,0,0,0,0,0,0,0,0,0,0,0,0,0,0,0,0,0,0,0,0,0,0,0,0,0,0,0,0,0,0,0,0,0,0,0,0,0,0,0,0,0,0,0,0,0,0,0,0,0,0,0,0,0,0,0,0,0,0,0,0,0,0,0,0,0,0,0,0
STAT,(NULL),Conflicts,124,0,0,0,0,0,0,0,0,0,0,0,0,0,0,0,0,0,0,0,0,0,0,0,0,0,0,0,0,0,0,0,0,0,0,0,0,0,0,0,0,0,0,0,0,0,0,0,0,0,0,0,0,0,0,0,0,0,0,0,0,0,0,0,0,0,0,0,0,0,0,0,0,0,0,0,0,0,0,0,0,0,0,0,0,0,0,0,0,0,0,0,0,0,0,0,0,0,0,0,0,0,0,0,0,0,0,0,0,0,0,0,0,0,0,0,0,0,0,0,0,0,0,0,0,0
STAT,(NULL),Iterations,124,2047,11,10,20,10,21,12,19,12,19,23,25,10,25,18,28,36,22,19,15,12,25,12,11,17,17,14,17,17,22,22,11,18,15,16,19,14,13,22,10,9,12,10,15,17,24,12,21,10,4,16,12,18,16,12,21,9,10,15,19,6,18,15,5,20,13,24,14,17,14,19,24,19,12,20,22,18,15,28,26,14,12,24,12,22,22,12,15,17,19,18,18,19,15,13,17,14,13,30,12,12,18,19,15,20,18,23,12,16,9,14,13,20,21,19,12,16,13,15,21,16,11,19,22,5
STAT,(NULL),MeminfoPost,124,756546,6109,6111,6111,6104,6096,6105,6108,6151,6147,6084,6090,6099,6119,6116,6113,6091,6094,6107,6112,6083,6093,6093,6120,6113,6102,6101,6100,6120,6166,6121,6088,6087,6114,6113,6102,6121,6089,6094,6110,6102,6088,6095,6115,6097,6139,6097,6111,6103,6108,6086,6091,6104,6071,6098,6118,6096,6091,6090,6076,6093,6088,6140,6110,6084,6094,6108,6072,6078,6107,6111,6120,6100,6083,6100,6089,6085,6077,6088,6096,6080,6101,6139,6139,6092,6087,6108,6070,6093,6111,6117,6094,6094,6086,6083,6078,6084,6094,6104,6141,6140,6098,6087,6079,6107,6147,6116,6141,6081,6111,6087,6094,6085,6076,6078,6111,6069,6092,6059,6110,6088,6099,6099,6102,6099
STAT,(NULL),MeminfoPre,124,189122,1533,1535,1535,1528,1520,1529,1532,1575,1571,1508,1514,1523,1543,1540,1537,1515,1518,1531,1536,1507,1517,1517,1544,1537,1526,1525,1524,1544,1590,1545,1512,1511,1538,1537,1526,1545,1513,1518,1534,1526,1512,1519,1539,1521,1563,1521,1535,1527,1532,1510,1515,1528,1495,1522,1542,1520,1515,1514,1500,1517,1512,1564,1534,1508,1518,1532,1496,1502,1531,1535,1544,1524,1507,1524,1513,1509,1501,1512,1520,1504,1525,1563,1563,1516,1511,1532,1494,1517,1535,1541,1518,1518,1510,1507,1502,1508,1518,1528,1565,1564,1522,1511,1503,1531,1571,1540,1565,1505,1535,1511,1518,1509,1500,1502,1535,1493,1516,1483,1534,1512,1523,1523,1526,1523
STAT,(NULL),Partition,124,1006,1006,0,0,0,0,0,0,0,0,0,0,0,0,0,0,0,0,0,0,0,0,0,0,0,0,0,0,0,0,0,0,0,0,0,0,0,0,0,0,0,0,0,0,0,0,0,0,0,0,0,0,0,0,0,0,0,0,0,0,0,0,0,0,0,0,0,0,0,0,0,0,0,0,0,0,0,0,0,0,0,0,0,0,0,0,0,0,0,0,0,0,0,0,0,0,0,0,0,0,0,0,0,0,0,0,0,0,0,0,0,0,0,0,0,0,0,0,0,0,0,0,0,0,0
STAT,(NULL),Refine,124,1186,1186,0,0,0,0,0,0,0,0,0,0,0,0,0,0,0,0,0,0,0,0,0,0,0,0,0,0,0,0,0,0,0,0,0,0,0,0,0,0,0,0,0,0,0,0,0,0,0,0,0,0,0,0,0,0,0,0,0,0,0,0,0,0,0,0,0,0,0,0,0,0,0,0,0,0,0,0,0,0,0,0,0,0,0,0,0,0,0,0,0,0,0,0,0,0,0,0,0,0,0,0,0,0,0,0,0,0,0,0,0,0,0,0,0,0,0,0,0,0,0,0,0,0,0
STAT,(NULL),Threads,124,124,124,0,0,0,0,0,0,0,0,0,0,0,0,0,0,0,0,0,0,0,0,0,0,0,0,0,0,0,0,0,0,0,0,0,0,0,0,0,0,0,0,0,0,0,0,0,0,0,0,0,0,0,0,0,0,0,0,0,0,0,0,0,0,0,0,0,0,0,0,0,0,0,0,0,0,0,0,0,0,0,0,0,0,0,0,0,0,0,0,0,0,0,0,0,0,0,0,0,0,0,0,0,0,0,0,0,0,0,0,0,0,0,0,0,0,0,0,0,0,0,0,0,0,0
STAT,(NULL),Time,124,4477,4477,0,0,0,0,0,0,0,0,0,0,0,0,0,0,0,0,0,0,0,0,0,0,0,0,0,0,0,0,0,0,0,0,0,0,0,0,0,0,0,0,0,0,0,0,0,0,0,0,0,0,0,0,0,0,0,0,0,0,0,0,0,0,0,0,0,0,0,0,0,0,0,0,0,0,0,0,0,0,0,0,0,0,0,0,0,0,0,0,0,0,0,0,0,0,0,0,0,0,0,0,0,0,0,0,0,0,0,0,0,0,0,0,0,0,0,0,0,0,0,0,0,0,0
STAT,match,Conflicts,124,5640,73,69,72,58,64,60,67,50,57,73,72,64,51,62,63,61,64,64,60,57,65,68,46,74,52,68,63,59,43,53,47,55,57,48,49,49,45,51,41,43,46,54,43,44,53,44,47,49,46,39,58,40,49,48,65,55,46,38,45,52,47,32,30,34,29,34,32,36,28,33,46,35,37,32,28,38,43,41,39,47,40,45,45,35,50,31,45,43,35,26,30,34,42,32,37,29,33,32,45,34,29,29,35,30,38,33,44,29,34,40,30,42,43,28,52,47,42,42,43,34,29,38,30,37
STAT,match,Iterations,124,14935253,79120,72818,94522,112391,104497,112281,118535,109615,121296,112736,106958,109881,103372,104648,106379,129384,94804,120928,99295,108404,105248,113342,107776,108559,106200,116460,114571,111980,109375,112451,125817,106643,105615,108538,115942,104479,113060,105777,119604,132685,119207,104090,114692,113916,113979,101276,115299,115778,120652,118403,94310,139523,113110,119334,94822,108869,127671,114028,118890,100839,128362,120570,105134,133199,145505,144294,145847,123004,130314,120187,131536,121982,143984,118083,152042,141262,126120,135204,148055,132811,121949,108981,135428,133105,139716,148267,123179,118408,147368,131464,128619,135585,117971,142060,145139,129052,136570,127089,131663,134595,134866,125009,130914,134064,125657,126519,130792,136705,133940,121278,145980,119165,127020,135363,109402,122096,118529,135785,114477,118821,133046,118671,114413,104364
STAT,popedge,Conflicts,124,0,0,0,0,0,0,0,0,0,0,0,0,0,0,0,0,0,0,0,0,0,0,0,0,0,0,0,0,0,0,0,0,0,0,0,0,0,0,0,0,0,0,0,0,0,0,0,0,0,0,0,0,0,0,0,0,0,0,0,0,0,0,0,0,0,0,0,0,0,0,0,0,0,0,0,0,0,0,0,0,0,0,0,0,0,0,0,0,0,0,0,0,0,0,0,0,0,0,0,0,0,0,0,0,0,0,0,0,0,0,0,0,0,0,0,0,0,0,0,0,0,0,0,0,0
STAT,popedge,Iterations,124,7315996,50749,52739,60686,59484,62000,58849,60145,57092,58721,60189,59977,59268,59038,61185,59183,59997,55061,58285,62455,62789,60138,60786,57730,61153,58363,61956,61612,58578,56453,56869,59768,61876,59797,58264,59393,59057,60454,57993,57086,58228,59305,58884,54459,55351,55347,57228,54836,56366,56219,59213,58247,58296,61618,60152,59748,60879,59175,60809,58621,59614,61505,48308,47908,58705,59397,60959,58861,61352,56987,58486,59176,59659,56935,58117,64574,58217,60219,53491,58525,58948,61803,59456,59786,58770,60959,54997,60250,59050,59087,60491,58362,59357,59643,58075,55065,58609,57904,59615,58054,59258,59326,58312,57751,59275,60471,58172,59670,62107,57426,65088,58301,64043,64381,61152,63850,59300,61847,59921,65064,65519,63111,62883,52704,49589
STAT,refine,Conflicts,124,4485,80,77,76,74,72,66,64,65,58,59,54,61,60,58,61,52,50,53,58,40,49,48,48,55,65,47,47,42,52,52,41,30,32,38,39,39,30,47,31,35,45,37,38,39,43,38,45,33,43,33,35,48,41,30,31,37,32,28,43,35,36,27,25,27,28,24,24,19,33,28,30,35,15,28,25,25,29,28,37,24,16,31,28,32,21,32,25,22,22,26,23,27,22,22,25,28,20,18,28,30,31,22,25,27,27,31,29,26,25,19,31,20,26,27,22,20,16,21,29,15,18,19,29,26
STAT,refine,Iterations,124,432796,3041,3103,3259,3299,3083,3267,3133,4330,4969,2841,3051,2845,3492,4028,3318,3797,3299,3601,3132,3275,2994,3675,3515,3426,3408,3350,2816,3676,4562,3996,3033,2754,3561,3619,4071,3504,3467,3614,3777,3394,3534,2567,3504,3176,4099,3177,3197,2854,3371,3074,2768,3654,2726,3222,2553,2828,3067,2958,2751,2938,3637,3676,3283,3852,3119,3914,3022,3078,3516,3728,3759,3894,2947,3226,4083,3305,3768,4106,4068,3449,3485,4326,5071,3748,4210,3698,3151,3190,4736,4396,3489,3888,2824,3879,4296,4031,4056,3563,4760,4639,3766,3186,3226,3952,4012,4084,3836,3078,3410,3178,3388,3254,3316,3015,3183,3076,2865,2825,3483,3430,3412,3541,3529,3492
