Hello from MIC
Galois Benchmark Suite v2.2.0 (r0)
Copyright (C) 2013 The University of Texas at Austin
http://iss.ices.utexas.edu/galois/

application: GMetis
Partitions a graph into K parts and minimizing the graph cut
http://iss.ices.utexas.edu/?p=projects/galois/benchmarks/gMetis

INFO: CommandLine /work/02556/dpereira/MIC/apps/gmetis/gmetis -t=67 /work/02556/dpereira/Inputs/USA-road-d.W.gr 16
INFO: Hostname c557-903-mic0.stampede.tacc.utexas.edu
Created Graph with 6262104 nodes and 15248146 edges
Nodes 6262104| Edges 15248146 7624073

  Starting coarsening: 
Time coarsen:  2470 Size of final graph: 429

  Sarting initial partitioning using GGGP:
Size in decade percentages:  -1,1 -0,15
Time clustering:  359

  Sarting refinnement with BKL2
Initial dist
Size in decade percentages:  -1,1 -0,15
Refined dist
Size in decade percentages:  -1,4 -0,8 1,4
Time refinement:  867


Time:  3872
Total edge cut : 1772

Part saved in : 0x7fff5d74d4e0
STATTYPE,LOOP,CATEGORY,n,sum,T0,T1,T2,T3,T4,T5,T6,T7,T8,T9,T10,T11,T12,T13,T14,T15,T16,T17,T18,T19,T20,T21,T22,T23,T24,T25,T26,T27,T28,T29,T30,T31,T32,T33,T34,T35,T36,T37,T38,T39,T40,T41,T42,T43,T44,T45,T46,T47,T48,T49,T50,T51,T52,T53,T54,T55,T56,T57,T58,T59,T60,T61,T62,T63,T64,T65,T66
STAT,(NULL),Coarsen,67,2470,2470,0,0,0,0,0,0,0,0,0,0,0,0,0,0,0,0,0,0,0,0,0,0,0,0,0,0,0,0,0,0,0,0,0,0,0,0,0,0,0,0,0,0,0,0,0,0,0,0,0,0,0,0,0,0,0,0,0,0,0,0,0,0,0,0,0,0
STAT,(NULL),Conflicts,67,0,0,0,0,0,0,0,0,0,0,0,0,0,0,0,0,0,0,0,0,0,0,0,0,0,0,0,0,0,0,0,0,0,0,0,0,0,0,0,0,0,0,0,0,0,0,0,0,0,0,0,0,0,0,0,0,0,0,0,0,0,0,0,0,0,0,0,0
STAT,(NULL),Iterations,67,31,5,0,0,0,0,0,0,0,4,0,0,3,3,2,2,0,0,0,0,0,0,0,0,0,0,0,0,1,0,0,0,1,0,0,0,0,0,0,0,0,0,0,0,0,0,0,1,0,0,0,1,0,0,0,0,0,0,0,0,0,0,4,0,3,1,0,0
STAT,(NULL),MeminfoPost,67,756371,11297,11308,11278,11313,11373,11268,11308,11311,11275,11307,11260,11283,11317,11289,11301,11380,11273,11287,11322,11280,11289,11285,11285,11298,11314,11300,11283,11283,11252,11305,11272,11255,11274,11335,11258,11283,11256,11312,11297,11271,11267,11249,11269,11291,11354,11265,11264,11286,11306,11269,11258,11268,11280,11362,11279,11259,11351,11333,11275,11275,11246,11283,11234,11279,11256,11293,11283
STAT,(NULL),MeminfoPre,67,189082,2830,2841,2811,2846,2906,2801,2841,2844,2808,2840,2793,2816,2850,2822,2834,2913,2806,2820,2855,2813,2822,2818,2818,2831,2847,2833,2816,2816,2785,2838,2805,2788,2807,2868,2791,2816,2789,2845,2830,2804,2800,2782,2802,2824,2887,2798,2797,2819,2839,2802,2791,2801,2813,2895,2812,2792,2884,2866,2808,2808,2779,2816,2767,2812,2789,2826,2816
STAT,(NULL),Partition,67,359,359,0,0,0,0,0,0,0,0,0,0,0,0,0,0,0,0,0,0,0,0,0,0,0,0,0,0,0,0,0,0,0,0,0,0,0,0,0,0,0,0,0,0,0,0,0,0,0,0,0,0,0,0,0,0,0,0,0,0,0,0,0,0,0,0,0,0
STAT,(NULL),Refine,67,867,867,0,0,0,0,0,0,0,0,0,0,0,0,0,0,0,0,0,0,0,0,0,0,0,0,0,0,0,0,0,0,0,0,0,0,0,0,0,0,0,0,0,0,0,0,0,0,0,0,0,0,0,0,0,0,0,0,0,0,0,0,0,0,0,0,0,0
STAT,(NULL),Threads,67,67,67,0,0,0,0,0,0,0,0,0,0,0,0,0,0,0,0,0,0,0,0,0,0,0,0,0,0,0,0,0,0,0,0,0,0,0,0,0,0,0,0,0,0,0,0,0,0,0,0,0,0,0,0,0,0,0,0,0,0,0,0,0,0,0,0,0,0
STAT,(NULL),Time,67,3872,3872,0,0,0,0,0,0,0,0,0,0,0,0,0,0,0,0,0,0,0,0,0,0,0,0,0,0,0,0,0,0,0,0,0,0,0,0,0,0,0,0,0,0,0,0,0,0,0,0,0,0,0,0,0,0,0,0,0,0,0,0,0,0,0,0,0,0
STAT,match,Conflicts,67,5659,267,168,182,153,168,143,115,95,94,97,85,78,96,76,98,76,75,70,52,82,66,78,74,63,76,74,77,69,73,99,56,65,55,58,80,68,52,51,51,73,55,68,73,67,88,78,57,57,74,81,66,75,72,72,56,63,72,75,53,97,78,111,77,109,83,89,85
STAT,match,Iterations,67,14989948,172105,200041,199580,188622,176627,201664,227296,223249,237859,223697,248587,227044,210448,221811,214639,210558,237640,215165,224446,236065,228032,229654,219983,231030,208831,219364,221838,234052,224338,207022,226276,231221,227105,216149,242305,228142,231692,221313,249476,224593,224931,249888,234364,240344,205292,226329,234239,236767,217038,236906,234371,235959,216543,222011,230270,218797,229082,230280,249976,229050,236533,206930,231995,214519,228031,205404,244540
STAT,popedge,Conflicts,67,0,0,0,0,0,0,0,0,0,0,0,0,0,0,0,0,0,0,0,0,0,0,0,0,0,0,0,0,0,0,0,0,0,0,0,0,0,0,0,0,0,0,0,0,0,0,0,0,0,0,0,0,0,0,0,0,0,0,0,0,0,0,0,0,0,0,0,0
STAT,popedge,Iterations,67,7347835,103994,100157,103351,103413,97442,103002,107164,109897,110366,113399,114508,113434,109686,110445,112502,108144,112885,110709,105340,111590,110538,115341,106395,103008,101417,102082,104609,104610,110757,108885,109270,109811,108733,106947,119699,117709,112781,111070,111183,115469,117027,112693,114255,115413,109230,110803,110206,108915,107896,109744,112227,110741,111180,106164,103925,106170,119141,120828,119281,124345,122844,100237,106785,102977,105123,102656,105287
STAT,refine,Conflicts,67,3534,149,138,137,120,102,103,94,96,74,74,81,64,63,70,77,73,58,58,44,59,56,60,36,60,57,70,71,50,40,43,44,55,33,45,36,37,39,40,49,33,28,38,34,28,23,34,39,32,52,28,50,28,44,39,40,24,30,33,29,26,31,20,16,25,20,27,28
STAT,refine,Iterations,67,36205,517,504,564,745,454,441,653,473,515,530,731,452,354,504,951,693,552,730,397,656,434,737,357,674,557,671,631,590,399,676,551,733,547,727,667,349,400,474,818,551,368,710,555,414,642,574,360,525,670,480,433,548,468,558,520,253,538,578,859,684,452,218,260,330,490,375,384
