Hello from MIC
Galois Benchmark Suite v2.2.0 (r0)
Copyright (C) 2013 The University of Texas at Austin
http://iss.ices.utexas.edu/galois/

application: GMetis
Partitions a graph into K parts and minimizing the graph cut
http://iss.ices.utexas.edu/?p=projects/galois/benchmarks/gMetis

INFO: CommandLine /work/02556/dpereira/MIC/apps/gmetis/gmetis -t=52 /work/02556/dpereira/Inputs/USA-road-d.W.gr 1024
INFO: Hostname c557-803-mic0.stampede.tacc.utexas.edu
Created Graph with 6262104 nodes and 15248146 edges
Nodes 6262104| Edges 15248146 7624073

  Starting coarsening: 
Time coarsen:  2409 Size of final graph: 40406

  Sarting initial partitioning using GGGP:
Size in decade percentages:  -0,1024
Time clustering:  1271

  Sarting refinnement with BKL2
Initial dist
Size in decade percentages:  -0,1024
Refined dist
Size in decade percentages:  -1,369 0,278 1,376 2,1
Time refinement:  829


Time:  4685
Total edge cut : 36697

Part saved in : 0x7fff005682e0
STATTYPE,LOOP,CATEGORY,n,sum,T0,T1,T2,T3,T4,T5,T6,T7,T8,T9,T10,T11,T12,T13,T14,T15,T16,T17,T18,T19,T20,T21,T22,T23,T24,T25,T26,T27,T28,T29,T30,T31,T32,T33,T34,T35,T36,T37,T38,T39,T40,T41,T42,T43,T44,T45,T46,T47,T48,T49,T50,T51
STAT,(NULL),Coarsen,52,2409,2409,0,0,0,0,0,0,0,0,0,0,0,0,0,0,0,0,0,0,0,0,0,0,0,0,0,0,0,0,0,0,0,0,0,0,0,0,0,0,0,0,0,0,0,0,0,0,0,0,0,0,0
STAT,(NULL),Conflicts,52,0,0,0,0,0,0,0,0,0,0,0,0,0,0,0,0,0,0,0,0,0,0,0,0,0,0,0,0,0,0,0,0,0,0,0,0,0,0,0,0,0,0,0,0,0,0,0,0,0,0,0,0,0
STAT,(NULL),Iterations,52,2047,11,34,50,53,38,34,31,42,26,40,37,44,44,10,46,11,40,47,36,46,52,37,24,60,50,43,37,30,31,32,19,74,26,35,45,45,37,49,58,51,60,41,18,21,67,64,19,29,40,35,46,52
STAT,(NULL),MeminfoPost,52,756218,14565,14550,14553,14617,14531,14571,14538,14552,14522,14570,14530,14592,14591,14540,14576,14520,14553,14539,14579,14553,14530,14523,14533,14530,14495,14574,14528,14528,14518,14569,14527,14502,14494,14538,14621,14525,14501,14562,14519,14502,14518,14629,14504,14584,14600,14520,14511,14523,14491,14503,14535,14539
STAT,(NULL),MeminfoPre,52,189054,3658,3643,3646,3710,3624,3664,3631,3645,3615,3663,3623,3685,3684,3633,3669,3613,3646,3632,3672,3646,3623,3616,3626,3623,3588,3667,3621,3621,3611,3662,3620,3595,3587,3631,3714,3618,3594,3655,3612,3595,3611,3722,3597,3677,3693,3613,3604,3616,3584,3596,3628,3632
STAT,(NULL),Partition,52,1271,1271,0,0,0,0,0,0,0,0,0,0,0,0,0,0,0,0,0,0,0,0,0,0,0,0,0,0,0,0,0,0,0,0,0,0,0,0,0,0,0,0,0,0,0,0,0,0,0,0,0,0,0
STAT,(NULL),Refine,52,829,829,0,0,0,0,0,0,0,0,0,0,0,0,0,0,0,0,0,0,0,0,0,0,0,0,0,0,0,0,0,0,0,0,0,0,0,0,0,0,0,0,0,0,0,0,0,0,0,0,0,0,0
STAT,(NULL),Threads,52,52,52,0,0,0,0,0,0,0,0,0,0,0,0,0,0,0,0,0,0,0,0,0,0,0,0,0,0,0,0,0,0,0,0,0,0,0,0,0,0,0,0,0,0,0,0,0,0,0,0,0,0,0
STAT,(NULL),Time,52,4685,4685,0,0,0,0,0,0,0,0,0,0,0,0,0,0,0,0,0,0,0,0,0,0,0,0,0,0,0,0,0,0,0,0,0,0,0,0,0,0,0,0,0,0,0,0,0,0,0,0,0,0,0
STAT,match,Conflicts,52,4253,169,108,106,107,107,98,127,90,93,116,79,89,86,76,86,134,99,98,84,82,63,76,77,71,69,80,46,88,67,72,70,58,58,86,61,84,55,93,61,73,62,61,54,50,79,84,59,64,82,80,78,58
STAT,match,Iterations,52,14873092,250989,265126,263676,273498,271121,267929,292056,283110,291684,300944,296857,275965,284301,284078,282543,300562,290100,270016,266654,284646,286769,280625,277666,273518,291604,269214,296078,303164,300796,288278,282551,303289,303975,285416,266321,283937,298408,266810,306995,288766,285035,265040,307373,255790,287464,307750,301492,303375,317911,298921,294285,298621
STAT,popedge,Conflicts,52,0,0,0,0,0,0,0,0,0,0,0,0,0,0,0,0,0,0,0,0,0,0,0,0,0,0,0,0,0,0,0,0,0,0,0,0,0,0,0,0,0,0,0,0,0,0,0,0,0,0,0,0,0
STAT,popedge,Iterations,52,7288507,138375,139475,140903,133106,140259,134783,138585,140972,142431,135889,137054,137282,135795,135935,134627,138810,141651,133346,124710,125724,129016,136600,134467,137234,136936,136439,142898,142912,143256,139996,145325,145509,146945,144001,138781,140124,140320,140295,137650,141679,140242,131270,131788,129588,151926,152322,156430,152864,154527,153431,152055,151969
STAT,refine,Conflicts,52,2408,73,56,57,55,50,48,55,64,42,63,50,54,55,65,61,44,51,55,53,47,49,41,50,43,43,46,49,43,45,55,41,37,40,43,53,50,29,44,34,43,47,56,44,44,34,36,27,27,39,28,29,21
STAT,refine,Iterations,52,471449,9302,8407,9005,10572,9442,9799,8948,9478,8449,8682,8134,8646,9393,8693,8905,8348,8077,7943,8294,8847,8714,8518,8904,7787,8846,10208,8969,8459,8516,9908,7880,8312,8848,9087,11418,8494,8616,9320,8335,9346,10553,11485,8397,9867,10810,9929,7873,8256,9837,8937,9385,10271
