Hello from MIC
Galois Benchmark Suite v2.2.0 (r0)
Copyright (C) 2013 The University of Texas at Austin
http://iss.ices.utexas.edu/galois/

application: GMetis
Partitions a graph into K parts and minimizing the graph cut
http://iss.ices.utexas.edu/?p=projects/galois/benchmarks/gMetis

INFO: CommandLine /work/02556/dpereira/MIC/apps/gmetis/gmetis -t=75 /work/02556/dpereira/Inputs/USA-road-d.W.gr 16
INFO: Hostname c557-903-mic0.stampede.tacc.utexas.edu
Created Graph with 6262104 nodes and 15248146 edges
Nodes 6262104| Edges 15248146 7624073

  Starting coarsening: 
Time coarsen:  2466 Size of final graph: 434

  Sarting initial partitioning using GGGP:
Size in decade percentages:  -0,15 1,1
Time clustering:  359

  Sarting refinnement with BKL2
Initial dist
Size in decade percentages:  -0,15 1,1
Refined dist
Size in decade percentages:  -1,7 0,3 1,6
Time refinement:  909


Time:  3909
Total edge cut : 1796

Part saved in : 0x7fff48aeeee0
STATTYPE,LOOP,CATEGORY,n,sum,T0,T1,T2,T3,T4,T5,T6,T7,T8,T9,T10,T11,T12,T13,T14,T15,T16,T17,T18,T19,T20,T21,T22,T23,T24,T25,T26,T27,T28,T29,T30,T31,T32,T33,T34,T35,T36,T37,T38,T39,T40,T41,T42,T43,T44,T45,T46,T47,T48,T49,T50,T51,T52,T53,T54,T55,T56,T57,T58,T59,T60,T61,T62,T63,T64,T65,T66,T67,T68,T69,T70,T71,T72,T73,T74
STAT,(NULL),Coarsen,75,2466,2466,0,0,0,0,0,0,0,0,0,0,0,0,0,0,0,0,0,0,0,0,0,0,0,0,0,0,0,0,0,0,0,0,0,0,0,0,0,0,0,0,0,0,0,0,0,0,0,0,0,0,0,0,0,0,0,0,0,0,0,0,0,0,0,0,0,0,0,0,0,0,0,0,0,0
STAT,(NULL),Conflicts,75,0,0,0,0,0,0,0,0,0,0,0,0,0,0,0,0,0,0,0,0,0,0,0,0,0,0,0,0,0,0,0,0,0,0,0,0,0,0,0,0,0,0,0,0,0,0,0,0,0,0,0,0,0,0,0,0,0,0,0,0,0,0,0,0,0,0,0,0,0,0,0,0,0,0,0,0
STAT,(NULL),Iterations,75,31,5,0,0,0,0,0,2,2,0,1,0,0,0,0,1,0,0,0,0,0,0,0,0,0,0,0,1,0,0,0,0,0,3,0,0,0,1,0,0,0,0,0,4,0,0,2,1,0,0,0,0,0,0,3,0,0,0,2,1,0,0,1,0,0,0,0,0,0,0,0,0,0,0,1,0
STAT,(NULL),MeminfoPost,75,756197,10087,10103,10082,10081,10168,10086,10068,10107,10103,10072,10081,10079,10074,10102,10087,10070,10110,10174,10058,10084,10107,10093,10062,10104,10057,10090,10095,10101,10094,10080,10062,10063,10083,10082,10070,10043,10078,10130,10054,10088,10032,10093,10111,10063,10070,10062,10046,10068,10070,10139,10090,10079,10043,10096,10091,10061,10060,10044,10067,10140,10114,10050,10087,10135,10121,10078,10058,10049,10046,10080,10043,10065,10067,10084,10083
STAT,(NULL),MeminfoPre,75,189047,2525,2541,2520,2519,2606,2524,2506,2545,2541,2510,2519,2517,2512,2540,2525,2508,2548,2612,2496,2522,2545,2531,2500,2542,2495,2528,2533,2539,2532,2518,2500,2501,2521,2520,2508,2481,2516,2568,2492,2526,2470,2531,2549,2501,2508,2500,2484,2506,2508,2577,2528,2517,2481,2534,2529,2499,2498,2482,2505,2578,2552,2488,2525,2573,2559,2516,2496,2487,2484,2518,2481,2503,2505,2522,2521
STAT,(NULL),Partition,75,359,359,0,0,0,0,0,0,0,0,0,0,0,0,0,0,0,0,0,0,0,0,0,0,0,0,0,0,0,0,0,0,0,0,0,0,0,0,0,0,0,0,0,0,0,0,0,0,0,0,0,0,0,0,0,0,0,0,0,0,0,0,0,0,0,0,0,0,0,0,0,0,0,0,0,0
STAT,(NULL),Refine,75,909,909,0,0,0,0,0,0,0,0,0,0,0,0,0,0,0,0,0,0,0,0,0,0,0,0,0,0,0,0,0,0,0,0,0,0,0,0,0,0,0,0,0,0,0,0,0,0,0,0,0,0,0,0,0,0,0,0,0,0,0,0,0,0,0,0,0,0,0,0,0,0,0,0,0,0
STAT,(NULL),Threads,75,75,75,0,0,0,0,0,0,0,0,0,0,0,0,0,0,0,0,0,0,0,0,0,0,0,0,0,0,0,0,0,0,0,0,0,0,0,0,0,0,0,0,0,0,0,0,0,0,0,0,0,0,0,0,0,0,0,0,0,0,0,0,0,0,0,0,0,0,0,0,0,0,0,0,0,0
STAT,(NULL),Time,75,3909,3909,0,0,0,0,0,0,0,0,0,0,0,0,0,0,0,0,0,0,0,0,0,0,0,0,0,0,0,0,0,0,0,0,0,0,0,0,0,0,0,0,0,0,0,0,0,0,0,0,0,0,0,0,0,0,0,0,0,0,0,0,0,0,0,0,0,0,0,0,0,0,0,0,0,0
STAT,match,Conflicts,75,6087,172,151,150,118,135,133,120,125,136,115,153,153,117,119,82,61,86,55,65,79,71,91,77,59,71,68,65,80,73,76,62,61,57,58,51,62,67,67,55,78,76,47,70,58,67,79,67,59,72,72,67,59,74,64,56,58,55,69,73,69,60,53,75,58,52,60,68,61,95,106,73,99,99,79,64
STAT,match,Iterations,75,14998252,158832,162755,177624,166694,162403,166344,193359,148326,174423,190063,169350,177598,174643,183135,202432,212259,199657,192493,230222,203592,195461,206386,217246,202007,216769,194258,198544,193424,191094,207376,206500,218384,207552,209254,225401,208738,201108,196110,220752,208054,209011,211035,190475,227295,210876,208817,202541,213571,220336,194187,209315,188092,214472,199451,200134,214127,213083,223193,212910,196571,190220,218150,187961,212301,194980,216043,207200,219725,170424,194804,224576,206509,206588,202814,215843
STAT,popedge,Conflicts,75,0,0,0,0,0,0,0,0,0,0,0,0,0,0,0,0,0,0,0,0,0,0,0,0,0,0,0,0,0,0,0,0,0,0,0,0,0,0,0,0,0,0,0,0,0,0,0,0,0,0,0,0,0,0,0,0,0,0,0,0,0,0,0,0,0,0,0,0,0,0,0,0,0,0,0,0
STAT,popedge,Iterations,75,7351213,88975,88301,92928,94174,90816,93310,93848,83963,89537,94865,94123,93630,94791,92801,100848,102666,99990,99552,100282,99876,99557,101803,102941,104126,102292,94015,93454,92404,92856,95578,103218,101047,97525,98502,98592,102277,100347,100620,104590,102883,110245,105425,106204,101622,104954,104829,107353,103271,105361,100303,99659,105743,105444,101911,98855,103120,103113,105535,106509,96424,98249,88834,87256,92946,94979,94140,89301,93924,91985,94165,92648,95576,94175,97944,91308
STAT,refine,Conflicts,75,4028,164,149,146,133,132,120,111,105,89,75,87,88,84,79,76,51,52,69,66,47,43,57,54,57,36,58,64,51,64,57,48,32,40,36,34,31,41,49,42,35,34,31,36,43,30,36,31,54,27,21,45,32,41,40,49,47,49,45,23,41,38,30,24,22,15,32,30,27,25,31,27,31,29,32,28
STAT,refine,Iterations,75,37016,644,725,534,436,867,496,535,430,371,342,460,526,597,430,625,298,495,885,463,556,417,263,432,313,343,544,455,496,374,375,529,413,620,560,412,526,537,581,398,443,377,633,659,597,539,461,676,473,495,397,513,446,401,750,733,732,453,658,548,329,425,386,452,376,231,560,304,432,344,401,280,435,693,639,442
