Hello from MIC
Galois Benchmark Suite v2.2.0 (r0)
Copyright (C) 2013 The University of Texas at Austin
http://iss.ices.utexas.edu/galois/

application: GMetis
Partitions a graph into K parts and minimizing the graph cut
http://iss.ices.utexas.edu/?p=projects/galois/benchmarks/gMetis

INFO: CommandLine /work/02556/dpereira/MIC/apps/gmetis/gmetis -t=238 /work/02556/dpereira/Inputs/USA-road-d.W.gr 128
INFO: Hostname c558-003-mic0.stampede.tacc.utexas.edu
Created Graph with 6262104 nodes and 15248146 edges
Nodes 6262104| Edges 15248146 7624073

  Starting coarsening: 
Time coarsen:  4025 Size of final graph: 3163

  Sarting initial partitioning using GGGP:
Size in decade percentages:  -1,9 -0,113 1,6
Time clustering:  459

  Sarting refinnement with BKL2
Initial dist
Size in decade percentages:  -1,9 -0,113 1,6
Refined dist
Size in decade percentages:  -1,49 0,30 1,49
Time refinement:  2778


Time:  7441
Total edge cut : 8228

Part saved in : 0x7fff3d5ab9e0
STATTYPE,LOOP,CATEGORY,n,sum,T0,T1,T2,T3,T4,T5,T6,T7,T8,T9,T10,T11,T12,T13,T14,T15,T16,T17,T18,T19,T20,T21,T22,T23,T24,T25,T26,T27,T28,T29,T30,T31,T32,T33,T34,T35,T36,T37,T38,T39,T40,T41,T42,T43,T44,T45,T46,T47,T48,T49,T50,T51,T52,T53,T54,T55,T56,T57,T58,T59,T60,T61,T62,T63,T64,T65,T66,T67,T68,T69,T70,T71,T72,T73,T74,T75,T76,T77,T78,T79,T80,T81,T82,T83,T84,T85,T86,T87,T88,T89,T90,T91,T92,T93,T94,T95,T96,T97,T98,T99,T100,T101,T102,T103,T104,T105,T106,T107,T108,T109,T110,T111,T112,T113,T114,T115,T116,T117,T118,T119,T120,T121,T122,T123,T124,T125,T126,T127,T128,T129,T130,T131,T132,T133,T134,T135,T136,T137,T138,T139,T140,T141,T142,T143,T144,T145,T146,T147,T148,T149,T150,T151,T152,T153,T154,T155,T156,T157,T158,T159,T160,T161,T162,T163,T164,T165,T166,T167,T168,T169,T170,T171,T172,T173,T174,T175,T176,T177,T178,T179,T180,T181,T182,T183,T184,T185,T186,T187,T188,T189,T190,T191,T192,T193,T194,T195,T196,T197,T198,T199,T200,T201,T202,T203,T204,T205,T206,T207,T208,T209,T210,T211,T212,T213,T214,T215,T216,T217,T218,T219,T220,T221,T222,T223,T224,T225,T226,T227,T228,T229,T230,T231,T232,T233,T234,T235,T236,T237
STAT,(NULL),Coarsen,238,4025,4025,0,0,0,0,0,0,0,0,0,0,0,0,0,0,0,0,0,0,0,0,0,0,0,0,0,0,0,0,0,0,0,0,0,0,0,0,0,0,0,0,0,0,0,0,0,0,0,0,0,0,0,0,0,0,0,0,0,0,0,0,0,0,0,0,0,0,0,0,0,0,0,0,0,0,0,0,0,0,0,0,0,0,0,0,0,0,0,0,0,0,0,0,0,0,0,0,0,0,0,0,0,0,0,0,0,0,0,0,0,0,0,0,0,0,0,0,0,0,0,0,0,0,0,0,0,0,0,0,0,0,0,0,0,0,0,0,0,0,0,0,0,0,0,0,0,0,0,0,0,0,0,0,0,0,0,0,0,0,0,0,0,0,0,0,0,0,0,0,0,0,0,0,0,0,0,0,0,0,0,0,0,0,0,0,0,0,0,0,0,0,0,0,0,0,0,0,0,0,0,0,0,0,0,0,0,0,0,0,0,0,0,0,0,0,0,0,0,0,0,0,0,0,0,0,0,0,0,0,0,0,0,0,0,0,0,0,0
STAT,(NULL),Conflicts,238,0,0,0,0,0,0,0,0,0,0,0,0,0,0,0,0,0,0,0,0,0,0,0,0,0,0,0,0,0,0,0,0,0,0,0,0,0,0,0,0,0,0,0,0,0,0,0,0,0,0,0,0,0,0,0,0,0,0,0,0,0,0,0,0,0,0,0,0,0,0,0,0,0,0,0,0,0,0,0,0,0,0,0,0,0,0,0,0,0,0,0,0,0,0,0,0,0,0,0,0,0,0,0,0,0,0,0,0,0,0,0,0,0,0,0,0,0,0,0,0,0,0,0,0,0,0,0,0,0,0,0,0,0,0,0,0,0,0,0,0,0,0,0,0,0,0,0,0,0,0,0,0,0,0,0,0,0,0,0,0,0,0,0,0,0,0,0,0,0,0,0,0,0,0,0,0,0,0,0,0,0,0,0,0,0,0,0,0,0,0,0,0,0,0,0,0,0,0,0,0,0,0,0,0,0,0,0,0,0,0,0,0,0,0,0,0,0,0,0,0,0,0,0,0,0,0,0,0,0,0,0,0,0,0,0,0,0,0,0
STAT,(NULL),Iterations,238,255,8,3,0,0,0,3,1,0,2,3,0,0,3,0,4,4,0,0,1,2,3,4,0,0,0,0,0,0,0,0,1,1,0,0,0,0,1,0,0,0,0,3,0,0,5,1,0,3,5,0,2,0,4,0,0,0,0,0,1,5,0,0,13,0,1,0,2,2,0,2,0,1,0,0,3,0,0,0,0,0,5,3,0,0,2,0,0,0,0,0,0,1,0,1,0,0,0,0,0,1,0,0,4,0,0,0,0,2,0,0,4,0,0,0,0,1,3,3,0,4,2,0,6,5,1,0,0,0,1,0,3,0,0,1,0,1,0,0,0,0,10,1,1,0,1,0,0,0,1,0,0,0,0,0,0,0,0,0,0,2,2,0,0,3,0,2,1,1,0,4,2,0,0,1,5,0,0,3,2,0,2,2,0,1,2,0,1,1,0,3,2,3,0,0,0,1,2,4,0,2,1,1,1,0,0,1,0,2,1,0,0,0,0,1,0,3,2,0,0,4,0,0,0,1,0,0,1,2,1,0,1,0,0,3,5,2,1,2
STAT,(NULL),MeminfoPost,238,756768,3184,3179,3181,3184,3187,3193,3180,3176,3189,3168,3169,3186,3188,3193,3202,3229,3189,3177,3170,3179,3176,3172,3182,3185,3188,3193,3185,3185,3185,3179,3169,3176,3172,3184,3186,3190,3171,3174,3171,3176,3183,3175,3185,3186,3189,3188,3178,3177,3188,3172,3174,3182,3193,3189,3209,3226,3191,3171,3175,3173,3176,3178,3180,3186,3186,3196,3182,3187,3180,3182,3168,3175,3177,3188,3180,3196,3168,3169,3173,3179,3178,3188,3179,3176,3187,3207,3186,3176,3176,3191,3184,3179,3174,3191,3174,3170,3175,3174,3180,3181,3163,3165,3179,3185,3186,3188,3174,3170,3181,3172,3176,3168,3163,3172,3180,3170,3174,3200,3199,3189,3181,3167,3173,3174,3189,3185,3168,3166,3162,3165,3179,3184,3183,3188,3187,3191,3178,3177,3179,3165,3185,3174,3171,3177,3176,3166,3169,3162,3172,3170,3169,3188,3172,3165,3178,3191,3208,3199,3194,3191,3171,3173,3173,3193,3173,3165,3162,3171,3181,3181,3186,3190,3188,3174,3174,3171,3181,3174,3174,3170,3169,3163,3176,3164,3187,3167,3167,3191,3205,3196,3204,3196,3180,3172,3171,3171,3169,3174,3177,3196,3199,3205,3185,3199,3197,3185,3166,3173,3187,3172,3176,3182,3171,3171,3170,3158,3177,3165,3162,3218,3159,3163,3162,3175,3165,3167,3168,3187,3171,3170,3179,3180,3182,3179,3181,3179,3178,3175
STAT,(NULL),MeminfoPre,238,189138,799,794,796,799,802,808,795,791,804,783,784,801,803,808,817,844,804,792,785,794,791,787,797,800,803,808,800,800,800,794,784,791,787,799,801,805,786,789,786,791,798,790,800,801,804,803,793,792,803,787,789,797,808,804,824,841,806,786,790,788,791,793,795,801,801,811,797,802,795,797,783,790,792,803,795,811,783,784,788,794,793,803,794,791,802,822,801,791,791,806,799,794,789,806,789,785,790,789,795,796,778,780,794,800,801,803,789,785,796,787,791,783,778,787,795,785,789,815,814,804,796,782,788,789,804,800,783,781,777,780,794,799,798,803,802,806,793,792,794,780,800,789,786,792,791,781,784,777,787,785,784,803,787,780,793,806,823,814,809,806,786,788,788,808,788,780,777,786,796,796,801,805,803,789,789,786,796,789,789,785,784,778,791,779,802,782,782,806,820,811,819,811,795,787,786,786,784,789,792,811,814,820,800,814,812,800,781,788,802,787,791,797,786,786,785,773,792,780,777,833,774,778,777,790,780,782,783,802,786,785,794,795,797,794,796,794,793,790
STAT,(NULL),Partition,238,459,459,0,0,0,0,0,0,0,0,0,0,0,0,0,0,0,0,0,0,0,0,0,0,0,0,0,0,0,0,0,0,0,0,0,0,0,0,0,0,0,0,0,0,0,0,0,0,0,0,0,0,0,0,0,0,0,0,0,0,0,0,0,0,0,0,0,0,0,0,0,0,0,0,0,0,0,0,0,0,0,0,0,0,0,0,0,0,0,0,0,0,0,0,0,0,0,0,0,0,0,0,0,0,0,0,0,0,0,0,0,0,0,0,0,0,0,0,0,0,0,0,0,0,0,0,0,0,0,0,0,0,0,0,0,0,0,0,0,0,0,0,0,0,0,0,0,0,0,0,0,0,0,0,0,0,0,0,0,0,0,0,0,0,0,0,0,0,0,0,0,0,0,0,0,0,0,0,0,0,0,0,0,0,0,0,0,0,0,0,0,0,0,0,0,0,0,0,0,0,0,0,0,0,0,0,0,0,0,0,0,0,0,0,0,0,0,0,0,0,0,0,0,0,0,0,0,0,0,0,0,0,0,0,0,0,0,0,0
STAT,(NULL),Refine,238,2778,2778,0,0,0,0,0,0,0,0,0,0,0,0,0,0,0,0,0,0,0,0,0,0,0,0,0,0,0,0,0,0,0,0,0,0,0,0,0,0,0,0,0,0,0,0,0,0,0,0,0,0,0,0,0,0,0,0,0,0,0,0,0,0,0,0,0,0,0,0,0,0,0,0,0,0,0,0,0,0,0,0,0,0,0,0,0,0,0,0,0,0,0,0,0,0,0,0,0,0,0,0,0,0,0,0,0,0,0,0,0,0,0,0,0,0,0,0,0,0,0,0,0,0,0,0,0,0,0,0,0,0,0,0,0,0,0,0,0,0,0,0,0,0,0,0,0,0,0,0,0,0,0,0,0,0,0,0,0,0,0,0,0,0,0,0,0,0,0,0,0,0,0,0,0,0,0,0,0,0,0,0,0,0,0,0,0,0,0,0,0,0,0,0,0,0,0,0,0,0,0,0,0,0,0,0,0,0,0,0,0,0,0,0,0,0,0,0,0,0,0,0,0,0,0,0,0,0,0,0,0,0,0,0,0,0,0,0,0
STAT,(NULL),Threads,238,238,238,0,0,0,0,0,0,0,0,0,0,0,0,0,0,0,0,0,0,0,0,0,0,0,0,0,0,0,0,0,0,0,0,0,0,0,0,0,0,0,0,0,0,0,0,0,0,0,0,0,0,0,0,0,0,0,0,0,0,0,0,0,0,0,0,0,0,0,0,0,0,0,0,0,0,0,0,0,0,0,0,0,0,0,0,0,0,0,0,0,0,0,0,0,0,0,0,0,0,0,0,0,0,0,0,0,0,0,0,0,0,0,0,0,0,0,0,0,0,0,0,0,0,0,0,0,0,0,0,0,0,0,0,0,0,0,0,0,0,0,0,0,0,0,0,0,0,0,0,0,0,0,0,0,0,0,0,0,0,0,0,0,0,0,0,0,0,0,0,0,0,0,0,0,0,0,0,0,0,0,0,0,0,0,0,0,0,0,0,0,0,0,0,0,0,0,0,0,0,0,0,0,0,0,0,0,0,0,0,0,0,0,0,0,0,0,0,0,0,0,0,0,0,0,0,0,0,0,0,0,0,0,0,0,0,0,0,0
STAT,(NULL),Time,238,7441,7441,0,0,0,0,0,0,0,0,0,0,0,0,0,0,0,0,0,0,0,0,0,0,0,0,0,0,0,0,0,0,0,0,0,0,0,0,0,0,0,0,0,0,0,0,0,0,0,0,0,0,0,0,0,0,0,0,0,0,0,0,0,0,0,0,0,0,0,0,0,0,0,0,0,0,0,0,0,0,0,0,0,0,0,0,0,0,0,0,0,0,0,0,0,0,0,0,0,0,0,0,0,0,0,0,0,0,0,0,0,0,0,0,0,0,0,0,0,0,0,0,0,0,0,0,0,0,0,0,0,0,0,0,0,0,0,0,0,0,0,0,0,0,0,0,0,0,0,0,0,0,0,0,0,0,0,0,0,0,0,0,0,0,0,0,0,0,0,0,0,0,0,0,0,0,0,0,0,0,0,0,0,0,0,0,0,0,0,0,0,0,0,0,0,0,0,0,0,0,0,0,0,0,0,0,0,0,0,0,0,0,0,0,0,0,0,0,0,0,0,0,0,0,0,0,0,0,0,0,0,0,0,0,0,0,0,0,0
STAT,match,Conflicts,238,6407,39,43,50,36,39,40,34,39,39,38,38,42,42,38,37,36,40,35,36,39,35,39,42,43,35,37,27,40,36,39,34,32,28,46,31,32,44,32,34,36,29,33,37,28,40,37,35,35,32,35,25,26,29,30,32,29,26,29,28,22,26,25,22,26,23,22,24,22,21,24,20,26,25,23,24,21,25,25,25,25,25,23,27,20,31,20,26,24,24,30,16,23,24,26,24,21,25,28,24,27,21,31,24,27,26,26,25,22,27,26,22,21,27,25,23,29,24,17,22,20,29,19,21,17,23,20,19,20,31,23,24,22,20,22,24,26,18,28,19,21,23,26,22,22,21,25,19,25,20,24,23,18,30,25,26,28,24,24,22,21,23,19,32,25,19,16,31,28,24,25,25,28,31,22,21,29,29,20,29,24,16,19,22,23,20,23,21,22,26,23,26,26,25,21,22,23,25,21,25,27,25,29,23,28,35,18,23,21,31,30,25,25,23,25,24,30,33,23,17,29,23,27,29,23,26,27,26,26,34,20,21,23,24,25,26,29,19,26
STAT,match,Iterations,238,15051217,40183,52865,35360,39352,41932,39307,58912,54376,65140,45991,41294,51373,52626,39011,47404,47903,41357,52164,68440,49749,46128,58964,60228,46711,51483,56914,43101,49551,61545,48506,64498,56075,66565,65842,42247,47036,46411,48965,59120,47363,55236,59348,54844,64237,54114,51848,62939,57364,43581,58184,47969,48021,59022,52098,57247,43356,62933,73541,58238,58333,51839,65096,67803,48520,46335,65354,63885,56186,66813,78559,65222,61615,56711,59396,65466,59825,63217,86249,60129,66615,49554,67729,72512,72380,71036,53097,62573,51711,77328,58363,80210,70068,62151,64725,85697,56144,60433,57608,58642,63125,66339,57924,70798,54092,50385,59148,76562,59260,52044,58430,78266,79323,66485,58693,59848,67515,91897,81272,52826,65486,50601,86270,56907,85226,81921,63281,74266,68477,53656,68092,66349,77789,73921,60726,70319,61170,67777,62261,73069,60088,63605,87183,71902,61861,54421,78984,60366,58671,52857,73716,79632,62755,59602,58532,51586,78529,54326,54093,78349,79344,93830,76328,71983,63001,77169,65016,71314,79796,61857,61566,63426,61912,60228,77825,85308,58683,54851,66324,61698,78075,89055,64561,97765,78768,72691,56096,57262,55606,64816,56276,67010,61414,57624,66375,83204,67800,81865,59247,56760,60331,75555,66603,64342,55582,84447,61535,75460,70826,94846,44536,81080,83314,42314,90844,59907,62722,68672,68101,87507,79737,71807,51459,72945,63347,49873,66327,70036,67750,69953,78124,73206,55199,67018,50770,60176,78411,78780,69951
STAT,popedge,Conflicts,238,0,0,0,0,0,0,0,0,0,0,0,0,0,0,0,0,0,0,0,0,0,0,0,0,0,0,0,0,0,0,0,0,0,0,0,0,0,0,0,0,0,0,0,0,0,0,0,0,0,0,0,0,0,0,0,0,0,0,0,0,0,0,0,0,0,0,0,0,0,0,0,0,0,0,0,0,0,0,0,0,0,0,0,0,0,0,0,0,0,0,0,0,0,0,0,0,0,0,0,0,0,0,0,0,0,0,0,0,0,0,0,0,0,0,0,0,0,0,0,0,0,0,0,0,0,0,0,0,0,0,0,0,0,0,0,0,0,0,0,0,0,0,0,0,0,0,0,0,0,0,0,0,0,0,0,0,0,0,0,0,0,0,0,0,0,0,0,0,0,0,0,0,0,0,0,0,0,0,0,0,0,0,0,0,0,0,0,0,0,0,0,0,0,0,0,0,0,0,0,0,0,0,0,0,0,0,0,0,0,0,0,0,0,0,0,0,0,0,0,0,0,0,0,0,0,0,0,0,0,0,0,0,0,0,0,0,0,0,0
STAT,popedge,Iterations,238,7373002,30501,29807,30467,29699,28518,29339,31810,29773,29241,31469,31561,30532,29843,30639,30521,29367,30368,30051,29865,28830,30620,29905,31175,30245,29159,30628,28708,32031,30344,32139,31567,30145,29772,31213,30225,30669,29627,30704,31466,30628,28577,30287,29686,29653,29801,31032,30733,29294,29065,29541,29133,29094,31239,29021,28959,32345,32613,32746,34411,34799,36039,30836,31501,30451,30999,29173,29004,28765,28673,31314,31198,30565,31900,29663,30415,29345,30481,29372,31299,30501,30411,29443,33176,32288,29478,28137,30011,29542,30673,30509,28057,30573,28635,31139,32959,30397,32255,30980,32258,31785,30626,30627,29139,31985,30498,29425,31202,30948,30001,30307,33123,28355,28980,29995,27958,31510,36898,36875,34465,34886,35874,36938,30948,31284,29149,30694,30575,28494,30941,28393,28973,28408,31354,29578,30059,29607,31572,29357,31941,30896,29461,28675,30825,31899,30135,30511,28811,31691,30606,32738,30996,31126,31877,31323,30848,31058,32166,30537,29663,31690,31478,29374,29634,29395,32114,30767,30261,32166,33314,30833,30452,32078,29758,31191,32542,28991,29807,34348,34923,36196,36015,33930,36873,30326,30375,31920,29251,30140,29147,30580,28897,32902,29264,29930,29838,30073,29512,31354,30560,30811,31854,31497,30941,30679,31938,30892,33236,30508,32303,32274,34805,33300,30637,31883,32835,31866,29547,33614,34681,31770,31886,32234,32596,32696,31438,33496,30706,29923,32886,29972,30435,31968,32244,31163,32263,30897,31592,33353
STAT,refine,Conflicts,238,7348,100,103,90,91,99,99,87,85,78,88,82,89,83,72,81,63,69,63,76,71,63,67,65,74,68,63,49,53,64,52,48,41,43,36,40,39,49,52,45,40,46,49,51,43,43,41,54,45,42,54,37,38,42,38,45,27,39,36,42,33,37,14,20,20,27,16,24,13,12,22,15,21,28,24,20,24,18,24,21,26,22,13,28,13,29,17,19,19,18,16,16,19,19,21,14,22,15,26,26,24,18,20,22,30,19,23,22,23,20,24,21,24,25,27,25,26,14,23,23,21,17,22,21,20,23,19,30,21,27,18,13,20,15,19,28,27,21,17,17,20,23,14,22,21,22,19,21,20,18,25,21,13,24,20,22,15,16,18,20,24,16,20,22,20,28,18,29,20,32,27,16,28,19,18,27,24,23,14,26,28,26,19,21,20,13,25,19,25,30,22,21,26,26,19,29,16,30,20,27,19,23,29,31,17,22,20,22,21,20,21,18,19,13,22,23,25,19,16,14,31,23,21,18,18,31,20,26,13,15,19,16,20,20,17,26,20,22,19
STAT,refine,Iterations,238,141382,545,696,722,712,631,630,652,611,595,663,474,599,661,595,653,589,516,532,676,405,560,646,542,687,599,705,517,714,681,346,748,533,490,641,486,575,490,497,620,528,498,546,590,572,542,588,659,570,510,694,392,480,560,537,746,419,494,707,509,585,558,644,454,585,653,456,585,457,519,511,468,525,606,579,651,691,583,651,698,748,508,517,668,419,602,382,753,532,738,706,460,614,429,789,700,642,675,681,615,507,373,617,402,653,621,597,686,542,464,470,708,590,518,649,372,799,630,853,751,460,574,535,620,743,580,623,605,621,422,502,515,605,575,632,679,610,444,521,564,541,595,519,721,664,440,555,467,693,368,839,710,423,690,421,498,683,493,766,690,645,612,449,620,633,572,420,616,691,599,862,609,755,653,528,774,598,551,388,684,733,526,447,582,651,476,609,605,623,674,510,628,566,580,462,651,510,773,563,518,528,750,777,570,497,668,334,492,667,869,404,796,763,366,843,493,668,689,531,642,876,604,555,448,656,512,697,773,604,473,579,678,593,498,650,582,823,614,854
