Hello from MIC
Galois Benchmark Suite v2.2.0 (r0)
Copyright (C) 2013 The University of Texas at Austin
http://iss.ices.utexas.edu/galois/

application: GMetis
Partitions a graph into K parts and minimizing the graph cut
http://iss.ices.utexas.edu/?p=projects/galois/benchmarks/gMetis

INFO: CommandLine /work/02556/dpereira/MIC/apps/gmetis/gmetis -t=133 /work/02556/dpereira/Inputs/USA-road-d.W.gr 16
INFO: Hostname c558-001-mic0.stampede.tacc.utexas.edu
Created Graph with 6262104 nodes and 15248146 edges
Nodes 6262104| Edges 15248146 7624073

  Starting coarsening: 
Time coarsen:  2707 Size of final graph: 436

  Sarting initial partitioning using GGGP:
Size in decade percentages:  -0,16
Time clustering:  366

  Sarting refinnement with BKL2
Initial dist
Size in decade percentages:  -0,16
Refined dist
Size in decade percentages:  -1,6 -0,3 1,7
Time refinement:  1531


Time:  4781
Total edge cut : 2050

Part saved in : 0x7ffff1b87460
STATTYPE,LOOP,CATEGORY,n,sum,T0,T1,T2,T3,T4,T5,T6,T7,T8,T9,T10,T11,T12,T13,T14,T15,T16,T17,T18,T19,T20,T21,T22,T23,T24,T25,T26,T27,T28,T29,T30,T31,T32,T33,T34,T35,T36,T37,T38,T39,T40,T41,T42,T43,T44,T45,T46,T47,T48,T49,T50,T51,T52,T53,T54,T55,T56,T57,T58,T59,T60,T61,T62,T63,T64,T65,T66,T67,T68,T69,T70,T71,T72,T73,T74,T75,T76,T77,T78,T79,T80,T81,T82,T83,T84,T85,T86,T87,T88,T89,T90,T91,T92,T93,T94,T95,T96,T97,T98,T99,T100,T101,T102,T103,T104,T105,T106,T107,T108,T109,T110,T111,T112,T113,T114,T115,T116,T117,T118,T119,T120,T121,T122,T123,T124,T125,T126,T127,T128,T129,T130,T131,T132
STAT,(NULL),Coarsen,133,2707,2707,0,0,0,0,0,0,0,0,0,0,0,0,0,0,0,0,0,0,0,0,0,0,0,0,0,0,0,0,0,0,0,0,0,0,0,0,0,0,0,0,0,0,0,0,0,0,0,0,0,0,0,0,0,0,0,0,0,0,0,0,0,0,0,0,0,0,0,0,0,0,0,0,0,0,0,0,0,0,0,0,0,0,0,0,0,0,0,0,0,0,0,0,0,0,0,0,0,0,0,0,0,0,0,0,0,0,0,0,0,0,0,0,0,0,0,0,0,0,0,0,0,0,0,0,0,0,0,0,0,0,0,0
STAT,(NULL),Conflicts,133,0,0,0,0,0,0,0,0,0,0,0,0,0,0,0,0,0,0,0,0,0,0,0,0,0,0,0,0,0,0,0,0,0,0,0,0,0,0,0,0,0,0,0,0,0,0,0,0,0,0,0,0,0,0,0,0,0,0,0,0,0,0,0,0,0,0,0,0,0,0,0,0,0,0,0,0,0,0,0,0,0,0,0,0,0,0,0,0,0,0,0,0,0,0,0,0,0,0,0,0,0,0,0,0,0,0,0,0,0,0,0,0,0,0,0,0,0,0,0,0,0,0,0,0,0,0,0,0,0,0,0,0,0,0
STAT,(NULL),Iterations,133,31,5,0,0,0,0,0,0,0,0,1,0,2,0,0,0,0,0,0,0,0,1,1,0,0,0,0,0,0,1,0,1,1,0,0,0,0,0,0,0,0,0,0,0,0,0,0,0,0,0,0,0,0,0,0,0,0,0,0,0,0,0,0,0,0,0,0,0,0,0,0,0,0,0,0,0,0,0,0,0,0,0,2,0,0,0,2,1,0,0,0,0,0,0,3,0,2,0,0,0,0,0,0,0,3,0,0,0,0,0,4,0,0,0,0,0,0,0,0,0,0,0,0,0,0,0,0,0,0,1,0,0,0,0
STAT,(NULL),MeminfoPost,133,756477,5693,5691,5701,5693,5700,5663,5693,5707,5764,5695,5675,5674,5697,5695,5706,5697,5683,5675,5689,5705,5680,5669,5689,5691,5700,5701,5680,5688,5683,5711,5749,5716,5675,5681,5688,5691,5717,5686,5691,5676,5676,5706,5684,5672,5685,5700,5680,5716,5699,5687,5701,5681,5694,5678,5673,5690,5659,5689,5704,5684,5679,5678,5662,5671,5680,5711,5712,5677,5675,5700,5676,5660,5671,5693,5700,5705,5685,5675,5691,5673,5681,5667,5655,5673,5693,5667,5694,5724,5725,5680,5676,5695,5662,5672,5689,5703,5691,5676,5683,5679,5672,5663,5673,5678,5687,5727,5724,5694,5674,5667,5684,5707,5727,5712,5709,5673,5697,5672,5680,5672,5660,5675,5704,5656,5655,5672,5693,5666,5679,5689,5691,5685,5685
STAT,(NULL),MeminfoPre,133,189099,1427,1425,1435,1427,1434,1397,1427,1441,1498,1429,1409,1408,1431,1429,1440,1431,1417,1409,1423,1439,1414,1403,1423,1425,1434,1435,1414,1422,1417,1445,1483,1450,1409,1415,1422,1425,1451,1420,1425,1410,1410,1440,1418,1406,1419,1434,1414,1450,1433,1421,1435,1415,1428,1412,1407,1424,1393,1423,1438,1418,1413,1412,1396,1405,1414,1445,1446,1411,1409,1434,1410,1394,1405,1427,1434,1439,1419,1409,1425,1407,1415,1401,1389,1407,1427,1401,1428,1458,1459,1414,1410,1429,1396,1406,1423,1437,1425,1410,1417,1413,1406,1397,1407,1412,1421,1461,1458,1428,1408,1401,1418,1441,1461,1446,1443,1407,1431,1406,1414,1406,1394,1409,1438,1390,1389,1406,1427,1400,1413,1423,1425,1419,1419
STAT,(NULL),Partition,133,366,366,0,0,0,0,0,0,0,0,0,0,0,0,0,0,0,0,0,0,0,0,0,0,0,0,0,0,0,0,0,0,0,0,0,0,0,0,0,0,0,0,0,0,0,0,0,0,0,0,0,0,0,0,0,0,0,0,0,0,0,0,0,0,0,0,0,0,0,0,0,0,0,0,0,0,0,0,0,0,0,0,0,0,0,0,0,0,0,0,0,0,0,0,0,0,0,0,0,0,0,0,0,0,0,0,0,0,0,0,0,0,0,0,0,0,0,0,0,0,0,0,0,0,0,0,0,0,0,0,0,0,0,0
STAT,(NULL),Refine,133,1531,1531,0,0,0,0,0,0,0,0,0,0,0,0,0,0,0,0,0,0,0,0,0,0,0,0,0,0,0,0,0,0,0,0,0,0,0,0,0,0,0,0,0,0,0,0,0,0,0,0,0,0,0,0,0,0,0,0,0,0,0,0,0,0,0,0,0,0,0,0,0,0,0,0,0,0,0,0,0,0,0,0,0,0,0,0,0,0,0,0,0,0,0,0,0,0,0,0,0,0,0,0,0,0,0,0,0,0,0,0,0,0,0,0,0,0,0,0,0,0,0,0,0,0,0,0,0,0,0,0,0,0,0,0
STAT,(NULL),Threads,133,133,133,0,0,0,0,0,0,0,0,0,0,0,0,0,0,0,0,0,0,0,0,0,0,0,0,0,0,0,0,0,0,0,0,0,0,0,0,0,0,0,0,0,0,0,0,0,0,0,0,0,0,0,0,0,0,0,0,0,0,0,0,0,0,0,0,0,0,0,0,0,0,0,0,0,0,0,0,0,0,0,0,0,0,0,0,0,0,0,0,0,0,0,0,0,0,0,0,0,0,0,0,0,0,0,0,0,0,0,0,0,0,0,0,0,0,0,0,0,0,0,0,0,0,0,0,0,0,0,0,0,0,0,0
STAT,(NULL),Time,133,4781,4781,0,0,0,0,0,0,0,0,0,0,0,0,0,0,0,0,0,0,0,0,0,0,0,0,0,0,0,0,0,0,0,0,0,0,0,0,0,0,0,0,0,0,0,0,0,0,0,0,0,0,0,0,0,0,0,0,0,0,0,0,0,0,0,0,0,0,0,0,0,0,0,0,0,0,0,0,0,0,0,0,0,0,0,0,0,0,0,0,0,0,0,0,0,0,0,0,0,0,0,0,0,0,0,0,0,0,0,0,0,0,0,0,0,0,0,0,0,0,0,0,0,0,0,0,0,0,0,0,0,0,0,0
STAT,match,Conflicts,133,6372,79,67,64,67,65,67,62,72,58,68,71,65,73,60,66,54,57,61,67,54,61,70,63,49,51,53,60,68,52,60,77,51,47,60,55,54,52,45,51,49,59,56,50,50,43,50,36,48,48,50,54,53,42,56,53,43,48,51,55,58,59,38,39,37,47,39,34,30,41,36,36,39,28,44,39,53,33,43,40,51,44,35,45,43,36,38,40,35,47,43,36,45,41,48,40,42,43,34,49,42,47,53,40,52,37,39,34,37,37,39,35,44,39,45,39,53,36,44,32,45,43,42,33,34,35,43,32,33,41,37,25,45,42
STAT,match,Iterations,133,15009116,62797,78029,88763,90811,85074,89219,86563,90380,92596,86191,78297,97994,90625,116700,110520,106902,123968,119492,112842,108037,111884,113786,102559,104743,103411,116614,93518,110695,121224,92754,94363,97091,130999,106831,110256,122278,103251,115800,115575,102882,122644,118728,125500,122544,114266,118579,112160,107205,116152,103126,104400,117192,107139,116090,120284,111615,128900,107740,108987,87626,104587,92054,106889,99555,98428,107366,113861,117791,108219,101619,104795,121619,136599,122838,120661,122292,136605,117805,111389,123222,113932,117877,136891,113888,126703,117699,122502,131387,129008,143981,125103,116927,133245,127209,125910,111188,117161,133812,126228,145981,92783,135715,123182,116915,130073,113468,136681,110889,134500,126819,120478,111065,122388,120355,124081,107810,131116,120350,132058,133248,114508,116127,99883,102529,117670,104865,108092,118504,99543,105592,120141,103589,112082
STAT,popedge,Conflicts,133,0,0,0,0,0,0,0,0,0,0,0,0,0,0,0,0,0,0,0,0,0,0,0,0,0,0,0,0,0,0,0,0,0,0,0,0,0,0,0,0,0,0,0,0,0,0,0,0,0,0,0,0,0,0,0,0,0,0,0,0,0,0,0,0,0,0,0,0,0,0,0,0,0,0,0,0,0,0,0,0,0,0,0,0,0,0,0,0,0,0,0,0,0,0,0,0,0,0,0,0,0,0,0,0,0,0,0,0,0,0,0,0,0,0,0,0,0,0,0,0,0,0,0,0,0,0,0,0,0,0,0,0,0,0
STAT,popedge,Iterations,133,7354269,48322,48922,51814,51134,48040,50805,51025,48810,45828,49629,53470,58498,57111,56795,55279,58720,58244,57457,58590,56187,57877,59910,58199,58053,56629,56359,56197,57719,57953,56322,58160,54916,59214,56424,58179,53909,56266,54817,57974,48928,56160,57230,57706,55481,55145,52752,52181,52494,54179,55999,55455,57734,55699,54975,54927,56532,56841,57426,57706,58999,59735,47823,48430,49750,48673,46924,48135,48309,50805,50659,50800,51512,60712,58334,55766,55949,54935,60110,59151,57810,58333,60246,56434,57630,60432,58175,57822,57228,60229,58635,54660,60430,56113,62039,56747,60222,55677,56627,56550,57434,50970,59709,56965,58264,57403,54538,53725,56198,51550,53179,55189,58462,60803,56556,62682,59557,59822,61220,58609,57863,60999,59824,47480,51146,47379,52166,49203,47418,52304,51831,51333,49086,50545
STAT,refine,Conflicts,133,5269,129,141,121,122,116,110,115,108,83,92,78,73,91,80,88,61,54,53,66,63,56,62,59,55,76,64,69,60,60,47,56,35,36,27,42,37,46,37,35,37,35,30,47,39,37,44,41,28,57,44,38,41,55,51,34,27,26,31,26,45,28,25,25,17,25,19,28,15,22,23,22,20,24,18,16,30,19,23,33,29,23,24,20,23,24,26,22,20,37,23,29,27,19,16,24,29,16,37,28,25,30,24,15,32,43,23,20,27,18,33,26,18,26,22,32,15,21,14,20,8,14,18,16,30,17,15,21,26,12,16,14,18,16
STAT,refine,Iterations,133,41374,395,490,405,390,405,439,356,338,503,271,336,281,284,305,523,308,345,356,318,289,259,373,374,291,449,426,314,357,305,226,533,246,457,236,393,342,364,239,346,319,353,282,294,227,341,415,265,193,420,344,399,362,363,356,253,329,205,219,264,300,209,174,244,241,263,190,292,222,244,390,237,178,196,215,223,455,299,292,267,384,244,251,394,308,336,302,380,238,426,351,215,477,184,374,294,494,388,395,325,275,281,387,245,259,351,280,429,317,314,254,296,395,475,299,414,322,297,274,178,272,200,196,139,241,188,162,180,210,210,266,288,185,334
