Hello from MIC
Galois Benchmark Suite v2.2.0 (r0)
Copyright (C) 2013 The University of Texas at Austin
http://iss.ices.utexas.edu/galois/

application: GMetis
Partitions a graph into K parts and minimizing the graph cut
http://iss.ices.utexas.edu/?p=projects/galois/benchmarks/gMetis

INFO: CommandLine /work/02556/dpereira/MIC/apps/gmetis/gmetis -t=52 /work/02556/dpereira/Inputs/USA-road-d.W.gr 128
INFO: Hostname c557-901-mic0.stampede.tacc.utexas.edu
Created Graph with 6262104 nodes and 15248146 edges
Nodes 6262104| Edges 15248146 7624073

  Starting coarsening: 
Time coarsen:  2540 Size of final graph: 3002

  Sarting initial partitioning using GGGP:
Size in decade percentages:  -1,6 -0,115 1,7
Time clustering:  399

  Sarting refinnement with BKL2
Initial dist
Size in decade percentages:  -1,6 -0,115 1,7
Refined dist
Size in decade percentages:  -1,43 0,42 1,43
Time refinement:  678


Time:  3794
Total edge cut : 8326

Part saved in : 0x7fff9c53ab60
STATTYPE,LOOP,CATEGORY,n,sum,T0,T1,T2,T3,T4,T5,T6,T7,T8,T9,T10,T11,T12,T13,T14,T15,T16,T17,T18,T19,T20,T21,T22,T23,T24,T25,T26,T27,T28,T29,T30,T31,T32,T33,T34,T35,T36,T37,T38,T39,T40,T41,T42,T43,T44,T45,T46,T47,T48,T49,T50,T51
STAT,(NULL),Coarsen,52,2540,2540,0,0,0,0,0,0,0,0,0,0,0,0,0,0,0,0,0,0,0,0,0,0,0,0,0,0,0,0,0,0,0,0,0,0,0,0,0,0,0,0,0,0,0,0,0,0,0,0,0,0,0
STAT,(NULL),Conflicts,52,0,0,0,0,0,0,0,0,0,0,0,0,0,0,0,0,0,0,0,0,0,0,0,0,0,0,0,0,0,0,0,0,0,0,0,0,0,0,0,0,0,0,0,0,0,0,0,0,0,0,0,0,0
STAT,(NULL),Iterations,52,255,9,3,4,2,9,7,5,8,4,5,5,3,3,5,4,9,4,3,3,4,7,2,3,6,1,5,0,4,1,4,4,2,7,1,5,4,1,2,4,14,19,10,16,5,1,2,2,5,8,3,3,5
STAT,(NULL),MeminfoPost,52,756218,14565,14550,14553,14617,14531,14571,14538,14552,14522,14570,14530,14592,14591,14540,14576,14520,14553,14539,14579,14553,14530,14523,14533,14530,14495,14574,14528,14528,14518,14569,14527,14502,14494,14538,14621,14525,14501,14562,14519,14502,14518,14629,14504,14584,14600,14520,14511,14523,14491,14503,14535,14539
STAT,(NULL),MeminfoPre,52,189054,3658,3643,3646,3710,3624,3664,3631,3645,3615,3663,3623,3685,3684,3633,3669,3613,3646,3632,3672,3646,3623,3616,3626,3623,3588,3667,3621,3621,3611,3662,3620,3595,3587,3631,3714,3618,3594,3655,3612,3595,3611,3722,3597,3677,3693,3613,3604,3616,3584,3596,3628,3632
STAT,(NULL),Partition,52,399,399,0,0,0,0,0,0,0,0,0,0,0,0,0,0,0,0,0,0,0,0,0,0,0,0,0,0,0,0,0,0,0,0,0,0,0,0,0,0,0,0,0,0,0,0,0,0,0,0,0,0,0
STAT,(NULL),Refine,52,678,678,0,0,0,0,0,0,0,0,0,0,0,0,0,0,0,0,0,0,0,0,0,0,0,0,0,0,0,0,0,0,0,0,0,0,0,0,0,0,0,0,0,0,0,0,0,0,0,0,0,0,0
STAT,(NULL),Threads,52,52,52,0,0,0,0,0,0,0,0,0,0,0,0,0,0,0,0,0,0,0,0,0,0,0,0,0,0,0,0,0,0,0,0,0,0,0,0,0,0,0,0,0,0,0,0,0,0,0,0,0,0,0
STAT,(NULL),Time,52,3794,3794,0,0,0,0,0,0,0,0,0,0,0,0,0,0,0,0,0,0,0,0,0,0,0,0,0,0,0,0,0,0,0,0,0,0,0,0,0,0,0,0,0,0,0,0,0,0,0,0,0,0,0
STAT,match,Conflicts,52,4737,266,136,110,136,107,117,181,104,96,119,97,88,107,62,84,118,70,83,74,76,75,96,81,77,78,94,46,83,57,100,58,56,64,78,68,80,54,75,68,74,71,74,80,80,108,96,85,68,99,106,99,78
STAT,match,Iterations,52,14965276,260708,274701,278944,273969,275341,276978,289501,298685,289995,284612,290989,283507,283364,281464,285141,293122,294967,270325,266276,278630,282702,293775,269009,286510,292316,272206,296620,301642,297989,262936,295916,291260,306038,295255,259845,284909,296387,274423,305692,298035,289422,266437,297864,281691,290224,305513,305663,320003,320276,306738,286951,299810
STAT,popedge,Conflicts,52,0,0,0,0,0,0,0,0,0,0,0,0,0,0,0,0,0,0,0,0,0,0,0,0,0,0,0,0,0,0,0,0,0,0,0,0,0,0,0,0,0,0,0,0,0,0,0,0,0,0,0,0,0
STAT,popedge,Iterations,52,7334690,140392,140897,141493,136302,139553,135325,141076,139270,142101,139276,138478,137918,137583,138344,134784,141164,143714,130744,127188,125899,132440,137747,124524,138651,138559,135667,142992,147834,141895,145515,142021,145941,145129,145466,137555,140893,142430,138413,141248,139908,141472,132915,136055,141607,154036,152662,154945,152952,153731,154375,151524,152087
STAT,refine,Conflicts,52,2939,120,100,104,102,95,91,76,79,72,83,77,77,85,53,45,55,54,55,52,66,51,55,50,56,61,59,39,35,35,37,44,36,36,52,47,44,43,29,43,41,40,51,41,43,35,48,36,43,52,36,33,47
STAT,refine,Iterations,52,134303,2392,2177,3021,3180,2580,2276,2027,2696,2203,2336,2239,3457,2687,2681,2126,2425,2856,2101,3162,2371,2464,2208,2058,2228,2286,2621,2621,2475,1992,2842,3077,2527,2676,2824,3505,3000,2251,2785,2606,2480,2608,2829,2325,3358,2424,2660,1855,2562,2293,3380,2274,3216
