Hello from MIC
Galois Benchmark Suite v2.2.0 (r0)
Copyright (C) 2013 The University of Texas at Austin
http://iss.ices.utexas.edu/galois/

application: GMetis
Partitions a graph into K parts and minimizing the graph cut
http://iss.ices.utexas.edu/?p=projects/galois/benchmarks/gMetis

INFO: CommandLine /work/02556/dpereira/MIC/apps/gmetis/gmetis -t=64 /work/02556/dpereira/Inputs/USA-road-d.W.gr 128
INFO: Hostname c557-903-mic0.stampede.tacc.utexas.edu
Created Graph with 6262104 nodes and 15248146 edges
Nodes 6262104| Edges 15248146 7624073

  Starting coarsening: 
Time coarsen:  2350 Size of final graph: 3000

  Sarting initial partitioning using GGGP:
Size in decade percentages:  -1,9 -0,115 1,4
Time clustering:  406

  Sarting refinnement with BKL2
Initial dist
Size in decade percentages:  -1,9 -0,115 1,4
Refined dist
Size in decade percentages:  -1,44 0,35 1,49
Time refinement:  846


Time:  3779
Total edge cut : 7913

Part saved in : 0x7fff6796f8e0
STATTYPE,LOOP,CATEGORY,n,sum,T0,T1,T2,T3,T4,T5,T6,T7,T8,T9,T10,T11,T12,T13,T14,T15,T16,T17,T18,T19,T20,T21,T22,T23,T24,T25,T26,T27,T28,T29,T30,T31,T32,T33,T34,T35,T36,T37,T38,T39,T40,T41,T42,T43,T44,T45,T46,T47,T48,T49,T50,T51,T52,T53,T54,T55,T56,T57,T58,T59,T60,T61,T62,T63
STAT,(NULL),Coarsen,64,2350,2350,0,0,0,0,0,0,0,0,0,0,0,0,0,0,0,0,0,0,0,0,0,0,0,0,0,0,0,0,0,0,0,0,0,0,0,0,0,0,0,0,0,0,0,0,0,0,0,0,0,0,0,0,0,0,0,0,0,0,0,0,0,0,0
STAT,(NULL),Conflicts,64,0,0,0,0,0,0,0,0,0,0,0,0,0,0,0,0,0,0,0,0,0,0,0,0,0,0,0,0,0,0,0,0,0,0,0,0,0,0,0,0,0,0,0,0,0,0,0,0,0,0,0,0,0,0,0,0,0,0,0,0,0,0,0,0,0
STAT,(NULL),Iterations,64,255,8,8,0,0,1,7,2,2,5,3,1,1,4,6,3,3,3,6,6,0,5,3,4,3,3,3,9,13,6,4,9,5,2,6,3,1,0,12,2,10,1,4,3,3,5,3,2,1,3,5,0,5,4,1,4,10,4,1,2,2,8,3,6,3
STAT,(NULL),MeminfoPost,64,756222,11831,11832,11803,11862,11865,11801,11846,11834,11789,11834,11797,11832,11819,11814,11908,11817,11812,11843,11811,11816,11811,11813,11823,11843,11822,11813,11800,11796,11817,11796,11786,11842,11809,11817,11761,11831,11834,11807,11792,11765,11802,11811,11885,11800,11777,11823,11824,11796,11773,11797,11851,11860,11781,11843,11874,11812,11815,11769,11794,11781,11768,11809,11817,11816
STAT,(NULL),MeminfoPre,64,189054,2969,2970,2941,3000,3003,2939,2984,2972,2927,2972,2935,2970,2957,2952,3046,2955,2950,2981,2949,2954,2949,2951,2961,2981,2960,2951,2938,2934,2955,2934,2924,2980,2947,2955,2899,2969,2972,2945,2930,2903,2940,2949,3023,2938,2915,2961,2962,2934,2911,2935,2989,2998,2919,2981,3012,2950,2953,2907,2932,2919,2906,2947,2955,2954
STAT,(NULL),Partition,64,406,406,0,0,0,0,0,0,0,0,0,0,0,0,0,0,0,0,0,0,0,0,0,0,0,0,0,0,0,0,0,0,0,0,0,0,0,0,0,0,0,0,0,0,0,0,0,0,0,0,0,0,0,0,0,0,0,0,0,0,0,0,0,0,0
STAT,(NULL),Refine,64,846,846,0,0,0,0,0,0,0,0,0,0,0,0,0,0,0,0,0,0,0,0,0,0,0,0,0,0,0,0,0,0,0,0,0,0,0,0,0,0,0,0,0,0,0,0,0,0,0,0,0,0,0,0,0,0,0,0,0,0,0,0,0,0,0
STAT,(NULL),Threads,64,64,64,0,0,0,0,0,0,0,0,0,0,0,0,0,0,0,0,0,0,0,0,0,0,0,0,0,0,0,0,0,0,0,0,0,0,0,0,0,0,0,0,0,0,0,0,0,0,0,0,0,0,0,0,0,0,0,0,0,0,0,0,0,0,0
STAT,(NULL),Time,64,3779,3779,0,0,0,0,0,0,0,0,0,0,0,0,0,0,0,0,0,0,0,0,0,0,0,0,0,0,0,0,0,0,0,0,0,0,0,0,0,0,0,0,0,0,0,0,0,0,0,0,0,0,0,0,0,0,0,0,0,0,0,0,0,0,0
STAT,match,Conflicts,64,4955,254,158,172,86,82,85,80,96,73,108,72,67,87,79,83,74,77,66,72,69,98,68,76,57,81,56,72,77,80,71,70,56,56,69,55,63,62,55,61,71,68,55,45,45,51,58,50,44,53,61,57,53,82,61,107,60,44,115,94,112,87,105,74,80
STAT,match,Iterations,64,14958307,192389,201220,207656,201034,229840,231011,226436,233609,239609,240837,240743,250350,235222,244570,215967,246719,247403,233998,250709,231444,236691,233704,219954,231786,229484,240157,233141,222321,228641,240025,244754,228569,236617,247334,261129,234496,211145,239958,240449,238654,236778,230794,227294,235535,244116,233851,241010,231252,238314,244112,210358,227814,239761,230624,215214,249586,258638,252596,238568,250981,245504,221271,223268,231293
STAT,popedge,Conflicts,64,0,0,0,0,0,0,0,0,0,0,0,0,0,0,0,0,0,0,0,0,0,0,0,0,0,0,0,0,0,0,0,0,0,0,0,0,0,0,0,0,0,0,0,0,0,0,0,0,0,0,0,0,0,0,0,0,0,0,0,0,0,0,0,0,0
STAT,popedge,Iterations,64,7329506,105962,105167,106038,104775,111526,116570,110221,112031,114755,118039,116228,114736,115467,115415,111806,113951,115371,110278,116183,117362,118613,108537,105194,105211,106348,107788,113661,117247,114333,115062,113009,110691,119090,118743,119046,117055,119093,116319,120625,123022,117006,119210,112228,116199,117347,114471,112433,115377,114632,114935,112937,108782,111189,116648,124121,124950,123506,126159,123085,125165,121919,104304,105314,107021
STAT,refine,Conflicts,64,3261,115,117,109,91,89,76,76,74,69,63,73,77,62,68,62,56,52,57,62,53,52,53,50,60,45,54,49,51,46,41,48,46,37,32,38,45,35,34,32,47,36,47,23,52,36,40,52,38,32,42,31,27,37,42,36,25,28,26,32,35,43,34,34,37
STAT,refine,Iterations,64,131858,1644,2010,2194,2325,2878,1917,2223,2523,2067,2281,1799,1830,1910,1803,2925,2377,2028,1940,2299,1798,1909,1461,1810,2202,1953,1766,1867,1817,2295,1895,1793,2370,2015,2190,1528,2267,2268,2351,1843,1766,1766,2296,2411,1945,1876,2045,2770,2020,1846,1866,2049,1990,1776,2590,2619,1955,2255,1569,1909,1674,1906,1914,2268,2406
