Hello from MIC
Galois Benchmark Suite v2.2.0 (r0)
Copyright (C) 2013 The University of Texas at Austin
http://iss.ices.utexas.edu/galois/

application: GMetis
Partitions a graph into K parts and minimizing the graph cut
http://iss.ices.utexas.edu/?p=projects/galois/benchmarks/gMetis

INFO: CommandLine /work/02556/dpereira/MIC/apps/gmetis/gmetis -t=157 /work/02556/dpereira/Inputs/USA-road-d.W.gr 1024
INFO: Hostname c558-402-mic0.stampede.tacc.utexas.edu
Created Graph with 6262104 nodes and 15248146 edges
Nodes 6262104| Edges 15248146 7624073

  Starting coarsening: 
Time coarsen:  2369 Size of final graph: 21914

  Sarting initial partitioning using GGGP:
Size in decade percentages:  -1,79 -0,874 1,71
Time clustering:  1054

  Sarting refinnement with BKL2
Initial dist
Size in decade percentages:  -1,79 -0,874 1,71
Refined dist
Size in decade percentages:  -1,363 -0,283 1,378
Time refinement:  1438


Time:  5040
Total edge cut : 32106

Part saved in : 0x7fff96f29860
STATTYPE,LOOP,CATEGORY,n,sum,T0,T1,T2,T3,T4,T5,T6,T7,T8,T9,T10,T11,T12,T13,T14,T15,T16,T17,T18,T19,T20,T21,T22,T23,T24,T25,T26,T27,T28,T29,T30,T31,T32,T33,T34,T35,T36,T37,T38,T39,T40,T41,T42,T43,T44,T45,T46,T47,T48,T49,T50,T51,T52,T53,T54,T55,T56,T57,T58,T59,T60,T61,T62,T63,T64,T65,T66,T67,T68,T69,T70,T71,T72,T73,T74,T75,T76,T77,T78,T79,T80,T81,T82,T83,T84,T85,T86,T87,T88,T89,T90,T91,T92,T93,T94,T95,T96,T97,T98,T99,T100,T101,T102,T103,T104,T105,T106,T107,T108,T109,T110,T111,T112,T113,T114,T115,T116,T117,T118,T119,T120,T121,T122,T123,T124,T125,T126,T127,T128,T129,T130,T131,T132,T133,T134,T135,T136,T137,T138,T139,T140,T141,T142,T143,T144,T145,T146,T147,T148,T149,T150,T151,T152,T153,T154,T155,T156
STAT,(NULL),Coarsen,157,2369,2369,0,0,0,0,0,0,0,0,0,0,0,0,0,0,0,0,0,0,0,0,0,0,0,0,0,0,0,0,0,0,0,0,0,0,0,0,0,0,0,0,0,0,0,0,0,0,0,0,0,0,0,0,0,0,0,0,0,0,0,0,0,0,0,0,0,0,0,0,0,0,0,0,0,0,0,0,0,0,0,0,0,0,0,0,0,0,0,0,0,0,0,0,0,0,0,0,0,0,0,0,0,0,0,0,0,0,0,0,0,0,0,0,0,0,0,0,0,0,0,0,0,0,0,0,0,0,0,0,0,0,0,0,0,0,0,0,0,0,0,0,0,0,0,0,0,0,0,0,0,0,0,0,0,0,0,0
STAT,(NULL),Conflicts,157,0,0,0,0,0,0,0,0,0,0,0,0,0,0,0,0,0,0,0,0,0,0,0,0,0,0,0,0,0,0,0,0,0,0,0,0,0,0,0,0,0,0,0,0,0,0,0,0,0,0,0,0,0,0,0,0,0,0,0,0,0,0,0,0,0,0,0,0,0,0,0,0,0,0,0,0,0,0,0,0,0,0,0,0,0,0,0,0,0,0,0,0,0,0,0,0,0,0,0,0,0,0,0,0,0,0,0,0,0,0,0,0,0,0,0,0,0,0,0,0,0,0,0,0,0,0,0,0,0,0,0,0,0,0,0,0,0,0,0,0,0,0,0,0,0,0,0,0,0,0,0,0,0,0,0,0,0,0
STAT,(NULL),Iterations,157,2047,11,7,9,11,14,9,16,10,5,7,7,2,18,12,7,14,15,9,10,17,13,16,13,9,17,11,15,12,14,18,17,11,6,19,12,22,25,22,19,8,20,9,20,13,12,17,6,25,13,18,12,13,11,12,9,12,13,14,16,13,12,10,17,20,17,2,13,8,13,11,13,8,16,17,23,8,9,12,9,8,18,19,12,13,12,9,9,17,10,13,17,8,12,9,15,15,18,14,8,16,16,17,16,17,13,12,30,11,23,12,21,4,17,14,14,22,18,19,10,15,26,11,7,12,9,13,9,8,15,14,5,6,14,4,21,11,13,16,7,16,11,13,20,15,10,6,7,5,12,14,10,14,12,11,10,8,14
STAT,(NULL),MeminfoPost,157,756945,4827,4822,4837,4830,4822,4822,4806,4824,4841,4855,4870,4817,4814,4814,4827,4826,4834,4820,4841,4815,4814,4813,4830,4835,4810,4804,4826,4808,4840,4834,4825,4828,4812,4822,4832,4844,4883,4829,4813,4812,4813,4826,4836,4836,4830,4826,4806,4810,4830,4834,4815,4805,4819,4828,4825,4819,4859,4816,4822,4834,4818,4829,4810,4812,4811,4827,4796,4815,4828,4835,4813,4816,4812,4806,4805,4814,4804,4850,4847,4814,4810,4809,4840,4804,4796,4804,4825,4834,4830,4835,4814,4813,4819,4811,4815,4813,4800,4793,4814,4828,4803,4802,4842,4857,4851,4822,4808,4823,4816,4796,4810,4822,4833,4835,4815,4807,4818,4813,4805,4802,4808,4822,4801,4827,4857,4853,4837,4815,4813,4802,4816,4835,4859,4832,4852,4830,4807,4831,4804,4820,4816,4796,4808,4807,4835,4801,4797,4816,4792,4830,4799,4810,4822,4824,4820,4813,4822
STAT,(NULL),MeminfoPre,157,189233,1211,1206,1221,1214,1206,1206,1190,1208,1225,1239,1254,1201,1198,1198,1211,1210,1218,1204,1225,1199,1198,1197,1214,1219,1194,1188,1210,1192,1224,1218,1209,1212,1196,1206,1216,1228,1267,1213,1197,1196,1197,1210,1220,1220,1214,1210,1190,1194,1214,1218,1199,1189,1203,1212,1209,1203,1243,1200,1206,1218,1202,1213,1194,1196,1195,1211,1180,1199,1212,1219,1197,1200,1196,1190,1189,1198,1188,1234,1231,1198,1194,1193,1224,1188,1180,1188,1209,1218,1214,1219,1198,1197,1203,1195,1199,1197,1184,1177,1198,1212,1187,1186,1226,1241,1235,1206,1192,1207,1200,1180,1194,1206,1217,1219,1199,1191,1202,1197,1189,1186,1192,1206,1185,1211,1241,1237,1221,1199,1197,1186,1200,1219,1243,1216,1236,1214,1191,1215,1188,1204,1200,1180,1192,1191,1219,1185,1181,1200,1176,1214,1183,1194,1206,1208,1204,1197,1206
STAT,(NULL),Partition,157,1054,1054,0,0,0,0,0,0,0,0,0,0,0,0,0,0,0,0,0,0,0,0,0,0,0,0,0,0,0,0,0,0,0,0,0,0,0,0,0,0,0,0,0,0,0,0,0,0,0,0,0,0,0,0,0,0,0,0,0,0,0,0,0,0,0,0,0,0,0,0,0,0,0,0,0,0,0,0,0,0,0,0,0,0,0,0,0,0,0,0,0,0,0,0,0,0,0,0,0,0,0,0,0,0,0,0,0,0,0,0,0,0,0,0,0,0,0,0,0,0,0,0,0,0,0,0,0,0,0,0,0,0,0,0,0,0,0,0,0,0,0,0,0,0,0,0,0,0,0,0,0,0,0,0,0,0,0,0
STAT,(NULL),Refine,157,1438,1438,0,0,0,0,0,0,0,0,0,0,0,0,0,0,0,0,0,0,0,0,0,0,0,0,0,0,0,0,0,0,0,0,0,0,0,0,0,0,0,0,0,0,0,0,0,0,0,0,0,0,0,0,0,0,0,0,0,0,0,0,0,0,0,0,0,0,0,0,0,0,0,0,0,0,0,0,0,0,0,0,0,0,0,0,0,0,0,0,0,0,0,0,0,0,0,0,0,0,0,0,0,0,0,0,0,0,0,0,0,0,0,0,0,0,0,0,0,0,0,0,0,0,0,0,0,0,0,0,0,0,0,0,0,0,0,0,0,0,0,0,0,0,0,0,0,0,0,0,0,0,0,0,0,0,0,0
STAT,(NULL),Threads,157,157,157,0,0,0,0,0,0,0,0,0,0,0,0,0,0,0,0,0,0,0,0,0,0,0,0,0,0,0,0,0,0,0,0,0,0,0,0,0,0,0,0,0,0,0,0,0,0,0,0,0,0,0,0,0,0,0,0,0,0,0,0,0,0,0,0,0,0,0,0,0,0,0,0,0,0,0,0,0,0,0,0,0,0,0,0,0,0,0,0,0,0,0,0,0,0,0,0,0,0,0,0,0,0,0,0,0,0,0,0,0,0,0,0,0,0,0,0,0,0,0,0,0,0,0,0,0,0,0,0,0,0,0,0,0,0,0,0,0,0,0,0,0,0,0,0,0,0,0,0,0,0,0,0,0,0,0,0
STAT,(NULL),Time,157,5040,5040,0,0,0,0,0,0,0,0,0,0,0,0,0,0,0,0,0,0,0,0,0,0,0,0,0,0,0,0,0,0,0,0,0,0,0,0,0,0,0,0,0,0,0,0,0,0,0,0,0,0,0,0,0,0,0,0,0,0,0,0,0,0,0,0,0,0,0,0,0,0,0,0,0,0,0,0,0,0,0,0,0,0,0,0,0,0,0,0,0,0,0,0,0,0,0,0,0,0,0,0,0,0,0,0,0,0,0,0,0,0,0,0,0,0,0,0,0,0,0,0,0,0,0,0,0,0,0,0,0,0,0,0,0,0,0,0,0,0,0,0,0,0,0,0,0,0,0,0,0,0,0,0,0,0,0,0
STAT,match,Conflicts,157,5575,60,58,52,45,50,61,46,58,38,54,57,58,53,50,48,43,52,51,45,56,42,43,55,45,48,39,42,39,43,40,49,34,42,50,44,43,40,48,38,46,35,43,30,35,27,35,45,28,38,29,33,34,38,35,40,34,35,44,29,41,36,24,34,27,23,22,30,24,34,28,31,25,29,28,35,30,35,28,31,24,38,26,33,22,32,35,35,26,29,32,32,29,29,34,32,31,31,32,34,30,30,31,31,29,33,28,29,29,29,36,31,30,31,30,35,31,23,36,32,33,24,35,30,36,26,41,26,30,29,33,31,32,33,37,30,38,31,28,30,32,36,34,32,31,25,32,22,24,32,28,30,35,29,29,31,38,25
STAT,match,Iterations,157,14975222,50918,72454,69069,77402,74774,74634,79625,82557,84018,73583,84617,80230,80303,102378,82329,86317,61865,80705,77817,83754,66702,64302,66536,72349,87172,83426,85145,85738,65924,82587,65031,82512,88602,79379,72721,105048,94519,102156,103101,80516,101530,91469,92180,95105,105185,112838,81152,92638,105843,98350,97101,109514,94766,102947,104626,97588,103386,105120,95641,82158,87524,103930,76467,96953,122275,84158,122443,108853,97286,90061,94471,112708,110664,115113,106419,95147,87324,101304,105602,95628,108193,89871,102109,124106,112438,72014,77231,95184,75646,83230,88643,120985,93632,92672,87991,74712,106776,99820,114721,124207,106867,123526,103678,117881,91715,113128,129496,121244,110840,101082,83401,92288,97018,113335,118912,125095,119073,102160,110783,103732,112553,115510,95525,84425,99493,68055,94571,91506,89218,98343,85565,78817,111527,98330,92647,112425,125363,98572,108125,102755,105838,113107,102904,106515,102925,114360,108328,99026,95070,66463,115189,84699,96017,95565,97594,94140,108440
STAT,popedge,Conflicts,157,0,0,0,0,0,0,0,0,0,0,0,0,0,0,0,0,0,0,0,0,0,0,0,0,0,0,0,0,0,0,0,0,0,0,0,0,0,0,0,0,0,0,0,0,0,0,0,0,0,0,0,0,0,0,0,0,0,0,0,0,0,0,0,0,0,0,0,0,0,0,0,0,0,0,0,0,0,0,0,0,0,0,0,0,0,0,0,0,0,0,0,0,0,0,0,0,0,0,0,0,0,0,0,0,0,0,0,0,0,0,0,0,0,0,0,0,0,0,0,0,0,0,0,0,0,0,0,0,0,0,0,0,0,0,0,0,0,0,0,0,0,0,0,0,0,0,0,0,0,0,0,0,0,0,0,0,0,0
STAT,popedge,Iterations,157,7338078,44211,43018,42220,44691,43947,44493,43651,44304,42650,43990,43351,45081,46504,44889,46424,45589,45234,45826,44590,46236,48609,46650,45678,47172,46416,45938,45408,44209,43471,45724,47100,44235,45490,45214,45252,52578,50718,48948,51632,53088,49958,49796,50221,48635,51472,50185,52854,51687,49032,50832,50475,51041,50353,48309,48118,46678,48425,46657,48374,48776,48316,39478,42442,41172,42975,42838,41251,42756,41077,41318,43396,44407,45629,43671,46786,43711,45320,42542,43898,42878,46042,45327,45463,47154,47285,45061,46385,45171,44760,45945,45414,44025,44300,45091,46683,43867,54021,53809,50603,53702,52488,52427,51833,50738,51086,53089,53459,49401,50896,51043,54640,51182,50965,51579,50810,50129,48427,51059,49753,51086,50689,49710,42832,42958,39317,44679,42619,43527,42645,44188,43546,43678,45439,44907,46079,47209,46523,48304,44635,45773,46015,46680,46309,46163,45382,44956,45376,48717,45477,46692,46008,45069,46028,46442,43214,46623,45304
STAT,refine,Conflicts,157,5130,81,89,68,79,73,70,66,74,67,57,66,51,53,62,54,64,58,57,46,53,49,54,46,54,45,35,45,48,49,42,48,39,38,42,46,43,49,37,30,32,32,44,38,35,44,37,42,37,30,28,28,23,30,33,28,39,43,37,36,43,33,22,20,20,23,18,25,27,23,27,22,35,27,18,28,23,23,24,24,18,25,19,21,17,21,13,15,15,20,25,20,24,19,22,39,22,29,21,24,22,17,19,27,25,21,30,33,27,17,16,25,16,21,28,32,24,28,27,24,25,29,23,23,21,19,15,19,26,22,28,24,23,30,28,27,32,16,19,26,34,11,25,14,22,23,33,22,21,31,15,29,15,23,22,17,28,34
STAT,refine,Iterations,157,434368,1632,2270,3001,2196,2301,2015,2533,2567,2417,2720,3574,2852,2266,2993,2309,2670,2474,2321,2342,2839,2273,2240,2360,2290,2309,2002,1997,2179,2697,2350,2058,2174,2723,2331,2278,3730,4621,3086,2658,2595,2464,3617,3794,2818,3419,3316,2391,2586,2753,2347,2514,2361,2965,3386,2724,2384,3858,2776,3254,2957,2814,2453,2374,2550,3027,2282,2405,2799,2389,2612,2542,3632,2901,2996,3363,2655,2714,3248,3045,2322,2754,2700,2996,3013,1957,2166,2177,2676,2427,2718,2303,2749,2304,2216,2606,2446,3536,3419,3593,3167,3151,3024,3323,4246,3087,4348,4108,2943,2704,2699,2451,2335,2595,3637,3746,3059,3077,3248,3460,3288,3237,3332,2319,2311,2974,2764,2466,2490,2581,2482,2287,2917,4147,3170,3095,3426,2806,2970,2841,2786,2470,2747,2529,2428,2682,2604,2675,2366,2398,2507,2682,1969,2508,2610,2236,2623,3431
