Hello from MIC
Galois Benchmark Suite v2.2.0 (r0)
Copyright (C) 2013 The University of Texas at Austin
http://iss.ices.utexas.edu/galois/

application: GMetis
Partitions a graph into K parts and minimizing the graph cut
http://iss.ices.utexas.edu/?p=projects/galois/benchmarks/gMetis

INFO: CommandLine /work/02556/dpereira/MIC/apps/gmetis/gmetis -t=222 /work/02556/dpereira/Inputs/USA-road-d.W.gr 1024
INFO: Hostname c557-803-mic0.stampede.tacc.utexas.edu
Created Graph with 6262104 nodes and 15248146 edges
Nodes 6262104| Edges 15248146 7624073

  Starting coarsening: 
Time coarsen:  3056 Size of final graph: 22148

  Sarting initial partitioning using GGGP:
Size in decade percentages:  -1,74 -0,876 1,74
Time clustering:  1193

  Sarting refinnement with BKL2
Initial dist
Size in decade percentages:  -1,74 -0,876 1,74
Refined dist
Size in decade percentages:  -1,368 0,277 1,378 4,1
Time refinement:  2062


Time:  6491
Total edge cut : 31610

Part saved in : 0x7fffe3663ae0
STATTYPE,LOOP,CATEGORY,n,sum,T0,T1,T2,T3,T4,T5,T6,T7,T8,T9,T10,T11,T12,T13,T14,T15,T16,T17,T18,T19,T20,T21,T22,T23,T24,T25,T26,T27,T28,T29,T30,T31,T32,T33,T34,T35,T36,T37,T38,T39,T40,T41,T42,T43,T44,T45,T46,T47,T48,T49,T50,T51,T52,T53,T54,T55,T56,T57,T58,T59,T60,T61,T62,T63,T64,T65,T66,T67,T68,T69,T70,T71,T72,T73,T74,T75,T76,T77,T78,T79,T80,T81,T82,T83,T84,T85,T86,T87,T88,T89,T90,T91,T92,T93,T94,T95,T96,T97,T98,T99,T100,T101,T102,T103,T104,T105,T106,T107,T108,T109,T110,T111,T112,T113,T114,T115,T116,T117,T118,T119,T120,T121,T122,T123,T124,T125,T126,T127,T128,T129,T130,T131,T132,T133,T134,T135,T136,T137,T138,T139,T140,T141,T142,T143,T144,T145,T146,T147,T148,T149,T150,T151,T152,T153,T154,T155,T156,T157,T158,T159,T160,T161,T162,T163,T164,T165,T166,T167,T168,T169,T170,T171,T172,T173,T174,T175,T176,T177,T178,T179,T180,T181,T182,T183,T184,T185,T186,T187,T188,T189,T190,T191,T192,T193,T194,T195,T196,T197,T198,T199,T200,T201,T202,T203,T204,T205,T206,T207,T208,T209,T210,T211,T212,T213,T214,T215,T216,T217,T218,T219,T220,T221
STAT,(NULL),Coarsen,222,3056,3056,0,0,0,0,0,0,0,0,0,0,0,0,0,0,0,0,0,0,0,0,0,0,0,0,0,0,0,0,0,0,0,0,0,0,0,0,0,0,0,0,0,0,0,0,0,0,0,0,0,0,0,0,0,0,0,0,0,0,0,0,0,0,0,0,0,0,0,0,0,0,0,0,0,0,0,0,0,0,0,0,0,0,0,0,0,0,0,0,0,0,0,0,0,0,0,0,0,0,0,0,0,0,0,0,0,0,0,0,0,0,0,0,0,0,0,0,0,0,0,0,0,0,0,0,0,0,0,0,0,0,0,0,0,0,0,0,0,0,0,0,0,0,0,0,0,0,0,0,0,0,0,0,0,0,0,0,0,0,0,0,0,0,0,0,0,0,0,0,0,0,0,0,0,0,0,0,0,0,0,0,0,0,0,0,0,0,0,0,0,0,0,0,0,0,0,0,0,0,0,0,0,0,0,0,0,0,0,0,0,0,0,0,0,0,0,0,0,0,0,0,0
STAT,(NULL),Conflicts,222,0,0,0,0,0,0,0,0,0,0,0,0,0,0,0,0,0,0,0,0,0,0,0,0,0,0,0,0,0,0,0,0,0,0,0,0,0,0,0,0,0,0,0,0,0,0,0,0,0,0,0,0,0,0,0,0,0,0,0,0,0,0,0,0,0,0,0,0,0,0,0,0,0,0,0,0,0,0,0,0,0,0,0,0,0,0,0,0,0,0,0,0,0,0,0,0,0,0,0,0,0,0,0,0,0,0,0,0,0,0,0,0,0,0,0,0,0,0,0,0,0,0,0,0,0,0,0,0,0,0,0,0,0,0,0,0,0,0,0,0,0,0,0,0,0,0,0,0,0,0,0,0,0,0,0,0,0,0,0,0,0,0,0,0,0,0,0,0,0,0,0,0,0,0,0,0,0,0,0,0,0,0,0,0,0,0,0,0,0,0,0,0,0,0,0,0,0,0,0,0,0,0,0,0,0,0,0,0,0,0,0,0,0,0,0,0,0,0,0,0,0,0,0
STAT,(NULL),Iterations,222,2047,11,1,8,1,2,7,10,10,6,4,4,12,8,6,5,8,9,10,11,4,7,11,4,4,1,18,7,8,8,11,12,14,11,5,2,17,11,6,17,12,9,10,13,11,7,13,9,16,9,15,12,12,14,15,15,5,11,16,12,5,11,15,3,7,7,3,10,5,10,3,1,8,11,9,4,8,9,10,3,16,5,10,7,5,11,8,7,11,15,12,5,11,5,6,10,10,11,7,8,11,12,13,7,18,7,11,18,5,12,15,9,15,9,20,16,22,11,8,11,9,7,13,8,7,7,5,10,10,4,11,3,12,3,5,9,12,9,5,11,9,10,9,6,4,4,7,5,9,9,5,6,10,9,8,9,3,10,14,12,13,17,11,15,9,14,17,10,14,9,17,7,15,6,7,5,2,10,13,19,22,11,9,17,9,5,5,18,5,3,6,9,6,9,4,6,4,9,12,5,10,12,11,11,4,10,12,13,3,4,3,10,11,10,9,4,16,3,6,20,1,8,15
STAT,(NULL),MeminfoPost,222,756853,3416,3404,3412,3418,3417,3420,3410,3407,3403,3401,3417,3412,3425,3432,3460,3421,3398,3409,3398,3402,3414,3417,3415,3420,3414,3416,3414,3410,3397,3403,3407,3418,3423,3407,3402,3396,3404,3409,3413,3410,3414,3419,3414,3413,3404,3415,3397,3419,3407,3428,3430,3458,3425,3403,3403,3401,3407,3406,3418,3410,3428,3413,3418,3412,3414,3394,3407,3403,3416,3410,3424,3398,3401,3402,3408,3413,3414,3405,3409,3427,3435,3400,3408,3420,3414,3406,3405,3420,3399,3406,3400,3401,3418,3395,3392,3406,3414,3418,3415,3407,3398,3407,3405,3399,3395,3401,3398,3408,3400,3427,3432,3419,3407,3398,3401,3403,3429,3402,3396,3391,3391,3408,3410,3412,3419,3418,3418,3407,3408,3405,3397,3413,3401,3404,3406,3395,3399,3390,3401,3397,3396,3421,3398,3392,3422,3426,3434,3424,3428,3406,3400,3401,3422,3400,3392,3390,3406,3410,3413,3418,3420,3404,3406,3399,3411,3401,3404,3400,3393,3393,3404,3410,3401,3393,3415,3431,3428,3432,3428,3412,3402,3397,3402,3397,3408,3410,3431,3437,3419,3421,3434,3415,3400,3401,3418,3398,3408,3404,3408,3392,3397,3395,3400,3406,3423,3396,3392,3391,3405,3396,3394,3419,3399,3393,3405,3407,3413,3409,3408,3414,3405,3408
STAT,(NULL),MeminfoPre,222,189199,859,847,855,861,860,863,853,850,846,844,860,855,868,875,903,864,841,852,841,845,857,860,858,863,857,859,857,853,840,846,850,861,866,850,845,839,847,852,856,853,857,862,857,856,847,858,840,862,850,871,873,901,868,846,846,844,850,849,861,853,871,856,861,855,857,837,850,846,859,853,867,841,844,845,851,856,857,848,852,870,878,843,851,863,857,849,848,863,842,849,843,844,861,838,835,849,857,861,858,850,841,850,848,842,838,844,841,851,843,870,875,862,850,841,844,846,872,845,839,834,834,851,853,855,862,861,861,850,851,848,840,856,844,847,849,838,842,833,844,840,839,864,841,835,865,869,877,867,871,849,843,844,865,843,835,833,849,853,856,861,863,847,849,842,854,844,847,843,836,836,847,853,844,836,858,874,871,875,871,855,845,840,845,840,851,853,874,880,862,864,877,858,843,844,861,841,851,847,851,835,840,838,843,849,866,839,835,834,848,839,837,862,842,836,848,850,856,852,851,857,848,851
STAT,(NULL),Partition,222,1193,1193,0,0,0,0,0,0,0,0,0,0,0,0,0,0,0,0,0,0,0,0,0,0,0,0,0,0,0,0,0,0,0,0,0,0,0,0,0,0,0,0,0,0,0,0,0,0,0,0,0,0,0,0,0,0,0,0,0,0,0,0,0,0,0,0,0,0,0,0,0,0,0,0,0,0,0,0,0,0,0,0,0,0,0,0,0,0,0,0,0,0,0,0,0,0,0,0,0,0,0,0,0,0,0,0,0,0,0,0,0,0,0,0,0,0,0,0,0,0,0,0,0,0,0,0,0,0,0,0,0,0,0,0,0,0,0,0,0,0,0,0,0,0,0,0,0,0,0,0,0,0,0,0,0,0,0,0,0,0,0,0,0,0,0,0,0,0,0,0,0,0,0,0,0,0,0,0,0,0,0,0,0,0,0,0,0,0,0,0,0,0,0,0,0,0,0,0,0,0,0,0,0,0,0,0,0,0,0,0,0,0,0,0,0,0,0,0,0,0,0,0,0
STAT,(NULL),Refine,222,2062,2062,0,0,0,0,0,0,0,0,0,0,0,0,0,0,0,0,0,0,0,0,0,0,0,0,0,0,0,0,0,0,0,0,0,0,0,0,0,0,0,0,0,0,0,0,0,0,0,0,0,0,0,0,0,0,0,0,0,0,0,0,0,0,0,0,0,0,0,0,0,0,0,0,0,0,0,0,0,0,0,0,0,0,0,0,0,0,0,0,0,0,0,0,0,0,0,0,0,0,0,0,0,0,0,0,0,0,0,0,0,0,0,0,0,0,0,0,0,0,0,0,0,0,0,0,0,0,0,0,0,0,0,0,0,0,0,0,0,0,0,0,0,0,0,0,0,0,0,0,0,0,0,0,0,0,0,0,0,0,0,0,0,0,0,0,0,0,0,0,0,0,0,0,0,0,0,0,0,0,0,0,0,0,0,0,0,0,0,0,0,0,0,0,0,0,0,0,0,0,0,0,0,0,0,0,0,0,0,0,0,0,0,0,0,0,0,0,0,0,0,0,0
STAT,(NULL),Threads,222,222,222,0,0,0,0,0,0,0,0,0,0,0,0,0,0,0,0,0,0,0,0,0,0,0,0,0,0,0,0,0,0,0,0,0,0,0,0,0,0,0,0,0,0,0,0,0,0,0,0,0,0,0,0,0,0,0,0,0,0,0,0,0,0,0,0,0,0,0,0,0,0,0,0,0,0,0,0,0,0,0,0,0,0,0,0,0,0,0,0,0,0,0,0,0,0,0,0,0,0,0,0,0,0,0,0,0,0,0,0,0,0,0,0,0,0,0,0,0,0,0,0,0,0,0,0,0,0,0,0,0,0,0,0,0,0,0,0,0,0,0,0,0,0,0,0,0,0,0,0,0,0,0,0,0,0,0,0,0,0,0,0,0,0,0,0,0,0,0,0,0,0,0,0,0,0,0,0,0,0,0,0,0,0,0,0,0,0,0,0,0,0,0,0,0,0,0,0,0,0,0,0,0,0,0,0,0,0,0,0,0,0,0,0,0,0,0,0,0,0,0,0,0
STAT,(NULL),Time,222,6491,6491,0,0,0,0,0,0,0,0,0,0,0,0,0,0,0,0,0,0,0,0,0,0,0,0,0,0,0,0,0,0,0,0,0,0,0,0,0,0,0,0,0,0,0,0,0,0,0,0,0,0,0,0,0,0,0,0,0,0,0,0,0,0,0,0,0,0,0,0,0,0,0,0,0,0,0,0,0,0,0,0,0,0,0,0,0,0,0,0,0,0,0,0,0,0,0,0,0,0,0,0,0,0,0,0,0,0,0,0,0,0,0,0,0,0,0,0,0,0,0,0,0,0,0,0,0,0,0,0,0,0,0,0,0,0,0,0,0,0,0,0,0,0,0,0,0,0,0,0,0,0,0,0,0,0,0,0,0,0,0,0,0,0,0,0,0,0,0,0,0,0,0,0,0,0,0,0,0,0,0,0,0,0,0,0,0,0,0,0,0,0,0,0,0,0,0,0,0,0,0,0,0,0,0,0,0,0,0,0,0,0,0,0,0,0,0,0,0,0,0,0,0
STAT,match,Conflicts,222,5942,44,41,45,38,42,40,35,46,38,39,44,34,39,37,47,43,37,38,36,40,37,36,37,34,41,37,39,35,36,32,32,21,35,32,33,35,33,25,35,36,31,34,33,27,36,35,27,29,32,30,38,38,34,39,29,26,30,29,32,36,41,26,22,30,21,25,18,22,28,21,26,28,27,21,19,27,23,25,21,23,26,19,26,14,26,24,27,26,22,21,22,24,25,26,21,19,21,28,20,27,21,32,23,26,22,30,19,23,29,26,25,24,23,23,27,21,21,21,23,26,27,22,24,15,27,21,26,19,23,26,25,30,16,22,21,21,23,23,23,19,22,26,22,28,20,23,22,21,28,25,20,26,23,32,25,20,21,17,16,17,27,25,26,27,21,20,30,23,23,23,23,23,26,26,23,26,22,23,23,21,23,20,33,29,18,23,22,27,22,19,29,24,29,21,27,22,22,22,22,24,21,24,25,22,27,20,22,20,21,18,28,20,24,27,25,19,26,23,19,21,20,32
STAT,match,Iterations,222,15000469,46304,48661,53719,59993,49528,50822,42562,66116,35283,55685,48735,66652,54018,51283,50400,42784,57508,56458,50662,48775,32238,57063,38334,73100,52892,58532,48460,56543,51271,38285,50171,77175,49964,72372,46768,49707,59185,47734,62062,82228,75322,56235,61993,73271,60835,68634,68098,74281,52721,66353,57295,55532,74437,46569,59292,46152,60800,65989,62263,62934,56787,69821,60207,58912,66612,62944,68605,70854,82393,53586,60082,75201,75928,99497,63161,60077,69341,82088,77954,80714,73021,75287,74330,78428,72909,63662,78454,49447,71864,69214,76568,78651,67089,57615,81341,71754,68221,56532,55999,65152,88760,75309,79891,74084,66477,82476,80117,80754,74837,74682,70187,76819,77319,71657,65495,69306,64799,71588,65532,52933,72013,82349,63332,66933,81382,81323,64223,63793,47974,66377,77865,72511,80571,78545,77431,76492,80385,87559,73614,73244,81625,52955,57342,87633,88972,64090,57550,76415,62093,69949,91277,75304,62473,45547,55765,61416,75237,79846,77781,76525,65789,80283,67040,65609,92051,75884,83897,79196,68785,83600,82006,69635,79699,68349,81219,90459,84731,77344,59811,71008,71630,81383,66188,66999,63951,69861,51574,64600,83317,62327,75555,61389,71395,51422,69240,76256,59319,90462,71895,64446,58803,86204,78423,103303,68376,63837,59478,78087,80258,65397,80967,78413,52782,72066,84286,93334,61280,58350,75255,56367,85545,59981
STAT,popedge,Conflicts,222,0,0,0,0,0,0,0,0,0,0,0,0,0,0,0,0,0,0,0,0,0,0,0,0,0,0,0,0,0,0,0,0,0,0,0,0,0,0,0,0,0,0,0,0,0,0,0,0,0,0,0,0,0,0,0,0,0,0,0,0,0,0,0,0,0,0,0,0,0,0,0,0,0,0,0,0,0,0,0,0,0,0,0,0,0,0,0,0,0,0,0,0,0,0,0,0,0,0,0,0,0,0,0,0,0,0,0,0,0,0,0,0,0,0,0,0,0,0,0,0,0,0,0,0,0,0,0,0,0,0,0,0,0,0,0,0,0,0,0,0,0,0,0,0,0,0,0,0,0,0,0,0,0,0,0,0,0,0,0,0,0,0,0,0,0,0,0,0,0,0,0,0,0,0,0,0,0,0,0,0,0,0,0,0,0,0,0,0,0,0,0,0,0,0,0,0,0,0,0,0,0,0,0,0,0,0,0,0,0,0,0,0,0,0,0,0,0,0,0,0,0,0,0
STAT,popedge,Iterations,222,7346815,31238,31630,31565,32933,31751,30666,32560,31626,32996,32756,32243,31171,32426,31202,31021,30927,31510,31795,33483,30956,31853,31145,31659,31272,30385,30085,30961,32124,33832,31725,33365,32286,33674,31643,31787,32517,31586,32929,30035,35857,34209,35030,34384,34435,36083,36008,36860,33884,35459,33600,35656,35469,36444,36238,36661,34220,34285,37003,34690,35473,35972,31598,31168,30413,31929,31144,29932,29723,31876,32368,32961,30375,33386,34080,30118,29948,29873,32664,30958,30899,31844,32183,31308,28685,32602,30647,30926,31760,30724,30811,31543,32823,32355,33049,31638,30933,33901,32822,31724,31551,33711,35375,35550,36032,37544,36470,35133,34548,36662,35399,35874,35566,34251,33914,37230,35245,34040,34547,37597,37129,36860,38755,30219,31920,30613,31888,31386,31085,31934,32647,33121,32171,32629,33662,31962,30697,32478,32491,33128,31639,32548,32206,31496,32786,29395,32065,31404,31111,31790,32497,31874,31043,33910,34553,33311,34287,30156,33602,33204,30785,31781,36052,35375,37445,35623,35849,34011,35246,36293,35948,34530,35120,37747,36227,36670,36288,36763,33015,36630,35549,35431,35849,39096,31167,30367,31956,31745,32478,30226,32985,33992,32139,34060,34441,33221,34863,31806,32106,31151,35247,31810,31756,31815,29517,34590,33977,33208,32875,31190,33422,32127,31931,32580,33300,32679,34334,33335,32944,32563,31404,31360,32005
STAT,refine,Conflicts,222,6245,79,73,78,73,72,69,76,70,60,58,59,65,70,63,58,53,54,43,49,51,55,51,59,52,46,53,51,61,44,42,50,36,35,40,34,38,30,36,36,38,49,35,34,25,34,33,40,40,30,45,40,43,41,36,36,35,24,29,33,32,35,9,16,19,18,21,17,24,19,20,23,22,23,23,24,20,20,20,20,27,31,16,21,17,21,24,19,22,27,13,25,22,15,14,25,21,16,14,19,18,18,22,19,29,14,24,25,23,15,24,28,29,33,26,22,34,27,17,25,17,20,20,24,15,20,16,21,17,13,21,23,19,7,16,22,17,22,16,26,23,24,19,18,26,23,17,23,28,19,16,16,17,19,15,17,18,19,15,23,21,26,24,26,14,25,16,28,22,21,17,24,27,25,23,20,21,27,21,16,15,20,20,21,20,27,24,17,32,25,16,21,18,19,17,25,24,19,30,20,29,22,20,25,16,17,20,26,26,19,24,20,14,17,17,15,19,23,16,18,17,16,20
STAT,refine,Iterations,222,428173,1700,1423,1823,2170,1910,1503,1333,2038,1243,1766,1900,1924,2295,2009,2539,1863,1696,1443,1643,1735,1525,2025,1561,2425,1700,1798,1112,1601,1460,1446,1677,2109,1670,1821,1705,1823,1639,1225,1406,2224,2647,1764,1627,1528,1322,1793,2227,2365,1534,1984,2354,2554,2216,1371,2179,1631,2217,1777,1871,2001,2012,1761,1299,1764,2080,1943,1624,1675,2240,1393,2610,1975,2389,3012,1513,2109,1993,2009,1936,2456,2686,1460,2141,1576,2224,1568,1697,1722,1952,1732,1739,2284,1732,1403,2056,1639,2306,1440,1703,1890,1646,2362,2329,2680,1499,2003,1938,2006,1759,2812,2571,2466,2564,1966,2038,2195,2114,1984,1788,1388,1665,2399,1606,1700,2239,2345,2124,1731,1125,1972,1420,2286,1476,2618,2275,2072,2449,1812,2285,2098,2168,1702,1442,2489,2274,2121,1808,2353,1759,1956,2079,1269,1694,1509,1479,1941,1557,1895,2123,2021,1945,2047,2321,1658,2579,1522,1853,1943,2005,2009,2236,2263,2297,1995,2516,2499,2528,2711,1771,1441,1413,1662,2394,1570,1751,2162,1976,2103,2061,1497,2306,1647,2075,1683,2613,2311,1753,3275,2186,1998,1723,2218,1933,1760,2177,2095,2013,1655,1693,1856,1795,1736,1437,2234,1723,1682,1731,1937,1913,1605,1843,1782
