Hello from MIC
Galois Benchmark Suite v2.2.0 (r0)
Copyright (C) 2013 The University of Texas at Austin
http://iss.ices.utexas.edu/galois/

application: GMetis
Partitions a graph into K parts and minimizing the graph cut
http://iss.ices.utexas.edu/?p=projects/galois/benchmarks/gMetis

INFO: CommandLine /work/02556/dpereira/MIC/apps/gmetis/gmetis -t=160 /work/02556/dpereira/Inputs/USA-road-d.W.gr 128
INFO: Hostname c558-002-mic0.stampede.tacc.utexas.edu
Created Graph with 6262104 nodes and 15248146 edges
Nodes 6262104| Edges 15248146 7624073

  Starting coarsening: 
Time coarsen:  2816 Size of final graph: 3144

  Sarting initial partitioning using GGGP:
Size in decade percentages:  -1,6 -0,117 1,5
Time clustering:  435

  Sarting refinnement with BKL2
Initial dist
Size in decade percentages:  -1,6 -0,117 1,5
Refined dist
Size in decade percentages:  -1,45 -0,36 1,47
Time refinement:  1777


Time:  5207
Total edge cut : 8246

Part saved in : 0x7fff04f36460
STATTYPE,LOOP,CATEGORY,n,sum,T0,T1,T2,T3,T4,T5,T6,T7,T8,T9,T10,T11,T12,T13,T14,T15,T16,T17,T18,T19,T20,T21,T22,T23,T24,T25,T26,T27,T28,T29,T30,T31,T32,T33,T34,T35,T36,T37,T38,T39,T40,T41,T42,T43,T44,T45,T46,T47,T48,T49,T50,T51,T52,T53,T54,T55,T56,T57,T58,T59,T60,T61,T62,T63,T64,T65,T66,T67,T68,T69,T70,T71,T72,T73,T74,T75,T76,T77,T78,T79,T80,T81,T82,T83,T84,T85,T86,T87,T88,T89,T90,T91,T92,T93,T94,T95,T96,T97,T98,T99,T100,T101,T102,T103,T104,T105,T106,T107,T108,T109,T110,T111,T112,T113,T114,T115,T116,T117,T118,T119,T120,T121,T122,T123,T124,T125,T126,T127,T128,T129,T130,T131,T132,T133,T134,T135,T136,T137,T138,T139,T140,T141,T142,T143,T144,T145,T146,T147,T148,T149,T150,T151,T152,T153,T154,T155,T156,T157,T158,T159
STAT,(NULL),Coarsen,160,2816,2816,0,0,0,0,0,0,0,0,0,0,0,0,0,0,0,0,0,0,0,0,0,0,0,0,0,0,0,0,0,0,0,0,0,0,0,0,0,0,0,0,0,0,0,0,0,0,0,0,0,0,0,0,0,0,0,0,0,0,0,0,0,0,0,0,0,0,0,0,0,0,0,0,0,0,0,0,0,0,0,0,0,0,0,0,0,0,0,0,0,0,0,0,0,0,0,0,0,0,0,0,0,0,0,0,0,0,0,0,0,0,0,0,0,0,0,0,0,0,0,0,0,0,0,0,0,0,0,0,0,0,0,0,0,0,0,0,0,0,0,0,0,0,0,0,0,0,0,0,0,0,0,0,0,0,0,0,0,0,0
STAT,(NULL),Conflicts,160,0,0,0,0,0,0,0,0,0,0,0,0,0,0,0,0,0,0,0,0,0,0,0,0,0,0,0,0,0,0,0,0,0,0,0,0,0,0,0,0,0,0,0,0,0,0,0,0,0,0,0,0,0,0,0,0,0,0,0,0,0,0,0,0,0,0,0,0,0,0,0,0,0,0,0,0,0,0,0,0,0,0,0,0,0,0,0,0,0,0,0,0,0,0,0,0,0,0,0,0,0,0,0,0,0,0,0,0,0,0,0,0,0,0,0,0,0,0,0,0,0,0,0,0,0,0,0,0,0,0,0,0,0,0,0,0,0,0,0,0,0,0,0,0,0,0,0,0,0,0,0,0,0,0,0,0,0,0,0,0,0
STAT,(NULL),Iterations,160,255,8,1,0,0,0,0,0,1,0,1,0,0,3,3,3,0,1,5,0,1,0,4,0,0,0,1,1,3,4,0,1,0,0,2,4,0,3,0,2,3,0,4,7,3,6,6,1,7,4,1,0,3,4,2,0,0,0,0,0,1,0,0,0,0,0,1,2,0,1,0,0,0,1,1,0,3,0,2,0,0,1,3,0,0,2,0,0,1,4,3,0,0,3,2,2,2,5,1,3,2,3,0,2,4,2,3,4,2,7,1,7,2,2,2,5,1,5,1,2,3,2,1,0,1,0,0,0,1,0,0,6,1,0,0,0,0,3,0,1,2,1,1,1,4,0,4,0,0,0,4,3,2,1,2,5,0,0,0,1,1
STAT,(NULL),MeminfoPost,160,756646,4735,4729,4742,4740,4730,4737,4708,4735,4740,4759,4781,4736,4721,4721,4720,4736,4742,4742,4736,4737,4713,4721,4740,4740,4722,4713,4723,4732,4727,4748,4732,4732,4733,4713,4736,4749,4762,4779,4726,4723,4720,4731,4730,4751,4736,4735,4731,4712,4725,4737,4740,4722,4714,4726,4736,4736,4722,4768,4726,4727,4736,4733,4730,4727,4723,4715,4736,4707,4717,4734,4742,4726,4722,4719,4717,4708,4717,4726,4730,4762,4743,4713,4717,4735,4732,4708,4703,4724,4733,4738,4742,4741,4721,4715,4735,4713,4723,4717,4708,4710,4715,4737,4714,4710,4750,4765,4758,4730,4715,4729,4728,4704,4714,4730,4737,4744,4727,4715,4728,4718,4719,4709,4717,4727,4712,4720,4758,4756,4760,4730,4715,4719,4713,4727,4765,4756,4744,4758,4723,4718,4728,4726,4721,4721,4702,4720,4718,4741,4705,4704,4724,4703,4733,4714,4717,4730,4730,4730,4720,4731
STAT,(NULL),MeminfoPre,160,189126,1188,1182,1195,1193,1183,1190,1161,1188,1193,1212,1234,1189,1174,1174,1173,1189,1195,1195,1189,1190,1166,1174,1193,1193,1175,1166,1176,1185,1180,1201,1185,1185,1186,1166,1189,1202,1215,1232,1179,1176,1173,1184,1183,1204,1189,1188,1184,1165,1178,1190,1193,1175,1167,1179,1189,1189,1175,1221,1179,1180,1189,1186,1183,1180,1176,1168,1189,1160,1170,1187,1195,1179,1175,1172,1170,1161,1170,1179,1183,1215,1196,1166,1170,1188,1185,1161,1156,1177,1186,1191,1195,1194,1174,1168,1188,1166,1176,1170,1161,1163,1168,1190,1167,1163,1203,1218,1211,1183,1168,1182,1181,1157,1167,1183,1190,1197,1180,1168,1181,1171,1172,1162,1170,1180,1165,1173,1211,1209,1213,1183,1168,1172,1166,1180,1218,1209,1197,1211,1176,1171,1181,1179,1174,1174,1155,1173,1171,1194,1158,1157,1177,1156,1186,1167,1170,1183,1183,1183,1173,1184
STAT,(NULL),Partition,160,435,435,0,0,0,0,0,0,0,0,0,0,0,0,0,0,0,0,0,0,0,0,0,0,0,0,0,0,0,0,0,0,0,0,0,0,0,0,0,0,0,0,0,0,0,0,0,0,0,0,0,0,0,0,0,0,0,0,0,0,0,0,0,0,0,0,0,0,0,0,0,0,0,0,0,0,0,0,0,0,0,0,0,0,0,0,0,0,0,0,0,0,0,0,0,0,0,0,0,0,0,0,0,0,0,0,0,0,0,0,0,0,0,0,0,0,0,0,0,0,0,0,0,0,0,0,0,0,0,0,0,0,0,0,0,0,0,0,0,0,0,0,0,0,0,0,0,0,0,0,0,0,0,0,0,0,0,0,0,0,0
STAT,(NULL),Refine,160,1777,1777,0,0,0,0,0,0,0,0,0,0,0,0,0,0,0,0,0,0,0,0,0,0,0,0,0,0,0,0,0,0,0,0,0,0,0,0,0,0,0,0,0,0,0,0,0,0,0,0,0,0,0,0,0,0,0,0,0,0,0,0,0,0,0,0,0,0,0,0,0,0,0,0,0,0,0,0,0,0,0,0,0,0,0,0,0,0,0,0,0,0,0,0,0,0,0,0,0,0,0,0,0,0,0,0,0,0,0,0,0,0,0,0,0,0,0,0,0,0,0,0,0,0,0,0,0,0,0,0,0,0,0,0,0,0,0,0,0,0,0,0,0,0,0,0,0,0,0,0,0,0,0,0,0,0,0,0,0,0,0
STAT,(NULL),Threads,160,160,160,0,0,0,0,0,0,0,0,0,0,0,0,0,0,0,0,0,0,0,0,0,0,0,0,0,0,0,0,0,0,0,0,0,0,0,0,0,0,0,0,0,0,0,0,0,0,0,0,0,0,0,0,0,0,0,0,0,0,0,0,0,0,0,0,0,0,0,0,0,0,0,0,0,0,0,0,0,0,0,0,0,0,0,0,0,0,0,0,0,0,0,0,0,0,0,0,0,0,0,0,0,0,0,0,0,0,0,0,0,0,0,0,0,0,0,0,0,0,0,0,0,0,0,0,0,0,0,0,0,0,0,0,0,0,0,0,0,0,0,0,0,0,0,0,0,0,0,0,0,0,0,0,0,0,0,0,0,0,0
STAT,(NULL),Time,160,5207,5207,0,0,0,0,0,0,0,0,0,0,0,0,0,0,0,0,0,0,0,0,0,0,0,0,0,0,0,0,0,0,0,0,0,0,0,0,0,0,0,0,0,0,0,0,0,0,0,0,0,0,0,0,0,0,0,0,0,0,0,0,0,0,0,0,0,0,0,0,0,0,0,0,0,0,0,0,0,0,0,0,0,0,0,0,0,0,0,0,0,0,0,0,0,0,0,0,0,0,0,0,0,0,0,0,0,0,0,0,0,0,0,0,0,0,0,0,0,0,0,0,0,0,0,0,0,0,0,0,0,0,0,0,0,0,0,0,0,0,0,0,0,0,0,0,0,0,0,0,0,0,0,0,0,0,0,0,0,0,0
STAT,match,Conflicts,160,6241,60,49,66,58,48,59,59,71,55,62,52,48,54,57,65,53,44,41,44,59,59,51,43,60,56,46,54,50,54,51,49,42,54,45,37,46,56,48,48,43,38,40,50,40,37,41,42,45,45,37,39,44,45,38,47,46,43,40,31,40,44,33,30,34,37,20,36,30,32,21,28,29,30,36,26,37,29,32,27,36,42,36,35,31,33,34,33,37,32,27,32,31,28,41,38,33,39,44,30,36,32,35,24,32,33,30,37,35,35,32,31,37,33,34,33,27,36,33,32,32,24,33,23,38,30,38,24,45,34,38,35,35,35,22,31,35,29,31,34,35,28,48,35,42,38,36,23,36,38,32,36,35,29,30,34,35,34,31,39,37
STAT,match,Iterations,160,15031057,60245,73456,86417,71535,92020,84821,88292,75181,83454,59884,67733,83704,80123,61150,65218,61537,88594,78546,62905,75459,72466,64837,86683,72025,59336,90095,68889,90655,77666,92208,66500,73090,77129,89594,86671,86597,87061,73625,94695,101338,94206,95627,95108,84847,96545,114092,89415,90582,92441,108832,79822,104478,95514,103948,89355,90743,93943,91617,105084,99041,95379,94045,92602,94127,88918,85800,98552,109595,97282,97154,104104,102678,92194,64139,103212,99656,99918,106992,96443,86008,104030,105672,102516,95445,114811,83848,96364,92592,106294,118455,87355,97963,112493,96953,100364,101191,97335,89091,103458,128120,107108,115736,116078,117264,113049,106579,107618,91341,126045,116975,92320,87013,112628,110194,103635,124881,84995,123440,102842,109591,141238,87724,96890,78946,99791,86047,104115,88246,87499,96616,92652,94935,90453,103534,98217,97293,105940,108108,90509,87360,96315,87312,114542,106877,88063,88122,121576,94742,81284,107624,94597,83251,96488,93045,107655,92811,105038,99958,94863,101627
STAT,popedge,Conflicts,160,0,0,0,0,0,0,0,0,0,0,0,0,0,0,0,0,0,0,0,0,0,0,0,0,0,0,0,0,0,0,0,0,0,0,0,0,0,0,0,0,0,0,0,0,0,0,0,0,0,0,0,0,0,0,0,0,0,0,0,0,0,0,0,0,0,0,0,0,0,0,0,0,0,0,0,0,0,0,0,0,0,0,0,0,0,0,0,0,0,0,0,0,0,0,0,0,0,0,0,0,0,0,0,0,0,0,0,0,0,0,0,0,0,0,0,0,0,0,0,0,0,0,0,0,0,0,0,0,0,0,0,0,0,0,0,0,0,0,0,0,0,0,0,0,0,0,0,0,0,0,0,0,0,0,0,0,0,0,0,0,0
STAT,popedge,Iterations,160,7365179,41549,43021,43104,43529,41501,42478,42501,44365,41487,43059,41197,42998,45004,45981,44578,43655,44514,42457,44592,45575,45719,46269,46043,46519,49145,44569,45887,47262,44732,43391,46410,45005,46141,44587,45391,44463,43502,45823,52524,49983,52188,52914,52483,50613,47926,51256,50711,52239,47957,48577,54976,50691,50419,52251,47660,41983,47386,48167,46685,47246,50441,40027,38447,41861,41743,42799,40627,43674,41970,41496,42628,40140,43353,46040,42739,42437,44225,43382,43650,40837,43882,44941,46841,44271,49109,47301,43659,46231,46372,45325,43385,45857,44213,47698,44436,44903,45155,45520,42205,50189,51806,52126,53125,54743,50887,50765,55549,49689,50799,50289,55076,52283,54499,50057,49360,50466,43394,50583,49821,50162,50960,51846,41772,41050,40805,42226,41249,43793,41979,42490,41117,43062,42422,42913,44520,43135,45122,43571,46556,46267,44263,45206,44819,44511,43519,49035,45299,45878,47649,46657,45597,47676,44802,47557,44569,45330,46257,44947,44698,45729
STAT,refine,Conflicts,160,5798,105,106,111,104,93,91,97,85,86,71,87,84,81,80,72,72,65,67,60,58,66,65,56,61,53,62,55,57,59,61,47,43,47,46,54,48,40,57,35,25,41,38,38,43,37,45,26,43,38,29,43,36,33,31,44,41,36,34,43,39,35,21,22,24,23,13,20,26,28,22,23,23,15,23,36,19,25,30,20,23,28,13,24,21,21,18,23,19,24,21,27,16,29,27,25,30,26,29,22,28,15,25,24,30,27,26,22,20,34,21,18,25,25,19,24,34,33,23,11,29,17,22,27,15,12,17,28,25,23,25,18,26,20,30,35,26,25,23,22,20,22,19,16,27,20,30,18,24,20,20,21,24,22,30,20,26,14,28,20,24
STAT,refine,Iterations,160,136983,873,859,987,709,844,1014,905,857,818,895,971,1061,833,865,763,748,773,690,711,876,577,655,770,780,598,869,620,840,688,1116,634,743,695,846,825,920,908,1020,997,630,1100,797,875,1014,783,1202,820,910,873,1018,959,813,1040,850,1110,942,793,1038,954,902,920,676,845,916,763,791,926,788,807,598,944,1060,660,740,1022,845,829,820,656,755,1056,710,835,664,770,572,647,554,895,849,940,855,924,875,728,770,876,848,943,1188,680,1218,874,1036,1037,910,1455,814,1162,1150,776,1233,900,896,1042,1372,1051,965,902,1058,1128,870,957,788,883,700,830,1108,860,749,580,978,734,861,1026,951,786,745,799,661,821,795,672,674,633,831,453,722,411,780,725,831,931,735,709,970,668,1120,736,805
