Hello from MIC
Galois Benchmark Suite v2.2.0 (r0)
Copyright (C) 2013 The University of Texas at Austin
http://iss.ices.utexas.edu/galois/

application: GMetis
Partitions a graph into K parts and minimizing the graph cut
http://iss.ices.utexas.edu/?p=projects/galois/benchmarks/gMetis

INFO: CommandLine /work/02556/dpereira/MIC/apps/gmetis/gmetis -t=44 /work/02556/dpereira/Inputs/USA-road-d.W.gr 128
INFO: Hostname c557-901-mic0.stampede.tacc.utexas.edu
Created Graph with 6262104 nodes and 15248146 edges
Nodes 6262104| Edges 15248146 7624073

  Starting coarsening: 
Time coarsen:  2808 Size of final graph: 2992

  Sarting initial partitioning using GGGP:
Size in decade percentages:  -1,8 -0,114 1,6
Time clustering:  395

  Sarting refinnement with BKL2
Initial dist
Size in decade percentages:  -1,8 -0,114 1,6
Refined dist
Size in decade percentages:  -1,49 0,32 1,47
Time refinement:  659


Time:  4038
Total edge cut : 8218

Part saved in : 0x7fff15c69660
STATTYPE,LOOP,CATEGORY,n,sum,T0,T1,T2,T3,T4,T5,T6,T7,T8,T9,T10,T11,T12,T13,T14,T15,T16,T17,T18,T19,T20,T21,T22,T23,T24,T25,T26,T27,T28,T29,T30,T31,T32,T33,T34,T35,T36,T37,T38,T39,T40,T41,T42,T43
STAT,(NULL),Coarsen,44,2808,2808,0,0,0,0,0,0,0,0,0,0,0,0,0,0,0,0,0,0,0,0,0,0,0,0,0,0,0,0,0,0,0,0,0,0,0,0,0,0,0,0,0,0,0
STAT,(NULL),Conflicts,44,0,0,0,0,0,0,0,0,0,0,0,0,0,0,0,0,0,0,0,0,0,0,0,0,0,0,0,0,0,0,0,0,0,0,0,0,0,0,0,0,0,0,0,0,0
STAT,(NULL),Iterations,44,255,9,5,7,7,7,11,3,5,5,9,7,4,3,8,9,3,3,9,7,5,5,4,5,8,3,2,8,10,5,5,3,3,4,3,2,6,5,8,6,5,6,3,11,9
STAT,(NULL),MeminfoPost,44,756261,17210,17177,17294,17166,17225,17177,17197,17173,17223,17191,17261,17188,17210,17193,17164,17236,17192,17172,17152,17194,17148,17205,17169,17149,17214,17172,17160,17147,17195,17219,17145,17210,17163,17130,17212,17226,17174,17280,17162,17139,17159,17141,17161,17186
STAT,(NULL),MeminfoPre,44,189057,4319,4286,4403,4275,4334,4286,4306,4282,4332,4300,4370,4297,4319,4302,4273,4345,4301,4281,4261,4303,4257,4314,4278,4258,4323,4281,4269,4256,4304,4328,4254,4319,4272,4239,4321,4335,4283,4389,4271,4248,4268,4250,4270,4295
STAT,(NULL),Partition,44,395,395,0,0,0,0,0,0,0,0,0,0,0,0,0,0,0,0,0,0,0,0,0,0,0,0,0,0,0,0,0,0,0,0,0,0,0,0,0,0,0,0,0,0,0
STAT,(NULL),Refine,44,659,659,0,0,0,0,0,0,0,0,0,0,0,0,0,0,0,0,0,0,0,0,0,0,0,0,0,0,0,0,0,0,0,0,0,0,0,0,0,0,0,0,0,0,0
STAT,(NULL),Threads,44,44,44,0,0,0,0,0,0,0,0,0,0,0,0,0,0,0,0,0,0,0,0,0,0,0,0,0,0,0,0,0,0,0,0,0,0,0,0,0,0,0,0,0,0,0
STAT,(NULL),Time,44,4038,4038,0,0,0,0,0,0,0,0,0,0,0,0,0,0,0,0,0,0,0,0,0,0,0,0,0,0,0,0,0,0,0,0,0,0,0,0,0,0,0,0,0,0,0
STAT,match,Conflicts,44,4371,233,164,163,158,154,151,112,98,109,101,117,91,84,57,74,75,72,82,96,86,101,110,74,78,81,70,67,89,96,67,82,58,65,53,46,76,67,97,58,114,175,202,99,69
STAT,match,Iterations,44,14965323,323895,334520,317486,339590,328266,336110,344117,349076,316363,343427,279731,340822,348388,346077,347724,325354,332171,342763,363358,349687,353186,337273,359330,365685,315528,346385,350144,357783,331971,326639,326710,333159,330941,353607,333172,326648,346668,333386,366790,368965,356651,336729,350206,348842
STAT,popedge,Conflicts,44,0,0,0,0,0,0,0,0,0,0,0,0,0,0,0,0,0,0,0,0,0,0,0,0,0,0,0,0,0,0,0,0,0,0,0,0,0,0,0,0,0,0,0,0,0
STAT,popedge,Iterations,44,7333993,165146,165217,160027,164885,158726,167278,166364,166991,160268,165759,146303,163212,160530,164563,164638,150251,149862,158137,167355,158993,163879,159601,170195,172566,167493,169557,171055,170396,171053,164284,169099,162790,169507,168502,164938,158816,164422,179370,183714,182227,176553,186297,184361,178813
STAT,refine,Conflicts,44,2651,139,100,102,82,91,89,73,69,76,82,85,65,53,64,65,72,57,65,57,56,56,64,39,45,51,43,33,48,51,55,48,47,50,53,52,42,41,40,40,64,38,32,42,35
STAT,refine,Iterations,44,133120,2741,2650,3677,2888,2684,2734,3308,2487,2753,3382,3425,3438,3000,3491,2748,3427,2851,3047,2491,3435,2954,3193,3174,2184,3620,3242,2490,3459,3068,3799,2454,3523,3094,3634,3323,3438,2886,3136,2115,2485,2361,2985,2419,3427
