Hello from MIC
Galois Benchmark Suite v2.2.0 (r0)
Copyright (C) 2013 The University of Texas at Austin
http://iss.ices.utexas.edu/galois/

application: GMetis
Partitions a graph into K parts and minimizing the graph cut
http://iss.ices.utexas.edu/?p=projects/galois/benchmarks/gMetis

INFO: CommandLine /work/02556/dpereira/MIC/apps/gmetis/gmetis -t=113 /work/02556/dpereira/Inputs/USA-road-d.W.gr 16
INFO: Hostname c558-001-mic0.stampede.tacc.utexas.edu
Created Graph with 6262104 nodes and 15248146 edges
Nodes 6262104| Edges 15248146 7624073

  Starting coarsening: 
Time coarsen:  2517 Size of final graph: 431

  Sarting initial partitioning using GGGP:
Size in decade percentages:  -1,1 -0,14 1,1
Time clustering:  364

  Sarting refinnement with BKL2
Initial dist
Size in decade percentages:  -1,1 -0,14 1,1
Refined dist
Size in decade percentages:  -1,6 -0,3 1,7
Time refinement:  1302


Time:  4361
Total edge cut : 1796

Part saved in : 0x7fff162f4c60
STATTYPE,LOOP,CATEGORY,n,sum,T0,T1,T2,T3,T4,T5,T6,T7,T8,T9,T10,T11,T12,T13,T14,T15,T16,T17,T18,T19,T20,T21,T22,T23,T24,T25,T26,T27,T28,T29,T30,T31,T32,T33,T34,T35,T36,T37,T38,T39,T40,T41,T42,T43,T44,T45,T46,T47,T48,T49,T50,T51,T52,T53,T54,T55,T56,T57,T58,T59,T60,T61,T62,T63,T64,T65,T66,T67,T68,T69,T70,T71,T72,T73,T74,T75,T76,T77,T78,T79,T80,T81,T82,T83,T84,T85,T86,T87,T88,T89,T90,T91,T92,T93,T94,T95,T96,T97,T98,T99,T100,T101,T102,T103,T104,T105,T106,T107,T108,T109,T110,T111,T112
STAT,(NULL),Coarsen,113,2517,2517,0,0,0,0,0,0,0,0,0,0,0,0,0,0,0,0,0,0,0,0,0,0,0,0,0,0,0,0,0,0,0,0,0,0,0,0,0,0,0,0,0,0,0,0,0,0,0,0,0,0,0,0,0,0,0,0,0,0,0,0,0,0,0,0,0,0,0,0,0,0,0,0,0,0,0,0,0,0,0,0,0,0,0,0,0,0,0,0,0,0,0,0,0,0,0,0,0,0,0,0,0,0,0,0,0,0,0,0,0,0,0,0
STAT,(NULL),Conflicts,113,0,0,0,0,0,0,0,0,0,0,0,0,0,0,0,0,0,0,0,0,0,0,0,0,0,0,0,0,0,0,0,0,0,0,0,0,0,0,0,0,0,0,0,0,0,0,0,0,0,0,0,0,0,0,0,0,0,0,0,0,0,0,0,0,0,0,0,0,0,0,0,0,0,0,0,0,0,0,0,0,0,0,0,0,0,0,0,0,0,0,0,0,0,0,0,0,0,0,0,0,0,0,0,0,0,0,0,0,0,0,0,0,0,0
STAT,(NULL),Iterations,113,31,5,0,0,0,0,0,2,0,0,0,0,0,2,0,2,0,0,0,2,0,0,1,0,0,0,0,1,0,0,0,0,0,0,0,1,0,0,0,0,0,0,3,0,0,1,0,0,0,0,0,0,0,0,4,0,0,0,3,0,0,0,0,0,0,0,0,0,0,0,0,0,0,0,0,0,0,0,0,0,0,0,0,0,0,0,0,0,0,1,0,0,0,0,0,0,0,0,0,0,0,0,0,0,0,0,0,2,0,0,0,0,0,1
STAT,(NULL),MeminfoPost,113,756332,6695,6703,6707,6690,6687,6700,6729,6764,6675,6686,6692,6708,6702,6716,6672,6683,6717,6683,6676,6687,6714,6711,6691,6679,6702,6734,6753,6683,6682,6698,6708,6706,6708,6673,6687,6710,6678,6682,6705,6688,6731,6686,6708,6691,6698,6679,6687,6676,6681,6705,6692,6683,6675,6675,6680,6702,6725,6680,6678,6707,6661,6671,6698,6712,6708,6684,6688,6677,6680,6663,6676,6689,6670,6697,6741,6722,6676,6700,6663,6676,6700,6713,6684,6684,6680,6669,6672,6686,6677,6735,6734,6695,6676,6674,6707,6738,6720,6710,6673,6692,6686,6681,6665,6655,6713,6655,6674,6693,6667,6688,6696,6697,6688
STAT,(NULL),MeminfoPre,113,189072,1675,1683,1687,1670,1667,1680,1709,1744,1655,1666,1672,1688,1682,1696,1652,1663,1697,1663,1656,1667,1694,1691,1671,1659,1682,1714,1733,1663,1662,1678,1688,1686,1688,1653,1667,1690,1658,1662,1685,1668,1711,1666,1688,1671,1678,1659,1667,1656,1661,1685,1672,1663,1655,1655,1660,1682,1705,1660,1658,1687,1641,1651,1678,1692,1688,1664,1668,1657,1660,1643,1656,1669,1650,1677,1721,1702,1656,1680,1643,1656,1680,1693,1664,1664,1660,1649,1652,1666,1657,1715,1714,1675,1656,1654,1687,1718,1700,1690,1653,1672,1666,1661,1645,1635,1693,1635,1654,1673,1647,1668,1676,1677,1668
STAT,(NULL),Partition,113,364,364,0,0,0,0,0,0,0,0,0,0,0,0,0,0,0,0,0,0,0,0,0,0,0,0,0,0,0,0,0,0,0,0,0,0,0,0,0,0,0,0,0,0,0,0,0,0,0,0,0,0,0,0,0,0,0,0,0,0,0,0,0,0,0,0,0,0,0,0,0,0,0,0,0,0,0,0,0,0,0,0,0,0,0,0,0,0,0,0,0,0,0,0,0,0,0,0,0,0,0,0,0,0,0,0,0,0,0,0,0,0,0,0
STAT,(NULL),Refine,113,1302,1302,0,0,0,0,0,0,0,0,0,0,0,0,0,0,0,0,0,0,0,0,0,0,0,0,0,0,0,0,0,0,0,0,0,0,0,0,0,0,0,0,0,0,0,0,0,0,0,0,0,0,0,0,0,0,0,0,0,0,0,0,0,0,0,0,0,0,0,0,0,0,0,0,0,0,0,0,0,0,0,0,0,0,0,0,0,0,0,0,0,0,0,0,0,0,0,0,0,0,0,0,0,0,0,0,0,0,0,0,0,0,0,0
STAT,(NULL),Threads,113,113,113,0,0,0,0,0,0,0,0,0,0,0,0,0,0,0,0,0,0,0,0,0,0,0,0,0,0,0,0,0,0,0,0,0,0,0,0,0,0,0,0,0,0,0,0,0,0,0,0,0,0,0,0,0,0,0,0,0,0,0,0,0,0,0,0,0,0,0,0,0,0,0,0,0,0,0,0,0,0,0,0,0,0,0,0,0,0,0,0,0,0,0,0,0,0,0,0,0,0,0,0,0,0,0,0,0,0,0,0,0,0,0,0
STAT,(NULL),Time,113,4361,4361,0,0,0,0,0,0,0,0,0,0,0,0,0,0,0,0,0,0,0,0,0,0,0,0,0,0,0,0,0,0,0,0,0,0,0,0,0,0,0,0,0,0,0,0,0,0,0,0,0,0,0,0,0,0,0,0,0,0,0,0,0,0,0,0,0,0,0,0,0,0,0,0,0,0,0,0,0,0,0,0,0,0,0,0,0,0,0,0,0,0,0,0,0,0,0,0,0,0,0,0,0,0,0,0,0,0,0,0,0,0,0,0
STAT,match,Conflicts,113,6189,102,76,89,89,92,81,79,78,87,79,71,76,62,84,75,82,65,81,90,82,66,76,58,63,63,57,74,60,59,58,62,63,57,68,61,47,68,74,65,48,60,56,54,58,56,48,55,68,55,57,50,70,34,54,43,42,33,51,43,44,51,53,34,37,36,43,32,27,52,42,45,37,41,38,51,43,48,55,48,42,47,35,47,35,46,47,39,46,45,35,38,45,46,40,40,46,48,54,50,45,36,39,46,38,51,37,32,55,51,39,43,45,50
STAT,match,Iterations,113,14997548,108085,110641,121485,117715,115559,115308,113790,111269,115129,134887,123651,109061,115607,123435,124732,116154,131674,141120,114336,105703,127634,116409,135663,129291,128898,121373,129548,115050,125981,122581,114886,121462,123287,120994,110583,142432,137737,119809,100558,133236,123680,126713,124962,121999,126829,128129,125533,110942,130956,132913,133939,122955,159145,133916,144503,150029,142067,150017,156653,152179,168002,128248,129066,130280,146935,138119,142792,161082,146651,158869,144875,140716,140056,150320,131480,131770,154741,134029,143575,143782,140148,138936,128625,141503,140262,136458,144712,136137,143401,126229,129266,129062,139428,134098,141755,141980,130446,142076,137132,139581,152322,151851,128705,157736,142568,133607,156801,134031,148957,133589,135733,134204,136009
STAT,popedge,Conflicts,113,0,0,0,0,0,0,0,0,0,0,0,0,0,0,0,0,0,0,0,0,0,0,0,0,0,0,0,0,0,0,0,0,0,0,0,0,0,0,0,0,0,0,0,0,0,0,0,0,0,0,0,0,0,0,0,0,0,0,0,0,0,0,0,0,0,0,0,0,0,0,0,0,0,0,0,0,0,0,0,0,0,0,0,0,0,0,0,0,0,0,0,0,0,0,0,0,0,0,0,0,0,0,0,0,0,0,0,0,0,0,0,0,0,0
STAT,popedge,Iterations,113,7350567,63560,62679,64829,65083,67148,66191,64077,62628,64596,66061,63857,65372,61615,63889,64016,65932,62854,65091,66598,65309,62811,64281,64479,64955,63277,63563,60990,66288,63308,62939,63686,63901,62183,67553,67507,63312,65533,65710,60983,60327,63207,60254,59505,60184,61626,64803,66056,67559,65336,66847,62378,63217,70404,73279,69707,70052,70200,75043,74924,72869,76739,66800,62189,62827,62785,64095,64369,65052,64101,62333,65846,62666,64417,63214,64259,61774,64610,64648,67193,63529,64239,63632,63405,64446,67165,63921,62986,62348,63125,61519,62104,64362,61440,61020,64540,68580,68400,66699,65369,64823,66064,63910,69315,62877,66612,66492,64284,68908,67553,69112,65900,69681,65869
STAT,refine,Conflicts,113,4700,118,129,135,111,112,119,93,95,86,81,96,102,94,70,64,55,65,54,71,61,58,70,72,67,67,66,48,50,51,55,37,30,32,40,30,29,38,48,24,38,40,33,58,35,32,41,52,40,37,34,41,38,22,25,25,20,17,28,33,25,30,17,20,19,28,29,28,18,26,30,25,17,15,27,19,24,19,26,19,21,21,19,28,26,23,31,27,24,37,28,16,22,17,30,33,29,13,13,26,16,21,28,28,24,30,21,25,36,20,21,21,29,23
STAT,refine,Iterations,113,37259,414,461,496,399,437,519,353,525,461,573,386,410,367,420,294,327,314,286,361,337,348,342,355,337,343,339,405,358,385,285,204,186,224,243,257,202,250,348,193,288,316,312,271,257,249,362,361,211,274,383,425,387,290,443,324,388,230,280,342,400,243,233,248,367,349,364,494,304,323,352,582,222,335,539,304,246,308,312,220,249,297,333,399,424,221,375,413,340,477,304,183,229,227,286,293,358,169,199,331,241,305,258,344,227,268,280,360,313,246,360,253,367,448
