Hello from MIC
Galois Benchmark Suite v2.2.0 (r0)
Copyright (C) 2013 The University of Texas at Austin
http://iss.ices.utexas.edu/galois/

application: GMetis
Partitions a graph into K parts and minimizing the graph cut
http://iss.ices.utexas.edu/?p=projects/galois/benchmarks/gMetis

INFO: CommandLine /work/02556/dpereira/MIC/apps/gmetis/gmetis -t=45 /work/02556/dpereira/Inputs/USA-road-d.W.gr 1024
INFO: Hostname c557-803-mic0.stampede.tacc.utexas.edu
Created Graph with 6262104 nodes and 15248146 edges
Nodes 6262104| Edges 15248146 7624073

  Starting coarsening: 
Time coarsen:  2626 Size of final graph: 40235

  Sarting initial partitioning using GGGP:
Size in decade percentages:  -0,1024
Time clustering:  1242

  Sarting refinnement with BKL2
Initial dist
Size in decade percentages:  -0,1024
Refined dist
Size in decade percentages:  -1,357 0,298 1,369
Time refinement:  859


Time:  4905
Total edge cut : 37278

Part saved in : 0x7fffb9827de0
STATTYPE,LOOP,CATEGORY,n,sum,T0,T1,T2,T3,T4,T5,T6,T7,T8,T9,T10,T11,T12,T13,T14,T15,T16,T17,T18,T19,T20,T21,T22,T23,T24,T25,T26,T27,T28,T29,T30,T31,T32,T33,T34,T35,T36,T37,T38,T39,T40,T41,T42,T43,T44
STAT,(NULL),Coarsen,45,2626,2626,0,0,0,0,0,0,0,0,0,0,0,0,0,0,0,0,0,0,0,0,0,0,0,0,0,0,0,0,0,0,0,0,0,0,0,0,0,0,0,0,0,0,0,0
STAT,(NULL),Conflicts,45,0,0,0,0,0,0,0,0,0,0,0,0,0,0,0,0,0,0,0,0,0,0,0,0,0,0,0,0,0,0,0,0,0,0,0,0,0,0,0,0,0,0,0,0,0,0
STAT,(NULL),Iterations,45,2047,11,35,32,57,53,70,55,51,50,46,16,34,90,52,71,45,32,38,44,19,37,53,66,32,35,35,28,51,44,52,45,65,66,10,76,54,48,61,50,63,32,17,24,40,62
STAT,(NULL),MeminfoPost,45,756169,16823,16802,16896,16797,16842,16795,16806,16776,16839,16808,16890,16797,16837,16794,16790,16807,16844,16808,16781,16796,16779,16754,16841,16796,16757,16831,16779,16756,16769,16858,16813,16758,16825,16772,16758,16841,16819,16813,16872,16784,16758,16768,16764,16773,16803
STAT,(NULL),MeminfoPre,45,189034,4220,4199,4293,4194,4239,4192,4203,4173,4236,4205,4287,4194,4234,4191,4187,4204,4241,4205,4178,4193,4176,4151,4238,4193,4154,4228,4176,4153,4166,4255,4210,4155,4222,4169,4155,4238,4216,4210,4269,4181,4155,4165,4161,4170,4200
STAT,(NULL),Partition,45,1242,1242,0,0,0,0,0,0,0,0,0,0,0,0,0,0,0,0,0,0,0,0,0,0,0,0,0,0,0,0,0,0,0,0,0,0,0,0,0,0,0,0,0,0,0,0
STAT,(NULL),Refine,45,859,859,0,0,0,0,0,0,0,0,0,0,0,0,0,0,0,0,0,0,0,0,0,0,0,0,0,0,0,0,0,0,0,0,0,0,0,0,0,0,0,0,0,0,0,0
STAT,(NULL),Threads,45,45,45,0,0,0,0,0,0,0,0,0,0,0,0,0,0,0,0,0,0,0,0,0,0,0,0,0,0,0,0,0,0,0,0,0,0,0,0,0,0,0,0,0,0,0,0
STAT,(NULL),Time,45,4905,4905,0,0,0,0,0,0,0,0,0,0,0,0,0,0,0,0,0,0,0,0,0,0,0,0,0,0,0,0,0,0,0,0,0,0,0,0,0,0,0,0,0,0,0,0
STAT,match,Conflicts,45,4213,142,130,112,104,106,103,86,85,80,111,113,85,114,80,95,78,76,93,90,86,92,88,81,69,88,78,45,73,92,86,75,94,68,63,70,66,86,75,108,97,91,111,165,190,93
STAT,match,Iterations,45,14866780,289855,316939,286826,319032,310341,325463,336406,330115,330571,339885,317163,342737,309934,342533,309855,333324,316692,330057,325774,319278,315330,335323,326500,349541,353762,322922,355022,351450,349081,316085,336294,322644,334597,347559,355745,311695,325169,342721,314721,349923,353238,342388,359234,326145,336911
STAT,popedge,Conflicts,45,0,0,0,0,0,0,0,0,0,0,0,0,0,0,0,0,0,0,0,0,0,0,0,0,0,0,0,0,0,0,0,0,0,0,0,0,0,0,0,0,0,0,0,0,0,0
STAT,popedge,Iterations,45,7284795,157303,161738,156439,161402,155337,160158,162493,164534,156075,160540,152796,159761,153472,161806,151182,144427,144203,147894,155294,156952,161281,160464,159048,168283,165067,164153,165579,168340,165835,162367,160078,168449,158650,162582,158477,158374,153388,162271,175589,175324,177380,180729,174851,181824,172606
STAT,refine,Conflicts,45,2380,85,65,67,63,65,56,51,49,61,48,56,59,58,54,52,50,58,76,58,56,70,56,54,42,48,54,42,36,47,64,50,35,55,55,59,68,56,35,37,38,40,47,37,34,34
STAT,refine,Iterations,45,477005,9757,9906,12959,10982,10867,10980,10556,9268,10246,9936,11679,9992,10335,10473,9327,9598,11261,10131,10185,10963,9833,10956,11868,10882,9609,11134,10743,9538,10671,12202,11212,9808,10799,9409,11107,12357,10257,11488,12175,10730,9363,9215,9856,10727,11665
