Hello from MIC
Galois Benchmark Suite v2.2.0 (r0)
Copyright (C) 2013 The University of Texas at Austin
http://iss.ices.utexas.edu/galois/

application: GMetis
Partitions a graph into K parts and minimizing the graph cut
http://iss.ices.utexas.edu/?p=projects/galois/benchmarks/gMetis

INFO: CommandLine /work/02556/dpereira/MIC/apps/gmetis/gmetis -t=106 /work/02556/dpereira/Inputs/USA-road-d.W.gr 16
INFO: Hostname c558-001-mic0.stampede.tacc.utexas.edu
Created Graph with 6262104 nodes and 15248146 edges
Nodes 6262104| Edges 15248146 7624073

  Starting coarsening: 
Time coarsen:  2468 Size of final graph: 434

  Sarting initial partitioning using GGGP:
Size in decade percentages:  -1,1 -0,14 1,1
Time clustering:  363

  Sarting refinnement with BKL2
Initial dist
Size in decade percentages:  -1,1 -0,14 1,1
Refined dist
Size in decade percentages:  -1,6 0,4 1,6
Time refinement:  1139


Time:  4147
Total edge cut : 2019

Part saved in : 0x7fff4f2d7c60
STATTYPE,LOOP,CATEGORY,n,sum,T0,T1,T2,T3,T4,T5,T6,T7,T8,T9,T10,T11,T12,T13,T14,T15,T16,T17,T18,T19,T20,T21,T22,T23,T24,T25,T26,T27,T28,T29,T30,T31,T32,T33,T34,T35,T36,T37,T38,T39,T40,T41,T42,T43,T44,T45,T46,T47,T48,T49,T50,T51,T52,T53,T54,T55,T56,T57,T58,T59,T60,T61,T62,T63,T64,T65,T66,T67,T68,T69,T70,T71,T72,T73,T74,T75,T76,T77,T78,T79,T80,T81,T82,T83,T84,T85,T86,T87,T88,T89,T90,T91,T92,T93,T94,T95,T96,T97,T98,T99,T100,T101,T102,T103,T104,T105
STAT,(NULL),Coarsen,106,2468,2468,0,0,0,0,0,0,0,0,0,0,0,0,0,0,0,0,0,0,0,0,0,0,0,0,0,0,0,0,0,0,0,0,0,0,0,0,0,0,0,0,0,0,0,0,0,0,0,0,0,0,0,0,0,0,0,0,0,0,0,0,0,0,0,0,0,0,0,0,0,0,0,0,0,0,0,0,0,0,0,0,0,0,0,0,0,0,0,0,0,0,0,0,0,0,0,0,0,0,0,0,0,0,0,0,0
STAT,(NULL),Conflicts,106,0,0,0,0,0,0,0,0,0,0,0,0,0,0,0,0,0,0,0,0,0,0,0,0,0,0,0,0,0,0,0,0,0,0,0,0,0,0,0,0,0,0,0,0,0,0,0,0,0,0,0,0,0,0,0,0,0,0,0,0,0,0,0,0,0,0,0,0,0,0,0,0,0,0,0,0,0,0,0,0,0,0,0,0,0,0,0,0,0,0,0,0,0,0,0,0,0,0,0,0,0,0,0,0,0,0,0
STAT,(NULL),Iterations,106,31,5,0,0,0,0,0,1,0,0,0,0,0,0,0,0,0,0,0,0,0,1,0,0,0,0,0,0,0,0,2,0,0,0,0,0,3,1,0,0,0,0,0,0,0,0,2,0,0,0,0,1,0,1,0,0,3,0,0,0,2,1,4,0,1,0,0,0,0,0,0,0,0,0,0,0,0,0,0,0,0,0,0,0,0,1,0,0,0,0,0,0,0,0,0,0,0,0,0,0,0,0,0,0,2,0,0
STAT,(NULL),MeminfoPost,106,756412,7133,7158,7146,7145,7119,7151,7202,7156,7118,7134,7152,7152,7145,7124,7124,7160,7119,7130,7129,7156,7146,7134,7133,7156,7214,7132,7128,7130,7151,7154,7148,7119,7139,7145,7116,7129,7145,7144,7165,7136,7145,7143,7122,7118,7126,7122,7152,7127,7127,7114,7111,7124,7179,7141,7116,7151,7109,7100,7143,7152,7149,7128,7130,7120,7119,7105,7112,7136,7116,7178,7183,7121,7137,7113,7112,7145,7154,7120,7129,7124,7105,7114,7125,7154,7184,7155,7124,7108,7145,7185,7163,7150,7124,7130,7129,7103,7110,7158,7095,7121,7089,7139,7123,7140,7140,7129
STAT,(NULL),MeminfoPre,106,189100,1781,1806,1794,1793,1767,1799,1850,1804,1766,1782,1800,1800,1793,1772,1772,1808,1767,1778,1777,1804,1794,1782,1781,1804,1862,1780,1776,1778,1799,1802,1796,1767,1787,1793,1764,1777,1793,1792,1813,1784,1793,1791,1770,1766,1774,1770,1800,1775,1775,1762,1759,1772,1827,1789,1764,1799,1757,1748,1791,1800,1797,1776,1778,1768,1767,1753,1760,1784,1764,1826,1831,1769,1785,1761,1760,1793,1802,1768,1777,1772,1753,1762,1773,1802,1832,1803,1772,1756,1793,1833,1811,1798,1772,1778,1777,1751,1758,1806,1743,1769,1737,1787,1771,1788,1788,1777
STAT,(NULL),Partition,106,363,363,0,0,0,0,0,0,0,0,0,0,0,0,0,0,0,0,0,0,0,0,0,0,0,0,0,0,0,0,0,0,0,0,0,0,0,0,0,0,0,0,0,0,0,0,0,0,0,0,0,0,0,0,0,0,0,0,0,0,0,0,0,0,0,0,0,0,0,0,0,0,0,0,0,0,0,0,0,0,0,0,0,0,0,0,0,0,0,0,0,0,0,0,0,0,0,0,0,0,0,0,0,0,0,0,0
STAT,(NULL),Refine,106,1139,1139,0,0,0,0,0,0,0,0,0,0,0,0,0,0,0,0,0,0,0,0,0,0,0,0,0,0,0,0,0,0,0,0,0,0,0,0,0,0,0,0,0,0,0,0,0,0,0,0,0,0,0,0,0,0,0,0,0,0,0,0,0,0,0,0,0,0,0,0,0,0,0,0,0,0,0,0,0,0,0,0,0,0,0,0,0,0,0,0,0,0,0,0,0,0,0,0,0,0,0,0,0,0,0,0,0
STAT,(NULL),Threads,106,106,106,0,0,0,0,0,0,0,0,0,0,0,0,0,0,0,0,0,0,0,0,0,0,0,0,0,0,0,0,0,0,0,0,0,0,0,0,0,0,0,0,0,0,0,0,0,0,0,0,0,0,0,0,0,0,0,0,0,0,0,0,0,0,0,0,0,0,0,0,0,0,0,0,0,0,0,0,0,0,0,0,0,0,0,0,0,0,0,0,0,0,0,0,0,0,0,0,0,0,0,0,0,0,0,0,0
STAT,(NULL),Time,106,4147,4147,0,0,0,0,0,0,0,0,0,0,0,0,0,0,0,0,0,0,0,0,0,0,0,0,0,0,0,0,0,0,0,0,0,0,0,0,0,0,0,0,0,0,0,0,0,0,0,0,0,0,0,0,0,0,0,0,0,0,0,0,0,0,0,0,0,0,0,0,0,0,0,0,0,0,0,0,0,0,0,0,0,0,0,0,0,0,0,0,0,0,0,0,0,0,0,0,0,0,0,0,0,0,0,0,0
STAT,match,Conflicts,106,6173,97,104,107,105,83,96,88,101,64,80,92,60,76,79,84,88,68,69,64,68,74,84,84,78,56,74,67,67,92,61,71,73,69,75,55,63,51,47,70,62,68,69,60,56,76,32,48,42,50,39,48,48,63,60,38,43,50,47,43,43,44,40,47,67,45,26,47,45,36,40,46,41,41,47,47,45,51,55,38,40,41,53,40,53,62,47,55,48,53,50,50,48,39,50,35,45,47,37,33,49,44,37,59,44,55,42
STAT,match,Iterations,106,14997766,105360,107349,109149,108467,123282,117445,92624,124131,114991,134657,107955,137167,123535,135104,120576,130348,151312,116422,134988,128346,112585,130186,140122,114020,123442,118307,126985,132362,127056,133913,121612,137617,123768,122121,141135,123062,132445,147181,122186,124336,130273,127655,136530,147526,122962,187243,150525,145424,140114,152602,148330,151865,140177,156429,160604,142913,173483,166434,151175,168691,153919,131279,138390,154647,162362,142855,154745,128277,172861,155645,173872,156532,145758,163851,158451,149749,148664,163225,146843,152861,162758,143455,150092,148576,142182,147984,159540,151271,149400,143568,131453,156366,173999,167395,150550,166850,150401,144730,168812,147407,160691,153621,161182,138536,142271,151286
STAT,popedge,Conflicts,106,0,0,0,0,0,0,0,0,0,0,0,0,0,0,0,0,0,0,0,0,0,0,0,0,0,0,0,0,0,0,0,0,0,0,0,0,0,0,0,0,0,0,0,0,0,0,0,0,0,0,0,0,0,0,0,0,0,0,0,0,0,0,0,0,0,0,0,0,0,0,0,0,0,0,0,0,0,0,0,0,0,0,0,0,0,0,0,0,0,0,0,0,0,0,0,0,0,0,0,0,0,0,0,0,0,0,0
STAT,popedge,Iterations,106,7347602,69202,70039,69711,71182,71323,69829,67526,66720,67557,65612,65626,64487,70474,68889,70374,68253,68045,70558,69643,65723,65874,67914,65023,67205,65755,69330,69732,67517,67799,66671,69724,69813,70480,71655,71622,69210,65222,65254,65846,64086,63823,65917,66672,68628,70094,73025,72553,73615,76404,73675,78107,76512,74105,74588,77963,77784,78122,79929,77054,78745,77829,67049,67549,63113,68306,67270,67047,64996,70142,66666,69874,66177,67328,69217,68247,67330,65794,66462,67311,69506,65703,65028,67442,66245,65271,66546,64386,67898,67855,70874,72803,71690,74437,67575,72110,71611,72389,67451,68495,66640,67335,66931,66743,73467,68635,71009
STAT,refine,Conflicts,106,4548,136,138,141,126,115,112,102,95,90,96,87,79,78,71,75,68,66,61,64,73,67,70,56,57,68,44,53,54,43,53,34,44,37,29,40,33,38,32,47,36,50,45,37,44,47,46,30,33,38,43,29,29,41,31,33,30,27,40,20,39,28,22,30,23,16,23,23,28,31,27,9,21,36,20,27,18,17,27,21,17,14,16,17,20,20,26,17,27,18,14,17,21,17,11,25,18,21,17,15,27,25,30,29,30,27,25
STAT,refine,Iterations,106,41051,462,684,441,560,469,591,778,558,503,416,335,339,293,267,310,344,430,338,357,347,391,396,422,353,569,387,347,367,248,244,166,230,214,265,260,270,246,312,424,200,295,360,358,492,413,376,442,567,476,446,825,426,640,342,456,427,462,359,322,737,380,396,475,246,312,386,587,633,476,484,348,276,353,242,230,321,346,467,311,287,295,502,335,441,273,390,383,348,391,206,225,311,283,209,286,280,310,239,327,392,297,360,467,389,585,617
