Hello from MIC
Galois Benchmark Suite v2.2.0 (r0)
Copyright (C) 2013 The University of Texas at Austin
http://iss.ices.utexas.edu/galois/

application: GMetis
Partitions a graph into K parts and minimizing the graph cut
http://iss.ices.utexas.edu/?p=projects/galois/benchmarks/gMetis

INFO: CommandLine /work/02556/dpereira/MIC/apps/gmetis/gmetis -t=242 /work/02556/dpereira/Inputs/USA-road-d.W.gr 16
INFO: Hostname c558-003-mic0.stampede.tacc.utexas.edu
Created Graph with 6262104 nodes and 15248146 edges
Nodes 6262104| Edges 15248146 7624073

  Starting coarsening: 
Time coarsen:  5346 Size of final graph: 448

  Sarting initial partitioning using GGGP:
Size in decade percentages:  -0,16
Time clustering:  379

  Sarting refinnement with BKL2
Initial dist
Size in decade percentages:  -0,16
Refined dist
Size in decade percentages:  -1,6 -0,4 1,6
Time refinement:  3332


Time:  9236
Total edge cut : 1780

Part saved in : 0x7fff62815760
STATTYPE,LOOP,CATEGORY,n,sum,T0,T1,T2,T3,T4,T5,T6,T7,T8,T9,T10,T11,T12,T13,T14,T15,T16,T17,T18,T19,T20,T21,T22,T23,T24,T25,T26,T27,T28,T29,T30,T31,T32,T33,T34,T35,T36,T37,T38,T39,T40,T41,T42,T43,T44,T45,T46,T47,T48,T49,T50,T51,T52,T53,T54,T55,T56,T57,T58,T59,T60,T61,T62,T63,T64,T65,T66,T67,T68,T69,T70,T71,T72,T73,T74,T75,T76,T77,T78,T79,T80,T81,T82,T83,T84,T85,T86,T87,T88,T89,T90,T91,T92,T93,T94,T95,T96,T97,T98,T99,T100,T101,T102,T103,T104,T105,T106,T107,T108,T109,T110,T111,T112,T113,T114,T115,T116,T117,T118,T119,T120,T121,T122,T123,T124,T125,T126,T127,T128,T129,T130,T131,T132,T133,T134,T135,T136,T137,T138,T139,T140,T141,T142,T143,T144,T145,T146,T147,T148,T149,T150,T151,T152,T153,T154,T155,T156,T157,T158,T159,T160,T161,T162,T163,T164,T165,T166,T167,T168,T169,T170,T171,T172,T173,T174,T175,T176,T177,T178,T179,T180,T181,T182,T183,T184,T185,T186,T187,T188,T189,T190,T191,T192,T193,T194,T195,T196,T197,T198,T199,T200,T201,T202,T203,T204,T205,T206,T207,T208,T209,T210,T211,T212,T213,T214,T215,T216,T217,T218,T219,T220,T221,T222,T223,T224,T225,T226,T227,T228,T229,T230,T231,T232,T233,T234,T235,T236,T237,T238,T239,T240,T241
STAT,(NULL),Coarsen,242,5346,5346,0,0,0,0,0,0,0,0,0,0,0,0,0,0,0,0,0,0,0,0,0,0,0,0,0,0,0,0,0,0,0,0,0,0,0,0,0,0,0,0,0,0,0,0,0,0,0,0,0,0,0,0,0,0,0,0,0,0,0,0,0,0,0,0,0,0,0,0,0,0,0,0,0,0,0,0,0,0,0,0,0,0,0,0,0,0,0,0,0,0,0,0,0,0,0,0,0,0,0,0,0,0,0,0,0,0,0,0,0,0,0,0,0,0,0,0,0,0,0,0,0,0,0,0,0,0,0,0,0,0,0,0,0,0,0,0,0,0,0,0,0,0,0,0,0,0,0,0,0,0,0,0,0,0,0,0,0,0,0,0,0,0,0,0,0,0,0,0,0,0,0,0,0,0,0,0,0,0,0,0,0,0,0,0,0,0,0,0,0,0,0,0,0,0,0,0,0,0,0,0,0,0,0,0,0,0,0,0,0,0,0,0,0,0,0,0,0,0,0,0,0,0,0,0,0,0,0,0,0,0,0,0,0,0,0,0,0,0,0,0,0
STAT,(NULL),Conflicts,242,0,0,0,0,0,0,0,0,0,0,0,0,0,0,0,0,0,0,0,0,0,0,0,0,0,0,0,0,0,0,0,0,0,0,0,0,0,0,0,0,0,0,0,0,0,0,0,0,0,0,0,0,0,0,0,0,0,0,0,0,0,0,0,0,0,0,0,0,0,0,0,0,0,0,0,0,0,0,0,0,0,0,0,0,0,0,0,0,0,0,0,0,0,0,0,0,0,0,0,0,0,0,0,0,0,0,0,0,0,0,0,0,0,0,0,0,0,0,0,0,0,0,0,0,0,0,0,0,0,0,0,0,0,0,0,0,0,0,0,0,0,0,0,0,0,0,0,0,0,0,0,0,0,0,0,0,0,0,0,0,0,0,0,0,0,0,0,0,0,0,0,0,0,0,0,0,0,0,0,0,0,0,0,0,0,0,0,0,0,0,0,0,0,0,0,0,0,0,0,0,0,0,0,0,0,0,0,0,0,0,0,0,0,0,0,0,0,0,0,0,0,0,0,0,0,0,0,0,0,0,0,0,0,0,0,0,0,0,0,0,0,0,0
STAT,(NULL),Iterations,242,31,5,0,0,0,0,0,0,0,0,0,0,0,0,0,0,0,0,0,0,0,0,0,0,0,0,0,0,0,0,0,0,0,0,0,0,0,0,0,0,0,0,0,0,0,0,0,0,0,0,0,0,0,2,0,0,0,0,1,0,0,0,0,0,0,0,0,0,0,0,0,0,0,0,0,0,0,0,0,3,0,0,0,0,0,0,1,0,0,0,0,0,0,0,0,0,1,0,0,0,0,0,0,0,0,0,0,0,0,0,0,0,1,0,0,0,0,0,0,0,0,0,0,2,0,0,4,0,0,0,0,0,0,0,0,0,0,0,0,0,0,0,0,0,0,0,0,0,0,0,0,0,1,0,0,0,0,2,0,0,0,0,0,0,0,0,1,0,0,0,0,0,0,0,0,0,0,0,0,0,0,0,1,0,0,0,0,0,0,0,0,0,0,0,0,0,0,0,0,0,0,0,0,1,0,0,0,0,0,0,0,0,0,0,0,0,0,0,0,3,0,0,0,2,0,0,0,0,0,0,0,0,0,0,0,0,0,0,0,0,0,0,0
STAT,(NULL),MeminfoPost,242,757567,3135,3132,3128,3139,3134,3142,3131,3128,3141,3115,3120,3142,3132,3148,3147,3174,3151,3132,3118,3129,3126,3120,3139,3136,3134,3146,3135,3130,3140,3136,3117,3122,3127,3125,3142,3148,3127,3122,3121,3121,3132,3133,3118,3142,3144,3136,3135,3133,3123,3138,3121,3134,3129,3146,3134,3166,3173,3143,3120,3126,3123,3127,3130,3126,3137,3137,3146,3138,3134,3134,3131,3120,3127,3121,3134,3135,3143,3123,3130,3118,3127,3127,3141,3133,3128,3128,3141,3164,3125,3124,3136,3138,3135,3126,3130,3137,3122,3130,3121,3122,3141,3120,3114,3119,3132,3133,3140,3132,3131,3120,3130,3124,3125,3120,3112,3124,3133,3120,3125,3152,3149,3139,3131,3119,3123,3124,3137,3139,3122,3115,3114,3116,3130,3130,3134,3134,3142,3137,3141,3123,3131,3118,3124,3134,3124,3125,3126,3124,3114,3116,3116,3130,3113,3144,3121,3119,3115,3143,3143,3155,3149,3152,3131,3120,3125,3121,3146,3121,3114,3113,3127,3131,3132,3136,3142,3132,3131,3120,3124,3132,3125,3125,3121,3121,3114,3125,3115,3138,3120,3115,3141,3154,3148,3153,3147,3133,3127,3122,3125,3117,3121,3131,3137,3153,3152,3141,3139,3150,3147,3126,3117,3124,3143,3119,3125,3129,3130,3112,3121,3115,3124,3123,3122,3147,3117,3116,3109,3132,3113,3119,3137,3120,3124,3121,3127,3134,3130,3130,3133,3129,3128,3127
STAT,(NULL),MeminfoPre,242,189351,787,784,780,791,786,794,783,780,793,767,772,794,784,800,799,826,803,784,770,781,778,772,791,788,786,798,787,782,792,788,769,774,779,777,794,800,779,774,773,773,784,785,770,794,796,788,787,785,775,790,773,786,781,798,786,818,825,795,772,778,775,779,782,778,789,789,798,790,786,786,783,772,779,773,786,787,795,775,782,770,779,779,793,785,780,780,793,816,777,776,788,790,787,778,782,789,774,782,773,774,793,772,766,771,784,785,792,784,783,772,782,776,777,772,764,776,785,772,777,804,801,791,783,771,775,776,789,791,774,767,766,768,782,782,786,786,794,789,793,775,783,770,776,786,776,777,778,776,766,768,768,782,765,796,773,771,767,795,795,807,801,804,783,772,777,773,798,773,766,765,779,783,784,788,794,784,783,772,776,784,777,777,773,773,766,777,767,790,772,767,793,806,800,805,799,785,779,774,777,769,773,783,789,805,804,793,791,802,799,778,769,776,795,771,777,781,782,764,773,767,776,775,774,799,769,768,761,784,765,771,789,772,776,773,779,786,782,782,785,781,780,779
STAT,(NULL),Partition,242,379,379,0,0,0,0,0,0,0,0,0,0,0,0,0,0,0,0,0,0,0,0,0,0,0,0,0,0,0,0,0,0,0,0,0,0,0,0,0,0,0,0,0,0,0,0,0,0,0,0,0,0,0,0,0,0,0,0,0,0,0,0,0,0,0,0,0,0,0,0,0,0,0,0,0,0,0,0,0,0,0,0,0,0,0,0,0,0,0,0,0,0,0,0,0,0,0,0,0,0,0,0,0,0,0,0,0,0,0,0,0,0,0,0,0,0,0,0,0,0,0,0,0,0,0,0,0,0,0,0,0,0,0,0,0,0,0,0,0,0,0,0,0,0,0,0,0,0,0,0,0,0,0,0,0,0,0,0,0,0,0,0,0,0,0,0,0,0,0,0,0,0,0,0,0,0,0,0,0,0,0,0,0,0,0,0,0,0,0,0,0,0,0,0,0,0,0,0,0,0,0,0,0,0,0,0,0,0,0,0,0,0,0,0,0,0,0,0,0,0,0,0,0,0,0,0,0,0,0,0,0,0,0,0,0,0,0,0,0,0,0,0,0
STAT,(NULL),Refine,242,3332,3332,0,0,0,0,0,0,0,0,0,0,0,0,0,0,0,0,0,0,0,0,0,0,0,0,0,0,0,0,0,0,0,0,0,0,0,0,0,0,0,0,0,0,0,0,0,0,0,0,0,0,0,0,0,0,0,0,0,0,0,0,0,0,0,0,0,0,0,0,0,0,0,0,0,0,0,0,0,0,0,0,0,0,0,0,0,0,0,0,0,0,0,0,0,0,0,0,0,0,0,0,0,0,0,0,0,0,0,0,0,0,0,0,0,0,0,0,0,0,0,0,0,0,0,0,0,0,0,0,0,0,0,0,0,0,0,0,0,0,0,0,0,0,0,0,0,0,0,0,0,0,0,0,0,0,0,0,0,0,0,0,0,0,0,0,0,0,0,0,0,0,0,0,0,0,0,0,0,0,0,0,0,0,0,0,0,0,0,0,0,0,0,0,0,0,0,0,0,0,0,0,0,0,0,0,0,0,0,0,0,0,0,0,0,0,0,0,0,0,0,0,0,0,0,0,0,0,0,0,0,0,0,0,0,0,0,0,0,0,0,0,0
STAT,(NULL),Threads,242,242,242,0,0,0,0,0,0,0,0,0,0,0,0,0,0,0,0,0,0,0,0,0,0,0,0,0,0,0,0,0,0,0,0,0,0,0,0,0,0,0,0,0,0,0,0,0,0,0,0,0,0,0,0,0,0,0,0,0,0,0,0,0,0,0,0,0,0,0,0,0,0,0,0,0,0,0,0,0,0,0,0,0,0,0,0,0,0,0,0,0,0,0,0,0,0,0,0,0,0,0,0,0,0,0,0,0,0,0,0,0,0,0,0,0,0,0,0,0,0,0,0,0,0,0,0,0,0,0,0,0,0,0,0,0,0,0,0,0,0,0,0,0,0,0,0,0,0,0,0,0,0,0,0,0,0,0,0,0,0,0,0,0,0,0,0,0,0,0,0,0,0,0,0,0,0,0,0,0,0,0,0,0,0,0,0,0,0,0,0,0,0,0,0,0,0,0,0,0,0,0,0,0,0,0,0,0,0,0,0,0,0,0,0,0,0,0,0,0,0,0,0,0,0,0,0,0,0,0,0,0,0,0,0,0,0,0,0,0,0,0,0,0
STAT,(NULL),Time,242,9236,9236,0,0,0,0,0,0,0,0,0,0,0,0,0,0,0,0,0,0,0,0,0,0,0,0,0,0,0,0,0,0,0,0,0,0,0,0,0,0,0,0,0,0,0,0,0,0,0,0,0,0,0,0,0,0,0,0,0,0,0,0,0,0,0,0,0,0,0,0,0,0,0,0,0,0,0,0,0,0,0,0,0,0,0,0,0,0,0,0,0,0,0,0,0,0,0,0,0,0,0,0,0,0,0,0,0,0,0,0,0,0,0,0,0,0,0,0,0,0,0,0,0,0,0,0,0,0,0,0,0,0,0,0,0,0,0,0,0,0,0,0,0,0,0,0,0,0,0,0,0,0,0,0,0,0,0,0,0,0,0,0,0,0,0,0,0,0,0,0,0,0,0,0,0,0,0,0,0,0,0,0,0,0,0,0,0,0,0,0,0,0,0,0,0,0,0,0,0,0,0,0,0,0,0,0,0,0,0,0,0,0,0,0,0,0,0,0,0,0,0,0,0,0,0,0,0,0,0,0,0,0,0,0,0,0,0,0,0,0,0,0,0
STAT,match,Conflicts,242,6567,44,44,43,37,41,31,44,38,47,33,43,39,43,37,44,40,35,38,37,42,44,34,41,39,36,37,37,42,45,37,46,31,38,34,39,27,28,31,29,28,35,37,31,36,28,26,37,33,29,32,37,31,26,32,29,34,34,35,32,30,31,20,23,23,17,31,21,26,27,29,23,27,24,20,25,27,20,19,29,30,30,30,17,30,24,29,23,21,23,24,22,27,19,23,23,28,25,25,25,21,23,33,25,22,24,29,25,31,29,23,20,28,22,22,27,21,26,22,28,22,28,31,19,20,16,22,20,29,24,20,34,21,21,24,36,25,25,27,22,24,25,28,21,20,35,23,23,29,21,25,26,20,21,23,21,25,28,19,20,22,20,25,25,19,28,21,19,20,22,24,25,25,22,25,21,31,29,24,20,19,24,20,24,21,23,21,20,26,24,26,22,29,19,24,29,32,33,23,23,21,25,26,22,30,25,28,28,22,29,21,20,25,19,23,23,23,21,26,18,21,23,27,20,29,27,19,28,23,23,25,23,24,24,29,20,20,27,22,27,25,20,26
STAT,match,Iterations,242,15049084,39955,45263,41730,49024,51324,47519,76817,60369,34056,56285,56287,39843,36534,55790,34494,56314,45538,56150,56670,61196,56968,52443,53389,49907,51722,55320,49622,43786,58285,39047,31705,61329,49143,58920,51247,50224,57240,52565,54471,50437,48949,59576,48015,38742,60175,48125,50030,40476,67783,45058,67287,45956,48378,51584,43954,55935,46656,50223,50853,50708,79415,66092,93092,57931,70281,53611,70969,83292,63030,70637,61687,78057,51661,70288,66460,50329,64272,71896,67571,72861,55699,74601,68972,60020,75263,56990,66946,65612,61683,85398,59323,81155,62799,70818,67202,44777,58462,51903,62922,80488,69429,58611,56532,71877,49984,56834,72545,90632,67212,67191,62698,66081,65668,49792,64713,66806,76063,80930,65998,58137,64458,70367,63444,62568,72237,52473,79669,65887,77997,72139,85623,53289,91987,64602,57187,55079,77116,64038,57912,81121,60120,83447,78909,62063,67211,56259,66849,53374,52385,62587,55525,65496,83384,61458,61104,60936,60542,66793,52398,65794,48906,57475,55694,67092,68239,76185,74978,42968,56713,72362,80097,65373,74359,48144,65234,88598,66612,63924,76132,63985,65907,97490,80108,64774,60305,75646,60928,67594,50945,63017,62712,65510,64471,52021,59686,56490,72844,57327,82888,49960,58186,71105,56529,42510,66458,62613,54329,59421,71335,71219,61983,86213,64817,72762,64063,54003,69833,64797,60266,74340,59325,74525,69091,51941,54346,81285,47136,69816,68500,66521,61657,69282,48098,57473,62329,75651,61596,83535,53412,86447,75120,76107
STAT,popedge,Conflicts,242,0,0,0,0,0,0,0,0,0,0,0,0,0,0,0,0,0,0,0,0,0,0,0,0,0,0,0,0,0,0,0,0,0,0,0,0,0,0,0,0,0,0,0,0,0,0,0,0,0,0,0,0,0,0,0,0,0,0,0,0,0,0,0,0,0,0,0,0,0,0,0,0,0,0,0,0,0,0,0,0,0,0,0,0,0,0,0,0,0,0,0,0,0,0,0,0,0,0,0,0,0,0,0,0,0,0,0,0,0,0,0,0,0,0,0,0,0,0,0,0,0,0,0,0,0,0,0,0,0,0,0,0,0,0,0,0,0,0,0,0,0,0,0,0,0,0,0,0,0,0,0,0,0,0,0,0,0,0,0,0,0,0,0,0,0,0,0,0,0,0,0,0,0,0,0,0,0,0,0,0,0,0,0,0,0,0,0,0,0,0,0,0,0,0,0,0,0,0,0,0,0,0,0,0,0,0,0,0,0,0,0,0,0,0,0,0,0,0,0,0,0,0,0,0,0,0,0,0,0,0,0,0,0,0,0,0,0,0,0,0,0,0,0
STAT,popedge,Iterations,242,7372162,29295,30225,29741,28724,29567,30133,29950,28789,31437,29493,29646,29812,30543,30017,29790,30138,27960,29004,29427,31865,30717,29373,30809,30015,28656,29213,28470,30071,29872,30592,30680,31077,29981,29232,29960,30303,30356,29819,29420,30010,29196,29919,29995,30169,29607,30182,31750,28975,29717,29916,29140,30020,30152,30466,28932,28935,30009,30313,29142,35764,32467,31450,31639,28718,29113,31336,30537,29322,29545,30104,29351,30331,30492,29692,30680,29276,30392,29547,31568,29234,31484,29973,28535,33598,28918,30515,31531,27900,30848,29668,28148,30114,30393,29439,31284,30826,29762,29709,31052,32573,31305,29193,30177,29939,29221,30231,28842,31092,29677,31184,30830,30363,32058,30007,30374,30164,28903,30690,29800,30334,33917,35534,30054,31933,28975,29691,29459,30052,30904,28621,30566,31075,33796,29191,30844,31051,29467,31059,31019,31314,28592,32532,34124,32102,31552,30988,30255,30213,31364,33630,30649,29111,29399,32280,31206,29678,31816,29941,29874,29622,31049,30590,29179,30060,28935,30148,31801,30187,31600,30422,31334,31058,32637,31143,28998,30236,28204,28911,31417,30928,32635,36953,33931,28578,30562,29361,29135,30782,30097,33042,28679,30238,30560,30661,30322,29499,28912,27880,31834,29199,30963,29602,31834,32846,30271,32904,30993,30373,28566,29950,28851,31541,29160,34126,30676,32583,29471,31466,29507,30714,30994,30189,31554,29790,33626,29631,34112,31293,30771,31783,28523,32386,32040,33917,29372,29913,30891,31668,31063,30675,32001,28497
STAT,refine,Conflicts,242,6082,102,97,111,92,104,93,91,88,81,74,79,70,84,84,81,67,56,55,51,67,63,57,57,50,70,69,61,60,53,65,43,32,38,27,33,36,38,28,40,35,41,30,32,35,39,27,39,28,31,39,34,34,38,38,27,43,41,32,39,36,34,9,9,19,10,23,20,10,22,12,12,18,20,13,26,14,22,18,11,10,20,21,13,13,14,14,23,18,6,16,11,14,15,13,19,8,19,6,10,18,13,15,12,18,11,20,14,27,9,15,13,19,15,13,24,16,17,19,17,17,17,20,10,19,12,15,13,17,16,13,10,12,20,14,21,19,20,18,19,7,15,19,25,11,13,20,15,13,14,22,13,15,15,11,14,12,11,12,16,14,17,12,12,15,11,16,19,9,14,17,16,16,10,18,15,14,12,11,26,9,18,20,24,11,19,16,18,9,19,18,16,16,13,12,28,22,18,9,18,14,12,8,20,11,16,8,14,28,9,20,19,10,17,20,14,11,16,10,14,12,10,13,20,14,11,13,17,18,7,11,12,11,12,15,13,23,21,14,15,26,14,12
STAT,refine,Iterations,242,38926,293,351,312,259,370,286,289,286,217,234,271,226,251,384,261,305,217,198,190,256,292,169,230,163,221,219,223,228,195,192,146,136,142,167,157,123,156,139,168,178,200,132,124,107,227,124,175,88,106,188,147,129,119,172,186,211,165,214,135,208,203,144,164,135,84,168,160,122,161,112,89,122,161,134,260,112,237,123,86,85,131,202,114,129,137,81,171,185,119,185,109,115,116,102,230,112,122,137,122,123,131,130,127,154,138,153,145,243,95,121,140,180,164,134,206,217,175,202,163,160,140,202,99,120,79,133,140,127,146,168,121,119,154,143,164,211,174,221,185,140,122,230,239,112,164,130,192,143,138,240,126,141,102,100,92,188,92,163,92,79,102,167,78,117,135,138,120,69,120,98,144,187,133,114,193,184,112,128,231,99,199,267,204,140,158,182,107,100,116,113,216,109,137,107,118,125,206,106,214,106,104,131,159,129,143,158,106,151,126,258,148,138,104,181,172,81,273,110,151,115,154,173,184,174,149,96,91,147,102,159,90,127,110,180,168,155,186,197,170,219,212,136
