Hello from MIC
Galois Benchmark Suite v2.2.0 (r0)
Copyright (C) 2013 The University of Texas at Austin
http://iss.ices.utexas.edu/galois/

application: GMetis
Partitions a graph into K parts and minimizing the graph cut
http://iss.ices.utexas.edu/?p=projects/galois/benchmarks/gMetis

INFO: CommandLine /work/02556/dpereira/MIC/apps/gmetis/gmetis -t=96 /work/02556/dpereira/Inputs/USA-road-d.W.gr 1024
INFO: Hostname c558-304-mic0.stampede.tacc.utexas.edu
Created Graph with 6262104 nodes and 15248146 edges
Nodes 6262104| Edges 15248146 7624073

  Starting coarsening: 
Time coarsen:  2148 Size of final graph: 21602

  Sarting initial partitioning using GGGP:
Size in decade percentages:  -1,77 -0,856 1,91
Time clustering:  899

  Sarting refinnement with BKL2
Initial dist
Size in decade percentages:  -1,77 -0,856 1,91
Refined dist
Size in decade percentages:  -1,363 0,293 1,367 3,1
Time refinement:  1039


Time:  4265
Total edge cut : 31615

Part saved in : 0x7fff90e7db60
STATTYPE,LOOP,CATEGORY,n,sum,T0,T1,T2,T3,T4,T5,T6,T7,T8,T9,T10,T11,T12,T13,T14,T15,T16,T17,T18,T19,T20,T21,T22,T23,T24,T25,T26,T27,T28,T29,T30,T31,T32,T33,T34,T35,T36,T37,T38,T39,T40,T41,T42,T43,T44,T45,T46,T47,T48,T49,T50,T51,T52,T53,T54,T55,T56,T57,T58,T59,T60,T61,T62,T63,T64,T65,T66,T67,T68,T69,T70,T71,T72,T73,T74,T75,T76,T77,T78,T79,T80,T81,T82,T83,T84,T85,T86,T87,T88,T89,T90,T91,T92,T93,T94,T95
STAT,(NULL),Coarsen,96,2148,2148,0,0,0,0,0,0,0,0,0,0,0,0,0,0,0,0,0,0,0,0,0,0,0,0,0,0,0,0,0,0,0,0,0,0,0,0,0,0,0,0,0,0,0,0,0,0,0,0,0,0,0,0,0,0,0,0,0,0,0,0,0,0,0,0,0,0,0,0,0,0,0,0,0,0,0,0,0,0,0,0,0,0,0,0,0,0,0,0,0,0,0,0,0,0,0
STAT,(NULL),Conflicts,96,0,0,0,0,0,0,0,0,0,0,0,0,0,0,0,0,0,0,0,0,0,0,0,0,0,0,0,0,0,0,0,0,0,0,0,0,0,0,0,0,0,0,0,0,0,0,0,0,0,0,0,0,0,0,0,0,0,0,0,0,0,0,0,0,0,0,0,0,0,0,0,0,0,0,0,0,0,0,0,0,0,0,0,0,0,0,0,0,0,0,0,0,0,0,0,0,0
STAT,(NULL),Iterations,96,2047,11,14,29,29,16,22,26,24,28,33,42,26,18,19,17,15,21,14,16,23,32,11,21,11,14,15,23,22,13,18,14,14,23,16,13,27,33,29,21,25,33,34,17,22,30,26,22,23,33,17,29,25,31,26,8,39,23,16,28,19,21,30,10,12,13,25,26,22,18,30,34,19,10,17,12,16,12,24,20,16,22,18,10,17,21,22,28,16,22,24,27,25,10,21,24,14
STAT,(NULL),MeminfoPost,96,756592,7874,7905,7895,7875,7877,7924,7945,7862,7870,7901,7887,7904,7858,7889,7887,7860,7873,7908,7888,7876,7881,7916,7956,7865,7871,7893,7903,7895,7861,7882,7883,7867,7886,7882,7922,7873,7898,7880,7869,7874,7851,7882,7891,7872,7862,7853,7864,7923,7883,7863,7892,7843,7866,7895,7905,7878,7870,7861,7857,7851,7860,7874,7891,7930,7892,7874,7865,7857,7890,7893,7867,7872,7861,7850,7870,7889,7933,7899,7862,7862,7913,7916,7918,7863,7874,7877,7845,7861,7885,7842,7851,7876,7862,7883,7886,7872
STAT,(NULL),MeminfoPre,96,189136,1963,1994,1984,1964,1966,2013,2034,1951,1959,1990,1976,1993,1947,1978,1976,1949,1962,1997,1977,1965,1970,2005,2045,1954,1960,1982,1992,1984,1950,1971,1972,1956,1975,1971,2011,1962,1987,1969,1958,1963,1940,1971,1980,1961,1951,1942,1953,2012,1972,1952,1981,1932,1955,1984,1994,1967,1959,1950,1946,1940,1949,1963,1980,2019,1981,1963,1954,1946,1979,1982,1956,1961,1950,1939,1959,1978,2022,1988,1951,1951,2002,2005,2007,1952,1963,1966,1934,1950,1974,1931,1940,1965,1951,1972,1975,1961
STAT,(NULL),Partition,96,899,899,0,0,0,0,0,0,0,0,0,0,0,0,0,0,0,0,0,0,0,0,0,0,0,0,0,0,0,0,0,0,0,0,0,0,0,0,0,0,0,0,0,0,0,0,0,0,0,0,0,0,0,0,0,0,0,0,0,0,0,0,0,0,0,0,0,0,0,0,0,0,0,0,0,0,0,0,0,0,0,0,0,0,0,0,0,0,0,0,0,0,0,0,0,0,0
STAT,(NULL),Refine,96,1039,1039,0,0,0,0,0,0,0,0,0,0,0,0,0,0,0,0,0,0,0,0,0,0,0,0,0,0,0,0,0,0,0,0,0,0,0,0,0,0,0,0,0,0,0,0,0,0,0,0,0,0,0,0,0,0,0,0,0,0,0,0,0,0,0,0,0,0,0,0,0,0,0,0,0,0,0,0,0,0,0,0,0,0,0,0,0,0,0,0,0,0,0,0,0,0,0
STAT,(NULL),Threads,96,96,96,0,0,0,0,0,0,0,0,0,0,0,0,0,0,0,0,0,0,0,0,0,0,0,0,0,0,0,0,0,0,0,0,0,0,0,0,0,0,0,0,0,0,0,0,0,0,0,0,0,0,0,0,0,0,0,0,0,0,0,0,0,0,0,0,0,0,0,0,0,0,0,0,0,0,0,0,0,0,0,0,0,0,0,0,0,0,0,0,0,0,0,0,0,0,0
STAT,(NULL),Time,96,4265,4265,0,0,0,0,0,0,0,0,0,0,0,0,0,0,0,0,0,0,0,0,0,0,0,0,0,0,0,0,0,0,0,0,0,0,0,0,0,0,0,0,0,0,0,0,0,0,0,0,0,0,0,0,0,0,0,0,0,0,0,0,0,0,0,0,0,0,0,0,0,0,0,0,0,0,0,0,0,0,0,0,0,0,0,0,0,0,0,0,0,0,0,0,0,0,0
STAT,match,Conflicts,96,5590,115,110,85,113,81,84,96,88,85,72,76,91,89,87,78,108,66,79,58,85,67,55,90,71,67,81,69,77,71,71,77,75,60,58,49,54,46,36,28,38,55,36,38,51,44,45,44,32,46,36,38,49,48,48,49,47,54,46,51,54,39,60,46,49,54,36,53,41,48,36,42,49,46,44,52,42,64,50,50,40,42,44,33,63,50,34,69,57,54,34,37,51,64,44,40,36
STAT,match,Iterations,96,14952678,115473,110675,125804,137426,127239,144867,135759,141524,127912,143330,124884,143942,133616,134894,131253,120563,149739,127685,145302,122069,137761,137560,143454,142067,163809,146511,149931,114624,146363,152506,151385,149888,156530,142870,132233,166239,154613,177199,180244,167704,167598,167676,175521,157669,163176,167775,170159,151043,167073,170967,166916,180677,155152,162166,144094,158501,169284,181515,160437,171265,182300,155111,149568,159092,174660,167201,159930,149704,180851,168138,174482,151137,179874,170016,159938,186040,144599,169735,149230,163942,173539,183168,171428,167419,166991,187329,152491,160227,151873,179762,181143,170089,147414,174425,157946,165775
STAT,popedge,Conflicts,96,0,0,0,0,0,0,0,0,0,0,0,0,0,0,0,0,0,0,0,0,0,0,0,0,0,0,0,0,0,0,0,0,0,0,0,0,0,0,0,0,0,0,0,0,0,0,0,0,0,0,0,0,0,0,0,0,0,0,0,0,0,0,0,0,0,0,0,0,0,0,0,0,0,0,0,0,0,0,0,0,0,0,0,0,0,0,0,0,0,0,0,0,0,0,0,0,0
STAT,popedge,Iterations,96,7328061,77120,73251,72403,72094,72666,72115,70933,71801,73496,70716,71998,71984,75438,74902,75706,73473,74702,73440,75535,81297,80494,77176,76771,75829,74378,74983,74633,78017,75876,74728,75081,77778,70694,72392,73091,77182,75570,74349,77678,81302,81128,79572,78554,77878,78837,81992,79442,77476,81093,84120,83046,83315,86226,80817,85962,73221,85715,83770,83839,86979,79167,71034,74351,69368,68293,71571,70751,73537,67065,70087,71487,72608,71312,72916,71306,75097,71683,72069,71740,73385,76139,83350,79626,79889,80338,79493,82114,77167,77051,77617,78236,78440,84009,76183,78915,74613
STAT,refine,Conflicts,96,4127,81,83,82,70,73,81,72,77,68,66,74,89,56,62,58,56,62,57,48,55,53,48,47,54,52,44,57,65,48,46,50,50,41,41,51,36,42,40,42,34,41,51,29,38,36,38,36,36,49,27,27,22,29,33,47,42,28,36,29,42,28,28,36,30,31,40,26,35,27,34,33,30,40,30,35,29,23,34,34,38,36,28,33,37,29,24,21,29,22,26,30,29,29,33,30,23
STAT,refine,Iterations,96,426335,3039,4265,3340,3352,3513,3904,4866,3780,3993,4572,3711,4698,3960,4844,4416,4092,4379,4088,3939,4199,4745,5239,5321,4243,4376,3330,4706,4012,3231,4442,3579,3988,4454,3881,4654,4641,5293,5091,5414,4999,3964,5308,4743,3925,4027,4287,4840,5724,5419,4506,5122,3171,3672,4856,4869,3907,4474,4774,4301,5754,4901,3862,4564,4662,4216,4292,4345,4003,4339,4080,4369,4055,4940,4327,5374,5135,4988,5392,4574,4987,5479,5865,5407,4906,4595,4840,3742,4044,4343,3600,4000,4308,4205,4442,4552,4370
