Hello from MIC
Galois Benchmark Suite v2.2.0 (r0)
Copyright (C) 2013 The University of Texas at Austin
http://iss.ices.utexas.edu/galois/

application: GMetis
Partitions a graph into K parts and minimizing the graph cut
http://iss.ices.utexas.edu/?p=projects/galois/benchmarks/gMetis

INFO: CommandLine /work/02556/dpereira/MIC/apps/gmetis/gmetis -t=130 /work/02556/dpereira/Inputs/USA-road-d.W.gr 1024
INFO: Hostname c558-401-mic0.stampede.tacc.utexas.edu
Created Graph with 6262104 nodes and 15248146 edges
Nodes 6262104| Edges 15248146 7624073

  Starting coarsening: 
Time coarsen:  2106 Size of final graph: 21709

  Sarting initial partitioning using GGGP:
Size in decade percentages:  -1,86 -0,862 1,76
Time clustering:  1009

  Sarting refinnement with BKL2
Initial dist
Size in decade percentages:  -1,86 -0,862 1,76
Refined dist
Size in decade percentages:  -1,372 -0,272 1,379 2,1
Time refinement:  1222


Time:  4514
Total edge cut : 32014

Part saved in : 0x7fffbfd05ce0
STATTYPE,LOOP,CATEGORY,n,sum,T0,T1,T2,T3,T4,T5,T6,T7,T8,T9,T10,T11,T12,T13,T14,T15,T16,T17,T18,T19,T20,T21,T22,T23,T24,T25,T26,T27,T28,T29,T30,T31,T32,T33,T34,T35,T36,T37,T38,T39,T40,T41,T42,T43,T44,T45,T46,T47,T48,T49,T50,T51,T52,T53,T54,T55,T56,T57,T58,T59,T60,T61,T62,T63,T64,T65,T66,T67,T68,T69,T70,T71,T72,T73,T74,T75,T76,T77,T78,T79,T80,T81,T82,T83,T84,T85,T86,T87,T88,T89,T90,T91,T92,T93,T94,T95,T96,T97,T98,T99,T100,T101,T102,T103,T104,T105,T106,T107,T108,T109,T110,T111,T112,T113,T114,T115,T116,T117,T118,T119,T120,T121,T122,T123,T124,T125,T126,T127,T128,T129
STAT,(NULL),Coarsen,130,2106,2106,0,0,0,0,0,0,0,0,0,0,0,0,0,0,0,0,0,0,0,0,0,0,0,0,0,0,0,0,0,0,0,0,0,0,0,0,0,0,0,0,0,0,0,0,0,0,0,0,0,0,0,0,0,0,0,0,0,0,0,0,0,0,0,0,0,0,0,0,0,0,0,0,0,0,0,0,0,0,0,0,0,0,0,0,0,0,0,0,0,0,0,0,0,0,0,0,0,0,0,0,0,0,0,0,0,0,0,0,0,0,0,0,0,0,0,0,0,0,0,0,0,0,0,0,0,0,0,0,0
STAT,(NULL),Conflicts,130,0,0,0,0,0,0,0,0,0,0,0,0,0,0,0,0,0,0,0,0,0,0,0,0,0,0,0,0,0,0,0,0,0,0,0,0,0,0,0,0,0,0,0,0,0,0,0,0,0,0,0,0,0,0,0,0,0,0,0,0,0,0,0,0,0,0,0,0,0,0,0,0,0,0,0,0,0,0,0,0,0,0,0,0,0,0,0,0,0,0,0,0,0,0,0,0,0,0,0,0,0,0,0,0,0,0,0,0,0,0,0,0,0,0,0,0,0,0,0,0,0,0,0,0,0,0,0,0,0,0,0
STAT,(NULL),Iterations,130,2047,11,10,20,11,13,8,14,13,8,22,20,19,13,9,8,26,17,17,7,14,11,14,10,14,18,8,13,11,8,20,12,18,28,17,33,20,31,10,19,18,18,18,16,22,20,14,18,14,17,20,27,16,18,28,28,13,18,25,15,12,24,11,1,8,10,12,4,9,10,14,14,22,15,20,7,14,15,13,25,14,16,6,15,16,16,12,17,18,11,10,13,12,11,24,10,16,16,10,15,17,21,16,11,22,26,16,10,12,14,14,19,41,26,36,26,20,20,18,12,14,20,17,14,5,13,4,22,7,10,8
STAT,(NULL),MeminfoPost,130,756772,5828,5828,5830,5828,5824,5804,5833,5848,5883,5823,5812,5814,5829,5845,5824,5835,5806,5811,5832,5829,5808,5812,5815,5836,5842,5819,5820,5824,5830,5851,5887,5806,5817,5812,5831,5840,5832,5828,5802,5815,5831,5825,5806,5818,5833,5815,5855,5823,5827,5833,5814,5822,5809,5812,5818,5799,5827,5830,5811,5816,5805,5805,5810,5814,5856,5832,5805,5807,5837,5796,5792,5823,5830,5836,5828,5816,5814,5808,5814,5798,5800,5803,5824,5801,5826,5858,5859,5812,5810,5829,5793,5807,5831,5831,5822,5810,5815,5815,5794,5808,5813,5796,5845,5858,5857,5811,5807,5802,5829,5860,5839,5857,5816,5812,5817,5818,5809,5790,5803,5835,5801,5787,5810,5799,5818,5812,5821,5824,5818,5817
STAT,(NULL),MeminfoPre,130,189192,1462,1462,1464,1462,1458,1438,1467,1482,1517,1457,1446,1448,1463,1479,1458,1469,1440,1445,1466,1463,1442,1446,1449,1470,1476,1453,1454,1458,1464,1485,1521,1440,1451,1446,1465,1474,1466,1462,1436,1449,1465,1459,1440,1452,1467,1449,1489,1457,1461,1467,1448,1456,1443,1446,1452,1433,1461,1464,1445,1450,1439,1439,1444,1448,1490,1466,1439,1441,1471,1430,1426,1457,1464,1470,1462,1450,1448,1442,1448,1432,1434,1437,1458,1435,1460,1492,1493,1446,1444,1463,1427,1441,1465,1465,1456,1444,1449,1449,1428,1442,1447,1430,1479,1492,1491,1445,1441,1436,1463,1494,1473,1491,1450,1446,1451,1452,1443,1424,1437,1469,1435,1421,1444,1433,1452,1446,1455,1458,1452,1451
STAT,(NULL),Partition,130,1009,1009,0,0,0,0,0,0,0,0,0,0,0,0,0,0,0,0,0,0,0,0,0,0,0,0,0,0,0,0,0,0,0,0,0,0,0,0,0,0,0,0,0,0,0,0,0,0,0,0,0,0,0,0,0,0,0,0,0,0,0,0,0,0,0,0,0,0,0,0,0,0,0,0,0,0,0,0,0,0,0,0,0,0,0,0,0,0,0,0,0,0,0,0,0,0,0,0,0,0,0,0,0,0,0,0,0,0,0,0,0,0,0,0,0,0,0,0,0,0,0,0,0,0,0,0,0,0,0,0,0
STAT,(NULL),Refine,130,1222,1222,0,0,0,0,0,0,0,0,0,0,0,0,0,0,0,0,0,0,0,0,0,0,0,0,0,0,0,0,0,0,0,0,0,0,0,0,0,0,0,0,0,0,0,0,0,0,0,0,0,0,0,0,0,0,0,0,0,0,0,0,0,0,0,0,0,0,0,0,0,0,0,0,0,0,0,0,0,0,0,0,0,0,0,0,0,0,0,0,0,0,0,0,0,0,0,0,0,0,0,0,0,0,0,0,0,0,0,0,0,0,0,0,0,0,0,0,0,0,0,0,0,0,0,0,0,0,0,0,0
STAT,(NULL),Threads,130,130,130,0,0,0,0,0,0,0,0,0,0,0,0,0,0,0,0,0,0,0,0,0,0,0,0,0,0,0,0,0,0,0,0,0,0,0,0,0,0,0,0,0,0,0,0,0,0,0,0,0,0,0,0,0,0,0,0,0,0,0,0,0,0,0,0,0,0,0,0,0,0,0,0,0,0,0,0,0,0,0,0,0,0,0,0,0,0,0,0,0,0,0,0,0,0,0,0,0,0,0,0,0,0,0,0,0,0,0,0,0,0,0,0,0,0,0,0,0,0,0,0,0,0,0,0,0,0,0,0,0
STAT,(NULL),Time,130,4514,4514,0,0,0,0,0,0,0,0,0,0,0,0,0,0,0,0,0,0,0,0,0,0,0,0,0,0,0,0,0,0,0,0,0,0,0,0,0,0,0,0,0,0,0,0,0,0,0,0,0,0,0,0,0,0,0,0,0,0,0,0,0,0,0,0,0,0,0,0,0,0,0,0,0,0,0,0,0,0,0,0,0,0,0,0,0,0,0,0,0,0,0,0,0,0,0,0,0,0,0,0,0,0,0,0,0,0,0,0,0,0,0,0,0,0,0,0,0,0,0,0,0,0,0,0,0,0,0,0,0
STAT,match,Conflicts,130,5777,69,76,72,81,63,61,71,62,55,64,63,66,65,68,59,65,65,41,51,51,53,61,51,53,50,58,48,63,53,65,64,63,44,45,46,44,62,61,47,41,37,35,43,45,49,50,45,43,42,51,41,42,48,38,36,33,40,57,52,56,36,32,35,36,31,36,33,33,45,31,28,39,44,31,39,39,37,43,30,49,29,45,45,33,29,34,40,39,43,36,34,32,33,42,42,36,33,37,35,44,33,37,32,28,34,45,33,34,35,37,47,35,39,27,40,31,29,33,42,43,46,34,29,34,45,39,32,35,38,40
STAT,match,Iterations,130,14946213,73854,85111,73512,80993,89620,91423,81138,78905,94388,122742,91255,120727,97287,101644,114105,95990,123598,106107,106413,108737,108242,100842,114910,111577,115275,96297,122533,108519,119146,96112,98258,101618,124616,112407,119070,106167,109324,110108,106791,119273,113921,111312,127451,103330,96286,103667,113084,103787,119740,103178,103486,110730,121565,103692,118365,125500,110077,112811,104803,109349,112860,88602,115355,113765,103352,103993,103920,107771,103348,138514,162314,120569,137061,148403,115509,128761,101653,129433,125012,132830,123732,137223,115277,125906,131778,106030,137275,127142,133633,133990,143465,142449,121807,124770,120290,126393,140164,132650,148586,110549,116605,118276,126881,123481,121887,104699,128459,116088,122302,120262,117403,106244,115543,136693,121007,124799,137931,106841,134965,138538,134376,146299,113550,114784,98198,117111,102806,118448,111393,119442
STAT,popedge,Conflicts,130,0,0,0,0,0,0,0,0,0,0,0,0,0,0,0,0,0,0,0,0,0,0,0,0,0,0,0,0,0,0,0,0,0,0,0,0,0,0,0,0,0,0,0,0,0,0,0,0,0,0,0,0,0,0,0,0,0,0,0,0,0,0,0,0,0,0,0,0,0,0,0,0,0,0,0,0,0,0,0,0,0,0,0,0,0,0,0,0,0,0,0,0,0,0,0,0,0,0,0,0,0,0,0,0,0,0,0,0,0,0,0,0,0,0,0,0,0,0,0,0,0,0,0,0,0,0,0,0,0,0,0
STAT,popedge,Iterations,130,7321346,51949,49451,53224,51214,51036,51386,51453,52297,57371,58350,60557,57498,59191,55419,57083,52165,59388,58511,58236,60825,58196,59612,57577,59557,55952,59437,56320,61008,58798,58366,57373,57042,57445,57798,55450,55967,57703,56168,56537,57140,58113,55366,54714,56261,55150,53550,54731,54648,55694,56782,58314,54365,55427,57378,58827,58001,59705,59182,57682,57054,56928,50769,47690,49834,47601,50281,50559,50472,49555,58180,61834,58392,58630,58478,58061,57433,52220,61963,60591,60071,57738,53292,60219,59235,61140,56161,59729,55611,56643,61919,54838,59417,57409,59896,54822,57105,56292,56375,57787,57475,57359,58952,56104,58348,55958,56086,56135,53561,57168,58494,57159,60035,60099,59661,59618,62074,57082,61273,57809,56623,59996,61308,49023,47421,50471,47578,53522,50881,50613,47296
STAT,refine,Conflicts,130,4880,91,86,83,76,70,78,74,72,56,64,67,65,67,52,65,57,43,42,53,53,53,54,50,59,48,44,47,49,52,48,51,32,36,36,30,40,41,41,26,36,23,48,49,46,45,42,56,41,38,33,39,50,35,34,37,53,45,47,40,38,39,23,22,28,23,25,25,36,28,27,31,28,37,29,24,34,20,28,21,34,18,24,30,26,28,20,32,27,41,32,30,26,24,32,25,27,31,29,26,21,25,25,29,31,23,21,25,22,26,19,16,21,27,14,19,25,21,33,31,32,20,27,25,30,35,23,19,30,25,24
STAT,refine,Iterations,130,433025,2334,2541,2579,2757,2732,2527,2526,3544,3510,3765,2562,3760,3618,3440,3590,3427,3558,2886,3431,3504,3154,2707,2684,4422,3395,3371,2534,3400,3725,3517,4384,2771,3581,2941,3186,3698,3424,3067,2767,2893,3238,3005,3542,2875,2873,2839,3595,3377,3737,3083,3034,2963,3352,2709,3347,3060,4007,3196,2959,2355,2944,2724,3194,3234,3138,3621,2706,3461,2860,3313,4271,3331,4492,3986,3460,4230,3515,4180,2807,3681,3661,2836,3444,3098,4438,3448,4762,2990,4104,4237,3564,4259,4012,4153,3217,3293,3620,3722,4135,3185,3119,3702,3835,4453,3457,2513,3206,3080,3870,4456,2867,3550,3109,2946,2850,3252,3147,3207,3547,3928,2937,3663,2883,3127,3296,2597,2874,2822,2926,3122
