Hello from MIC
Galois Benchmark Suite v2.2.0 (r0)
Copyright (C) 2013 The University of Texas at Austin
http://iss.ices.utexas.edu/galois/

application: GMetis
Partitions a graph into K parts and minimizing the graph cut
http://iss.ices.utexas.edu/?p=projects/galois/benchmarks/gMetis

INFO: CommandLine /work/02556/dpereira/MIC/apps/gmetis/gmetis -t=74 /work/02556/dpereira/Inputs/USA-road-d.W.gr 128
INFO: Hostname c557-903-mic0.stampede.tacc.utexas.edu
Created Graph with 6262104 nodes and 15248146 edges
Nodes 6262104| Edges 15248146 7624073

  Starting coarsening: 
Time coarsen:  2339 Size of final graph: 3054

  Sarting initial partitioning using GGGP:
Size in decade percentages:  -1,7 -0,118 1,3
Time clustering:  407

  Sarting refinnement with BKL2
Initial dist
Size in decade percentages:  -1,7 -0,118 1,3
Refined dist
Size in decade percentages:  -1,47 0,32 1,49
Time refinement:  938


Time:  3859
Total edge cut : 7996

Part saved in : 0x7fff1a533b60
STATTYPE,LOOP,CATEGORY,n,sum,T0,T1,T2,T3,T4,T5,T6,T7,T8,T9,T10,T11,T12,T13,T14,T15,T16,T17,T18,T19,T20,T21,T22,T23,T24,T25,T26,T27,T28,T29,T30,T31,T32,T33,T34,T35,T36,T37,T38,T39,T40,T41,T42,T43,T44,T45,T46,T47,T48,T49,T50,T51,T52,T53,T54,T55,T56,T57,T58,T59,T60,T61,T62,T63,T64,T65,T66,T67,T68,T69,T70,T71,T72,T73
STAT,(NULL),Coarsen,74,2339,2339,0,0,0,0,0,0,0,0,0,0,0,0,0,0,0,0,0,0,0,0,0,0,0,0,0,0,0,0,0,0,0,0,0,0,0,0,0,0,0,0,0,0,0,0,0,0,0,0,0,0,0,0,0,0,0,0,0,0,0,0,0,0,0,0,0,0,0,0,0,0,0,0,0
STAT,(NULL),Conflicts,74,0,0,0,0,0,0,0,0,0,0,0,0,0,0,0,0,0,0,0,0,0,0,0,0,0,0,0,0,0,0,0,0,0,0,0,0,0,0,0,0,0,0,0,0,0,0,0,0,0,0,0,0,0,0,0,0,0,0,0,0,0,0,0,0,0,0,0,0,0,0,0,0,0,0,0
STAT,(NULL),Iterations,74,255,8,0,0,1,6,2,0,5,3,0,2,0,5,5,0,2,6,1,3,2,7,3,3,4,3,3,4,2,4,0,15,2,11,2,4,4,3,5,1,7,4,5,3,5,0,0,8,3,5,7,5,0,6,0,2,4,2,7,1,5,3,8,0,1,6,0,4,3,3,5,1,4,0,7
STAT,(NULL),MeminfoPost,74,756475,10227,10250,10215,10225,10312,10223,10209,10247,10239,10204,10243,10200,10220,10237,10226,10226,10260,10282,10206,10229,10253,10214,10221,10226,10206,10228,10266,10223,10220,10220,10214,10188,10242,10206,10193,10201,10254,10219,10227,10184,10204,10244,10229,10210,10206,10179,10189,10207,10277,10253,10219,10178,10225,10237,10211,10200,10186,10199,10269,10266,10196,10210,10282,10265,10214,10205,10191,10196,10206,10187,10206,10199,10225,10220
STAT,(NULL),MeminfoPre,74,189117,2560,2583,2548,2558,2645,2556,2542,2580,2572,2537,2576,2533,2553,2570,2559,2559,2593,2615,2539,2562,2586,2547,2554,2559,2539,2561,2599,2556,2553,2553,2547,2521,2575,2539,2526,2534,2587,2552,2560,2517,2537,2577,2562,2543,2539,2512,2522,2540,2610,2586,2552,2511,2558,2570,2544,2533,2519,2532,2602,2599,2529,2543,2615,2598,2547,2538,2524,2529,2539,2520,2539,2532,2558,2553
STAT,(NULL),Partition,74,407,407,0,0,0,0,0,0,0,0,0,0,0,0,0,0,0,0,0,0,0,0,0,0,0,0,0,0,0,0,0,0,0,0,0,0,0,0,0,0,0,0,0,0,0,0,0,0,0,0,0,0,0,0,0,0,0,0,0,0,0,0,0,0,0,0,0,0,0,0,0,0,0,0,0
STAT,(NULL),Refine,74,938,938,0,0,0,0,0,0,0,0,0,0,0,0,0,0,0,0,0,0,0,0,0,0,0,0,0,0,0,0,0,0,0,0,0,0,0,0,0,0,0,0,0,0,0,0,0,0,0,0,0,0,0,0,0,0,0,0,0,0,0,0,0,0,0,0,0,0,0,0,0,0,0,0,0
STAT,(NULL),Threads,74,74,74,0,0,0,0,0,0,0,0,0,0,0,0,0,0,0,0,0,0,0,0,0,0,0,0,0,0,0,0,0,0,0,0,0,0,0,0,0,0,0,0,0,0,0,0,0,0,0,0,0,0,0,0,0,0,0,0,0,0,0,0,0,0,0,0,0,0,0,0,0,0,0,0,0
STAT,(NULL),Time,74,3859,3859,0,0,0,0,0,0,0,0,0,0,0,0,0,0,0,0,0,0,0,0,0,0,0,0,0,0,0,0,0,0,0,0,0,0,0,0,0,0,0,0,0,0,0,0,0,0,0,0,0,0,0,0,0,0,0,0,0,0,0,0,0,0,0,0,0,0,0,0,0,0,0,0,0
STAT,match,Conflicts,74,4990,174,141,110,96,144,102,93,104,108,103,73,114,99,66,62,68,60,55,72,66,64,67,60,54,60,63,58,47,51,50,51,52,62,43,59,53,62,53,57,65,53,54,55,67,52,46,52,53,54,44,49,48,54,59,65,51,46,60,53,47,47,80,75,62,27,76,70,57,71,77,70,42,70,63
STAT,match,Iterations,74,14999329,154633,175689,176467,192881,155479,183029,188137,188941,183358,196919,182207,186253,182522,203306,212227,206137,204725,205516,210720,194868,193399,216207,221752,218402,214855,184973,192876,203710,205927,205871,215013,218423,196811,210377,218310,209584,202047,204503,220240,205667,200279,199318,212560,209237,202560,199131,215401,218027,195435,205135,204041,213435,220326,202981,218657,215979,226779,192702,207636,214282,210124,188379,200745,210831,231069,175366,210618,205059,199284,211468,200853,215571,208001,215099
STAT,popedge,Conflicts,74,0,0,0,0,0,0,0,0,0,0,0,0,0,0,0,0,0,0,0,0,0,0,0,0,0,0,0,0,0,0,0,0,0,0,0,0,0,0,0,0,0,0,0,0,0,0,0,0,0,0,0,0,0,0,0,0,0,0,0,0,0,0,0,0,0,0,0,0,0,0,0,0,0,0,0
STAT,popedge,Iterations,74,7352560,90209,91059,93505,91811,92782,93339,93046,90384,93692,93769,95850,97366,97451,101035,103909,101872,103136,97550,103958,104701,99707,104523,102609,101819,101231,96872,96704,97202,98059,97280,101060,104231,100650,103965,102251,100617,100937,104790,101522,109671,109158,104112,104423,104093,108373,95885,106014,105704,104816,100934,102267,111349,100018,100807,99620,102134,102330,106776,99323,102257,97528,88843,91236,94671,94093,93948,94037,97821,98362,92933,96999,94053,96634,94885
STAT,refine,Conflicts,74,3626,122,134,122,104,91,91,93,87,75,55,74,70,75,73,62,52,52,58,48,46,60,52,60,55,55,54,53,56,49,52,43,37,32,34,38,32,40,27,36,33,23,35,28,38,41,44,39,35,46,44,28,39,20,30,30,43,46,37,47,51,32,35,33,31,26,25,22,23,28,32,19,35,27,32
STAT,refine,Iterations,74,131286,1791,2004,1565,1448,1764,1657,1620,2060,1286,1747,1888,1621,1776,1906,1731,1468,1848,2395,1351,1989,1642,2028,2096,1765,1610,1932,2117,1938,1954,1826,1596,1309,1665,1573,1626,1564,1999,1585,1933,1351,1795,1741,2108,1530,1657,1807,2166,2154,2418,2021,2226,1324,1738,2186,1733,1591,2097,1736,2076,1945,1387,1707,2091,1609,1808,1344,1710,1647,1705,1124,1660,1607,1776,2038
