Hello from MIC
Galois Benchmark Suite v2.2.0 (r0)
Copyright (C) 2013 The University of Texas at Austin
http://iss.ices.utexas.edu/galois/

application: GMetis
Partitions a graph into K parts and minimizing the graph cut
http://iss.ices.utexas.edu/?p=projects/galois/benchmarks/gMetis

INFO: CommandLine /work/02556/dpereira/MIC/apps/gmetis/gmetis -t=65 /work/02556/dpereira/Inputs/USA-road-d.W.gr 128
INFO: Hostname c557-903-mic0.stampede.tacc.utexas.edu
Created Graph with 6262104 nodes and 15248146 edges
Nodes 6262104| Edges 15248146 7624073

  Starting coarsening: 
Time coarsen:  2326 Size of final graph: 3031

  Sarting initial partitioning using GGGP:
Size in decade percentages:  -1,3 -0,122 1,3
Time clustering:  398

  Sarting refinnement with BKL2
Initial dist
Size in decade percentages:  -1,3 -0,122 1,3
Refined dist
Size in decade percentages:  -1,46 0,36 1,46
Time refinement:  798


Time:  3694
Total edge cut : 8202

Part saved in : 0x7fff0d0acf60
STATTYPE,LOOP,CATEGORY,n,sum,T0,T1,T2,T3,T4,T5,T6,T7,T8,T9,T10,T11,T12,T13,T14,T15,T16,T17,T18,T19,T20,T21,T22,T23,T24,T25,T26,T27,T28,T29,T30,T31,T32,T33,T34,T35,T36,T37,T38,T39,T40,T41,T42,T43,T44,T45,T46,T47,T48,T49,T50,T51,T52,T53,T54,T55,T56,T57,T58,T59,T60,T61,T62,T63,T64
STAT,(NULL),Coarsen,65,2326,2326,0,0,0,0,0,0,0,0,0,0,0,0,0,0,0,0,0,0,0,0,0,0,0,0,0,0,0,0,0,0,0,0,0,0,0,0,0,0,0,0,0,0,0,0,0,0,0,0,0,0,0,0,0,0,0,0,0,0,0,0,0,0,0,0
STAT,(NULL),Conflicts,65,0,0,0,0,0,0,0,0,0,0,0,0,0,0,0,0,0,0,0,0,0,0,0,0,0,0,0,0,0,0,0,0,0,0,0,0,0,0,0,0,0,0,0,0,0,0,0,0,0,0,0,0,0,0,0,0,0,0,0,0,0,0,0,0,0,0
STAT,(NULL),Iterations,65,255,8,0,5,0,3,2,3,7,8,2,5,2,1,3,5,3,5,2,2,4,2,3,4,6,3,3,5,1,6,3,15,3,5,6,4,3,9,4,4,6,3,5,4,2,3,2,6,5,2,1,3,4,3,5,4,1,8,3,0,3,6,2,4,8,3
STAT,(NULL),MeminfoPost,65,756415,11650,11652,11623,11675,11701,11620,11669,11654,11611,11655,11616,11645,11655,11639,11675,11687,11623,11666,11654,11611,11650,11619,11643,11672,11655,11630,11616,11611,11652,11621,11605,11619,11682,11606,11628,11609,11660,11638,11617,11607,11597,11620,11678,11667,11633,11594,11657,11627,11624,11597,11603,11697,11663,11604,11683,11690,11623,11630,11593,11633,11582,11604,11625,11639,11631
STAT,(NULL),MeminfoPre,65,189095,2922,2924,2895,2947,2973,2892,2941,2926,2883,2927,2888,2917,2927,2911,2947,2959,2895,2938,2926,2883,2922,2891,2915,2944,2927,2902,2888,2883,2924,2893,2877,2891,2954,2878,2900,2881,2932,2910,2889,2879,2869,2892,2950,2939,2905,2866,2929,2899,2896,2869,2875,2969,2935,2876,2955,2962,2895,2902,2865,2905,2854,2876,2897,2911,2903
STAT,(NULL),Partition,65,398,398,0,0,0,0,0,0,0,0,0,0,0,0,0,0,0,0,0,0,0,0,0,0,0,0,0,0,0,0,0,0,0,0,0,0,0,0,0,0,0,0,0,0,0,0,0,0,0,0,0,0,0,0,0,0,0,0,0,0,0,0,0,0,0,0
STAT,(NULL),Refine,65,798,798,0,0,0,0,0,0,0,0,0,0,0,0,0,0,0,0,0,0,0,0,0,0,0,0,0,0,0,0,0,0,0,0,0,0,0,0,0,0,0,0,0,0,0,0,0,0,0,0,0,0,0,0,0,0,0,0,0,0,0,0,0,0,0,0
STAT,(NULL),Threads,65,65,65,0,0,0,0,0,0,0,0,0,0,0,0,0,0,0,0,0,0,0,0,0,0,0,0,0,0,0,0,0,0,0,0,0,0,0,0,0,0,0,0,0,0,0,0,0,0,0,0,0,0,0,0,0,0,0,0,0,0,0,0,0,0,0,0
STAT,(NULL),Time,65,3694,3694,0,0,0,0,0,0,0,0,0,0,0,0,0,0,0,0,0,0,0,0,0,0,0,0,0,0,0,0,0,0,0,0,0,0,0,0,0,0,0,0,0,0,0,0,0,0,0,0,0,0,0,0,0,0,0,0,0,0,0,0,0,0,0,0
STAT,match,Conflicts,65,5115,282,181,147,146,121,81,113,92,82,90,75,86,86,92,100,107,71,66,77,85,102,68,68,61,81,70,77,64,63,65,54,66,44,43,37,38,57,37,47,60,65,70,53,51,64,68,56,64,65,50,72,56,66,54,52,94,91,58,101,65,111,106,93,53,55
STAT,match,Iterations,65,14977425,182449,193325,200404,186517,218304,229647,226013,224353,238718,228574,225660,232130,216529,227881,211756,220797,247185,222596,240128,240471,237538,244369,216351,220608,218510,225147,234367,241080,225206,233175,222845,235275,217814,253890,246046,247385,231268,241569,249769,243212,248161,240168,225385,239492,241311,239435,230759,233490,242909,250504,236438,221614,221587,232116,219624,231666,243137,246359,246248,245550,250431,219424,217384,225047,230325
STAT,popedge,Conflicts,65,0,0,0,0,0,0,0,0,0,0,0,0,0,0,0,0,0,0,0,0,0,0,0,0,0,0,0,0,0,0,0,0,0,0,0,0,0,0,0,0,0,0,0,0,0,0,0,0,0,0,0,0,0,0,0,0,0,0,0,0,0,0,0,0,0,0
STAT,popedge,Iterations,65,7339741,105910,105788,104913,103057,109430,115225,110615,111203,112528,114786,118793,112403,112916,114646,115479,110191,114085,109432,110929,114339,115785,107838,104355,106628,101918,106303,113936,116772,111951,114448,103871,111231,112588,117018,119454,115362,114953,115073,114291,116762,118537,117131,116943,111056,113866,115376,111762,113120,114937,110516,116614,108917,107248,108651,118178,125373,123278,121539,127211,120918,125645,103575,106443,109879,105823
STAT,refine,Conflicts,65,3741,155,136,127,126,100,108,89,98,64,75,88,81,77,74,87,67,48,55,61,57,72,58,56,58,54,61,63,54,62,64,39,31,40,37,44,34,36,49,33,44,42,37,42,56,57,33,50,32,37,45,42,38,36,34,42,41,35,45,43,40,19,42,30,32,29
STAT,refine,Iterations,65,134638,2067,1695,1997,2206,2419,1966,1987,1692,1712,2121,2026,2211,2047,2677,2496,2627,2062,2184,1812,1819,2807,1881,1991,2251,2065,2316,1961,1882,2169,1949,1840,2085,2492,1863,2631,1836,2158,2162,1611,1948,2191,2341,2601,2089,2148,1735,2295,1662,1759,1959,2175,2297,2366,1919,2499,2415,2027,1773,1852,1598,1245,1986,1822,2026,2137
