Hello from MIC
Galois Benchmark Suite v2.2.0 (r0)
Copyright (C) 2013 The University of Texas at Austin
http://iss.ices.utexas.edu/galois/

application: GMetis
Partitions a graph into K parts and minimizing the graph cut
http://iss.ices.utexas.edu/?p=projects/galois/benchmarks/gMetis

INFO: CommandLine /work/02556/dpereira/MIC/apps/gmetis/gmetis -t=158 /work/02556/dpereira/Inputs/USA-road-d.W.gr 1024
INFO: Hostname c558-402-mic0.stampede.tacc.utexas.edu
Created Graph with 6262104 nodes and 15248146 edges
Nodes 6262104| Edges 15248146 7624073

  Starting coarsening: 
Time coarsen:  2349 Size of final graph: 22110

  Sarting initial partitioning using GGGP:
Size in decade percentages:  -1,67 -0,882 1,75
Time clustering:  1053

  Sarting refinnement with BKL2
Initial dist
Size in decade percentages:  -1,67 -0,882 1,75
Refined dist
Size in decade percentages:  -1,374 0,272 1,377 3,1
Time refinement:  1397


Time:  4978
Total edge cut : 31683

Part saved in : 0x7fffb2cdb5e0
STATTYPE,LOOP,CATEGORY,n,sum,T0,T1,T2,T3,T4,T5,T6,T7,T8,T9,T10,T11,T12,T13,T14,T15,T16,T17,T18,T19,T20,T21,T22,T23,T24,T25,T26,T27,T28,T29,T30,T31,T32,T33,T34,T35,T36,T37,T38,T39,T40,T41,T42,T43,T44,T45,T46,T47,T48,T49,T50,T51,T52,T53,T54,T55,T56,T57,T58,T59,T60,T61,T62,T63,T64,T65,T66,T67,T68,T69,T70,T71,T72,T73,T74,T75,T76,T77,T78,T79,T80,T81,T82,T83,T84,T85,T86,T87,T88,T89,T90,T91,T92,T93,T94,T95,T96,T97,T98,T99,T100,T101,T102,T103,T104,T105,T106,T107,T108,T109,T110,T111,T112,T113,T114,T115,T116,T117,T118,T119,T120,T121,T122,T123,T124,T125,T126,T127,T128,T129,T130,T131,T132,T133,T134,T135,T136,T137,T138,T139,T140,T141,T142,T143,T144,T145,T146,T147,T148,T149,T150,T151,T152,T153,T154,T155,T156,T157
STAT,(NULL),Coarsen,158,2349,2349,0,0,0,0,0,0,0,0,0,0,0,0,0,0,0,0,0,0,0,0,0,0,0,0,0,0,0,0,0,0,0,0,0,0,0,0,0,0,0,0,0,0,0,0,0,0,0,0,0,0,0,0,0,0,0,0,0,0,0,0,0,0,0,0,0,0,0,0,0,0,0,0,0,0,0,0,0,0,0,0,0,0,0,0,0,0,0,0,0,0,0,0,0,0,0,0,0,0,0,0,0,0,0,0,0,0,0,0,0,0,0,0,0,0,0,0,0,0,0,0,0,0,0,0,0,0,0,0,0,0,0,0,0,0,0,0,0,0,0,0,0,0,0,0,0,0,0,0,0,0,0,0,0,0,0,0,0
STAT,(NULL),Conflicts,158,0,0,0,0,0,0,0,0,0,0,0,0,0,0,0,0,0,0,0,0,0,0,0,0,0,0,0,0,0,0,0,0,0,0,0,0,0,0,0,0,0,0,0,0,0,0,0,0,0,0,0,0,0,0,0,0,0,0,0,0,0,0,0,0,0,0,0,0,0,0,0,0,0,0,0,0,0,0,0,0,0,0,0,0,0,0,0,0,0,0,0,0,0,0,0,0,0,0,0,0,0,0,0,0,0,0,0,0,0,0,0,0,0,0,0,0,0,0,0,0,0,0,0,0,0,0,0,0,0,0,0,0,0,0,0,0,0,0,0,0,0,0,0,0,0,0,0,0,0,0,0,0,0,0,0,0,0,0,0
STAT,(NULL),Iterations,158,2047,11,9,22,8,5,12,9,4,13,12,8,15,5,4,5,12,12,7,9,9,8,13,1,14,8,6,8,15,6,9,17,12,15,14,9,14,8,27,8,5,22,25,28,29,21,15,11,18,24,14,18,21,16,26,14,15,13,22,12,18,21,12,10,12,10,19,10,4,4,18,6,16,6,19,7,11,12,11,14,15,14,3,13,7,9,0,8,12,14,17,10,4,8,9,5,11,9,14,12,17,17,22,26,31,22,24,20,24,24,14,24,17,23,15,13,26,10,11,19,18,20,9,21,17,11,11,10,10,6,9,15,9,12,24,9,4,7,15,6,9,8,9,16,12,8,14,7,19,12,12,8,14,3,10,5,9,11,13
STAT,(NULL),MeminfoPost,158,756489,4793,4789,4802,4798,4790,4789,4770,4790,4806,4817,4839,4789,4782,4779,4790,4791,4810,4791,4796,4789,4774,4781,4799,4802,4771,4774,4786,4781,4810,4792,4797,4781,4790,4791,4787,4803,4858,4808,4773,4781,4779,4799,4797,4812,4785,4796,4773,4779,4788,4811,4773,4779,4780,4790,4795,4787,4809,4802,4786,4800,4790,4781,4791,4782,4775,4795,4768,4771,4789,4801,4788,4777,4784,4775,4768,4772,4786,4788,4821,4802,4770,4777,4796,4788,4767,4760,4784,4791,4800,4798,4794,4787,4771,4790,4777,4781,4769,4771,4774,4766,4798,4771,4780,4815,4822,4811,4781,4776,4800,4770,4761,4783,4795,4801,4790,4784,4783,4778,4784,4771,4762,4774,4791,4766,4807,4820,4821,4795,4780,4778,4769,4787,4804,4825,4801,4818,4792,4773,4799,4770,4785,4781,4764,4775,4772,4803,4765,4762,4788,4756,4793,4770,4777,4789,4790,4787,4779,4793
STAT,(NULL),MeminfoPre,158,189111,1202,1198,1211,1207,1199,1198,1179,1199,1215,1226,1248,1198,1191,1188,1199,1200,1219,1200,1205,1198,1183,1190,1208,1211,1180,1183,1195,1190,1219,1201,1206,1190,1199,1200,1196,1212,1267,1217,1182,1190,1188,1208,1206,1221,1194,1205,1182,1188,1197,1220,1182,1188,1189,1199,1204,1196,1218,1211,1195,1209,1199,1190,1200,1191,1184,1204,1177,1180,1198,1210,1197,1186,1193,1184,1177,1181,1195,1197,1230,1211,1179,1186,1205,1197,1176,1169,1193,1200,1209,1207,1203,1196,1180,1199,1186,1190,1178,1180,1183,1175,1207,1180,1189,1224,1231,1220,1190,1185,1209,1179,1170,1192,1204,1210,1199,1193,1192,1187,1193,1180,1171,1183,1200,1175,1216,1229,1230,1204,1189,1187,1178,1196,1213,1234,1210,1227,1201,1182,1208,1179,1194,1190,1173,1184,1181,1212,1174,1171,1197,1165,1202,1179,1186,1198,1199,1196,1188,1202
STAT,(NULL),Partition,158,1053,1053,0,0,0,0,0,0,0,0,0,0,0,0,0,0,0,0,0,0,0,0,0,0,0,0,0,0,0,0,0,0,0,0,0,0,0,0,0,0,0,0,0,0,0,0,0,0,0,0,0,0,0,0,0,0,0,0,0,0,0,0,0,0,0,0,0,0,0,0,0,0,0,0,0,0,0,0,0,0,0,0,0,0,0,0,0,0,0,0,0,0,0,0,0,0,0,0,0,0,0,0,0,0,0,0,0,0,0,0,0,0,0,0,0,0,0,0,0,0,0,0,0,0,0,0,0,0,0,0,0,0,0,0,0,0,0,0,0,0,0,0,0,0,0,0,0,0,0,0,0,0,0,0,0,0,0,0,0
STAT,(NULL),Refine,158,1397,1397,0,0,0,0,0,0,0,0,0,0,0,0,0,0,0,0,0,0,0,0,0,0,0,0,0,0,0,0,0,0,0,0,0,0,0,0,0,0,0,0,0,0,0,0,0,0,0,0,0,0,0,0,0,0,0,0,0,0,0,0,0,0,0,0,0,0,0,0,0,0,0,0,0,0,0,0,0,0,0,0,0,0,0,0,0,0,0,0,0,0,0,0,0,0,0,0,0,0,0,0,0,0,0,0,0,0,0,0,0,0,0,0,0,0,0,0,0,0,0,0,0,0,0,0,0,0,0,0,0,0,0,0,0,0,0,0,0,0,0,0,0,0,0,0,0,0,0,0,0,0,0,0,0,0,0,0,0
STAT,(NULL),Threads,158,158,158,0,0,0,0,0,0,0,0,0,0,0,0,0,0,0,0,0,0,0,0,0,0,0,0,0,0,0,0,0,0,0,0,0,0,0,0,0,0,0,0,0,0,0,0,0,0,0,0,0,0,0,0,0,0,0,0,0,0,0,0,0,0,0,0,0,0,0,0,0,0,0,0,0,0,0,0,0,0,0,0,0,0,0,0,0,0,0,0,0,0,0,0,0,0,0,0,0,0,0,0,0,0,0,0,0,0,0,0,0,0,0,0,0,0,0,0,0,0,0,0,0,0,0,0,0,0,0,0,0,0,0,0,0,0,0,0,0,0,0,0,0,0,0,0,0,0,0,0,0,0,0,0,0,0,0,0,0
STAT,(NULL),Time,158,4978,4978,0,0,0,0,0,0,0,0,0,0,0,0,0,0,0,0,0,0,0,0,0,0,0,0,0,0,0,0,0,0,0,0,0,0,0,0,0,0,0,0,0,0,0,0,0,0,0,0,0,0,0,0,0,0,0,0,0,0,0,0,0,0,0,0,0,0,0,0,0,0,0,0,0,0,0,0,0,0,0,0,0,0,0,0,0,0,0,0,0,0,0,0,0,0,0,0,0,0,0,0,0,0,0,0,0,0,0,0,0,0,0,0,0,0,0,0,0,0,0,0,0,0,0,0,0,0,0,0,0,0,0,0,0,0,0,0,0,0,0,0,0,0,0,0,0,0,0,0,0,0,0,0,0,0,0,0,0
STAT,match,Conflicts,158,5952,64,54,54,62,53,53,56,54,46,46,50,55,52,51,57,47,44,56,49,51,45,52,50,53,41,48,52,53,55,47,50,32,41,37,45,53,48,34,46,49,56,36,41,27,49,37,39,50,47,40,38,38,44,38,44,34,42,47,39,46,35,29,34,26,31,30,29,30,30,31,28,35,35,26,30,29,34,26,32,36,30,29,36,40,37,34,34,25,33,32,34,35,33,29,36,31,35,38,34,25,44,35,34,37,29,38,33,24,40,36,23,35,32,42,32,38,31,30,31,31,37,27,26,32,26,23,43,27,37,31,31,29,30,35,30,35,27,31,27,29,31,29,33,36,37,34,23,40,35,39,25,20,28,25,29,30,44,33
STAT,match,Iterations,158,14992134,60655,72903,71971,70664,72091,73092,80714,86776,75326,61674,87096,71785,60159,85973,76845,74222,69258,74427,60084,81086,77826,76677,81168,66988,91200,77093,78521,104580,82434,89685,64495,90775,89379,91994,88516,80325,94126,118631,101713,86384,86799,97717,78343,111152,84337,103189,108205,88609,101251,82884,90074,97707,99240,84293,97479,99273,89147,89726,122108,101165,93449,85721,101964,98412,81992,93985,86373,111172,99891,101755,112628,90523,89796,109155,102084,117586,69957,121536,102119,93491,106393,104108,97297,101489,79745,73801,105525,97055,86311,110589,77725,89968,84222,99267,96293,81980,94645,103982,110226,139269,85377,119890,121988,112588,118252,110608,117659,116648,118238,109596,137004,125115,110944,95250,102703,117219,116950,131313,108965,129973,104360,109360,92607,110346,82309,103881,99126,107256,86813,93038,88832,92978,95529,98711,94389,93446,110870,88118,102995,91567,83713,95916,85046,88291,115763,95704,108661,76862,67643,102840,96683,114767,109114,114524,95228,81610,84030,107440
STAT,popedge,Conflicts,158,0,0,0,0,0,0,0,0,0,0,0,0,0,0,0,0,0,0,0,0,0,0,0,0,0,0,0,0,0,0,0,0,0,0,0,0,0,0,0,0,0,0,0,0,0,0,0,0,0,0,0,0,0,0,0,0,0,0,0,0,0,0,0,0,0,0,0,0,0,0,0,0,0,0,0,0,0,0,0,0,0,0,0,0,0,0,0,0,0,0,0,0,0,0,0,0,0,0,0,0,0,0,0,0,0,0,0,0,0,0,0,0,0,0,0,0,0,0,0,0,0,0,0,0,0,0,0,0,0,0,0,0,0,0,0,0,0,0,0,0,0,0,0,0,0,0,0,0,0,0,0,0,0,0,0,0,0,0,0
STAT,popedge,Iterations,158,7348262,43325,46400,42789,43683,43280,43646,44380,42457,43171,42909,43388,46236,45562,44195,44243,45175,44353,43087,46505,40970,47726,47472,44656,44576,45450,45733,45382,44867,42565,45406,45463,45828,43649,43940,45980,44265,51723,49519,52349,50642,51523,50461,50151,48762,50911,50409,50186,52912,48464,51874,54090,51480,50435,49603,49213,48398,49373,47777,50144,48684,49491,41226,41299,39368,43122,42207,42781,42525,42745,42066,41560,41907,44062,43114,42704,41570,42650,44167,42599,44643,40718,45671,46053,47380,46945,45132,47431,45872,44259,42526,47640,43835,48138,43597,44290,45875,42970,53320,51085,54154,52702,53658,53910,50693,52903,51236,49102,51210,50576,52395,55237,54806,50353,50881,49861,48501,50175,50655,48256,53993,52751,50025,41217,40974,42259,45229,43469,43352,44560,41863,45562,40834,43343,44905,45969,45247,46539,46175,45181,45525,47432,43014,49287,46581,44091,46966,45186,48549,49442,46078,44994,45351,42497,46639,45275,45891,46720,43695
STAT,refine,Conflicts,158,4945,76,74,68,77,72,67,75,62,69,59,58,59,54,61,67,44,56,58,46,45,46,42,50,44,45,38,55,51,46,44,30,31,39,37,47,33,44,34,19,29,26,38,31,26,45,34,29,37,37,25,32,27,36,44,35,40,47,40,35,46,34,24,25,19,20,21,27,23,15,24,24,17,30,22,33,27,19,24,25,20,24,20,23,22,21,12,21,20,18,23,21,22,13,23,18,23,24,26,19,20,30,20,25,17,16,31,20,23,25,28,20,20,18,23,28,23,35,31,19,32,24,30,21,27,16,26,25,19,23,19,31,20,24,25,23,17,24,10,25,23,17,26,14,13,21,23,24,18,20,28,24,24,16,16,23,21,17,17
STAT,refine,Iterations,158,428463,2636,2718,2959,2731,2415,1680,2364,2243,2855,2697,3092,2567,1925,2402,2672,2114,2630,2458,1885,2273,1824,2020,2724,2025,2376,2174,2378,2396,2362,2505,1997,2142,2298,2129,2591,2620,3986,3517,2457,2560,2790,2559,2823,3223,3341,2323,2909,3064,2880,2635,2463,2765,2887,2318,2962,3178,3656,3068,3429,3459,2883,2552,2806,2819,2612,2960,1901,2432,2607,2770,2937,2399,2959,2426,2653,2904,2144,3500,3040,2745,2360,2293,2453,2853,1999,1421,2598,2355,2579,2775,2310,2374,2154,2634,2255,2128,3021,3373,3159,3088,3409,3366,3693,3303,3836,3835,3004,3426,3633,2848,3047,3693,3466,2979,2855,3372,3726,4125,2922,3563,3219,2903,2629,2863,2955,3344,3206,2119,2404,2453,3186,2982,3088,3081,2699,2656,3000,1962,2944,2678,2137,2238,1599,2146,2307,2842,2304,2175,2131,2539,2756,3082,2210,2979,2306,2105,1958,2817
