Hello from MIC
Galois Benchmark Suite v2.2.0 (r0)
Copyright (C) 2013 The University of Texas at Austin
http://iss.ices.utexas.edu/galois/

application: GMetis
Partitions a graph into K parts and minimizing the graph cut
http://iss.ices.utexas.edu/?p=projects/galois/benchmarks/gMetis

INFO: CommandLine /work/02556/dpereira/MIC/apps/gmetis/gmetis -t=122 /work/02556/dpereira/Inputs/USA-road-d.W.gr 1024
INFO: Hostname c558-401-mic0.stampede.tacc.utexas.edu
Created Graph with 6262104 nodes and 15248146 edges
Nodes 6262104| Edges 15248146 7624073

  Starting coarsening: 
Time coarsen:  2045 Size of final graph: 21542

  Sarting initial partitioning using GGGP:
Size in decade percentages:  -1,74 -0,870 1,80
Time clustering:  853

  Sarting refinnement with BKL2
Initial dist
Size in decade percentages:  -1,74 -0,870 1,80
Refined dist
Size in decade percentages:  -1,367 -0,278 1,378 4,1
Time refinement:  1142


Time:  4220
Total edge cut : 31683

Part saved in : 0x7fff706fede0
STATTYPE,LOOP,CATEGORY,n,sum,T0,T1,T2,T3,T4,T5,T6,T7,T8,T9,T10,T11,T12,T13,T14,T15,T16,T17,T18,T19,T20,T21,T22,T23,T24,T25,T26,T27,T28,T29,T30,T31,T32,T33,T34,T35,T36,T37,T38,T39,T40,T41,T42,T43,T44,T45,T46,T47,T48,T49,T50,T51,T52,T53,T54,T55,T56,T57,T58,T59,T60,T61,T62,T63,T64,T65,T66,T67,T68,T69,T70,T71,T72,T73,T74,T75,T76,T77,T78,T79,T80,T81,T82,T83,T84,T85,T86,T87,T88,T89,T90,T91,T92,T93,T94,T95,T96,T97,T98,T99,T100,T101,T102,T103,T104,T105,T106,T107,T108,T109,T110,T111,T112,T113,T114,T115,T116,T117,T118,T119,T120,T121
STAT,(NULL),Coarsen,122,2045,2045,0,0,0,0,0,0,0,0,0,0,0,0,0,0,0,0,0,0,0,0,0,0,0,0,0,0,0,0,0,0,0,0,0,0,0,0,0,0,0,0,0,0,0,0,0,0,0,0,0,0,0,0,0,0,0,0,0,0,0,0,0,0,0,0,0,0,0,0,0,0,0,0,0,0,0,0,0,0,0,0,0,0,0,0,0,0,0,0,0,0,0,0,0,0,0,0,0,0,0,0,0,0,0,0,0,0,0,0,0,0,0,0,0,0,0,0,0,0,0,0,0
STAT,(NULL),Conflicts,122,0,0,0,0,0,0,0,0,0,0,0,0,0,0,0,0,0,0,0,0,0,0,0,0,0,0,0,0,0,0,0,0,0,0,0,0,0,0,0,0,0,0,0,0,0,0,0,0,0,0,0,0,0,0,0,0,0,0,0,0,0,0,0,0,0,0,0,0,0,0,0,0,0,0,0,0,0,0,0,0,0,0,0,0,0,0,0,0,0,0,0,0,0,0,0,0,0,0,0,0,0,0,0,0,0,0,0,0,0,0,0,0,0,0,0,0,0,0,0,0,0,0,0
STAT,(NULL),Iterations,122,2047,11,24,17,16,12,9,19,11,22,7,15,18,15,17,12,7,24,13,14,17,11,10,22,15,15,10,13,16,11,17,17,12,10,12,16,15,14,14,15,16,11,33,30,23,9,24,20,13,21,14,9,15,21,15,23,14,14,24,12,8,20,31,11,11,11,26,10,19,21,23,20,15,20,24,9,22,14,20,12,10,9,15,13,13,19,12,21,17,19,7,11,23,16,28,20,13,17,27,25,14,14,10,31,21,21,21,16,27,22,26,29,18,21,22,14,24,10,11,13,24,19,11
STAT,(NULL),MeminfoPost,122,756550,6209,6208,6215,6200,6195,6205,6216,6264,6224,6189,6186,6213,6213,6203,6224,6187,6193,6211,6204,6186,6201,6203,6213,6214,6211,6176,6214,6236,6266,6192,6197,6197,6207,6229,6206,6193,6188,6209,6218,6179,6194,6207,6199,6224,6216,6205,6212,6196,6195,6191,6204,6173,6194,6214,6204,6188,6191,6172,6195,6187,6241,6210,6183,6198,6204,6169,6185,6204,6216,6221,6193,6184,6198,6190,6180,6178,6181,6204,6176,6214,6248,6227,6188,6202,6186,6170,6203,6219,6204,6188,6197,6193,6173,6182,6196,6184,6237,6243,6212,6185,6183,6193,6236,6233,6234,6201,6191,6195,6192,6186,6176,6189,6210,6169,6187,6169,6200,6185,6199,6200,6203,6198
STAT,(NULL),MeminfoPre,122,189128,1558,1557,1564,1549,1544,1554,1565,1613,1573,1538,1535,1562,1562,1552,1573,1536,1542,1560,1553,1535,1550,1552,1562,1563,1560,1525,1563,1585,1615,1541,1546,1546,1556,1578,1555,1542,1537,1558,1567,1528,1543,1556,1548,1573,1565,1554,1561,1545,1544,1540,1553,1522,1543,1563,1553,1537,1540,1521,1544,1536,1590,1559,1532,1547,1553,1518,1534,1553,1565,1570,1542,1533,1547,1539,1529,1527,1530,1553,1525,1563,1597,1576,1537,1551,1535,1519,1552,1568,1553,1537,1546,1542,1522,1531,1545,1533,1586,1592,1561,1534,1532,1542,1585,1582,1583,1550,1540,1544,1541,1535,1525,1538,1559,1518,1536,1518,1549,1534,1548,1549,1552,1547
STAT,(NULL),Partition,122,853,853,0,0,0,0,0,0,0,0,0,0,0,0,0,0,0,0,0,0,0,0,0,0,0,0,0,0,0,0,0,0,0,0,0,0,0,0,0,0,0,0,0,0,0,0,0,0,0,0,0,0,0,0,0,0,0,0,0,0,0,0,0,0,0,0,0,0,0,0,0,0,0,0,0,0,0,0,0,0,0,0,0,0,0,0,0,0,0,0,0,0,0,0,0,0,0,0,0,0,0,0,0,0,0,0,0,0,0,0,0,0,0,0,0,0,0,0,0,0,0,0,0
STAT,(NULL),Refine,122,1142,1142,0,0,0,0,0,0,0,0,0,0,0,0,0,0,0,0,0,0,0,0,0,0,0,0,0,0,0,0,0,0,0,0,0,0,0,0,0,0,0,0,0,0,0,0,0,0,0,0,0,0,0,0,0,0,0,0,0,0,0,0,0,0,0,0,0,0,0,0,0,0,0,0,0,0,0,0,0,0,0,0,0,0,0,0,0,0,0,0,0,0,0,0,0,0,0,0,0,0,0,0,0,0,0,0,0,0,0,0,0,0,0,0,0,0,0,0,0,0,0,0,0
STAT,(NULL),Threads,122,122,122,0,0,0,0,0,0,0,0,0,0,0,0,0,0,0,0,0,0,0,0,0,0,0,0,0,0,0,0,0,0,0,0,0,0,0,0,0,0,0,0,0,0,0,0,0,0,0,0,0,0,0,0,0,0,0,0,0,0,0,0,0,0,0,0,0,0,0,0,0,0,0,0,0,0,0,0,0,0,0,0,0,0,0,0,0,0,0,0,0,0,0,0,0,0,0,0,0,0,0,0,0,0,0,0,0,0,0,0,0,0,0,0,0,0,0,0,0,0,0,0,0
STAT,(NULL),Time,122,4220,4220,0,0,0,0,0,0,0,0,0,0,0,0,0,0,0,0,0,0,0,0,0,0,0,0,0,0,0,0,0,0,0,0,0,0,0,0,0,0,0,0,0,0,0,0,0,0,0,0,0,0,0,0,0,0,0,0,0,0,0,0,0,0,0,0,0,0,0,0,0,0,0,0,0,0,0,0,0,0,0,0,0,0,0,0,0,0,0,0,0,0,0,0,0,0,0,0,0,0,0,0,0,0,0,0,0,0,0,0,0,0,0,0,0,0,0,0,0,0,0,0,0
STAT,match,Conflicts,122,5848,59,63,64,88,77,61,71,71,68,62,69,58,62,67,68,69,57,69,60,72,67,61,48,45,71,53,67,51,54,57,55,36,46,49,62,37,43,66,48,53,54,46,42,46,46,39,42,54,46,48,64,50,63,57,61,48,56,48,58,47,46,32,43,29,50,42,36,30,36,42,40,38,47,35,33,29,45,33,46,38,49,39,41,33,35,49,28,37,31,29,51,47,36,33,40,41,34,45,46,44,42,39,47,38,51,37,35,34,31,26,47,48,42,45,36,39,50,49,27,41,37,30
STAT,match,Iterations,122,14933401,109870,109749,108569,89036,82471,103383,107696,110393,92506,117409,110889,120787,103579,114124,105524,105842,122140,116915,106672,105794,111699,110163,117873,122753,107948,111973,112682,117045,125815,128769,128782,113391,136638,116341,103587,120297,111886,119355,125358,123515,114245,113292,111649,104123,120715,118038,110885,110867,114165,122106,108116,117224,98056,109516,116692,115892,116858,115644,106038,105831,108950,140262,114796,142783,128118,123723,118482,145886,140214,123098,124389,134885,128124,137654,146864,149378,127179,135756,145634,139037,143386,132837,135885,135092,125826,132962,142722,142038,124232,141088,125745,144060,127753,141330,123872,129106,127423,118080,125283,141232,129730,120547,122828,126750,113657,131738,143775,147115,138799,141335,139972,137429,132627,135550,136150,125238,112539,122834,123917,125178,128582,122777
STAT,popedge,Conflicts,122,0,0,0,0,0,0,0,0,0,0,0,0,0,0,0,0,0,0,0,0,0,0,0,0,0,0,0,0,0,0,0,0,0,0,0,0,0,0,0,0,0,0,0,0,0,0,0,0,0,0,0,0,0,0,0,0,0,0,0,0,0,0,0,0,0,0,0,0,0,0,0,0,0,0,0,0,0,0,0,0,0,0,0,0,0,0,0,0,0,0,0,0,0,0,0,0,0,0,0,0,0,0,0,0,0,0,0,0,0,0,0,0,0,0,0,0,0,0,0,0,0,0,0
STAT,popedge,Iterations,122,7314901,59186,58612,58107,63984,61584,62059,62320,60110,59148,61552,60947,59393,59368,57224,61764,63090,60873,63046,60422,61259,59275,60957,58010,58329,61252,55177,60023,56933,57088,56226,58942,59230,57784,57307,61272,59238,61149,59109,58767,59129,58694,56966,56717,58009,56547,58325,57986,56220,59999,60166,61720,60615,60460,60832,58874,59229,61650,59744,62256,61500,58808,59586,63174,56801,60609,62933,60888,61452,62754,57892,61227,59630,60987,60245,58724,59993,62959,56641,59010,59273,61233,59607,57912,60894,59689,61471,56902,59142,59501,60042,58265,59253,59518,58552,59578,61046,60165,57894,59484,57294,58621,59474,59031,62871,64673,59974,60337,58482,60199,63321,60620,62993,60012,63415,58646,62504,62581,61427,64366,61437,61539,61596
STAT,refine,Conflicts,122,4627,81,83,84,69,72,62,67,65,68,61,72,63,60,61,61,56,63,55,44,56,50,55,51,44,46,43,58,38,45,45,46,38,41,45,55,42,35,46,50,49,41,42,37,50,42,34,31,32,40,44,43,38,35,42,35,38,23,34,37,15,47,24,21,29,14,26,13,26,40,29,20,36,35,20,36,29,27,31,20,23,32,32,29,32,24,28,28,42,23,21,32,32,26,33,31,35,27,31,32,31,41,27,22,29,27,25,23,21,15,23,18,23,21,22,29,29,16,26,17,30,19,19
STAT,refine,Iterations,122,427289,3242,3668,3041,2666,2641,2933,3746,4343,3336,3140,3267,2992,3196,3540,3645,3733,3474,3823,2964,3833,3586,3097,3699,2867,3682,3319,4089,4033,4244,3115,3319,3146,3696,3974,3423,3483,2912,3804,3800,3277,2744,3809,3264,3718,4053,3081,3472,2626,3537,3081,3066,2968,3013,3130,2860,2733,2521,3221,3402,2608,3731,3972,2736,3189,3124,2951,2922,4581,4959,4174,3233,3798,3738,3214,4379,4203,3995,3664,4263,4087,4831,4553,3204,4314,2720,3652,4005,4822,3517,3605,3303,3898,2922,4018,4107,3739,4589,4097,4101,3247,3469,2702,4380,3740,3883,3691,3462,3922,2841,3576,3031,2941,3668,2743,3236,3200,3205,3122,3282,3370,3318,3655
