Hello from MIC
Galois Benchmark Suite v2.2.0 (r0)
Copyright (C) 2013 The University of Texas at Austin
http://iss.ices.utexas.edu/galois/

application: GMetis
Partitions a graph into K parts and minimizing the graph cut
http://iss.ices.utexas.edu/?p=projects/galois/benchmarks/gMetis

INFO: CommandLine /work/02556/dpereira/MIC/apps/gmetis/gmetis -t=166 /work/02556/dpereira/Inputs/USA-road-d.W.gr 128
INFO: Hostname c558-002-mic0.stampede.tacc.utexas.edu
Created Graph with 6262104 nodes and 15248146 edges
Nodes 6262104| Edges 15248146 7624073

  Starting coarsening: 
Time coarsen:  2769 Size of final graph: 3112

  Sarting initial partitioning using GGGP:
Size in decade percentages:  -1,5 -0,118 1,5
Time clustering:  433

  Sarting refinnement with BKL2
Initial dist
Size in decade percentages:  -1,5 -0,118 1,5
Refined dist
Size in decade percentages:  -1,42 0,46 1,40
Time refinement:  1687


Time:  5068
Total edge cut : 7809

Part saved in : 0x7fffb8434260
STATTYPE,LOOP,CATEGORY,n,sum,T0,T1,T2,T3,T4,T5,T6,T7,T8,T9,T10,T11,T12,T13,T14,T15,T16,T17,T18,T19,T20,T21,T22,T23,T24,T25,T26,T27,T28,T29,T30,T31,T32,T33,T34,T35,T36,T37,T38,T39,T40,T41,T42,T43,T44,T45,T46,T47,T48,T49,T50,T51,T52,T53,T54,T55,T56,T57,T58,T59,T60,T61,T62,T63,T64,T65,T66,T67,T68,T69,T70,T71,T72,T73,T74,T75,T76,T77,T78,T79,T80,T81,T82,T83,T84,T85,T86,T87,T88,T89,T90,T91,T92,T93,T94,T95,T96,T97,T98,T99,T100,T101,T102,T103,T104,T105,T106,T107,T108,T109,T110,T111,T112,T113,T114,T115,T116,T117,T118,T119,T120,T121,T122,T123,T124,T125,T126,T127,T128,T129,T130,T131,T132,T133,T134,T135,T136,T137,T138,T139,T140,T141,T142,T143,T144,T145,T146,T147,T148,T149,T150,T151,T152,T153,T154,T155,T156,T157,T158,T159,T160,T161,T162,T163,T164,T165
STAT,(NULL),Coarsen,166,2769,2769,0,0,0,0,0,0,0,0,0,0,0,0,0,0,0,0,0,0,0,0,0,0,0,0,0,0,0,0,0,0,0,0,0,0,0,0,0,0,0,0,0,0,0,0,0,0,0,0,0,0,0,0,0,0,0,0,0,0,0,0,0,0,0,0,0,0,0,0,0,0,0,0,0,0,0,0,0,0,0,0,0,0,0,0,0,0,0,0,0,0,0,0,0,0,0,0,0,0,0,0,0,0,0,0,0,0,0,0,0,0,0,0,0,0,0,0,0,0,0,0,0,0,0,0,0,0,0,0,0,0,0,0,0,0,0,0,0,0,0,0,0,0,0,0,0,0,0,0,0,0,0,0,0,0,0,0,0,0,0,0,0,0,0,0,0
STAT,(NULL),Conflicts,166,0,0,0,0,0,0,0,0,0,0,0,0,0,0,0,0,0,0,0,0,0,0,0,0,0,0,0,0,0,0,0,0,0,0,0,0,0,0,0,0,0,0,0,0,0,0,0,0,0,0,0,0,0,0,0,0,0,0,0,0,0,0,0,0,0,0,0,0,0,0,0,0,0,0,0,0,0,0,0,0,0,0,0,0,0,0,0,0,0,0,0,0,0,0,0,0,0,0,0,0,0,0,0,0,0,0,0,0,0,0,0,0,0,0,0,0,0,0,0,0,0,0,0,0,0,0,0,0,0,0,0,0,0,0,0,0,0,0,0,0,0,0,0,0,0,0,0,0,0,0,0,0,0,0,0,0,0,0,0,0,0,0,0,0,0,0,0
STAT,(NULL),Iterations,166,255,8,0,0,1,2,2,1,1,1,1,3,1,3,4,4,4,1,6,1,0,0,2,1,4,3,0,1,5,3,1,2,0,4,1,0,0,2,0,0,0,2,0,2,2,2,1,4,4,1,4,3,1,3,4,0,6,0,0,3,0,0,0,0,0,0,4,6,1,3,0,4,4,2,1,3,0,0,1,4,0,0,1,7,0,0,2,0,1,2,0,0,0,0,4,2,0,6,0,0,0,4,0,1,0,0,1,2,1,3,3,0,1,2,8,0,0,3,0,0,3,0,2,1,5,0,0,2,0,4,1,0,2,2,0,0,2,2,2,0,0,0,0,1,0,4,0,0,2,3,1,0,0,0,0,2,4,0,0,1,0,0,0,2,0,0,5
STAT,(NULL),MeminfoPost,166,756501,4563,4553,4570,4569,4558,4561,4551,4563,4553,4570,4622,4582,4540,4553,4547,4563,4567,4569,4559,4572,4559,4541,4551,4566,4569,4554,4540,4552,4561,4557,4577,4565,4558,4564,4537,4562,4568,4575,4622,4569,4544,4551,4548,4566,4567,4571,4563,4565,4550,4552,4549,4566,4573,4544,4542,4555,4563,4560,4554,4590,4564,4554,4570,4560,4546,4564,4547,4550,4552,4555,4533,4556,4563,4571,4549,4552,4550,4540,4542,4545,4552,4561,4589,4569,4544,4547,4554,4567,4543,4532,4540,4562,4566,4568,4568,4556,4552,4544,4559,4547,4553,4535,4541,4544,4537,4566,4543,4545,4579,4591,4584,4560,4544,4550,4564,4535,4537,4561,4563,4567,4560,4552,4556,4544,4554,4538,4536,4544,4559,4539,4560,4587,4588,4582,4554,4543,4544,4545,4554,4592,4585,4570,4585,4561,4540,4569,4538,4557,4553,4537,4535,4543,4554,4563,4536,4527,4554,4527,4569,4542,4553,4560,4556,4560,4547,4562
STAT,(NULL),MeminfoPre,166,189113,1145,1135,1152,1151,1140,1143,1133,1145,1135,1152,1204,1164,1122,1135,1129,1145,1149,1151,1141,1154,1141,1123,1133,1148,1151,1136,1122,1134,1143,1139,1159,1147,1140,1146,1119,1144,1150,1157,1204,1151,1126,1133,1130,1148,1149,1153,1145,1147,1132,1134,1131,1148,1155,1126,1124,1137,1145,1142,1136,1172,1146,1136,1152,1142,1128,1146,1129,1132,1134,1137,1115,1138,1145,1153,1131,1134,1132,1122,1124,1127,1134,1143,1171,1151,1126,1129,1136,1149,1125,1114,1122,1144,1148,1150,1150,1138,1134,1126,1141,1129,1135,1117,1123,1126,1119,1148,1125,1127,1161,1173,1166,1142,1126,1132,1146,1117,1119,1143,1145,1149,1142,1134,1138,1126,1136,1120,1118,1126,1141,1121,1142,1169,1170,1164,1136,1125,1126,1127,1136,1174,1167,1152,1167,1143,1122,1151,1120,1139,1135,1119,1117,1125,1136,1145,1118,1109,1136,1109,1151,1124,1135,1142,1138,1142,1129,1144
STAT,(NULL),Partition,166,433,433,0,0,0,0,0,0,0,0,0,0,0,0,0,0,0,0,0,0,0,0,0,0,0,0,0,0,0,0,0,0,0,0,0,0,0,0,0,0,0,0,0,0,0,0,0,0,0,0,0,0,0,0,0,0,0,0,0,0,0,0,0,0,0,0,0,0,0,0,0,0,0,0,0,0,0,0,0,0,0,0,0,0,0,0,0,0,0,0,0,0,0,0,0,0,0,0,0,0,0,0,0,0,0,0,0,0,0,0,0,0,0,0,0,0,0,0,0,0,0,0,0,0,0,0,0,0,0,0,0,0,0,0,0,0,0,0,0,0,0,0,0,0,0,0,0,0,0,0,0,0,0,0,0,0,0,0,0,0,0,0,0,0,0,0,0
STAT,(NULL),Refine,166,1687,1687,0,0,0,0,0,0,0,0,0,0,0,0,0,0,0,0,0,0,0,0,0,0,0,0,0,0,0,0,0,0,0,0,0,0,0,0,0,0,0,0,0,0,0,0,0,0,0,0,0,0,0,0,0,0,0,0,0,0,0,0,0,0,0,0,0,0,0,0,0,0,0,0,0,0,0,0,0,0,0,0,0,0,0,0,0,0,0,0,0,0,0,0,0,0,0,0,0,0,0,0,0,0,0,0,0,0,0,0,0,0,0,0,0,0,0,0,0,0,0,0,0,0,0,0,0,0,0,0,0,0,0,0,0,0,0,0,0,0,0,0,0,0,0,0,0,0,0,0,0,0,0,0,0,0,0,0,0,0,0,0,0,0,0,0,0
STAT,(NULL),Threads,166,166,166,0,0,0,0,0,0,0,0,0,0,0,0,0,0,0,0,0,0,0,0,0,0,0,0,0,0,0,0,0,0,0,0,0,0,0,0,0,0,0,0,0,0,0,0,0,0,0,0,0,0,0,0,0,0,0,0,0,0,0,0,0,0,0,0,0,0,0,0,0,0,0,0,0,0,0,0,0,0,0,0,0,0,0,0,0,0,0,0,0,0,0,0,0,0,0,0,0,0,0,0,0,0,0,0,0,0,0,0,0,0,0,0,0,0,0,0,0,0,0,0,0,0,0,0,0,0,0,0,0,0,0,0,0,0,0,0,0,0,0,0,0,0,0,0,0,0,0,0,0,0,0,0,0,0,0,0,0,0,0,0,0,0,0,0,0
STAT,(NULL),Time,166,5068,5068,0,0,0,0,0,0,0,0,0,0,0,0,0,0,0,0,0,0,0,0,0,0,0,0,0,0,0,0,0,0,0,0,0,0,0,0,0,0,0,0,0,0,0,0,0,0,0,0,0,0,0,0,0,0,0,0,0,0,0,0,0,0,0,0,0,0,0,0,0,0,0,0,0,0,0,0,0,0,0,0,0,0,0,0,0,0,0,0,0,0,0,0,0,0,0,0,0,0,0,0,0,0,0,0,0,0,0,0,0,0,0,0,0,0,0,0,0,0,0,0,0,0,0,0,0,0,0,0,0,0,0,0,0,0,0,0,0,0,0,0,0,0,0,0,0,0,0,0,0,0,0,0,0,0,0,0,0,0,0,0,0,0,0,0,0
STAT,match,Conflicts,166,6003,63,52,53,52,49,51,51,54,46,62,56,51,57,46,45,47,52,50,45,51,46,43,39,41,52,43,46,42,53,42,43,48,47,43,40,47,45,40,41,50,49,40,39,39,34,31,38,48,47,44,36,37,45,48,40,44,47,40,47,39,46,32,28,28,32,36,27,37,28,34,35,33,27,25,28,36,27,35,34,23,28,25,30,29,27,26,31,28,27,32,25,32,28,35,25,29,29,20,34,38,32,37,33,31,38,27,33,29,28,37,31,38,35,37,23,31,35,40,37,25,24,36,21,34,27,29,26,31,36,28,37,23,26,26,36,28,29,27,24,32,28,26,25,30,32,29,34,37,24,30,37,26,34,30,29,28,31,39,28,38,29,42,32,26,28,29
STAT,match,Iterations,166,15018913,62021,75152,68358,70426,70540,67893,74198,68021,75443,57802,61582,71879,81094,69813,68908,79160,67287,75852,70958,72409,72472,88830,81814,94006,63100,82129,69257,69569,85816,73296,77594,80287,93625,77208,83896,91214,74028,84814,60208,88813,85376,87775,73311,71065,94524,100945,108581,70845,112490,86995,83696,120211,91485,101612,113372,71127,81035,95417,76082,93146,80921,85122,83702,94725,104506,93478,96689,82635,111730,98743,77814,89199,96379,103045,92822,102390,81904,89251,84178,100384,88313,73631,97303,80723,86721,89496,104336,91125,88893,86836,106618,71962,90909,94428,98133,101244,88658,88829,97564,85700,91420,91500,95244,119095,81172,99155,100699,128467,116020,120385,112949,104973,102176,113419,99084,128448,96497,93416,106263,120514,117214,103093,92844,76666,103324,91789,93085,93751,87574,94427,85477,111443,100309,95710,83280,84549,92384,96606,111027,95197,92559,96899,93977,96721,89443,94664,107030,97176,93112,110234,106189,114822,77036,88516,94756,109465,82014,77446,90781,86855,96848,92000,99377,102579,118039,98829
STAT,popedge,Conflicts,166,0,0,0,0,0,0,0,0,0,0,0,0,0,0,0,0,0,0,0,0,0,0,0,0,0,0,0,0,0,0,0,0,0,0,0,0,0,0,0,0,0,0,0,0,0,0,0,0,0,0,0,0,0,0,0,0,0,0,0,0,0,0,0,0,0,0,0,0,0,0,0,0,0,0,0,0,0,0,0,0,0,0,0,0,0,0,0,0,0,0,0,0,0,0,0,0,0,0,0,0,0,0,0,0,0,0,0,0,0,0,0,0,0,0,0,0,0,0,0,0,0,0,0,0,0,0,0,0,0,0,0,0,0,0,0,0,0,0,0,0,0,0,0,0,0,0,0,0,0,0,0,0,0,0,0,0,0,0,0,0,0,0,0,0,0,0,0
STAT,popedge,Iterations,166,7359761,43787,42833,40730,42454,41762,44004,42667,43089,43607,43134,41563,40733,43330,42696,41696,42096,42892,41409,44537,42417,43989,42531,43392,43468,43503,44696,46695,46137,44310,43996,40195,43238,41813,43423,42548,41860,45985,42063,43936,42119,44792,43017,45002,41045,51147,49069,49443,50359,49841,48614,49000,50653,52036,50723,52714,48892,48489,48363,46597,47384,47500,39652,38051,39014,38954,39778,41220,41767,39287,40403,43163,40546,40529,41057,40281,40298,43807,42234,41897,43364,41705,45129,39861,44693,46859,43959,44589,44220,45670,44537,44619,40038,43174,44248,44059,42353,42873,44286,43267,45123,43953,45783,42169,44700,44328,51358,49563,54060,52472,51016,50743,48941,52384,50282,52323,52522,46842,47788,50598,46175,49592,49757,38787,40681,44620,40092,39826,40405,40725,41933,40089,41662,41168,40494,42603,43597,41405,39791,42080,42701,42674,45747,41818,44018,44920,44999,41946,45346,46032,44536,44055,46805,40272,43065,46686,44536,48739,44864,44445,44696,42702,43466,45300,43543,44928,43038
STAT,refine,Conflicts,166,5851,106,115,104,113,97,95,98,95,86,73,79,79,80,75,84,62,68,55,56,54,63,61,57,63,52,56,58,53,57,61,50,33,32,40,54,45,34,47,44,41,39,44,43,49,37,30,43,27,35,37,41,42,39,33,44,42,41,42,55,37,32,19,32,34,28,19,20,23,23,26,20,24,19,31,24,26,21,21,23,26,24,23,19,18,21,22,14,22,16,13,20,29,19,15,13,21,21,23,25,26,29,21,22,24,24,26,19,30,26,26,26,27,22,24,17,24,25,33,28,25,20,21,25,12,18,24,21,20,8,19,32,23,35,34,27,15,26,18,29,24,23,17,17,19,22,20,18,21,21,20,20,20,21,25,10,25,35,23,20,20,21,17,25,17,16,19
STAT,refine,Iterations,166,132283,785,929,890,806,975,798,873,781,887,728,954,946,730,626,760,604,792,883,654,763,656,1011,604,852,683,688,524,647,706,889,788,557,878,635,795,732,570,860,850,808,756,670,935,730,1149,1120,976,929,1116,1031,682,1179,1204,727,857,778,700,897,775,985,711,617,856,871,743,823,824,693,716,784,807,775,709,821,706,593,580,791,807,800,899,689,858,561,864,640,737,624,568,561,620,662,674,860,692,533,650,579,778,696,841,836,874,1005,758,1057,971,1109,1332,1233,1180,1162,1064,1118,801,890,812,780,1092,948,1086,850,576,651,918,744,788,848,590,820,833,861,991,855,678,528,721,721,828,862,828,711,599,700,452,864,502,632,579,582,846,692,707,587,921,633,832,646,701,786,941,787,897,718,975,688
