Hello from MIC
Galois Benchmark Suite v2.2.0 (r0)
Copyright (C) 2013 The University of Texas at Austin
http://iss.ices.utexas.edu/galois/

application: GMetis
Partitions a graph into K parts and minimizing the graph cut
http://iss.ices.utexas.edu/?p=projects/galois/benchmarks/gMetis

INFO: CommandLine /work/02556/dpereira/MIC/apps/gmetis/gmetis -t=43 /work/02556/dpereira/Inputs/USA-road-d.W.gr 16
INFO: Hostname c557-901-mic0.stampede.tacc.utexas.edu
Created Graph with 6262104 nodes and 15248146 edges
Nodes 6262104| Edges 15248146 7624073

  Starting coarsening: 
Time coarsen:  2904 Size of final graph: 428

  Sarting initial partitioning using GGGP:
Size in decade percentages:  -1,1 -0,15
Time clustering:  357

  Sarting refinnement with BKL2
Initial dist
Size in decade percentages:  -1,1 -0,15
Refined dist
Size in decade percentages:  -1,7 -0,2 1,7
Time refinement:  629


Time:  4066
Total edge cut : 1812

Part saved in : 0x7fffc33ecde0
STATTYPE,LOOP,CATEGORY,n,sum,T0,T1,T2,T3,T4,T5,T6,T7,T8,T9,T10,T11,T12,T13,T14,T15,T16,T17,T18,T19,T20,T21,T22,T23,T24,T25,T26,T27,T28,T29,T30,T31,T32,T33,T34,T35,T36,T37,T38,T39,T40,T41,T42
STAT,(NULL),Coarsen,43,2904,2904,0,0,0,0,0,0,0,0,0,0,0,0,0,0,0,0,0,0,0,0,0,0,0,0,0,0,0,0,0,0,0,0,0,0,0,0,0,0,0,0,0,0
STAT,(NULL),Conflicts,43,0,0,0,0,0,0,0,0,0,0,0,0,0,0,0,0,0,0,0,0,0,0,0,0,0,0,0,0,0,0,0,0,0,0,0,0,0,0,0,0,0,0,0,0
STAT,(NULL),Iterations,43,31,5,0,0,0,0,0,0,2,0,0,1,1,0,1,3,5,0,0,3,0,0,0,0,4,0,3,0,0,0,2,0,0,0,0,0,1,0,0,0,0,0,0,0
STAT,(NULL),MeminfoPost,43,756331,17611,17584,17691,17571,17628,17573,17587,17600,17597,17662,17599,17618,17581,17593,17580,17621,17609,17569,17567,17571,17540,17625,17573,17552,17615,17559,17537,17552,17674,17558,17580,17579,17541,17570,17661,17551,17688,17575,17544,17561,17515,17582,17587
STAT,(NULL),MeminfoPre,43,189075,4419,4392,4499,4379,4436,4381,4395,4408,4405,4470,4407,4426,4389,4401,4388,4429,4417,4377,4375,4379,4348,4433,4381,4360,4423,4367,4345,4360,4482,4366,4388,4387,4349,4378,4469,4359,4496,4383,4352,4369,4323,4390,4395
STAT,(NULL),Partition,43,357,357,0,0,0,0,0,0,0,0,0,0,0,0,0,0,0,0,0,0,0,0,0,0,0,0,0,0,0,0,0,0,0,0,0,0,0,0,0,0,0,0,0,0
STAT,(NULL),Refine,43,629,629,0,0,0,0,0,0,0,0,0,0,0,0,0,0,0,0,0,0,0,0,0,0,0,0,0,0,0,0,0,0,0,0,0,0,0,0,0,0,0,0,0,0
STAT,(NULL),Threads,43,43,43,0,0,0,0,0,0,0,0,0,0,0,0,0,0,0,0,0,0,0,0,0,0,0,0,0,0,0,0,0,0,0,0,0,0,0,0,0,0,0,0,0,0
STAT,(NULL),Time,43,4066,4066,0,0,0,0,0,0,0,0,0,0,0,0,0,0,0,0,0,0,0,0,0,0,0,0,0,0,0,0,0,0,0,0,0,0,0,0,0,0,0,0,0,0
STAT,match,Conflicts,43,4330,208,152,147,131,134,107,131,84,108,104,128,73,88,102,78,66,85,78,116,89,110,79,77,85,71,68,103,107,74,94,51,83,90,100,79,100,121,113,104,106,111,129,66
STAT,match,Iterations,43,14966999,324301,346951,328581,359993,318050,358503,352121,351595,340384,321796,350598,306819,353154,348088,344006,341095,339488,336071,346229,349135,346139,337179,366848,350094,347224,364818,366729,355788,316833,356823,364779,340218,363405,348186,340643,350209,340642,362456,367496,360184,373643,355375,374330
STAT,popedge,Conflicts,43,0,0,0,0,0,0,0,0,0,0,0,0,0,0,0,0,0,0,0,0,0,0,0,0,0,0,0,0,0,0,0,0,0,0,0,0,0,0,0,0,0,0,0,0
STAT,popedge,Iterations,43,7334837,166476,170955,163580,169044,162909,171333,173972,169199,166309,167184,165963,147532,167478,169831,160003,154224,152340,162248,170027,168161,167874,164963,179676,174295,169481,177209,175885,176828,167205,170588,167740,167450,169670,170946,161883,161905,180851,188377,189513,188036,190578,190371,184745
STAT,refine,Conflicts,43,2510,147,116,116,98,95,74,74,75,80,83,73,55,59,70,61,71,45,66,68,54,44,46,41,44,46,45,52,44,28,50,42,38,42,34,54,29,43,35,34,37,24,43,35
STAT,refine,Iterations,43,35254,837,1137,1337,1187,826,849,519,772,872,1006,963,731,685,629,852,980,676,530,935,680,779,1031,505,797,940,617,829,739,1167,480,859,645,782,763,904,683,543,787,621,870,941,1059,910
