Hello from MIC
Galois Benchmark Suite v2.2.0 (r0)
Copyright (C) 2013 The University of Texas at Austin
http://iss.ices.utexas.edu/galois/

application: GMetis
Partitions a graph into K parts and minimizing the graph cut
http://iss.ices.utexas.edu/?p=projects/galois/benchmarks/gMetis

INFO: CommandLine /work/02556/dpereira/MIC/apps/gmetis/gmetis -t=233 /work/02556/dpereira/Inputs/USA-road-d.W.gr 128
INFO: Hostname c558-003-mic0.stampede.tacc.utexas.edu
Created Graph with 6262104 nodes and 15248146 edges
Nodes 6262104| Edges 15248146 7624073

  Starting coarsening: 
Time coarsen:  3978 Size of final graph: 3173

  Sarting initial partitioning using GGGP:
Size in decade percentages:  -1,5 -0,119 1,4
Time clustering:  464

  Sarting refinnement with BKL2
Initial dist
Size in decade percentages:  -1,5 -0,119 1,4
Refined dist
Size in decade percentages:  -1,39 0,46 1,43
Time refinement:  2676


Time:  7298
Total edge cut : 7736

Part saved in : 0x7fff2b81b5e0
STATTYPE,LOOP,CATEGORY,n,sum,T0,T1,T2,T3,T4,T5,T6,T7,T8,T9,T10,T11,T12,T13,T14,T15,T16,T17,T18,T19,T20,T21,T22,T23,T24,T25,T26,T27,T28,T29,T30,T31,T32,T33,T34,T35,T36,T37,T38,T39,T40,T41,T42,T43,T44,T45,T46,T47,T48,T49,T50,T51,T52,T53,T54,T55,T56,T57,T58,T59,T60,T61,T62,T63,T64,T65,T66,T67,T68,T69,T70,T71,T72,T73,T74,T75,T76,T77,T78,T79,T80,T81,T82,T83,T84,T85,T86,T87,T88,T89,T90,T91,T92,T93,T94,T95,T96,T97,T98,T99,T100,T101,T102,T103,T104,T105,T106,T107,T108,T109,T110,T111,T112,T113,T114,T115,T116,T117,T118,T119,T120,T121,T122,T123,T124,T125,T126,T127,T128,T129,T130,T131,T132,T133,T134,T135,T136,T137,T138,T139,T140,T141,T142,T143,T144,T145,T146,T147,T148,T149,T150,T151,T152,T153,T154,T155,T156,T157,T158,T159,T160,T161,T162,T163,T164,T165,T166,T167,T168,T169,T170,T171,T172,T173,T174,T175,T176,T177,T178,T179,T180,T181,T182,T183,T184,T185,T186,T187,T188,T189,T190,T191,T192,T193,T194,T195,T196,T197,T198,T199,T200,T201,T202,T203,T204,T205,T206,T207,T208,T209,T210,T211,T212,T213,T214,T215,T216,T217,T218,T219,T220,T221,T222,T223,T224,T225,T226,T227,T228,T229,T230,T231,T232
STAT,(NULL),Coarsen,233,3978,3978,0,0,0,0,0,0,0,0,0,0,0,0,0,0,0,0,0,0,0,0,0,0,0,0,0,0,0,0,0,0,0,0,0,0,0,0,0,0,0,0,0,0,0,0,0,0,0,0,0,0,0,0,0,0,0,0,0,0,0,0,0,0,0,0,0,0,0,0,0,0,0,0,0,0,0,0,0,0,0,0,0,0,0,0,0,0,0,0,0,0,0,0,0,0,0,0,0,0,0,0,0,0,0,0,0,0,0,0,0,0,0,0,0,0,0,0,0,0,0,0,0,0,0,0,0,0,0,0,0,0,0,0,0,0,0,0,0,0,0,0,0,0,0,0,0,0,0,0,0,0,0,0,0,0,0,0,0,0,0,0,0,0,0,0,0,0,0,0,0,0,0,0,0,0,0,0,0,0,0,0,0,0,0,0,0,0,0,0,0,0,0,0,0,0,0,0,0,0,0,0,0,0,0,0,0,0,0,0,0,0,0,0,0,0,0,0,0,0,0,0,0,0,0,0,0,0,0,0,0,0,0,0
STAT,(NULL),Conflicts,233,0,0,0,0,0,0,0,0,0,0,0,0,0,0,0,0,0,0,0,0,0,0,0,0,0,0,0,0,0,0,0,0,0,0,0,0,0,0,0,0,0,0,0,0,0,0,0,0,0,0,0,0,0,0,0,0,0,0,0,0,0,0,0,0,0,0,0,0,0,0,0,0,0,0,0,0,0,0,0,0,0,0,0,0,0,0,0,0,0,0,0,0,0,0,0,0,0,0,0,0,0,0,0,0,0,0,0,0,0,0,0,0,0,0,0,0,0,0,0,0,0,0,0,0,0,0,0,0,0,0,0,0,0,0,0,0,0,0,0,0,0,0,0,0,0,0,0,0,0,0,0,0,0,0,0,0,0,0,0,0,0,0,0,0,0,0,0,0,0,0,0,0,0,0,0,0,0,0,0,0,0,0,0,0,0,0,0,0,0,0,0,0,0,0,0,0,0,0,0,0,0,0,0,0,0,0,0,0,0,0,0,0,0,0,0,0,0,0,0,0,0,0,0,0,0,0,0,0,0,0,0,0,0,0
STAT,(NULL),Iterations,233,255,8,0,1,0,3,0,3,0,1,0,0,1,0,2,0,0,2,0,0,1,0,2,0,0,0,0,2,3,2,0,2,0,1,0,0,2,0,1,0,0,4,3,0,2,0,1,6,0,0,0,0,1,4,2,4,2,1,3,0,6,4,6,0,0,1,0,1,1,3,0,0,0,0,1,2,0,0,0,0,0,5,0,1,0,1,0,0,3,0,0,0,0,0,0,0,0,0,0,5,0,0,1,0,0,8,0,0,5,0,1,4,0,4,2,1,1,0,0,3,1,4,0,0,1,1,0,0,1,4,1,3,2,0,0,0,1,0,0,0,0,0,0,0,0,0,2,0,2,2,0,2,2,1,0,3,0,2,1,1,8,1,0,0,1,1,1,2,2,4,1,1,0,2,1,2,0,0,0,0,3,0,1,1,2,0,0,0,0,0,0,0,0,0,0,0,9,0,1,0,0,0,0,0,5,0,0,0,3,0,0,0,5,1,0,3,0,4,1,0,1,1,1,2,1,0,0,0,0,0,3,0,3,0
STAT,(NULL),MeminfoPost,233,757063,3254,3247,3253,3252,3258,3259,3247,3245,3256,3243,3246,3250,3265,3251,3292,3285,3260,3233,3250,3242,3241,3253,3258,3250,3266,3255,3251,3255,3259,3231,3245,3243,3245,3261,3262,3242,3245,3237,3244,3252,3247,3255,3253,3259,3260,3247,3246,3257,3242,3246,3250,3265,3252,3290,3288,3259,3234,3249,3242,3242,3251,3257,3249,3267,3257,3249,3255,3258,3232,3245,3244,3243,3262,3261,3242,3244,3239,3245,3245,3259,3255,3245,3248,3268,3274,3240,3250,3253,3258,3249,3243,3258,3245,3240,3244,3243,3253,3247,3231,3236,3250,3253,3259,3252,3250,3238,3248,3243,3242,3235,3240,3235,3253,3236,3257,3273,3270,3252,3234,3243,3241,3244,3272,3239,3235,3230,3234,3248,3249,3253,3256,3260,3258,3256,3239,3254,3233,3251,3245,3240,3247,3244,3235,3238,3234,3241,3235,3238,3262,3239,3235,3252,3267,3274,3268,3272,3250,3237,3241,3245,3261,3237,3233,3233,3249,3250,3255,3259,3258,3245,3247,3239,3249,3242,3244,3246,3235,3233,3243,3232,3257,3238,3234,3261,3274,3267,3274,3266,3249,3241,3239,3240,3239,3245,3248,3266,3278,3264,3256,3270,3268,3246,3233,3247,3263,3233,3245,3247,3251,3229,3236,3236,3239,3247,3259,3242,3234,3231,3229,3251,3229,3234,3267,3235,3243,3245,3249,3251,3248,3250,3250,3247,3249
STAT,(NULL),MeminfoPre,233,189242,817,810,816,815,821,822,810,808,819,806,809,813,828,814,855,848,823,796,813,805,804,816,821,813,829,818,814,818,822,794,808,806,808,824,825,805,808,800,807,815,810,818,816,822,823,810,809,820,805,809,813,828,815,853,851,822,797,812,805,805,814,820,812,830,820,812,818,821,795,808,807,806,825,824,805,807,802,808,808,822,818,808,811,831,837,803,813,816,821,812,806,821,808,803,807,806,816,810,794,799,813,816,822,815,813,801,811,806,805,798,803,798,816,799,820,836,833,815,797,806,804,807,835,802,798,793,797,811,812,816,819,823,821,819,802,817,796,814,808,803,810,807,798,801,797,804,798,801,825,802,798,815,830,837,831,835,813,800,804,808,824,800,796,796,812,813,818,822,821,808,810,802,812,805,807,809,798,796,806,795,820,801,797,824,837,830,837,829,812,804,802,803,802,808,811,829,841,827,819,833,831,809,796,810,826,796,808,810,814,792,799,799,802,810,822,805,797,794,792,814,792,797,830,798,806,808,812,814,811,813,813,810,812
STAT,(NULL),Partition,233,464,464,0,0,0,0,0,0,0,0,0,0,0,0,0,0,0,0,0,0,0,0,0,0,0,0,0,0,0,0,0,0,0,0,0,0,0,0,0,0,0,0,0,0,0,0,0,0,0,0,0,0,0,0,0,0,0,0,0,0,0,0,0,0,0,0,0,0,0,0,0,0,0,0,0,0,0,0,0,0,0,0,0,0,0,0,0,0,0,0,0,0,0,0,0,0,0,0,0,0,0,0,0,0,0,0,0,0,0,0,0,0,0,0,0,0,0,0,0,0,0,0,0,0,0,0,0,0,0,0,0,0,0,0,0,0,0,0,0,0,0,0,0,0,0,0,0,0,0,0,0,0,0,0,0,0,0,0,0,0,0,0,0,0,0,0,0,0,0,0,0,0,0,0,0,0,0,0,0,0,0,0,0,0,0,0,0,0,0,0,0,0,0,0,0,0,0,0,0,0,0,0,0,0,0,0,0,0,0,0,0,0,0,0,0,0,0,0,0,0,0,0,0,0,0,0,0,0,0,0,0,0,0,0
STAT,(NULL),Refine,233,2676,2676,0,0,0,0,0,0,0,0,0,0,0,0,0,0,0,0,0,0,0,0,0,0,0,0,0,0,0,0,0,0,0,0,0,0,0,0,0,0,0,0,0,0,0,0,0,0,0,0,0,0,0,0,0,0,0,0,0,0,0,0,0,0,0,0,0,0,0,0,0,0,0,0,0,0,0,0,0,0,0,0,0,0,0,0,0,0,0,0,0,0,0,0,0,0,0,0,0,0,0,0,0,0,0,0,0,0,0,0,0,0,0,0,0,0,0,0,0,0,0,0,0,0,0,0,0,0,0,0,0,0,0,0,0,0,0,0,0,0,0,0,0,0,0,0,0,0,0,0,0,0,0,0,0,0,0,0,0,0,0,0,0,0,0,0,0,0,0,0,0,0,0,0,0,0,0,0,0,0,0,0,0,0,0,0,0,0,0,0,0,0,0,0,0,0,0,0,0,0,0,0,0,0,0,0,0,0,0,0,0,0,0,0,0,0,0,0,0,0,0,0,0,0,0,0,0,0,0,0,0,0,0,0
STAT,(NULL),Threads,233,233,233,0,0,0,0,0,0,0,0,0,0,0,0,0,0,0,0,0,0,0,0,0,0,0,0,0,0,0,0,0,0,0,0,0,0,0,0,0,0,0,0,0,0,0,0,0,0,0,0,0,0,0,0,0,0,0,0,0,0,0,0,0,0,0,0,0,0,0,0,0,0,0,0,0,0,0,0,0,0,0,0,0,0,0,0,0,0,0,0,0,0,0,0,0,0,0,0,0,0,0,0,0,0,0,0,0,0,0,0,0,0,0,0,0,0,0,0,0,0,0,0,0,0,0,0,0,0,0,0,0,0,0,0,0,0,0,0,0,0,0,0,0,0,0,0,0,0,0,0,0,0,0,0,0,0,0,0,0,0,0,0,0,0,0,0,0,0,0,0,0,0,0,0,0,0,0,0,0,0,0,0,0,0,0,0,0,0,0,0,0,0,0,0,0,0,0,0,0,0,0,0,0,0,0,0,0,0,0,0,0,0,0,0,0,0,0,0,0,0,0,0,0,0,0,0,0,0,0,0,0,0,0,0
STAT,(NULL),Time,233,7298,7298,0,0,0,0,0,0,0,0,0,0,0,0,0,0,0,0,0,0,0,0,0,0,0,0,0,0,0,0,0,0,0,0,0,0,0,0,0,0,0,0,0,0,0,0,0,0,0,0,0,0,0,0,0,0,0,0,0,0,0,0,0,0,0,0,0,0,0,0,0,0,0,0,0,0,0,0,0,0,0,0,0,0,0,0,0,0,0,0,0,0,0,0,0,0,0,0,0,0,0,0,0,0,0,0,0,0,0,0,0,0,0,0,0,0,0,0,0,0,0,0,0,0,0,0,0,0,0,0,0,0,0,0,0,0,0,0,0,0,0,0,0,0,0,0,0,0,0,0,0,0,0,0,0,0,0,0,0,0,0,0,0,0,0,0,0,0,0,0,0,0,0,0,0,0,0,0,0,0,0,0,0,0,0,0,0,0,0,0,0,0,0,0,0,0,0,0,0,0,0,0,0,0,0,0,0,0,0,0,0,0,0,0,0,0,0,0,0,0,0,0,0,0,0,0,0,0,0,0,0,0,0,0
STAT,match,Conflicts,233,6357,40,37,39,38,33,37,41,47,40,33,31,42,41,32,43,35,35,45,41,32,35,39,42,44,34,42,35,45,54,31,45,26,30,38,28,36,43,29,36,31,31,28,44,28,25,40,34,36,20,32,30,29,36,34,32,28,33,32,26,33,30,23,18,23,21,24,25,18,22,28,23,24,21,21,26,27,26,25,21,22,21,23,30,26,27,17,21,26,27,28,28,28,25,24,31,27,22,25,22,21,19,29,30,24,26,21,29,17,23,27,29,24,32,22,20,24,25,31,23,25,21,23,21,22,24,29,25,23,21,25,23,22,24,20,21,27,23,21,26,24,23,31,27,29,25,31,25,24,27,27,29,18,25,23,26,21,23,33,25,19,25,27,30,20,30,22,18,26,22,26,18,24,22,21,27,22,29,28,28,24,22,24,19,21,26,29,23,19,23,28,30,26,24,25,22,23,25,34,25,20,26,25,26,25,20,23,20,25,28,19,39,22,19,32,23,22,28,22,19,28,24,30,21,25,19,29,20,16,27,25,23,29,22
STAT,match,Iterations,233,15050831,43296,61849,46913,46460,54751,38531,46792,50870,51613,63461,65251,52869,45328,51871,36779,46316,45762,33254,53603,52228,71951,56247,51515,46926,56485,56145,43198,57865,48559,54801,58084,48435,53066,42416,81834,59261,49644,66612,72761,57069,53891,49166,55697,55200,43931,50216,41700,49582,75312,61447,81909,57486,46712,49058,59543,60815,67735,60469,67406,49190,76956,63445,71117,63125,74716,62834,68133,64120,62349,75994,64585,69542,75227,63980,73179,62859,67467,61923,72255,48120,79277,59702,71662,62302,56460,83428,80169,55513,70388,67342,44176,81307,50580,60186,54071,66828,63265,65938,60127,71341,67802,77071,63133,72334,69144,79747,70998,68331,57291,41600,58185,71540,54226,105402,64485,54825,74485,57590,70731,66667,78710,74251,65426,58084,77775,57512,47529,75596,82877,48649,60304,62634,70431,72208,51948,66851,59134,77634,59942,69460,72215,54160,72964,72862,52176,66590,58318,93797,70333,65167,86460,73265,71703,66830,59239,84825,57324,68510,66478,77669,53905,59322,61151,72188,59915,73247,73632,67082,66736,83315,84650,68463,67141,63459,54875,59607,81325,52568,80968,98416,55727,82520,66375,53516,60550,50496,88076,86063,60336,61113,58037,57587,68367,56833,54810,66332,83151,70423,71037,71504,89936,84151,80524,73323,86775,79172,85452,48354,76760,80062,75198,73252,78269,72546,67325,57042,47806,65485,69571,72723,62089,60234,75999,77362,70964,70823,76839,63295,66672,72213,86399,56111,86736
STAT,popedge,Conflicts,233,0,0,0,0,0,0,0,0,0,0,0,0,0,0,0,0,0,0,0,0,0,0,0,0,0,0,0,0,0,0,0,0,0,0,0,0,0,0,0,0,0,0,0,0,0,0,0,0,0,0,0,0,0,0,0,0,0,0,0,0,0,0,0,0,0,0,0,0,0,0,0,0,0,0,0,0,0,0,0,0,0,0,0,0,0,0,0,0,0,0,0,0,0,0,0,0,0,0,0,0,0,0,0,0,0,0,0,0,0,0,0,0,0,0,0,0,0,0,0,0,0,0,0,0,0,0,0,0,0,0,0,0,0,0,0,0,0,0,0,0,0,0,0,0,0,0,0,0,0,0,0,0,0,0,0,0,0,0,0,0,0,0,0,0,0,0,0,0,0,0,0,0,0,0,0,0,0,0,0,0,0,0,0,0,0,0,0,0,0,0,0,0,0,0,0,0,0,0,0,0,0,0,0,0,0,0,0,0,0,0,0,0,0,0,0,0,0,0,0,0,0,0,0,0,0,0,0,0,0,0,0,0,0,0
STAT,popedge,Iterations,233,7371446,29589,30402,29947,29485,29341,29236,30054,29651,30275,30104,30264,30130,30399,30698,30396,31213,31426,31891,30484,30371,29917,30692,30648,32009,29310,31205,30221,31930,32309,30212,31393,29988,29481,31667,30612,29798,32279,30563,30755,31202,31426,32148,31037,30639,29811,31551,29958,30746,31555,31809,35618,34654,35026,35572,35957,35271,37184,34576,36118,35487,33046,30048,30289,28785,29172,31420,29978,30090,29015,30091,29170,29487,29257,29620,30405,31429,30824,29023,30914,30593,31497,30953,31104,28632,31384,32137,31923,31440,32320,33013,30601,31488,30369,30226,31864,30398,30367,30613,31383,31453,29792,33990,30186,31620,29959,28800,31290,31637,31025,31330,34351,33920,35196,36894,35047,34854,34800,35334,33998,35562,38746,35444,32675,31882,30406,30423,31420,29024,30578,31535,32050,30398,29554,30125,32269,32598,31664,30847,31048,30852,31314,30721,32202,32185,32249,31438,31476,33551,30981,32660,32699,30909,30476,30185,31141,33192,31861,30963,31481,30136,31348,29759,31892,33204,31718,29372,31346,31543,30133,30477,30007,31260,34423,37956,33984,34750,33137,33469,34128,37809,37852,32380,35418,32221,30312,28320,29649,30054,30942,30911,31362,29667,31084,29890,30603,30401,32054,31463,31380,33167,33276,31301,34004,30276,32803,34114,32820,29494,32128,30264,32433,32054,30376,32829,32144,31409,33840,32117,32947,32901,30654,32361,31461,32550,31574,31225,32146,32369,29613,31348,30871,31621,30824
STAT,refine,Conflicts,233,7126,110,111,112,97,93,98,105,90,89,69,91,91,79,77,76,71,57,53,64,65,58,71,64,70,57,75,57,64,53,61,51,49,39,43,40,37,41,41,34,45,39,44,56,46,41,48,43,45,45,40,40,44,42,34,42,53,32,28,43,29,38,13,24,25,24,23,23,15,18,27,20,18,17,22,21,18,19,16,17,26,18,15,24,11,21,14,24,22,19,15,11,19,21,24,24,18,24,21,28,24,17,14,18,21,30,19,25,12,24,19,17,23,29,22,23,19,23,21,18,32,18,25,18,23,21,17,28,13,18,19,18,20,20,29,16,20,33,23,20,22,25,29,17,21,20,25,17,27,19,23,21,16,24,19,26,18,20,17,19,24,20,18,13,19,36,16,21,14,17,27,17,16,17,22,20,22,30,17,22,14,23,20,22,20,25,20,16,15,19,20,26,18,14,31,24,22,21,18,23,21,22,13,19,18,19,17,20,17,18,16,24,16,14,25,29,13,21,17,14,19,21,27,19,16,20,24,14,22,19,25,18,19,18
STAT,refine,Iterations,233,133727,653,774,698,661,649,543,668,489,785,725,643,554,662,772,536,745,711,441,541,544,518,644,571,679,594,654,490,600,739,519,658,537,393,712,604,489,740,486,600,558,413,593,695,493,434,658,383,473,727,647,526,583,535,406,850,989,511,281,560,503,591,435,553,543,535,533,546,469,481,728,442,549,524,485,623,563,492,326,419,546,584,422,643,421,688,438,640,485,573,726,427,678,402,396,651,505,694,785,582,615,572,557,378,663,782,439,568,520,668,374,546,465,633,640,578,661,839,511,399,659,595,599,690,561,506,498,354,509,503,514,530,505,623,663,580,734,683,786,450,476,591,628,520,592,489,777,533,664,492,658,611,406,688,545,574,747,511,644,606,464,533,435,491,499,633,481,638,478,453,750,628,562,312,625,537,561,742,573,631,418,526,542,558,550,565,400,595,579,420,626,458,556,578,640,501,729,922,632,583,487,616,662,416,439,757,529,658,277,643,540,624,721,425,595,704,401,495,498,751,800,597,703,559,622,496,645,605,551,392,550,715,666,520
