Hello from MIC
Galois Benchmark Suite v2.2.0 (r0)
Copyright (C) 2013 The University of Texas at Austin
http://iss.ices.utexas.edu/galois/

application: GMetis
Partitions a graph into K parts and minimizing the graph cut
http://iss.ices.utexas.edu/?p=projects/galois/benchmarks/gMetis

INFO: CommandLine /work/02556/dpereira/MIC/apps/gmetis/gmetis -t=241 /work/02556/dpereira/Inputs/USA-road-d.W.gr 128
INFO: Hostname c558-003-mic0.stampede.tacc.utexas.edu
Created Graph with 6262104 nodes and 15248146 edges
Nodes 6262104| Edges 15248146 7624073

  Starting coarsening: 
Time coarsen:  4271 Size of final graph: 3148

  Sarting initial partitioning using GGGP:
Size in decade percentages:  -1,3 -0,122 1,3
Time clustering:  458

  Sarting refinnement with BKL2
Initial dist
Size in decade percentages:  -1,3 -0,122 1,3
Refined dist
Size in decade percentages:  -1,48 0,32 1,48
Time refinement:  2932


Time:  7842
Total edge cut : 8843

Part saved in : 0x7fffec1f70e0
STATTYPE,LOOP,CATEGORY,n,sum,T0,T1,T2,T3,T4,T5,T6,T7,T8,T9,T10,T11,T12,T13,T14,T15,T16,T17,T18,T19,T20,T21,T22,T23,T24,T25,T26,T27,T28,T29,T30,T31,T32,T33,T34,T35,T36,T37,T38,T39,T40,T41,T42,T43,T44,T45,T46,T47,T48,T49,T50,T51,T52,T53,T54,T55,T56,T57,T58,T59,T60,T61,T62,T63,T64,T65,T66,T67,T68,T69,T70,T71,T72,T73,T74,T75,T76,T77,T78,T79,T80,T81,T82,T83,T84,T85,T86,T87,T88,T89,T90,T91,T92,T93,T94,T95,T96,T97,T98,T99,T100,T101,T102,T103,T104,T105,T106,T107,T108,T109,T110,T111,T112,T113,T114,T115,T116,T117,T118,T119,T120,T121,T122,T123,T124,T125,T126,T127,T128,T129,T130,T131,T132,T133,T134,T135,T136,T137,T138,T139,T140,T141,T142,T143,T144,T145,T146,T147,T148,T149,T150,T151,T152,T153,T154,T155,T156,T157,T158,T159,T160,T161,T162,T163,T164,T165,T166,T167,T168,T169,T170,T171,T172,T173,T174,T175,T176,T177,T178,T179,T180,T181,T182,T183,T184,T185,T186,T187,T188,T189,T190,T191,T192,T193,T194,T195,T196,T197,T198,T199,T200,T201,T202,T203,T204,T205,T206,T207,T208,T209,T210,T211,T212,T213,T214,T215,T216,T217,T218,T219,T220,T221,T222,T223,T224,T225,T226,T227,T228,T229,T230,T231,T232,T233,T234,T235,T236,T237,T238,T239,T240
STAT,(NULL),Coarsen,241,4271,4271,0,0,0,0,0,0,0,0,0,0,0,0,0,0,0,0,0,0,0,0,0,0,0,0,0,0,0,0,0,0,0,0,0,0,0,0,0,0,0,0,0,0,0,0,0,0,0,0,0,0,0,0,0,0,0,0,0,0,0,0,0,0,0,0,0,0,0,0,0,0,0,0,0,0,0,0,0,0,0,0,0,0,0,0,0,0,0,0,0,0,0,0,0,0,0,0,0,0,0,0,0,0,0,0,0,0,0,0,0,0,0,0,0,0,0,0,0,0,0,0,0,0,0,0,0,0,0,0,0,0,0,0,0,0,0,0,0,0,0,0,0,0,0,0,0,0,0,0,0,0,0,0,0,0,0,0,0,0,0,0,0,0,0,0,0,0,0,0,0,0,0,0,0,0,0,0,0,0,0,0,0,0,0,0,0,0,0,0,0,0,0,0,0,0,0,0,0,0,0,0,0,0,0,0,0,0,0,0,0,0,0,0,0,0,0,0,0,0,0,0,0,0,0,0,0,0,0,0,0,0,0,0,0,0,0,0,0,0,0,0
STAT,(NULL),Conflicts,241,0,0,0,0,0,0,0,0,0,0,0,0,0,0,0,0,0,0,0,0,0,0,0,0,0,0,0,0,0,0,0,0,0,0,0,0,0,0,0,0,0,0,0,0,0,0,0,0,0,0,0,0,0,0,0,0,0,0,0,0,0,0,0,0,0,0,0,0,0,0,0,0,0,0,0,0,0,0,0,0,0,0,0,0,0,0,0,0,0,0,0,0,0,0,0,0,0,0,0,0,0,0,0,0,0,0,0,0,0,0,0,0,0,0,0,0,0,0,0,0,0,0,0,0,0,0,0,0,0,0,0,0,0,0,0,0,0,0,0,0,0,0,0,0,0,0,0,0,0,0,0,0,0,0,0,0,0,0,0,0,0,0,0,0,0,0,0,0,0,0,0,0,0,0,0,0,0,0,0,0,0,0,0,0,0,0,0,0,0,0,0,0,0,0,0,0,0,0,0,0,0,0,0,0,0,0,0,0,0,0,0,0,0,0,0,0,0,0,0,0,0,0,0,0,0,0,0,0,0,0,0,0,0,0,0,0,0,0,0,0,0,0
STAT,(NULL),Iterations,241,255,8,0,1,1,0,0,6,1,0,0,0,3,0,0,1,0,2,0,5,1,4,0,0,0,0,1,0,4,0,1,0,0,1,2,0,0,0,2,1,0,3,0,3,4,2,0,2,0,0,0,0,0,0,0,0,0,0,2,3,0,2,7,0,0,0,4,1,7,0,1,5,0,0,2,4,4,4,0,2,0,0,2,0,2,3,1,2,0,0,0,1,5,0,0,0,1,0,0,0,2,3,1,0,0,0,3,0,0,0,0,2,0,0,0,0,1,0,2,0,0,3,1,2,1,1,0,3,1,1,0,1,0,0,2,1,7,0,0,0,2,0,0,0,0,6,3,0,1,1,0,4,5,3,5,2,0,1,0,0,0,4,0,0,1,0,0,0,0,1,1,1,0,0,0,0,3,0,0,0,1,1,0,2,0,1,4,0,0,0,4,1,0,0,3,2,0,2,3,0,0,0,0,0,0,0,0,2,0,0,0,2,0,0,6,3,0,0,0,2,0,0,0,0,0,0,2,0,3,0,0,0,3,1,0,0,0,0,0,0,1,0
STAT,(NULL),MeminfoPost,241,757341,3147,3144,3141,3150,3147,3155,3142,3140,3154,3129,3131,3154,3144,3157,3164,3187,3162,3140,3131,3138,3140,3131,3155,3142,3152,3154,3145,3150,3145,3153,3125,3137,3140,3136,3155,3157,3135,3138,3130,3139,3144,3141,3130,3159,3157,3142,3155,3140,3137,3142,3133,3155,3134,3158,3148,3194,3163,3157,3129,3143,3135,3139,3140,3150,3148,3148,3164,3126,3158,3147,3139,3133,3134,3142,3153,3140,3160,3131,3131,3136,3142,3141,3150,3144,3138,3147,3167,3157,3134,3144,3145,3152,3145,3136,3146,3144,3134,3139,3135,3134,3152,3131,3125,3139,3143,3148,3154,3140,3138,3142,3133,3138,3133,3129,3136,3128,3144,3129,3152,3167,3163,3144,3131,3134,3135,3137,3163,3137,3129,3125,3125,3135,3144,3146,3150,3146,3155,3149,3140,3143,3135,3132,3150,3132,3137,3136,3139,3126,3135,3128,3135,3130,3131,3155,3132,3128,3143,3153,3170,3162,3157,3154,3135,3137,3135,3153,3138,3128,3126,3132,3144,3143,3151,3150,3152,3134,3140,3134,3144,3135,3137,3140,3130,3123,3138,3126,3151,3132,3127,3149,3159,3164,3162,3161,3149,3142,3131,3140,3127,3133,3143,3149,3158,3167,3155,3149,3160,3164,3139,3127,3140,3157,3127,3138,3141,3140,3130,3126,3126,3138,3136,3126,3168,3130,3126,3125,3142,3128,3129,3145,3136,3137,3131,3140,3145,3143,3142,3145,3142,3141,3141
STAT,(NULL),MeminfoPre,241,189304,790,787,784,793,790,798,785,783,797,772,774,797,787,800,807,830,805,783,774,781,783,774,798,785,795,797,788,793,788,796,768,780,783,779,798,800,778,781,773,782,787,784,773,802,800,785,798,783,780,785,776,798,777,801,791,837,806,800,772,786,778,782,783,793,791,791,807,769,801,790,782,776,777,785,796,783,803,774,774,779,785,784,793,787,781,790,810,800,777,787,788,795,788,779,789,787,777,782,778,777,795,774,768,782,786,791,797,783,781,785,776,781,776,772,779,771,787,772,795,810,806,787,774,777,778,780,806,780,772,768,768,778,787,789,793,789,798,792,783,786,778,775,793,775,780,779,782,769,778,771,778,773,774,798,775,771,786,796,813,805,800,797,778,780,778,796,781,771,769,775,787,786,794,793,795,777,783,777,787,778,780,783,773,766,781,769,794,775,770,792,802,807,805,804,792,785,774,783,770,776,786,792,801,810,798,792,803,807,782,770,783,800,770,781,784,783,773,769,769,781,779,769,811,773,769,768,785,771,772,788,779,780,774,783,788,786,785,788,785,784,784
STAT,(NULL),Partition,241,458,458,0,0,0,0,0,0,0,0,0,0,0,0,0,0,0,0,0,0,0,0,0,0,0,0,0,0,0,0,0,0,0,0,0,0,0,0,0,0,0,0,0,0,0,0,0,0,0,0,0,0,0,0,0,0,0,0,0,0,0,0,0,0,0,0,0,0,0,0,0,0,0,0,0,0,0,0,0,0,0,0,0,0,0,0,0,0,0,0,0,0,0,0,0,0,0,0,0,0,0,0,0,0,0,0,0,0,0,0,0,0,0,0,0,0,0,0,0,0,0,0,0,0,0,0,0,0,0,0,0,0,0,0,0,0,0,0,0,0,0,0,0,0,0,0,0,0,0,0,0,0,0,0,0,0,0,0,0,0,0,0,0,0,0,0,0,0,0,0,0,0,0,0,0,0,0,0,0,0,0,0,0,0,0,0,0,0,0,0,0,0,0,0,0,0,0,0,0,0,0,0,0,0,0,0,0,0,0,0,0,0,0,0,0,0,0,0,0,0,0,0,0,0,0,0,0,0,0,0,0,0,0,0,0,0,0,0,0,0,0,0
STAT,(NULL),Refine,241,2932,2932,0,0,0,0,0,0,0,0,0,0,0,0,0,0,0,0,0,0,0,0,0,0,0,0,0,0,0,0,0,0,0,0,0,0,0,0,0,0,0,0,0,0,0,0,0,0,0,0,0,0,0,0,0,0,0,0,0,0,0,0,0,0,0,0,0,0,0,0,0,0,0,0,0,0,0,0,0,0,0,0,0,0,0,0,0,0,0,0,0,0,0,0,0,0,0,0,0,0,0,0,0,0,0,0,0,0,0,0,0,0,0,0,0,0,0,0,0,0,0,0,0,0,0,0,0,0,0,0,0,0,0,0,0,0,0,0,0,0,0,0,0,0,0,0,0,0,0,0,0,0,0,0,0,0,0,0,0,0,0,0,0,0,0,0,0,0,0,0,0,0,0,0,0,0,0,0,0,0,0,0,0,0,0,0,0,0,0,0,0,0,0,0,0,0,0,0,0,0,0,0,0,0,0,0,0,0,0,0,0,0,0,0,0,0,0,0,0,0,0,0,0,0,0,0,0,0,0,0,0,0,0,0,0,0,0,0,0,0,0,0
STAT,(NULL),Threads,241,241,241,0,0,0,0,0,0,0,0,0,0,0,0,0,0,0,0,0,0,0,0,0,0,0,0,0,0,0,0,0,0,0,0,0,0,0,0,0,0,0,0,0,0,0,0,0,0,0,0,0,0,0,0,0,0,0,0,0,0,0,0,0,0,0,0,0,0,0,0,0,0,0,0,0,0,0,0,0,0,0,0,0,0,0,0,0,0,0,0,0,0,0,0,0,0,0,0,0,0,0,0,0,0,0,0,0,0,0,0,0,0,0,0,0,0,0,0,0,0,0,0,0,0,0,0,0,0,0,0,0,0,0,0,0,0,0,0,0,0,0,0,0,0,0,0,0,0,0,0,0,0,0,0,0,0,0,0,0,0,0,0,0,0,0,0,0,0,0,0,0,0,0,0,0,0,0,0,0,0,0,0,0,0,0,0,0,0,0,0,0,0,0,0,0,0,0,0,0,0,0,0,0,0,0,0,0,0,0,0,0,0,0,0,0,0,0,0,0,0,0,0,0,0,0,0,0,0,0,0,0,0,0,0,0,0,0,0,0,0,0,0
STAT,(NULL),Time,241,7842,7842,0,0,0,0,0,0,0,0,0,0,0,0,0,0,0,0,0,0,0,0,0,0,0,0,0,0,0,0,0,0,0,0,0,0,0,0,0,0,0,0,0,0,0,0,0,0,0,0,0,0,0,0,0,0,0,0,0,0,0,0,0,0,0,0,0,0,0,0,0,0,0,0,0,0,0,0,0,0,0,0,0,0,0,0,0,0,0,0,0,0,0,0,0,0,0,0,0,0,0,0,0,0,0,0,0,0,0,0,0,0,0,0,0,0,0,0,0,0,0,0,0,0,0,0,0,0,0,0,0,0,0,0,0,0,0,0,0,0,0,0,0,0,0,0,0,0,0,0,0,0,0,0,0,0,0,0,0,0,0,0,0,0,0,0,0,0,0,0,0,0,0,0,0,0,0,0,0,0,0,0,0,0,0,0,0,0,0,0,0,0,0,0,0,0,0,0,0,0,0,0,0,0,0,0,0,0,0,0,0,0,0,0,0,0,0,0,0,0,0,0,0,0,0,0,0,0,0,0,0,0,0,0,0,0,0,0,0,0,0,0
STAT,match,Conflicts,241,6276,36,34,45,43,42,37,39,36,43,41,41,38,39,35,44,45,40,37,36,46,34,40,37,34,40,42,35,37,40,33,33,33,31,29,33,27,33,41,33,36,38,35,30,33,30,28,31,36,27,29,29,34,39,32,35,28,34,30,25,33,30,23,24,19,21,31,23,19,21,23,23,18,26,26,20,19,19,20,26,26,27,22,25,16,20,20,24,17,27,25,19,24,27,25,23,21,22,22,29,23,24,22,21,25,17,27,25,21,29,20,26,25,30,34,20,28,21,24,24,18,20,20,22,17,24,22,21,26,23,21,27,26,28,23,22,21,21,26,26,18,24,17,19,28,25,26,18,24,18,19,22,20,21,30,30,21,21,22,23,29,20,26,14,27,20,22,17,28,22,20,22,19,21,29,24,20,20,20,20,22,21,27,18,22,20,29,24,26,25,25,24,26,23,22,23,17,24,26,23,20,26,21,22,22,20,19,18,25,20,21,23,22,24,26,26,24,21,28,21,29,28,20,23,22,29,25,22,19,25,24,26,22,28,18,23,18,20,24,18,22,23
STAT,match,Iterations,241,15035270,58727,31469,39549,48905,45097,65632,64092,42547,71535,34654,51134,58001,41026,40503,47322,38498,50416,52027,34998,48184,57557,50062,50576,57652,52796,44108,39697,64585,57554,53986,63829,29046,49719,53570,65674,61392,45195,49824,50270,65937,59048,55828,44483,38491,44787,61392,60542,68813,47581,65283,70028,41848,59232,51084,68971,45706,37487,48591,69792,42238,67356,43704,51405,72586,56278,55048,60091,74270,60869,59375,70699,80291,74258,68624,67473,79844,61072,58228,72948,59740,72352,64841,87046,59680,84544,66377,65367,60194,69370,52710,68068,61350,48992,80400,59410,82914,56173,74865,71033,73398,56733,57183,62273,55065,78577,49024,65498,77902,51599,44436,62374,51544,53167,77044,80356,68677,61433,57327,60115,62495,82058,78251,70804,68429,70511,72506,67651,41967,62861,76697,55635,50274,51796,60828,63112,73611,58699,49646,65251,70311,63188,60903,75895,54411,68353,62896,42524,64196,72216,79221,66813,56862,48311,66776,53833,58809,96005,77512,77049,64802,44387,57721,66562,75954,93536,73886,46451,58131,51487,91005,62252,72219,59016,80726,64107,72133,72757,50122,63355,65798,80343,57397,80839,69226,53961,80500,68200,52813,76116,65813,44032,79933,61956,65679,77193,64470,56213,60273,77768,49827,63568,92584,88328,54088,68758,59240,74262,58696,77197,44741,83307,78224,76187,71605,73692,68295,62497,49309,81646,48137,70662,56630,74889,61164,75651,65536,48883,61785,59569,53519,54027,78265,82034,68236,79886,75666,66691,82056,43552,71296,90647
STAT,popedge,Conflicts,241,0,0,0,0,0,0,0,0,0,0,0,0,0,0,0,0,0,0,0,0,0,0,0,0,0,0,0,0,0,0,0,0,0,0,0,0,0,0,0,0,0,0,0,0,0,0,0,0,0,0,0,0,0,0,0,0,0,0,0,0,0,0,0,0,0,0,0,0,0,0,0,0,0,0,0,0,0,0,0,0,0,0,0,0,0,0,0,0,0,0,0,0,0,0,0,0,0,0,0,0,0,0,0,0,0,0,0,0,0,0,0,0,0,0,0,0,0,0,0,0,0,0,0,0,0,0,0,0,0,0,0,0,0,0,0,0,0,0,0,0,0,0,0,0,0,0,0,0,0,0,0,0,0,0,0,0,0,0,0,0,0,0,0,0,0,0,0,0,0,0,0,0,0,0,0,0,0,0,0,0,0,0,0,0,0,0,0,0,0,0,0,0,0,0,0,0,0,0,0,0,0,0,0,0,0,0,0,0,0,0,0,0,0,0,0,0,0,0,0,0,0,0,0,0,0,0,0,0,0,0,0,0,0,0,0,0,0,0,0,0,0,0
STAT,popedge,Iterations,241,7363901,29832,29335,30804,28691,29876,30415,29394,28449,29131,29883,30593,28688,30016,29674,29644,29305,29876,29107,31299,31832,29880,30161,29382,29952,29041,30465,29790,29460,30960,28778,30644,29883,29847,29954,28746,29425,29984,31662,28877,30158,28415,30430,30254,29379,29386,30174,28522,29251,29184,30842,28389,30910,28897,29731,29255,29657,30435,30661,34541,35563,34562,30722,29762,28344,28341,30383,29960,28524,29254,29041,29671,30801,29252,30629,29029,32609,29932,29571,29336,30615,30060,29800,32340,29061,31543,29231,28719,30403,30696,30868,28754,30073,29761,31205,28856,30401,31770,30980,30712,31266,31243,29783,30948,28966,31041,30559,29492,28988,31740,31082,29135,30916,31712,31664,30129,30641,28420,29251,29882,32529,33103,35698,31477,29406,30725,29004,30875,28812,31019,31741,31071,31391,30535,30215,30945,29579,30360,30728,29905,29287,31268,30018,29620,30338,29539,32181,30371,30793,29927,29217,30562,28099,31233,31265,30962,30552,34088,29812,30314,32053,30531,32416,30610,30843,29347,31207,30969,31326,28977,33435,29598,31974,30046,32852,31205,29021,33666,30577,31627,31879,36646,35363,32585,32700,29145,30357,27869,31052,28819,30427,31476,28831,30974,30099,30673,29280,32061,30871,30406,29686,30995,32660,30946,30533,32201,29062,31438,29125,33195,30625,33094,33505,29974,30228,30077,32602,30231,32751,32729,31221,32154,29612,31259,31491,31198,29954,30364,30635,33300,32019,30967,30196,32914,30966,32217,30160,30425,33356,29712,29763,32806
STAT,refine,Conflicts,241,7431,102,99,100,105,102,91,99,93,83,85,83,77,75,79,88,76,72,57,72,65,59,60,64,66,61,54,66,62,70,56,47,47,57,42,49,49,48,55,43,48,37,44,41,35,37,45,37,43,36,45,43,39,46,36,50,36,40,55,39,39,31,16,17,19,18,23,18,16,20,20,23,30,21,22,18,25,25,25,22,25,20,15,34,20,26,17,18,18,28,27,20,21,23,23,18,18,29,21,26,21,24,20,23,18,14,22,25,20,27,21,23,24,17,19,25,24,22,13,26,15,22,21,29,20,18,25,15,20,15,18,17,22,23,15,23,8,22,25,27,19,25,18,29,16,26,24,19,17,23,23,23,23,20,33,30,19,29,19,23,19,16,26,18,23,28,15,20,26,22,17,15,21,21,18,18,17,25,16,22,25,19,19,21,22,12,24,25,20,16,19,15,30,27,21,24,16,11,21,30,19,15,27,18,24,19,19,22,14,17,17,32,28,18,22,23,24,27,15,20,24,16,23,21,21,10,17,16,21,17,19,23,17,23,14,25,24,15,18,15,18,23
STAT,refine,Iterations,241,148311,664,557,779,893,840,748,807,499,580,489,555,546,480,682,846,585,912,794,585,628,684,598,680,502,520,637,445,610,650,577,576,443,840,471,677,632,426,828,447,578,435,626,500,518,646,671,563,625,455,677,390,541,667,380,746,630,477,938,772,601,624,551,381,635,521,655,405,547,411,511,699,614,629,706,592,789,672,438,809,638,661,526,827,538,591,568,679,437,575,693,509,618,434,856,461,940,675,645,736,614,680,468,591,359,433,529,793,627,790,409,758,560,709,885,541,672,509,436,824,499,667,891,768,586,642,669,508,483,494,502,404,561,560,746,606,546,680,668,741,665,674,513,775,535,592,526,514,656,637,609,584,450,483,548,556,395,890,606,735,691,382,844,403,758,628,603,438,592,517,690,576,832,463,826,662,541,900,585,614,785,641,656,813,766,417,587,611,593,423,531,363,706,697,616,591,409,514,582,788,521,761,922,692,728,623,410,499,467,652,442,937,868,583,474,520,692,438,614,713,562,579,541,728,428,702,337,507,452,696,553,651,555,1005,521,979,647,488,846,460,704,885
