Hello from MIC
Galois Benchmark Suite v2.2.0 (r0)
Copyright (C) 2013 The University of Texas at Austin
http://iss.ices.utexas.edu/galois/

application: GMetis
Partitions a graph into K parts and minimizing the graph cut
http://iss.ices.utexas.edu/?p=projects/galois/benchmarks/gMetis

INFO: CommandLine /work/02556/dpereira/MIC/apps/gmetis/gmetis -t=220 /work/02556/dpereira/Inputs/USA-road-d.W.gr 128
INFO: Hostname c558-003-mic0.stampede.tacc.utexas.edu
Created Graph with 6262104 nodes and 15248146 edges
Nodes 6262104| Edges 15248146 7624073

  Starting coarsening: 
Time coarsen:  3832 Size of final graph: 3171

  Sarting initial partitioning using GGGP:
Size in decade percentages:  -1,4 -0,118 1,6
Time clustering:  461

  Sarting refinnement with BKL2
Initial dist
Size in decade percentages:  -1,4 -0,118 1,6
Refined dist
Size in decade percentages:  -1,47 -0,35 1,46
Time refinement:  2502


Time:  6974
Total edge cut : 8310

Part saved in : 0x7fff820f8660
STATTYPE,LOOP,CATEGORY,n,sum,T0,T1,T2,T3,T4,T5,T6,T7,T8,T9,T10,T11,T12,T13,T14,T15,T16,T17,T18,T19,T20,T21,T22,T23,T24,T25,T26,T27,T28,T29,T30,T31,T32,T33,T34,T35,T36,T37,T38,T39,T40,T41,T42,T43,T44,T45,T46,T47,T48,T49,T50,T51,T52,T53,T54,T55,T56,T57,T58,T59,T60,T61,T62,T63,T64,T65,T66,T67,T68,T69,T70,T71,T72,T73,T74,T75,T76,T77,T78,T79,T80,T81,T82,T83,T84,T85,T86,T87,T88,T89,T90,T91,T92,T93,T94,T95,T96,T97,T98,T99,T100,T101,T102,T103,T104,T105,T106,T107,T108,T109,T110,T111,T112,T113,T114,T115,T116,T117,T118,T119,T120,T121,T122,T123,T124,T125,T126,T127,T128,T129,T130,T131,T132,T133,T134,T135,T136,T137,T138,T139,T140,T141,T142,T143,T144,T145,T146,T147,T148,T149,T150,T151,T152,T153,T154,T155,T156,T157,T158,T159,T160,T161,T162,T163,T164,T165,T166,T167,T168,T169,T170,T171,T172,T173,T174,T175,T176,T177,T178,T179,T180,T181,T182,T183,T184,T185,T186,T187,T188,T189,T190,T191,T192,T193,T194,T195,T196,T197,T198,T199,T200,T201,T202,T203,T204,T205,T206,T207,T208,T209,T210,T211,T212,T213,T214,T215,T216,T217,T218,T219
STAT,(NULL),Coarsen,220,3832,3832,0,0,0,0,0,0,0,0,0,0,0,0,0,0,0,0,0,0,0,0,0,0,0,0,0,0,0,0,0,0,0,0,0,0,0,0,0,0,0,0,0,0,0,0,0,0,0,0,0,0,0,0,0,0,0,0,0,0,0,0,0,0,0,0,0,0,0,0,0,0,0,0,0,0,0,0,0,0,0,0,0,0,0,0,0,0,0,0,0,0,0,0,0,0,0,0,0,0,0,0,0,0,0,0,0,0,0,0,0,0,0,0,0,0,0,0,0,0,0,0,0,0,0,0,0,0,0,0,0,0,0,0,0,0,0,0,0,0,0,0,0,0,0,0,0,0,0,0,0,0,0,0,0,0,0,0,0,0,0,0,0,0,0,0,0,0,0,0,0,0,0,0,0,0,0,0,0,0,0,0,0,0,0,0,0,0,0,0,0,0,0,0,0,0,0,0,0,0,0,0,0,0,0,0,0,0,0,0,0,0,0,0,0,0,0,0,0,0,0
STAT,(NULL),Conflicts,220,0,0,0,0,0,0,0,0,0,0,0,0,0,0,0,0,0,0,0,0,0,0,0,0,0,0,0,0,0,0,0,0,0,0,0,0,0,0,0,0,0,0,0,0,0,0,0,0,0,0,0,0,0,0,0,0,0,0,0,0,0,0,0,0,0,0,0,0,0,0,0,0,0,0,0,0,0,0,0,0,0,0,0,0,0,0,0,0,0,0,0,0,0,0,0,0,0,0,0,0,0,0,0,0,0,0,0,0,0,0,0,0,0,0,0,0,0,0,0,0,0,0,0,0,0,0,0,0,0,0,0,0,0,0,0,0,0,0,0,0,0,0,0,0,0,0,0,0,0,0,0,0,0,0,0,0,0,0,0,0,0,0,0,0,0,0,0,0,0,0,0,0,0,0,0,0,0,0,0,0,0,0,0,0,0,0,0,0,0,0,0,0,0,0,0,0,0,0,0,0,0,0,0,0,0,0,0,0,0,0,0,0,0,0,0,0,0,0,0,0,0
STAT,(NULL),Iterations,220,255,8,1,5,0,0,0,0,3,1,1,0,6,0,1,3,1,0,1,0,0,8,0,1,0,3,3,0,1,0,0,0,2,0,2,0,0,5,0,3,1,0,3,0,0,0,0,1,0,2,7,0,3,0,4,0,4,0,0,1,1,0,4,0,0,1,0,0,0,0,0,0,0,0,2,1,1,1,1,3,0,0,2,0,0,0,0,0,0,0,0,0,0,2,0,6,6,0,2,3,3,1,0,2,2,1,0,1,0,4,1,0,2,1,1,2,0,2,0,0,1,0,2,2,0,2,0,0,4,2,0,0,0,0,1,0,0,1,1,0,0,0,1,2,0,0,0,2,0,0,1,0,0,4,0,0,0,0,0,7,0,0,0,0,0,0,0,4,2,1,3,0,1,0,0,0,0,0,3,1,1,1,4,0,0,5,0,3,0,2,2,0,0,3,5,1,0,4,1,2,0,2,0,0,1,0,4,3,0,4,5,2,1,0,3,0,2,1,1,0,0
STAT,(NULL),MeminfoPost,220,756737,3446,3434,3442,3450,3448,3451,3438,3442,3427,3430,3453,3444,3453,3469,3486,3452,3422,3440,3435,3427,3451,3438,3455,3447,3445,3445,3444,3436,3433,3432,3435,3453,3451,3431,3437,3426,3436,3440,3434,3448,3457,3442,3448,3437,3450,3427,3429,3444,3454,3448,3482,3472,3452,3429,3436,3434,3430,3447,3441,3447,3457,3438,3451,3446,3428,3431,3439,3432,3451,3451,3431,3434,3432,3437,3441,3447,3445,3434,3446,3475,3434,3435,3446,3449,3439,3435,3449,3432,3435,3432,3431,3450,3427,3420,3436,3442,3450,3447,3435,3430,3437,3434,3430,3425,3432,3426,3440,3430,3457,3463,3450,3437,3428,3432,3433,3461,3431,3425,3420,3424,3438,3442,3443,3449,3452,3447,3437,3438,3428,3433,3445,3428,3434,3438,3425,3427,3421,3437,3419,3453,3429,3428,3426,3454,3468,3459,3457,3453,3429,3433,3430,3454,3427,3421,3425,3440,3441,3449,3447,3443,3439,3430,3444,3429,3433,3436,3427,3423,3434,3422,3447,3426,3431,3456,3464,3458,3465,3446,3437,3431,3433,3425,3434,3438,3455,3470,3455,3448,3459,3460,3432,3428,3441,3438,3434,3441,3433,3430,3421,3425,3432,3435,3449,3432,3421,3425,3430,3427,3427,3445,3431,3425,3434,3438,3443,3440,3439,3443,3435,3434
STAT,(NULL),MeminfoPre,220,189137,866,854,862,870,868,871,858,862,847,850,873,864,873,889,906,872,842,860,855,847,871,858,875,867,865,865,864,856,853,852,855,873,871,851,857,846,856,860,854,868,877,862,868,857,870,847,849,864,874,868,902,892,872,849,856,854,850,867,861,867,877,858,871,866,848,851,859,852,871,871,851,854,852,857,861,867,865,854,866,895,854,855,866,869,859,855,869,852,855,852,851,870,847,840,856,862,870,867,855,850,857,854,850,845,852,846,860,850,877,883,870,857,848,852,853,881,851,845,840,844,858,862,863,869,872,867,857,858,848,853,865,848,854,858,845,847,841,857,839,873,849,848,846,874,888,879,877,873,849,853,850,874,847,841,845,860,861,869,867,863,859,850,864,849,853,856,847,843,854,842,867,846,851,876,884,878,885,866,857,851,853,845,854,858,875,890,875,868,879,880,852,848,861,858,854,861,853,850,841,845,852,855,869,852,841,845,850,847,847,865,851,845,854,858,863,860,859,863,855,854
STAT,(NULL),Partition,220,461,461,0,0,0,0,0,0,0,0,0,0,0,0,0,0,0,0,0,0,0,0,0,0,0,0,0,0,0,0,0,0,0,0,0,0,0,0,0,0,0,0,0,0,0,0,0,0,0,0,0,0,0,0,0,0,0,0,0,0,0,0,0,0,0,0,0,0,0,0,0,0,0,0,0,0,0,0,0,0,0,0,0,0,0,0,0,0,0,0,0,0,0,0,0,0,0,0,0,0,0,0,0,0,0,0,0,0,0,0,0,0,0,0,0,0,0,0,0,0,0,0,0,0,0,0,0,0,0,0,0,0,0,0,0,0,0,0,0,0,0,0,0,0,0,0,0,0,0,0,0,0,0,0,0,0,0,0,0,0,0,0,0,0,0,0,0,0,0,0,0,0,0,0,0,0,0,0,0,0,0,0,0,0,0,0,0,0,0,0,0,0,0,0,0,0,0,0,0,0,0,0,0,0,0,0,0,0,0,0,0,0,0,0,0,0,0,0,0,0,0
STAT,(NULL),Refine,220,2502,2502,0,0,0,0,0,0,0,0,0,0,0,0,0,0,0,0,0,0,0,0,0,0,0,0,0,0,0,0,0,0,0,0,0,0,0,0,0,0,0,0,0,0,0,0,0,0,0,0,0,0,0,0,0,0,0,0,0,0,0,0,0,0,0,0,0,0,0,0,0,0,0,0,0,0,0,0,0,0,0,0,0,0,0,0,0,0,0,0,0,0,0,0,0,0,0,0,0,0,0,0,0,0,0,0,0,0,0,0,0,0,0,0,0,0,0,0,0,0,0,0,0,0,0,0,0,0,0,0,0,0,0,0,0,0,0,0,0,0,0,0,0,0,0,0,0,0,0,0,0,0,0,0,0,0,0,0,0,0,0,0,0,0,0,0,0,0,0,0,0,0,0,0,0,0,0,0,0,0,0,0,0,0,0,0,0,0,0,0,0,0,0,0,0,0,0,0,0,0,0,0,0,0,0,0,0,0,0,0,0,0,0,0,0,0,0,0,0,0,0
STAT,(NULL),Threads,220,220,220,0,0,0,0,0,0,0,0,0,0,0,0,0,0,0,0,0,0,0,0,0,0,0,0,0,0,0,0,0,0,0,0,0,0,0,0,0,0,0,0,0,0,0,0,0,0,0,0,0,0,0,0,0,0,0,0,0,0,0,0,0,0,0,0,0,0,0,0,0,0,0,0,0,0,0,0,0,0,0,0,0,0,0,0,0,0,0,0,0,0,0,0,0,0,0,0,0,0,0,0,0,0,0,0,0,0,0,0,0,0,0,0,0,0,0,0,0,0,0,0,0,0,0,0,0,0,0,0,0,0,0,0,0,0,0,0,0,0,0,0,0,0,0,0,0,0,0,0,0,0,0,0,0,0,0,0,0,0,0,0,0,0,0,0,0,0,0,0,0,0,0,0,0,0,0,0,0,0,0,0,0,0,0,0,0,0,0,0,0,0,0,0,0,0,0,0,0,0,0,0,0,0,0,0,0,0,0,0,0,0,0,0,0,0,0,0,0,0,0
STAT,(NULL),Time,220,6974,6974,0,0,0,0,0,0,0,0,0,0,0,0,0,0,0,0,0,0,0,0,0,0,0,0,0,0,0,0,0,0,0,0,0,0,0,0,0,0,0,0,0,0,0,0,0,0,0,0,0,0,0,0,0,0,0,0,0,0,0,0,0,0,0,0,0,0,0,0,0,0,0,0,0,0,0,0,0,0,0,0,0,0,0,0,0,0,0,0,0,0,0,0,0,0,0,0,0,0,0,0,0,0,0,0,0,0,0,0,0,0,0,0,0,0,0,0,0,0,0,0,0,0,0,0,0,0,0,0,0,0,0,0,0,0,0,0,0,0,0,0,0,0,0,0,0,0,0,0,0,0,0,0,0,0,0,0,0,0,0,0,0,0,0,0,0,0,0,0,0,0,0,0,0,0,0,0,0,0,0,0,0,0,0,0,0,0,0,0,0,0,0,0,0,0,0,0,0,0,0,0,0,0,0,0,0,0,0,0,0,0,0,0,0,0,0,0,0,0,0
STAT,match,Conflicts,220,6726,43,40,52,50,46,49,44,39,59,45,43,54,42,44,41,44,35,44,36,44,44,40,42,40,44,40,39,34,42,40,43,36,45,36,43,36,28,36,37,40,34,35,27,34,33,36,47,37,39,28,39,39,29,36,38,37,39,41,41,39,40,27,28,28,28,29,28,28,25,33,23,25,30,29,29,29,26,24,29,21,24,28,30,32,20,34,31,30,25,22,28,24,21,25,29,32,23,33,30,22,28,29,29,28,23,30,25,33,25,32,27,30,28,27,22,31,28,27,27,30,21,28,27,29,25,26,27,27,25,23,28,31,27,33,29,30,22,27,27,34,22,21,26,26,26,21,24,20,26,29,29,31,29,23,29,25,27,22,29,24,21,27,29,23,27,20,26,28,27,29,24,24,24,29,31,22,29,25,31,28,27,28,28,25,24,28,23,25,30,30,25,22,28,26,31,29,23,24,29,27,25,21,26,33,29,30,33,29,26,31,21,25,21,31,24,33,26,27,22,34
STAT,match,Iterations,220,15062620,45278,58820,34453,43751,65075,56375,45694,46633,42923,47843,57985,37043,49603,41907,45719,62630,59426,61805,41397,65625,42452,57338,54360,52492,50466,46275,49147,60218,50475,62253,65267,49470,58344,58514,64219,49967,56027,57288,60205,74035,53848,58149,72668,66112,59693,64014,59746,62449,61029,69692,58584,59460,90148,66027,45681,72840,58385,59770,51983,50033,53401,72253,74738,61826,71517,68667,69518,71169,60463,82939,68272,87254,80728,64365,72529,61207,89560,85876,76625,75191,81504,69610,64569,71466,62461,74617,45982,80522,67180,73321,67724,72250,91563,66249,64310,58203,75336,67474,78544,77476,71796,80463,75313,74295,78284,72472,73084,77706,75936,69126,70901,81207,76655,82346,82664,66959,95793,93647,90115,80208,94043,60503,59932,49729,64102,90991,65566,81531,68310,84588,82925,64670,70009,63517,79562,55470,61701,64298,52295,70480,75392,70737,95139,73876,89500,81854,86651,69806,68319,63842,64771,58338,64510,73366,66760,92555,63121,58703,64653,87564,80313,83422,70377,90602,76836,87475,94110,85589,70191,65088,73787,71622,82184,59719,87888,62480,70258,63410,71143,79696,73947,62156,81692,62198,69124,74798,71415,82802,59021,74728,70227,91224,86234,67299,78904,66667,83831,79080,72143,65060,84680,72358,65567,69820,68794,76689,65996,86973,65773,76953,85180,70785,57338,64860,68381,79316,50175,84667,66752,52607
STAT,popedge,Conflicts,220,0,0,0,0,0,0,0,0,0,0,0,0,0,0,0,0,0,0,0,0,0,0,0,0,0,0,0,0,0,0,0,0,0,0,0,0,0,0,0,0,0,0,0,0,0,0,0,0,0,0,0,0,0,0,0,0,0,0,0,0,0,0,0,0,0,0,0,0,0,0,0,0,0,0,0,0,0,0,0,0,0,0,0,0,0,0,0,0,0,0,0,0,0,0,0,0,0,0,0,0,0,0,0,0,0,0,0,0,0,0,0,0,0,0,0,0,0,0,0,0,0,0,0,0,0,0,0,0,0,0,0,0,0,0,0,0,0,0,0,0,0,0,0,0,0,0,0,0,0,0,0,0,0,0,0,0,0,0,0,0,0,0,0,0,0,0,0,0,0,0,0,0,0,0,0,0,0,0,0,0,0,0,0,0,0,0,0,0,0,0,0,0,0,0,0,0,0,0,0,0,0,0,0,0,0,0,0,0,0,0,0,0,0,0,0,0,0,0,0,0,0
STAT,popedge,Iterations,220,7380179,30935,32889,30971,31839,32793,31226,33184,32268,31774,33022,32305,33338,31395,31007,30948,33155,31214,31016,30182,33155,33858,31099,32117,32766,30968,32551,31941,31192,32760,31364,33531,31536,33466,32090,33351,31546,30574,33987,34737,37067,35736,37422,36093,36420,35560,35006,36453,35857,35615,36318,34909,34640,36529,37679,35190,35103,34658,38821,37942,33917,34979,31846,32840,31255,33267,32773,30545,32529,31060,31034,31621,33843,30675,31294,31979,31266,31311,29959,32439,31488,30664,32305,31201,30396,30092,32933,30777,32547,30915,32756,30842,32719,31963,33632,32771,33143,31802,31755,32577,36853,36432,34887,36403,36123,39946,36508,36013,35857,35905,36555,36269,35997,38480,34057,36563,36338,39330,34875,38277,36882,37121,35729,31167,31885,30620,31303,32994,31803,32713,32344,32084,32743,33279,33787,31352,33174,30504,31789,31820,33276,30402,32400,31676,30914,32271,31837,32470,34117,32949,31260,32860,31681,33955,33330,33483,31476,32986,31998,30539,37127,36713,38708,36967,36529,36031,40906,34449,37034,35311,38894,36180,37321,35972,35678,35483,36816,36030,36797,35806,36612,36976,35962,35168,31602,31172,32855,34544,34417,32436,32413,32349,34074,32413,31866,32485,32982,35902,30139,35683,31761,33697,29573,32728,35674,33086,33171,31984,31316,30246,31979,32535,34900,32439,32908,33799,32567,33357,34804,32030,31404
STAT,refine,Conflicts,220,6839,102,106,97,107,90,95,95,92,77,73,96,82,85,86,76,69,69,60,61,64,63,70,70,73,73,56,58,65,57,60,54,37,39,43,56,37,40,27,43,37,36,38,39,50,45,43,52,38,50,44,52,42,38,41,39,43,31,36,47,32,43,19,16,13,17,21,18,17,22,22,20,15,20,14,16,23,15,23,17,27,18,19,26,22,19,19,16,16,20,20,16,23,24,12,23,24,14,15,15,25,23,23,31,17,28,24,22,21,17,31,25,31,25,19,25,16,19,17,18,16,15,24,12,14,15,15,12,24,15,30,16,17,21,24,12,25,12,25,14,26,22,26,18,23,23,18,20,16,21,31,14,14,23,13,24,25,16,17,12,18,33,21,21,24,17,21,20,27,20,15,27,26,27,24,33,16,20,20,26,22,27,21,20,24,18,19,24,15,26,10,16,30,23,23,20,26,18,11,26,26,23,24,12,25,19,18,24,25,15,27,20,20,14,14,21,14,19,20,15,17
STAT,refine,Iterations,220,141286,575,855,607,942,871,667,756,582,609,537,784,601,652,779,583,917,571,731,567,667,579,771,711,602,635,480,641,605,587,537,683,555,582,583,703,570,419,527,530,562,659,644,607,610,542,617,687,881,762,916,661,562,824,739,465,718,494,487,681,471,613,527,719,604,730,776,511,605,480,711,534,740,715,464,645,632,740,509,742,805,595,551,644,478,464,785,415,695,433,534,514,699,565,495,632,688,605,513,549,637,735,783,834,515,932,646,553,644,758,962,794,675,722,684,755,553,764,602,718,689,595,645,541,552,537,677,524,554,626,827,748,560,631,636,436,738,454,823,443,663,597,695,645,655,752,590,807,512,616,709,473,560,557,594,629,731,646,529,598,606,675,596,803,837,576,760,795,786,765,765,663,641,678,848,845,550,726,516,646,601,763,608,588,750,563,841,747,763,538,587,536,697,629,604,555,771,833,507,848,421,749,496,449,694,643,522,578,755,460,717,583,644,446,548,528,696,606,852,550,485
