Hello from MIC
Galois Benchmark Suite v2.2.0 (r0)
Copyright (C) 2013 The University of Texas at Austin
http://iss.ices.utexas.edu/galois/

application: GMetis
Partitions a graph into K parts and minimizing the graph cut
http://iss.ices.utexas.edu/?p=projects/galois/benchmarks/gMetis

INFO: CommandLine /work/02556/dpereira/MIC/apps/gmetis/gmetis -t=43 /work/02556/dpereira/Inputs/USA-road-d.W.gr 1024
INFO: Hostname c557-803-mic0.stampede.tacc.utexas.edu
Created Graph with 6262104 nodes and 15248146 edges
Nodes 6262104| Edges 15248146 7624073

  Starting coarsening: 
Time coarsen:  2711 Size of final graph: 40246

  Sarting initial partitioning using GGGP:
Size in decade percentages:  -0,1024
Time clustering:  1247

  Sarting refinnement with BKL2
Initial dist
Size in decade percentages:  -0,1024
Refined dist
Size in decade percentages:  -1,358 -0,299 1,367
Time refinement:  875


Time:  5013
Total edge cut : 36725

Part saved in : 0x7fff6f12bae0
STATTYPE,LOOP,CATEGORY,n,sum,T0,T1,T2,T3,T4,T5,T6,T7,T8,T9,T10,T11,T12,T13,T14,T15,T16,T17,T18,T19,T20,T21,T22,T23,T24,T25,T26,T27,T28,T29,T30,T31,T32,T33,T34,T35,T36,T37,T38,T39,T40,T41,T42
STAT,(NULL),Coarsen,43,2711,2711,0,0,0,0,0,0,0,0,0,0,0,0,0,0,0,0,0,0,0,0,0,0,0,0,0,0,0,0,0,0,0,0,0,0,0,0,0,0,0,0,0,0
STAT,(NULL),Conflicts,43,0,0,0,0,0,0,0,0,0,0,0,0,0,0,0,0,0,0,0,0,0,0,0,0,0,0,0,0,0,0,0,0,0,0,0,0,0,0,0,0,0,0,0,0
STAT,(NULL),Iterations,43,2047,11,24,46,82,61,53,44,64,9,25,41,73,60,41,44,61,55,30,84,57,68,78,27,61,43,46,55,46,51,48,40,52,52,66,41,11,57,49,53,57,11,35,35
STAT,(NULL),MeminfoPost,43,756331,17611,17584,17691,17571,17628,17573,17587,17600,17597,17662,17599,17618,17581,17593,17580,17621,17609,17569,17567,17571,17540,17625,17573,17552,17615,17559,17537,17552,17674,17558,17580,17579,17541,17570,17661,17551,17688,17575,17544,17561,17515,17582,17587
STAT,(NULL),MeminfoPre,43,189075,4419,4392,4499,4379,4436,4381,4395,4408,4405,4470,4407,4426,4389,4401,4388,4429,4417,4377,4375,4379,4348,4433,4381,4360,4423,4367,4345,4360,4482,4366,4388,4387,4349,4378,4469,4359,4496,4383,4352,4369,4323,4390,4395
STAT,(NULL),Partition,43,1247,1247,0,0,0,0,0,0,0,0,0,0,0,0,0,0,0,0,0,0,0,0,0,0,0,0,0,0,0,0,0,0,0,0,0,0,0,0,0,0,0,0,0,0
STAT,(NULL),Refine,43,875,875,0,0,0,0,0,0,0,0,0,0,0,0,0,0,0,0,0,0,0,0,0,0,0,0,0,0,0,0,0,0,0,0,0,0,0,0,0,0,0,0,0,0
STAT,(NULL),Threads,43,43,43,0,0,0,0,0,0,0,0,0,0,0,0,0,0,0,0,0,0,0,0,0,0,0,0,0,0,0,0,0,0,0,0,0,0,0,0,0,0,0,0,0,0
STAT,(NULL),Time,43,5013,5013,0,0,0,0,0,0,0,0,0,0,0,0,0,0,0,0,0,0,0,0,0,0,0,0,0,0,0,0,0,0,0,0,0,0,0,0,0,0,0,0,0,0
STAT,match,Conflicts,43,3813,170,129,117,116,118,102,102,96,99,82,84,71,72,89,62,77,77,87,84,61,84,77,64,70,68,54,91,96,70,82,83,61,77,76,77,84,109,101,92,109,99,112,82
STAT,match,Iterations,43,14873866,319512,342961,315752,348548,322060,321437,352394,328772,341135,325083,347133,345614,355377,351873,347180,335537,336270,329867,346652,351353,354250,330652,376100,344317,348397,366882,364410,349442,306544,359675,351045,348251,361300,354784,341879,350808,332730,360731,374503,350931,364971,358733,358021
STAT,popedge,Conflicts,43,0,0,0,0,0,0,0,0,0,0,0,0,0,0,0,0,0,0,0,0,0,0,0,0,0,0,0,0,0,0,0,0,0,0,0,0,0,0,0,0,0,0,0,0
STAT,popedge,Iterations,43,7288263,165804,169938,162570,168384,160102,156273,171880,167784,164723,166733,165981,160958,164846,167856,159180,154018,152570,162542,168757,167321,167264,163123,177501,173605,169584,175761,174830,177513,165900,164722,169626,167312,168493,168718,158495,161681,182196,188022,185397,184833,192011,187545,185911
STAT,refine,Conflicts,43,2281,57,81,68,53,77,44,62,64,69,71,49,77,50,62,57,56,65,56,65,59,28,49,53,49,42,46,43,61,52,51,65,42,46,55,45,53,33,31,46,40,40,37,32
STAT,refine,Iterations,43,471480,9779,10443,13295,10328,11898,10842,10380,10590,10162,12931,10051,11886,11295,10468,9723,10427,11172,10649,10392,10953,10992,12068,11708,10321,11422,10627,10540,11739,13236,10472,10236,11060,10071,11371,11908,9807,13576,10543,9334,9439,9464,11413,12469
