Hello from MIC
Galois Benchmark Suite v2.2.0 (r0)
Copyright (C) 2013 The University of Texas at Austin
http://iss.ices.utexas.edu/galois/

application: GMetis
Partitions a graph into K parts and minimizing the graph cut
http://iss.ices.utexas.edu/?p=projects/galois/benchmarks/gMetis

INFO: CommandLine /work/02556/dpereira/MIC/apps/gmetis/gmetis -t=231 /work/02556/dpereira/Inputs/USA-road-d.W.gr 16
INFO: Hostname c558-003-mic0.stampede.tacc.utexas.edu
Created Graph with 6262104 nodes and 15248146 edges
Nodes 6262104| Edges 15248146 7624073

  Starting coarsening: 
Time coarsen:  5034 Size of final graph: 443

  Sarting initial partitioning using GGGP:
Size in decade percentages:  -0,15 1,1
Time clustering:  378

  Sarting refinnement with BKL2
Initial dist
Size in decade percentages:  -0,15 1,1
Refined dist
Size in decade percentages:  -1,7 -0,3 1,6
Time refinement:  3393


Time:  8984
Total edge cut : 2096

Part saved in : 0x7ffff437b360
STATTYPE,LOOP,CATEGORY,n,sum,T0,T1,T2,T3,T4,T5,T6,T7,T8,T9,T10,T11,T12,T13,T14,T15,T16,T17,T18,T19,T20,T21,T22,T23,T24,T25,T26,T27,T28,T29,T30,T31,T32,T33,T34,T35,T36,T37,T38,T39,T40,T41,T42,T43,T44,T45,T46,T47,T48,T49,T50,T51,T52,T53,T54,T55,T56,T57,T58,T59,T60,T61,T62,T63,T64,T65,T66,T67,T68,T69,T70,T71,T72,T73,T74,T75,T76,T77,T78,T79,T80,T81,T82,T83,T84,T85,T86,T87,T88,T89,T90,T91,T92,T93,T94,T95,T96,T97,T98,T99,T100,T101,T102,T103,T104,T105,T106,T107,T108,T109,T110,T111,T112,T113,T114,T115,T116,T117,T118,T119,T120,T121,T122,T123,T124,T125,T126,T127,T128,T129,T130,T131,T132,T133,T134,T135,T136,T137,T138,T139,T140,T141,T142,T143,T144,T145,T146,T147,T148,T149,T150,T151,T152,T153,T154,T155,T156,T157,T158,T159,T160,T161,T162,T163,T164,T165,T166,T167,T168,T169,T170,T171,T172,T173,T174,T175,T176,T177,T178,T179,T180,T181,T182,T183,T184,T185,T186,T187,T188,T189,T190,T191,T192,T193,T194,T195,T196,T197,T198,T199,T200,T201,T202,T203,T204,T205,T206,T207,T208,T209,T210,T211,T212,T213,T214,T215,T216,T217,T218,T219,T220,T221,T222,T223,T224,T225,T226,T227,T228,T229,T230
STAT,(NULL),Coarsen,231,5034,5034,0,0,0,0,0,0,0,0,0,0,0,0,0,0,0,0,0,0,0,0,0,0,0,0,0,0,0,0,0,0,0,0,0,0,0,0,0,0,0,0,0,0,0,0,0,0,0,0,0,0,0,0,0,0,0,0,0,0,0,0,0,0,0,0,0,0,0,0,0,0,0,0,0,0,0,0,0,0,0,0,0,0,0,0,0,0,0,0,0,0,0,0,0,0,0,0,0,0,0,0,0,0,0,0,0,0,0,0,0,0,0,0,0,0,0,0,0,0,0,0,0,0,0,0,0,0,0,0,0,0,0,0,0,0,0,0,0,0,0,0,0,0,0,0,0,0,0,0,0,0,0,0,0,0,0,0,0,0,0,0,0,0,0,0,0,0,0,0,0,0,0,0,0,0,0,0,0,0,0,0,0,0,0,0,0,0,0,0,0,0,0,0,0,0,0,0,0,0,0,0,0,0,0,0,0,0,0,0,0,0,0,0,0,0,0,0,0,0,0,0,0,0,0,0,0,0,0,0,0,0
STAT,(NULL),Conflicts,231,0,0,0,0,0,0,0,0,0,0,0,0,0,0,0,0,0,0,0,0,0,0,0,0,0,0,0,0,0,0,0,0,0,0,0,0,0,0,0,0,0,0,0,0,0,0,0,0,0,0,0,0,0,0,0,0,0,0,0,0,0,0,0,0,0,0,0,0,0,0,0,0,0,0,0,0,0,0,0,0,0,0,0,0,0,0,0,0,0,0,0,0,0,0,0,0,0,0,0,0,0,0,0,0,0,0,0,0,0,0,0,0,0,0,0,0,0,0,0,0,0,0,0,0,0,0,0,0,0,0,0,0,0,0,0,0,0,0,0,0,0,0,0,0,0,0,0,0,0,0,0,0,0,0,0,0,0,0,0,0,0,0,0,0,0,0,0,0,0,0,0,0,0,0,0,0,0,0,0,0,0,0,0,0,0,0,0,0,0,0,0,0,0,0,0,0,0,0,0,0,0,0,0,0,0,0,0,0,0,0,0,0,0,0,0,0,0,0,0,0,0,0,0,0,0,0,0,0,0,0,0,0
STAT,(NULL),Iterations,231,31,5,0,0,0,0,0,0,0,0,0,0,0,0,0,0,0,0,0,0,0,0,0,0,0,0,0,0,0,0,0,0,1,0,0,0,0,2,2,0,0,0,0,0,0,0,0,0,0,0,0,1,0,0,0,0,0,0,0,0,0,1,1,0,0,0,0,0,0,0,0,0,0,0,0,0,0,0,0,0,0,0,0,0,0,0,0,0,0,1,0,0,0,0,0,0,0,0,0,0,0,0,0,0,0,0,0,0,0,0,0,0,0,0,0,0,0,0,0,0,0,0,0,0,0,0,0,0,0,0,3,0,0,0,0,0,0,1,0,0,0,0,0,0,0,0,0,0,0,0,0,0,0,0,3,0,0,0,2,0,0,0,0,0,0,1,0,0,0,0,0,0,0,1,0,0,0,0,0,0,0,0,0,0,4,0,0,0,0,0,0,0,0,0,0,0,0,0,0,0,0,0,0,0,0,0,0,0,0,0,0,0,0,0,0,0,0,0,0,0,2,0,0,0,0,0,0,0,0,0,0,0
STAT,(NULL),MeminfoPost,231,757316,3284,3276,3281,3283,3288,3284,3280,3271,3288,3270,3285,3273,3292,3284,3331,3299,3289,3267,3277,3277,3264,3289,3280,3289,3286,3284,3286,3285,3282,3263,3276,3270,3283,3286,3290,3269,3268,3272,3276,3280,3268,3289,3294,3282,3291,3277,3275,3275,3269,3288,3277,3297,3297,3324,3303,3276,3267,3276,3277,3268,3281,3282,3286,3295,3283,3284,3279,3280,3267,3270,3278,3286,3291,3278,3270,3270,3271,3277,3281,3285,3278,3276,3286,3313,3273,3274,3283,3285,3285,3269,3282,3281,3270,3274,3270,3276,3283,3262,3263,3278,3286,3285,3284,3274,3269,3277,3271,3274,3262,3268,3265,3282,3265,3285,3303,3300,3281,3263,3272,3271,3274,3299,3268,3265,3258,3263,3278,3280,3281,3288,3286,3289,3276,3278,3274,3267,3287,3267,3274,3272,3273,3261,3267,3265,3275,3260,3291,3268,3267,3262,3294,3296,3302,3293,3297,3276,3269,3271,3287,3276,3264,3260,3268,3280,3280,3285,3288,3282,3277,3268,3278,3273,3273,3276,3262,3265,3267,3269,3284,3268,3263,3282,3294,3302,3299,3297,3284,3276,3269,3272,3262,3272,3280,3288,3301,3303,3286,3297,3295,3282,3264,3274,3289,3266,3277,3274,3276,3266,3264,3262,3272,3271,3281,3286,3260,3259,3257,3286,3252,3262,3298,3264,3271,3274,3277,3281,3278,3279,3280,3276,3276
STAT,(NULL),MeminfoPre,231,189287,825,817,822,824,829,825,821,812,829,811,826,814,833,825,872,840,830,808,818,818,805,830,821,830,827,825,827,826,823,804,817,811,824,827,831,810,809,813,817,821,809,830,835,823,832,818,816,816,810,829,818,838,838,865,844,817,808,817,818,809,822,823,827,836,824,825,820,821,808,811,819,827,832,819,811,811,812,818,822,826,819,817,827,854,814,815,824,826,826,810,823,822,811,815,811,817,824,803,804,819,827,826,825,815,810,818,812,815,803,809,806,823,806,826,844,841,822,804,813,812,815,840,809,806,799,804,819,821,822,829,827,830,817,819,815,808,828,808,815,813,814,802,808,806,816,801,832,809,808,803,835,837,843,834,838,817,810,812,828,817,805,801,809,821,821,826,829,823,818,809,819,814,814,817,803,806,808,810,825,809,804,823,835,843,840,838,825,817,810,813,803,813,821,829,842,844,827,838,836,823,805,815,830,807,818,815,817,807,805,803,813,812,822,827,801,800,798,827,793,803,839,805,812,815,818,822,819,820,821,817,817
STAT,(NULL),Partition,231,378,378,0,0,0,0,0,0,0,0,0,0,0,0,0,0,0,0,0,0,0,0,0,0,0,0,0,0,0,0,0,0,0,0,0,0,0,0,0,0,0,0,0,0,0,0,0,0,0,0,0,0,0,0,0,0,0,0,0,0,0,0,0,0,0,0,0,0,0,0,0,0,0,0,0,0,0,0,0,0,0,0,0,0,0,0,0,0,0,0,0,0,0,0,0,0,0,0,0,0,0,0,0,0,0,0,0,0,0,0,0,0,0,0,0,0,0,0,0,0,0,0,0,0,0,0,0,0,0,0,0,0,0,0,0,0,0,0,0,0,0,0,0,0,0,0,0,0,0,0,0,0,0,0,0,0,0,0,0,0,0,0,0,0,0,0,0,0,0,0,0,0,0,0,0,0,0,0,0,0,0,0,0,0,0,0,0,0,0,0,0,0,0,0,0,0,0,0,0,0,0,0,0,0,0,0,0,0,0,0,0,0,0,0,0,0,0,0,0,0,0,0,0,0,0,0,0,0,0,0,0,0
STAT,(NULL),Refine,231,3393,3393,0,0,0,0,0,0,0,0,0,0,0,0,0,0,0,0,0,0,0,0,0,0,0,0,0,0,0,0,0,0,0,0,0,0,0,0,0,0,0,0,0,0,0,0,0,0,0,0,0,0,0,0,0,0,0,0,0,0,0,0,0,0,0,0,0,0,0,0,0,0,0,0,0,0,0,0,0,0,0,0,0,0,0,0,0,0,0,0,0,0,0,0,0,0,0,0,0,0,0,0,0,0,0,0,0,0,0,0,0,0,0,0,0,0,0,0,0,0,0,0,0,0,0,0,0,0,0,0,0,0,0,0,0,0,0,0,0,0,0,0,0,0,0,0,0,0,0,0,0,0,0,0,0,0,0,0,0,0,0,0,0,0,0,0,0,0,0,0,0,0,0,0,0,0,0,0,0,0,0,0,0,0,0,0,0,0,0,0,0,0,0,0,0,0,0,0,0,0,0,0,0,0,0,0,0,0,0,0,0,0,0,0,0,0,0,0,0,0,0,0,0,0,0,0,0,0,0,0,0,0
STAT,(NULL),Threads,231,231,231,0,0,0,0,0,0,0,0,0,0,0,0,0,0,0,0,0,0,0,0,0,0,0,0,0,0,0,0,0,0,0,0,0,0,0,0,0,0,0,0,0,0,0,0,0,0,0,0,0,0,0,0,0,0,0,0,0,0,0,0,0,0,0,0,0,0,0,0,0,0,0,0,0,0,0,0,0,0,0,0,0,0,0,0,0,0,0,0,0,0,0,0,0,0,0,0,0,0,0,0,0,0,0,0,0,0,0,0,0,0,0,0,0,0,0,0,0,0,0,0,0,0,0,0,0,0,0,0,0,0,0,0,0,0,0,0,0,0,0,0,0,0,0,0,0,0,0,0,0,0,0,0,0,0,0,0,0,0,0,0,0,0,0,0,0,0,0,0,0,0,0,0,0,0,0,0,0,0,0,0,0,0,0,0,0,0,0,0,0,0,0,0,0,0,0,0,0,0,0,0,0,0,0,0,0,0,0,0,0,0,0,0,0,0,0,0,0,0,0,0,0,0,0,0,0,0,0,0,0,0
STAT,(NULL),Time,231,8984,8984,0,0,0,0,0,0,0,0,0,0,0,0,0,0,0,0,0,0,0,0,0,0,0,0,0,0,0,0,0,0,0,0,0,0,0,0,0,0,0,0,0,0,0,0,0,0,0,0,0,0,0,0,0,0,0,0,0,0,0,0,0,0,0,0,0,0,0,0,0,0,0,0,0,0,0,0,0,0,0,0,0,0,0,0,0,0,0,0,0,0,0,0,0,0,0,0,0,0,0,0,0,0,0,0,0,0,0,0,0,0,0,0,0,0,0,0,0,0,0,0,0,0,0,0,0,0,0,0,0,0,0,0,0,0,0,0,0,0,0,0,0,0,0,0,0,0,0,0,0,0,0,0,0,0,0,0,0,0,0,0,0,0,0,0,0,0,0,0,0,0,0,0,0,0,0,0,0,0,0,0,0,0,0,0,0,0,0,0,0,0,0,0,0,0,0,0,0,0,0,0,0,0,0,0,0,0,0,0,0,0,0,0,0,0,0,0,0,0,0,0,0,0,0,0,0,0,0,0,0,0
STAT,match,Conflicts,231,6335,41,44,38,40,40,34,39,39,42,38,38,28,42,39,41,44,42,38,37,44,41,36,36,39,39,35,35,33,37,26,41,36,36,30,36,33,32,36,29,38,28,35,30,36,33,33,40,33,29,29,26,36,37,31,26,27,36,37,31,32,39,22,25,23,29,23,22,19,21,27,24,25,28,24,24,28,24,30,24,26,30,24,21,20,27,31,24,25,19,24,20,25,28,30,21,32,22,22,21,27,27,21,26,24,28,20,25,32,28,29,24,22,23,27,28,26,27,26,27,26,24,26,23,21,25,26,20,21,17,22,20,27,22,22,26,22,20,37,30,26,25,26,26,23,27,27,27,23,22,28,22,29,29,25,23,17,22,23,23,24,18,25,28,30,22,22,32,23,24,21,26,18,17,25,23,24,24,21,27,29,20,19,20,19,26,24,22,28,32,22,26,23,25,26,29,21,22,30,37,30,24,22,27,25,22,27,25,23,21,23,25,22,20,24,23,21,17,23,26,23,28,21,21,18,28,27,27,26,22,31,22
STAT,match,Iterations,231,15060868,56569,55192,42112,43362,51875,56370,60071,48240,50219,51972,56556,68188,37039,53238,38393,49038,44259,54535,41448,52476,63396,76062,51740,60027,62918,60576,67649,54930,39522,55676,55586,50344,55487,44357,85863,61856,50271,48952,49851,54006,62127,65892,56483,60154,54120,58109,39316,67094,88699,64455,62524,58214,44192,63008,48618,56765,66719,55338,57304,69069,69421,53637,57790,57362,69815,74714,46629,70463,71410,67265,65580,63997,65297,70573,73192,68572,76327,72472,55506,59349,80571,70996,50874,71692,65439,75643,49199,69201,57640,68163,58298,63931,71282,74279,83845,66179,75923,65840,77964,61973,78111,64897,85315,53555,56619,89245,66752,66812,55442,67432,58853,81498,63194,79567,59696,81321,71242,61797,57654,96606,65049,56050,50386,63087,54143,62524,68215,81621,89798,55380,91309,61740,86258,65710,56965,72927,57883,71183,65202,74159,72443,72197,75054,58960,63755,82720,57257,55154,72678,57788,60922,60238,47126,51485,86921,50553,62479,59489,79493,62316,66105,59387,52053,67554,63134,70273,63950,65561,65936,77877,66894,70830,84223,70125,91441,70328,67454,91519,73502,78985,78134,88576,89817,60883,68742,78313,82830,67581,55182,56097,76229,71142,69582,55175,70293,91026,75041,49225,57471,61532,88146,72069,79903,59563,78109,85682,64357,67618,66917,76258,82302,80796,61892,82363,64633,66320,55484,79640,57493,63526,67432,70377,65388,62868,78728,71416,66994,83708,68820,50822,60293
STAT,popedge,Conflicts,231,0,0,0,0,0,0,0,0,0,0,0,0,0,0,0,0,0,0,0,0,0,0,0,0,0,0,0,0,0,0,0,0,0,0,0,0,0,0,0,0,0,0,0,0,0,0,0,0,0,0,0,0,0,0,0,0,0,0,0,0,0,0,0,0,0,0,0,0,0,0,0,0,0,0,0,0,0,0,0,0,0,0,0,0,0,0,0,0,0,0,0,0,0,0,0,0,0,0,0,0,0,0,0,0,0,0,0,0,0,0,0,0,0,0,0,0,0,0,0,0,0,0,0,0,0,0,0,0,0,0,0,0,0,0,0,0,0,0,0,0,0,0,0,0,0,0,0,0,0,0,0,0,0,0,0,0,0,0,0,0,0,0,0,0,0,0,0,0,0,0,0,0,0,0,0,0,0,0,0,0,0,0,0,0,0,0,0,0,0,0,0,0,0,0,0,0,0,0,0,0,0,0,0,0,0,0,0,0,0,0,0,0,0,0,0,0,0,0,0,0,0,0,0,0,0,0,0,0,0,0,0,0
STAT,popedge,Iterations,231,7379468,29316,30555,31664,31080,32123,29673,30991,30514,30815,31836,31295,30266,30053,31404,30342,31925,32138,32387,31260,31469,30853,30255,30794,30013,30999,32072,31718,31664,30563,29399,32520,31974,31991,30275,31154,29795,30469,33116,31629,32176,31051,30171,29314,30708,32446,29734,31636,31605,36026,34643,34854,33976,35138,34075,34637,34766,35490,35247,35347,37302,35061,30420,29767,29466,29079,30816,29051,30081,29333,30175,31491,31634,30990,30446,32695,29564,32030,30121,30473,29443,31506,30226,31188,32142,29333,30420,30348,30031,30840,31202,29192,30834,30680,31892,31105,31429,31995,30284,31112,30099,31821,29136,30067,31040,30369,33917,30565,30546,29723,36101,36126,36752,35858,35701,34336,34811,34820,36789,36666,36445,36187,34845,31277,31269,31442,28415,30686,30816,34926,31541,29343,30019,30255,31850,30591,30774,30576,32434,32345,30746,30590,31525,31593,31481,32031,31317,32145,30745,34427,31891,32548,31065,33414,32850,32508,32039,32236,31399,29999,32307,31631,31860,30379,31747,29462,30239,32991,30714,33432,31558,34910,32570,36615,36265,33811,37770,34705,34022,36920,38750,35386,38014,34663,29830,30431,29537,33303,32273,30936,31410,31170,30462,32321,33051,31308,31195,32747,31429,32041,32615,30958,31000,32715,32173,30881,30880,31264,33917,29553,32185,30372,32882,29398,31623,31964,34574,33544,31160,32949,29729,33126,34520,31291,30372,32235,30780,33121,32001,31369,31517,30211
STAT,refine,Conflicts,231,6446,96,108,107,104,95,98,106,90,85,91,102,97,92,83,72,77,66,57,67,71,74,76,66,64,69,53,75,50,67,40,46,35,46,38,42,30,37,46,37,48,37,43,46,39,51,53,37,36,66,30,40,38,44,47,46,37,43,26,24,34,41,10,16,14,15,29,17,10,21,15,14,14,13,20,18,14,17,13,19,3,13,19,15,19,18,24,23,12,7,10,9,18,14,18,21,28,14,22,14,17,18,22,14,16,24,22,15,21,19,19,19,20,17,22,23,27,17,18,14,16,13,24,19,17,15,8,13,10,17,13,16,16,19,25,22,12,8,14,8,12,16,16,16,22,18,18,9,8,16,11,17,9,16,14,14,15,16,9,11,14,8,10,13,22,20,14,25,17,15,9,33,13,17,14,28,24,22,22,17,21,19,22,17,12,15,14,13,23,23,11,14,21,21,17,18,12,16,11,28,19,15,15,8,18,9,18,13,17,13,14,16,17,9,14,12,18,8,15,14,12,19,22,28,20,24,23,9,12,11,23,13
STAT,refine,Iterations,231,43325,323,446,332,404,352,336,343,292,325,300,328,331,303,274,191,294,224,211,188,224,294,291,238,199,354,211,298,178,177,167,197,169,273,204,251,126,122,178,112,235,178,293,323,165,239,271,203,204,277,162,226,178,225,216,286,176,200,151,145,206,244,141,170,228,162,239,150,113,114,203,147,202,187,200,140,137,196,159,170,98,156,162,175,198,121,240,174,213,63,124,115,203,205,185,140,235,90,135,126,172,236,163,187,161,156,233,199,251,146,209,185,150,135,257,173,318,108,212,100,160,146,123,148,146,112,163,172,101,195,118,163,230,192,132,125,88,163,205,165,193,198,191,190,215,161,160,183,105,168,67,129,119,149,185,269,142,187,129,122,136,52,115,146,235,163,214,209,200,224,122,240,198,240,210,216,221,211,147,158,150,97,211,160,136,290,155,205,201,192,134,126,220,228,224,139,146,107,142,194,142,167,163,121,160,177,127,141,201,82,156,106,108,106,130,170,192,105,264,148,98,144,111,177,138,239,183,146,207,176,272,215
