Hello from MIC
Galois Benchmark Suite v2.2.0 (r0)
Copyright (C) 2013 The University of Texas at Austin
http://iss.ices.utexas.edu/galois/

application: GMetis
Partitions a graph into K parts and minimizing the graph cut
http://iss.ices.utexas.edu/?p=projects/galois/benchmarks/gMetis

INFO: CommandLine /work/02556/dpereira/MIC/apps/gmetis/gmetis -t=163 /work/02556/dpereira/Inputs/USA-road-d.W.gr 128
INFO: Hostname c558-002-mic0.stampede.tacc.utexas.edu
Created Graph with 6262104 nodes and 15248146 edges
Nodes 6262104| Edges 15248146 7624073

  Starting coarsening: 
Time coarsen:  2760 Size of final graph: 3143

  Sarting initial partitioning using GGGP:
Size in decade percentages:  -1,5 -0,120 1,3
Time clustering:  438

  Sarting refinnement with BKL2
Initial dist
Size in decade percentages:  -1,5 -0,120 1,3
Refined dist
Size in decade percentages:  -1,47 0,32 1,49
Time refinement:  1702


Time:  5079
Total edge cut : 8484

Part saved in : 0x7fff21672ae0
STATTYPE,LOOP,CATEGORY,n,sum,T0,T1,T2,T3,T4,T5,T6,T7,T8,T9,T10,T11,T12,T13,T14,T15,T16,T17,T18,T19,T20,T21,T22,T23,T24,T25,T26,T27,T28,T29,T30,T31,T32,T33,T34,T35,T36,T37,T38,T39,T40,T41,T42,T43,T44,T45,T46,T47,T48,T49,T50,T51,T52,T53,T54,T55,T56,T57,T58,T59,T60,T61,T62,T63,T64,T65,T66,T67,T68,T69,T70,T71,T72,T73,T74,T75,T76,T77,T78,T79,T80,T81,T82,T83,T84,T85,T86,T87,T88,T89,T90,T91,T92,T93,T94,T95,T96,T97,T98,T99,T100,T101,T102,T103,T104,T105,T106,T107,T108,T109,T110,T111,T112,T113,T114,T115,T116,T117,T118,T119,T120,T121,T122,T123,T124,T125,T126,T127,T128,T129,T130,T131,T132,T133,T134,T135,T136,T137,T138,T139,T140,T141,T142,T143,T144,T145,T146,T147,T148,T149,T150,T151,T152,T153,T154,T155,T156,T157,T158,T159,T160,T161,T162
STAT,(NULL),Coarsen,163,2760,2760,0,0,0,0,0,0,0,0,0,0,0,0,0,0,0,0,0,0,0,0,0,0,0,0,0,0,0,0,0,0,0,0,0,0,0,0,0,0,0,0,0,0,0,0,0,0,0,0,0,0,0,0,0,0,0,0,0,0,0,0,0,0,0,0,0,0,0,0,0,0,0,0,0,0,0,0,0,0,0,0,0,0,0,0,0,0,0,0,0,0,0,0,0,0,0,0,0,0,0,0,0,0,0,0,0,0,0,0,0,0,0,0,0,0,0,0,0,0,0,0,0,0,0,0,0,0,0,0,0,0,0,0,0,0,0,0,0,0,0,0,0,0,0,0,0,0,0,0,0,0,0,0,0,0,0,0,0,0,0,0,0,0
STAT,(NULL),Conflicts,163,0,0,0,0,0,0,0,0,0,0,0,0,0,0,0,0,0,0,0,0,0,0,0,0,0,0,0,0,0,0,0,0,0,0,0,0,0,0,0,0,0,0,0,0,0,0,0,0,0,0,0,0,0,0,0,0,0,0,0,0,0,0,0,0,0,0,0,0,0,0,0,0,0,0,0,0,0,0,0,0,0,0,0,0,0,0,0,0,0,0,0,0,0,0,0,0,0,0,0,0,0,0,0,0,0,0,0,0,0,0,0,0,0,0,0,0,0,0,0,0,0,0,0,0,0,0,0,0,0,0,0,0,0,0,0,0,0,0,0,0,0,0,0,0,0,0,0,0,0,0,0,0,0,0,0,0,0,0,0,0,0,0,0,0
STAT,(NULL),Iterations,163,255,8,4,3,0,0,0,0,1,0,4,3,4,3,5,0,0,0,0,0,1,1,1,2,1,4,1,2,2,0,0,0,0,0,0,3,2,2,0,1,0,1,1,0,0,1,12,4,3,3,0,2,1,3,0,2,0,3,1,0,3,8,7,0,4,2,0,0,0,0,2,3,2,1,0,0,0,4,2,0,0,0,0,0,2,1,1,2,0,0,3,0,2,0,0,0,2,0,2,2,1,4,0,2,0,1,1,2,1,6,6,2,0,1,0,3,7,3,5,2,1,0,8,4,0,0,4,0,4,0,2,0,7,1,1,0,4,0,1,0,0,0,0,0,1,3,0,0,3,3,0,0,2,0,0,2,1,2,0,0,2,0,2,0
STAT,(NULL),MeminfoPost,163,757137,4651,4642,4657,4657,4645,4653,4633,4646,4652,4662,4711,4655,4632,4639,4636,4657,4656,4664,4646,4647,4636,4637,4639,4658,4654,4634,4630,4648,4632,4665,4655,4652,4637,4645,4645,4647,4663,4704,4672,4635,4642,4631,4651,4652,4659,4644,4665,4644,4635,4637,4655,4657,4635,4630,4642,4651,4651,4639,4682,4645,4642,4656,4647,4643,4647,4640,4630,4651,4629,4623,4646,4658,4646,4635,4642,4638,4624,4632,4640,4631,4673,4670,4640,4632,4635,4665,4628,4621,4624,4644,4650,4654,4660,4647,4646,4627,4647,4635,4639,4630,4623,4633,4625,4655,4630,4628,4668,4680,4673,4647,4630,4642,4649,4620,4628,4648,4654,4659,4642,4635,4644,4635,4637,4627,4627,4627,4647,4624,4666,4676,4678,4653,4638,4637,4625,4641,4659,4680,4660,4666,4664,4627,4648,4640,4646,4637,4626,4621,4632,4623,4675,4618,4618,4636,4629,4649,4627,4640,4646,4644,4647,4635,4650
STAT,(NULL),MeminfoPre,163,189245,1167,1158,1173,1173,1161,1169,1149,1162,1168,1178,1227,1171,1148,1155,1152,1173,1172,1180,1162,1163,1152,1153,1155,1174,1170,1150,1146,1164,1148,1181,1171,1168,1153,1161,1161,1163,1179,1220,1188,1151,1158,1147,1167,1168,1175,1160,1181,1160,1151,1153,1171,1173,1151,1146,1158,1167,1167,1155,1198,1161,1158,1172,1163,1159,1163,1156,1146,1167,1145,1139,1162,1174,1162,1151,1158,1154,1140,1148,1156,1147,1189,1186,1156,1148,1151,1181,1144,1137,1140,1160,1166,1170,1176,1163,1162,1143,1163,1151,1155,1146,1139,1149,1141,1171,1146,1144,1184,1196,1189,1163,1146,1158,1165,1136,1144,1164,1170,1175,1158,1151,1160,1151,1153,1143,1143,1143,1163,1140,1182,1192,1194,1169,1154,1153,1141,1157,1175,1196,1176,1182,1180,1143,1164,1156,1162,1153,1142,1137,1148,1139,1191,1134,1134,1152,1145,1165,1143,1156,1162,1160,1163,1151,1166
STAT,(NULL),Partition,163,438,438,0,0,0,0,0,0,0,0,0,0,0,0,0,0,0,0,0,0,0,0,0,0,0,0,0,0,0,0,0,0,0,0,0,0,0,0,0,0,0,0,0,0,0,0,0,0,0,0,0,0,0,0,0,0,0,0,0,0,0,0,0,0,0,0,0,0,0,0,0,0,0,0,0,0,0,0,0,0,0,0,0,0,0,0,0,0,0,0,0,0,0,0,0,0,0,0,0,0,0,0,0,0,0,0,0,0,0,0,0,0,0,0,0,0,0,0,0,0,0,0,0,0,0,0,0,0,0,0,0,0,0,0,0,0,0,0,0,0,0,0,0,0,0,0,0,0,0,0,0,0,0,0,0,0,0,0,0,0,0,0,0,0
STAT,(NULL),Refine,163,1702,1702,0,0,0,0,0,0,0,0,0,0,0,0,0,0,0,0,0,0,0,0,0,0,0,0,0,0,0,0,0,0,0,0,0,0,0,0,0,0,0,0,0,0,0,0,0,0,0,0,0,0,0,0,0,0,0,0,0,0,0,0,0,0,0,0,0,0,0,0,0,0,0,0,0,0,0,0,0,0,0,0,0,0,0,0,0,0,0,0,0,0,0,0,0,0,0,0,0,0,0,0,0,0,0,0,0,0,0,0,0,0,0,0,0,0,0,0,0,0,0,0,0,0,0,0,0,0,0,0,0,0,0,0,0,0,0,0,0,0,0,0,0,0,0,0,0,0,0,0,0,0,0,0,0,0,0,0,0,0,0,0,0,0
STAT,(NULL),Threads,163,163,163,0,0,0,0,0,0,0,0,0,0,0,0,0,0,0,0,0,0,0,0,0,0,0,0,0,0,0,0,0,0,0,0,0,0,0,0,0,0,0,0,0,0,0,0,0,0,0,0,0,0,0,0,0,0,0,0,0,0,0,0,0,0,0,0,0,0,0,0,0,0,0,0,0,0,0,0,0,0,0,0,0,0,0,0,0,0,0,0,0,0,0,0,0,0,0,0,0,0,0,0,0,0,0,0,0,0,0,0,0,0,0,0,0,0,0,0,0,0,0,0,0,0,0,0,0,0,0,0,0,0,0,0,0,0,0,0,0,0,0,0,0,0,0,0,0,0,0,0,0,0,0,0,0,0,0,0,0,0,0,0,0,0
STAT,(NULL),Time,163,5079,5079,0,0,0,0,0,0,0,0,0,0,0,0,0,0,0,0,0,0,0,0,0,0,0,0,0,0,0,0,0,0,0,0,0,0,0,0,0,0,0,0,0,0,0,0,0,0,0,0,0,0,0,0,0,0,0,0,0,0,0,0,0,0,0,0,0,0,0,0,0,0,0,0,0,0,0,0,0,0,0,0,0,0,0,0,0,0,0,0,0,0,0,0,0,0,0,0,0,0,0,0,0,0,0,0,0,0,0,0,0,0,0,0,0,0,0,0,0,0,0,0,0,0,0,0,0,0,0,0,0,0,0,0,0,0,0,0,0,0,0,0,0,0,0,0,0,0,0,0,0,0,0,0,0,0,0,0,0,0,0,0,0,0
STAT,match,Conflicts,163,5984,48,66,50,51,59,52,49,53,47,51,60,50,49,41,54,51,41,54,41,52,49,53,52,47,53,39,47,43,53,48,44,44,51,39,37,37,45,44,32,40,37,43,32,44,39,37,49,46,45,44,46,39,40,43,33,39,42,35,34,45,51,33,36,39,32,36,37,30,31,29,33,24,31,35,25,29,36,22,32,30,27,35,31,29,31,28,32,31,39,27,34,28,31,35,25,35,33,34,25,35,39,27,35,31,36,33,32,32,32,29,36,37,36,34,29,28,32,32,29,34,31,35,26,36,27,29,31,37,30,36,28,34,21,24,31,25,32,32,25,36,20,34,31,28,31,23,33,35,22,32,37,33,44,39,30,34,35,34,25,29,29,34,29
STAT,match,Iterations,163,15029694,79444,83071,80083,79938,79263,78143,79880,80933,83176,62313,71831,66768,74427,77774,51020,92313,74150,70992,80954,88121,69461,68849,83671,74488,66462,86971,80640,76675,68355,60150,79945,96006,83067,66536,86601,78292,78812,74183,85397,102026,68915,99401,99569,94062,98198,83310,78052,79841,96835,82254,93997,99791,111199,109351,108009,113630,98599,105275,91549,92531,109129,86761,106916,85164,86734,90763,98698,118720,82403,93517,99108,108323,92955,91783,114232,109491,84790,99327,74990,77660,89540,99183,91536,92067,109655,91637,84434,75733,104741,96455,93257,104749,84317,98530,82479,102705,90458,95722,91097,84923,82909,105838,124696,101872,106611,104412,109541,90864,112686,114675,97742,102198,102814,121504,136569,109028,95423,107548,122317,128366,124109,106683,92490,100302,93949,91213,102354,87219,90956,79836,90473,71904,103320,98919,100611,91981,80470,88244,88132,82876,110452,93818,87877,96592,122852,115392,101368,104470,97659,90664,94366,94259,76838,89116,105025,92115,90037,104201,71003,95888,86911,89034,95872
STAT,popedge,Conflicts,163,0,0,0,0,0,0,0,0,0,0,0,0,0,0,0,0,0,0,0,0,0,0,0,0,0,0,0,0,0,0,0,0,0,0,0,0,0,0,0,0,0,0,0,0,0,0,0,0,0,0,0,0,0,0,0,0,0,0,0,0,0,0,0,0,0,0,0,0,0,0,0,0,0,0,0,0,0,0,0,0,0,0,0,0,0,0,0,0,0,0,0,0,0,0,0,0,0,0,0,0,0,0,0,0,0,0,0,0,0,0,0,0,0,0,0,0,0,0,0,0,0,0,0,0,0,0,0,0,0,0,0,0,0,0,0,0,0,0,0,0,0,0,0,0,0,0,0,0,0,0,0,0,0,0,0,0,0,0,0,0,0,0,0,0
STAT,popedge,Iterations,163,7367172,42551,43153,41767,41576,41791,41683,42488,40916,41835,42458,41012,42311,42850,42111,45942,42405,43513,42423,42223,43924,44563,46079,45006,46534,44131,44293,44870,47088,43895,46123,43402,44758,43602,45315,43233,43724,44187,39284,43471,42874,45216,50613,50200,50658,49898,48260,52978,50546,53073,51438,50790,49754,49010,50742,48621,49015,50533,47256,49356,48341,49399,41618,41119,41469,41052,40305,40225,40985,43328,40830,40256,40944,42013,41463,42219,43012,43274,42562,43506,42982,42532,42563,44462,45236,43083,44348,46072,44872,44697,46289,43771,44943,45833,43566,44043,43851,42972,46227,40825,45792,47775,44693,51634,50707,49925,53263,49262,52271,50309,52526,50361,51358,53163,50970,53284,51700,50542,50065,47675,50279,52887,52814,41237,42966,39730,41383,41360,43168,42190,42801,40703,41518,41411,41892,43210,44028,44200,43399,44842,45013,42878,44531,44592,43547,48618,44340,45360,44214,44859,43695,44055,44055,44851,44673,43665,43474,43981,45100,46000,41275,46087,45167,45441
STAT,refine,Conflicts,163,5921,98,110,104,114,98,94,108,85,72,85,81,88,85,82,76,70,57,58,61,71,68,64,69,67,63,57,64,59,59,61,49,49,41,33,33,46,47,40,35,46,39,42,46,41,47,41,42,41,38,31,43,39,42,39,36,45,41,41,41,44,37,19,26,20,23,25,23,25,21,22,24,17,30,25,30,22,19,23,14,20,16,28,21,17,23,31,16,19,22,21,19,24,18,24,15,14,27,25,16,30,27,19,21,39,16,27,28,29,33,28,24,19,22,25,22,27,21,22,30,23,26,24,21,30,27,22,35,22,30,24,25,19,26,18,16,18,22,32,16,25,24,16,18,23,27,22,26,12,19,22,22,18,26,21,22,19,20,20,12,20,19,27,29
STAT,refine,Iterations,163,140610,932,948,949,900,881,810,925,760,872,791,1047,802,781,635,694,896,698,806,579,911,855,604,722,1088,810,1095,653,781,649,626,612,993,715,581,484,867,860,966,689,814,789,838,980,721,839,798,1020,921,1109,798,1219,1086,881,1287,888,974,1204,956,1270,973,810,729,849,769,928,892,718,932,666,929,692,912,761,760,825,1012,871,720,614,657,809,1105,649,703,959,1010,704,545,663,690,676,856,778,742,687,755,775,808,898,872,617,909,1243,1187,699,1047,972,1369,1471,1099,664,1046,1254,1014,1065,1095,906,1243,909,1260,1111,1124,842,812,821,852,915,803,1101,916,927,721,871,622,782,931,1037,978,675,839,711,809,915,654,874,756,890,798,654,762,603,591,497,872,916,709,591,1207,688,904,847,1034,1217
