Hello from MIC
Galois Benchmark Suite v2.2.0 (r0)
Copyright (C) 2013 The University of Texas at Austin
http://iss.ices.utexas.edu/galois/

application: GMetis
Partitions a graph into K parts and minimizing the graph cut
http://iss.ices.utexas.edu/?p=projects/galois/benchmarks/gMetis

INFO: CommandLine /work/02556/dpereira/MIC/apps/gmetis/gmetis -t=215 /work/02556/dpereira/Inputs/USA-road-d.W.gr 1024
INFO: Hostname c557-803-mic0.stampede.tacc.utexas.edu
Created Graph with 6262104 nodes and 15248146 edges
Nodes 6262104| Edges 15248146 7624073

  Starting coarsening: 
Time coarsen:  3111 Size of final graph: 22236

  Sarting initial partitioning using GGGP:
Size in decade percentages:  -1,68 -0,886 1,70
Time clustering:  1126

  Sarting refinnement with BKL2
Initial dist
Size in decade percentages:  -1,68 -0,886 1,70
Refined dist
Size in decade percentages:  -1,370 0,292 1,362
Time refinement:  2191


Time:  6605
Total edge cut : 31970

Part saved in : 0x7fff2744b160
STATTYPE,LOOP,CATEGORY,n,sum,T0,T1,T2,T3,T4,T5,T6,T7,T8,T9,T10,T11,T12,T13,T14,T15,T16,T17,T18,T19,T20,T21,T22,T23,T24,T25,T26,T27,T28,T29,T30,T31,T32,T33,T34,T35,T36,T37,T38,T39,T40,T41,T42,T43,T44,T45,T46,T47,T48,T49,T50,T51,T52,T53,T54,T55,T56,T57,T58,T59,T60,T61,T62,T63,T64,T65,T66,T67,T68,T69,T70,T71,T72,T73,T74,T75,T76,T77,T78,T79,T80,T81,T82,T83,T84,T85,T86,T87,T88,T89,T90,T91,T92,T93,T94,T95,T96,T97,T98,T99,T100,T101,T102,T103,T104,T105,T106,T107,T108,T109,T110,T111,T112,T113,T114,T115,T116,T117,T118,T119,T120,T121,T122,T123,T124,T125,T126,T127,T128,T129,T130,T131,T132,T133,T134,T135,T136,T137,T138,T139,T140,T141,T142,T143,T144,T145,T146,T147,T148,T149,T150,T151,T152,T153,T154,T155,T156,T157,T158,T159,T160,T161,T162,T163,T164,T165,T166,T167,T168,T169,T170,T171,T172,T173,T174,T175,T176,T177,T178,T179,T180,T181,T182,T183,T184,T185,T186,T187,T188,T189,T190,T191,T192,T193,T194,T195,T196,T197,T198,T199,T200,T201,T202,T203,T204,T205,T206,T207,T208,T209,T210,T211,T212,T213,T214
STAT,(NULL),Coarsen,215,3111,3111,0,0,0,0,0,0,0,0,0,0,0,0,0,0,0,0,0,0,0,0,0,0,0,0,0,0,0,0,0,0,0,0,0,0,0,0,0,0,0,0,0,0,0,0,0,0,0,0,0,0,0,0,0,0,0,0,0,0,0,0,0,0,0,0,0,0,0,0,0,0,0,0,0,0,0,0,0,0,0,0,0,0,0,0,0,0,0,0,0,0,0,0,0,0,0,0,0,0,0,0,0,0,0,0,0,0,0,0,0,0,0,0,0,0,0,0,0,0,0,0,0,0,0,0,0,0,0,0,0,0,0,0,0,0,0,0,0,0,0,0,0,0,0,0,0,0,0,0,0,0,0,0,0,0,0,0,0,0,0,0,0,0,0,0,0,0,0,0,0,0,0,0,0,0,0,0,0,0,0,0,0,0,0,0,0,0,0,0,0,0,0,0,0,0,0,0,0,0,0,0,0,0,0,0,0,0,0,0,0,0,0,0,0,0
STAT,(NULL),Conflicts,215,0,0,0,0,0,0,0,0,0,0,0,0,0,0,0,0,0,0,0,0,0,0,0,0,0,0,0,0,0,0,0,0,0,0,0,0,0,0,0,0,0,0,0,0,0,0,0,0,0,0,0,0,0,0,0,0,0,0,0,0,0,0,0,0,0,0,0,0,0,0,0,0,0,0,0,0,0,0,0,0,0,0,0,0,0,0,0,0,0,0,0,0,0,0,0,0,0,0,0,0,0,0,0,0,0,0,0,0,0,0,0,0,0,0,0,0,0,0,0,0,0,0,0,0,0,0,0,0,0,0,0,0,0,0,0,0,0,0,0,0,0,0,0,0,0,0,0,0,0,0,0,0,0,0,0,0,0,0,0,0,0,0,0,0,0,0,0,0,0,0,0,0,0,0,0,0,0,0,0,0,0,0,0,0,0,0,0,0,0,0,0,0,0,0,0,0,0,0,0,0,0,0,0,0,0,0,0,0,0,0,0,0,0,0,0,0
STAT,(NULL),Iterations,215,2047,11,6,13,9,7,5,6,3,12,11,9,11,3,3,10,11,6,15,11,12,8,23,14,9,6,9,9,4,7,6,12,4,18,17,11,13,6,2,8,14,9,20,15,10,15,5,16,13,20,6,18,18,6,12,9,9,14,5,15,12,9,15,5,10,9,12,1,5,5,5,9,11,7,6,3,2,9,5,4,3,11,10,9,8,15,7,14,7,5,11,10,11,4,20,13,14,8,11,4,8,12,10,11,15,8,17,18,14,7,4,17,15,12,4,10,12,5,6,6,2,13,10,9,2,12,5,18,7,6,2,4,5,7,2,10,4,15,11,10,6,1,9,18,15,13,8,5,5,7,10,6,1,6,10,16,17,11,8,4,8,12,13,1,26,15,7,15,16,7,12,9,11,15,16,8,17,3,12,7,11,5,10,6,13,10,12,2,20,5,11,5,8,14,5,12,3,20,4,14,7,7,0,15,8,4,12,12,16,12,10,1,10,8,13,3
STAT,(NULL),MeminfoPost,215,757048,3527,3514,3524,3536,3526,3532,3517,3531,3508,3513,3525,3539,3524,3578,3543,3527,3509,3519,3516,3516,3527,3529,3532,3530,3526,3526,3525,3507,3515,3517,3530,3538,3513,3513,3510,3515,3526,3515,3525,3537,3526,3531,3517,3532,3508,3513,3525,3539,3523,3578,3544,3528,3510,3519,3515,3517,3526,3528,3532,3532,3527,3524,3525,3508,3515,3517,3529,3539,3513,3513,3511,3515,3520,3531,3520,3519,3533,3550,3522,3514,3528,3527,3527,3512,3532,3513,3517,3512,3513,3531,3506,3503,3519,3528,3528,3523,3519,3512,3517,3516,3507,3508,3511,3520,3510,3524,3544,3545,3519,3509,3514,3513,3532,3520,3510,3503,3503,3516,3523,3524,3531,3530,3531,3519,3520,3511,3513,3525,3511,3516,3519,3502,3509,3506,3517,3501,3534,3510,3507,3516,3534,3550,3542,3546,3518,3509,3514,3528,3519,3505,3501,3517,3522,3525,3531,3532,3513,3518,3512,3521,3515,3519,3503,3508,3512,3504,3527,3509,3510,3536,3546,3541,3547,3528,3517,3512,3513,3509,3515,3519,3541,3552,3535,3532,3546,3527,3509,3515,3532,3508,3516,3516,3522,3508,3499,3516,3506,3503,3549,3505,3502,3500,3522,3504,3504,3532,3514,3515,3513,3525,3522,3522,3524,3515,3516
STAT,(NULL),MeminfoPre,215,189233,886,873,883,895,885,891,876,890,867,872,884,898,883,937,902,886,868,878,875,875,886,888,891,889,885,885,884,866,874,876,889,897,872,872,869,874,885,874,884,896,885,890,876,891,867,872,884,898,882,937,903,887,869,878,874,876,885,887,891,891,886,883,884,867,874,876,888,898,872,872,870,874,879,890,879,878,892,909,881,873,887,886,886,871,891,872,876,871,872,890,865,862,878,887,887,882,878,871,876,875,866,867,870,879,869,883,903,904,878,868,873,872,891,879,869,862,862,875,882,883,890,889,890,878,879,870,872,884,870,875,878,861,868,865,876,860,893,869,866,875,893,909,901,905,877,868,873,887,878,864,860,876,881,884,890,891,872,877,871,880,874,878,862,867,871,863,886,868,869,895,905,900,906,887,876,871,872,868,874,878,900,911,894,891,905,886,868,874,891,867,875,875,881,867,858,875,865,862,908,864,861,859,881,863,863,891,873,874,872,884,881,881,883,874,875
STAT,(NULL),Partition,215,1126,1126,0,0,0,0,0,0,0,0,0,0,0,0,0,0,0,0,0,0,0,0,0,0,0,0,0,0,0,0,0,0,0,0,0,0,0,0,0,0,0,0,0,0,0,0,0,0,0,0,0,0,0,0,0,0,0,0,0,0,0,0,0,0,0,0,0,0,0,0,0,0,0,0,0,0,0,0,0,0,0,0,0,0,0,0,0,0,0,0,0,0,0,0,0,0,0,0,0,0,0,0,0,0,0,0,0,0,0,0,0,0,0,0,0,0,0,0,0,0,0,0,0,0,0,0,0,0,0,0,0,0,0,0,0,0,0,0,0,0,0,0,0,0,0,0,0,0,0,0,0,0,0,0,0,0,0,0,0,0,0,0,0,0,0,0,0,0,0,0,0,0,0,0,0,0,0,0,0,0,0,0,0,0,0,0,0,0,0,0,0,0,0,0,0,0,0,0,0,0,0,0,0,0,0,0,0,0,0,0,0,0,0,0,0,0
STAT,(NULL),Refine,215,2191,2191,0,0,0,0,0,0,0,0,0,0,0,0,0,0,0,0,0,0,0,0,0,0,0,0,0,0,0,0,0,0,0,0,0,0,0,0,0,0,0,0,0,0,0,0,0,0,0,0,0,0,0,0,0,0,0,0,0,0,0,0,0,0,0,0,0,0,0,0,0,0,0,0,0,0,0,0,0,0,0,0,0,0,0,0,0,0,0,0,0,0,0,0,0,0,0,0,0,0,0,0,0,0,0,0,0,0,0,0,0,0,0,0,0,0,0,0,0,0,0,0,0,0,0,0,0,0,0,0,0,0,0,0,0,0,0,0,0,0,0,0,0,0,0,0,0,0,0,0,0,0,0,0,0,0,0,0,0,0,0,0,0,0,0,0,0,0,0,0,0,0,0,0,0,0,0,0,0,0,0,0,0,0,0,0,0,0,0,0,0,0,0,0,0,0,0,0,0,0,0,0,0,0,0,0,0,0,0,0,0,0,0,0,0,0
STAT,(NULL),Threads,215,215,215,0,0,0,0,0,0,0,0,0,0,0,0,0,0,0,0,0,0,0,0,0,0,0,0,0,0,0,0,0,0,0,0,0,0,0,0,0,0,0,0,0,0,0,0,0,0,0,0,0,0,0,0,0,0,0,0,0,0,0,0,0,0,0,0,0,0,0,0,0,0,0,0,0,0,0,0,0,0,0,0,0,0,0,0,0,0,0,0,0,0,0,0,0,0,0,0,0,0,0,0,0,0,0,0,0,0,0,0,0,0,0,0,0,0,0,0,0,0,0,0,0,0,0,0,0,0,0,0,0,0,0,0,0,0,0,0,0,0,0,0,0,0,0,0,0,0,0,0,0,0,0,0,0,0,0,0,0,0,0,0,0,0,0,0,0,0,0,0,0,0,0,0,0,0,0,0,0,0,0,0,0,0,0,0,0,0,0,0,0,0,0,0,0,0,0,0,0,0,0,0,0,0,0,0,0,0,0,0,0,0,0,0,0,0
STAT,(NULL),Time,215,6605,6605,0,0,0,0,0,0,0,0,0,0,0,0,0,0,0,0,0,0,0,0,0,0,0,0,0,0,0,0,0,0,0,0,0,0,0,0,0,0,0,0,0,0,0,0,0,0,0,0,0,0,0,0,0,0,0,0,0,0,0,0,0,0,0,0,0,0,0,0,0,0,0,0,0,0,0,0,0,0,0,0,0,0,0,0,0,0,0,0,0,0,0,0,0,0,0,0,0,0,0,0,0,0,0,0,0,0,0,0,0,0,0,0,0,0,0,0,0,0,0,0,0,0,0,0,0,0,0,0,0,0,0,0,0,0,0,0,0,0,0,0,0,0,0,0,0,0,0,0,0,0,0,0,0,0,0,0,0,0,0,0,0,0,0,0,0,0,0,0,0,0,0,0,0,0,0,0,0,0,0,0,0,0,0,0,0,0,0,0,0,0,0,0,0,0,0,0,0,0,0,0,0,0,0,0,0,0,0,0,0,0,0,0,0,0
STAT,match,Conflicts,215,5619,40,44,41,47,42,45,42,47,37,40,34,44,38,36,39,34,44,35,40,31,34,40,39,33,38,29,32,40,27,41,34,39,25,31,21,30,25,31,41,28,34,31,29,26,34,36,30,34,41,34,27,23,33,28,28,27,29,32,32,32,28,28,27,24,26,22,30,16,25,25,25,21,22,21,19,31,21,27,35,25,17,17,32,18,22,23,22,26,21,17,22,28,21,17,24,21,23,18,26,21,19,32,30,29,23,20,24,18,21,24,21,24,23,19,17,18,25,27,20,25,19,24,24,19,23,21,20,18,27,23,25,28,24,29,21,18,21,15,27,17,25,21,28,24,19,22,28,19,31,19,15,24,21,22,19,17,24,25,21,23,26,16,25,21,21,21,23,23,18,21,19,19,22,24,24,31,24,22,25,24,23,20,26,21,24,24,27,19,28,23,26,21,22,27,25,23,19,22,22,26,24,22,16,22,23,19,16,25,27,19,26,26,29,22,25
STAT,match,Iterations,215,15010630,47525,37945,48636,59886,46715,48989,52186,53164,58771,52564,61935,72505,76405,50903,57567,42035,50940,50688,59683,43329,42591,42229,38615,52869,50952,54381,54192,49454,52891,74903,66920,49444,62845,52980,78736,55554,52676,71704,70347,53881,66164,85537,69201,77537,84693,52068,41353,60267,57164,54333,66261,69714,67791,72756,60383,55262,68278,60316,74015,70772,59380,59716,62757,65944,64803,71356,64076,86875,81573,71905,63909,82462,75094,92361,52774,72237,63868,88543,68324,69037,82444,86948,60734,57184,58346,96269,63410,93791,80343,69024,84728,57152,86026,70893,67230,51298,93362,59640,69214,78936,100725,66317,58159,78724,60830,66657,71005,78667,57550,61853,71550,84624,56850,82635,76112,77267,73194,76460,75111,93032,108550,66346,52077,78796,60384,99345,94775,98227,54217,81772,58934,77067,55094,83277,71690,79899,87569,62473,93763,98474,82682,61461,63313,111345,64725,80778,71820,78362,63584,67632,87552,92420,56924,90891,80115,101812,64261,89617,76264,80593,64345,93087,89185,81320,88276,60190,58561,66353,98866,84712,81692,68051,74199,63293,86174,58711,66109,64586,87269,71880,74646,101425,68949,83085,68292,73994,55374,65647,72529,75544,68441,71433,88418,74862,61558,54004,61892,70437,64718,74865,72082,87304,67155,57995,77677,67640,57424,71700,83869,75555,75102,71581,62601,69875,81530
STAT,popedge,Conflicts,215,0,0,0,0,0,0,0,0,0,0,0,0,0,0,0,0,0,0,0,0,0,0,0,0,0,0,0,0,0,0,0,0,0,0,0,0,0,0,0,0,0,0,0,0,0,0,0,0,0,0,0,0,0,0,0,0,0,0,0,0,0,0,0,0,0,0,0,0,0,0,0,0,0,0,0,0,0,0,0,0,0,0,0,0,0,0,0,0,0,0,0,0,0,0,0,0,0,0,0,0,0,0,0,0,0,0,0,0,0,0,0,0,0,0,0,0,0,0,0,0,0,0,0,0,0,0,0,0,0,0,0,0,0,0,0,0,0,0,0,0,0,0,0,0,0,0,0,0,0,0,0,0,0,0,0,0,0,0,0,0,0,0,0,0,0,0,0,0,0,0,0,0,0,0,0,0,0,0,0,0,0,0,0,0,0,0,0,0,0,0,0,0,0,0,0,0,0,0,0,0,0,0,0,0,0,0,0,0,0,0,0,0,0,0,0,0
STAT,popedge,Iterations,215,7355462,33608,33987,31940,31961,32450,33057,31599,32330,33690,32829,32148,32479,33317,30077,32185,32045,34130,33895,33563,32701,31846,32515,32828,29204,33710,33475,31435,33017,32068,34445,33709,33121,36293,35275,36336,38472,37157,36038,39240,34226,35424,34772,35503,34054,35063,37819,35816,36971,37773,36737,35634,35228,35517,35914,34991,36043,35090,34946,35763,34949,35531,30672,32717,33219,32598,28960,32381,32090,32957,31609,33891,32482,32479,31700,30914,32381,30256,31277,30585,31769,30290,34160,33333,30817,31060,34560,33262,33913,32658,32209,34046,32797,35113,36390,35151,37116,37709,36801,36376,36562,35441,35502,37723,35440,37079,34747,37951,35393,36012,36906,36137,34338,37648,37184,37244,34627,35719,38460,37096,39048,41070,36671,30888,31019,30406,31884,34399,35720,33196,32417,32816,32454,33742,33312,32520,32098,35239,29905,34503,33353,32974,30693,31207,39159,31680,32802,32518,31903,33388,33245,31457,34709,31466,31926,34985,36504,36325,35321,37517,35472,37695,36415,35661,39230,37575,36021,35290,35318,38651,37788,39289,36512,36616,36208,38031,35713,35870,35453,36133,35457,38411,38540,36066,33832,32372,32766,34675,34323,35001,31069,33038,31721,32888,33490,34017,34338,32597,33547,30186,34205,33353,33374,31447,33334,32275,30700,33095,34454,31121,35005,34095,31130,35170,31834,33310
STAT,refine,Conflicts,215,5921,84,76,80,74,72,67,70,59,61,59,66,64,60,66,63,57,48,53,57,45,48,57,56,51,45,48,48,49,54,56,42,42,33,34,35,39,33,32,27,38,35,32,40,46,36,30,34,40,25,41,30,29,37,31,34,28,30,30,32,49,29,18,15,21,26,17,16,13,25,14,25,23,20,23,24,21,15,20,20,31,19,15,30,23,20,26,15,30,28,13,13,28,22,10,18,15,21,15,16,16,28,23,14,22,14,20,24,22,25,13,15,22,21,24,18,14,18,20,16,24,19,21,18,21,20,18,19,18,17,24,17,15,13,18,15,17,23,17,18,20,22,18,21,29,17,19,21,19,14,14,22,20,22,22,21,19,11,24,15,19,15,19,21,27,24,23,16,14,18,19,17,24,17,14,20,17,20,21,19,24,26,25,19,21,13,22,26,20,28,21,27,18,16,20,30,25,13,23,19,22,17,28,21,25,25,19,26,19,15,15,20,23,14,11,20
STAT,refine,Iterations,215,433879,2042,1191,1943,1888,1886,2042,1661,1843,1696,2023,1615,2361,2445,2216,2458,1596,2146,1464,2161,1329,1601,2121,1440,1590,1818,1593,2162,1433,1620,2182,1852,2203,1847,2200,2254,1980,1720,2095,2194,1462,1893,2478,1380,2512,2138,1608,2339,1696,1544,3575,2038,1974,2274,1812,1638,1415,1997,1428,2350,2340,1774,1688,1635,1593,2167,1478,2174,1896,2020,1645,2165,2148,2082,2357,1594,2200,1307,2349,1906,2537,1863,2573,2587,1734,1866,2322,1793,2295,1918,1589,1773,2000,2376,1829,2614,1702,1910,1697,1538,1892,2964,1904,1994,2391,1980,2091,2766,2783,2032,1637,2323,2213,2024,3394,1757,1759,1834,2324,2293,2768,2666,2517,1711,1687,1837,1954,1831,2521,1248,2316,1292,1984,1812,1885,2358,1406,2530,1245,2304,2137,2359,1413,2454,2894,1661,1846,2077,1899,1991,1608,1875,2090,1797,2506,2928,2583,1745,2012,1770,1963,1806,2253,2352,2440,1959,1583,1758,1964,2291,2617,2228,2610,2455,1789,2299,1525,1689,1584,2286,2007,3447,3033,2186,2417,1731,2038,2096,1704,2565,1563,2218,1478,2264,1966,2032,2130,1320,2305,1815,2368,1506,2390,1819,1919,2335,1554,1795,2195,1930,2328,1876,1928,2205,1469,2128
