Hello from MIC
Galois Benchmark Suite v2.2.0 (r0)
Copyright (C) 2013 The University of Texas at Austin
http://iss.ices.utexas.edu/galois/

application: GMetis
Partitions a graph into K parts and minimizing the graph cut
http://iss.ices.utexas.edu/?p=projects/galois/benchmarks/gMetis

INFO: CommandLine /work/02556/dpereira/MIC/apps/gmetis/gmetis -t=236 /work/02556/dpereira/Inputs/USA-road-d.W.gr 128
INFO: Hostname c558-003-mic0.stampede.tacc.utexas.edu
Created Graph with 6262104 nodes and 15248146 edges
Nodes 6262104| Edges 15248146 7624073

  Starting coarsening: 
Time coarsen:  4090 Size of final graph: 3171

  Sarting initial partitioning using GGGP:
Size in decade percentages:  -1,8 -0,115 1,5
Time clustering:  457

  Sarting refinnement with BKL2
Initial dist
Size in decade percentages:  -1,8 -0,115 1,5
Refined dist
Size in decade percentages:  -1,48 0,35 1,45
Time refinement:  2738


Time:  7464
Total edge cut : 8253

Part saved in : 0x7fffbf2d6860
STATTYPE,LOOP,CATEGORY,n,sum,T0,T1,T2,T3,T4,T5,T6,T7,T8,T9,T10,T11,T12,T13,T14,T15,T16,T17,T18,T19,T20,T21,T22,T23,T24,T25,T26,T27,T28,T29,T30,T31,T32,T33,T34,T35,T36,T37,T38,T39,T40,T41,T42,T43,T44,T45,T46,T47,T48,T49,T50,T51,T52,T53,T54,T55,T56,T57,T58,T59,T60,T61,T62,T63,T64,T65,T66,T67,T68,T69,T70,T71,T72,T73,T74,T75,T76,T77,T78,T79,T80,T81,T82,T83,T84,T85,T86,T87,T88,T89,T90,T91,T92,T93,T94,T95,T96,T97,T98,T99,T100,T101,T102,T103,T104,T105,T106,T107,T108,T109,T110,T111,T112,T113,T114,T115,T116,T117,T118,T119,T120,T121,T122,T123,T124,T125,T126,T127,T128,T129,T130,T131,T132,T133,T134,T135,T136,T137,T138,T139,T140,T141,T142,T143,T144,T145,T146,T147,T148,T149,T150,T151,T152,T153,T154,T155,T156,T157,T158,T159,T160,T161,T162,T163,T164,T165,T166,T167,T168,T169,T170,T171,T172,T173,T174,T175,T176,T177,T178,T179,T180,T181,T182,T183,T184,T185,T186,T187,T188,T189,T190,T191,T192,T193,T194,T195,T196,T197,T198,T199,T200,T201,T202,T203,T204,T205,T206,T207,T208,T209,T210,T211,T212,T213,T214,T215,T216,T217,T218,T219,T220,T221,T222,T223,T224,T225,T226,T227,T228,T229,T230,T231,T232,T233,T234,T235
STAT,(NULL),Coarsen,236,4090,4090,0,0,0,0,0,0,0,0,0,0,0,0,0,0,0,0,0,0,0,0,0,0,0,0,0,0,0,0,0,0,0,0,0,0,0,0,0,0,0,0,0,0,0,0,0,0,0,0,0,0,0,0,0,0,0,0,0,0,0,0,0,0,0,0,0,0,0,0,0,0,0,0,0,0,0,0,0,0,0,0,0,0,0,0,0,0,0,0,0,0,0,0,0,0,0,0,0,0,0,0,0,0,0,0,0,0,0,0,0,0,0,0,0,0,0,0,0,0,0,0,0,0,0,0,0,0,0,0,0,0,0,0,0,0,0,0,0,0,0,0,0,0,0,0,0,0,0,0,0,0,0,0,0,0,0,0,0,0,0,0,0,0,0,0,0,0,0,0,0,0,0,0,0,0,0,0,0,0,0,0,0,0,0,0,0,0,0,0,0,0,0,0,0,0,0,0,0,0,0,0,0,0,0,0,0,0,0,0,0,0,0,0,0,0,0,0,0,0,0,0,0,0,0,0,0,0,0,0,0,0,0,0,0,0,0
STAT,(NULL),Conflicts,236,0,0,0,0,0,0,0,0,0,0,0,0,0,0,0,0,0,0,0,0,0,0,0,0,0,0,0,0,0,0,0,0,0,0,0,0,0,0,0,0,0,0,0,0,0,0,0,0,0,0,0,0,0,0,0,0,0,0,0,0,0,0,0,0,0,0,0,0,0,0,0,0,0,0,0,0,0,0,0,0,0,0,0,0,0,0,0,0,0,0,0,0,0,0,0,0,0,0,0,0,0,0,0,0,0,0,0,0,0,0,0,0,0,0,0,0,0,0,0,0,0,0,0,0,0,0,0,0,0,0,0,0,0,0,0,0,0,0,0,0,0,0,0,0,0,0,0,0,0,0,0,0,0,0,0,0,0,0,0,0,0,0,0,0,0,0,0,0,0,0,0,0,0,0,0,0,0,0,0,0,0,0,0,0,0,0,0,0,0,0,0,0,0,0,0,0,0,0,0,0,0,0,0,0,0,0,0,0,0,0,0,0,0,0,0,0,0,0,0,0,0,0,0,0,0,0,0,0,0,0,0,0,0,0,0,0,0
STAT,(NULL),Iterations,236,255,8,0,0,2,0,0,3,2,0,0,0,0,0,0,2,1,0,1,0,0,4,0,0,3,1,0,0,0,1,1,0,7,0,0,2,2,0,0,6,0,2,0,1,0,0,0,2,3,7,0,0,0,4,3,2,1,0,5,1,0,0,2,0,0,2,2,0,5,0,3,1,0,0,0,0,4,0,2,3,1,0,3,0,0,3,0,0,1,0,0,1,1,2,0,0,0,0,1,2,3,1,0,0,0,3,0,0,0,0,0,0,0,0,1,2,0,0,0,2,0,0,4,0,0,0,4,0,3,3,0,1,5,0,5,1,0,1,0,0,0,0,1,0,3,0,1,0,0,0,0,1,2,2,0,4,2,0,1,0,1,0,0,3,1,2,2,3,1,1,2,1,0,0,0,2,0,1,2,0,2,4,0,0,0,0,0,3,0,0,3,1,0,6,3,2,1,2,5,0,0,0,2,0,0,0,1,0,0,4,0,0,0,0,2,4,0,3,0,0,3,2,0,0,0,0,0,0,4,0,0,0,0,0,0,0,4
STAT,(NULL),MeminfoPost,236,757052,3213,3206,3211,3211,3216,3221,3206,3205,3214,3200,3200,3210,3220,3217,3236,3255,3218,3198,3203,3200,3206,3205,3212,3214,3214,3227,3199,3219,3214,3205,3198,3199,3207,3217,3214,3215,3199,3197,3198,3210,3210,3195,3222,3223,3209,3221,3206,3203,3206,3198,3217,3205,3223,3219,3260,3227,3216,3194,3206,3203,3197,3219,3209,3217,3219,3212,3217,3209,3212,3194,3206,3200,3205,3217,3219,3201,3205,3197,3203,3204,3218,3213,3205,3206,3227,3233,3201,3204,3215,3212,3215,3199,3211,3210,3200,3204,3199,3203,3216,3194,3191,3205,3210,3218,3216,3204,3198,3208,3201,3203,3195,3192,3201,3208,3198,3202,3227,3228,3217,3208,3195,3202,3201,3218,3211,3197,3195,3189,3194,3211,3210,3210,3218,3219,3215,3206,3207,3203,3195,3217,3197,3203,3201,3204,3191,3196,3195,3205,3190,3204,3214,3198,3192,3214,3225,3233,3226,3230,3208,3196,3201,3201,3222,3195,3191,3194,3205,3210,3213,3218,3215,3205,3208,3194,3213,3198,3201,3205,3192,3197,3198,3195,3217,3197,3191,3214,3223,3231,3228,3226,3214,3205,3199,3203,3193,3198,3209,3213,3231,3230,3219,3219,3230,3217,3200,3199,3207,3205,3202,3215,3198,3203,3197,3185,3204,3189,3201,3231,3194,3191,3193,3197,3196,3196,3191,3222,3198,3199,3206,3208,3209,3208,3209,3208,3206,3203
STAT,(NULL),MeminfoPre,236,189236,807,800,805,805,810,815,800,799,808,794,794,804,814,811,830,849,812,792,797,794,800,799,806,808,808,821,793,813,808,799,792,793,801,811,808,809,793,791,792,804,804,789,816,817,803,815,800,797,800,792,811,799,817,813,854,821,810,788,800,797,791,813,803,811,813,806,811,803,806,788,800,794,799,811,813,795,799,791,797,798,812,807,799,800,821,827,795,798,809,806,809,793,805,804,794,798,793,797,810,788,785,799,804,812,810,798,792,802,795,797,789,786,795,802,792,796,821,822,811,802,789,796,795,812,805,791,789,783,788,805,804,804,812,813,809,800,801,797,789,811,791,797,795,798,785,790,789,799,784,798,808,792,786,808,819,827,820,824,802,790,795,795,816,789,785,788,799,804,807,812,809,799,802,788,807,792,795,799,786,791,792,789,811,791,785,808,817,825,822,820,808,799,793,797,787,792,803,807,825,824,813,813,824,811,794,793,801,799,796,809,792,797,791,779,798,783,795,825,788,785,787,791,790,790,785,816,792,793,800,802,803,802,803,802,800,797
STAT,(NULL),Partition,236,457,457,0,0,0,0,0,0,0,0,0,0,0,0,0,0,0,0,0,0,0,0,0,0,0,0,0,0,0,0,0,0,0,0,0,0,0,0,0,0,0,0,0,0,0,0,0,0,0,0,0,0,0,0,0,0,0,0,0,0,0,0,0,0,0,0,0,0,0,0,0,0,0,0,0,0,0,0,0,0,0,0,0,0,0,0,0,0,0,0,0,0,0,0,0,0,0,0,0,0,0,0,0,0,0,0,0,0,0,0,0,0,0,0,0,0,0,0,0,0,0,0,0,0,0,0,0,0,0,0,0,0,0,0,0,0,0,0,0,0,0,0,0,0,0,0,0,0,0,0,0,0,0,0,0,0,0,0,0,0,0,0,0,0,0,0,0,0,0,0,0,0,0,0,0,0,0,0,0,0,0,0,0,0,0,0,0,0,0,0,0,0,0,0,0,0,0,0,0,0,0,0,0,0,0,0,0,0,0,0,0,0,0,0,0,0,0,0,0,0,0,0,0,0,0,0,0,0,0,0,0,0,0,0,0,0,0
STAT,(NULL),Refine,236,2738,2738,0,0,0,0,0,0,0,0,0,0,0,0,0,0,0,0,0,0,0,0,0,0,0,0,0,0,0,0,0,0,0,0,0,0,0,0,0,0,0,0,0,0,0,0,0,0,0,0,0,0,0,0,0,0,0,0,0,0,0,0,0,0,0,0,0,0,0,0,0,0,0,0,0,0,0,0,0,0,0,0,0,0,0,0,0,0,0,0,0,0,0,0,0,0,0,0,0,0,0,0,0,0,0,0,0,0,0,0,0,0,0,0,0,0,0,0,0,0,0,0,0,0,0,0,0,0,0,0,0,0,0,0,0,0,0,0,0,0,0,0,0,0,0,0,0,0,0,0,0,0,0,0,0,0,0,0,0,0,0,0,0,0,0,0,0,0,0,0,0,0,0,0,0,0,0,0,0,0,0,0,0,0,0,0,0,0,0,0,0,0,0,0,0,0,0,0,0,0,0,0,0,0,0,0,0,0,0,0,0,0,0,0,0,0,0,0,0,0,0,0,0,0,0,0,0,0,0,0,0,0,0,0,0,0,0
STAT,(NULL),Threads,236,236,236,0,0,0,0,0,0,0,0,0,0,0,0,0,0,0,0,0,0,0,0,0,0,0,0,0,0,0,0,0,0,0,0,0,0,0,0,0,0,0,0,0,0,0,0,0,0,0,0,0,0,0,0,0,0,0,0,0,0,0,0,0,0,0,0,0,0,0,0,0,0,0,0,0,0,0,0,0,0,0,0,0,0,0,0,0,0,0,0,0,0,0,0,0,0,0,0,0,0,0,0,0,0,0,0,0,0,0,0,0,0,0,0,0,0,0,0,0,0,0,0,0,0,0,0,0,0,0,0,0,0,0,0,0,0,0,0,0,0,0,0,0,0,0,0,0,0,0,0,0,0,0,0,0,0,0,0,0,0,0,0,0,0,0,0,0,0,0,0,0,0,0,0,0,0,0,0,0,0,0,0,0,0,0,0,0,0,0,0,0,0,0,0,0,0,0,0,0,0,0,0,0,0,0,0,0,0,0,0,0,0,0,0,0,0,0,0,0,0,0,0,0,0,0,0,0,0,0,0,0,0,0,0,0,0,0
STAT,(NULL),Time,236,7464,7464,0,0,0,0,0,0,0,0,0,0,0,0,0,0,0,0,0,0,0,0,0,0,0,0,0,0,0,0,0,0,0,0,0,0,0,0,0,0,0,0,0,0,0,0,0,0,0,0,0,0,0,0,0,0,0,0,0,0,0,0,0,0,0,0,0,0,0,0,0,0,0,0,0,0,0,0,0,0,0,0,0,0,0,0,0,0,0,0,0,0,0,0,0,0,0,0,0,0,0,0,0,0,0,0,0,0,0,0,0,0,0,0,0,0,0,0,0,0,0,0,0,0,0,0,0,0,0,0,0,0,0,0,0,0,0,0,0,0,0,0,0,0,0,0,0,0,0,0,0,0,0,0,0,0,0,0,0,0,0,0,0,0,0,0,0,0,0,0,0,0,0,0,0,0,0,0,0,0,0,0,0,0,0,0,0,0,0,0,0,0,0,0,0,0,0,0,0,0,0,0,0,0,0,0,0,0,0,0,0,0,0,0,0,0,0,0,0,0,0,0,0,0,0,0,0,0,0,0,0,0,0,0,0,0,0
STAT,match,Conflicts,236,6307,42,38,43,41,39,41,35,42,33,47,34,48,41,41,45,40,41,42,53,24,33,39,42,41,41,36,36,42,43,32,33,36,34,33,39,31,32,34,41,33,27,26,36,33,38,31,31,31,31,39,32,36,30,25,31,30,24,32,21,33,30,26,22,22,22,25,26,29,29,22,30,21,22,28,22,28,19,23,18,30,16,19,27,23,23,28,20,23,21,22,21,22,24,22,22,26,21,16,19,19,24,23,25,22,22,21,23,21,23,21,23,22,25,19,24,22,18,22,27,24,18,25,18,20,24,24,21,19,20,33,20,29,22,25,30,28,29,19,25,29,27,24,21,26,35,22,19,18,24,22,24,19,26,33,22,27,20,27,30,24,26,24,33,22,27,18,21,27,21,22,29,28,23,20,23,22,28,21,23,24,20,24,22,28,24,24,30,26,22,18,22,23,31,26,23,23,16,31,17,25,22,32,20,21,23,19,23,24,22,20,28,31,19,25,25,25,23,25,23,29,25,26,19,25,16,24,20,21,26,21,21,28,24,24,23,23
STAT,match,Iterations,236,15042294,59613,47633,33424,59401,58799,60437,48525,57947,42756,62396,29304,63626,55542,43880,60212,42283,54481,47868,49038,70246,48702,79235,52684,54500,45616,46963,59716,40646,39575,52788,53224,48921,54223,49144,44647,66071,61404,49631,39336,53660,55561,59224,56839,36177,43699,59162,38734,71444,51672,46491,52142,52841,70372,76884,53801,32020,49319,54354,73594,50885,85410,58371,54918,70197,64594,70372,59908,69503,80314,60355,78110,85036,80245,43602,66722,59465,66230,74333,76465,51861,64202,72289,60380,66671,69256,62973,70322,51489,60809,79470,75090,71383,50432,62431,66213,49014,77774,95054,74300,76728,64281,67722,39945,50876,70837,56099,72666,50805,68629,51550,63078,69012,70676,75148,64337,84997,73458,55044,70653,74109,69801,70673,75869,63799,50501,83352,53265,85744,62249,81162,61051,63156,77694,70601,83295,65463,78185,83441,80733,55714,84121,56449,66240,83563,67345,57370,74655,82497,68197,65770,90583,69559,59374,45218,70824,68693,76954,71172,46848,53652,59353,67103,66923,49334,57291,78575,86315,63877,65796,63090,83027,93523,57352,81120,65598,65794,69375,68717,63300,63880,81454,73451,68789,62130,45129,66071,54527,68361,94075,72019,77823,77314,74108,47775,58187,74245,70996,78507,66139,66052,70722,66736,53260,72544,64790,55089,74749,71968,49460,62549,66378,42701,82074,58433,77239,57754,68498,54817,69539,75770,56243,69827,72139,62519,72232,87774,44279,62184,50190,72438,65842,65954,77132,54746,79606,53267
STAT,popedge,Conflicts,236,0,0,0,0,0,0,0,0,0,0,0,0,0,0,0,0,0,0,0,0,0,0,0,0,0,0,0,0,0,0,0,0,0,0,0,0,0,0,0,0,0,0,0,0,0,0,0,0,0,0,0,0,0,0,0,0,0,0,0,0,0,0,0,0,0,0,0,0,0,0,0,0,0,0,0,0,0,0,0,0,0,0,0,0,0,0,0,0,0,0,0,0,0,0,0,0,0,0,0,0,0,0,0,0,0,0,0,0,0,0,0,0,0,0,0,0,0,0,0,0,0,0,0,0,0,0,0,0,0,0,0,0,0,0,0,0,0,0,0,0,0,0,0,0,0,0,0,0,0,0,0,0,0,0,0,0,0,0,0,0,0,0,0,0,0,0,0,0,0,0,0,0,0,0,0,0,0,0,0,0,0,0,0,0,0,0,0,0,0,0,0,0,0,0,0,0,0,0,0,0,0,0,0,0,0,0,0,0,0,0,0,0,0,0,0,0,0,0,0,0,0,0,0,0,0,0,0,0,0,0,0,0,0,0,0,0,0
STAT,popedge,Iterations,236,7368129,30355,30204,29643,31306,30037,30387,30482,30532,28232,31117,31264,31065,30684,30365,30882,30162,30495,30793,32387,29479,29652,28849,30064,32403,30891,32450,30559,31011,31009,31436,30170,32745,31562,31461,29654,30245,32021,31218,31444,30555,29511,29677,29908,29718,31504,30531,30871,30665,30697,31192,29042,31549,32205,33161,32688,33695,33592,36357,35293,33356,31490,31064,30494,28698,30974,28136,30934,28553,30284,27857,29186,29007,31621,30171,29486,30841,30507,32312,29291,31765,31017,31305,29455,28085,29450,29933,30163,29967,29493,29774,31068,31153,31540,29096,30346,30276,33718,33846,30947,31336,31405,30233,29648,31452,31519,30935,31407,29852,31310,30741,33905,28350,29673,31435,33279,34300,33417,34013,35497,35443,33442,35838,32604,29310,29560,31427,30502,32138,30729,31924,32006,31905,31319,30172,31199,29211,30469,31109,32682,31891,34403,32831,30800,29511,30922,31642,31203,29965,31198,30028,31737,32142,33293,31182,29170,30670,28716,30787,32279,33195,30242,30858,31510,30408,32048,29287,32330,33282,31415,30188,28788,31478,31193,31070,33986,34696,35072,34757,32772,33129,36815,34607,34105,30568,31949,30566,30607,28420,33293,30388,29666,29772,31155,29983,30707,31779,29787,29913,31517,31343,31062,33318,31480,31199,31214,29930,32948,31332,31077,31962,30408,30289,32038,32206,31102,30868,29865,30051,32003,31378,33999,30969,29130,33724,29728,33021,33453,31539,30236,32032,30577,31666,30241,31018,32296,31275
STAT,refine,Conflicts,236,7281,99,102,98,104,90,94,84,90,76,84,83,75,85,80,86,73,70,71,66,60,63,72,63,69,58,61,60,61,70,64,47,45,35,42,47,48,51,42,47,33,39,40,53,43,40,48,31,44,43,50,24,44,43,46,51,39,36,46,36,41,44,18,19,25,18,19,23,19,21,12,24,19,24,16,22,25,28,33,18,23,16,22,23,20,17,23,29,19,24,31,27,29,23,13,20,19,18,16,14,26,20,17,24,14,19,23,25,20,25,19,21,12,21,20,26,24,23,26,23,22,29,21,19,15,29,28,14,22,23,30,19,26,16,21,27,20,24,18,21,19,15,21,16,20,20,24,20,21,19,16,21,24,17,18,10,19,16,15,17,16,25,15,23,18,23,29,22,13,15,17,22,32,8,23,21,25,25,18,18,25,22,20,16,30,17,13,19,22,26,23,23,25,20,20,24,25,29,26,20,26,19,21,14,21,19,16,19,19,20,20,17,23,17,20,22,20,18,17,21,21,23,26,16,19,22,25,18,20,23,19,22,23,20,23,23,18
STAT,refine,Iterations,236,141054,743,637,641,749,612,684,572,787,532,618,558,824,769,758,758,788,734,675,635,510,673,665,731,772,552,514,522,427,512,597,539,532,464,504,433,501,625,443,441,517,435,441,649,497,469,559,417,617,640,699,549,722,757,607,820,491,578,516,479,640,821,706,596,718,695,356,541,628,836,362,624,471,705,557,501,614,749,777,517,687,465,455,601,492,759,729,478,411,614,573,605,594,439,456,596,455,596,656,718,642,600,462,353,375,655,560,608,504,725,528,813,482,764,700,591,698,626,694,448,868,687,766,759,518,633,825,474,617,409,705,454,616,439,751,912,516,659,584,728,562,818,536,440,704,616,591,707,694,523,529,642,590,484,557,443,589,560,665,458,493,591,603,733,363,657,426,641,501,465,580,665,686,493,791,770,521,875,803,674,486,605,698,572,769,432,596,692,442,849,627,718,474,444,326,649,690,587,752,584,744,534,718,427,566,547,637,779,656,458,459,490,441,424,451,643,383,621,357,653,677,574,503,547,443,634,698,373,431,518,499,643,694,774,503,780,713
