Hello from MIC
Galois Benchmark Suite v2.2.0 (r0)
Copyright (C) 2013 The University of Texas at Austin
http://iss.ices.utexas.edu/galois/

application: GMetis
Partitions a graph into K parts and minimizing the graph cut
http://iss.ices.utexas.edu/?p=projects/galois/benchmarks/gMetis

INFO: CommandLine /work/02556/dpereira/MIC/apps/gmetis/gmetis -t=129 /work/02556/dpereira/Inputs/USA-road-d.W.gr 16
INFO: Hostname c558-001-mic0.stampede.tacc.utexas.edu
Created Graph with 6262104 nodes and 15248146 edges
Nodes 6262104| Edges 15248146 7624073

  Starting coarsening: 
Time coarsen:  2682 Size of final graph: 431

  Sarting initial partitioning using GGGP:
Size in decade percentages:  -0,16
Time clustering:  369

  Sarting refinnement with BKL2
Initial dist
Size in decade percentages:  -0,16
Refined dist
Size in decade percentages:  -1,7 -0,3 1,6
Time refinement:  1546


Time:  4776
Total edge cut : 1787

Part saved in : 0x7fffb3dcbc60
STATTYPE,LOOP,CATEGORY,n,sum,T0,T1,T2,T3,T4,T5,T6,T7,T8,T9,T10,T11,T12,T13,T14,T15,T16,T17,T18,T19,T20,T21,T22,T23,T24,T25,T26,T27,T28,T29,T30,T31,T32,T33,T34,T35,T36,T37,T38,T39,T40,T41,T42,T43,T44,T45,T46,T47,T48,T49,T50,T51,T52,T53,T54,T55,T56,T57,T58,T59,T60,T61,T62,T63,T64,T65,T66,T67,T68,T69,T70,T71,T72,T73,T74,T75,T76,T77,T78,T79,T80,T81,T82,T83,T84,T85,T86,T87,T88,T89,T90,T91,T92,T93,T94,T95,T96,T97,T98,T99,T100,T101,T102,T103,T104,T105,T106,T107,T108,T109,T110,T111,T112,T113,T114,T115,T116,T117,T118,T119,T120,T121,T122,T123,T124,T125,T126,T127,T128
STAT,(NULL),Coarsen,129,2682,2682,0,0,0,0,0,0,0,0,0,0,0,0,0,0,0,0,0,0,0,0,0,0,0,0,0,0,0,0,0,0,0,0,0,0,0,0,0,0,0,0,0,0,0,0,0,0,0,0,0,0,0,0,0,0,0,0,0,0,0,0,0,0,0,0,0,0,0,0,0,0,0,0,0,0,0,0,0,0,0,0,0,0,0,0,0,0,0,0,0,0,0,0,0,0,0,0,0,0,0,0,0,0,0,0,0,0,0,0,0,0,0,0,0,0,0,0,0,0,0,0,0,0,0,0,0,0,0,0
STAT,(NULL),Conflicts,129,0,0,0,0,0,0,0,0,0,0,0,0,0,0,0,0,0,0,0,0,0,0,0,0,0,0,0,0,0,0,0,0,0,0,0,0,0,0,0,0,0,0,0,0,0,0,0,0,0,0,0,0,0,0,0,0,0,0,0,0,0,0,0,0,0,0,0,0,0,0,0,0,0,0,0,0,0,0,0,0,0,0,0,0,0,0,0,0,0,0,0,0,0,0,0,0,0,0,0,0,0,0,0,0,0,0,0,0,0,0,0,0,0,0,0,0,0,0,0,0,0,0,0,0,0,0,0,0,0,0
STAT,(NULL),Iterations,129,31,5,0,0,0,0,0,0,0,1,0,0,0,0,0,0,0,0,0,0,1,0,0,0,0,0,0,0,0,0,0,0,0,0,0,0,0,0,0,0,0,2,1,0,0,0,0,0,0,0,0,0,0,0,0,0,2,0,0,0,0,2,0,0,0,0,0,0,0,0,0,0,0,0,0,0,0,0,1,0,0,2,0,0,2,0,0,0,0,0,0,0,0,0,0,0,0,0,0,0,0,0,0,0,0,0,0,3,0,1,0,3,4,0,0,0,0,0,0,0,0,0,0,0,1,0,0,0,0,0
STAT,(NULL),MeminfoPost,129,756455,5871,5871,5871,5871,5864,5851,5874,5897,5923,5858,5855,5861,5871,5882,5878,5875,5846,5855,5875,5865,5851,5865,5848,5890,5872,5865,5863,5863,5881,5922,5898,5849,5855,5863,5876,5881,5873,5861,5850,5861,5881,5854,5852,5864,5867,5866,5906,5852,5879,5862,5871,5851,5853,5868,5836,5857,5877,5865,5857,5852,5842,5843,5858,5885,5888,5854,5850,5880,5845,5834,5852,5869,5879,5882,5856,5848,5863,5852,5851,5839,5850,5845,5861,5850,5900,5894,5883,5847,5874,5840,5838,5866,5878,5869,5852,5860,5855,5847,5842,5860,5841,5872,5900,5903,5861,5853,5840,5862,5906,5888,5897,5865,5848,5864,5860,5852,5835,5846,5871,5847,5831,5852,5835,5867,5852,5866,5864,5863,5862
STAT,(NULL),MeminfoPre,129,189113,1473,1473,1473,1473,1466,1453,1476,1499,1525,1460,1457,1463,1473,1484,1480,1477,1448,1457,1477,1467,1453,1467,1450,1492,1474,1467,1465,1465,1483,1524,1500,1451,1457,1465,1478,1483,1475,1463,1452,1463,1483,1456,1454,1466,1469,1468,1508,1454,1481,1464,1473,1453,1455,1470,1438,1459,1479,1467,1459,1454,1444,1445,1460,1487,1490,1456,1452,1482,1447,1436,1454,1471,1481,1484,1458,1450,1465,1454,1453,1441,1452,1447,1463,1452,1502,1496,1485,1449,1476,1442,1440,1468,1480,1471,1454,1462,1457,1449,1444,1462,1443,1474,1502,1505,1463,1455,1442,1464,1508,1490,1499,1467,1450,1466,1462,1454,1437,1448,1473,1449,1433,1454,1437,1469,1454,1468,1466,1465,1464
STAT,(NULL),Partition,129,369,369,0,0,0,0,0,0,0,0,0,0,0,0,0,0,0,0,0,0,0,0,0,0,0,0,0,0,0,0,0,0,0,0,0,0,0,0,0,0,0,0,0,0,0,0,0,0,0,0,0,0,0,0,0,0,0,0,0,0,0,0,0,0,0,0,0,0,0,0,0,0,0,0,0,0,0,0,0,0,0,0,0,0,0,0,0,0,0,0,0,0,0,0,0,0,0,0,0,0,0,0,0,0,0,0,0,0,0,0,0,0,0,0,0,0,0,0,0,0,0,0,0,0,0,0,0,0,0,0
STAT,(NULL),Refine,129,1546,1546,0,0,0,0,0,0,0,0,0,0,0,0,0,0,0,0,0,0,0,0,0,0,0,0,0,0,0,0,0,0,0,0,0,0,0,0,0,0,0,0,0,0,0,0,0,0,0,0,0,0,0,0,0,0,0,0,0,0,0,0,0,0,0,0,0,0,0,0,0,0,0,0,0,0,0,0,0,0,0,0,0,0,0,0,0,0,0,0,0,0,0,0,0,0,0,0,0,0,0,0,0,0,0,0,0,0,0,0,0,0,0,0,0,0,0,0,0,0,0,0,0,0,0,0,0,0,0,0
STAT,(NULL),Threads,129,129,129,0,0,0,0,0,0,0,0,0,0,0,0,0,0,0,0,0,0,0,0,0,0,0,0,0,0,0,0,0,0,0,0,0,0,0,0,0,0,0,0,0,0,0,0,0,0,0,0,0,0,0,0,0,0,0,0,0,0,0,0,0,0,0,0,0,0,0,0,0,0,0,0,0,0,0,0,0,0,0,0,0,0,0,0,0,0,0,0,0,0,0,0,0,0,0,0,0,0,0,0,0,0,0,0,0,0,0,0,0,0,0,0,0,0,0,0,0,0,0,0,0,0,0,0,0,0,0,0
STAT,(NULL),Time,129,4776,4776,0,0,0,0,0,0,0,0,0,0,0,0,0,0,0,0,0,0,0,0,0,0,0,0,0,0,0,0,0,0,0,0,0,0,0,0,0,0,0,0,0,0,0,0,0,0,0,0,0,0,0,0,0,0,0,0,0,0,0,0,0,0,0,0,0,0,0,0,0,0,0,0,0,0,0,0,0,0,0,0,0,0,0,0,0,0,0,0,0,0,0,0,0,0,0,0,0,0,0,0,0,0,0,0,0,0,0,0,0,0,0,0,0,0,0,0,0,0,0,0,0,0,0,0,0,0,0,0
STAT,match,Conflicts,129,6362,78,80,76,74,72,85,82,69,65,70,69,64,60,59,64,70,65,57,76,56,58,69,70,60,61,55,62,62,62,55,65,47,65,46,57,51,45,41,57,49,61,48,52,53,46,52,52,53,49,54,46,53,54,52,61,48,50,47,55,59,50,42,34,44,35,33,47,45,42,35,44,36,54,39,34,48,53,35,33,63,42,29,40,50,35,40,36,28,45,33,28,42,37,40,32,36,45,40,32,46,40,38,39,38,34,44,48,39,41,34,37,41,49,47,42,52,40,38,34,41,47,44,42,50,38,38,35,39,38
STAT,match,Iterations,129,14992152,66992,89934,104616,106170,78900,87750,64723,113670,95793,104048,113864,117907,106473,118932,122734,113894,124325,97233,105553,100475,80671,97789,99995,108423,117404,112852,95087,107928,109418,109468,90476,114131,95493,102853,92473,109264,124951,124024,93722,106546,96037,111447,117883,113104,106769,108305,97356,124525,99122,109194,120065,98234,132738,102242,110485,109880,115464,122943,101461,113595,115514,112549,112522,108752,122158,123786,99768,123868,135793,156749,135386,124517,97108,126360,125968,141194,115718,155996,150357,109840,138598,147656,126196,124283,132001,116880,123856,132334,125566,144612,140582,130383,135640,136628,135999,131993,121887,127712,152236,130855,132824,114990,114143,139460,131877,104861,115925,123961,132630,113582,120813,124001,137859,125280,126251,108605,118525,137282,133550,121626,139128,111986,99872,108364,110101,105207,115105,115305,121436
STAT,popedge,Conflicts,129,0,0,0,0,0,0,0,0,0,0,0,0,0,0,0,0,0,0,0,0,0,0,0,0,0,0,0,0,0,0,0,0,0,0,0,0,0,0,0,0,0,0,0,0,0,0,0,0,0,0,0,0,0,0,0,0,0,0,0,0,0,0,0,0,0,0,0,0,0,0,0,0,0,0,0,0,0,0,0,0,0,0,0,0,0,0,0,0,0,0,0,0,0,0,0,0,0,0,0,0,0,0,0,0,0,0,0,0,0,0,0,0,0,0,0,0,0,0,0,0,0,0,0,0,0,0,0,0,0,0
STAT,popedge,Iterations,129,7342738,50143,47942,49311,49004,50618,51998,50256,59769,58909,61296,57504,59167,58497,56533,56892,55668,60321,60384,61099,61147,62562,62288,60140,57820,57682,57601,60720,58150,57670,57704,58605,57671,58575,57742,57831,56556,57072,57356,59756,57677,57922,59995,57717,54649,52930,54917,52892,52846,56632,55044,54828,58653,57893,59852,60420,52794,56829,56949,59609,59659,55079,47699,50048,49969,49355,51763,51734,48877,60843,59521,59963,60879,57350,58036,56792,56870,57217,59177,54704,61181,57665,58272,58205,57678,58414,59781,59582,57376,55700,61513,61242,56806,58184,59592,56247,54630,57246,57863,61214,57567,58051,56421,56374,54768,57349,57037,56932,54518,57430,59595,60208,60482,60030,60918,62272,63849,55184,61626,56312,62917,63474,57906,49181,51476,52367,50898,50527,51608,50528
STAT,refine,Conflicts,129,4952,122,124,131,110,116,103,90,93,88,95,84,77,77,82,84,62,57,70,53,61,59,66,49,76,56,64,47,55,53,58,30,44,43,24,42,39,40,44,37,32,39,29,49,30,30,45,45,30,46,32,44,48,45,33,39,27,32,46,31,40,28,14,20,13,20,14,24,14,33,14,28,31,17,16,17,20,27,25,19,20,27,29,16,17,21,17,25,26,27,10,35,15,24,19,11,17,26,21,21,23,26,27,19,36,22,21,23,25,25,20,27,21,29,15,18,19,18,27,25,19,20,11,13,21,15,25,16,17,14
STAT,refine,Iterations,129,38271,399,376,443,412,393,438,365,422,257,397,437,319,433,474,352,268,311,269,270,281,333,211,235,406,244,259,285,259,352,265,146,328,257,197,468,324,308,271,315,179,176,299,406,266,200,252,263,237,353,206,215,264,419,366,207,255,349,304,345,344,261,271,248,233,242,270,372,244,315,194,318,306,210,288,299,366,344,272,213,273,317,321,143,116,264,219,293,279,222,244,300,218,438,295,222,382,318,341,419,342,201,245,285,361,290,285,306,361,261,203,245,257,326,323,457,273,264,369,258,346,395,211,227,168,246,349,312,287,244
