Hello from MIC
Galois Benchmark Suite v2.2.0 (r0)
Copyright (C) 2013 The University of Texas at Austin
http://iss.ices.utexas.edu/galois/

application: GMetis
Partitions a graph into K parts and minimizing the graph cut
http://iss.ices.utexas.edu/?p=projects/galois/benchmarks/gMetis

INFO: CommandLine /work/02556/dpereira/MIC/apps/gmetis/gmetis -t=152 /work/02556/dpereira/Inputs/USA-road-d.W.gr 128
INFO: Hostname c558-002-mic0.stampede.tacc.utexas.edu
Created Graph with 6262104 nodes and 15248146 edges
Nodes 6262104| Edges 15248146 7624073

  Starting coarsening: 
Time coarsen:  2653 Size of final graph: 3109

  Sarting initial partitioning using GGGP:
Size in decade percentages:  -1,6 -0,116 1,6
Time clustering:  436

  Sarting refinnement with BKL2
Initial dist
Size in decade percentages:  -1,6 -0,116 1,6
Refined dist
Size in decade percentages:  -1,46 -0,35 1,47
Time refinement:  1547


Time:  4814
Total edge cut : 7907

Part saved in : 0x7fff6201e7e0
STATTYPE,LOOP,CATEGORY,n,sum,T0,T1,T2,T3,T4,T5,T6,T7,T8,T9,T10,T11,T12,T13,T14,T15,T16,T17,T18,T19,T20,T21,T22,T23,T24,T25,T26,T27,T28,T29,T30,T31,T32,T33,T34,T35,T36,T37,T38,T39,T40,T41,T42,T43,T44,T45,T46,T47,T48,T49,T50,T51,T52,T53,T54,T55,T56,T57,T58,T59,T60,T61,T62,T63,T64,T65,T66,T67,T68,T69,T70,T71,T72,T73,T74,T75,T76,T77,T78,T79,T80,T81,T82,T83,T84,T85,T86,T87,T88,T89,T90,T91,T92,T93,T94,T95,T96,T97,T98,T99,T100,T101,T102,T103,T104,T105,T106,T107,T108,T109,T110,T111,T112,T113,T114,T115,T116,T117,T118,T119,T120,T121,T122,T123,T124,T125,T126,T127,T128,T129,T130,T131,T132,T133,T134,T135,T136,T137,T138,T139,T140,T141,T142,T143,T144,T145,T146,T147,T148,T149,T150,T151
STAT,(NULL),Coarsen,152,2653,2653,0,0,0,0,0,0,0,0,0,0,0,0,0,0,0,0,0,0,0,0,0,0,0,0,0,0,0,0,0,0,0,0,0,0,0,0,0,0,0,0,0,0,0,0,0,0,0,0,0,0,0,0,0,0,0,0,0,0,0,0,0,0,0,0,0,0,0,0,0,0,0,0,0,0,0,0,0,0,0,0,0,0,0,0,0,0,0,0,0,0,0,0,0,0,0,0,0,0,0,0,0,0,0,0,0,0,0,0,0,0,0,0,0,0,0,0,0,0,0,0,0,0,0,0,0,0,0,0,0,0,0,0,0,0,0,0,0,0,0,0,0,0,0,0,0,0,0,0,0,0,0
STAT,(NULL),Conflicts,152,0,0,0,0,0,0,0,0,0,0,0,0,0,0,0,0,0,0,0,0,0,0,0,0,0,0,0,0,0,0,0,0,0,0,0,0,0,0,0,0,0,0,0,0,0,0,0,0,0,0,0,0,0,0,0,0,0,0,0,0,0,0,0,0,0,0,0,0,0,0,0,0,0,0,0,0,0,0,0,0,0,0,0,0,0,0,0,0,0,0,0,0,0,0,0,0,0,0,0,0,0,0,0,0,0,0,0,0,0,0,0,0,0,0,0,0,0,0,0,0,0,0,0,0,0,0,0,0,0,0,0,0,0,0,0,0,0,0,0,0,0,0,0,0,0,0,0,0,0,0,0,0,0
STAT,(NULL),Iterations,152,255,9,0,1,1,3,2,0,1,0,4,2,1,0,2,0,1,0,1,0,2,1,3,1,0,2,2,0,0,0,0,7,2,2,1,7,6,0,0,5,1,1,1,1,0,3,4,0,5,2,1,2,2,2,4,5,0,3,0,4,0,0,4,5,1,0,2,0,2,0,0,0,0,0,1,0,3,0,1,2,0,4,0,0,0,3,1,0,2,0,0,3,2,4,4,3,1,0,6,0,10,7,1,0,3,0,4,2,2,1,2,1,0,3,0,5,7,2,0,2,0,0,0,1,4,1,2,0,2,2,1,0,0,1,2,2,0,0,0,0,2,0,3,0,0,0,0,2,2,2,3,2,5
STAT,(NULL),MeminfoPost,152,756529,4982,4977,4994,4979,4980,4979,4963,4983,4999,5035,5007,4960,4970,4969,4991,4981,4994,4986,4985,4961,4965,4988,4990,4969,4961,4975,4969,4995,4989,4982,4985,4965,4978,4990,5009,5027,4981,4970,4968,4983,4982,4990,4985,4986,4967,4969,4972,4996,4972,4971,4967,4981,4982,4975,5014,4978,4976,4988,4976,4981,4969,4968,4966,4982,4951,4975,4989,4980,4967,4973,4969,4954,4960,4976,4975,5011,4991,4959,4967,4989,4971,4950,4954,4976,4984,4991,4989,4976,4972,4969,4969,4972,4964,4956,4956,4961,4985,4960,4967,5004,5011,5000,4968,4966,4987,4957,4952,4977,4985,4991,4973,4968,4976,4966,4966,4955,4965,4974,4958,4979,5013,5009,4992,4969,4968,4956,4976,4997,5015,4989,5008,4974,4965,4977,4970,4974,4960,4953,4965,4957,4997,4955,4956,4954,4969,4971,4969,4972,4982,4975,4972,4977
STAT,(NULL),MeminfoPre,152,189113,1249,1244,1261,1246,1247,1246,1230,1250,1266,1302,1274,1227,1237,1236,1258,1248,1261,1253,1252,1228,1232,1255,1257,1236,1228,1242,1236,1262,1256,1249,1252,1232,1245,1257,1276,1294,1248,1237,1235,1250,1249,1257,1252,1253,1234,1236,1239,1263,1239,1238,1234,1248,1249,1242,1281,1245,1243,1255,1243,1248,1236,1235,1233,1249,1218,1242,1256,1247,1234,1240,1236,1221,1227,1243,1242,1278,1258,1226,1234,1256,1238,1217,1221,1243,1251,1258,1256,1243,1239,1236,1236,1239,1231,1223,1223,1228,1252,1227,1234,1271,1278,1267,1235,1233,1254,1224,1219,1244,1252,1258,1240,1235,1243,1233,1233,1222,1232,1241,1225,1246,1280,1276,1259,1236,1235,1223,1243,1264,1282,1256,1275,1241,1232,1244,1237,1241,1227,1220,1232,1224,1264,1222,1223,1221,1236,1238,1236,1239,1249,1242,1239,1244
STAT,(NULL),Partition,152,436,436,0,0,0,0,0,0,0,0,0,0,0,0,0,0,0,0,0,0,0,0,0,0,0,0,0,0,0,0,0,0,0,0,0,0,0,0,0,0,0,0,0,0,0,0,0,0,0,0,0,0,0,0,0,0,0,0,0,0,0,0,0,0,0,0,0,0,0,0,0,0,0,0,0,0,0,0,0,0,0,0,0,0,0,0,0,0,0,0,0,0,0,0,0,0,0,0,0,0,0,0,0,0,0,0,0,0,0,0,0,0,0,0,0,0,0,0,0,0,0,0,0,0,0,0,0,0,0,0,0,0,0,0,0,0,0,0,0,0,0,0,0,0,0,0,0,0,0,0,0,0,0
STAT,(NULL),Refine,152,1547,1547,0,0,0,0,0,0,0,0,0,0,0,0,0,0,0,0,0,0,0,0,0,0,0,0,0,0,0,0,0,0,0,0,0,0,0,0,0,0,0,0,0,0,0,0,0,0,0,0,0,0,0,0,0,0,0,0,0,0,0,0,0,0,0,0,0,0,0,0,0,0,0,0,0,0,0,0,0,0,0,0,0,0,0,0,0,0,0,0,0,0,0,0,0,0,0,0,0,0,0,0,0,0,0,0,0,0,0,0,0,0,0,0,0,0,0,0,0,0,0,0,0,0,0,0,0,0,0,0,0,0,0,0,0,0,0,0,0,0,0,0,0,0,0,0,0,0,0,0,0,0,0
STAT,(NULL),Threads,152,152,152,0,0,0,0,0,0,0,0,0,0,0,0,0,0,0,0,0,0,0,0,0,0,0,0,0,0,0,0,0,0,0,0,0,0,0,0,0,0,0,0,0,0,0,0,0,0,0,0,0,0,0,0,0,0,0,0,0,0,0,0,0,0,0,0,0,0,0,0,0,0,0,0,0,0,0,0,0,0,0,0,0,0,0,0,0,0,0,0,0,0,0,0,0,0,0,0,0,0,0,0,0,0,0,0,0,0,0,0,0,0,0,0,0,0,0,0,0,0,0,0,0,0,0,0,0,0,0,0,0,0,0,0,0,0,0,0,0,0,0,0,0,0,0,0,0,0,0,0,0,0,0
STAT,(NULL),Time,152,4814,4814,0,0,0,0,0,0,0,0,0,0,0,0,0,0,0,0,0,0,0,0,0,0,0,0,0,0,0,0,0,0,0,0,0,0,0,0,0,0,0,0,0,0,0,0,0,0,0,0,0,0,0,0,0,0,0,0,0,0,0,0,0,0,0,0,0,0,0,0,0,0,0,0,0,0,0,0,0,0,0,0,0,0,0,0,0,0,0,0,0,0,0,0,0,0,0,0,0,0,0,0,0,0,0,0,0,0,0,0,0,0,0,0,0,0,0,0,0,0,0,0,0,0,0,0,0,0,0,0,0,0,0,0,0,0,0,0,0,0,0,0,0,0,0,0,0,0,0,0,0,0,0
STAT,match,Conflicts,152,6415,68,57,69,70,49,59,63,55,62,60,60,51,56,60,57,55,47,52,49,62,56,50,50,61,59,50,59,58,57,52,48,62,41,55,43,46,48,52,41,43,41,50,45,52,45,48,39,45,43,36,50,41,48,47,37,51,45,46,49,50,49,34,34,26,33,28,32,35,34,32,35,39,33,31,33,43,41,43,28,32,39,33,43,44,28,35,36,30,34,36,45,32,42,37,34,32,39,31,33,49,33,43,30,43,38,31,44,31,29,37,37,50,34,47,37,33,45,39,30,35,34,43,35,26,43,27,40,34,35,28,35,30,35,30,39,30,30,39,40,34,37,34,44,31,45,38,47,38,33,42,35,31
STAT,match,Iterations,152,15019490,73305,69948,74846,58705,82424,68481,74763,75431,82127,82167,76033,75842,78105,69372,71099,86270,82623,63583,87668,93231,75833,91597,73642,83664,76535,75636,70874,81699,84706,85283,100604,96262,99707,88483,86752,102827,109346,110455,113155,99132,111406,76509,105962,105524,106531,104677,82828,109110,118804,113047,112313,94857,88809,105051,108575,104306,111776,88857,114761,88003,93932,100668,98519,120692,104754,97416,87053,94565,102815,95124,96059,101571,104745,118059,102351,91052,86365,99702,102783,108312,108124,102357,109845,87939,111236,104096,104376,98025,91064,87319,91508,123309,121815,105485,101147,113377,102855,117664,111563,111686,112017,114090,120846,114371,120065,136046,127274,125733,121222,119922,98308,100977,120138,111789,99424,118285,109948,127796,114003,122290,102716,110992,85780,97046,91567,108210,92803,89891,95391,100582,101416,110293,102516,93666,104578,91778,110979,94123,102769,98891,95584,118697,91850,105506,93638,90297,97191,84155,103655,112225,104521,106392
STAT,popedge,Conflicts,152,0,0,0,0,0,0,0,0,0,0,0,0,0,0,0,0,0,0,0,0,0,0,0,0,0,0,0,0,0,0,0,0,0,0,0,0,0,0,0,0,0,0,0,0,0,0,0,0,0,0,0,0,0,0,0,0,0,0,0,0,0,0,0,0,0,0,0,0,0,0,0,0,0,0,0,0,0,0,0,0,0,0,0,0,0,0,0,0,0,0,0,0,0,0,0,0,0,0,0,0,0,0,0,0,0,0,0,0,0,0,0,0,0,0,0,0,0,0,0,0,0,0,0,0,0,0,0,0,0,0,0,0,0,0,0,0,0,0,0,0,0,0,0,0,0,0,0,0,0,0,0,0,0
STAT,popedge,Iterations,152,7359640,45121,43438,43992,45990,45419,45973,46666,45753,44612,45609,44036,46266,46441,48444,47278,44551,44029,46461,46101,46870,49717,45979,49635,48043,47521,47898,47840,46364,44930,45029,52840,53908,51809,54274,52561,51373,52967,50530,52957,51161,51476,54011,52273,52641,54817,55010,53025,54591,52465,53715,51825,49502,50852,50596,49317,49750,51601,49634,48714,44076,50867,43296,42808,43809,44304,41995,43341,44743,44399,43523,44759,45534,44777,42579,45117,44995,45653,47047,46489,47041,45393,47345,47596,48139,46350,44974,47484,47968,45439,48264,47867,56821,54015,53780,53775,51781,53234,53589,55453,53958,52536,54074,54278,55835,52448,53914,51593,52899,53984,53001,53100,54577,50133,48677,52930,51925,53794,51172,49809,51907,47768,53114,42868,42919,44449,42481,42561,45694,45642,46277,44382,44148,44137,47333,43889,45309,43108,46693,45873,45438,45869,47161,48923,48096,46364,48303,46161,47166,45318,46413,46053,46566
STAT,refine,Conflicts,152,5681,114,116,117,120,88,99,101,95,81,83,89,77,74,80,75,63,60,56,62,52,64,62,62,59,59,55,65,49,53,65,50,34,48,33,47,40,51,38,33,30,62,40,40,54,34,48,43,41,39,36,39,36,37,46,35,40,46,41,40,41,49,25,22,26,33,25,25,25,15,23,23,26,31,20,21,21,15,17,23,27,28,14,17,22,33,17,19,31,20,21,26,19,22,27,26,25,30,29,28,27,21,35,26,29,33,20,26,29,27,23,22,31,22,21,29,18,27,16,28,23,31,28,21,21,33,24,15,13,17,27,19,23,21,22,18,21,24,17,18,16,17,16,20,19,11,24,23,13,25,24,23,21
STAT,refine,Iterations,152,133857,889,934,1069,929,912,740,937,760,922,1069,975,942,650,530,759,789,833,519,752,728,736,825,770,921,821,684,792,730,815,745,874,934,980,754,1205,1175,1196,846,1246,826,1271,825,882,1051,921,1044,801,1334,1250,1162,890,1008,688,1050,986,995,1057,852,1003,931,1059,1126,756,888,916,729,741,852,581,786,935,783,869,839,758,730,711,829,704,796,602,455,719,818,1089,733,857,712,781,839,743,958,1065,1011,745,935,1176,1143,1131,1329,860,1447,1074,1152,888,831,957,955,1394,1073,977,963,1029,844,1120,898,1028,849,888,1119,1219,1182,834,713,903,679,655,667,1034,656,960,792,736,869,632,553,790,573,689,664,632,675,523,734,571,951,938,656,702,845,1007,734
