Hello from MIC
Galois Benchmark Suite v2.2.0 (r0)
Copyright (C) 2013 The University of Texas at Austin
http://iss.ices.utexas.edu/galois/

application: GMetis
Partitions a graph into K parts and minimizing the graph cut
http://iss.ices.utexas.edu/?p=projects/galois/benchmarks/gMetis

INFO: CommandLine /work/02556/dpereira/MIC/apps/gmetis/gmetis -t=211 /work/02556/dpereira/Inputs/USA-road-d.W.gr 1024
INFO: Hostname c557-803-mic0.stampede.tacc.utexas.edu
Created Graph with 6262104 nodes and 15248146 edges
Nodes 6262104| Edges 15248146 7624073

  Starting coarsening: 
Time coarsen:  2938 Size of final graph: 22265

  Sarting initial partitioning using GGGP:
Size in decade percentages:  -1,71 -0,885 1,68
Time clustering:  1158

  Sarting refinnement with BKL2
Initial dist
Size in decade percentages:  -1,71 -0,885 1,68
Refined dist
Size in decade percentages:  -1,373 -0,268 1,382 3,1
Time refinement:  2051


Time:  6327
Total edge cut : 32636

Part saved in : 0x7fff4a0091e0
STATTYPE,LOOP,CATEGORY,n,sum,T0,T1,T2,T3,T4,T5,T6,T7,T8,T9,T10,T11,T12,T13,T14,T15,T16,T17,T18,T19,T20,T21,T22,T23,T24,T25,T26,T27,T28,T29,T30,T31,T32,T33,T34,T35,T36,T37,T38,T39,T40,T41,T42,T43,T44,T45,T46,T47,T48,T49,T50,T51,T52,T53,T54,T55,T56,T57,T58,T59,T60,T61,T62,T63,T64,T65,T66,T67,T68,T69,T70,T71,T72,T73,T74,T75,T76,T77,T78,T79,T80,T81,T82,T83,T84,T85,T86,T87,T88,T89,T90,T91,T92,T93,T94,T95,T96,T97,T98,T99,T100,T101,T102,T103,T104,T105,T106,T107,T108,T109,T110,T111,T112,T113,T114,T115,T116,T117,T118,T119,T120,T121,T122,T123,T124,T125,T126,T127,T128,T129,T130,T131,T132,T133,T134,T135,T136,T137,T138,T139,T140,T141,T142,T143,T144,T145,T146,T147,T148,T149,T150,T151,T152,T153,T154,T155,T156,T157,T158,T159,T160,T161,T162,T163,T164,T165,T166,T167,T168,T169,T170,T171,T172,T173,T174,T175,T176,T177,T178,T179,T180,T181,T182,T183,T184,T185,T186,T187,T188,T189,T190,T191,T192,T193,T194,T195,T196,T197,T198,T199,T200,T201,T202,T203,T204,T205,T206,T207,T208,T209,T210
STAT,(NULL),Coarsen,211,2938,2938,0,0,0,0,0,0,0,0,0,0,0,0,0,0,0,0,0,0,0,0,0,0,0,0,0,0,0,0,0,0,0,0,0,0,0,0,0,0,0,0,0,0,0,0,0,0,0,0,0,0,0,0,0,0,0,0,0,0,0,0,0,0,0,0,0,0,0,0,0,0,0,0,0,0,0,0,0,0,0,0,0,0,0,0,0,0,0,0,0,0,0,0,0,0,0,0,0,0,0,0,0,0,0,0,0,0,0,0,0,0,0,0,0,0,0,0,0,0,0,0,0,0,0,0,0,0,0,0,0,0,0,0,0,0,0,0,0,0,0,0,0,0,0,0,0,0,0,0,0,0,0,0,0,0,0,0,0,0,0,0,0,0,0,0,0,0,0,0,0,0,0,0,0,0,0,0,0,0,0,0,0,0,0,0,0,0,0,0,0,0,0,0,0,0,0,0,0,0,0,0,0,0,0,0,0,0,0,0,0,0
STAT,(NULL),Conflicts,211,0,0,0,0,0,0,0,0,0,0,0,0,0,0,0,0,0,0,0,0,0,0,0,0,0,0,0,0,0,0,0,0,0,0,0,0,0,0,0,0,0,0,0,0,0,0,0,0,0,0,0,0,0,0,0,0,0,0,0,0,0,0,0,0,0,0,0,0,0,0,0,0,0,0,0,0,0,0,0,0,0,0,0,0,0,0,0,0,0,0,0,0,0,0,0,0,0,0,0,0,0,0,0,0,0,0,0,0,0,0,0,0,0,0,0,0,0,0,0,0,0,0,0,0,0,0,0,0,0,0,0,0,0,0,0,0,0,0,0,0,0,0,0,0,0,0,0,0,0,0,0,0,0,0,0,0,0,0,0,0,0,0,0,0,0,0,0,0,0,0,0,0,0,0,0,0,0,0,0,0,0,0,0,0,0,0,0,0,0,0,0,0,0,0,0,0,0,0,0,0,0,0,0,0,0,0,0,0,0,0,0,0
STAT,(NULL),Iterations,211,2047,11,7,14,8,4,3,6,2,7,8,19,4,7,17,10,8,8,10,7,15,7,4,14,15,11,9,11,9,10,15,14,15,7,10,12,5,7,18,15,18,21,10,15,10,14,14,16,8,18,5,10,4,2,7,14,14,11,5,13,14,7,22,8,4,4,20,5,9,5,9,15,9,2,4,4,10,12,8,6,11,12,2,6,8,15,7,6,11,2,23,19,8,15,22,10,9,14,11,11,11,23,17,7,15,11,11,11,12,12,14,13,16,11,9,8,19,12,7,4,6,16,3,13,7,3,4,4,2,8,2,3,5,1,5,3,1,1,11,0,9,9,20,4,7,3,7,7,12,9,4,14,18,9,15,21,6,16,14,4,12,13,20,10,11,18,9,17,14,8,10,7,5,10,10,2,17,13,16,8,13,12,15,5,8,6,9,6,7,3,8,5,9,5,8,13,7,3,12,10,8,8,6,5,8,5,6,9,10,6,8,14
STAT,(NULL),MeminfoPost,211,756772,3593,3577,3592,3604,3589,3592,3584,3595,3576,3585,3584,3603,3603,3639,3611,3575,3581,3578,3582,3591,3591,3598,3595,3593,3590,3595,3576,3578,3582,3587,3594,3603,3579,3573,3579,3590,3587,3586,3591,3595,3596,3591,3587,3575,3580,3590,3602,3594,3637,3613,3598,3573,3585,3580,3582,3594,3588,3606,3590,3594,3590,3587,3574,3579,3583,3599,3598,3577,3582,3575,3585,3591,3595,3583,3583,3606,3611,3579,3587,3596,3591,3583,3587,3590,3577,3580,3579,3595,3576,3567,3580,3587,3598,3595,3582,3576,3584,3581,3574,3574,3577,3584,3575,3589,3610,3610,3585,3576,3576,3581,3599,3586,3573,3567,3568,3585,3588,3590,3597,3596,3598,3580,3587,3571,3590,3579,3581,3578,3584,3569,3570,3576,3575,3572,3598,3574,3569,3603,3609,3611,3604,3601,3572,3578,3586,3593,3572,3566,3578,3588,3595,3593,3595,3582,3582,3576,3587,3580,3584,3568,3573,3581,3567,3594,3572,3580,3602,3613,3609,3607,3590,3581,3573,3583,3571,3587,3593,3612,3610,3595,3609,3605,3585,3572,3582,3588,3583,3587,3581,3574,3570,3572,3576,3577,3610,3568,3569,3564,3595,3555,3570,3602,3575,3577,3583,3592,3586,3586,3590,3580,3583
STAT,(NULL),MeminfoPre,211,189182,903,887,902,914,899,902,894,905,886,895,894,913,913,949,921,885,891,888,892,901,901,908,905,903,900,905,886,888,892,897,904,913,889,883,889,900,897,896,901,905,906,901,897,885,890,900,912,904,947,923,908,883,895,890,892,904,898,916,900,904,900,897,884,889,893,909,908,887,892,885,895,901,905,893,893,916,921,889,897,906,901,893,897,900,887,890,889,905,886,877,890,897,908,905,892,886,894,891,884,884,887,894,885,899,920,920,895,886,886,891,909,896,883,877,878,895,898,900,907,906,908,890,897,881,900,889,891,888,894,879,880,886,885,882,908,884,879,913,919,921,914,911,882,888,896,903,882,876,888,898,905,903,905,892,892,886,897,890,894,878,883,891,877,904,882,890,912,923,919,917,900,891,883,893,881,897,903,922,920,905,919,915,895,882,892,898,893,897,891,884,880,882,886,887,920,878,879,874,905,865,880,912,885,887,893,902,896,896,900,890,893
STAT,(NULL),Partition,211,1158,1158,0,0,0,0,0,0,0,0,0,0,0,0,0,0,0,0,0,0,0,0,0,0,0,0,0,0,0,0,0,0,0,0,0,0,0,0,0,0,0,0,0,0,0,0,0,0,0,0,0,0,0,0,0,0,0,0,0,0,0,0,0,0,0,0,0,0,0,0,0,0,0,0,0,0,0,0,0,0,0,0,0,0,0,0,0,0,0,0,0,0,0,0,0,0,0,0,0,0,0,0,0,0,0,0,0,0,0,0,0,0,0,0,0,0,0,0,0,0,0,0,0,0,0,0,0,0,0,0,0,0,0,0,0,0,0,0,0,0,0,0,0,0,0,0,0,0,0,0,0,0,0,0,0,0,0,0,0,0,0,0,0,0,0,0,0,0,0,0,0,0,0,0,0,0,0,0,0,0,0,0,0,0,0,0,0,0,0,0,0,0,0,0,0,0,0,0,0,0,0,0,0,0,0,0,0,0,0,0,0,0
STAT,(NULL),Refine,211,2051,2051,0,0,0,0,0,0,0,0,0,0,0,0,0,0,0,0,0,0,0,0,0,0,0,0,0,0,0,0,0,0,0,0,0,0,0,0,0,0,0,0,0,0,0,0,0,0,0,0,0,0,0,0,0,0,0,0,0,0,0,0,0,0,0,0,0,0,0,0,0,0,0,0,0,0,0,0,0,0,0,0,0,0,0,0,0,0,0,0,0,0,0,0,0,0,0,0,0,0,0,0,0,0,0,0,0,0,0,0,0,0,0,0,0,0,0,0,0,0,0,0,0,0,0,0,0,0,0,0,0,0,0,0,0,0,0,0,0,0,0,0,0,0,0,0,0,0,0,0,0,0,0,0,0,0,0,0,0,0,0,0,0,0,0,0,0,0,0,0,0,0,0,0,0,0,0,0,0,0,0,0,0,0,0,0,0,0,0,0,0,0,0,0,0,0,0,0,0,0,0,0,0,0,0,0,0,0,0,0,0,0
STAT,(NULL),Threads,211,211,211,0,0,0,0,0,0,0,0,0,0,0,0,0,0,0,0,0,0,0,0,0,0,0,0,0,0,0,0,0,0,0,0,0,0,0,0,0,0,0,0,0,0,0,0,0,0,0,0,0,0,0,0,0,0,0,0,0,0,0,0,0,0,0,0,0,0,0,0,0,0,0,0,0,0,0,0,0,0,0,0,0,0,0,0,0,0,0,0,0,0,0,0,0,0,0,0,0,0,0,0,0,0,0,0,0,0,0,0,0,0,0,0,0,0,0,0,0,0,0,0,0,0,0,0,0,0,0,0,0,0,0,0,0,0,0,0,0,0,0,0,0,0,0,0,0,0,0,0,0,0,0,0,0,0,0,0,0,0,0,0,0,0,0,0,0,0,0,0,0,0,0,0,0,0,0,0,0,0,0,0,0,0,0,0,0,0,0,0,0,0,0,0,0,0,0,0,0,0,0,0,0,0,0,0,0,0,0,0,0,0
STAT,(NULL),Time,211,6327,6327,0,0,0,0,0,0,0,0,0,0,0,0,0,0,0,0,0,0,0,0,0,0,0,0,0,0,0,0,0,0,0,0,0,0,0,0,0,0,0,0,0,0,0,0,0,0,0,0,0,0,0,0,0,0,0,0,0,0,0,0,0,0,0,0,0,0,0,0,0,0,0,0,0,0,0,0,0,0,0,0,0,0,0,0,0,0,0,0,0,0,0,0,0,0,0,0,0,0,0,0,0,0,0,0,0,0,0,0,0,0,0,0,0,0,0,0,0,0,0,0,0,0,0,0,0,0,0,0,0,0,0,0,0,0,0,0,0,0,0,0,0,0,0,0,0,0,0,0,0,0,0,0,0,0,0,0,0,0,0,0,0,0,0,0,0,0,0,0,0,0,0,0,0,0,0,0,0,0,0,0,0,0,0,0,0,0,0,0,0,0,0,0,0,0,0,0,0,0,0,0,0,0,0,0,0,0,0,0,0,0
STAT,match,Conflicts,211,5956,58,52,44,42,49,40,40,55,44,43,38,41,45,50,49,36,37,40,37,38,40,40,39,44,46,32,47,39,30,39,36,30,35,40,27,31,32,29,27,35,28,29,26,36,29,26,32,31,39,24,36,31,29,30,32,35,34,28,31,38,33,25,22,26,22,24,20,22,29,27,26,20,21,22,27,21,22,21,23,20,26,26,21,27,27,35,23,28,28,25,23,21,18,27,26,30,31,18,29,21,25,23,27,19,26,24,20,23,26,20,22,27,25,19,24,25,30,23,27,27,24,20,22,30,30,24,31,19,24,26,27,25,26,22,20,28,28,21,25,24,22,22,18,24,18,26,29,29,26,19,18,28,27,22,26,24,27,23,24,22,30,22,23,29,24,29,20,30,25,24,32,25,28,24,25,27,23,24,27,21,35,28,21,26,27,26,24,20,18,22,26,26,24,31,26,23,25,24,21,24,32,23,24,22,24,25,34,31,21,30,26
STAT,match,Iterations,211,15014379,39229,49167,53571,51845,50846,64409,52619,44671,66232,63018,51430,63974,58099,41690,52539,64617,52948,65589,58234,49178,46455,61912,66779,56848,60521,56804,57478,63738,65842,40358,53781,56423,58877,66696,93876,77422,57477,68821,48769,54530,70701,81216,69874,70405,63970,76418,62295,60478,64446,72694,66118,75231,83196,67724,55923,54650,68565,61452,74594,62591,54614,73598,72420,78200,75523,72039,72982,69912,81580,61709,87479,91308,56525,61486,85417,65042,70859,69315,76633,67052,73573,66192,77182,74830,63293,80323,60606,61362,61166,68686,90662,85358,96302,66134,78713,75367,64074,100978,76105,75593,71319,68198,71638,84672,86847,68639,99995,68581,83849,90570,69636,58163,92173,84602,82286,87672,60245,74713,77040,84161,86458,92572,76946,57311,81896,54480,72939,71876,102298,81235,76503,58240,90346,68082,83309,77855,71358,86368,65974,74927,77103,86018,79571,66948,69915,72134,85585,74522,63549,80585,95117,74262,79295,57219,71827,82747,86755,79682,68914,80955,71460,75457,81964,73515,72459,86252,80551,54216,61701,73834,59511,71188,82615,74300,86969,67181,86964,65895,89807,83087,76598,94712,79114,72049,77832,77702,68520,82363,60109,68606,69758,71738,56976,70398,66429,63423,88352,51185,86528,76614,76924,57030,95576,85143,59123,84927,62748,68423,68701,84372,74760
STAT,popedge,Conflicts,211,0,0,0,0,0,0,0,0,0,0,0,0,0,0,0,0,0,0,0,0,0,0,0,0,0,0,0,0,0,0,0,0,0,0,0,0,0,0,0,0,0,0,0,0,0,0,0,0,0,0,0,0,0,0,0,0,0,0,0,0,0,0,0,0,0,0,0,0,0,0,0,0,0,0,0,0,0,0,0,0,0,0,0,0,0,0,0,0,0,0,0,0,0,0,0,0,0,0,0,0,0,0,0,0,0,0,0,0,0,0,0,0,0,0,0,0,0,0,0,0,0,0,0,0,0,0,0,0,0,0,0,0,0,0,0,0,0,0,0,0,0,0,0,0,0,0,0,0,0,0,0,0,0,0,0,0,0,0,0,0,0,0,0,0,0,0,0,0,0,0,0,0,0,0,0,0,0,0,0,0,0,0,0,0,0,0,0,0,0,0,0,0,0,0,0,0,0,0,0,0,0,0,0,0,0,0,0,0,0,0,0,0
STAT,popedge,Iterations,211,7357071,31548,32801,30988,31430,32658,32666,33161,32511,33233,32901,33019,32450,32481,34224,33355,32843,32399,31760,32077,35705,33097,31173,32557,32147,33401,31523,34166,32975,37150,41201,37501,36716,36055,35033,38290,36559,38355,36643,35630,36443,36626,37238,35356,34537,37900,36309,36565,37144,37846,33528,36194,37109,36756,36073,37353,37897,40038,36842,37704,38161,37432,31266,32405,32253,31666,31795,34426,32734,31738,33663,34081,34889,31297,30456,34508,31418,33026,31011,31734,32639,31310,32154,32950,32660,32341,31702,33154,32931,33809,38306,35222,34337,39266,36523,33530,37614,37493,38097,36571,36580,34169,36746,37304,37952,37023,35652,40035,36956,36056,39073,37294,38775,35316,39121,36817,36282,38275,38329,39558,38274,37866,36755,32497,32126,31455,32501,33285,32414,32067,33045,32326,32762,31600,31696,32994,36523,32852,32327,32681,32510,32497,33639,33041,34139,33618,32382,33924,33392,33902,32397,37931,36274,38008,34692,36307,34312,37704,38222,37174,36934,39826,35076,35545,37929,37747,37486,37565,36998,37934,35978,38098,37219,37406,37592,36054,35745,39372,40621,39550,37099,42036,39487,39101,33213,31060,32105,31334,32251,34093,32287,33024,34677,33465,33203,33573,30573,32451,33782,34780,34337,31308,31258,34101,34680,33595,34045,32688,33410,34515,32271,32762
STAT,refine,Conflicts,211,6275,100,90,91,87,69,73,83,76,67,72,60,79,79,76,59,66,55,57,52,68,55,48,56,54,59,47,51,58,49,54,45,29,27,42,34,36,33,33,33,42,36,38,49,39,42,37,35,34,48,34,42,36,41,43,30,49,42,32,45,34,40,19,26,27,22,26,15,14,19,22,15,14,24,17,17,17,29,18,23,27,24,26,16,15,17,15,19,15,19,19,21,21,25,13,38,15,29,24,16,18,19,19,20,19,17,19,29,17,15,24,19,14,17,19,20,13,29,20,21,22,28,25,18,17,26,20,15,22,19,20,24,23,19,22,18,23,19,30,15,26,23,36,30,13,24,24,19,16,25,25,19,30,22,14,14,23,24,21,24,16,12,17,19,28,26,18,24,30,24,20,33,18,16,22,19,19,21,31,25,16,18,18,17,22,18,23,17,27,20,22,18,20,15,21,15,29,27,18,22,16,24,22,21,16,19,19,23,13,16,15,17
STAT,refine,Iterations,211,440214,1475,1245,1827,2040,1903,1532,2003,1692,2273,1476,2017,2387,2158,2371,1881,2612,1576,1758,1985,2117,1891,2388,2026,1621,1919,1666,1517,1540,2183,1807,1593,1536,1450,1998,2162,2156,1467,2015,1681,1993,2019,2354,2065,2210,2203,2540,2249,2195,2845,2340,2516,1619,2439,2050,1852,2273,2223,1838,2876,2258,2045,2119,1946,2475,1896,2018,1601,2017,1928,1983,1842,2802,1926,1674,2777,1699,2848,1183,2458,2115,2317,2267,1673,2426,1665,1956,1499,1821,1674,1840,2421,1813,2120,1525,2693,1349,2461,2284,1866,2168,2175,1812,2247,2198,2678,2392,3145,1870,1795,2774,2417,1934,1988,1722,2141,2523,2605,2722,2374,3535,2753,2627,1971,1404,2292,1236,1917,1687,2184,2135,1720,1866,2377,1857,2236,2298,1448,2688,1875,2510,2927,2500,2050,1729,2376,2083,1731,1529,2186,2266,2294,2751,2111,1129,1564,2316,2213,2097,1940,1811,1883,2065,2024,2551,2389,2327,2671,2253,2333,2426,2520,2510,2300,2124,1602,2257,2550,2996,2995,2490,3616,2565,1703,2075,1647,2379,1480,2339,1855,1386,1716,1887,1572,2244,1737,1619,2696,1562,2412,1612,2560,2055,2276,2160,1669,2609,1671,1832,1649,1628,1915
