Hello from MIC
Galois Benchmark Suite v2.2.0 (r0)
Copyright (C) 2013 The University of Texas at Austin
http://iss.ices.utexas.edu/galois/

application: GMetis
Partitions a graph into K parts and minimizing the graph cut
http://iss.ices.utexas.edu/?p=projects/galois/benchmarks/gMetis

INFO: CommandLine /work/02556/dpereira/MIC/apps/gmetis/gmetis -t=226 /work/02556/dpereira/Inputs/USA-road-d.W.gr 128
INFO: Hostname c558-003-mic0.stampede.tacc.utexas.edu
Created Graph with 6262104 nodes and 15248146 edges
Nodes 6262104| Edges 15248146 7624073

  Starting coarsening: 
Time coarsen:  3933 Size of final graph: 3175

  Sarting initial partitioning using GGGP:
Size in decade percentages:  -1,10 -0,112 1,6
Time clustering:  451

  Sarting refinnement with BKL2
Initial dist
Size in decade percentages:  -1,10 -0,112 1,6
Refined dist
Size in decade percentages:  -1,47 -0,32 1,49
Time refinement:  2546


Time:  7109
Total edge cut : 8374

Part saved in : 0x7fffa012d160
STATTYPE,LOOP,CATEGORY,n,sum,T0,T1,T2,T3,T4,T5,T6,T7,T8,T9,T10,T11,T12,T13,T14,T15,T16,T17,T18,T19,T20,T21,T22,T23,T24,T25,T26,T27,T28,T29,T30,T31,T32,T33,T34,T35,T36,T37,T38,T39,T40,T41,T42,T43,T44,T45,T46,T47,T48,T49,T50,T51,T52,T53,T54,T55,T56,T57,T58,T59,T60,T61,T62,T63,T64,T65,T66,T67,T68,T69,T70,T71,T72,T73,T74,T75,T76,T77,T78,T79,T80,T81,T82,T83,T84,T85,T86,T87,T88,T89,T90,T91,T92,T93,T94,T95,T96,T97,T98,T99,T100,T101,T102,T103,T104,T105,T106,T107,T108,T109,T110,T111,T112,T113,T114,T115,T116,T117,T118,T119,T120,T121,T122,T123,T124,T125,T126,T127,T128,T129,T130,T131,T132,T133,T134,T135,T136,T137,T138,T139,T140,T141,T142,T143,T144,T145,T146,T147,T148,T149,T150,T151,T152,T153,T154,T155,T156,T157,T158,T159,T160,T161,T162,T163,T164,T165,T166,T167,T168,T169,T170,T171,T172,T173,T174,T175,T176,T177,T178,T179,T180,T181,T182,T183,T184,T185,T186,T187,T188,T189,T190,T191,T192,T193,T194,T195,T196,T197,T198,T199,T200,T201,T202,T203,T204,T205,T206,T207,T208,T209,T210,T211,T212,T213,T214,T215,T216,T217,T218,T219,T220,T221,T222,T223,T224,T225
STAT,(NULL),Coarsen,226,3933,3933,0,0,0,0,0,0,0,0,0,0,0,0,0,0,0,0,0,0,0,0,0,0,0,0,0,0,0,0,0,0,0,0,0,0,0,0,0,0,0,0,0,0,0,0,0,0,0,0,0,0,0,0,0,0,0,0,0,0,0,0,0,0,0,0,0,0,0,0,0,0,0,0,0,0,0,0,0,0,0,0,0,0,0,0,0,0,0,0,0,0,0,0,0,0,0,0,0,0,0,0,0,0,0,0,0,0,0,0,0,0,0,0,0,0,0,0,0,0,0,0,0,0,0,0,0,0,0,0,0,0,0,0,0,0,0,0,0,0,0,0,0,0,0,0,0,0,0,0,0,0,0,0,0,0,0,0,0,0,0,0,0,0,0,0,0,0,0,0,0,0,0,0,0,0,0,0,0,0,0,0,0,0,0,0,0,0,0,0,0,0,0,0,0,0,0,0,0,0,0,0,0,0,0,0,0,0,0,0,0,0,0,0,0,0,0,0,0,0,0,0,0,0,0,0,0
STAT,(NULL),Conflicts,226,0,0,0,0,0,0,0,0,0,0,0,0,0,0,0,0,0,0,0,0,0,0,0,0,0,0,0,0,0,0,0,0,0,0,0,0,0,0,0,0,0,0,0,0,0,0,0,0,0,0,0,0,0,0,0,0,0,0,0,0,0,0,0,0,0,0,0,0,0,0,0,0,0,0,0,0,0,0,0,0,0,0,0,0,0,0,0,0,0,0,0,0,0,0,0,0,0,0,0,0,0,0,0,0,0,0,0,0,0,0,0,0,0,0,0,0,0,0,0,0,0,0,0,0,0,0,0,0,0,0,0,0,0,0,0,0,0,0,0,0,0,0,0,0,0,0,0,0,0,0,0,0,0,0,0,0,0,0,0,0,0,0,0,0,0,0,0,0,0,0,0,0,0,0,0,0,0,0,0,0,0,0,0,0,0,0,0,0,0,0,0,0,0,0,0,0,0,0,0,0,0,0,0,0,0,0,0,0,0,0,0,0,0,0,0,0,0,0,0,0,0,0,0,0,0,0,0
STAT,(NULL),Iterations,226,255,8,0,2,5,1,1,0,1,0,0,1,3,0,1,5,1,0,1,0,0,4,0,0,0,0,0,0,1,0,0,1,0,3,1,4,0,4,0,0,0,0,0,0,0,0,1,0,0,1,0,0,0,0,1,3,0,1,0,4,3,0,1,2,0,5,3,1,0,0,0,1,0,0,0,0,0,1,0,2,0,1,1,0,0,3,1,0,0,0,2,0,0,0,1,0,1,0,0,3,0,0,2,1,6,2,1,1,2,1,1,0,0,2,0,0,1,0,1,5,2,9,0,2,0,3,2,4,1,3,0,0,0,5,0,1,2,0,0,2,3,1,0,0,1,2,0,5,0,0,0,3,2,0,0,1,0,1,0,0,2,0,0,0,2,0,1,3,2,1,6,0,0,5,0,0,0,0,0,0,1,2,3,0,4,1,4,0,1,0,2,0,0,3,1,0,2,2,3,0,0,0,1,0,0,4,2,3,3,2,0,0,0,0,1,0,1,9,1,0,0,1,0,0,0,1,3
STAT,(NULL),MeminfoPost,226,756940,3356,3345,3352,3356,3357,3355,3353,3343,3354,3339,3358,3347,3367,3367,3396,3373,3342,3338,3349,3342,3347,3351,3357,3356,3372,3335,3367,3355,3335,3342,3346,3343,3362,3360,3341,3348,3335,3346,3350,3343,3356,3364,3356,3360,3350,3347,3343,3341,3357,3351,3365,3375,3397,3362,3344,3343,3341,3346,3346,3358,3352,3362,3365,3346,3355,3358,3331,3347,3341,3352,3353,3362,3341,3343,3341,3347,3350,3360,3349,3345,3357,3379,3349,3342,3356,3358,3356,3340,3352,3351,3341,3343,3344,3348,3350,3331,3336,3351,3352,3359,3352,3345,3342,3347,3343,3337,3337,3343,3345,3341,3340,3367,3372,3359,3348,3338,3344,3339,3367,3345,3336,3331,3332,3344,3351,3352,3354,3363,3358,3355,3342,3347,3336,3358,3338,3345,3342,3344,3331,3337,3334,3347,3331,3363,3338,3338,3340,3362,3379,3367,3366,3362,3339,3342,3341,3364,3338,3331,3334,3348,3350,3356,3360,3358,3342,3347,3339,3351,3342,3344,3340,3335,3331,3346,3340,3351,3334,3348,3367,3373,3370,3369,3354,3346,3340,3342,3338,3342,3347,3366,3379,3364,3356,3370,3369,3346,3335,3343,3358,3339,3351,3340,3347,3339,3325,3346,3333,3328,3388,3330,3332,3328,3352,3328,3336,3362,3333,3340,3345,3348,3352,3349,3349,3354,3345,3345
STAT,(NULL),MeminfoPre,226,189228,844,833,840,844,845,843,841,831,842,827,846,835,855,855,884,861,830,826,837,830,835,839,845,844,860,823,855,843,823,830,834,831,850,848,829,836,823,834,838,831,844,852,844,848,838,835,831,829,845,839,853,863,885,850,832,831,829,834,834,846,840,850,853,834,843,846,819,835,829,840,841,850,829,831,829,835,838,848,837,833,845,867,837,830,844,846,844,828,840,839,829,831,832,836,838,819,824,839,840,847,840,833,830,835,831,825,825,831,833,829,828,855,860,847,836,826,832,827,855,833,824,819,820,832,839,840,842,851,846,843,830,835,824,846,826,833,830,832,819,825,822,835,819,851,826,826,828,850,867,855,854,850,827,830,829,852,826,819,822,836,838,844,848,846,830,835,827,839,830,832,828,823,819,834,828,839,822,836,855,861,858,857,842,834,828,830,826,830,835,854,867,852,844,858,857,834,823,831,846,827,839,828,835,827,813,834,821,816,876,818,820,816,840,816,824,850,821,828,833,836,840,837,837,842,833,833
STAT,(NULL),Partition,226,451,451,0,0,0,0,0,0,0,0,0,0,0,0,0,0,0,0,0,0,0,0,0,0,0,0,0,0,0,0,0,0,0,0,0,0,0,0,0,0,0,0,0,0,0,0,0,0,0,0,0,0,0,0,0,0,0,0,0,0,0,0,0,0,0,0,0,0,0,0,0,0,0,0,0,0,0,0,0,0,0,0,0,0,0,0,0,0,0,0,0,0,0,0,0,0,0,0,0,0,0,0,0,0,0,0,0,0,0,0,0,0,0,0,0,0,0,0,0,0,0,0,0,0,0,0,0,0,0,0,0,0,0,0,0,0,0,0,0,0,0,0,0,0,0,0,0,0,0,0,0,0,0,0,0,0,0,0,0,0,0,0,0,0,0,0,0,0,0,0,0,0,0,0,0,0,0,0,0,0,0,0,0,0,0,0,0,0,0,0,0,0,0,0,0,0,0,0,0,0,0,0,0,0,0,0,0,0,0,0,0,0,0,0,0,0,0,0,0,0,0,0,0,0,0,0,0
STAT,(NULL),Refine,226,2546,2546,0,0,0,0,0,0,0,0,0,0,0,0,0,0,0,0,0,0,0,0,0,0,0,0,0,0,0,0,0,0,0,0,0,0,0,0,0,0,0,0,0,0,0,0,0,0,0,0,0,0,0,0,0,0,0,0,0,0,0,0,0,0,0,0,0,0,0,0,0,0,0,0,0,0,0,0,0,0,0,0,0,0,0,0,0,0,0,0,0,0,0,0,0,0,0,0,0,0,0,0,0,0,0,0,0,0,0,0,0,0,0,0,0,0,0,0,0,0,0,0,0,0,0,0,0,0,0,0,0,0,0,0,0,0,0,0,0,0,0,0,0,0,0,0,0,0,0,0,0,0,0,0,0,0,0,0,0,0,0,0,0,0,0,0,0,0,0,0,0,0,0,0,0,0,0,0,0,0,0,0,0,0,0,0,0,0,0,0,0,0,0,0,0,0,0,0,0,0,0,0,0,0,0,0,0,0,0,0,0,0,0,0,0,0,0,0,0,0,0,0,0,0,0,0,0
STAT,(NULL),Threads,226,226,226,0,0,0,0,0,0,0,0,0,0,0,0,0,0,0,0,0,0,0,0,0,0,0,0,0,0,0,0,0,0,0,0,0,0,0,0,0,0,0,0,0,0,0,0,0,0,0,0,0,0,0,0,0,0,0,0,0,0,0,0,0,0,0,0,0,0,0,0,0,0,0,0,0,0,0,0,0,0,0,0,0,0,0,0,0,0,0,0,0,0,0,0,0,0,0,0,0,0,0,0,0,0,0,0,0,0,0,0,0,0,0,0,0,0,0,0,0,0,0,0,0,0,0,0,0,0,0,0,0,0,0,0,0,0,0,0,0,0,0,0,0,0,0,0,0,0,0,0,0,0,0,0,0,0,0,0,0,0,0,0,0,0,0,0,0,0,0,0,0,0,0,0,0,0,0,0,0,0,0,0,0,0,0,0,0,0,0,0,0,0,0,0,0,0,0,0,0,0,0,0,0,0,0,0,0,0,0,0,0,0,0,0,0,0,0,0,0,0,0,0,0,0,0,0,0
STAT,(NULL),Time,226,7109,7109,0,0,0,0,0,0,0,0,0,0,0,0,0,0,0,0,0,0,0,0,0,0,0,0,0,0,0,0,0,0,0,0,0,0,0,0,0,0,0,0,0,0,0,0,0,0,0,0,0,0,0,0,0,0,0,0,0,0,0,0,0,0,0,0,0,0,0,0,0,0,0,0,0,0,0,0,0,0,0,0,0,0,0,0,0,0,0,0,0,0,0,0,0,0,0,0,0,0,0,0,0,0,0,0,0,0,0,0,0,0,0,0,0,0,0,0,0,0,0,0,0,0,0,0,0,0,0,0,0,0,0,0,0,0,0,0,0,0,0,0,0,0,0,0,0,0,0,0,0,0,0,0,0,0,0,0,0,0,0,0,0,0,0,0,0,0,0,0,0,0,0,0,0,0,0,0,0,0,0,0,0,0,0,0,0,0,0,0,0,0,0,0,0,0,0,0,0,0,0,0,0,0,0,0,0,0,0,0,0,0,0,0,0,0,0,0,0,0,0,0,0,0,0,0,0
STAT,match,Conflicts,226,6461,48,45,43,42,43,32,50,38,39,43,45,35,42,37,50,34,43,47,42,26,31,39,39,44,33,40,43,42,41,43,32,40,37,36,38,39,34,29,27,31,28,34,32,31,34,38,35,29,29,28,38,36,30,31,27,44,35,33,32,30,27,20,22,24,25,24,24,26,25,32,25,28,30,19,31,28,27,35,25,28,25,31,25,27,25,23,28,24,22,23,28,24,28,24,27,21,30,23,23,26,24,19,26,23,27,19,24,24,24,23,23,26,31,27,26,29,28,28,24,26,21,22,30,25,25,18,23,22,24,29,27,27,26,24,25,23,30,25,33,27,28,28,21,26,32,25,25,26,28,37,26,29,27,22,21,22,21,23,28,27,24,25,21,29,24,25,26,27,27,28,24,23,28,22,25,22,31,34,28,25,27,24,26,23,27,23,22,26,21,32,25,28,22,34,27,27,23,27,23,28,22,31,21,22,31,30,26,19,25,31,26,23,26,24,24,26,21,21,27,31,25,28,21,23,26,21
STAT,match,Iterations,226,15064176,52052,45598,53088,38986,58240,62653,52469,53108,69304,53097,53063,59590,44906,36673,60046,47359,46375,35471,59428,54409,67650,52449,48632,44216,52201,51333,52663,42785,44860,69110,60226,53612,53068,44948,59069,48667,71834,54765,67263,43812,69191,72685,50574,70710,62256,79975,66484,52262,57563,64505,62602,59863,71143,66951,53409,62896,63598,49793,64802,63440,74327,76879,77962,63370,64496,70278,69842,71208,67793,67357,79837,61851,68657,69722,54289,63457,62040,68739,77326,68999,80909,49178,70337,55531,93172,55479,68852,66176,80034,69203,73642,64378,49427,76597,57767,68889,59370,70634,80498,64584,62855,76016,79126,58003,61914,93761,78975,75931,71599,63917,64233,67445,71236,75517,69302,63445,74081,86037,77699,58972,89428,84978,59281,60528,82416,70022,63533,57562,90170,46603,67495,61484,69484,96209,58564,61512,74864,65895,60426,60533,72778,58205,66156,68478,69654,60343,62410,60107,84915,68451,60441,64796,70775,77393,62408,78525,81308,75765,61755,67581,66569,72999,69129,63975,56442,77824,76631,65517,86006,77124,77584,103341,86037,64765,99402,88029,60192,60101,73972,68347,66927,59971,75721,78274,72268,65976,63123,70258,71866,61364,68707,70253,76244,61891,60257,62159,65820,83852,77231,106745,66777,72026,64912,58980,71739,92500,58697,83215,70228,55962,67028,67253,66037,78107,87598,79491,77307,81444,68012,73630,50003,64842,73476,77677,61916,82265
STAT,popedge,Conflicts,226,0,0,0,0,0,0,0,0,0,0,0,0,0,0,0,0,0,0,0,0,0,0,0,0,0,0,0,0,0,0,0,0,0,0,0,0,0,0,0,0,0,0,0,0,0,0,0,0,0,0,0,0,0,0,0,0,0,0,0,0,0,0,0,0,0,0,0,0,0,0,0,0,0,0,0,0,0,0,0,0,0,0,0,0,0,0,0,0,0,0,0,0,0,0,0,0,0,0,0,0,0,0,0,0,0,0,0,0,0,0,0,0,0,0,0,0,0,0,0,0,0,0,0,0,0,0,0,0,0,0,0,0,0,0,0,0,0,0,0,0,0,0,0,0,0,0,0,0,0,0,0,0,0,0,0,0,0,0,0,0,0,0,0,0,0,0,0,0,0,0,0,0,0,0,0,0,0,0,0,0,0,0,0,0,0,0,0,0,0,0,0,0,0,0,0,0,0,0,0,0,0,0,0,0,0,0,0,0,0,0,0,0,0,0,0,0,0,0,0,0,0,0,0,0,0,0,0
STAT,popedge,Iterations,226,7380036,31605,31380,30893,30337,30417,31225,32320,29967,31100,31237,30539,32331,31433,32063,33123,30738,31871,31967,32477,31481,30410,31413,32549,30872,31289,31060,32346,30568,33333,32119,30869,31950,32164,32291,32560,32176,32583,31849,29573,31424,31217,31725,32408,36672,35788,35843,36122,36787,35409,36156,34832,34111,35400,35897,34185,34192,34668,33563,36258,36201,36606,32031,31735,28485,30323,31703,31677,31638,31105,32449,30118,31559,32446,29742,32565,33041,30478,31058,31664,33024,31184,32004,32862,30964,32506,31132,31317,31264,31892,31744,33126,31388,32151,32951,33370,30800,31945,31587,31789,32174,30998,32109,30073,31062,35150,34954,34997,34418,37532,37101,36385,33157,35030,33604,34946,36524,35074,35523,36719,37154,38987,37104,33179,30134,31522,31489,32167,31261,33393,30258,31673,29851,32769,32865,32311,30649,32474,30684,33341,31546,32590,31661,32169,31610,31336,29731,31783,32682,32492,30205,31891,31302,29421,33715,32786,32562,31539,31627,32915,32331,31314,30954,31655,30784,31381,34684,35692,37301,37653,34149,36390,37886,34279,36356,38920,34480,37575,35862,33113,35219,36456,35447,33952,31682,31067,30875,29836,30965,32388,30870,32929,31397,32643,31062,33068,29672,30805,31833,31016,34994,29805,33382,33508,30782,30458,31354,34334,31370,33405,30332,33321,32398,32747,33120,31455,34192,32688,30436,32486,33146,34001,30394,31377,30425,33103,29965
STAT,refine,Conflicts,226,6865,112,104,101,102,95,83,95,80,78,84,75,81,78,71,72,60,55,62,63,59,65,67,52,62,69,61,66,52,64,62,55,35,46,43,34,41,39,43,44,49,51,47,38,38,46,32,33,41,43,30,46,46,40,35,35,38,34,32,41,42,34,31,13,13,16,20,18,20,22,20,19,20,23,16,19,20,23,23,21,18,25,17,27,16,25,30,25,25,27,17,23,22,14,23,31,15,18,20,17,30,15,19,23,20,21,27,18,18,27,31,19,26,25,17,19,19,15,28,20,30,14,26,19,16,24,21,24,15,17,23,16,21,22,19,20,17,20,15,21,22,19,28,24,16,15,23,19,24,32,26,19,14,16,23,25,23,19,16,18,19,11,12,24,16,16,24,21,12,16,22,26,23,33,20,21,23,19,27,20,26,19,23,20,19,23,14,22,19,20,23,24,18,18,13,28,13,15,22,17,10,15,25,14,22,21,15,19,28,18,20,17,24,21,21,15,25,17,20,20,17,21,23,22,21,18,24
STAT,refine,Iterations,226,141288,620,772,512,604,627,688,756,545,691,625,690,625,823,509,848,592,588,562,652,569,599,748,466,549,584,617,620,629,548,795,657,488,611,586,519,528,649,452,631,727,598,706,383,624,646,539,684,472,585,548,725,848,723,685,438,755,478,629,577,673,543,727,457,487,410,687,611,573,529,700,700,613,702,480,417,812,514,573,551,592,583,525,806,512,549,611,843,776,759,562,834,620,546,768,734,390,576,573,532,795,593,834,605,564,529,925,666,701,836,572,563,655,674,721,672,602,694,636,777,703,605,563,485,434,677,505,722,601,663,639,597,593,646,750,549,481,785,602,617,592,647,610,514,660,525,455,558,737,786,706,564,653,536,779,771,974,596,511,432,659,525,742,847,569,334,667,643,694,756,630,860,796,797,725,753,845,569,697,575,839,643,636,556,459,466,623,622,593,597,620,566,781,556,461,685,515,363,899,602,523,352,679,486,562,627,534,434,604,795,355,617,689,745,573,714,745,644,601,480,649,487,647,739,638,656,517
