Hello from MIC
Galois Benchmark Suite v2.2.0 (r0)
Copyright (C) 2013 The University of Texas at Austin
http://iss.ices.utexas.edu/galois/

application: GMetis
Partitions a graph into K parts and minimizing the graph cut
http://iss.ices.utexas.edu/?p=projects/galois/benchmarks/gMetis

INFO: CommandLine /work/02556/dpereira/MIC/apps/gmetis/gmetis -t=173 /work/02556/dpereira/Inputs/USA-road-d.W.gr 16
INFO: Hostname c558-002-mic0.stampede.tacc.utexas.edu
Created Graph with 6262104 nodes and 15248146 edges
Nodes 6262104| Edges 15248146 7624073

  Starting coarsening: 
Time coarsen:  3305 Size of final graph: 443

  Sarting initial partitioning using GGGP:
Size in decade percentages:  -1,1 -0,14 1,1
Time clustering:  371

  Sarting refinnement with BKL2
Initial dist
Size in decade percentages:  -1,1 -0,14 1,1
Refined dist
Size in decade percentages:  -1,6 -0,4 1,6
Time refinement:  1936


Time:  5790
Total edge cut : 1651

Part saved in : 0x7fff43efa8e0
STATTYPE,LOOP,CATEGORY,n,sum,T0,T1,T2,T3,T4,T5,T6,T7,T8,T9,T10,T11,T12,T13,T14,T15,T16,T17,T18,T19,T20,T21,T22,T23,T24,T25,T26,T27,T28,T29,T30,T31,T32,T33,T34,T35,T36,T37,T38,T39,T40,T41,T42,T43,T44,T45,T46,T47,T48,T49,T50,T51,T52,T53,T54,T55,T56,T57,T58,T59,T60,T61,T62,T63,T64,T65,T66,T67,T68,T69,T70,T71,T72,T73,T74,T75,T76,T77,T78,T79,T80,T81,T82,T83,T84,T85,T86,T87,T88,T89,T90,T91,T92,T93,T94,T95,T96,T97,T98,T99,T100,T101,T102,T103,T104,T105,T106,T107,T108,T109,T110,T111,T112,T113,T114,T115,T116,T117,T118,T119,T120,T121,T122,T123,T124,T125,T126,T127,T128,T129,T130,T131,T132,T133,T134,T135,T136,T137,T138,T139,T140,T141,T142,T143,T144,T145,T146,T147,T148,T149,T150,T151,T152,T153,T154,T155,T156,T157,T158,T159,T160,T161,T162,T163,T164,T165,T166,T167,T168,T169,T170,T171,T172
STAT,(NULL),Coarsen,173,3305,3305,0,0,0,0,0,0,0,0,0,0,0,0,0,0,0,0,0,0,0,0,0,0,0,0,0,0,0,0,0,0,0,0,0,0,0,0,0,0,0,0,0,0,0,0,0,0,0,0,0,0,0,0,0,0,0,0,0,0,0,0,0,0,0,0,0,0,0,0,0,0,0,0,0,0,0,0,0,0,0,0,0,0,0,0,0,0,0,0,0,0,0,0,0,0,0,0,0,0,0,0,0,0,0,0,0,0,0,0,0,0,0,0,0,0,0,0,0,0,0,0,0,0,0,0,0,0,0,0,0,0,0,0,0,0,0,0,0,0,0,0,0,0,0,0,0,0,0,0,0,0,0,0,0,0,0,0,0,0,0,0,0,0,0,0,0,0,0,0,0,0,0,0
STAT,(NULL),Conflicts,173,0,0,0,0,0,0,0,0,0,0,0,0,0,0,0,0,0,0,0,0,0,0,0,0,0,0,0,0,0,0,0,0,0,0,0,0,0,0,0,0,0,0,0,0,0,0,0,0,0,0,0,0,0,0,0,0,0,0,0,0,0,0,0,0,0,0,0,0,0,0,0,0,0,0,0,0,0,0,0,0,0,0,0,0,0,0,0,0,0,0,0,0,0,0,0,0,0,0,0,0,0,0,0,0,0,0,0,0,0,0,0,0,0,0,0,0,0,0,0,0,0,0,0,0,0,0,0,0,0,0,0,0,0,0,0,0,0,0,0,0,0,0,0,0,0,0,0,0,0,0,0,0,0,0,0,0,0,0,0,0,0,0,0,0,0,0,0,0,0,0,0,0,0,0
STAT,(NULL),Iterations,173,31,5,0,1,0,0,0,0,0,2,0,0,0,0,0,0,0,0,0,0,0,0,0,0,3,0,0,0,0,0,0,0,0,0,0,0,0,0,2,2,0,0,0,0,0,0,0,0,0,0,0,0,0,0,0,0,0,0,0,0,0,0,1,0,0,0,0,0,0,0,0,0,1,0,0,0,0,0,0,0,0,0,1,0,0,0,0,0,0,0,0,0,0,1,0,0,0,0,0,0,0,0,1,0,0,0,0,1,0,0,0,0,4,0,0,0,2,0,0,0,0,0,0,0,0,0,0,0,0,0,0,0,0,0,3,0,0,0,0,0,0,0,0,0,0,0,0,0,0,0,0,0,0,0,0,0,0,0,0,0,0,0,0,0,1,0,0,0,0,0,0,0,0,0
STAT,(NULL),MeminfoPost,173,756583,4378,4367,4386,4384,4381,4364,4378,4363,4380,4394,4402,4418,4383,4364,4366,4365,4383,4383,4386,4376,4383,4370,4362,4366,4382,4386,4368,4359,4366,4376,4367,4386,4385,4380,4365,4375,4367,4379,4394,4405,4418,4380,4367,4363,4368,4381,4383,4387,4377,4380,4367,4367,4366,4379,4386,4369,4359,4367,4376,4381,4367,4383,4410,4363,4374,4384,4373,4374,4373,4367,4363,4372,4367,4349,4372,4381,4385,4370,4367,4363,4362,4356,4358,4372,4363,4400,4397,4371,4358,4365,4384,4371,4353,4348,4368,4376,4386,4380,4384,4371,4374,4357,4374,4363,4367,4360,4354,4351,4368,4367,4369,4355,4382,4401,4400,4396,4365,4364,4376,4371,4349,4355,4377,4379,4384,4376,4370,4363,4370,4366,4361,4354,4363,4364,4366,4359,4395,4401,4404,4384,4368,4368,4352,4365,4381,4399,4400,4387,4400,4376,4358,4382,4360,4378,4361,4355,4353,4364,4363,4391,4351,4350,4365,4347,4361,4382,4357,4367,4377,4373,4377,4363,4375
STAT,(NULL),MeminfoPre,173,189143,1098,1087,1106,1104,1101,1084,1098,1083,1100,1114,1122,1138,1103,1084,1086,1085,1103,1103,1106,1096,1103,1090,1082,1086,1102,1106,1088,1079,1086,1096,1087,1106,1105,1100,1085,1095,1087,1099,1114,1125,1138,1100,1087,1083,1088,1101,1103,1107,1097,1100,1087,1087,1086,1099,1106,1089,1079,1087,1096,1101,1087,1103,1130,1083,1094,1104,1093,1094,1093,1087,1083,1092,1087,1069,1092,1101,1105,1090,1087,1083,1082,1076,1078,1092,1083,1120,1117,1091,1078,1085,1104,1091,1073,1068,1088,1096,1106,1100,1104,1091,1094,1077,1094,1083,1087,1080,1074,1071,1088,1087,1089,1075,1102,1121,1120,1116,1085,1084,1096,1091,1069,1075,1097,1099,1104,1096,1090,1083,1090,1086,1081,1074,1083,1084,1086,1079,1115,1121,1124,1104,1088,1088,1072,1085,1101,1119,1120,1107,1120,1096,1078,1102,1080,1098,1081,1075,1073,1084,1083,1111,1071,1070,1085,1067,1081,1102,1077,1087,1097,1093,1097,1083,1095
STAT,(NULL),Partition,173,371,371,0,0,0,0,0,0,0,0,0,0,0,0,0,0,0,0,0,0,0,0,0,0,0,0,0,0,0,0,0,0,0,0,0,0,0,0,0,0,0,0,0,0,0,0,0,0,0,0,0,0,0,0,0,0,0,0,0,0,0,0,0,0,0,0,0,0,0,0,0,0,0,0,0,0,0,0,0,0,0,0,0,0,0,0,0,0,0,0,0,0,0,0,0,0,0,0,0,0,0,0,0,0,0,0,0,0,0,0,0,0,0,0,0,0,0,0,0,0,0,0,0,0,0,0,0,0,0,0,0,0,0,0,0,0,0,0,0,0,0,0,0,0,0,0,0,0,0,0,0,0,0,0,0,0,0,0,0,0,0,0,0,0,0,0,0,0,0,0,0,0,0,0
STAT,(NULL),Refine,173,1936,1936,0,0,0,0,0,0,0,0,0,0,0,0,0,0,0,0,0,0,0,0,0,0,0,0,0,0,0,0,0,0,0,0,0,0,0,0,0,0,0,0,0,0,0,0,0,0,0,0,0,0,0,0,0,0,0,0,0,0,0,0,0,0,0,0,0,0,0,0,0,0,0,0,0,0,0,0,0,0,0,0,0,0,0,0,0,0,0,0,0,0,0,0,0,0,0,0,0,0,0,0,0,0,0,0,0,0,0,0,0,0,0,0,0,0,0,0,0,0,0,0,0,0,0,0,0,0,0,0,0,0,0,0,0,0,0,0,0,0,0,0,0,0,0,0,0,0,0,0,0,0,0,0,0,0,0,0,0,0,0,0,0,0,0,0,0,0,0,0,0,0,0,0
STAT,(NULL),Threads,173,173,173,0,0,0,0,0,0,0,0,0,0,0,0,0,0,0,0,0,0,0,0,0,0,0,0,0,0,0,0,0,0,0,0,0,0,0,0,0,0,0,0,0,0,0,0,0,0,0,0,0,0,0,0,0,0,0,0,0,0,0,0,0,0,0,0,0,0,0,0,0,0,0,0,0,0,0,0,0,0,0,0,0,0,0,0,0,0,0,0,0,0,0,0,0,0,0,0,0,0,0,0,0,0,0,0,0,0,0,0,0,0,0,0,0,0,0,0,0,0,0,0,0,0,0,0,0,0,0,0,0,0,0,0,0,0,0,0,0,0,0,0,0,0,0,0,0,0,0,0,0,0,0,0,0,0,0,0,0,0,0,0,0,0,0,0,0,0,0,0,0,0,0,0
STAT,(NULL),Time,173,5790,5790,0,0,0,0,0,0,0,0,0,0,0,0,0,0,0,0,0,0,0,0,0,0,0,0,0,0,0,0,0,0,0,0,0,0,0,0,0,0,0,0,0,0,0,0,0,0,0,0,0,0,0,0,0,0,0,0,0,0,0,0,0,0,0,0,0,0,0,0,0,0,0,0,0,0,0,0,0,0,0,0,0,0,0,0,0,0,0,0,0,0,0,0,0,0,0,0,0,0,0,0,0,0,0,0,0,0,0,0,0,0,0,0,0,0,0,0,0,0,0,0,0,0,0,0,0,0,0,0,0,0,0,0,0,0,0,0,0,0,0,0,0,0,0,0,0,0,0,0,0,0,0,0,0,0,0,0,0,0,0,0,0,0,0,0,0,0,0,0,0,0,0,0
STAT,match,Conflicts,173,6233,63,56,47,61,54,40,52,57,48,47,67,54,43,49,51,47,44,48,50,45,49,53,46,51,52,47,44,48,46,58,48,39,38,47,41,38,49,37,50,48,36,43,36,42,46,37,44,44,38,39,40,43,45,38,38,51,31,36,43,36,44,37,25,31,24,27,28,22,29,30,23,32,30,28,35,31,26,31,35,41,27,31,34,26,45,30,33,37,33,30,34,30,22,34,28,31,28,37,32,26,37,24,32,29,31,31,29,26,33,33,34,25,36,35,27,31,39,31,36,28,36,29,32,25,28,28,31,36,30,27,34,27,27,29,30,27,30,31,25,35,33,34,28,29,24,32,29,27,36,36,29,34,23,36,24,32,30,31,33,30,29,33,32,32,29,33,32,30,36,25,29,36,28
STAT,match,Iterations,173,15020748,50203,68124,76161,66943,80856,92347,68320,77982,53759,60673,54850,69459,77385,73303,72841,78174,69438,78573,77592,61096,69977,90710,64253,81005,55804,64459,78257,88665,62334,68194,74731,76465,62969,83453,74554,75533,71887,74880,74443,58342,74829,57872,76167,66747,84870,87275,77977,75200,68836,82010,75714,91560,75818,108604,73261,88591,120574,94578,84004,113832,83741,76964,98855,96509,96682,105419,96076,98872,80202,110453,93320,93706,90699,103297,94025,83335,95962,92126,81226,81555,95000,103514,90149,84166,100476,77731,90240,80628,98290,97387,88908,81739,106493,108388,94180,83111,84343,96874,90830,111932,85319,120621,92791,96249,88301,94601,62238,120238,89704,82498,102852,80538,110648,91394,112954,93776,107416,100061,78772,105755,96795,124514,59649,77494,91546,102368,85274,88104,104127,95470,94023,99034,87202,88518,93892,101973,77715,92830,93554,72742,106593,86643,85974,90299,90639,101151,98840,102337,99422,86567,107988,88801,91169,87955,120070,76589,70105,76736,95937,68791,97404,95560,85096,77612,91545,82257,98068,102043,70333,102302,101792,87467,98397
STAT,popedge,Conflicts,173,0,0,0,0,0,0,0,0,0,0,0,0,0,0,0,0,0,0,0,0,0,0,0,0,0,0,0,0,0,0,0,0,0,0,0,0,0,0,0,0,0,0,0,0,0,0,0,0,0,0,0,0,0,0,0,0,0,0,0,0,0,0,0,0,0,0,0,0,0,0,0,0,0,0,0,0,0,0,0,0,0,0,0,0,0,0,0,0,0,0,0,0,0,0,0,0,0,0,0,0,0,0,0,0,0,0,0,0,0,0,0,0,0,0,0,0,0,0,0,0,0,0,0,0,0,0,0,0,0,0,0,0,0,0,0,0,0,0,0,0,0,0,0,0,0,0,0,0,0,0,0,0,0,0,0,0,0,0,0,0,0,0,0,0,0,0,0,0,0,0,0,0,0,0
STAT,popedge,Iterations,173,7358931,39791,39505,40057,39156,39542,38939,41027,40221,42264,41763,41617,38808,40561,42961,38094,39651,39737,41392,41518,39377,41414,40915,42680,41792,40550,42283,42906,42416,42258,41602,43240,41417,42500,41036,43198,42618,43359,41511,40600,42744,40796,43491,44294,43142,41491,40646,40737,42565,43110,43436,42183,48249,48791,50040,48042,48986,49195,49493,47206,46003,48310,38852,39431,37789,39095,40000,40788,39974,40672,43520,39993,40830,38142,38259,42136,37014,39784,41043,38835,41588,38877,41888,41653,40192,42654,40508,41983,43424,41185,42999,41528,44463,42038,43163,43103,42319,42266,42282,42117,42756,42390,43659,41508,46374,42535,44150,43373,41284,42274,44952,41075,42071,51849,48811,51014,49177,49419,50303,47376,48754,48123,50231,39897,41036,39981,38277,39429,40355,38946,40386,39537,39668,41275,42915,40644,43535,39556,42095,41275,40172,41773,40327,40474,41868,41620,44867,43279,43392,44687,42127,45094,42775,43185,45030,41437,46061,43741,43133,43919,44216,45197,44000,41861,45787,41459,43703,42066,43178,44172,41015,40498,44012,42928
STAT,refine,Conflicts,173,5580,124,127,101,109,103,100,106,99,88,92,94,85,90,85,84,71,58,67,61,62,73,56,56,66,62,65,71,57,63,66,56,24,35,47,45,39,36,45,35,51,46,35,30,36,32,39,32,44,44,34,38,30,49,41,49,29,39,24,30,38,49,14,18,13,16,19,9,23,20,22,10,15,14,23,12,12,29,16,12,13,21,17,15,20,18,16,17,13,17,18,20,12,8,9,14,21,25,15,25,23,30,16,12,18,17,13,23,8,18,22,17,11,23,24,29,29,25,17,20,14,30,18,19,24,10,26,14,12,17,18,16,23,28,12,19,13,14,19,14,8,14,18,16,15,16,11,9,19,16,7,22,18,10,20,21,21,14,15,18,29,19,16,20,18,15,15,11,13,20,18,22,12,16
STAT,refine,Iterations,173,35565,358,425,317,394,324,367,337,426,309,301,418,318,393,259,238,295,214,246,211,185,177,208,173,206,176,303,230,296,195,239,214,163,166,250,188,203,255,185,207,289,301,172,170,115,144,129,245,187,181,143,149,144,207,335,304,242,292,247,208,259,327,158,225,160,130,154,96,198,213,327,203,263,147,219,116,157,242,168,123,128,101,192,125,131,148,108,275,200,216,184,234,141,186,121,141,136,239,253,229,169,307,175,159,170,127,149,119,212,176,147,160,126,205,184,350,386,256,236,243,144,279,304,136,273,144,191,183,184,189,226,175,208,256,151,240,89,116,290,187,134,177,150,107,164,154,97,93,196,174,223,159,230,104,258,146,206,116,222,278,208,176,213,152,119,139,111,91,127,184,138,211,176,165
