Hello from MIC
Galois Benchmark Suite v2.2.0 (r0)
Copyright (C) 2013 The University of Texas at Austin
http://iss.ices.utexas.edu/galois/

application: GMetis
Partitions a graph into K parts and minimizing the graph cut
http://iss.ices.utexas.edu/?p=projects/galois/benchmarks/gMetis

INFO: CommandLine /work/02556/dpereira/MIC/apps/gmetis/gmetis -t=168 /work/02556/dpereira/Inputs/USA-road-d.W.gr 128
INFO: Hostname c558-002-mic0.stampede.tacc.utexas.edu
Created Graph with 6262104 nodes and 15248146 edges
Nodes 6262104| Edges 15248146 7624073

  Starting coarsening: 
Time coarsen:  2954 Size of final graph: 3114

  Sarting initial partitioning using GGGP:
Size in decade percentages:  -1,5 -0,117 1,6
Time clustering:  435

  Sarting refinnement with BKL2
Initial dist
Size in decade percentages:  -1,5 -0,117 1,6
Refined dist
Size in decade percentages:  -1,44 -0,39 1,45
Time refinement:  1945


Time:  5512
Total edge cut : 7724

Part saved in : 0x7fffb88fe8e0
STATTYPE,LOOP,CATEGORY,n,sum,T0,T1,T2,T3,T4,T5,T6,T7,T8,T9,T10,T11,T12,T13,T14,T15,T16,T17,T18,T19,T20,T21,T22,T23,T24,T25,T26,T27,T28,T29,T30,T31,T32,T33,T34,T35,T36,T37,T38,T39,T40,T41,T42,T43,T44,T45,T46,T47,T48,T49,T50,T51,T52,T53,T54,T55,T56,T57,T58,T59,T60,T61,T62,T63,T64,T65,T66,T67,T68,T69,T70,T71,T72,T73,T74,T75,T76,T77,T78,T79,T80,T81,T82,T83,T84,T85,T86,T87,T88,T89,T90,T91,T92,T93,T94,T95,T96,T97,T98,T99,T100,T101,T102,T103,T104,T105,T106,T107,T108,T109,T110,T111,T112,T113,T114,T115,T116,T117,T118,T119,T120,T121,T122,T123,T124,T125,T126,T127,T128,T129,T130,T131,T132,T133,T134,T135,T136,T137,T138,T139,T140,T141,T142,T143,T144,T145,T146,T147,T148,T149,T150,T151,T152,T153,T154,T155,T156,T157,T158,T159,T160,T161,T162,T163,T164,T165,T166,T167
STAT,(NULL),Coarsen,168,2954,2954,0,0,0,0,0,0,0,0,0,0,0,0,0,0,0,0,0,0,0,0,0,0,0,0,0,0,0,0,0,0,0,0,0,0,0,0,0,0,0,0,0,0,0,0,0,0,0,0,0,0,0,0,0,0,0,0,0,0,0,0,0,0,0,0,0,0,0,0,0,0,0,0,0,0,0,0,0,0,0,0,0,0,0,0,0,0,0,0,0,0,0,0,0,0,0,0,0,0,0,0,0,0,0,0,0,0,0,0,0,0,0,0,0,0,0,0,0,0,0,0,0,0,0,0,0,0,0,0,0,0,0,0,0,0,0,0,0,0,0,0,0,0,0,0,0,0,0,0,0,0,0,0,0,0,0,0,0,0,0,0,0,0,0,0,0,0,0
STAT,(NULL),Conflicts,168,0,0,0,0,0,0,0,0,0,0,0,0,0,0,0,0,0,0,0,0,0,0,0,0,0,0,0,0,0,0,0,0,0,0,0,0,0,0,0,0,0,0,0,0,0,0,0,0,0,0,0,0,0,0,0,0,0,0,0,0,0,0,0,0,0,0,0,0,0,0,0,0,0,0,0,0,0,0,0,0,0,0,0,0,0,0,0,0,0,0,0,0,0,0,0,0,0,0,0,0,0,0,0,0,0,0,0,0,0,0,0,0,0,0,0,0,0,0,0,0,0,0,0,0,0,0,0,0,0,0,0,0,0,0,0,0,0,0,0,0,0,0,0,0,0,0,0,0,0,0,0,0,0,0,0,0,0,0,0,0,0,0,0,0,0,0,0,0,0
STAT,(NULL),Iterations,168,255,8,2,0,1,0,2,2,4,1,0,3,3,2,0,0,0,5,0,0,0,0,0,0,7,2,1,0,0,0,2,1,1,0,2,4,2,3,3,1,0,2,3,0,0,1,0,0,0,6,4,8,4,0,1,5,4,1,2,4,4,1,0,0,3,0,0,2,0,0,0,0,0,1,2,2,0,0,2,0,0,2,0,1,0,0,0,0,0,0,0,1,3,1,1,3,3,0,1,1,0,0,1,2,1,0,2,1,0,0,0,9,3,2,5,4,1,5,0,2,3,4,3,5,0,1,0,1,4,0,2,0,0,1,0,2,0,7,0,5,1,2,0,1,0,3,5,0,0,0,2,3,0,0,2,0,1,5,2,0,4,0,3,2,2,0,0,0,0
STAT,(NULL),MeminfoPost,168,756647,4509,4499,4516,4515,4508,4500,4505,4505,4501,4521,4563,4527,4492,4501,4496,4508,4505,4524,4509,4512,4510,4488,4499,4503,4526,4491,4495,4494,4503,4496,4521,4516,4511,4496,4504,4501,4508,4525,4551,4544,4494,4498,4497,4502,4506,4517,4517,4512,4514,4488,4494,4503,4512,4510,4493,4496,4497,4519,4501,4507,4539,4498,4504,4513,4505,4505,4504,4498,4491,4506,4494,4480,4504,4513,4510,4497,4501,4494,4490,4488,4495,4493,4510,4535,4516,4492,4495,4495,4519,4489,4478,4486,4509,4509,4516,4519,4502,4505,4485,4505,4494,4498,4490,4483,4486,4491,4513,4488,4482,4519,4537,4526,4525,4492,4493,4515,4487,4478,4499,4506,4518,4514,4497,4492,4501,4495,4496,4483,4495,4483,4508,4484,4525,4533,4536,4513,4497,4498,4485,4496,4511,4541,4521,4525,4527,4493,4494,4505,4501,4494,4501,4482,4488,4489,4514,4492,4481,4484,4491,4478,4516,4488,4502,4507,4502,4506,4494,4507
STAT,(NULL),MeminfoPre,168,189143,1131,1121,1138,1137,1130,1122,1127,1127,1123,1143,1185,1149,1114,1123,1118,1130,1127,1146,1131,1134,1132,1110,1121,1125,1148,1113,1117,1116,1125,1118,1143,1138,1133,1118,1126,1123,1130,1147,1173,1166,1116,1120,1119,1124,1128,1139,1139,1134,1136,1110,1116,1125,1134,1132,1115,1118,1119,1141,1123,1129,1161,1120,1126,1135,1127,1127,1126,1120,1113,1128,1116,1102,1126,1135,1132,1119,1123,1116,1112,1110,1117,1115,1132,1157,1138,1114,1117,1117,1141,1111,1100,1108,1131,1131,1138,1141,1124,1127,1107,1127,1116,1120,1112,1105,1108,1113,1135,1110,1104,1141,1159,1148,1147,1114,1115,1137,1109,1100,1121,1128,1140,1136,1119,1114,1123,1117,1118,1105,1117,1105,1130,1106,1147,1155,1158,1135,1119,1120,1107,1118,1133,1163,1143,1147,1149,1115,1116,1127,1123,1116,1123,1104,1110,1111,1136,1114,1103,1106,1113,1100,1138,1110,1124,1129,1124,1128,1116,1129
STAT,(NULL),Partition,168,435,435,0,0,0,0,0,0,0,0,0,0,0,0,0,0,0,0,0,0,0,0,0,0,0,0,0,0,0,0,0,0,0,0,0,0,0,0,0,0,0,0,0,0,0,0,0,0,0,0,0,0,0,0,0,0,0,0,0,0,0,0,0,0,0,0,0,0,0,0,0,0,0,0,0,0,0,0,0,0,0,0,0,0,0,0,0,0,0,0,0,0,0,0,0,0,0,0,0,0,0,0,0,0,0,0,0,0,0,0,0,0,0,0,0,0,0,0,0,0,0,0,0,0,0,0,0,0,0,0,0,0,0,0,0,0,0,0,0,0,0,0,0,0,0,0,0,0,0,0,0,0,0,0,0,0,0,0,0,0,0,0,0,0,0,0,0,0,0
STAT,(NULL),Refine,168,1945,1945,0,0,0,0,0,0,0,0,0,0,0,0,0,0,0,0,0,0,0,0,0,0,0,0,0,0,0,0,0,0,0,0,0,0,0,0,0,0,0,0,0,0,0,0,0,0,0,0,0,0,0,0,0,0,0,0,0,0,0,0,0,0,0,0,0,0,0,0,0,0,0,0,0,0,0,0,0,0,0,0,0,0,0,0,0,0,0,0,0,0,0,0,0,0,0,0,0,0,0,0,0,0,0,0,0,0,0,0,0,0,0,0,0,0,0,0,0,0,0,0,0,0,0,0,0,0,0,0,0,0,0,0,0,0,0,0,0,0,0,0,0,0,0,0,0,0,0,0,0,0,0,0,0,0,0,0,0,0,0,0,0,0,0,0,0,0,0
STAT,(NULL),Threads,168,168,168,0,0,0,0,0,0,0,0,0,0,0,0,0,0,0,0,0,0,0,0,0,0,0,0,0,0,0,0,0,0,0,0,0,0,0,0,0,0,0,0,0,0,0,0,0,0,0,0,0,0,0,0,0,0,0,0,0,0,0,0,0,0,0,0,0,0,0,0,0,0,0,0,0,0,0,0,0,0,0,0,0,0,0,0,0,0,0,0,0,0,0,0,0,0,0,0,0,0,0,0,0,0,0,0,0,0,0,0,0,0,0,0,0,0,0,0,0,0,0,0,0,0,0,0,0,0,0,0,0,0,0,0,0,0,0,0,0,0,0,0,0,0,0,0,0,0,0,0,0,0,0,0,0,0,0,0,0,0,0,0,0,0,0,0,0,0,0
STAT,(NULL),Time,168,5512,5512,0,0,0,0,0,0,0,0,0,0,0,0,0,0,0,0,0,0,0,0,0,0,0,0,0,0,0,0,0,0,0,0,0,0,0,0,0,0,0,0,0,0,0,0,0,0,0,0,0,0,0,0,0,0,0,0,0,0,0,0,0,0,0,0,0,0,0,0,0,0,0,0,0,0,0,0,0,0,0,0,0,0,0,0,0,0,0,0,0,0,0,0,0,0,0,0,0,0,0,0,0,0,0,0,0,0,0,0,0,0,0,0,0,0,0,0,0,0,0,0,0,0,0,0,0,0,0,0,0,0,0,0,0,0,0,0,0,0,0,0,0,0,0,0,0,0,0,0,0,0,0,0,0,0,0,0,0,0,0,0,0,0,0,0,0,0,0
STAT,match,Conflicts,168,5754,58,52,50,61,52,46,54,55,61,48,47,56,49,54,42,49,44,44,51,44,45,42,55,52,40,44,47,40,52,45,48,40,36,47,43,38,42,34,34,43,36,35,40,40,41,37,36,34,39,37,33,35,38,41,34,43,39,37,36,42,41,27,26,30,32,24,27,28,20,28,26,30,30,28,30,28,38,18,27,31,23,29,29,28,27,29,32,30,42,32,27,27,29,28,26,29,34,28,34,31,28,30,26,30,22,30,27,31,33,26,26,29,31,36,24,34,31,32,30,28,29,37,28,24,27,31,26,24,33,25,23,22,24,29,28,32,23,36,22,31,25,31,32,25,28,24,29,36,28,32,24,39,32,30,28,23,23,38,28,30,31,36,29,29,28,15,33,30
STAT,match,Iterations,168,15019210,76696,75695,58863,68076,59712,72916,70290,60496,65603,67389,75990,89532,84608,77965,90835,64410,87055,86500,73078,76480,90275,77482,71946,71530,90811,76853,63511,65512,68099,74489,78948,70085,90115,75408,77570,82341,90115,80908,86877,78933,65514,101599,56889,70850,75731,76741,110274,101277,67487,84056,92142,97639,103727,93182,95565,87716,103822,75949,86699,101251,96330,105376,88143,85347,76222,118579,100796,99448,104416,70427,97446,94986,105162,77818,91740,96127,83466,100904,88369,87591,104849,103337,74750,88069,104709,85190,78591,109440,90701,92013,95632,88046,105129,79671,92591,66805,94245,81876,83728,96439,98571,104387,109451,80818,107719,95171,81587,119601,110933,98655,130913,98851,106855,101947,97490,99505,95949,88257,96056,125256,105262,97748,90215,96635,100025,86963,101568,117292,89444,103560,97930,101614,106431,88296,103661,90782,77225,98445,95946,77862,96622,98015,84639,108484,74019,104920,96442,60475,80844,95306,104692,78433,93606,96537,75450,98409,111648,72431,114617,90137,73848,70181,104129,92244,89875,110878,83942,106900
STAT,popedge,Conflicts,168,0,0,0,0,0,0,0,0,0,0,0,0,0,0,0,0,0,0,0,0,0,0,0,0,0,0,0,0,0,0,0,0,0,0,0,0,0,0,0,0,0,0,0,0,0,0,0,0,0,0,0,0,0,0,0,0,0,0,0,0,0,0,0,0,0,0,0,0,0,0,0,0,0,0,0,0,0,0,0,0,0,0,0,0,0,0,0,0,0,0,0,0,0,0,0,0,0,0,0,0,0,0,0,0,0,0,0,0,0,0,0,0,0,0,0,0,0,0,0,0,0,0,0,0,0,0,0,0,0,0,0,0,0,0,0,0,0,0,0,0,0,0,0,0,0,0,0,0,0,0,0,0,0,0,0,0,0,0,0,0,0,0,0,0,0,0,0,0,0
STAT,popedge,Iterations,168,7357430,40972,41036,41112,38521,40084,43567,40440,44000,42698,43373,40515,41073,41130,41478,41393,41365,40450,41308,43612,44296,42720,43143,44682,43206,43513,43705,45272,44605,43765,44864,43377,43466,42367,42244,42870,43577,42581,42432,42420,42848,43164,41299,42883,42513,42325,42232,48645,51089,50530,48870,50781,47470,47922,49887,52839,51605,48901,48416,47536,46387,46040,39870,40206,38474,38893,37722,40940,39754,40817,41961,41537,40843,41283,40587,40943,40345,41998,40156,43372,41481,43499,43549,43579,41646,40663,43262,43722,44348,42852,45549,43615,43130,44214,45200,42984,41959,43623,44310,42546,41955,45588,45045,41266,45583,42024,42325,42451,49606,51946,51101,51468,47971,48763,49589,49314,50590,50739,47712,47764,52352,48566,48684,38806,38266,38880,36005,40001,42843,41375,42722,39874,41573,40523,41682,39480,40314,41405,41560,40673,44190,42366,43254,45877,45816,43071,44633,46430,46006,45688,45562,44809,44772,42959,47222,42810,43270,44362,46373,44521,44609,45522,45006,44538,41729,44941,44669,44349,42846
STAT,refine,Conflicts,168,6071,122,125,119,115,105,102,103,103,87,86,77,82,75,80,82,68,65,69,67,61,73,57,58,61,52,65,56,64,60,56,51,38,59,53,56,52,48,38,42,48,49,41,37,33,43,35,40,37,46,37,33,34,30,26,39,43,33,30,41,46,55,21,24,23,22,28,18,24,26,18,22,23,25,23,25,28,26,22,14,20,20,16,28,16,28,25,18,16,22,20,16,22,22,23,21,30,17,28,24,22,22,18,26,17,13,22,20,21,22,26,24,29,27,25,23,24,24,26,24,20,31,25,26,22,29,24,19,23,19,25,28,21,22,27,19,23,25,30,21,26,20,15,19,19,16,19,15,26,12,15,25,13,21,24,19,26,20,27,16,20,27,24,36,24,23,18,26,14
STAT,refine,Iterations,168,132792,865,944,1063,815,826,756,848,841,765,910,1017,930,955,702,829,695,672,1040,716,776,847,711,674,703,580,681,690,640,681,563,697,506,915,752,693,625,845,756,844,819,763,766,608,644,564,895,981,746,1113,832,715,825,632,857,1019,828,764,795,848,812,1278,701,812,738,734,917,788,798,922,683,871,926,872,833,663,923,880,649,739,734,934,753,745,634,881,604,714,661,714,640,541,615,695,723,721,553,630,957,878,698,784,712,954,739,622,641,643,1006,743,1171,1246,877,1088,967,820,1216,819,696,891,996,956,1009,649,797,878,600,691,691,800,870,695,870,1024,982,920,787,602,814,768,998,740,1088,937,920,605,838,687,653,512,597,594,485,533,870,819,608,619,545,806,892,724,540,897,1042,811,732,853,867
