Hello from MIC
Galois Benchmark Suite v2.2.0 (r0)
Copyright (C) 2013 The University of Texas at Austin
http://iss.ices.utexas.edu/galois/

application: GMetis
Partitions a graph into K parts and minimizing the graph cut
http://iss.ices.utexas.edu/?p=projects/galois/benchmarks/gMetis

INFO: CommandLine /work/02556/dpereira/MIC/apps/gmetis/gmetis -t=81 /work/02556/dpereira/Inputs/USA-road-d.W.gr 16
INFO: Hostname c557-903-mic0.stampede.tacc.utexas.edu
Created Graph with 6262104 nodes and 15248146 edges
Nodes 6262104| Edges 15248146 7624073

  Starting coarsening: 
Time coarsen:  2403 Size of final graph: 434

  Sarting initial partitioning using GGGP:
Size in decade percentages:  -0,16
Time clustering:  359

  Sarting refinnement with BKL2
Initial dist
Size in decade percentages:  -0,16
Refined dist
Size in decade percentages:  -1,6 -0,4 1,6
Time refinement:  936


Time:  3873
Total edge cut : 1711

Part saved in : 0x7fffcbb1c660
STATTYPE,LOOP,CATEGORY,n,sum,T0,T1,T2,T3,T4,T5,T6,T7,T8,T9,T10,T11,T12,T13,T14,T15,T16,T17,T18,T19,T20,T21,T22,T23,T24,T25,T26,T27,T28,T29,T30,T31,T32,T33,T34,T35,T36,T37,T38,T39,T40,T41,T42,T43,T44,T45,T46,T47,T48,T49,T50,T51,T52,T53,T54,T55,T56,T57,T58,T59,T60,T61,T62,T63,T64,T65,T66,T67,T68,T69,T70,T71,T72,T73,T74,T75,T76,T77,T78,T79,T80
STAT,(NULL),Coarsen,81,2403,2403,0,0,0,0,0,0,0,0,0,0,0,0,0,0,0,0,0,0,0,0,0,0,0,0,0,0,0,0,0,0,0,0,0,0,0,0,0,0,0,0,0,0,0,0,0,0,0,0,0,0,0,0,0,0,0,0,0,0,0,0,0,0,0,0,0,0,0,0,0,0,0,0,0,0,0,0,0,0,0,0
STAT,(NULL),Conflicts,81,0,0,0,0,0,0,0,0,0,0,0,0,0,0,0,0,0,0,0,0,0,0,0,0,0,0,0,0,0,0,0,0,0,0,0,0,0,0,0,0,0,0,0,0,0,0,0,0,0,0,0,0,0,0,0,0,0,0,0,0,0,0,0,0,0,0,0,0,0,0,0,0,0,0,0,0,0,0,0,0,0,0
STAT,(NULL),Iterations,81,31,5,0,0,0,0,0,0,0,0,0,0,0,0,0,0,0,0,0,0,0,0,0,0,0,0,0,1,0,0,0,1,0,0,0,2,0,0,0,1,0,0,0,0,4,0,3,1,0,1,1,0,0,2,0,0,0,0,0,0,0,0,3,0,0,2,0,0,0,0,0,1,0,0,0,2,0,0,1,0,0,0
STAT,(NULL),MeminfoPost,81,756312,9341,9361,9346,9324,9369,9409,9319,9339,9367,9345,9312,9348,9330,9327,9348,9353,9335,9344,9420,9337,9321,9358,9360,9329,9323,9357,9317,9344,9342,9365,9349,9342,9318,9333,9304,9356,9329,9310,9305,9337,9383,9311,9346,9291,9332,9360,9341,9327,9319,9311,9304,9325,9328,9393,9344,9337,9294,9342,9351,9330,9322,9293,9328,9326,9402,9349,9306,9342,9390,9380,9314,9335,9314,9305,9339,9287,9311,9325,9330,9338,9334
STAT,(NULL),MeminfoPre,81,189069,2338,2358,2343,2321,2366,2406,2316,2336,2364,2342,2309,2345,2327,2324,2345,2350,2332,2341,2417,2334,2318,2355,2357,2326,2320,2354,2314,2341,2339,2362,2346,2339,2315,2330,2301,2353,2326,2307,2302,2334,2380,2308,2343,2288,2329,2357,2338,2324,2316,2308,2301,2322,2325,2390,2341,2334,2291,2339,2348,2327,2319,2290,2325,2323,2399,2346,2303,2339,2387,2377,2311,2332,2311,2302,2336,2284,2308,2322,2327,2335,2331
STAT,(NULL),Partition,81,359,359,0,0,0,0,0,0,0,0,0,0,0,0,0,0,0,0,0,0,0,0,0,0,0,0,0,0,0,0,0,0,0,0,0,0,0,0,0,0,0,0,0,0,0,0,0,0,0,0,0,0,0,0,0,0,0,0,0,0,0,0,0,0,0,0,0,0,0,0,0,0,0,0,0,0,0,0,0,0,0,0
STAT,(NULL),Refine,81,936,936,0,0,0,0,0,0,0,0,0,0,0,0,0,0,0,0,0,0,0,0,0,0,0,0,0,0,0,0,0,0,0,0,0,0,0,0,0,0,0,0,0,0,0,0,0,0,0,0,0,0,0,0,0,0,0,0,0,0,0,0,0,0,0,0,0,0,0,0,0,0,0,0,0,0,0,0,0,0,0,0
STAT,(NULL),Threads,81,81,81,0,0,0,0,0,0,0,0,0,0,0,0,0,0,0,0,0,0,0,0,0,0,0,0,0,0,0,0,0,0,0,0,0,0,0,0,0,0,0,0,0,0,0,0,0,0,0,0,0,0,0,0,0,0,0,0,0,0,0,0,0,0,0,0,0,0,0,0,0,0,0,0,0,0,0,0,0,0,0,0
STAT,(NULL),Time,81,3873,3873,0,0,0,0,0,0,0,0,0,0,0,0,0,0,0,0,0,0,0,0,0,0,0,0,0,0,0,0,0,0,0,0,0,0,0,0,0,0,0,0,0,0,0,0,0,0,0,0,0,0,0,0,0,0,0,0,0,0,0,0,0,0,0,0,0,0,0,0,0,0,0,0,0,0,0,0,0,0,0,0
STAT,match,Conflicts,81,5982,163,128,98,124,151,98,107,132,116,126,109,107,103,101,81,98,104,114,94,94,57,66,80,67,67,50,69,58,64,80,65,67,58,58,64,51,69,70,53,53,50,44,72,67,54,55,55,60,62,53,56,57,75,52,49,59,48,50,57,67,59,71,63,57,58,56,51,63,67,65,65,71,71,54,68,64,46,86,79,47,65
STAT,match,Iterations,81,14997356,144956,150754,163059,145362,138383,151304,153582,163712,163734,155458,169676,169909,164990,171301,176948,167736,166689,170001,144800,167375,218123,183573,184804,202337,204908,196351,192840,195767,177314,185453,194225,192038,207106,202635,208986,194746,186210,205200,208245,198046,172225,224650,194438,206292,191095,203757,199585,211657,188168,198857,202810,187805,192696,193151,196268,196936,194417,192372,195568,177478,199809,170810,196359,197787,180848,165482,178022,185386,179701,182735,192653,191127,194629,194023,195205,208660,198872,178394,185905,173936,188152
STAT,popedge,Conflicts,81,0,0,0,0,0,0,0,0,0,0,0,0,0,0,0,0,0,0,0,0,0,0,0,0,0,0,0,0,0,0,0,0,0,0,0,0,0,0,0,0,0,0,0,0,0,0,0,0,0,0,0,0,0,0,0,0,0,0,0,0,0,0,0,0,0,0,0,0,0,0,0,0,0,0,0,0,0,0,0,0,0,0
STAT,popedge,Iterations,81,7350280,85424,84173,84675,82550,82976,81102,86948,84592,83997,87490,89371,88649,90417,88251,86562,86144,86242,86949,85259,86732,95750,92378,93222,95276,96161,95441,98853,89178,90994,89493,91436,90262,92523,93439,97396,90903,95368,96596,92012,94160,92050,95451,97815,105671,102851,96201,97402,99042,104066,98067,99426,90135,101147,92555,90001,96451,95575,92202,91710,95239,95475,84741,79592,83954,79001,80159,81387,82378,85545,88011,92714,89339,87243,92937,85146,88483,87116,92078,90642,89999,91939
STAT,refine,Conflicts,81,3806,157,127,113,112,112,114,94,84,87,83,70,85,76,81,75,62,62,62,61,61,50,41,49,56,61,54,61,45,46,45,39,31,30,30,21,38,40,31,34,48,40,29,19,22,37,17,61,34,29,25,40,34,27,48,30,30,22,39,28,29,34,19,20,24,27,18,25,19,21,26,16,27,29,28,29,20,26,43,26,20,41
STAT,refine,Iterations,81,35940,574,647,576,720,421,508,439,394,437,444,373,397,424,442,459,509,471,505,312,495,392,424,450,283,596,415,481,535,500,450,478,379,441,289,286,620,400,452,601,406,634,359,243,308,263,653,755,428,402,451,732,363,386,867,432,299,189,393,498,340,429,352,452,405,564,313,381,390,300,307,477,328,353,325,307,466,498,386,512,414,561
