Hello from MIC
Galois Benchmark Suite v2.2.0 (r0)
Copyright (C) 2013 The University of Texas at Austin
http://iss.ices.utexas.edu/galois/

application: GMetis
Partitions a graph into K parts and minimizing the graph cut
http://iss.ices.utexas.edu/?p=projects/galois/benchmarks/gMetis

INFO: CommandLine /work/02556/dpereira/MIC/apps/gmetis/gmetis -t=172 /work/02556/dpereira/Inputs/USA-road-d.W.gr 1024
INFO: Hostname c558-402-mic0.stampede.tacc.utexas.edu
Created Graph with 6262104 nodes and 15248146 edges
Nodes 6262104| Edges 15248146 7624073

  Starting coarsening: 
Time coarsen:  2407 Size of final graph: 21949

  Sarting initial partitioning using GGGP:
Size in decade percentages:  -1,66 -0,890 1,68
Time clustering:  1080

  Sarting refinnement with BKL2
Initial dist
Size in decade percentages:  -1,66 -0,890 1,68
Refined dist
Size in decade percentages:  -1,360 0,297 1,366 3,1
Time refinement:  1604


Time:  5272
Total edge cut : 31063

Part saved in : 0x7fffbe9da2e0
STATTYPE,LOOP,CATEGORY,n,sum,T0,T1,T2,T3,T4,T5,T6,T7,T8,T9,T10,T11,T12,T13,T14,T15,T16,T17,T18,T19,T20,T21,T22,T23,T24,T25,T26,T27,T28,T29,T30,T31,T32,T33,T34,T35,T36,T37,T38,T39,T40,T41,T42,T43,T44,T45,T46,T47,T48,T49,T50,T51,T52,T53,T54,T55,T56,T57,T58,T59,T60,T61,T62,T63,T64,T65,T66,T67,T68,T69,T70,T71,T72,T73,T74,T75,T76,T77,T78,T79,T80,T81,T82,T83,T84,T85,T86,T87,T88,T89,T90,T91,T92,T93,T94,T95,T96,T97,T98,T99,T100,T101,T102,T103,T104,T105,T106,T107,T108,T109,T110,T111,T112,T113,T114,T115,T116,T117,T118,T119,T120,T121,T122,T123,T124,T125,T126,T127,T128,T129,T130,T131,T132,T133,T134,T135,T136,T137,T138,T139,T140,T141,T142,T143,T144,T145,T146,T147,T148,T149,T150,T151,T152,T153,T154,T155,T156,T157,T158,T159,T160,T161,T162,T163,T164,T165,T166,T167,T168,T169,T170,T171
STAT,(NULL),Coarsen,172,2407,2407,0,0,0,0,0,0,0,0,0,0,0,0,0,0,0,0,0,0,0,0,0,0,0,0,0,0,0,0,0,0,0,0,0,0,0,0,0,0,0,0,0,0,0,0,0,0,0,0,0,0,0,0,0,0,0,0,0,0,0,0,0,0,0,0,0,0,0,0,0,0,0,0,0,0,0,0,0,0,0,0,0,0,0,0,0,0,0,0,0,0,0,0,0,0,0,0,0,0,0,0,0,0,0,0,0,0,0,0,0,0,0,0,0,0,0,0,0,0,0,0,0,0,0,0,0,0,0,0,0,0,0,0,0,0,0,0,0,0,0,0,0,0,0,0,0,0,0,0,0,0,0,0,0,0,0,0,0,0,0,0,0,0,0,0,0,0,0,0,0,0,0
STAT,(NULL),Conflicts,172,0,0,0,0,0,0,0,0,0,0,0,0,0,0,0,0,0,0,0,0,0,0,0,0,0,0,0,0,0,0,0,0,0,0,0,0,0,0,0,0,0,0,0,0,0,0,0,0,0,0,0,0,0,0,0,0,0,0,0,0,0,0,0,0,0,0,0,0,0,0,0,0,0,0,0,0,0,0,0,0,0,0,0,0,0,0,0,0,0,0,0,0,0,0,0,0,0,0,0,0,0,0,0,0,0,0,0,0,0,0,0,0,0,0,0,0,0,0,0,0,0,0,0,0,0,0,0,0,0,0,0,0,0,0,0,0,0,0,0,0,0,0,0,0,0,0,0,0,0,0,0,0,0,0,0,0,0,0,0,0,0,0,0,0,0,0,0,0,0,0,0,0,0
STAT,(NULL),Iterations,172,2047,11,7,4,9,6,11,5,3,12,11,11,7,11,7,6,17,5,12,20,6,10,20,4,4,7,7,16,18,11,14,11,11,17,10,11,15,15,6,7,13,5,9,15,8,21,17,14,18,27,7,23,31,21,13,26,18,12,16,16,8,21,12,6,14,9,18,11,9,12,5,8,14,7,8,8,3,11,8,10,14,7,10,8,1,14,18,12,8,16,13,15,18,14,12,6,15,10,12,9,25,10,7,24,13,11,7,19,13,7,10,9,26,19,27,22,13,24,15,22,16,13,9,20,8,4,15,12,7,9,7,1,14,8,10,8,18,0,22,7,10,8,5,11,11,9,15,11,12,9,10,10,17,11,5,17,10,16,7,10,10,13,17,7,5,6,12,10,7,16,9,22,9
STAT,(NULL),MeminfoPost,172,757211,4407,4396,4415,4414,4409,4394,4402,4398,4407,4421,4439,4445,4405,4395,4395,4396,4413,4411,4422,4402,4408,4394,4396,4394,4413,4412,4394,4389,4397,4407,4403,4414,4413,4402,4405,4397,4404,4400,4420,4458,4437,4390,4397,4396,4398,4406,4412,4422,4407,4409,4389,4397,4396,4412,4419,4387,4391,4399,4410,4401,4404,4419,4422,4396,4411,4411,4395,4412,4392,4396,4392,4410,4382,4387,4403,4415,4404,4394,4398,4395,4389,4387,4398,4386,4410,4432,4414,4390,4395,4390,4422,4386,4381,4382,4403,4407,4414,4412,4408,4401,4389,4408,4389,4394,4396,4386,4382,4393,4380,4413,4387,4393,4423,4437,4427,4407,4390,4391,4413,4385,4379,4400,4409,4412,4413,4397,4391,4399,4394,4394,4383,4391,4385,4404,4382,4420,4433,4430,4423,4396,4389,4391,4391,4401,4434,4432,4411,4433,4406,4390,4404,4395,4403,4394,4383,4384,4391,4395,4421,4375,4380,4394,4376,4386,4415,4386,4397,4405,4401,4406,4392,4406
STAT,(NULL),MeminfoPre,172,189267,1105,1094,1113,1112,1107,1092,1100,1096,1105,1119,1137,1143,1103,1093,1093,1094,1111,1109,1120,1100,1106,1092,1094,1092,1111,1110,1092,1087,1095,1105,1101,1112,1111,1100,1103,1095,1102,1098,1118,1156,1135,1088,1095,1094,1096,1104,1110,1120,1105,1107,1087,1095,1094,1110,1117,1085,1089,1097,1108,1099,1102,1117,1120,1094,1109,1109,1093,1110,1090,1094,1090,1108,1080,1085,1101,1113,1102,1092,1096,1093,1087,1085,1096,1084,1108,1130,1112,1088,1093,1088,1120,1084,1079,1080,1101,1105,1112,1110,1106,1099,1087,1106,1087,1092,1094,1084,1080,1091,1078,1111,1085,1091,1121,1135,1125,1105,1088,1089,1111,1083,1077,1098,1107,1110,1111,1095,1089,1097,1092,1092,1081,1089,1083,1102,1080,1118,1131,1128,1121,1094,1087,1089,1089,1099,1132,1130,1109,1131,1104,1088,1102,1093,1101,1092,1081,1082,1089,1093,1119,1073,1078,1092,1074,1084,1113,1084,1095,1103,1099,1104,1090,1104
STAT,(NULL),Partition,172,1080,1080,0,0,0,0,0,0,0,0,0,0,0,0,0,0,0,0,0,0,0,0,0,0,0,0,0,0,0,0,0,0,0,0,0,0,0,0,0,0,0,0,0,0,0,0,0,0,0,0,0,0,0,0,0,0,0,0,0,0,0,0,0,0,0,0,0,0,0,0,0,0,0,0,0,0,0,0,0,0,0,0,0,0,0,0,0,0,0,0,0,0,0,0,0,0,0,0,0,0,0,0,0,0,0,0,0,0,0,0,0,0,0,0,0,0,0,0,0,0,0,0,0,0,0,0,0,0,0,0,0,0,0,0,0,0,0,0,0,0,0,0,0,0,0,0,0,0,0,0,0,0,0,0,0,0,0,0,0,0,0,0,0,0,0,0,0,0,0,0,0,0,0
STAT,(NULL),Refine,172,1604,1604,0,0,0,0,0,0,0,0,0,0,0,0,0,0,0,0,0,0,0,0,0,0,0,0,0,0,0,0,0,0,0,0,0,0,0,0,0,0,0,0,0,0,0,0,0,0,0,0,0,0,0,0,0,0,0,0,0,0,0,0,0,0,0,0,0,0,0,0,0,0,0,0,0,0,0,0,0,0,0,0,0,0,0,0,0,0,0,0,0,0,0,0,0,0,0,0,0,0,0,0,0,0,0,0,0,0,0,0,0,0,0,0,0,0,0,0,0,0,0,0,0,0,0,0,0,0,0,0,0,0,0,0,0,0,0,0,0,0,0,0,0,0,0,0,0,0,0,0,0,0,0,0,0,0,0,0,0,0,0,0,0,0,0,0,0,0,0,0,0,0,0
STAT,(NULL),Threads,172,172,172,0,0,0,0,0,0,0,0,0,0,0,0,0,0,0,0,0,0,0,0,0,0,0,0,0,0,0,0,0,0,0,0,0,0,0,0,0,0,0,0,0,0,0,0,0,0,0,0,0,0,0,0,0,0,0,0,0,0,0,0,0,0,0,0,0,0,0,0,0,0,0,0,0,0,0,0,0,0,0,0,0,0,0,0,0,0,0,0,0,0,0,0,0,0,0,0,0,0,0,0,0,0,0,0,0,0,0,0,0,0,0,0,0,0,0,0,0,0,0,0,0,0,0,0,0,0,0,0,0,0,0,0,0,0,0,0,0,0,0,0,0,0,0,0,0,0,0,0,0,0,0,0,0,0,0,0,0,0,0,0,0,0,0,0,0,0,0,0,0,0,0
STAT,(NULL),Time,172,5272,5272,0,0,0,0,0,0,0,0,0,0,0,0,0,0,0,0,0,0,0,0,0,0,0,0,0,0,0,0,0,0,0,0,0,0,0,0,0,0,0,0,0,0,0,0,0,0,0,0,0,0,0,0,0,0,0,0,0,0,0,0,0,0,0,0,0,0,0,0,0,0,0,0,0,0,0,0,0,0,0,0,0,0,0,0,0,0,0,0,0,0,0,0,0,0,0,0,0,0,0,0,0,0,0,0,0,0,0,0,0,0,0,0,0,0,0,0,0,0,0,0,0,0,0,0,0,0,0,0,0,0,0,0,0,0,0,0,0,0,0,0,0,0,0,0,0,0,0,0,0,0,0,0,0,0,0,0,0,0,0,0,0,0,0,0,0,0,0,0,0,0,0
STAT,match,Conflicts,172,5753,49,47,48,43,45,45,45,46,54,48,46,48,56,48,47,36,31,44,40,42,44,49,49,45,44,47,35,56,44,51,47,34,47,32,45,36,34,39,37,39,42,38,35,43,32,43,41,45,36,51,40,36,38,34,44,35,30,30,35,35,39,27,34,24,25,28,30,27,26,22,21,27,26,26,32,25,26,24,29,25,21,26,28,28,33,33,25,20,41,31,41,33,31,29,29,34,30,23,33,25,29,21,31,23,33,37,30,27,34,31,31,30,30,27,37,38,29,30,32,31,28,25,29,26,25,21,26,33,28,26,24,30,22,22,25,30,26,27,24,27,28,28,29,24,35,28,24,25,24,29,23,27,39,26,29,36,32,23,28,30,30,29,28,30,32,30,36,38,27,30,43,36
STAT,match,Iterations,172,14968302,52865,61145,63485,67418,78048,84459,60165,58505,70749,77946,74292,67891,74649,62935,63330,74884,79834,61413,77733,70420,67393,69327,73248,77336,64364,65698,90495,58045,65210,71767,72175,67579,65727,80955,78063,69506,71783,83462,71794,70392,64228,92823,85586,76762,97075,60490,78938,84721,87154,77938,80030,95909,86299,99964,97637,95978,106316,102798,101361,90097,94876,81792,88340,95651,90202,92683,73886,86680,87637,103524,104349,82583,79105,86456,94003,97085,97787,85176,90311,97433,92186,93137,74726,104619,76314,80183,100842,90584,76717,90220,92551,92071,76108,92618,94133,85801,76037,90390,107593,105702,93402,101564,103346,87583,86451,100881,96120,96767,89899,94522,97297,128204,127250,105486,78301,108422,107196,103507,106397,101412,104839,108579,90447,86589,97960,99945,85570,79650,89535,92997,91675,81326,87497,101552,86706,90181,91491,93238,93894,74946,87988,88319,80400,95975,89616,92586,116881,90977,77917,92606,94042,100263,85105,82856,87327,93363,96046,107283,87163,91287,71454,100279,94244,105685,88310,90300,79729,89472,105667,99564,81900,100394
STAT,popedge,Conflicts,172,0,0,0,0,0,0,0,0,0,0,0,0,0,0,0,0,0,0,0,0,0,0,0,0,0,0,0,0,0,0,0,0,0,0,0,0,0,0,0,0,0,0,0,0,0,0,0,0,0,0,0,0,0,0,0,0,0,0,0,0,0,0,0,0,0,0,0,0,0,0,0,0,0,0,0,0,0,0,0,0,0,0,0,0,0,0,0,0,0,0,0,0,0,0,0,0,0,0,0,0,0,0,0,0,0,0,0,0,0,0,0,0,0,0,0,0,0,0,0,0,0,0,0,0,0,0,0,0,0,0,0,0,0,0,0,0,0,0,0,0,0,0,0,0,0,0,0,0,0,0,0,0,0,0,0,0,0,0,0,0,0,0,0,0,0,0,0,0,0,0,0,0,0
STAT,popedge,Iterations,172,7331137,38925,41143,39756,40821,40305,40038,39829,39901,40788,41553,40640,40797,41103,42959,40081,39281,40406,39090,39565,40560,42233,40106,41848,42390,42564,42146,42669,44784,43851,42152,43320,42029,43050,43403,44184,41786,38751,43199,42565,42113,41625,42776,42879,42704,42946,42157,42746,41026,40276,42351,50884,49715,51282,46640,47007,48749,48083,47723,46230,46991,45967,39430,38032,37773,38995,38008,38743,38794,37235,41657,42294,40813,40759,41430,40930,41481,38679,38830,38595,39180,39314,40854,39890,40597,42419,40230,43580,43393,43833,43913,40525,45028,43052,42871,43977,43348,41724,38752,41723,42267,43781,42032,46324,44191,41754,43664,43506,44099,43944,40290,41512,51213,53300,52633,49372,48282,47691,52463,49196,46546,51472,50166,37059,38842,41929,40255,38738,40177,39761,39958,40393,40518,42126,41230,40471,41786,40787,39181,42190,40500,42982,40921,42083,42513,42628,44414,45854,43566,44994,42491,46621,41760,45879,44127,42749,40865,43425,42165,38141,43062,46126,41335,39994,43621,44364,42718,44568,43789,40443,44053,44368,40797
STAT,refine,Conflicts,172,5306,80,80,87,71,69,59,74,73,58,61,62,53,65,61,64,55,52,41,52,53,42,53,43,44,54,47,44,51,42,46,46,38,29,32,40,31,43,30,35,43,38,39,29,44,36,42,29,40,34,33,40,32,40,41,27,37,27,34,41,30,44,31,32,29,15,25,16,24,26,22,17,14,21,20,26,29,27,25,16,13,22,23,17,17,14,19,25,21,21,19,23,20,17,18,20,26,16,27,16,34,27,19,26,20,25,24,15,19,12,22,28,27,27,33,14,23,28,25,25,25,24,30,23,17,28,32,22,18,25,22,19,29,16,30,31,35,19,23,27,18,24,21,24,30,21,24,25,18,12,16,22,21,20,20,15,21,15,18,27,25,27,20,19,22,13,26,21,12,16,20,18,18
STAT,refine,Iterations,172,423957,2133,2360,2412,2100,2000,2074,1663,1794,2153,2406,3000,3269,1839,1925,2203,2172,2277,1726,2493,1782,1539,2394,2551,2006,2474,2581,1864,1762,1781,2097,1957,1856,1726,1864,2356,1969,2518,1948,2236,3052,2057,2606,1998,2406,2389,2428,2122,2817,2324,2288,2864,3252,3275,3099,2930,2726,2941,3136,3117,2336,2887,2644,2944,2317,2318,2518,1789,1885,1655,2272,2933,2777,2082,2161,2906,2628,2496,2004,1736,2122,2385,2536,2021,2685,2151,2813,3482,1914,1977,2070,2734,2288,1552,2289,2283,2664,2076,2904,2683,2807,2887,2591,2655,2264,2337,3100,2420,3510,3108,2730,2702,3212,4459,3880,3019,3265,2925,3456,3581,2679,2659,3122,2764,2371,2846,2482,1999,1634,2179,2213,2264,2867,2656,2928,2258,3313,2743,2185,2292,1570,2294,1987,2481,2447,3203,3192,3278,3114,1769,1935,2609,2609,2278,1524,1689,2114,2217,2530,2490,2247,2277,2843,2156,3080,2338,2694,2423,2718,2370,2972,2207,2936
