Hello from MIC
Galois Benchmark Suite v2.2.0 (r0)
Copyright (C) 2013 The University of Texas at Austin
http://iss.ices.utexas.edu/galois/

application: GMetis
Partitions a graph into K parts and minimizing the graph cut
http://iss.ices.utexas.edu/?p=projects/galois/benchmarks/gMetis

INFO: CommandLine /work/02556/dpereira/MIC/apps/gmetis/gmetis -t=58 /work/02556/dpereira/Inputs/USA-road-d.W.gr 128
INFO: Hostname c557-903-mic0.stampede.tacc.utexas.edu
Created Graph with 6262104 nodes and 15248146 edges
Nodes 6262104| Edges 15248146 7624073

  Starting coarsening: 
Time coarsen:  2428 Size of final graph: 3014

  Sarting initial partitioning using GGGP:
Size in decade percentages:  -1,7 -0,112 1,9
Time clustering:  400

  Sarting refinnement with BKL2
Initial dist
Size in decade percentages:  -1,7 -0,112 1,9
Refined dist
Size in decade percentages:  -1,46 -0,34 1,48
Time refinement:  721


Time:  3726
Total edge cut : 7448

Part saved in : 0x7fff997cba60
STATTYPE,LOOP,CATEGORY,n,sum,T0,T1,T2,T3,T4,T5,T6,T7,T8,T9,T10,T11,T12,T13,T14,T15,T16,T17,T18,T19,T20,T21,T22,T23,T24,T25,T26,T27,T28,T29,T30,T31,T32,T33,T34,T35,T36,T37,T38,T39,T40,T41,T42,T43,T44,T45,T46,T47,T48,T49,T50,T51,T52,T53,T54,T55,T56,T57
STAT,(NULL),Coarsen,58,2428,2428,0,0,0,0,0,0,0,0,0,0,0,0,0,0,0,0,0,0,0,0,0,0,0,0,0,0,0,0,0,0,0,0,0,0,0,0,0,0,0,0,0,0,0,0,0,0,0,0,0,0,0,0,0,0,0,0,0
STAT,(NULL),Conflicts,58,0,0,0,0,0,0,0,0,0,0,0,0,0,0,0,0,0,0,0,0,0,0,0,0,0,0,0,0,0,0,0,0,0,0,0,0,0,0,0,0,0,0,0,0,0,0,0,0,0,0,0,0,0,0,0,0,0,0,0
STAT,(NULL),Iterations,58,255,9,0,2,1,5,5,8,3,2,2,0,5,2,3,2,6,8,4,5,0,5,6,5,1,5,5,2,4,2,2,5,3,5,0,3,4,4,1,1,0,4,3,4,3,3,1,9,20,12,26,3,3,6,1,6,6,6,4
STAT,(NULL),MeminfoPost,58,756312,13050,13049,13041,13132,13034,13047,13067,13019,13052,13025,13055,13051,13046,13132,13009,13068,13062,13019,13041,13041,13074,13048,13045,13011,13013,13055,13021,13006,13060,13030,13033,12998,13066,13033,13024,12998,13018,13023,13114,13032,12991,13063,13029,13004,13012,13045,13099,13008,13070,13104,13036,13018,12988,13025,12983,13021,13036,13038
STAT,(NULL),MeminfoPre,58,189072,3270,3269,3261,3352,3254,3267,3287,3239,3272,3245,3275,3271,3266,3352,3229,3288,3282,3239,3261,3261,3294,3268,3265,3231,3233,3275,3241,3226,3280,3250,3253,3218,3286,3253,3244,3218,3238,3243,3334,3252,3211,3283,3249,3224,3232,3265,3319,3228,3290,3324,3256,3238,3208,3245,3203,3241,3256,3258
STAT,(NULL),Partition,58,400,400,0,0,0,0,0,0,0,0,0,0,0,0,0,0,0,0,0,0,0,0,0,0,0,0,0,0,0,0,0,0,0,0,0,0,0,0,0,0,0,0,0,0,0,0,0,0,0,0,0,0,0,0,0,0,0,0,0
STAT,(NULL),Refine,58,721,721,0,0,0,0,0,0,0,0,0,0,0,0,0,0,0,0,0,0,0,0,0,0,0,0,0,0,0,0,0,0,0,0,0,0,0,0,0,0,0,0,0,0,0,0,0,0,0,0,0,0,0,0,0,0,0,0,0
STAT,(NULL),Threads,58,58,58,0,0,0,0,0,0,0,0,0,0,0,0,0,0,0,0,0,0,0,0,0,0,0,0,0,0,0,0,0,0,0,0,0,0,0,0,0,0,0,0,0,0,0,0,0,0,0,0,0,0,0,0,0,0,0,0,0
STAT,(NULL),Time,58,3726,3726,0,0,0,0,0,0,0,0,0,0,0,0,0,0,0,0,0,0,0,0,0,0,0,0,0,0,0,0,0,0,0,0,0,0,0,0,0,0,0,0,0,0,0,0,0,0,0,0,0,0,0,0,0,0,0,0,0
STAT,match,Conflicts,58,5180,216,143,122,173,146,130,122,135,113,92,98,93,95,129,92,99,90,76,94,86,72,70,66,88,102,84,96,77,73,56,67,72,65,64,51,35,71,88,60,54,87,60,61,60,68,85,68,71,65,84,106,70,83,89,86,109,106,67
STAT,match,Iterations,58,14967127,234147,235368,249785,239037,242540,224163,253733,255950,259467,258031,248140,253716,260312,224623,267441,252048,256687,272408,259968,235054,244568,254642,254551,268548,260881,244024,252487,258931,239209,272619,264833,273368,251607,265950,263568,285295,275178,265783,242329,271016,268127,265361,267806,272443,273982,256655,241020,251829,263320,260558,267286,275041,275015,270308,288251,261283,256874,259963
STAT,popedge,Conflicts,58,0,0,0,0,0,0,0,0,0,0,0,0,0,0,0,0,0,0,0,0,0,0,0,0,0,0,0,0,0,0,0,0,0,0,0,0,0,0,0,0,0,0,0,0,0,0,0,0,0,0,0,0,0,0,0,0,0,0,0
STAT,popedge,Iterations,58,7333454,126762,125343,125554,120530,127521,113792,120905,130727,128012,129508,124368,125868,124668,120436,124828,120666,121742,122487,127782,119668,115768,112661,114902,121319,124720,122154,124565,127591,123391,129338,130563,131034,128589,128893,132109,126426,130369,130546,125147,121300,125329,124682,121664,126660,123320,125022,120736,119238,127681,137231,140229,137424,139336,134113,136159,138038,138960,135080
STAT,refine,Conflicts,58,3182,112,99,113,97,74,98,86,74,57,61,74,72,77,70,61,45,40,59,47,58,61,61,63,64,52,63,60,60,59,44,38,44,35,31,44,36,35,36,42,40,37,46,35,34,46,46,54,42,39,37,50,40,33,40,36,44,46,35
STAT,refine,Iterations,58,125393,2267,1922,1822,2655,1943,1680,2107,2015,2062,2106,2030,1933,2117,2451,1860,2031,2123,2509,2068,2051,2495,1884,2518,2088,1993,2157,2050,1971,2063,2596,2641,2072,2352,2464,2024,2264,2267,2227,2544,2533,1740,2397,1673,1819,2040,1893,2726,1984,3558,2653,2422,1341,1510,1709,1972,2198,2605,2198
