Hello from MIC
Galois Benchmark Suite v2.2.0 (r0)
Copyright (C) 2013 The University of Texas at Austin
http://iss.ices.utexas.edu/galois/

application: GMetis
Partitions a graph into K parts and minimizing the graph cut
http://iss.ices.utexas.edu/?p=projects/galois/benchmarks/gMetis

INFO: CommandLine /work/02556/dpereira/MIC/apps/gmetis/gmetis -t=96 /work/02556/dpereira/Inputs/USA-road-d.W.gr 128
INFO: Hostname c557-903-mic0.stampede.tacc.utexas.edu
Created Graph with 6262104 nodes and 15248146 edges
Nodes 6262104| Edges 15248146 7624073

  Starting coarsening: 
Time coarsen:  2287 Size of final graph: 3083

  Sarting initial partitioning using GGGP:
Size in decade percentages:  -1,6 -0,114 1,8
Time clustering:  414

  Sarting refinnement with BKL2
Initial dist
Size in decade percentages:  -1,6 -0,114 1,8
Refined dist
Size in decade percentages:  -1,48 0,33 1,47
Time refinement:  972


Time:  3849
Total edge cut : 8619

Part saved in : 0x7fffc9fa95e0
STATTYPE,LOOP,CATEGORY,n,sum,T0,T1,T2,T3,T4,T5,T6,T7,T8,T9,T10,T11,T12,T13,T14,T15,T16,T17,T18,T19,T20,T21,T22,T23,T24,T25,T26,T27,T28,T29,T30,T31,T32,T33,T34,T35,T36,T37,T38,T39,T40,T41,T42,T43,T44,T45,T46,T47,T48,T49,T50,T51,T52,T53,T54,T55,T56,T57,T58,T59,T60,T61,T62,T63,T64,T65,T66,T67,T68,T69,T70,T71,T72,T73,T74,T75,T76,T77,T78,T79,T80,T81,T82,T83,T84,T85,T86,T87,T88,T89,T90,T91,T92,T93,T94,T95
STAT,(NULL),Coarsen,96,2287,2287,0,0,0,0,0,0,0,0,0,0,0,0,0,0,0,0,0,0,0,0,0,0,0,0,0,0,0,0,0,0,0,0,0,0,0,0,0,0,0,0,0,0,0,0,0,0,0,0,0,0,0,0,0,0,0,0,0,0,0,0,0,0,0,0,0,0,0,0,0,0,0,0,0,0,0,0,0,0,0,0,0,0,0,0,0,0,0,0,0,0,0,0,0,0,0
STAT,(NULL),Conflicts,96,0,0,0,0,0,0,0,0,0,0,0,0,0,0,0,0,0,0,0,0,0,0,0,0,0,0,0,0,0,0,0,0,0,0,0,0,0,0,0,0,0,0,0,0,0,0,0,0,0,0,0,0,0,0,0,0,0,0,0,0,0,0,0,0,0,0,0,0,0,0,0,0,0,0,0,0,0,0,0,0,0,0,0,0,0,0,0,0,0,0,0,0,0,0,0,0,0
STAT,(NULL),Iterations,96,255,8,1,1,3,0,4,0,0,2,5,2,3,3,0,4,1,3,8,4,5,0,5,0,3,3,2,1,5,0,0,0,2,2,0,0,0,2,0,5,6,3,5,1,5,1,1,0,5,6,0,3,2,4,0,1,1,1,2,7,8,5,8,3,1,3,4,3,0,2,3,4,6,2,8,0,3,1,8,3,2,4,1,0,1,0,4,3,0,2,2,10,1,0,5,0,4
STAT,(NULL),MeminfoPost,96,756592,7874,7905,7895,7875,7877,7924,7945,7862,7870,7901,7887,7904,7858,7889,7887,7860,7873,7908,7888,7876,7881,7916,7956,7865,7871,7893,7903,7895,7861,7882,7883,7867,7886,7882,7922,7873,7898,7880,7869,7874,7851,7882,7891,7872,7862,7853,7864,7923,7883,7863,7892,7843,7866,7895,7905,7878,7870,7861,7857,7851,7860,7874,7891,7930,7892,7874,7865,7857,7890,7893,7867,7872,7861,7850,7870,7889,7933,7899,7862,7862,7913,7916,7918,7863,7874,7877,7845,7861,7885,7842,7851,7876,7862,7883,7886,7872
STAT,(NULL),MeminfoPre,96,189136,1963,1994,1984,1964,1966,2013,2034,1951,1959,1990,1976,1993,1947,1978,1976,1949,1962,1997,1977,1965,1970,2005,2045,1954,1960,1982,1992,1984,1950,1971,1972,1956,1975,1971,2011,1962,1987,1969,1958,1963,1940,1971,1980,1961,1951,1942,1953,2012,1972,1952,1981,1932,1955,1984,1994,1967,1959,1950,1946,1940,1949,1963,1980,2019,1981,1963,1954,1946,1979,1982,1956,1961,1950,1939,1959,1978,2022,1988,1951,1951,2002,2005,2007,1952,1963,1966,1934,1950,1974,1931,1940,1965,1951,1972,1975,1961
STAT,(NULL),Partition,96,414,414,0,0,0,0,0,0,0,0,0,0,0,0,0,0,0,0,0,0,0,0,0,0,0,0,0,0,0,0,0,0,0,0,0,0,0,0,0,0,0,0,0,0,0,0,0,0,0,0,0,0,0,0,0,0,0,0,0,0,0,0,0,0,0,0,0,0,0,0,0,0,0,0,0,0,0,0,0,0,0,0,0,0,0,0,0,0,0,0,0,0,0,0,0,0,0
STAT,(NULL),Refine,96,972,972,0,0,0,0,0,0,0,0,0,0,0,0,0,0,0,0,0,0,0,0,0,0,0,0,0,0,0,0,0,0,0,0,0,0,0,0,0,0,0,0,0,0,0,0,0,0,0,0,0,0,0,0,0,0,0,0,0,0,0,0,0,0,0,0,0,0,0,0,0,0,0,0,0,0,0,0,0,0,0,0,0,0,0,0,0,0,0,0,0,0,0,0,0,0,0
STAT,(NULL),Threads,96,96,96,0,0,0,0,0,0,0,0,0,0,0,0,0,0,0,0,0,0,0,0,0,0,0,0,0,0,0,0,0,0,0,0,0,0,0,0,0,0,0,0,0,0,0,0,0,0,0,0,0,0,0,0,0,0,0,0,0,0,0,0,0,0,0,0,0,0,0,0,0,0,0,0,0,0,0,0,0,0,0,0,0,0,0,0,0,0,0,0,0,0,0,0,0,0,0
STAT,(NULL),Time,96,3849,3849,0,0,0,0,0,0,0,0,0,0,0,0,0,0,0,0,0,0,0,0,0,0,0,0,0,0,0,0,0,0,0,0,0,0,0,0,0,0,0,0,0,0,0,0,0,0,0,0,0,0,0,0,0,0,0,0,0,0,0,0,0,0,0,0,0,0,0,0,0,0,0,0,0,0,0,0,0,0,0,0,0,0,0,0,0,0,0,0,0,0,0,0,0,0,0
STAT,match,Conflicts,96,5872,118,112,76,116,86,89,93,83,100,75,79,82,82,87,91,99,76,63,63,70,73,65,85,75,67,98,86,87,78,71,94,60,82,69,50,40,52,39,55,44,41,45,44,51,28,48,47,55,46,50,50,48,43,48,53,54,62,58,47,49,43,60,58,38,56,45,59,40,47,42,35,53,44,39,55,54,59,49,45,42,53,49,46,61,49,36,61,66,67,44,46,61,57,57,48,31
STAT,match,Iterations,96,14998532,125678,122489,134800,141237,133172,152064,139740,145570,136120,133942,130589,141856,140468,137470,132004,128307,147712,153624,140114,134807,146821,125813,157919,136641,150425,159333,150667,126410,134828,140978,162823,153075,142447,138529,139519,182532,152951,184425,172726,158129,180152,162897,155996,160803,196667,182981,169349,143746,180424,153518,166736,179316,159065,176939,157517,179561,169613,176825,181923,162459,195937,142667,151784,159605,181896,163056,161301,154356,183000,162100,167139,161545,170507,167324,149261,154815,150052,154891,146551,144311,157012,154240,164471,163151,179257,176538,162475,163251,148511,166582,181686,172460,144274,149260,154847,173178
STAT,popedge,Conflicts,96,0,0,0,0,0,0,0,0,0,0,0,0,0,0,0,0,0,0,0,0,0,0,0,0,0,0,0,0,0,0,0,0,0,0,0,0,0,0,0,0,0,0,0,0,0,0,0,0,0,0,0,0,0,0,0,0,0,0,0,0,0,0,0,0,0,0,0,0,0,0,0,0,0,0,0,0,0,0,0,0,0,0,0,0,0,0,0,0,0,0,0,0,0,0,0,0,0
STAT,popedge,Iterations,96,7352023,75422,73823,73397,75935,74278,72245,69670,74254,71909,72543,72055,72893,76274,74191,74935,75907,72408,71098,72593,75061,76674,75405,74844,78073,76529,71706,73572,73914,79230,77803,73598,75611,72775,70976,70191,78971,76808,78075,78476,84244,83735,82370,79382,79335,77389,80256,79747,79565,83065,89312,84161,85354,78722,81177,84084,82495,84706,87836,86482,88672,83351,75409,74994,71549,70492,74784,73846,74006,69057,71168,72438,74906,70690,73732,74317,72631,72799,70073,71835,71421,76188,77014,78334,76922,78009,80438,81197,75837,77168,80254,74683,77063,82842,75512,77394,73459
STAT,refine,Conflicts,96,4195,115,105,105,103,93,98,89,83,79,68,75,67,76,81,82,71,58,63,55,54,55,51,55,48,60,59,56,60,53,57,50,43,37,41,48,42,48,34,28,33,40,36,30,34,37,41,35,35,37,39,39,30,32,30,33,34,35,45,24,31,31,22,26,26,24,23,34,22,23,27,23,27,31,20,28,22,30,27,29,26,32,28,27,26,17,25,23,25,28,28,28,23,22,19,24,24
STAT,refine,Iterations,96,140875,1271,1883,1643,1454,1361,1812,1516,1277,1522,1185,1618,1148,1206,1490,1275,1444,1125,1809,1442,1420,1542,1508,1847,1426,1434,1274,1348,1198,1111,1272,1240,1327,1376,1241,1529,1755,1671,1519,1418,1768,1403,1669,1475,1088,1498,1723,1628,1645,1518,1677,1641,1425,1392,1692,1698,1572,1095,1901,1732,1498,1980,1184,1687,1629,1421,1447,1883,1370,1342,1729,1170,1599,1246,1263,1580,1168,1470,1289,1504,1341,1663,1362,1795,1528,1628,1362,1324,1183,1301,951,1430,1487,1033,1691,1594,1566
