Hello from MIC
Galois Benchmark Suite v2.2.0 (r0)
Copyright (C) 2013 The University of Texas at Austin
http://iss.ices.utexas.edu/galois/

application: GMetis
Partitions a graph into K parts and minimizing the graph cut
http://iss.ices.utexas.edu/?p=projects/galois/benchmarks/gMetis

INFO: CommandLine /work/02556/dpereira/MIC/apps/gmetis/gmetis -t=189 /work/02556/dpereira/Inputs/USA-road-d.W.gr 1024
INFO: Hostname c558-402-mic0.stampede.tacc.utexas.edu
Created Graph with 6262104 nodes and 15248146 edges
Nodes 6262104| Edges 15248146 7624073

  Starting coarsening: 
Time coarsen:  2596 Size of final graph: 21918

  Sarting initial partitioning using GGGP:
Size in decade percentages:  -1,65 -0,890 1,69
Time clustering:  1134

  Sarting refinnement with BKL2
Initial dist
Size in decade percentages:  -1,65 -0,890 1,69
Refined dist
Size in decade percentages:  -1,363 -0,290 1,370 3,1
Time refinement:  1730


Time:  5641
Total edge cut : 31505

Part saved in : 0x7fffc94b0660
STATTYPE,LOOP,CATEGORY,n,sum,T0,T1,T2,T3,T4,T5,T6,T7,T8,T9,T10,T11,T12,T13,T14,T15,T16,T17,T18,T19,T20,T21,T22,T23,T24,T25,T26,T27,T28,T29,T30,T31,T32,T33,T34,T35,T36,T37,T38,T39,T40,T41,T42,T43,T44,T45,T46,T47,T48,T49,T50,T51,T52,T53,T54,T55,T56,T57,T58,T59,T60,T61,T62,T63,T64,T65,T66,T67,T68,T69,T70,T71,T72,T73,T74,T75,T76,T77,T78,T79,T80,T81,T82,T83,T84,T85,T86,T87,T88,T89,T90,T91,T92,T93,T94,T95,T96,T97,T98,T99,T100,T101,T102,T103,T104,T105,T106,T107,T108,T109,T110,T111,T112,T113,T114,T115,T116,T117,T118,T119,T120,T121,T122,T123,T124,T125,T126,T127,T128,T129,T130,T131,T132,T133,T134,T135,T136,T137,T138,T139,T140,T141,T142,T143,T144,T145,T146,T147,T148,T149,T150,T151,T152,T153,T154,T155,T156,T157,T158,T159,T160,T161,T162,T163,T164,T165,T166,T167,T168,T169,T170,T171,T172,T173,T174,T175,T176,T177,T178,T179,T180,T181,T182,T183,T184,T185,T186,T187,T188
STAT,(NULL),Coarsen,189,2596,2596,0,0,0,0,0,0,0,0,0,0,0,0,0,0,0,0,0,0,0,0,0,0,0,0,0,0,0,0,0,0,0,0,0,0,0,0,0,0,0,0,0,0,0,0,0,0,0,0,0,0,0,0,0,0,0,0,0,0,0,0,0,0,0,0,0,0,0,0,0,0,0,0,0,0,0,0,0,0,0,0,0,0,0,0,0,0,0,0,0,0,0,0,0,0,0,0,0,0,0,0,0,0,0,0,0,0,0,0,0,0,0,0,0,0,0,0,0,0,0,0,0,0,0,0,0,0,0,0,0,0,0,0,0,0,0,0,0,0,0,0,0,0,0,0,0,0,0,0,0,0,0,0,0,0,0,0,0,0,0,0,0,0,0,0,0,0,0,0,0,0,0,0,0,0,0,0,0,0,0,0,0,0,0,0,0,0,0,0
STAT,(NULL),Conflicts,189,0,0,0,0,0,0,0,0,0,0,0,0,0,0,0,0,0,0,0,0,0,0,0,0,0,0,0,0,0,0,0,0,0,0,0,0,0,0,0,0,0,0,0,0,0,0,0,0,0,0,0,0,0,0,0,0,0,0,0,0,0,0,0,0,0,0,0,0,0,0,0,0,0,0,0,0,0,0,0,0,0,0,0,0,0,0,0,0,0,0,0,0,0,0,0,0,0,0,0,0,0,0,0,0,0,0,0,0,0,0,0,0,0,0,0,0,0,0,0,0,0,0,0,0,0,0,0,0,0,0,0,0,0,0,0,0,0,0,0,0,0,0,0,0,0,0,0,0,0,0,0,0,0,0,0,0,0,0,0,0,0,0,0,0,0,0,0,0,0,0,0,0,0,0,0,0,0,0,0,0,0,0,0,0,0,0,0,0,0,0
STAT,(NULL),Iterations,189,2047,11,7,9,3,9,4,9,9,12,10,9,7,9,12,13,10,3,14,8,7,9,5,10,3,7,15,6,17,7,1,6,9,12,3,18,9,26,14,13,19,11,16,12,14,8,8,10,1,12,14,12,14,15,14,7,10,19,6,19,9,11,23,7,10,4,12,12,7,10,16,12,18,9,8,12,14,9,6,13,11,12,18,11,19,10,7,12,0,15,17,4,14,8,13,13,16,9,16,12,10,8,8,10,10,17,15,8,19,14,13,4,11,6,8,12,10,10,13,10,20,13,9,10,5,12,8,8,13,5,10,13,16,14,12,9,21,7,14,6,13,4,14,8,10,11,10,9,11,11,10,11,1,11,9,20,15,7,8,12,11,12,6,11,10,14,11,4,12,14,7,14,6,12,12,14,14,9,12,19,7,15,9,21,17,6,16,6,9,6
STAT,(NULL),MeminfoPost,189,757201,4009,3997,4030,4007,4013,4014,4011,3994,4008,4002,4024,4035,4054,4018,3991,3999,4002,4012,4007,4015,4031,4005,4011,4004,3991,4003,4009,4015,4014,3997,3994,4004,4009,4006,4014,4016,4014,4004,4010,3993,4013,4015,4016,4067,4035,3998,4004,4000,3992,4009,4019,4024,4011,4012,4014,3992,4003,3999,4013,4021,3995,4000,3999,4003,4015,4006,4008,4018,4035,4000,4005,4016,4010,3999,4015,3998,3999,3997,4015,3991,3986,4006,4013,4017,4003,3996,4004,4002,3991,3990,3991,4008,4000,4033,4030,4004,3993,3996,4001,4023,3991,3986,3986,4004,4010,4019,4012,4019,4004,4006,3992,4010,3996,3999,4004,3988,3989,3986,4004,3988,4015,3993,3997,4023,4037,4025,4025,3999,3995,4011,4005,3987,3986,4005,4009,4017,4016,4003,4001,4006,3996,4000,3996,3988,3996,3989,4011,3991,4009,4030,4026,4039,4014,4003,3994,3995,3994,4004,4024,4039,4020,4027,4027,4006,3992,4013,3995,4004,4003,3995,3989,3989,3991,3986,4036,3987,3986,3999,3983,3985,4020,3994,3997,4004,4010,4005,4012,3996,4010
STAT,(NULL),MeminfoPre,189,189256,1004,992,1025,1002,1008,1009,1006,989,1003,997,1019,1030,1049,1013,986,994,997,1007,1002,1010,1026,1000,1006,999,986,998,1004,1010,1009,992,989,999,1004,1001,1009,1011,1009,999,1005,988,1008,1010,1011,1062,1030,993,999,995,987,1004,1014,1019,1006,1007,1009,987,998,994,1008,1016,990,995,994,998,1010,1001,1003,1013,1030,995,1000,1011,1005,994,1010,993,994,992,1010,986,981,1001,1008,1012,998,991,999,997,986,985,986,1003,995,1028,1025,999,988,991,996,1018,986,981,981,999,1005,1014,1007,1014,999,1001,987,1005,991,994,999,983,984,981,999,983,1010,988,992,1018,1032,1020,1020,994,990,1006,1000,982,981,1000,1004,1012,1011,998,996,1001,991,995,991,983,991,984,1006,986,1004,1025,1021,1034,1009,998,989,990,989,999,1019,1034,1015,1022,1022,1001,987,1008,990,999,998,990,984,984,986,981,1031,982,981,994,978,980,1015,989,992,999,1005,1000,1007,991,1005
STAT,(NULL),Partition,189,1134,1134,0,0,0,0,0,0,0,0,0,0,0,0,0,0,0,0,0,0,0,0,0,0,0,0,0,0,0,0,0,0,0,0,0,0,0,0,0,0,0,0,0,0,0,0,0,0,0,0,0,0,0,0,0,0,0,0,0,0,0,0,0,0,0,0,0,0,0,0,0,0,0,0,0,0,0,0,0,0,0,0,0,0,0,0,0,0,0,0,0,0,0,0,0,0,0,0,0,0,0,0,0,0,0,0,0,0,0,0,0,0,0,0,0,0,0,0,0,0,0,0,0,0,0,0,0,0,0,0,0,0,0,0,0,0,0,0,0,0,0,0,0,0,0,0,0,0,0,0,0,0,0,0,0,0,0,0,0,0,0,0,0,0,0,0,0,0,0,0,0,0,0,0,0,0,0,0,0,0,0,0,0,0,0,0,0,0,0,0
STAT,(NULL),Refine,189,1730,1730,0,0,0,0,0,0,0,0,0,0,0,0,0,0,0,0,0,0,0,0,0,0,0,0,0,0,0,0,0,0,0,0,0,0,0,0,0,0,0,0,0,0,0,0,0,0,0,0,0,0,0,0,0,0,0,0,0,0,0,0,0,0,0,0,0,0,0,0,0,0,0,0,0,0,0,0,0,0,0,0,0,0,0,0,0,0,0,0,0,0,0,0,0,0,0,0,0,0,0,0,0,0,0,0,0,0,0,0,0,0,0,0,0,0,0,0,0,0,0,0,0,0,0,0,0,0,0,0,0,0,0,0,0,0,0,0,0,0,0,0,0,0,0,0,0,0,0,0,0,0,0,0,0,0,0,0,0,0,0,0,0,0,0,0,0,0,0,0,0,0,0,0,0,0,0,0,0,0,0,0,0,0,0,0,0,0,0,0
STAT,(NULL),Threads,189,189,189,0,0,0,0,0,0,0,0,0,0,0,0,0,0,0,0,0,0,0,0,0,0,0,0,0,0,0,0,0,0,0,0,0,0,0,0,0,0,0,0,0,0,0,0,0,0,0,0,0,0,0,0,0,0,0,0,0,0,0,0,0,0,0,0,0,0,0,0,0,0,0,0,0,0,0,0,0,0,0,0,0,0,0,0,0,0,0,0,0,0,0,0,0,0,0,0,0,0,0,0,0,0,0,0,0,0,0,0,0,0,0,0,0,0,0,0,0,0,0,0,0,0,0,0,0,0,0,0,0,0,0,0,0,0,0,0,0,0,0,0,0,0,0,0,0,0,0,0,0,0,0,0,0,0,0,0,0,0,0,0,0,0,0,0,0,0,0,0,0,0,0,0,0,0,0,0,0,0,0,0,0,0,0,0,0,0,0,0
STAT,(NULL),Time,189,5641,5641,0,0,0,0,0,0,0,0,0,0,0,0,0,0,0,0,0,0,0,0,0,0,0,0,0,0,0,0,0,0,0,0,0,0,0,0,0,0,0,0,0,0,0,0,0,0,0,0,0,0,0,0,0,0,0,0,0,0,0,0,0,0,0,0,0,0,0,0,0,0,0,0,0,0,0,0,0,0,0,0,0,0,0,0,0,0,0,0,0,0,0,0,0,0,0,0,0,0,0,0,0,0,0,0,0,0,0,0,0,0,0,0,0,0,0,0,0,0,0,0,0,0,0,0,0,0,0,0,0,0,0,0,0,0,0,0,0,0,0,0,0,0,0,0,0,0,0,0,0,0,0,0,0,0,0,0,0,0,0,0,0,0,0,0,0,0,0,0,0,0,0,0,0,0,0,0,0,0,0,0,0,0,0,0,0,0,0,0
STAT,match,Conflicts,189,5818,52,48,40,45,42,51,41,36,51,39,50,47,32,42,46,37,45,42,47,34,40,41,41,43,36,39,35,39,44,35,34,37,35,32,35,31,42,40,41,38,42,44,39,33,35,31,50,36,38,37,30,37,36,42,40,39,29,32,39,34,41,31,28,28,24,23,31,22,19,26,19,24,28,20,22,26,27,23,25,28,25,30,29,24,26,23,23,26,22,24,23,27,24,25,22,28,23,32,25,29,29,26,29,30,24,28,34,33,28,32,35,32,25,26,29,23,38,27,20,24,25,40,25,25,22,28,23,29,26,16,23,25,27,18,27,20,32,27,26,23,24,26,25,21,25,32,26,29,26,26,27,24,16,28,27,27,32,29,31,33,29,31,24,21,37,26,24,25,26,24,33,27,29,30,23,31,34,27,28,34,29,26,30,25,31,28,26,25,29
STAT,match,Iterations,189,14968703,44004,62680,68047,53395,61503,60179,70772,74204,67142,70915,82871,61426,70360,53205,71260,63583,50980,56744,73121,78853,69648,58290,72446,70027,62315,48594,78815,47867,49004,63950,77548,80121,60309,79147,70700,94225,73816,68887,88193,65357,81351,76244,84230,74331,59996,77083,53017,84117,76599,77256,99170,54020,59621,66556,62644,52931,88142,68336,77753,60875,92239,76473,82246,76665,87908,75921,93480,88740,85416,81604,100719,85909,68057,92964,93322,92897,99862,78934,99247,85223,107495,92453,80525,78741,75724,90559,87701,77678,90976,120368,92784,76864,103437,83829,83402,71649,82996,67520,102138,89902,81303,88637,89905,61135,73106,66121,81360,74046,82685,87468,84081,71174,70187,71550,87492,83970,88829,84147,104530,93922,80079,87459,71952,79900,91421,83827,75832,79964,86564,100277,91910,64781,82851,101451,74102,102439,77589,101435,83372,77172,87877,67999,90315,89709,101016,86632,81049,80946,87064,68740,86552,77317,97753,84827,84576,79585,74635,82610,104706,76555,62683,89994,85115,84601,57462,90792,93680,87567,66081,93717,78848,83010,91353,77282,71706,89723,87100,87170,77308,64006,84891,78851,78284,72737,95201,82672,78456,82489,82094
STAT,popedge,Conflicts,189,0,0,0,0,0,0,0,0,0,0,0,0,0,0,0,0,0,0,0,0,0,0,0,0,0,0,0,0,0,0,0,0,0,0,0,0,0,0,0,0,0,0,0,0,0,0,0,0,0,0,0,0,0,0,0,0,0,0,0,0,0,0,0,0,0,0,0,0,0,0,0,0,0,0,0,0,0,0,0,0,0,0,0,0,0,0,0,0,0,0,0,0,0,0,0,0,0,0,0,0,0,0,0,0,0,0,0,0,0,0,0,0,0,0,0,0,0,0,0,0,0,0,0,0,0,0,0,0,0,0,0,0,0,0,0,0,0,0,0,0,0,0,0,0,0,0,0,0,0,0,0,0,0,0,0,0,0,0,0,0,0,0,0,0,0,0,0,0,0,0,0,0,0,0,0,0,0,0,0,0,0,0,0,0,0,0,0,0,0,0
STAT,popedge,Iterations,189,7332833,35106,36294,35131,34333,33301,35226,39673,38394,38830,36771,38593,37838,37457,38431,37330,38824,39197,38770,38373,39107,37735,40190,39696,36438,39617,40147,38148,40750,39751,41195,38473,41583,38927,37955,37533,39050,38713,40436,38446,41080,36341,38670,38609,38737,39891,41020,37837,39368,39225,37956,38129,39892,40545,40451,41217,39750,41723,41244,39985,40643,39779,35069,34162,33667,34425,34046,34259,37704,36053,38056,36843,36120,38131,36829,37937,37914,37957,38976,39055,37822,38913,39203,38015,39581,38054,38544,38650,38577,36851,38897,38292,38034,40217,38886,40442,40323,39426,40867,41425,40467,40879,38453,39428,41220,39936,39844,40102,40937,39031,40671,40421,41286,39768,38192,40929,40033,39437,39544,39819,40666,39738,38905,35775,36418,35262,34094,33915,36116,39027,38308,40380,38795,38935,38615,39226,39170,37742,36975,37499,38873,37924,39548,37291,38381,40184,38516,39375,38941,39248,38175,39882,37146,38615,40683,39057,39111,39462,38915,42937,42209,41883,42075,37359,41805,41195,40288,38609,42233,40976,41950,40716,39141,40770,39764,39465,41945,39532,41159,41492,41550,40055,40426,43931,35513,36815,34707,35367,34549,35056
STAT,refine,Conflicts,189,5630,85,78,72,75,73,70,66,70,56,58,72,64,58,60,67,53,50,49,50,51,50,45,46,40,45,42,50,52,57,46,44,36,34,38,29,35,37,30,36,29,41,26,32,35,39,30,32,28,43,35,29,21,29,34,46,42,40,36,34,39,47,24,20,20,26,33,26,26,34,20,14,33,23,18,27,12,20,18,26,32,27,25,23,20,20,26,22,23,19,25,26,17,22,27,23,20,14,28,22,24,18,18,24,14,24,21,24,20,21,21,20,18,19,18,24,16,24,27,14,32,28,22,21,23,17,31,23,24,31,29,19,20,24,26,21,26,18,21,21,23,20,24,21,18,21,13,23,13,25,16,20,27,18,23,27,25,18,21,22,21,21,22,22,19,26,23,19,17,22,17,24,19,18,17,9,23,17,30,25,17,18,18,28,17,19,19,23,17,22
STAT,refine,Iterations,189,428073,1776,2081,2403,2072,1711,1960,2440,2844,2183,2091,2798,2595,2930,1877,1780,1899,1932,1697,2132,2289,2100,1726,2477,2044,2277,1810,2267,1683,1976,1837,2156,2254,2235,2022,1920,2720,2041,2363,2268,2092,2275,1988,2473,3236,2097,1842,1519,1822,2165,2175,2855,1856,1472,2061,1957,1656,2218,2380,2048,2261,2282,2203,2086,2017,2408,2311,2488,2453,3126,2292,1851,2638,2888,2710,2297,1925,2505,2228,2759,2388,2297,2498,2381,2560,1986,2123,2070,2346,1959,2365,2150,2095,2896,2736,2781,1788,2211,2321,2686,2763,2477,2174,2048,1342,2770,2466,2157,2025,1894,2400,2004,2219,2095,1767,2168,1635,2193,2180,2223,2541,2313,2403,2186,2535,2500,2516,2652,2298,2404,3091,2440,2091,2180,2866,2685,3217,2021,2367,2274,2078,1979,2137,2376,2197,2882,2118,2442,1903,2619,2313,2603,2305,2279,2252,2786,2195,2019,2311,3094,2729,2146,2782,2246,2246,1872,2342,2569,1763,1955,2190,2672,1773,2314,2046,2016,2674,1798,3069,2287,1982,2625,2036,2821,1991,2482,1887,2348,2305,2421
