Hello from MIC
Galois Benchmark Suite v2.2.0 (r0)
Copyright (C) 2013 The University of Texas at Austin
http://iss.ices.utexas.edu/galois/

application: GMetis
Partitions a graph into K parts and minimizing the graph cut
http://iss.ices.utexas.edu/?p=projects/galois/benchmarks/gMetis

INFO: CommandLine /work/02556/dpereira/MIC/apps/gmetis/gmetis -t=83 /work/02556/dpereira/Inputs/USA-road-d.W.gr 1024
INFO: Hostname c558-304-mic0.stampede.tacc.utexas.edu
Created Graph with 6262104 nodes and 15248146 edges
Nodes 6262104| Edges 15248146 7624073

  Starting coarsening: 
Time coarsen:  2098 Size of final graph: 40922

  Sarting initial partitioning using GGGP:
Size in decade percentages:  -0,1024
Time clustering:  1485

  Sarting refinnement with BKL2
Initial dist
Size in decade percentages:  -0,1024
Refined dist
Size in decade percentages:  -1,349 0,313 1,361 2,1
Time refinement:  913


Time:  4675
Total edge cut : 36800

Part saved in : 0x7fff13df0fe0
STATTYPE,LOOP,CATEGORY,n,sum,T0,T1,T2,T3,T4,T5,T6,T7,T8,T9,T10,T11,T12,T13,T14,T15,T16,T17,T18,T19,T20,T21,T22,T23,T24,T25,T26,T27,T28,T29,T30,T31,T32,T33,T34,T35,T36,T37,T38,T39,T40,T41,T42,T43,T44,T45,T46,T47,T48,T49,T50,T51,T52,T53,T54,T55,T56,T57,T58,T59,T60,T61,T62,T63,T64,T65,T66,T67,T68,T69,T70,T71,T72,T73,T74,T75,T76,T77,T78,T79,T80,T81,T82
STAT,(NULL),Coarsen,83,2098,2098,0,0,0,0,0,0,0,0,0,0,0,0,0,0,0,0,0,0,0,0,0,0,0,0,0,0,0,0,0,0,0,0,0,0,0,0,0,0,0,0,0,0,0,0,0,0,0,0,0,0,0,0,0,0,0,0,0,0,0,0,0,0,0,0,0,0,0,0,0,0,0,0,0,0,0,0,0,0,0,0,0,0
STAT,(NULL),Conflicts,83,0,0,0,0,0,0,0,0,0,0,0,0,0,0,0,0,0,0,0,0,0,0,0,0,0,0,0,0,0,0,0,0,0,0,0,0,0,0,0,0,0,0,0,0,0,0,0,0,0,0,0,0,0,0,0,0,0,0,0,0,0,0,0,0,0,0,0,0,0,0,0,0,0,0,0,0,0,0,0,0,0,0,0,0
STAT,(NULL),Iterations,83,2047,11,20,18,20,24,8,22,22,8,22,24,20,13,16,10,18,17,25,15,14,13,26,35,30,27,29,36,33,19,27,26,22,39,31,21,19,23,23,29,44,28,20,40,37,24,37,24,51,74,24,50,32,32,21,25,33,33,19,35,28,35,16,29,24,25,10,15,19,14,12,16,18,26,29,32,16,25,17,16,27,13,19,28
STAT,(NULL),MeminfoPost,83,756292,9113,9136,9117,9111,9121,9201,9091,9107,9133,9129,9097,9115,9120,9090,9115,9139,9120,9097,9140,9188,9092,9111,9136,9125,9099,9113,9115,9094,9121,9141,9116,9128,9108,9095,9105,9086,9131,9098,9087,9084,9111,9155,9088,9118,9072,9100,9132,9122,9094,9104,9085,9083,9100,9085,9167,9142,9091,9096,9095,9128,9110,9098,9090,9077,9096,9145,9168,9094,9086,9144,9152,9144,9106,9092,9087,9076,9115,9061,9079,9109,9110,9113,9107
STAT,(NULL),MeminfoPre,83,189070,2279,2302,2283,2277,2287,2367,2257,2273,2299,2295,2263,2281,2286,2256,2281,2305,2286,2263,2306,2354,2258,2277,2302,2291,2265,2279,2281,2260,2287,2307,2282,2294,2274,2261,2271,2252,2297,2264,2253,2250,2277,2321,2254,2284,2238,2266,2298,2288,2260,2270,2251,2249,2266,2251,2333,2308,2257,2262,2261,2294,2276,2264,2256,2243,2262,2311,2334,2260,2252,2310,2318,2310,2272,2258,2253,2242,2281,2227,2245,2275,2276,2279,2273
STAT,(NULL),Partition,83,1485,1485,0,0,0,0,0,0,0,0,0,0,0,0,0,0,0,0,0,0,0,0,0,0,0,0,0,0,0,0,0,0,0,0,0,0,0,0,0,0,0,0,0,0,0,0,0,0,0,0,0,0,0,0,0,0,0,0,0,0,0,0,0,0,0,0,0,0,0,0,0,0,0,0,0,0,0,0,0,0,0,0,0,0
STAT,(NULL),Refine,83,913,913,0,0,0,0,0,0,0,0,0,0,0,0,0,0,0,0,0,0,0,0,0,0,0,0,0,0,0,0,0,0,0,0,0,0,0,0,0,0,0,0,0,0,0,0,0,0,0,0,0,0,0,0,0,0,0,0,0,0,0,0,0,0,0,0,0,0,0,0,0,0,0,0,0,0,0,0,0,0,0,0,0,0
STAT,(NULL),Threads,83,83,83,0,0,0,0,0,0,0,0,0,0,0,0,0,0,0,0,0,0,0,0,0,0,0,0,0,0,0,0,0,0,0,0,0,0,0,0,0,0,0,0,0,0,0,0,0,0,0,0,0,0,0,0,0,0,0,0,0,0,0,0,0,0,0,0,0,0,0,0,0,0,0,0,0,0,0,0,0,0,0,0,0,0
STAT,(NULL),Time,83,4675,4675,0,0,0,0,0,0,0,0,0,0,0,0,0,0,0,0,0,0,0,0,0,0,0,0,0,0,0,0,0,0,0,0,0,0,0,0,0,0,0,0,0,0,0,0,0,0,0,0,0,0,0,0,0,0,0,0,0,0,0,0,0,0,0,0,0,0,0,0,0,0,0,0,0,0,0,0,0,0,0,0,0,0
STAT,match,Conflicts,83,5409,135,136,131,121,95,84,106,89,77,97,102,87,111,90,86,82,106,91,95,86,88,88,45,60,40,57,67,58,62,62,49,32,47,52,40,60,56,57,55,54,35,43,59,43,43,44,55,49,45,50,66,57,61,40,58,53,58,55,53,53,51,60,54,53,55,39,42,44,61,38,54,65,42,70,60,58,52,66,58,60,56,68,47
STAT,match,Iterations,83,14901656,147062,141698,142324,153459,138876,143332,148120,154522,156299,161777,148581,160946,159772,166250,161104,159331,155361,152348,162921,153753,169211,156264,194680,186406,185609,192910,190149,201669,176140,171854,189488,196117,206791,192928,184323,183461,200844,205380,190563,196546,199031,187184,193643,181638,201638,225909,176075,196282,189986,204714,186234,207246,206142,206620,181413,181097,188572,197857,207730,180783,175158,173058,178875,186708,176422,166320,181569,182413,172408,178740,187182,177532,198369,177114,177162,194249,177751,179255,180423,181085,185995,188688,186217
STAT,popedge,Conflicts,83,0,0,0,0,0,0,0,0,0,0,0,0,0,0,0,0,0,0,0,0,0,0,0,0,0,0,0,0,0,0,0,0,0,0,0,0,0,0,0,0,0,0,0,0,0,0,0,0,0,0,0,0,0,0,0,0,0,0,0,0,0,0,0,0,0,0,0,0,0,0,0,0,0,0,0,0,0,0,0,0,0,0,0,0
STAT,popedge,Iterations,83,7303872,81896,83385,82550,81402,83769,77770,83813,82086,79184,84795,87895,85800,87742,87526,86842,84733,87987,87107,86994,82182,85240,84155,88867,91559,94304,93966,96485,94348,86649,86170,88417,86299,92010,88686,84298,95631,87553,88702,93759,89721,89610,89796,100231,98562,98728,94873,96462,95824,95739,97156,97314,95363,93673,94483,92736,88921,95710,93133,92552,92196,92660,78815,80131,79965,79716,80345,77158,78399,77917,81764,83820,87904,86440,86949,90925,84449,82989,91628,87373,86265,81435,83852,87634
STAT,refine,Conflicts,83,3172,68,67,65,60,59,62,55,54,53,54,46,55,41,45,53,41,41,41,53,51,44,42,42,41,42,35,39,48,44,51,40,43,46,29,37,28,42,38,31,30,33,42,31,29,23,34,40,29,27,32,24,34,30,45,47,30,35,40,26,51,26,31,27,30,23,26,30,27,38,24,26,26,25,25,20,25,21,28,33,36,35,22,30
STAT,refine,Iterations,83,473341,4215,4497,4333,4655,5572,6324,4004,4801,5902,4989,4326,4871,4620,4017,4586,4621,5016,4456,5670,6824,5036,5106,6376,6428,6190,6062,6253,6241,5797,6638,6827,6727,7027,5380,6523,5022,6108,6385,5434,6073,6553,7638,6536,7629,5047,7032,6975,7214,5836,7130,5567,7434,6755,5739,7798,6970,5224,5383,5042,6095,5489,5085,4865,4911,5399,6254,6766,4768,4859,6074,5784,5555,6061,5001,4697,4561,4847,4766,4747,5680,6531,5031,6081
