Hello from MIC
Galois Benchmark Suite v2.2.0 (r0)
Copyright (C) 2013 The University of Texas at Austin
http://iss.ices.utexas.edu/galois/

application: GMetis
Partitions a graph into K parts and minimizing the graph cut
http://iss.ices.utexas.edu/?p=projects/galois/benchmarks/gMetis

INFO: CommandLine /work/02556/dpereira/MIC/apps/gmetis/gmetis -t=171 /work/02556/dpereira/Inputs/USA-road-d.W.gr 1024
INFO: Hostname c558-402-mic0.stampede.tacc.utexas.edu
Created Graph with 6262104 nodes and 15248146 edges
Nodes 6262104| Edges 15248146 7624073

  Starting coarsening: 
Time coarsen:  2441 Size of final graph: 21886

  Sarting initial partitioning using GGGP:
Size in decade percentages:  -1,78 -0,876 1,70
Time clustering:  1051

  Sarting refinnement with BKL2
Initial dist
Size in decade percentages:  -1,78 -0,876 1,70
Refined dist
Size in decade percentages:  -1,350 -0,299 1,374 3,1
Time refinement:  1553


Time:  5225
Total edge cut : 31745

Part saved in : 0x7fffdc454560
STATTYPE,LOOP,CATEGORY,n,sum,T0,T1,T2,T3,T4,T5,T6,T7,T8,T9,T10,T11,T12,T13,T14,T15,T16,T17,T18,T19,T20,T21,T22,T23,T24,T25,T26,T27,T28,T29,T30,T31,T32,T33,T34,T35,T36,T37,T38,T39,T40,T41,T42,T43,T44,T45,T46,T47,T48,T49,T50,T51,T52,T53,T54,T55,T56,T57,T58,T59,T60,T61,T62,T63,T64,T65,T66,T67,T68,T69,T70,T71,T72,T73,T74,T75,T76,T77,T78,T79,T80,T81,T82,T83,T84,T85,T86,T87,T88,T89,T90,T91,T92,T93,T94,T95,T96,T97,T98,T99,T100,T101,T102,T103,T104,T105,T106,T107,T108,T109,T110,T111,T112,T113,T114,T115,T116,T117,T118,T119,T120,T121,T122,T123,T124,T125,T126,T127,T128,T129,T130,T131,T132,T133,T134,T135,T136,T137,T138,T139,T140,T141,T142,T143,T144,T145,T146,T147,T148,T149,T150,T151,T152,T153,T154,T155,T156,T157,T158,T159,T160,T161,T162,T163,T164,T165,T166,T167,T168,T169,T170
STAT,(NULL),Coarsen,171,2441,2441,0,0,0,0,0,0,0,0,0,0,0,0,0,0,0,0,0,0,0,0,0,0,0,0,0,0,0,0,0,0,0,0,0,0,0,0,0,0,0,0,0,0,0,0,0,0,0,0,0,0,0,0,0,0,0,0,0,0,0,0,0,0,0,0,0,0,0,0,0,0,0,0,0,0,0,0,0,0,0,0,0,0,0,0,0,0,0,0,0,0,0,0,0,0,0,0,0,0,0,0,0,0,0,0,0,0,0,0,0,0,0,0,0,0,0,0,0,0,0,0,0,0,0,0,0,0,0,0,0,0,0,0,0,0,0,0,0,0,0,0,0,0,0,0,0,0,0,0,0,0,0,0,0,0,0,0,0,0,0,0,0,0,0,0,0,0,0,0,0,0
STAT,(NULL),Conflicts,171,0,0,0,0,0,0,0,0,0,0,0,0,0,0,0,0,0,0,0,0,0,0,0,0,0,0,0,0,0,0,0,0,0,0,0,0,0,0,0,0,0,0,0,0,0,0,0,0,0,0,0,0,0,0,0,0,0,0,0,0,0,0,0,0,0,0,0,0,0,0,0,0,0,0,0,0,0,0,0,0,0,0,0,0,0,0,0,0,0,0,0,0,0,0,0,0,0,0,0,0,0,0,0,0,0,0,0,0,0,0,0,0,0,0,0,0,0,0,0,0,0,0,0,0,0,0,0,0,0,0,0,0,0,0,0,0,0,0,0,0,0,0,0,0,0,0,0,0,0,0,0,0,0,0,0,0,0,0,0,0,0,0,0,0,0,0,0,0,0,0,0,0
STAT,(NULL),Iterations,171,2047,11,5,5,21,9,17,5,22,9,20,3,18,11,9,14,14,16,9,11,19,23,2,22,21,11,11,16,9,9,15,6,12,10,12,7,6,14,14,17,12,12,16,15,20,9,19,17,12,8,11,10,14,16,4,9,14,16,8,12,14,9,18,12,9,9,8,14,8,17,10,13,8,17,13,11,18,13,10,5,15,15,19,9,15,10,14,13,15,7,8,13,8,9,13,23,4,6,17,8,6,13,11,11,20,10,12,11,9,12,2,13,9,8,13,11,7,13,22,19,16,17,7,15,9,10,12,9,13,16,14,15,11,11,13,7,16,7,6,16,6,3,16,16,8,16,5,18,11,10,9,8,22,13,7,4,9,6,10,15,18,13,12,11,9,13,7,10,9,16,20,9
STAT,(NULL),MeminfoPost,171,756930,4431,4421,4439,4437,4434,4419,4426,4423,4429,4448,4466,4467,4422,4422,4422,4415,4438,4432,4453,4425,4431,4417,4422,4416,4438,4445,4412,4411,4425,4430,4423,4447,4435,4428,4433,4411,4430,4432,4436,4493,4451,4411,4424,4417,4432,4426,4446,4433,4433,4431,4411,4420,4426,4440,4425,4416,4419,4420,4442,4425,4425,4464,4423,4424,4437,4432,4418,4432,4416,4419,4417,4431,4401,4422,4434,4438,4424,4419,4419,4416,4407,4412,4426,4415,4454,4450,4424,4412,4417,4440,4422,4407,4400,4422,4429,4434,4438,4441,4421,4422,4412,4429,4417,4422,4405,4409,4415,4408,4436,4412,4406,4442,4461,4448,4447,4415,4415,4439,4410,4402,4418,4428,4437,4440,4422,4415,4426,4418,4420,4411,4405,4412,4430,4408,4433,4457,4456,4451,4423,4414,4417,4410,4425,4449,4460,4436,4454,4440,4408,4427,4422,4424,4420,4413,4404,4418,4415,4440,4406,4403,4417,4401,4408,4440,4410,4423,4428,4426,4429,4417,4430
STAT,(NULL),MeminfoPre,171,189210,1111,1101,1119,1117,1114,1099,1106,1103,1109,1128,1146,1147,1102,1102,1102,1095,1118,1112,1133,1105,1111,1097,1102,1096,1118,1125,1092,1091,1105,1110,1103,1127,1115,1108,1113,1091,1110,1112,1116,1173,1131,1091,1104,1097,1112,1106,1126,1113,1113,1111,1091,1100,1106,1120,1105,1096,1099,1100,1122,1105,1105,1144,1103,1104,1117,1112,1098,1112,1096,1099,1097,1111,1081,1102,1114,1118,1104,1099,1099,1096,1087,1092,1106,1095,1134,1130,1104,1092,1097,1120,1102,1087,1080,1102,1109,1114,1118,1121,1101,1102,1092,1109,1097,1102,1085,1089,1095,1088,1116,1092,1086,1122,1141,1128,1127,1095,1095,1119,1090,1082,1098,1108,1117,1120,1102,1095,1106,1098,1100,1091,1085,1092,1110,1088,1113,1137,1136,1131,1103,1094,1097,1090,1105,1129,1140,1116,1134,1120,1088,1107,1102,1104,1100,1093,1084,1098,1095,1120,1086,1083,1097,1081,1088,1120,1090,1103,1108,1106,1109,1097,1110
STAT,(NULL),Partition,171,1051,1051,0,0,0,0,0,0,0,0,0,0,0,0,0,0,0,0,0,0,0,0,0,0,0,0,0,0,0,0,0,0,0,0,0,0,0,0,0,0,0,0,0,0,0,0,0,0,0,0,0,0,0,0,0,0,0,0,0,0,0,0,0,0,0,0,0,0,0,0,0,0,0,0,0,0,0,0,0,0,0,0,0,0,0,0,0,0,0,0,0,0,0,0,0,0,0,0,0,0,0,0,0,0,0,0,0,0,0,0,0,0,0,0,0,0,0,0,0,0,0,0,0,0,0,0,0,0,0,0,0,0,0,0,0,0,0,0,0,0,0,0,0,0,0,0,0,0,0,0,0,0,0,0,0,0,0,0,0,0,0,0,0,0,0,0,0,0,0,0,0,0
STAT,(NULL),Refine,171,1553,1553,0,0,0,0,0,0,0,0,0,0,0,0,0,0,0,0,0,0,0,0,0,0,0,0,0,0,0,0,0,0,0,0,0,0,0,0,0,0,0,0,0,0,0,0,0,0,0,0,0,0,0,0,0,0,0,0,0,0,0,0,0,0,0,0,0,0,0,0,0,0,0,0,0,0,0,0,0,0,0,0,0,0,0,0,0,0,0,0,0,0,0,0,0,0,0,0,0,0,0,0,0,0,0,0,0,0,0,0,0,0,0,0,0,0,0,0,0,0,0,0,0,0,0,0,0,0,0,0,0,0,0,0,0,0,0,0,0,0,0,0,0,0,0,0,0,0,0,0,0,0,0,0,0,0,0,0,0,0,0,0,0,0,0,0,0,0,0,0,0,0
STAT,(NULL),Threads,171,171,171,0,0,0,0,0,0,0,0,0,0,0,0,0,0,0,0,0,0,0,0,0,0,0,0,0,0,0,0,0,0,0,0,0,0,0,0,0,0,0,0,0,0,0,0,0,0,0,0,0,0,0,0,0,0,0,0,0,0,0,0,0,0,0,0,0,0,0,0,0,0,0,0,0,0,0,0,0,0,0,0,0,0,0,0,0,0,0,0,0,0,0,0,0,0,0,0,0,0,0,0,0,0,0,0,0,0,0,0,0,0,0,0,0,0,0,0,0,0,0,0,0,0,0,0,0,0,0,0,0,0,0,0,0,0,0,0,0,0,0,0,0,0,0,0,0,0,0,0,0,0,0,0,0,0,0,0,0,0,0,0,0,0,0,0,0,0,0,0,0,0
STAT,(NULL),Time,171,5225,5225,0,0,0,0,0,0,0,0,0,0,0,0,0,0,0,0,0,0,0,0,0,0,0,0,0,0,0,0,0,0,0,0,0,0,0,0,0,0,0,0,0,0,0,0,0,0,0,0,0,0,0,0,0,0,0,0,0,0,0,0,0,0,0,0,0,0,0,0,0,0,0,0,0,0,0,0,0,0,0,0,0,0,0,0,0,0,0,0,0,0,0,0,0,0,0,0,0,0,0,0,0,0,0,0,0,0,0,0,0,0,0,0,0,0,0,0,0,0,0,0,0,0,0,0,0,0,0,0,0,0,0,0,0,0,0,0,0,0,0,0,0,0,0,0,0,0,0,0,0,0,0,0,0,0,0,0,0,0,0,0,0,0,0,0,0,0,0,0,0,0
STAT,match,Conflicts,171,5907,47,51,48,53,46,41,52,50,52,43,41,38,44,45,38,41,40,48,37,43,47,38,54,41,63,48,49,45,43,43,52,38,37,47,36,43,42,40,46,44,49,42,36,39,37,39,45,43,42,45,42,31,37,35,42,35,43,39,35,40,35,25,22,24,26,33,25,29,28,29,24,30,31,26,25,32,28,29,32,25,30,29,33,34,30,28,31,36,23,29,26,36,26,32,34,30,33,41,30,29,33,36,32,25,35,32,28,45,31,28,37,30,32,37,26,40,28,26,19,30,33,27,23,23,32,26,31,23,35,23,32,26,23,20,24,22,25,31,27,36,32,23,28,27,27,40,39,29,33,27,27,25,32,24,33,32,30,22,36,36,35,34,32,30,26,31,37,31,34,42,33
STAT,match,Iterations,171,14967060,59193,50460,65945,73493,77624,84078,68421,58023,60162,67344,68990,75827,72434,79580,80995,70847,90609,61538,74096,74390,64489,69873,68180,86486,63250,68305,59757,77751,81696,71026,74384,68902,87211,60151,81674,89490,77412,67023,80409,75120,87855,82854,75050,74953,98809,82854,93663,80352,81826,98487,75160,100268,97529,78372,82539,108310,80165,85801,89267,84176,85103,89604,75318,80793,107036,102003,100496,88501,102528,93362,89896,74335,71190,94222,79322,67101,94434,84547,83665,82667,93820,97859,76330,108199,77421,99854,98101,90321,121132,98081,92036,107054,91469,87797,77661,97225,92665,85547,122938,99091,92162,67219,93782,81161,76288,102296,80248,67884,87517,90797,112596,98729,108158,94018,114371,88607,129732,99030,112211,113787,107423,113439,88139,83944,98663,81084,75884,92593,80503,89168,95796,109097,107281,99147,86706,106456,97925,86859,98033,80889,81187,89547,98273,92697,110556,67031,78871,92847,92027,90157,92808,92441,93287,96091,99974,88871,94497,96922,90099,104052,80443,93243,94150,113260,87246,104861,102155,87139,107617,88531,90906
STAT,popedge,Conflicts,171,0,0,0,0,0,0,0,0,0,0,0,0,0,0,0,0,0,0,0,0,0,0,0,0,0,0,0,0,0,0,0,0,0,0,0,0,0,0,0,0,0,0,0,0,0,0,0,0,0,0,0,0,0,0,0,0,0,0,0,0,0,0,0,0,0,0,0,0,0,0,0,0,0,0,0,0,0,0,0,0,0,0,0,0,0,0,0,0,0,0,0,0,0,0,0,0,0,0,0,0,0,0,0,0,0,0,0,0,0,0,0,0,0,0,0,0,0,0,0,0,0,0,0,0,0,0,0,0,0,0,0,0,0,0,0,0,0,0,0,0,0,0,0,0,0,0,0,0,0,0,0,0,0,0,0,0,0,0,0,0,0,0,0,0,0,0,0,0,0,0,0,0
STAT,popedge,Iterations,171,7332769,39701,39638,39861,40069,38831,40105,40966,40997,40738,40235,41112,40315,39705,41846,39203,39808,40624,41687,41098,41705,40850,42743,43750,42873,44185,44260,44203,46353,43445,46039,42852,37828,42463,44624,41990,41599,43530,44854,42510,41488,40928,43978,43086,44823,42188,41692,40668,41277,41129,47466,47571,50143,47775,50605,49572,48849,49925,46397,46764,46773,45524,38116,40270,38460,38500,37268,38795,39347,39461,40398,39656,40556,41107,40354,40675,39874,39912,41358,40677,41095,41018,39694,41310,42662,42987,41155,43992,42389,42844,43893,44000,41545,39013,44569,43918,44211,41930,42549,43866,42285,41224,41782,44195,43860,44106,43772,44190,42485,41278,44789,47167,50509,49404,46656,50285,48653,49932,48609,46517,52051,45131,50327,41703,39523,38974,39317,37866,40890,42108,39580,42276,39275,40932,41816,41359,38044,40924,40236,40871,43332,40036,40227,40495,43837,44502,44515,43960,44913,44118,44451,44631,44136,44493,38300,43484,44592,42320,42488,45064,44890,43541,45860,41972,43476,45990,44636,45829,47124,45099,41254,43063
STAT,refine,Conflicts,171,5483,86,91,89,77,91,74,75,55,58,72,69,65,62,68,61,50,54,43,60,54,62,49,51,55,48,42,55,51,50,44,43,36,37,28,32,40,37,38,43,45,39,48,29,30,38,32,52,43,37,31,24,37,50,37,37,32,35,30,30,39,37,27,15,27,25,17,25,20,22,25,16,22,30,19,21,28,25,25,25,23,26,29,22,17,20,28,22,23,22,25,16,17,23,24,22,18,22,34,31,25,23,17,25,22,18,20,24,30,24,17,24,19,26,23,24,26,23,21,21,22,19,24,20,24,29,19,22,12,24,18,18,31,29,19,25,21,26,16,20,22,21,29,29,16,19,23,19,17,25,14,18,24,26,23,15,16,21,22,21,20,24,28,16,24,22,22,26,21,33,30,22
STAT,refine,Iterations,171,430814,2370,1830,2389,2117,1944,2444,2044,1885,1838,2176,2466,2350,2022,2951,2628,2205,2298,1996,2582,1801,2192,2087,2592,2577,2409,2041,1261,2021,2404,2228,2083,2385,2421,1432,2482,2499,2685,2415,2090,3141,2777,2926,2056,2348,2761,2390,3216,2454,2619,2491,1893,3410,3192,2824,2503,2760,2569,2226,2437,2691,2956,3157,1763,2909,3032,2355,2391,2336,2064,2561,2321,2729,1938,2354,2233,2794,2301,2255,2019,2052,2147,2758,2497,2822,2639,3250,2844,1979,2876,2677,2149,2358,1904,2252,2084,2393,3118,3101,2895,2736,2756,2168,3098,2194,2276,2528,2569,2726,2614,2983,2827,2824,3942,2901,3802,2759,3363,3105,2424,2412,2770,3344,2703,2558,3088,2228,2211,1770,2369,2142,2302,2814,3117,2055,2376,3201,3794,2300,2353,2146,2004,2235,3327,2744,3131,2224,2670,2278,2137,2059,2539,2387,2245,2465,2440,2011,2156,2855,2764,2856,2316,2975,2189,3205,2534,2633,3451,2991,3445,2292,3021
