Hello from MIC
Galois Benchmark Suite v2.2.0 (r0)
Copyright (C) 2013 The University of Texas at Austin
http://iss.ices.utexas.edu/galois/

application: GMetis
Partitions a graph into K parts and minimizing the graph cut
http://iss.ices.utexas.edu/?p=projects/galois/benchmarks/gMetis

INFO: CommandLine /work/02556/dpereira/MIC/apps/gmetis/gmetis -t=114 /work/02556/dpereira/Inputs/USA-road-d.W.gr 128
INFO: Hostname c558-001-mic0.stampede.tacc.utexas.edu
Created Graph with 6262104 nodes and 15248146 edges
Nodes 6262104| Edges 15248146 7624073

  Starting coarsening: 
Time coarsen:  2240 Size of final graph: 3079

  Sarting initial partitioning using GGGP:
Size in decade percentages:  -1,5 -0,116 1,7
Time clustering:  421

  Sarting refinnement with BKL2
Initial dist
Size in decade percentages:  -1,5 -0,116 1,7
Refined dist
Size in decade percentages:  -1,45 0,39 1,44
Time refinement:  1173


Time:  4013
Total edge cut : 8349

Part saved in : 0x7fff9ab27660
STATTYPE,LOOP,CATEGORY,n,sum,T0,T1,T2,T3,T4,T5,T6,T7,T8,T9,T10,T11,T12,T13,T14,T15,T16,T17,T18,T19,T20,T21,T22,T23,T24,T25,T26,T27,T28,T29,T30,T31,T32,T33,T34,T35,T36,T37,T38,T39,T40,T41,T42,T43,T44,T45,T46,T47,T48,T49,T50,T51,T52,T53,T54,T55,T56,T57,T58,T59,T60,T61,T62,T63,T64,T65,T66,T67,T68,T69,T70,T71,T72,T73,T74,T75,T76,T77,T78,T79,T80,T81,T82,T83,T84,T85,T86,T87,T88,T89,T90,T91,T92,T93,T94,T95,T96,T97,T98,T99,T100,T101,T102,T103,T104,T105,T106,T107,T108,T109,T110,T111,T112,T113
STAT,(NULL),Coarsen,114,2240,2240,0,0,0,0,0,0,0,0,0,0,0,0,0,0,0,0,0,0,0,0,0,0,0,0,0,0,0,0,0,0,0,0,0,0,0,0,0,0,0,0,0,0,0,0,0,0,0,0,0,0,0,0,0,0,0,0,0,0,0,0,0,0,0,0,0,0,0,0,0,0,0,0,0,0,0,0,0,0,0,0,0,0,0,0,0,0,0,0,0,0,0,0,0,0,0,0,0,0,0,0,0,0,0,0,0,0,0,0,0,0,0,0,0
STAT,(NULL),Conflicts,114,0,0,0,0,0,0,0,0,0,0,0,0,0,0,0,0,0,0,0,0,0,0,0,0,0,0,0,0,0,0,0,0,0,0,0,0,0,0,0,0,0,0,0,0,0,0,0,0,0,0,0,0,0,0,0,0,0,0,0,0,0,0,0,0,0,0,0,0,0,0,0,0,0,0,0,0,0,0,0,0,0,0,0,0,0,0,0,0,0,0,0,0,0,0,0,0,0,0,0,0,0,0,0,0,0,0,0,0,0,0,0,0,0,0,0
STAT,(NULL),Iterations,114,255,10,0,0,0,3,3,1,4,0,0,2,0,2,2,0,0,5,3,0,0,0,2,0,2,2,0,0,0,8,2,3,2,2,1,0,0,0,4,2,1,2,1,0,3,6,0,1,0,4,4,5,5,2,15,14,4,1,3,7,4,2,0,4,2,3,4,1,0,3,4,0,0,0,3,1,3,4,1,2,0,0,2,3,0,0,4,0,0,1,5,10,2,2,1,5,0,0,1,2,0,6,1,3,0,6,0,1,0,2,2,0,8,2,2
STAT,(NULL),MeminfoPost,114,756788,6641,6647,6652,6636,6634,6641,6668,6711,6629,6634,6633,6650,6656,6651,6626,6626,6667,6626,6621,6642,6643,6659,6631,6638,6638,6657,6715,6638,6631,6641,6651,6652,6647,6626,6630,6654,6634,6623,6639,6645,6646,6664,6641,6649,6637,6628,6625,6640,6608,6646,6647,6630,6627,6613,6630,6620,6678,6647,6622,6644,6623,6602,6633,6650,6655,6642,6624,6637,6627,6614,6613,6616,6641,6611,6672,6676,6654,6622,6644,6605,6631,6649,6648,6626,6633,6628,6609,6616,6635,6633,6681,6680,6627,6624,6623,6658,6678,6670,6645,6628,6630,6634,6619,6614,6608,6651,6601,6618,6640,6615,6633,6642,6641,6634
STAT,(NULL),MeminfoPre,114,189182,1662,1668,1673,1657,1655,1662,1689,1732,1650,1655,1654,1671,1677,1672,1647,1647,1688,1647,1642,1663,1664,1680,1652,1659,1659,1678,1736,1659,1652,1662,1672,1673,1668,1647,1651,1675,1655,1644,1660,1666,1667,1685,1662,1670,1658,1649,1646,1661,1629,1667,1668,1651,1648,1634,1651,1641,1699,1668,1643,1665,1644,1623,1654,1671,1676,1663,1645,1658,1648,1635,1634,1637,1662,1632,1693,1697,1675,1643,1665,1626,1652,1670,1669,1647,1654,1649,1630,1637,1656,1654,1702,1701,1648,1645,1644,1679,1699,1691,1666,1649,1651,1655,1640,1635,1629,1672,1622,1639,1661,1636,1654,1663,1662,1655
STAT,(NULL),Partition,114,421,421,0,0,0,0,0,0,0,0,0,0,0,0,0,0,0,0,0,0,0,0,0,0,0,0,0,0,0,0,0,0,0,0,0,0,0,0,0,0,0,0,0,0,0,0,0,0,0,0,0,0,0,0,0,0,0,0,0,0,0,0,0,0,0,0,0,0,0,0,0,0,0,0,0,0,0,0,0,0,0,0,0,0,0,0,0,0,0,0,0,0,0,0,0,0,0,0,0,0,0,0,0,0,0,0,0,0,0,0,0,0,0,0,0
STAT,(NULL),Refine,114,1173,1173,0,0,0,0,0,0,0,0,0,0,0,0,0,0,0,0,0,0,0,0,0,0,0,0,0,0,0,0,0,0,0,0,0,0,0,0,0,0,0,0,0,0,0,0,0,0,0,0,0,0,0,0,0,0,0,0,0,0,0,0,0,0,0,0,0,0,0,0,0,0,0,0,0,0,0,0,0,0,0,0,0,0,0,0,0,0,0,0,0,0,0,0,0,0,0,0,0,0,0,0,0,0,0,0,0,0,0,0,0,0,0,0,0
STAT,(NULL),Threads,114,114,114,0,0,0,0,0,0,0,0,0,0,0,0,0,0,0,0,0,0,0,0,0,0,0,0,0,0,0,0,0,0,0,0,0,0,0,0,0,0,0,0,0,0,0,0,0,0,0,0,0,0,0,0,0,0,0,0,0,0,0,0,0,0,0,0,0,0,0,0,0,0,0,0,0,0,0,0,0,0,0,0,0,0,0,0,0,0,0,0,0,0,0,0,0,0,0,0,0,0,0,0,0,0,0,0,0,0,0,0,0,0,0,0,0
STAT,(NULL),Time,114,4013,4013,0,0,0,0,0,0,0,0,0,0,0,0,0,0,0,0,0,0,0,0,0,0,0,0,0,0,0,0,0,0,0,0,0,0,0,0,0,0,0,0,0,0,0,0,0,0,0,0,0,0,0,0,0,0,0,0,0,0,0,0,0,0,0,0,0,0,0,0,0,0,0,0,0,0,0,0,0,0,0,0,0,0,0,0,0,0,0,0,0,0,0,0,0,0,0,0,0,0,0,0,0,0,0,0,0,0,0,0,0,0,0,0,0
STAT,match,Conflicts,114,6214,99,87,83,105,77,70,86,82,68,85,93,61,88,82,69,74,76,58,83,68,69,72,58,74,56,80,64,68,59,56,56,65,59,62,59,63,66,60,72,66,60,68,60,58,65,52,64,50,58,37,51,56,61,39,39,42,41,40,46,47,39,45,32,44,38,50,33,35,49,45,43,46,30,40,29,38,42,42,47,55,41,38,44,39,41,45,41,47,35,40,44,35,49,39,48,39,52,49,41,45,49,46,45,44,43,44,52,40,43,47,31,51,45,48
STAT,match,Iterations,114,14978666,101447,104868,102792,94199,126065,127527,92968,104821,128266,111850,108063,125968,102912,107714,119289,115437,115684,122408,141589,117808,107175,118518,120805,120511,127622,118815,114947,118189,136214,126358,112341,122588,111814,131360,127111,129053,140732,113119,127520,120587,141121,116442,127031,110285,116688,132007,107042,105831,131148,133212,124373,120615,130841,145382,138444,138928,143842,141231,140788,134990,152880,146504,147255,134329,140335,146813,150205,139520,130887,139728,130591,140454,146166,159096,151098,140114,149792,158987,133888,145389,134592,136072,156172,141834,138993,134755,147373,143389,165220,152386,135549,128051,150243,147967,137650,137722,145831,148501,132992,150633,142080,140935,118313,141555,134864,131199,148916,148230,135530,142116,138271,128274,131673,149459
STAT,popedge,Conflicts,114,0,0,0,0,0,0,0,0,0,0,0,0,0,0,0,0,0,0,0,0,0,0,0,0,0,0,0,0,0,0,0,0,0,0,0,0,0,0,0,0,0,0,0,0,0,0,0,0,0,0,0,0,0,0,0,0,0,0,0,0,0,0,0,0,0,0,0,0,0,0,0,0,0,0,0,0,0,0,0,0,0,0,0,0,0,0,0,0,0,0,0,0,0,0,0,0,0,0,0,0,0,0,0,0,0,0,0,0,0,0,0,0,0,0,0
STAT,popedge,Iterations,114,7337447,68360,65917,63760,65592,63640,62637,65759,64845,61870,66171,63251,61573,64702,64231,63620,66217,66708,63083,64363,65059,63750,61918,61805,65613,61985,63018,61199,64411,61535,62029,61586,62522,63347,63380,64736,65442,65177,66842,62806,61151,59732,60821,63151,61043,62476,61794,66163,66234,64902,61607,63102,63468,64515,70704,65786,67491,69795,73040,73868,73093,72182,64304,64973,63528,63694,63204,62844,63392,62403,65090,64131,61880,61460,61874,65428,62314,63062,61429,65646,64725,64955,60811,62236,63132,63454,62944,62768,62073,63587,63749,62037,60509,64330,61553,64876,65081,65668,66744,69073,65861,60737,66435,67466,61508,67107,63273,67762,66207,63677,67370,68188,66017,67162,63139
STAT,refine,Conflicts,114,5139,142,125,122,114,92,103,100,90,89,82,85,81,82,77,82,58,65,67,58,58,69,65,64,65,77,65,61,53,56,62,46,41,49,46,50,41,36,44,43,41,42,43,40,39,34,44,49,44,44,48,47,44,39,38,36,30,36,36,31,41,35,29,33,34,25,25,32,28,20,22,25,35,20,24,23,25,25,29,25,22,27,34,33,35,29,42,27,22,31,29,29,31,26,21,29,27,23,24,28,26,27,28,32,23,28,24,22,23,32,32,24,34,21,29
STAT,refine,Iterations,114,137984,1192,1193,1209,1058,1258,1316,1528,1158,1526,849,1107,1126,1071,1141,1320,1580,1287,968,955,1143,1010,1335,1170,1328,1343,1490,1605,1228,985,1442,1071,1142,1052,1102,1454,1457,1114,939,1209,983,1452,928,993,867,1046,961,1196,1082,808,1178,1328,1094,1074,1147,1731,962,1554,1607,995,1513,1186,855,1199,1361,1279,1171,1438,1271,1279,1182,1080,1484,1013,1017,1440,1119,1789,1224,1092,1021,1301,1245,1639,1180,1081,1402,1452,1535,1167,1260,1516,1194,1307,981,1245,1313,1517,1406,899,1438,1130,1307,813,962,1076,911,1206,1151,1038,900,1210,1378,1116,1248
