Hello from MIC
Galois Benchmark Suite v2.2.0 (r0)
Copyright (C) 2013 The University of Texas at Austin
http://iss.ices.utexas.edu/galois/

application: GMetis
Partitions a graph into K parts and minimizing the graph cut
http://iss.ices.utexas.edu/?p=projects/galois/benchmarks/gMetis

INFO: CommandLine /work/02556/dpereira/MIC/apps/gmetis/gmetis -t=139 /work/02556/dpereira/Inputs/USA-road-d.W.gr 128
INFO: Hostname c558-001-mic0.stampede.tacc.utexas.edu
Created Graph with 6262104 nodes and 15248146 edges
Nodes 6262104| Edges 15248146 7624073

  Starting coarsening: 
Time coarsen:  2586 Size of final graph: 3080

  Sarting initial partitioning using GGGP:
Size in decade percentages:  -1,5 -0,118 1,5
Time clustering:  428

  Sarting refinnement with BKL2
Initial dist
Size in decade percentages:  -1,5 -0,118 1,5
Refined dist
Size in decade percentages:  -1,44 -0,39 1,45
Time refinement:  1451


Time:  4639
Total edge cut : 8026

Part saved in : 0x7fff8092f6e0
STATTYPE,LOOP,CATEGORY,n,sum,T0,T1,T2,T3,T4,T5,T6,T7,T8,T9,T10,T11,T12,T13,T14,T15,T16,T17,T18,T19,T20,T21,T22,T23,T24,T25,T26,T27,T28,T29,T30,T31,T32,T33,T34,T35,T36,T37,T38,T39,T40,T41,T42,T43,T44,T45,T46,T47,T48,T49,T50,T51,T52,T53,T54,T55,T56,T57,T58,T59,T60,T61,T62,T63,T64,T65,T66,T67,T68,T69,T70,T71,T72,T73,T74,T75,T76,T77,T78,T79,T80,T81,T82,T83,T84,T85,T86,T87,T88,T89,T90,T91,T92,T93,T94,T95,T96,T97,T98,T99,T100,T101,T102,T103,T104,T105,T106,T107,T108,T109,T110,T111,T112,T113,T114,T115,T116,T117,T118,T119,T120,T121,T122,T123,T124,T125,T126,T127,T128,T129,T130,T131,T132,T133,T134,T135,T136,T137,T138
STAT,(NULL),Coarsen,139,2586,2586,0,0,0,0,0,0,0,0,0,0,0,0,0,0,0,0,0,0,0,0,0,0,0,0,0,0,0,0,0,0,0,0,0,0,0,0,0,0,0,0,0,0,0,0,0,0,0,0,0,0,0,0,0,0,0,0,0,0,0,0,0,0,0,0,0,0,0,0,0,0,0,0,0,0,0,0,0,0,0,0,0,0,0,0,0,0,0,0,0,0,0,0,0,0,0,0,0,0,0,0,0,0,0,0,0,0,0,0,0,0,0,0,0,0,0,0,0,0,0,0,0,0,0,0,0,0,0,0,0,0,0,0,0,0,0,0,0,0
STAT,(NULL),Conflicts,139,0,0,0,0,0,0,0,0,0,0,0,0,0,0,0,0,0,0,0,0,0,0,0,0,0,0,0,0,0,0,0,0,0,0,0,0,0,0,0,0,0,0,0,0,0,0,0,0,0,0,0,0,0,0,0,0,0,0,0,0,0,0,0,0,0,0,0,0,0,0,0,0,0,0,0,0,0,0,0,0,0,0,0,0,0,0,0,0,0,0,0,0,0,0,0,0,0,0,0,0,0,0,0,0,0,0,0,0,0,0,0,0,0,0,0,0,0,0,0,0,0,0,0,0,0,0,0,0,0,0,0,0,0,0,0,0,0,0,0,0
STAT,(NULL),Iterations,139,255,9,3,3,1,1,0,1,2,1,0,1,2,0,0,2,0,2,0,0,3,3,0,2,3,2,0,0,0,1,2,0,0,4,2,0,4,0,0,2,0,4,0,5,1,0,4,1,0,5,3,0,3,1,2,5,0,0,0,6,3,1,5,1,0,5,3,2,0,0,7,6,0,2,2,0,0,2,0,2,0,4,0,4,2,2,0,2,1,5,0,3,3,5,5,3,1,2,4,1,0,4,2,1,1,1,0,6,6,1,0,2,3,2,1,3,1,0,0,3,0,2,0,7,1,3,1,0,2,2,0,7,1,0,1,1,0,0,2,4
STAT,(NULL),MeminfoPost,139,756695,5450,5441,5459,5454,5443,5436,5444,5463,5493,5481,5430,5440,5433,5453,5465,5444,5460,5430,5438,5452,5453,5433,5428,5444,5447,5464,5447,5443,5440,5451,5452,5474,5500,5437,5439,5432,5458,5449,5463,5451,5439,5437,5436,5469,5434,5426,5442,5452,5439,5457,5469,5439,5454,5446,5450,5433,5434,5449,5421,5428,5451,5454,5433,5439,5434,5420,5431,5432,5469,5469,5434,5433,5448,5442,5416,5420,5448,5454,5458,5448,5444,5427,5441,5432,5437,5417,5427,5421,5450,5422,5454,5482,5479,5439,5432,5452,5422,5417,5447,5455,5458,5437,5438,5431,5436,5418,5427,5440,5422,5460,5478,5479,5446,5430,5427,5437,5460,5486,5459,5476,5426,5446,5435,5440,5432,5416,5429,5418,5465,5415,5432,5418,5446,5422,5438,5447,5445,5441,5441
STAT,(NULL),MeminfoPre,139,189158,1367,1358,1376,1371,1360,1353,1361,1380,1410,1398,1347,1357,1350,1370,1382,1361,1377,1347,1355,1369,1370,1350,1345,1361,1364,1381,1364,1360,1357,1368,1369,1391,1417,1354,1356,1349,1375,1366,1380,1368,1356,1354,1353,1386,1351,1343,1359,1369,1356,1374,1386,1356,1371,1363,1367,1350,1351,1366,1338,1345,1368,1371,1350,1356,1351,1337,1348,1349,1386,1386,1351,1350,1365,1359,1333,1337,1365,1371,1375,1365,1361,1344,1358,1349,1354,1334,1344,1338,1367,1339,1371,1399,1396,1356,1349,1369,1339,1334,1364,1372,1375,1354,1355,1348,1353,1335,1344,1357,1339,1377,1395,1396,1363,1347,1344,1354,1377,1403,1376,1393,1343,1363,1352,1357,1349,1333,1346,1335,1382,1332,1349,1335,1363,1339,1355,1364,1362,1358,1358
STAT,(NULL),Partition,139,428,428,0,0,0,0,0,0,0,0,0,0,0,0,0,0,0,0,0,0,0,0,0,0,0,0,0,0,0,0,0,0,0,0,0,0,0,0,0,0,0,0,0,0,0,0,0,0,0,0,0,0,0,0,0,0,0,0,0,0,0,0,0,0,0,0,0,0,0,0,0,0,0,0,0,0,0,0,0,0,0,0,0,0,0,0,0,0,0,0,0,0,0,0,0,0,0,0,0,0,0,0,0,0,0,0,0,0,0,0,0,0,0,0,0,0,0,0,0,0,0,0,0,0,0,0,0,0,0,0,0,0,0,0,0,0,0,0,0,0
STAT,(NULL),Refine,139,1451,1451,0,0,0,0,0,0,0,0,0,0,0,0,0,0,0,0,0,0,0,0,0,0,0,0,0,0,0,0,0,0,0,0,0,0,0,0,0,0,0,0,0,0,0,0,0,0,0,0,0,0,0,0,0,0,0,0,0,0,0,0,0,0,0,0,0,0,0,0,0,0,0,0,0,0,0,0,0,0,0,0,0,0,0,0,0,0,0,0,0,0,0,0,0,0,0,0,0,0,0,0,0,0,0,0,0,0,0,0,0,0,0,0,0,0,0,0,0,0,0,0,0,0,0,0,0,0,0,0,0,0,0,0,0,0,0,0,0,0
STAT,(NULL),Threads,139,139,139,0,0,0,0,0,0,0,0,0,0,0,0,0,0,0,0,0,0,0,0,0,0,0,0,0,0,0,0,0,0,0,0,0,0,0,0,0,0,0,0,0,0,0,0,0,0,0,0,0,0,0,0,0,0,0,0,0,0,0,0,0,0,0,0,0,0,0,0,0,0,0,0,0,0,0,0,0,0,0,0,0,0,0,0,0,0,0,0,0,0,0,0,0,0,0,0,0,0,0,0,0,0,0,0,0,0,0,0,0,0,0,0,0,0,0,0,0,0,0,0,0,0,0,0,0,0,0,0,0,0,0,0,0,0,0,0,0,0
STAT,(NULL),Time,139,4639,4639,0,0,0,0,0,0,0,0,0,0,0,0,0,0,0,0,0,0,0,0,0,0,0,0,0,0,0,0,0,0,0,0,0,0,0,0,0,0,0,0,0,0,0,0,0,0,0,0,0,0,0,0,0,0,0,0,0,0,0,0,0,0,0,0,0,0,0,0,0,0,0,0,0,0,0,0,0,0,0,0,0,0,0,0,0,0,0,0,0,0,0,0,0,0,0,0,0,0,0,0,0,0,0,0,0,0,0,0,0,0,0,0,0,0,0,0,0,0,0,0,0,0,0,0,0,0,0,0,0,0,0,0,0,0,0,0,0,0
STAT,match,Conflicts,139,6288,73,56,57,77,63,65,63,71,68,68,63,53,52,75,66,62,63,59,71,63,62,58,62,65,53,53,62,52,54,53,47,53,46,47,52,59,56,53,39,61,48,63,41,59,56,46,41,39,57,46,55,51,46,49,49,42,39,35,63,50,50,39,29,37,38,34,28,46,40,41,31,39,44,30,38,34,33,39,39,35,45,35,40,31,36,39,38,35,35,29,38,43,36,28,33,42,42,36,37,35,43,31,46,39,50,36,42,36,39,37,35,31,42,47,40,34,29,32,42,38,32,44,26,35,28,38,33,40,48,36,32,31,33,37,42,40,32,37,48
STAT,match,Iterations,139,15013341,56393,86764,79416,57860,94205,70945,75855,63798,77177,88401,77733,92719,108666,59483,66959,88076,68317,81937,98113,95143,85080,107889,85314,97759,115411,119705,90424,93289,122780,82616,118840,92972,85902,99027,99830,117263,95748,91830,118840,83934,95268,115161,131587,108870,104021,105922,109261,110675,97493,108731,97195,114848,106795,126939,84093,110246,132057,108382,110642,105321,110486,96004,119497,100011,89508,95523,108002,95385,104858,102042,106679,124169,84739,121193,116660,113244,119669,104310,121826,142059,123655,146481,119488,137821,119512,132960,125968,146202,133231,135181,115462,123758,128555,131099,122882,118576,152411,114680,128886,114597,116717,142835,125951,136713,129841,133188,112888,107269,120728,125046,124452,137592,134488,115964,114334,102633,115477,106874,110640,113417,133735,110671,115977,97487,125784,96489,106560,91663,95525,118114,114380,119080,111183,106942,99765,95548,115845,116624,91733
STAT,popedge,Conflicts,139,0,0,0,0,0,0,0,0,0,0,0,0,0,0,0,0,0,0,0,0,0,0,0,0,0,0,0,0,0,0,0,0,0,0,0,0,0,0,0,0,0,0,0,0,0,0,0,0,0,0,0,0,0,0,0,0,0,0,0,0,0,0,0,0,0,0,0,0,0,0,0,0,0,0,0,0,0,0,0,0,0,0,0,0,0,0,0,0,0,0,0,0,0,0,0,0,0,0,0,0,0,0,0,0,0,0,0,0,0,0,0,0,0,0,0,0,0,0,0,0,0,0,0,0,0,0,0,0,0,0,0,0,0,0,0,0,0,0,0,0
STAT,popedge,Iterations,139,7356468,48658,46344,45104,48310,45894,49219,49037,50557,48265,45793,51160,47497,49029,50980,48277,47327,49150,60085,60204,55449,57207,56529,58341,58463,56670,55873,56800,56888,55654,57075,56526,53369,54195,56565,57457,58984,55148,54744,52165,59140,57581,58274,54040,54757,57270,50724,53275,52050,53089,52804,53635,52835,49980,53172,52735,55025,53729,54486,56154,58211,55479,44634,45077,44677,47852,47830,45461,49069,46949,47272,48901,47411,49927,49654,45613,49139,46329,50506,56283,54942,57720,54362,55795,59289,59557,58751,56452,55614,56189,56802,56384,56357,53643,56276,55323,56892,55663,57626,54898,53940,55157,54259,55405,55311,57626,55220,49289,55840,53749,56759,52589,54624,53544,51929,55709,53975,54574,57726,60318,56367,58248,60718,47761,48864,46954,51552,48974,49062,46964,47773,47669,48078,49206,50023,51268,50713,48552,47604,48019
STAT,refine,Conflicts,139,5538,122,121,107,107,95,95,106,93,84,83,84,75,80,87,81,64,64,60,62,56,61,69,49,62,55,59,59,66,64,56,49,41,44,50,38,36,39,42,41,39,47,46,47,45,44,55,43,50,39,42,48,45,47,44,46,32,34,38,45,36,38,23,26,29,24,22,20,25,29,24,20,24,20,22,26,27,26,24,33,27,24,19,22,15,25,25,22,22,19,28,23,27,25,30,34,28,25,22,16,16,25,35,23,27,28,22,17,21,27,28,31,35,25,21,32,26,25,21,20,25,30,27,20,18,24,15,19,23,24,32,25,21,20,22,21,27,17,22,23
STAT,refine,Iterations,139,135034,851,1027,754,649,679,833,590,884,957,895,955,811,929,1026,1028,730,781,1036,1086,1005,802,950,683,1040,1024,1185,1005,1089,1166,778,1131,1094,1162,1124,937,1234,1029,1283,1049,1087,1016,1191,948,1142,861,1173,908,893,1058,1066,1045,1050,1001,1224,895,1137,997,1126,892,775,912,726,804,862,663,696,809,602,951,885,861,973,675,987,988,1072,680,749,1284,1229,1255,945,1143,1045,1091,908,1043,1012,1124,965,794,1386,1078,1433,1167,1335,1124,1073,1007,836,1049,1196,1193,930,1158,951,1111,1064,806,1164,1226,1401,1218,704,1187,1087,1114,953,1181,1050,956,924,652,693,798,567,754,649,644,878,968,914,1104,730,871,945,897,749,670
