Hello from MIC
Galois Benchmark Suite v2.2.0 (r0)
Copyright (C) 2013 The University of Texas at Austin
http://iss.ices.utexas.edu/galois/

application: GMetis
Partitions a graph into K parts and minimizing the graph cut
http://iss.ices.utexas.edu/?p=projects/galois/benchmarks/gMetis

INFO: CommandLine /work/02556/dpereira/MIC/apps/gmetis/gmetis -t=213 /work/02556/dpereira/Inputs/USA-road-d.W.gr 128
INFO: Hostname c558-003-mic0.stampede.tacc.utexas.edu
Created Graph with 6262104 nodes and 15248146 edges
Nodes 6262104| Edges 15248146 7624073

  Starting coarsening: 
Time coarsen:  3535 Size of final graph: 3151

  Sarting initial partitioning using GGGP:
Size in decade percentages:  -1,4 -0,123 1,1
Time clustering:  452

  Sarting refinnement with BKL2
Initial dist
Size in decade percentages:  -1,4 -0,123 1,1
Refined dist
Size in decade percentages:  -1,45 -0,34 1,49
Time refinement:  2307


Time:  6474
Total edge cut : 8440

Part saved in : 0x7fff02283260
STATTYPE,LOOP,CATEGORY,n,sum,T0,T1,T2,T3,T4,T5,T6,T7,T8,T9,T10,T11,T12,T13,T14,T15,T16,T17,T18,T19,T20,T21,T22,T23,T24,T25,T26,T27,T28,T29,T30,T31,T32,T33,T34,T35,T36,T37,T38,T39,T40,T41,T42,T43,T44,T45,T46,T47,T48,T49,T50,T51,T52,T53,T54,T55,T56,T57,T58,T59,T60,T61,T62,T63,T64,T65,T66,T67,T68,T69,T70,T71,T72,T73,T74,T75,T76,T77,T78,T79,T80,T81,T82,T83,T84,T85,T86,T87,T88,T89,T90,T91,T92,T93,T94,T95,T96,T97,T98,T99,T100,T101,T102,T103,T104,T105,T106,T107,T108,T109,T110,T111,T112,T113,T114,T115,T116,T117,T118,T119,T120,T121,T122,T123,T124,T125,T126,T127,T128,T129,T130,T131,T132,T133,T134,T135,T136,T137,T138,T139,T140,T141,T142,T143,T144,T145,T146,T147,T148,T149,T150,T151,T152,T153,T154,T155,T156,T157,T158,T159,T160,T161,T162,T163,T164,T165,T166,T167,T168,T169,T170,T171,T172,T173,T174,T175,T176,T177,T178,T179,T180,T181,T182,T183,T184,T185,T186,T187,T188,T189,T190,T191,T192,T193,T194,T195,T196,T197,T198,T199,T200,T201,T202,T203,T204,T205,T206,T207,T208,T209,T210,T211,T212
STAT,(NULL),Coarsen,213,3535,3535,0,0,0,0,0,0,0,0,0,0,0,0,0,0,0,0,0,0,0,0,0,0,0,0,0,0,0,0,0,0,0,0,0,0,0,0,0,0,0,0,0,0,0,0,0,0,0,0,0,0,0,0,0,0,0,0,0,0,0,0,0,0,0,0,0,0,0,0,0,0,0,0,0,0,0,0,0,0,0,0,0,0,0,0,0,0,0,0,0,0,0,0,0,0,0,0,0,0,0,0,0,0,0,0,0,0,0,0,0,0,0,0,0,0,0,0,0,0,0,0,0,0,0,0,0,0,0,0,0,0,0,0,0,0,0,0,0,0,0,0,0,0,0,0,0,0,0,0,0,0,0,0,0,0,0,0,0,0,0,0,0,0,0,0,0,0,0,0,0,0,0,0,0,0,0,0,0,0,0,0,0,0,0,0,0,0,0,0,0,0,0,0,0,0,0,0,0,0,0,0,0,0,0,0,0,0,0,0,0,0,0,0
STAT,(NULL),Conflicts,213,0,0,0,0,0,0,0,0,0,0,0,0,0,0,0,0,0,0,0,0,0,0,0,0,0,0,0,0,0,0,0,0,0,0,0,0,0,0,0,0,0,0,0,0,0,0,0,0,0,0,0,0,0,0,0,0,0,0,0,0,0,0,0,0,0,0,0,0,0,0,0,0,0,0,0,0,0,0,0,0,0,0,0,0,0,0,0,0,0,0,0,0,0,0,0,0,0,0,0,0,0,0,0,0,0,0,0,0,0,0,0,0,0,0,0,0,0,0,0,0,0,0,0,0,0,0,0,0,0,0,0,0,0,0,0,0,0,0,0,0,0,0,0,0,0,0,0,0,0,0,0,0,0,0,0,0,0,0,0,0,0,0,0,0,0,0,0,0,0,0,0,0,0,0,0,0,0,0,0,0,0,0,0,0,0,0,0,0,0,0,0,0,0,0,0,0,0,0,0,0,0,0,0,0,0,0,0,0,0,0,0,0,0,0
STAT,(NULL),Iterations,213,255,8,3,0,0,4,3,1,1,0,3,1,0,5,0,0,0,3,0,0,0,0,1,1,0,0,1,4,0,0,0,0,0,2,1,0,1,0,2,0,0,2,2,1,2,2,4,0,0,1,1,0,5,1,5,1,1,1,0,3,3,2,4,3,3,0,2,3,1,0,0,2,2,2,0,2,2,2,4,1,0,4,1,4,0,0,0,0,0,0,5,0,1,0,1,2,4,2,0,0,0,1,0,0,1,0,3,0,0,0,0,0,0,0,3,5,2,1,1,3,3,0,0,5,2,0,0,1,1,0,0,2,4,6,0,0,0,2,0,1,1,0,0,0,1,0,0,0,0,0,0,0,0,1,0,0,0,3,0,0,3,4,1,1,0,0,0,0,0,1,0,5,0,2,8,0,3,0,2,0,3,1,0,2,6,0,2,5,0,0,0,0,3,0,1,0,1,1,5,0,0,0,0,2,0,0,0,0,0,1,0,0,0,0
STAT,(NULL),MeminfoPost,213,756543,3558,3544,3556,3568,3555,3559,3550,3564,3538,3545,3555,3564,3562,3607,3577,3551,3540,3546,3548,3549,3563,3555,3566,3556,3558,3558,3551,3540,3544,3548,3566,3562,3543,3546,3541,3550,3555,3539,3574,3556,3564,3550,3545,3561,3539,3561,3549,3570,3576,3601,3565,3543,3549,3545,3541,3562,3549,3564,3564,3553,3562,3559,3539,3547,3545,3554,3559,3567,3543,3539,3545,3551,3559,3554,3549,3553,3582,3558,3547,3553,3562,3559,3542,3557,3552,3543,3546,3543,3562,3539,3531,3548,3554,3562,3558,3550,3539,3550,3546,3539,3538,3543,3550,3540,3555,3575,3575,3550,3539,3544,3545,3564,3551,3538,3532,3533,3550,3554,3554,3562,3564,3560,3548,3551,3540,3545,3555,3542,3547,3547,3533,3538,3535,3553,3531,3563,3541,3535,3557,3570,3578,3569,3571,3546,3543,3543,3566,3539,3533,3536,3551,3554,3561,3561,3555,3551,3541,3555,3540,3547,3544,3539,3532,3547,3549,3546,3534,3560,3574,3572,3577,3569,3547,3542,3548,3536,3542,3553,3566,3580,3568,3560,3572,3570,3543,3542,3555,3545,3550,3547,3551,3533,3534,3545,3536,3534,3586,3533,3535,3526,3559,3524,3536,3565,3542,3545,3545,3557,3552,3552,3555,3546,3551
STAT,(NULL),MeminfoPre,213,189111,894,880,892,904,891,895,886,900,874,881,891,900,898,943,913,887,876,882,884,885,899,891,902,892,894,894,887,876,880,884,902,898,879,882,877,886,891,875,910,892,900,886,881,897,875,897,885,906,912,937,901,879,885,881,877,898,885,900,900,889,898,895,875,883,881,890,895,903,879,875,881,887,895,890,885,889,918,894,883,889,898,895,878,893,888,879,882,879,898,875,867,884,890,898,894,886,875,886,882,875,874,879,886,876,891,911,911,886,875,880,881,900,887,874,868,869,886,890,890,898,900,896,884,887,876,881,891,878,883,883,869,874,871,889,867,899,877,871,893,906,914,905,907,882,879,879,902,875,869,872,887,890,897,897,891,887,877,891,876,883,880,875,868,883,885,882,870,896,910,908,913,905,883,878,884,872,878,889,902,916,904,896,908,906,879,878,891,881,886,883,887,869,870,881,872,870,922,869,871,862,895,860,872,901,878,881,881,893,888,888,891,882,887
STAT,(NULL),Partition,213,452,452,0,0,0,0,0,0,0,0,0,0,0,0,0,0,0,0,0,0,0,0,0,0,0,0,0,0,0,0,0,0,0,0,0,0,0,0,0,0,0,0,0,0,0,0,0,0,0,0,0,0,0,0,0,0,0,0,0,0,0,0,0,0,0,0,0,0,0,0,0,0,0,0,0,0,0,0,0,0,0,0,0,0,0,0,0,0,0,0,0,0,0,0,0,0,0,0,0,0,0,0,0,0,0,0,0,0,0,0,0,0,0,0,0,0,0,0,0,0,0,0,0,0,0,0,0,0,0,0,0,0,0,0,0,0,0,0,0,0,0,0,0,0,0,0,0,0,0,0,0,0,0,0,0,0,0,0,0,0,0,0,0,0,0,0,0,0,0,0,0,0,0,0,0,0,0,0,0,0,0,0,0,0,0,0,0,0,0,0,0,0,0,0,0,0,0,0,0,0,0,0,0,0,0,0,0,0,0,0,0,0,0,0
STAT,(NULL),Refine,213,2307,2307,0,0,0,0,0,0,0,0,0,0,0,0,0,0,0,0,0,0,0,0,0,0,0,0,0,0,0,0,0,0,0,0,0,0,0,0,0,0,0,0,0,0,0,0,0,0,0,0,0,0,0,0,0,0,0,0,0,0,0,0,0,0,0,0,0,0,0,0,0,0,0,0,0,0,0,0,0,0,0,0,0,0,0,0,0,0,0,0,0,0,0,0,0,0,0,0,0,0,0,0,0,0,0,0,0,0,0,0,0,0,0,0,0,0,0,0,0,0,0,0,0,0,0,0,0,0,0,0,0,0,0,0,0,0,0,0,0,0,0,0,0,0,0,0,0,0,0,0,0,0,0,0,0,0,0,0,0,0,0,0,0,0,0,0,0,0,0,0,0,0,0,0,0,0,0,0,0,0,0,0,0,0,0,0,0,0,0,0,0,0,0,0,0,0,0,0,0,0,0,0,0,0,0,0,0,0,0,0,0,0,0,0
STAT,(NULL),Threads,213,213,213,0,0,0,0,0,0,0,0,0,0,0,0,0,0,0,0,0,0,0,0,0,0,0,0,0,0,0,0,0,0,0,0,0,0,0,0,0,0,0,0,0,0,0,0,0,0,0,0,0,0,0,0,0,0,0,0,0,0,0,0,0,0,0,0,0,0,0,0,0,0,0,0,0,0,0,0,0,0,0,0,0,0,0,0,0,0,0,0,0,0,0,0,0,0,0,0,0,0,0,0,0,0,0,0,0,0,0,0,0,0,0,0,0,0,0,0,0,0,0,0,0,0,0,0,0,0,0,0,0,0,0,0,0,0,0,0,0,0,0,0,0,0,0,0,0,0,0,0,0,0,0,0,0,0,0,0,0,0,0,0,0,0,0,0,0,0,0,0,0,0,0,0,0,0,0,0,0,0,0,0,0,0,0,0,0,0,0,0,0,0,0,0,0,0,0,0,0,0,0,0,0,0,0,0,0,0,0,0,0,0,0,0
STAT,(NULL),Time,213,6474,6474,0,0,0,0,0,0,0,0,0,0,0,0,0,0,0,0,0,0,0,0,0,0,0,0,0,0,0,0,0,0,0,0,0,0,0,0,0,0,0,0,0,0,0,0,0,0,0,0,0,0,0,0,0,0,0,0,0,0,0,0,0,0,0,0,0,0,0,0,0,0,0,0,0,0,0,0,0,0,0,0,0,0,0,0,0,0,0,0,0,0,0,0,0,0,0,0,0,0,0,0,0,0,0,0,0,0,0,0,0,0,0,0,0,0,0,0,0,0,0,0,0,0,0,0,0,0,0,0,0,0,0,0,0,0,0,0,0,0,0,0,0,0,0,0,0,0,0,0,0,0,0,0,0,0,0,0,0,0,0,0,0,0,0,0,0,0,0,0,0,0,0,0,0,0,0,0,0,0,0,0,0,0,0,0,0,0,0,0,0,0,0,0,0,0,0,0,0,0,0,0,0,0,0,0,0,0,0,0,0,0,0,0
STAT,match,Conflicts,213,6224,49,47,43,43,48,53,40,53,39,44,44,39,50,42,40,39,32,39,37,43,42,39,44,39,44,36,44,31,41,39,37,33,34,45,32,35,34,34,33,30,33,29,32,31,38,42,29,30,31,38,32,29,32,29,41,33,36,35,34,42,34,27,30,25,24,28,30,16,23,23,28,21,26,28,30,20,27,33,29,23,23,22,21,27,28,25,27,25,29,24,28,26,26,23,27,26,22,23,21,25,30,28,24,27,24,28,32,25,25,30,19,28,25,27,27,26,23,33,21,28,27,26,27,30,25,30,25,28,26,28,26,31,23,26,20,27,23,25,26,26,31,25,25,24,21,23,22,27,32,29,23,25,24,25,23,25,18,21,31,22,26,18,27,24,26,24,26,29,26,25,26,20,22,23,22,23,27,30,28,22,26,27,23,29,32,22,28,24,29,22,25,24,38,24,26,30,26,23,21,30,27,24,31,23,26,28,28,27,25,27,27,21,27
STAT,match,Iterations,213,15057369,34507,55086,38466,69548,53163,58616,50874,73659,42995,54047,48599,48711,41855,62442,50999,67697,63644,70351,55631,62631,62848,62856,49711,47335,57607,61382,63917,64708,50876,54707,48302,70842,66537,56229,67840,53693,72255,77629,61975,52721,64729,67927,61232,75512,57570,46281,48578,68071,67986,70364,50025,74381,56588,84304,72370,72153,61427,67274,56744,51357,44174,63260,81865,69514,77328,56870,68188,84217,98042,75888,77037,78040,90287,78925,66036,66049,71299,74033,70936,63832,70731,94530,59380,83715,55117,78957,66063,80094,66758,78168,82531,87921,74770,77458,70771,74633,92154,67542,98648,93660,85330,74191,66828,72782,68544,61286,81032,60324,84535,88132,78647,66317,83723,66605,52699,83897,63557,87699,81974,84183,87111,97830,65992,79904,66394,63078,70217,80102,74253,58761,66282,84802,95904,70253,81735,70163,69676,79124,62151,66427,64517,71405,69282,74854,63088,86726,76291,52555,78535,66152,78935,70781,83154,93115,95714,80361,81537,70006,94194,71656,73947,86319,71819,57212,67778,77568,85049,57702,71878,65557,86674,60880,102199,62886,87824,70012,83687,69874,71099,56861,80361,91106,75826,43854,67308,80757,66061,60416,82106,64299,108545,76361,78114,69065,76566,77712,68584,77759,69104,81597,92178,70958,83519,73904,62209,79409,61575,66041,86697,86560,67728,75858,91320
STAT,popedge,Conflicts,213,0,0,0,0,0,0,0,0,0,0,0,0,0,0,0,0,0,0,0,0,0,0,0,0,0,0,0,0,0,0,0,0,0,0,0,0,0,0,0,0,0,0,0,0,0,0,0,0,0,0,0,0,0,0,0,0,0,0,0,0,0,0,0,0,0,0,0,0,0,0,0,0,0,0,0,0,0,0,0,0,0,0,0,0,0,0,0,0,0,0,0,0,0,0,0,0,0,0,0,0,0,0,0,0,0,0,0,0,0,0,0,0,0,0,0,0,0,0,0,0,0,0,0,0,0,0,0,0,0,0,0,0,0,0,0,0,0,0,0,0,0,0,0,0,0,0,0,0,0,0,0,0,0,0,0,0,0,0,0,0,0,0,0,0,0,0,0,0,0,0,0,0,0,0,0,0,0,0,0,0,0,0,0,0,0,0,0,0,0,0,0,0,0,0,0,0,0,0,0,0,0,0,0,0,0,0,0,0,0,0,0,0,0,0
STAT,popedge,Iterations,213,7377388,33437,32741,33766,32110,32250,32849,32888,32491,32767,33840,32664,33392,32969,32561,31938,32265,34052,32164,32363,33091,32327,30280,33366,32879,34500,32017,34958,32446,33334,34057,36524,35811,36713,36711,37570,37614,37497,38107,35433,35407,35236,33305,36362,35706,37613,36297,35433,36745,37738,36096,36809,38241,39606,35130,37122,37703,37425,37423,37249,38993,37376,31690,31936,30152,33116,32201,33247,31692,32142,33029,33185,31233,32681,31034,31070,32613,33459,30903,31848,31194,30752,35770,31474,32795,32984,32987,32317,32212,32065,31168,32853,38869,35958,36893,36245,35913,37115,36883,35516,36734,35699,34976,34027,34008,37271,36752,36509,37526,37570,39567,33827,35487,37138,38455,37665,39858,36920,38202,39707,37305,37806,37352,30554,32952,33408,33946,31146,35337,32220,34166,32476,33484,34129,33109,31417,31299,31039,32271,33265,33827,32575,31993,33407,30535,34333,32830,31946,35257,32192,34481,31000,34151,36495,36356,36149,36589,37136,37197,38187,39190,34765,37152,37328,35243,34261,35718,36192,37511,37035,36362,38909,36087,36554,36757,34900,39468,36299,37873,38862,38544,38624,38853,39539,32305,32694,33388,33934,31930,35595,32876,36005,33682,35860,33068,34112,31405,31810,32549,33395,33536,33094,31998,34378,33489,32411,33693,34083,34539,33758,35440,32710,32866,34593
STAT,refine,Conflicts,213,6825,79,101,92,93,85,86,82,89,77,81,80,78,78,74,81,69,61,77,67,67,64,71,68,62,60,60,66,54,61,65,48,38,46,31,53,37,37,41,46,35,34,49,39,47,43,50,45,42,35,41,51,36,45,38,43,38,41,40,52,45,31,15,30,22,19,18,18,18,18,15,23,20,19,17,19,23,26,28,24,21,22,27,19,19,17,19,10,24,20,22,30,22,18,20,25,29,18,20,31,28,20,23,21,13,25,31,26,27,20,22,22,29,22,18,16,25,17,28,28,34,20,21,18,24,17,16,13,24,10,20,22,28,21,19,15,20,17,22,23,26,27,24,19,22,17,18,20,22,26,21,20,25,24,24,22,21,23,12,22,21,21,29,17,18,31,30,19,32,19,22,17,16,28,21,27,28,23,18,20,13,37,20,15,14,21,28,20,17,23,17,24,26,21,23,18,19,22,22,24,16,30,19,24,21,23,25,19,22,24,27,21,24,19
STAT,refine,Iterations,213,141922,570,901,673,830,593,809,577,718,487,772,562,615,660,949,614,748,635,780,763,745,664,567,657,572,758,724,688,585,694,672,708,758,698,571,658,535,709,616,708,461,525,730,652,731,562,596,505,603,575,971,704,510,553,543,621,807,983,842,766,773,461,537,803,558,853,512,750,746,674,585,595,521,633,454,489,411,574,602,772,595,638,874,484,774,660,824,464,593,699,472,765,705,745,578,530,755,535,563,627,789,674,590,779,479,781,891,805,603,846,852,771,747,502,513,456,730,653,1066,992,913,837,865,457,851,695,733,399,741,413,684,478,801,633,597,468,647,515,500,664,937,664,647,632,601,759,475,711,333,734,626,538,689,792,814,622,903,437,591,738,607,547,705,405,529,740,874,751,809,501,952,882,723,726,463,648,656,635,686,885,731,1040,831,564,398,613,670,922,424,707,645,937,547,744,666,600,440,581,444,527,662,845,602,730,597,638,808,630,746,648,722,660,610,650
