Hello from MIC
Galois Benchmark Suite v2.2.0 (r0)
Copyright (C) 2013 The University of Texas at Austin
http://iss.ices.utexas.edu/galois/

application: GMetis
Partitions a graph into K parts and minimizing the graph cut
http://iss.ices.utexas.edu/?p=projects/galois/benchmarks/gMetis

INFO: CommandLine /work/02556/dpereira/MIC/apps/gmetis/gmetis -t=72 /work/02556/dpereira/Inputs/USA-road-d.W.gr 128
INFO: Hostname c557-903-mic0.stampede.tacc.utexas.edu
Created Graph with 6262104 nodes and 15248146 edges
Nodes 6262104| Edges 15248146 7624073

  Starting coarsening: 
Time coarsen:  2348 Size of final graph: 3054

  Sarting initial partitioning using GGGP:
Size in decade percentages:  -1,9 -0,115 1,4
Time clustering:  401

  Sarting refinnement with BKL2
Initial dist
Size in decade percentages:  -1,9 -0,115 1,4
Refined dist
Size in decade percentages:  -1,50 0,28 1,50
Time refinement:  844


Time:  3769
Total edge cut : 8156

Part saved in : 0x7fff88e1fbe0
STATTYPE,LOOP,CATEGORY,n,sum,T0,T1,T2,T3,T4,T5,T6,T7,T8,T9,T10,T11,T12,T13,T14,T15,T16,T17,T18,T19,T20,T21,T22,T23,T24,T25,T26,T27,T28,T29,T30,T31,T32,T33,T34,T35,T36,T37,T38,T39,T40,T41,T42,T43,T44,T45,T46,T47,T48,T49,T50,T51,T52,T53,T54,T55,T56,T57,T58,T59,T60,T61,T62,T63,T64,T65,T66,T67,T68,T69,T70,T71
STAT,(NULL),Coarsen,72,2348,2348,0,0,0,0,0,0,0,0,0,0,0,0,0,0,0,0,0,0,0,0,0,0,0,0,0,0,0,0,0,0,0,0,0,0,0,0,0,0,0,0,0,0,0,0,0,0,0,0,0,0,0,0,0,0,0,0,0,0,0,0,0,0,0,0,0,0,0,0,0,0,0
STAT,(NULL),Conflicts,72,0,0,0,0,0,0,0,0,0,0,0,0,0,0,0,0,0,0,0,0,0,0,0,0,0,0,0,0,0,0,0,0,0,0,0,0,0,0,0,0,0,0,0,0,0,0,0,0,0,0,0,0,0,0,0,0,0,0,0,0,0,0,0,0,0,0,0,0,0,0,0,0,0
STAT,(NULL),Iterations,72,255,8,4,3,0,2,0,2,6,2,1,0,1,0,5,4,1,8,4,7,9,4,2,7,1,2,4,3,3,3,3,4,1,3,1,7,2,3,6,7,3,4,5,3,3,6,6,1,1,4,1,0,4,7,2,1,3,1,6,4,11,8,9,5,2,0,2,2,6,8,0,4,0
STAT,(NULL),MeminfoPost,72,756192,10505,10534,10493,10513,10583,10497,10494,10542,10509,10478,10525,10475,10505,10530,10493,10512,10591,10497,10494,10538,10514,10473,10531,10473,10510,10529,10508,10512,10497,10494,10469,10520,10490,10472,10482,10531,10497,10511,10456,10491,10525,10510,10481,10486,10455,10492,10483,10562,10508,10496,10467,10520,10497,10488,10469,10485,10501,10569,10493,10478,10554,10549,10490,10498,10484,10459,10495,10459,10482,10481,10508,10500
STAT,(NULL),MeminfoPre,72,189048,2628,2657,2616,2636,2706,2620,2617,2665,2632,2601,2648,2598,2628,2653,2616,2635,2714,2620,2617,2661,2637,2596,2654,2596,2633,2652,2631,2635,2620,2617,2592,2643,2613,2595,2605,2654,2620,2634,2579,2614,2648,2633,2604,2609,2578,2615,2606,2685,2631,2619,2590,2643,2620,2611,2592,2608,2624,2692,2616,2601,2677,2672,2613,2621,2607,2582,2618,2582,2605,2604,2631,2623
STAT,(NULL),Partition,72,401,401,0,0,0,0,0,0,0,0,0,0,0,0,0,0,0,0,0,0,0,0,0,0,0,0,0,0,0,0,0,0,0,0,0,0,0,0,0,0,0,0,0,0,0,0,0,0,0,0,0,0,0,0,0,0,0,0,0,0,0,0,0,0,0,0,0,0,0,0,0,0,0
STAT,(NULL),Refine,72,844,844,0,0,0,0,0,0,0,0,0,0,0,0,0,0,0,0,0,0,0,0,0,0,0,0,0,0,0,0,0,0,0,0,0,0,0,0,0,0,0,0,0,0,0,0,0,0,0,0,0,0,0,0,0,0,0,0,0,0,0,0,0,0,0,0,0,0,0,0,0,0,0
STAT,(NULL),Threads,72,72,72,0,0,0,0,0,0,0,0,0,0,0,0,0,0,0,0,0,0,0,0,0,0,0,0,0,0,0,0,0,0,0,0,0,0,0,0,0,0,0,0,0,0,0,0,0,0,0,0,0,0,0,0,0,0,0,0,0,0,0,0,0,0,0,0,0,0,0,0,0,0,0
STAT,(NULL),Time,72,3769,3769,0,0,0,0,0,0,0,0,0,0,0,0,0,0,0,0,0,0,0,0,0,0,0,0,0,0,0,0,0,0,0,0,0,0,0,0,0,0,0,0,0,0,0,0,0,0,0,0,0,0,0,0,0,0,0,0,0,0,0,0,0,0,0,0,0,0,0,0,0,0,0
STAT,match,Conflicts,72,5525,214,138,157,144,132,140,106,124,155,112,118,103,73,71,78,82,59,61,67,50,93,63,51,84,64,75,66,60,68,60,67,63,51,62,49,65,55,67,63,67,56,68,53,51,57,70,61,57,53,66,52,58,70,47,57,68,55,70,62,52,68,71,56,74,66,67,72,65,86,93,82,65
STAT,match,Iterations,72,14988943,169160,173968,193944,185258,202436,180356,192651,201899,171917,194357,171450,229640,217610,195533,223187,198285,214460,210597,222478,191812,215276,219438,212911,220957,204781,196537,216819,219728,219797,221144,222207,214602,232351,223738,219370,191233,217145,216425,230746,213686,199554,199932,212470,212817,231479,218536,218803,196978,206168,209146,205352,208694,210680,222773,210094,208775,227824,198392,213428,219856,199106,204804,206080,208604,206861,212832,207293,211220,208548,198225,218002,205728
STAT,popedge,Conflicts,72,0,0,0,0,0,0,0,0,0,0,0,0,0,0,0,0,0,0,0,0,0,0,0,0,0,0,0,0,0,0,0,0,0,0,0,0,0,0,0,0,0,0,0,0,0,0,0,0,0,0,0,0,0,0,0,0,0,0,0,0,0,0,0,0,0,0,0,0,0,0,0,0,0
STAT,popedge,Iterations,72,7347429,98273,95736,96033,95310,93266,96476,97899,91573,95815,99309,96972,111259,104273,104513,106677,105914,101638,104972,102432,102567,102887,107340,106096,107684,97208,97422,98886,96800,98869,104025,106497,102333,103259,104657,103396,102124,106943,106897,105992,110815,106890,107295,110468,107342,105193,110373,107822,103367,102218,106276,97833,104078,104041,105140,105120,105987,101820,99888,102801,102468,109379,95154,96853,100630,95529,94772,93672,100816,97068,100292,97380,98427
STAT,refine,Conflicts,72,3661,128,129,121,104,111,90,91,85,72,78,66,67,63,67,63,53,61,63,63,49,45,53,47,58,48,58,52,53,58,58,51,43,38,39,42,41,52,41,42,38,32,32,39,34,40,44,38,36,44,34,34,28,35,38,40,41,38,38,40,48,42,27,22,26,28,30,19,28,27,21,31,26
STAT,refine,Iterations,72,134014,1779,1452,1615,1328,2210,1382,1843,1737,1314,1722,1942,1919,1730,1748,1970,1537,2963,1851,2103,1941,1939,1726,2518,1886,1769,2305,2044,1872,2014,1682,1640,2112,1794,1603,1975,2048,1811,1985,1512,1774,2248,2383,1299,1825,1922,2342,1514,2436,1846,2422,1536,2204,1992,1631,1778,1969,1906,2356,1850,2070,2534,2052,1137,1739,1227,1950,1432,1475,1777,1278,1801,1988
