Hello from MIC
Galois Benchmark Suite v2.2.0 (r0)
Copyright (C) 2013 The University of Texas at Austin
http://iss.ices.utexas.edu/galois/

application: GMetis
Partitions a graph into K parts and minimizing the graph cut
http://iss.ices.utexas.edu/?p=projects/galois/benchmarks/gMetis

INFO: CommandLine /work/02556/dpereira/MIC/apps/gmetis/gmetis -t=140 /work/02556/dpereira/Inputs/USA-road-d.W.gr 1024
INFO: Hostname c558-401-mic0.stampede.tacc.utexas.edu
Created Graph with 6262104 nodes and 15248146 edges
Nodes 6262104| Edges 15248146 7624073

  Starting coarsening: 
Time coarsen:  2286 Size of final graph: 21865

  Sarting initial partitioning using GGGP:
Size in decade percentages:  -1,61 -0,899 1,64
Time clustering:  1036

  Sarting refinnement with BKL2
Initial dist
Size in decade percentages:  -1,61 -0,899 1,64
Refined dist
Size in decade percentages:  -1,375 0,286 1,362 3,1
Time refinement:  1296


Time:  4797
Total edge cut : 31947

Part saved in : 0x7fffbcf346e0
STATTYPE,LOOP,CATEGORY,n,sum,T0,T1,T2,T3,T4,T5,T6,T7,T8,T9,T10,T11,T12,T13,T14,T15,T16,T17,T18,T19,T20,T21,T22,T23,T24,T25,T26,T27,T28,T29,T30,T31,T32,T33,T34,T35,T36,T37,T38,T39,T40,T41,T42,T43,T44,T45,T46,T47,T48,T49,T50,T51,T52,T53,T54,T55,T56,T57,T58,T59,T60,T61,T62,T63,T64,T65,T66,T67,T68,T69,T70,T71,T72,T73,T74,T75,T76,T77,T78,T79,T80,T81,T82,T83,T84,T85,T86,T87,T88,T89,T90,T91,T92,T93,T94,T95,T96,T97,T98,T99,T100,T101,T102,T103,T104,T105,T106,T107,T108,T109,T110,T111,T112,T113,T114,T115,T116,T117,T118,T119,T120,T121,T122,T123,T124,T125,T126,T127,T128,T129,T130,T131,T132,T133,T134,T135,T136,T137,T138,T139
STAT,(NULL),Coarsen,140,2286,2286,0,0,0,0,0,0,0,0,0,0,0,0,0,0,0,0,0,0,0,0,0,0,0,0,0,0,0,0,0,0,0,0,0,0,0,0,0,0,0,0,0,0,0,0,0,0,0,0,0,0,0,0,0,0,0,0,0,0,0,0,0,0,0,0,0,0,0,0,0,0,0,0,0,0,0,0,0,0,0,0,0,0,0,0,0,0,0,0,0,0,0,0,0,0,0,0,0,0,0,0,0,0,0,0,0,0,0,0,0,0,0,0,0,0,0,0,0,0,0,0,0,0,0,0,0,0,0,0,0,0,0,0,0,0,0,0,0,0,0
STAT,(NULL),Conflicts,140,0,0,0,0,0,0,0,0,0,0,0,0,0,0,0,0,0,0,0,0,0,0,0,0,0,0,0,0,0,0,0,0,0,0,0,0,0,0,0,0,0,0,0,0,0,0,0,0,0,0,0,0,0,0,0,0,0,0,0,0,0,0,0,0,0,0,0,0,0,0,0,0,0,0,0,0,0,0,0,0,0,0,0,0,0,0,0,0,0,0,0,0,0,0,0,0,0,0,0,0,0,0,0,0,0,0,0,0,0,0,0,0,0,0,0,0,0,0,0,0,0,0,0,0,0,0,0,0,0,0,0,0,0,0,0,0,0,0,0,0,0
STAT,(NULL),Iterations,140,2047,11,12,15,10,12,6,19,6,15,7,13,7,7,9,12,8,11,5,16,12,7,7,28,18,10,21,10,18,8,17,11,8,21,26,15,12,13,20,8,20,7,13,13,16,29,10,25,24,24,14,24,20,13,15,18,18,11,13,9,11,13,12,5,12,13,10,2,9,9,19,6,11,13,7,8,11,8,14,11,16,23,20,19,9,20,12,24,15,24,10,12,18,25,9,22,20,16,12,16,14,18,30,26,11,23,34,26,15,23,17,21,26,26,28,12,12,23,15,26,15,13,22,19,14,14,7,14,6,11,7,13,8,10,10,12,5,9,20,16,3
STAT,(NULL),MeminfoPost,140,756522,5410,5401,5420,5414,5399,5403,5404,5417,5446,5448,5393,5396,5400,5407,5425,5405,5418,5395,5392,5406,5423,5394,5387,5403,5394,5426,5420,5400,5406,5393,5412,5425,5476,5409,5393,5395,5400,5422,5427,5403,5411,5383,5400,5411,5411,5392,5395,5411,5409,5402,5443,5391,5414,5411,5400,5401,5394,5391,5406,5377,5403,5417,5405,5398,5391,5388,5385,5397,5399,5438,5415,5386,5393,5420,5386,5373,5394,5408,5414,5422,5401,5398,5401,5387,5398,5383,5382,5393,5388,5402,5382,5430,5442,5428,5394,5391,5412,5376,5390,5406,5421,5406,5394,5402,5391,5392,5379,5386,5404,5382,5436,5432,5438,5397,5394,5380,5401,5434,5433,5427,5426,5386,5412,5387,5398,5396,5375,5389,5390,5412,5376,5400,5371,5404,5383,5399,5407,5404,5400,5402
STAT,(NULL),MeminfoPre,140,189102,1357,1348,1367,1361,1346,1350,1351,1364,1393,1395,1340,1343,1347,1354,1372,1352,1365,1342,1339,1353,1370,1341,1334,1350,1341,1373,1367,1347,1353,1340,1359,1372,1423,1356,1340,1342,1347,1369,1374,1350,1358,1330,1347,1358,1358,1339,1342,1358,1356,1349,1390,1338,1361,1358,1347,1348,1341,1338,1353,1324,1350,1364,1352,1345,1338,1335,1332,1344,1346,1385,1362,1333,1340,1367,1333,1320,1341,1355,1361,1369,1348,1345,1348,1334,1345,1330,1329,1340,1335,1349,1329,1377,1389,1375,1341,1338,1359,1323,1337,1353,1368,1353,1341,1349,1338,1339,1326,1333,1351,1329,1383,1379,1385,1344,1341,1327,1348,1381,1380,1374,1373,1333,1359,1334,1345,1343,1322,1336,1337,1359,1323,1347,1318,1351,1330,1346,1354,1351,1347,1349
STAT,(NULL),Partition,140,1036,1036,0,0,0,0,0,0,0,0,0,0,0,0,0,0,0,0,0,0,0,0,0,0,0,0,0,0,0,0,0,0,0,0,0,0,0,0,0,0,0,0,0,0,0,0,0,0,0,0,0,0,0,0,0,0,0,0,0,0,0,0,0,0,0,0,0,0,0,0,0,0,0,0,0,0,0,0,0,0,0,0,0,0,0,0,0,0,0,0,0,0,0,0,0,0,0,0,0,0,0,0,0,0,0,0,0,0,0,0,0,0,0,0,0,0,0,0,0,0,0,0,0,0,0,0,0,0,0,0,0,0,0,0,0,0,0,0,0,0,0
STAT,(NULL),Refine,140,1296,1296,0,0,0,0,0,0,0,0,0,0,0,0,0,0,0,0,0,0,0,0,0,0,0,0,0,0,0,0,0,0,0,0,0,0,0,0,0,0,0,0,0,0,0,0,0,0,0,0,0,0,0,0,0,0,0,0,0,0,0,0,0,0,0,0,0,0,0,0,0,0,0,0,0,0,0,0,0,0,0,0,0,0,0,0,0,0,0,0,0,0,0,0,0,0,0,0,0,0,0,0,0,0,0,0,0,0,0,0,0,0,0,0,0,0,0,0,0,0,0,0,0,0,0,0,0,0,0,0,0,0,0,0,0,0,0,0,0,0,0
STAT,(NULL),Threads,140,140,140,0,0,0,0,0,0,0,0,0,0,0,0,0,0,0,0,0,0,0,0,0,0,0,0,0,0,0,0,0,0,0,0,0,0,0,0,0,0,0,0,0,0,0,0,0,0,0,0,0,0,0,0,0,0,0,0,0,0,0,0,0,0,0,0,0,0,0,0,0,0,0,0,0,0,0,0,0,0,0,0,0,0,0,0,0,0,0,0,0,0,0,0,0,0,0,0,0,0,0,0,0,0,0,0,0,0,0,0,0,0,0,0,0,0,0,0,0,0,0,0,0,0,0,0,0,0,0,0,0,0,0,0,0,0,0,0,0,0,0
STAT,(NULL),Time,140,4797,4797,0,0,0,0,0,0,0,0,0,0,0,0,0,0,0,0,0,0,0,0,0,0,0,0,0,0,0,0,0,0,0,0,0,0,0,0,0,0,0,0,0,0,0,0,0,0,0,0,0,0,0,0,0,0,0,0,0,0,0,0,0,0,0,0,0,0,0,0,0,0,0,0,0,0,0,0,0,0,0,0,0,0,0,0,0,0,0,0,0,0,0,0,0,0,0,0,0,0,0,0,0,0,0,0,0,0,0,0,0,0,0,0,0,0,0,0,0,0,0,0,0,0,0,0,0,0,0,0,0,0,0,0,0,0,0,0,0,0,0
STAT,match,Conflicts,140,5807,83,77,69,65,49,60,67,45,47,69,57,54,61,58,75,53,49,48,60,39,47,49,51,51,64,52,41,47,60,63,46,32,51,40,44,41,41,49,50,39,41,53,41,42,49,56,44,51,57,44,42,36,49,61,42,44,34,50,48,41,47,28,28,43,40,40,40,41,31,35,44,40,31,29,31,42,28,28,25,32,26,24,37,31,23,37,41,38,30,39,39,36,35,31,34,25,33,23,35,44,27,29,38,32,37,46,29,32,28,36,34,32,36,38,38,41,32,42,34,34,29,41,31,37,41,33,34,33,38,38,30,27,28,39,27,33,41,31,34,35
STAT,match,Iterations,140,14972020,73630,77062,79493,107452,97356,78730,86165,93186,84688,69092,90367,79956,76758,97861,62748,78973,103044,66585,107626,104284,107952,99690,103761,85332,85638,104596,100192,89752,108705,104625,97044,115082,97657,116572,121849,74256,105173,99595,80907,103016,106705,99189,108152,119741,118508,95215,113650,94499,110107,92756,118501,106386,82890,98195,108958,118484,128933,126421,106483,115422,123428,110127,114547,93847,99281,98684,88044,107237,81219,119724,96565,109829,118217,116521,100778,82693,107065,121763,116949,107350,128309,134514,127756,118141,130248,131678,102758,110002,120713,107791,114047,124603,109908,106228,126619,130614,106853,140100,117223,91768,134990,128669,139094,133005,121835,117504,118610,116839,126921,133106,122427,125915,120535,106951,132868,105879,118131,103345,131394,141119,126382,111389,108646,103871,91095,110169,108970,97217,95215,98181,117995,107635,114787,94551,121797,113786,88444,102758,96646,103963
STAT,popedge,Conflicts,140,0,0,0,0,0,0,0,0,0,0,0,0,0,0,0,0,0,0,0,0,0,0,0,0,0,0,0,0,0,0,0,0,0,0,0,0,0,0,0,0,0,0,0,0,0,0,0,0,0,0,0,0,0,0,0,0,0,0,0,0,0,0,0,0,0,0,0,0,0,0,0,0,0,0,0,0,0,0,0,0,0,0,0,0,0,0,0,0,0,0,0,0,0,0,0,0,0,0,0,0,0,0,0,0,0,0,0,0,0,0,0,0,0,0,0,0,0,0,0,0,0,0,0,0,0,0,0,0,0,0,0,0,0,0,0,0,0,0,0,0,0
STAT,popedge,Iterations,140,7336826,48280,48085,48240,48378,49355,47312,47847,42927,45984,47416,49469,47633,50557,50224,49769,47950,47871,49836,56013,55110,56056,55186,57110,59802,57048,54037,56766,55358,54252,57042,55414,54595,53572,53077,53800,54407,55169,54686,55009,54446,53205,54961,54499,54571,56035,56275,58817,52330,52662,51780,52846,51947,54447,54319,50779,52464,58085,56271,53982,56511,55816,45862,44844,47470,48414,46036,48316,45601,44349,45113,46859,48305,45986,48677,49039,50224,47691,47690,47699,55380,56292,56467,55451,57848,57402,54040,55937,57540,55658,56462,57798,54124,56046,56430,54047,54788,56437,54742,55282,55091,54856,53343,52985,53708,61307,56932,55224,55075,52860,55627,53520,54064,51660,52192,52010,52198,53870,57118,59502,57351,59026,60515,47691,50812,48125,49441,48161,46809,47492,42977,50035,46088,47744,49821,48649,51799,49436,47807,50942,48927
STAT,refine,Conflicts,140,4824,82,69,75,70,69,63,69,64,59,56,55,58,59,75,60,51,52,47,50,45,50,50,42,52,39,49,57,55,47,63,45,39,41,34,33,44,32,39,28,36,37,38,41,38,39,27,24,47,31,23,39,53,41,55,39,44,39,36,41,28,42,19,27,21,30,23,13,30,26,27,30,31,23,18,17,28,20,27,20,30,28,33,24,18,13,26,21,19,25,13,23,28,26,26,34,32,29,18,21,17,23,24,29,24,25,28,26,26,37,33,27,31,33,24,27,23,26,24,29,27,16,33,26,25,25,24,24,17,22,18,18,22,24,18,21,29,19,23,15,20
STAT,refine,Iterations,140,431251,2416,2593,2772,2820,2146,2307,2513,3256,3145,2705,2266,2099,2267,2530,2544,2226,3025,2292,2853,3152,3294,2549,2316,2880,1809,3259,3178,2343,3072,2553,3773,4103,4119,3358,2824,2883,2769,3504,2846,2788,3219,2840,3045,3371,3030,2489,3190,2985,2683,2777,4301,3268,3100,3406,3022,3648,3736,3787,3467,2427,3708,3128,2987,2739,2726,2544,2081,3354,2451,3603,3165,2604,2202,2952,2539,2184,2376,3324,3307,3191,3537,3798,3161,2720,3005,3201,2992,3218,3166,3023,3028,4528,4555,4596,3795,3525,3219,2626,3457,3169,3752,3277,3564,3424,3636,3000,3347,3352,4425,4105,3691,4825,4230,3247,3575,3178,3910,3993,4183,3961,3369,3221,2859,3255,2703,3225,2313,1899,2756,2318,2760,2758,2394,2242,2594,2721,2966,2816,2788,3197
