Hello from MIC
Galois Benchmark Suite v2.2.0 (r0)
Copyright (C) 2013 The University of Texas at Austin
http://iss.ices.utexas.edu/galois/

application: GMetis
Partitions a graph into K parts and minimizing the graph cut
http://iss.ices.utexas.edu/?p=projects/galois/benchmarks/gMetis

INFO: CommandLine /work/02556/dpereira/MIC/apps/gmetis/gmetis -t=195 /work/02556/dpereira/Inputs/USA-road-d.W.gr 128
INFO: Hostname c558-002-mic0.stampede.tacc.utexas.edu
Created Graph with 6262104 nodes and 15248146 edges
Nodes 6262104| Edges 15248146 7624073

  Starting coarsening: 
Time coarsen:  3194 Size of final graph: 3143

  Sarting initial partitioning using GGGP:
Size in decade percentages:  -1,1 -0,122 1,5
Time clustering:  450

  Sarting refinnement with BKL2
Initial dist
Size in decade percentages:  -1,1 -0,122 1,5
Refined dist
Size in decade percentages:  -1,46 0,32 1,50
Time refinement:  2122


Time:  5945
Total edge cut : 8059

Part saved in : 0x7fff3406c3e0
STATTYPE,LOOP,CATEGORY,n,sum,T0,T1,T2,T3,T4,T5,T6,T7,T8,T9,T10,T11,T12,T13,T14,T15,T16,T17,T18,T19,T20,T21,T22,T23,T24,T25,T26,T27,T28,T29,T30,T31,T32,T33,T34,T35,T36,T37,T38,T39,T40,T41,T42,T43,T44,T45,T46,T47,T48,T49,T50,T51,T52,T53,T54,T55,T56,T57,T58,T59,T60,T61,T62,T63,T64,T65,T66,T67,T68,T69,T70,T71,T72,T73,T74,T75,T76,T77,T78,T79,T80,T81,T82,T83,T84,T85,T86,T87,T88,T89,T90,T91,T92,T93,T94,T95,T96,T97,T98,T99,T100,T101,T102,T103,T104,T105,T106,T107,T108,T109,T110,T111,T112,T113,T114,T115,T116,T117,T118,T119,T120,T121,T122,T123,T124,T125,T126,T127,T128,T129,T130,T131,T132,T133,T134,T135,T136,T137,T138,T139,T140,T141,T142,T143,T144,T145,T146,T147,T148,T149,T150,T151,T152,T153,T154,T155,T156,T157,T158,T159,T160,T161,T162,T163,T164,T165,T166,T167,T168,T169,T170,T171,T172,T173,T174,T175,T176,T177,T178,T179,T180,T181,T182,T183,T184,T185,T186,T187,T188,T189,T190,T191,T192,T193,T194
STAT,(NULL),Coarsen,195,3194,3194,0,0,0,0,0,0,0,0,0,0,0,0,0,0,0,0,0,0,0,0,0,0,0,0,0,0,0,0,0,0,0,0,0,0,0,0,0,0,0,0,0,0,0,0,0,0,0,0,0,0,0,0,0,0,0,0,0,0,0,0,0,0,0,0,0,0,0,0,0,0,0,0,0,0,0,0,0,0,0,0,0,0,0,0,0,0,0,0,0,0,0,0,0,0,0,0,0,0,0,0,0,0,0,0,0,0,0,0,0,0,0,0,0,0,0,0,0,0,0,0,0,0,0,0,0,0,0,0,0,0,0,0,0,0,0,0,0,0,0,0,0,0,0,0,0,0,0,0,0,0,0,0,0,0,0,0,0,0,0,0,0,0,0,0,0,0,0,0,0,0,0,0,0,0,0,0,0,0,0,0,0,0,0,0,0,0,0,0,0,0,0,0,0,0
STAT,(NULL),Conflicts,195,0,0,0,0,0,0,0,0,0,0,0,0,0,0,0,0,0,0,0,0,0,0,0,0,0,0,0,0,0,0,0,0,0,0,0,0,0,0,0,0,0,0,0,0,0,0,0,0,0,0,0,0,0,0,0,0,0,0,0,0,0,0,0,0,0,0,0,0,0,0,0,0,0,0,0,0,0,0,0,0,0,0,0,0,0,0,0,0,0,0,0,0,0,0,0,0,0,0,0,0,0,0,0,0,0,0,0,0,0,0,0,0,0,0,0,0,0,0,0,0,0,0,0,0,0,0,0,0,0,0,0,0,0,0,0,0,0,0,0,0,0,0,0,0,0,0,0,0,0,0,0,0,0,0,0,0,0,0,0,0,0,0,0,0,0,0,0,0,0,0,0,0,0,0,0,0,0,0,0,0,0,0,0,0,0,0,0,0,0,0,0,0,0,0,0,0
STAT,(NULL),Iterations,195,255,12,3,0,1,0,4,1,2,0,1,0,0,1,0,0,3,0,0,1,1,0,3,3,0,0,3,5,1,0,0,2,0,1,0,0,0,0,1,3,0,0,2,0,2,0,1,0,2,0,0,1,0,0,0,0,0,2,3,0,0,2,1,3,3,3,0,0,1,0,0,0,0,0,0,0,3,4,0,2,3,8,0,0,3,0,1,0,0,6,0,0,1,5,2,1,0,1,1,0,1,4,2,2,1,0,1,0,3,0,0,1,0,1,0,3,0,4,1,0,2,2,0,5,0,1,1,0,0,0,4,1,1,4,2,0,3,0,2,0,1,1,3,1,0,4,0,0,2,1,5,0,0,4,0,0,0,0,6,0,0,3,2,0,4,2,1,7,0,3,0,4,0,0,5,0,0,3,0,2,1,2,1,1,4,5,2,0,0,0,0,2,0,0,2,0
STAT,(NULL),MeminfoPost,195,757068,3886,3872,3902,3886,3895,3881,3882,3876,3876,3889,3896,3899,3940,3899,3872,3880,3876,3874,3889,3889,3902,3885,3888,3891,3872,3878,3871,3894,3896,3874,3877,3869,3880,3886,3877,3892,3892,3897,3875,3894,3867,3887,3877,3900,3908,3937,3889,3871,3880,3874,3880,3891,3893,3892,3879,3902,3884,3869,3875,3877,3894,3891,3874,3876,3875,3879,3890,3883,3880,3892,3919,3872,3883,3896,3885,3873,3892,3875,3878,3872,3876,3887,3862,3873,3882,3893,3887,3879,3880,3872,3876,3865,3873,3871,3877,3880,3905,3907,3880,3868,3876,3872,3904,3872,3862,3859,3876,3885,3886,3893,3891,3896,3873,3879,3872,3884,3871,3880,3874,3863,3870,3870,3867,3883,3879,3868,3877,3900,3911,3901,3903,3873,3875,3880,3888,3865,3862,3878,3883,3891,3892,3884,3883,3869,3881,3875,3879,3865,3865,3876,3868,3883,3863,3893,3910,3904,3908,3888,3877,3877,3865,3872,3881,3899,3914,3898,3896,3907,3884,3871,3879,3883,3879,3879,3880,3868,3856,3874,3875,3894,3870,3864,3859,3887,3855,3872,3888,3866,3880,3881,3884,3884,3885,3872,3882
STAT,(NULL),MeminfoPre,195,189228,974,960,990,974,983,969,970,964,964,977,984,987,1028,987,960,968,964,962,977,977,990,973,976,979,960,966,959,982,984,962,965,957,968,974,965,980,980,985,963,982,955,975,965,988,996,1025,977,959,968,962,968,979,981,980,967,990,972,957,963,965,982,979,962,964,963,967,978,971,968,980,1007,960,971,984,973,961,980,963,966,960,964,975,950,961,970,981,975,967,968,960,964,953,961,959,965,968,993,995,968,956,964,960,992,960,950,947,964,973,974,981,979,984,961,967,960,972,959,968,962,951,958,958,955,971,967,956,965,988,999,989,991,961,963,968,976,953,950,966,971,979,980,972,971,957,969,963,967,953,953,964,956,971,951,981,998,992,996,976,965,965,953,960,969,987,1002,986,984,995,972,959,967,971,967,967,968,956,944,962,963,982,958,952,947,975,943,960,976,954,968,969,972,972,973,960,970
STAT,(NULL),Partition,195,450,450,0,0,0,0,0,0,0,0,0,0,0,0,0,0,0,0,0,0,0,0,0,0,0,0,0,0,0,0,0,0,0,0,0,0,0,0,0,0,0,0,0,0,0,0,0,0,0,0,0,0,0,0,0,0,0,0,0,0,0,0,0,0,0,0,0,0,0,0,0,0,0,0,0,0,0,0,0,0,0,0,0,0,0,0,0,0,0,0,0,0,0,0,0,0,0,0,0,0,0,0,0,0,0,0,0,0,0,0,0,0,0,0,0,0,0,0,0,0,0,0,0,0,0,0,0,0,0,0,0,0,0,0,0,0,0,0,0,0,0,0,0,0,0,0,0,0,0,0,0,0,0,0,0,0,0,0,0,0,0,0,0,0,0,0,0,0,0,0,0,0,0,0,0,0,0,0,0,0,0,0,0,0,0,0,0,0,0,0,0,0,0,0,0,0
STAT,(NULL),Refine,195,2122,2122,0,0,0,0,0,0,0,0,0,0,0,0,0,0,0,0,0,0,0,0,0,0,0,0,0,0,0,0,0,0,0,0,0,0,0,0,0,0,0,0,0,0,0,0,0,0,0,0,0,0,0,0,0,0,0,0,0,0,0,0,0,0,0,0,0,0,0,0,0,0,0,0,0,0,0,0,0,0,0,0,0,0,0,0,0,0,0,0,0,0,0,0,0,0,0,0,0,0,0,0,0,0,0,0,0,0,0,0,0,0,0,0,0,0,0,0,0,0,0,0,0,0,0,0,0,0,0,0,0,0,0,0,0,0,0,0,0,0,0,0,0,0,0,0,0,0,0,0,0,0,0,0,0,0,0,0,0,0,0,0,0,0,0,0,0,0,0,0,0,0,0,0,0,0,0,0,0,0,0,0,0,0,0,0,0,0,0,0,0,0,0,0,0,0
STAT,(NULL),Threads,195,195,195,0,0,0,0,0,0,0,0,0,0,0,0,0,0,0,0,0,0,0,0,0,0,0,0,0,0,0,0,0,0,0,0,0,0,0,0,0,0,0,0,0,0,0,0,0,0,0,0,0,0,0,0,0,0,0,0,0,0,0,0,0,0,0,0,0,0,0,0,0,0,0,0,0,0,0,0,0,0,0,0,0,0,0,0,0,0,0,0,0,0,0,0,0,0,0,0,0,0,0,0,0,0,0,0,0,0,0,0,0,0,0,0,0,0,0,0,0,0,0,0,0,0,0,0,0,0,0,0,0,0,0,0,0,0,0,0,0,0,0,0,0,0,0,0,0,0,0,0,0,0,0,0,0,0,0,0,0,0,0,0,0,0,0,0,0,0,0,0,0,0,0,0,0,0,0,0,0,0,0,0,0,0,0,0,0,0,0,0,0,0,0,0,0,0
STAT,(NULL),Time,195,5945,5945,0,0,0,0,0,0,0,0,0,0,0,0,0,0,0,0,0,0,0,0,0,0,0,0,0,0,0,0,0,0,0,0,0,0,0,0,0,0,0,0,0,0,0,0,0,0,0,0,0,0,0,0,0,0,0,0,0,0,0,0,0,0,0,0,0,0,0,0,0,0,0,0,0,0,0,0,0,0,0,0,0,0,0,0,0,0,0,0,0,0,0,0,0,0,0,0,0,0,0,0,0,0,0,0,0,0,0,0,0,0,0,0,0,0,0,0,0,0,0,0,0,0,0,0,0,0,0,0,0,0,0,0,0,0,0,0,0,0,0,0,0,0,0,0,0,0,0,0,0,0,0,0,0,0,0,0,0,0,0,0,0,0,0,0,0,0,0,0,0,0,0,0,0,0,0,0,0,0,0,0,0,0,0,0,0,0,0,0,0,0,0,0,0,0
STAT,match,Conflicts,195,6285,52,49,51,53,51,46,43,51,48,44,45,54,53,52,51,45,43,39,43,40,37,48,41,40,42,43,40,44,43,47,34,37,30,42,34,33,25,33,37,37,42,42,46,38,41,44,45,37,35,39,30,28,37,34,33,27,45,32,39,36,40,22,33,23,26,21,32,27,24,26,29,25,28,32,28,29,29,29,32,28,24,23,24,29,26,24,29,31,28,29,33,25,31,28,36,28,27,24,24,25,33,30,32,38,29,34,25,22,31,27,30,21,27,33,29,28,33,29,28,33,28,34,24,31,30,26,22,32,24,23,20,24,26,30,30,33,30,29,25,29,30,27,28,35,23,26,23,28,36,31,33,32,31,29,33,31,30,25,22,26,28,24,31,26,30,27,33,24,33,24,30,22,34,26,33,27,29,32,31,26,28,30,34,33,23,26,24,28,34,20,25,27,29,24,28
STAT,match,Iterations,195,15033727,42270,52912,57819,50507,54095,63681,68540,57952,42136,56304,65407,55323,60696,81691,64143,53362,63764,83527,58634,70397,68441,63487,72557,68141,70008,80074,76461,70412,69622,73248,74159,64424,71266,70575,66390,72884,76661,62277,63356,59591,59760,88018,79563,63300,70825,66809,67269,77875,64957,70556,83294,66799,76527,81505,71525,73078,83309,74454,55401,71914,86652,89457,65801,81668,80077,78819,48256,67164,82732,75870,72474,69782,85993,85124,81278,82204,72671,64669,81663,95364,85978,86888,101252,87552,95802,74825,78670,78128,90133,70360,72165,96388,88889,89184,81794,83191,75277,82419,85766,84539,63887,73284,76084,77880,73203,74922,91795,85025,73301,95417,83504,95973,99781,81949,65992,62305,62420,82217,85223,70383,82521,89208,64215,66812,71310,76320,74319,79187,74190,73354,80197,91843,78922,82752,99832,91469,77606,85176,98865,82451,104421,69469,92888,87385,82163,73129,94360,69723,80896,60047,89293,81516,71038,81044,74407,87190,71443,86918,91379,80657,88669,85169,71665,80577,76809,81898,97520,89636,82753,90098,71663,107570,75791,88765,91997,76405,81415,96247,71622,88359,91832,92504,74035,73016,84949,62489,94657,72946,79672,73129,95155,75724,82248,93156,88277
STAT,popedge,Conflicts,195,0,0,0,0,0,0,0,0,0,0,0,0,0,0,0,0,0,0,0,0,0,0,0,0,0,0,0,0,0,0,0,0,0,0,0,0,0,0,0,0,0,0,0,0,0,0,0,0,0,0,0,0,0,0,0,0,0,0,0,0,0,0,0,0,0,0,0,0,0,0,0,0,0,0,0,0,0,0,0,0,0,0,0,0,0,0,0,0,0,0,0,0,0,0,0,0,0,0,0,0,0,0,0,0,0,0,0,0,0,0,0,0,0,0,0,0,0,0,0,0,0,0,0,0,0,0,0,0,0,0,0,0,0,0,0,0,0,0,0,0,0,0,0,0,0,0,0,0,0,0,0,0,0,0,0,0,0,0,0,0,0,0,0,0,0,0,0,0,0,0,0,0,0,0,0,0,0,0,0,0,0,0,0,0,0,0,0,0,0,0,0,0,0,0,0,0
STAT,popedge,Iterations,195,7364293,34379,34737,31733,33316,32945,34187,33217,34919,33262,35311,33991,33361,36471,39612,38199,38905,38805,38769,39854,38314,38446,38500,38663,38092,39207,39621,36543,37716,37635,37423,38281,40623,39120,38417,36859,37048,37730,41635,39399,36747,40755,39789,39012,39043,40193,39633,39001,39507,39985,40305,37925,36058,37784,38371,38744,38700,39156,38698,41483,39807,38628,32831,35802,32039,35476,32959,33417,32886,33399,33854,33497,34153,32178,37121,38187,38738,38168,39410,37252,37476,39018,37503,37756,38159,37471,37611,37284,38746,38074,40427,39480,37447,39021,37103,37340,38825,37432,39225,40723,38415,39755,39430,40253,39063,37154,39368,42495,37953,39555,40604,39428,38307,37734,41857,40291,39754,41727,40807,36993,41507,39494,40935,33987,36250,33789,34557,34411,32782,33496,34260,34620,34322,32883,35081,36444,38364,38686,37759,42462,38462,38615,37889,38020,37803,37667,40221,37910,40115,37924,40336,36942,38598,38845,38356,39283,41459,36179,38283,40218,37647,38284,35275,40444,40642,42334,39808,41318,39975,39449,41997,43489,41233,40204,37546,39834,42205,40513,39259,40129,37791,40963,43492,39243,32960,35110,33371,34943,33627,34167,34863,35658,33923,33760,33571,33052
STAT,refine,Conflicts,195,6706,128,112,111,109,103,102,107,100,89,83,84,96,72,77,77,62,68,60,63,62,64,63,74,55,63,62,77,69,70,61,52,39,47,42,43,41,34,46,39,34,45,41,41,33,52,45,49,40,42,42,36,36,39,32,40,43,41,42,36,49,31,26,16,24,24,22,26,18,29,21,20,17,27,26,19,28,21,16,32,23,23,26,27,29,25,27,23,36,29,31,21,30,15,32,21,32,20,21,21,25,24,23,18,35,21,28,25,29,19,16,23,18,19,20,14,24,19,22,19,24,24,22,20,23,15,20,19,14,29,19,15,22,27,23,26,19,22,28,24,23,16,16,24,17,30,25,21,29,27,21,22,24,22,20,20,23,18,24,18,31,24,19,26,17,28,21,32,28,19,22,21,21,15,21,19,11,20,20,19,21,30,25,18,23,16,12,25,23,13,21,26,24,23,18,19
STAT,refine,Iterations,195,135950,686,791,813,747,680,858,679,929,562,701,801,867,798,817,778,517,776,853,668,697,761,546,691,686,802,775,858,662,743,733,689,723,776,778,658,767,686,571,541,512,546,1008,753,744,901,810,577,688,577,739,562,904,615,468,519,552,578,585,571,576,787,732,512,734,604,620,611,519,734,717,775,548,865,918,612,726,567,825,780,735,675,677,620,686,700,781,619,765,715,582,697,861,864,946,726,827,809,847,572,746,487,646,860,807,564,752,769,598,683,658,1024,517,852,639,444,383,694,545,500,542,563,704,607,726,528,670,582,636,669,734,544,758,565,727,998,559,447,514,788,693,767,451,803,518,483,749,779,727,623,748,681,823,850,830,926,1133,549,779,696,682,670,602,924,745,797,688,1146,908,511,663,700,1187,546,864,577,354,452,624,511,563,752,657,404,814,635,683,938,606,698,617,778,585,870,585,838
