Hello from MIC
Galois Benchmark Suite v2.2.0 (r0)
Copyright (C) 2013 The University of Texas at Austin
http://iss.ices.utexas.edu/galois/

application: GMetis
Partitions a graph into K parts and minimizing the graph cut
http://iss.ices.utexas.edu/?p=projects/galois/benchmarks/gMetis

INFO: CommandLine /work/02556/dpereira/MIC/apps/gmetis/gmetis -t=57 /work/02556/dpereira/Inputs/USA-road-d.W.gr 128
INFO: Hostname c557-903-mic0.stampede.tacc.utexas.edu
Created Graph with 6262104 nodes and 15248146 edges
Nodes 6262104| Edges 15248146 7624073

  Starting coarsening: 
Time coarsen:  2426 Size of final graph: 3010

  Sarting initial partitioning using GGGP:
Size in decade percentages:  -1,7 -0,115 1,6
Time clustering:  399

  Sarting refinnement with BKL2
Initial dist
Size in decade percentages:  -1,7 -0,115 1,6
Refined dist
Size in decade percentages:  -1,43 -0,40 1,45
Time refinement:  710


Time:  3712
Total edge cut : 8388

Part saved in : 0x7fff2ec331e0
STATTYPE,LOOP,CATEGORY,n,sum,T0,T1,T2,T3,T4,T5,T6,T7,T8,T9,T10,T11,T12,T13,T14,T15,T16,T17,T18,T19,T20,T21,T22,T23,T24,T25,T26,T27,T28,T29,T30,T31,T32,T33,T34,T35,T36,T37,T38,T39,T40,T41,T42,T43,T44,T45,T46,T47,T48,T49,T50,T51,T52,T53,T54,T55,T56
STAT,(NULL),Coarsen,57,2426,2426,0,0,0,0,0,0,0,0,0,0,0,0,0,0,0,0,0,0,0,0,0,0,0,0,0,0,0,0,0,0,0,0,0,0,0,0,0,0,0,0,0,0,0,0,0,0,0,0,0,0,0,0,0,0,0,0
STAT,(NULL),Conflicts,57,0,0,0,0,0,0,0,0,0,0,0,0,0,0,0,0,0,0,0,0,0,0,0,0,0,0,0,0,0,0,0,0,0,0,0,0,0,0,0,0,0,0,0,0,0,0,0,0,0,0,0,0,0,0,0,0,0,0
STAT,(NULL),Iterations,57,255,13,4,3,3,2,3,5,4,6,9,0,6,5,4,4,3,10,13,12,20,5,2,8,1,4,1,2,0,4,2,4,3,4,4,3,3,6,4,7,4,0,8,4,3,0,3,2,0,3,3,5,3,4,6,3,4,4
STAT,(NULL),MeminfoPost,57,756352,13280,13280,13268,13371,13256,13275,13299,13244,13285,13255,13294,13261,13288,13345,13264,13295,13266,13277,13250,13277,13302,13282,13257,13257,13247,13270,13232,13243,13318,13258,13218,13275,13289,13253,13234,13222,13244,13340,13268,13241,13273,13267,13253,13217,13260,13354,13244,13273,13341,13265,13257,13225,13251,13211,13247,13267,13267
STAT,(NULL),MeminfoPre,57,189088,3328,3328,3316,3419,3304,3323,3347,3292,3333,3303,3342,3309,3336,3393,3312,3343,3314,3325,3298,3325,3350,3330,3305,3305,3295,3318,3280,3291,3366,3306,3266,3323,3337,3301,3282,3270,3292,3388,3316,3289,3321,3315,3301,3265,3308,3402,3292,3321,3389,3313,3305,3273,3299,3259,3295,3315,3315
STAT,(NULL),Partition,57,399,399,0,0,0,0,0,0,0,0,0,0,0,0,0,0,0,0,0,0,0,0,0,0,0,0,0,0,0,0,0,0,0,0,0,0,0,0,0,0,0,0,0,0,0,0,0,0,0,0,0,0,0,0,0,0,0,0
STAT,(NULL),Refine,57,710,710,0,0,0,0,0,0,0,0,0,0,0,0,0,0,0,0,0,0,0,0,0,0,0,0,0,0,0,0,0,0,0,0,0,0,0,0,0,0,0,0,0,0,0,0,0,0,0,0,0,0,0,0,0,0,0,0
STAT,(NULL),Threads,57,57,57,0,0,0,0,0,0,0,0,0,0,0,0,0,0,0,0,0,0,0,0,0,0,0,0,0,0,0,0,0,0,0,0,0,0,0,0,0,0,0,0,0,0,0,0,0,0,0,0,0,0,0,0,0,0,0,0
STAT,(NULL),Time,57,3712,3712,0,0,0,0,0,0,0,0,0,0,0,0,0,0,0,0,0,0,0,0,0,0,0,0,0,0,0,0,0,0,0,0,0,0,0,0,0,0,0,0,0,0,0,0,0,0,0,0,0,0,0,0,0,0,0,0
STAT,match,Conflicts,57,4579,194,126,103,116,95,100,119,87,89,102,75,91,79,118,79,71,69,64,75,78,59,66,89,78,87,85,89,83,70,60,57,73,55,50,62,63,65,52,48,47,53,48,56,62,64,72,66,53,58,77,69,84,78,128,139,124,80
STAT,match,Iterations,57,14968539,234396,263685,263914,245367,265273,248968,262598,275102,262933,261287,254305,262899,256752,247241,263549,259745,257882,265086,271080,250458,251146,251259,264643,260739,266441,268643,267813,266744,254699,275236,283038,261976,242627,270973,271257,270620,271185,237624,262619,267798,245319,275840,251992,277224,271476,237548,258393,262745,279358,275470,282822,273046,268471,286440,276493,259321,246981
STAT,popedge,Conflicts,57,0,0,0,0,0,0,0,0,0,0,0,0,0,0,0,0,0,0,0,0,0,0,0,0,0,0,0,0,0,0,0,0,0,0,0,0,0,0,0,0,0,0,0,0,0,0,0,0,0,0,0,0,0,0,0,0,0,0
STAT,popedge,Iterations,57,7336220,128299,127167,127415,123209,126641,126557,125029,126183,128443,130461,127002,125782,127172,125114,126570,123164,129190,129854,130511,117948,115067,114008,119500,125244,129606,122411,125992,126126,124638,130921,132880,130987,129766,129878,130986,132687,133178,125933,127934,131087,128840,126101,128868,128201,128515,123071,122859,128964,135662,140680,138103,146924,141289,141378,136682,142547,126996
STAT,refine,Conflicts,57,3028,103,98,103,97,81,82,85,66,71,66,66,67,62,63,59,67,66,54,54,55,49,47,58,57,39,58,56,56,59,36,40,42,43,40,48,27,44,41,39,34,42,29,32,29,37,37,44,42,35,32,33,48,34,39,43,49,45
STAT,refine,Iterations,57,137408,2243,2131,2356,3286,2086,2064,2351,2281,2562,2051,2201,1933,2844,3053,2303,2610,2420,2339,2683,1920,3092,2309,2543,2535,1946,2644,2310,2410,2866,2654,1697,2192,2402,2460,2282,2470,2561,3122,3068,2936,2278,2601,2531,2364,2341,3331,2143,2562,2680,2836,1852,1524,2005,2158,1489,2398,2099
