Hello from MIC
Galois Benchmark Suite v2.2.0 (r0)
Copyright (C) 2013 The University of Texas at Austin
http://iss.ices.utexas.edu/galois/

application: GMetis
Partitions a graph into K parts and minimizing the graph cut
http://iss.ices.utexas.edu/?p=projects/galois/benchmarks/gMetis

INFO: CommandLine /work/02556/dpereira/MIC/apps/gmetis/gmetis -t=170 /work/02556/dpereira/Inputs/USA-road-d.W.gr 128
INFO: Hostname c558-002-mic0.stampede.tacc.utexas.edu
Created Graph with 6262104 nodes and 15248146 edges
Nodes 6262104| Edges 15248146 7624073

  Starting coarsening: 
Time coarsen:  2781 Size of final graph: 3112

  Sarting initial partitioning using GGGP:
Size in decade percentages:  -1,3 -0,117 1,8
Time clustering:  437

  Sarting refinnement with BKL2
Initial dist
Size in decade percentages:  -1,3 -0,117 1,8
Refined dist
Size in decade percentages:  -1,43 0,43 1,42
Time refinement:  1844


Time:  5242
Total edge cut : 8195

Part saved in : 0x7fff4fa60560
STATTYPE,LOOP,CATEGORY,n,sum,T0,T1,T2,T3,T4,T5,T6,T7,T8,T9,T10,T11,T12,T13,T14,T15,T16,T17,T18,T19,T20,T21,T22,T23,T24,T25,T26,T27,T28,T29,T30,T31,T32,T33,T34,T35,T36,T37,T38,T39,T40,T41,T42,T43,T44,T45,T46,T47,T48,T49,T50,T51,T52,T53,T54,T55,T56,T57,T58,T59,T60,T61,T62,T63,T64,T65,T66,T67,T68,T69,T70,T71,T72,T73,T74,T75,T76,T77,T78,T79,T80,T81,T82,T83,T84,T85,T86,T87,T88,T89,T90,T91,T92,T93,T94,T95,T96,T97,T98,T99,T100,T101,T102,T103,T104,T105,T106,T107,T108,T109,T110,T111,T112,T113,T114,T115,T116,T117,T118,T119,T120,T121,T122,T123,T124,T125,T126,T127,T128,T129,T130,T131,T132,T133,T134,T135,T136,T137,T138,T139,T140,T141,T142,T143,T144,T145,T146,T147,T148,T149,T150,T151,T152,T153,T154,T155,T156,T157,T158,T159,T160,T161,T162,T163,T164,T165,T166,T167,T168,T169
STAT,(NULL),Coarsen,170,2781,2781,0,0,0,0,0,0,0,0,0,0,0,0,0,0,0,0,0,0,0,0,0,0,0,0,0,0,0,0,0,0,0,0,0,0,0,0,0,0,0,0,0,0,0,0,0,0,0,0,0,0,0,0,0,0,0,0,0,0,0,0,0,0,0,0,0,0,0,0,0,0,0,0,0,0,0,0,0,0,0,0,0,0,0,0,0,0,0,0,0,0,0,0,0,0,0,0,0,0,0,0,0,0,0,0,0,0,0,0,0,0,0,0,0,0,0,0,0,0,0,0,0,0,0,0,0,0,0,0,0,0,0,0,0,0,0,0,0,0,0,0,0,0,0,0,0,0,0,0,0,0,0,0,0,0,0,0,0,0,0,0,0,0,0,0,0,0,0,0,0
STAT,(NULL),Conflicts,170,0,0,0,0,0,0,0,0,0,0,0,0,0,0,0,0,0,0,0,0,0,0,0,0,0,0,0,0,0,0,0,0,0,0,0,0,0,0,0,0,0,0,0,0,0,0,0,0,0,0,0,0,0,0,0,0,0,0,0,0,0,0,0,0,0,0,0,0,0,0,0,0,0,0,0,0,0,0,0,0,0,0,0,0,0,0,0,0,0,0,0,0,0,0,0,0,0,0,0,0,0,0,0,0,0,0,0,0,0,0,0,0,0,0,0,0,0,0,0,0,0,0,0,0,0,0,0,0,0,0,0,0,0,0,0,0,0,0,0,0,0,0,0,0,0,0,0,0,0,0,0,0,0,0,0,0,0,0,0,0,0,0,0,0,0,0,0,0,0,0,0
STAT,(NULL),Iterations,170,255,8,6,3,1,4,3,0,0,6,0,1,1,1,1,4,0,0,1,0,0,3,0,5,1,0,2,0,1,4,1,0,0,1,1,0,2,3,0,0,1,1,2,3,0,6,2,0,1,8,2,6,4,3,6,0,0,4,2,4,0,0,0,2,0,0,0,3,0,2,4,0,6,6,0,0,0,0,0,0,0,0,0,0,1,0,1,1,0,0,3,1,0,0,2,0,0,0,4,2,0,1,3,1,2,0,0,0,6,1,4,0,1,0,3,3,2,3,4,0,3,4,1,3,0,0,0,0,1,1,0,0,2,4,0,0,1,0,0,2,2,3,0,0,2,0,1,0,5,0,2,0,7,0,1,4,0,3,0,6,2,2,2,0,0,0,0,0,0,0,0
STAT,(NULL),MeminfoPost,170,756598,4455,4445,4463,4461,4459,4443,4449,4448,4454,4470,4497,4488,4441,4446,4446,4443,4457,4460,4467,4457,4460,4434,4444,4446,4463,4462,4439,4436,4455,4444,4458,4461,4459,4453,4455,4435,4458,4465,4472,4509,4460,4438,4444,4441,4456,4461,4466,4448,4468,4451,4434,4445,4459,4464,4444,4437,4443,4455,4456,4445,4462,4485,4442,4453,4462,4446,4452,4449,4444,4439,4458,4433,4429,4452,4461,4455,4443,4447,4442,4438,4433,4446,4436,4457,4481,4462,4438,4443,4439,4469,4434,4427,4431,4454,4456,4459,4465,4453,4451,4434,4457,4436,4444,4442,4434,4428,4444,4430,4458,4432,4457,4476,4479,4473,4442,4441,4456,4446,4425,4435,4453,4459,4463,4450,4445,4449,4438,4447,4431,4431,4438,4453,4433,4451,4477,4474,4480,4453,4439,4440,4434,4451,4465,4486,4463,4472,4469,4434,4445,4453,4443,4449,4440,4427,4441,4436,4465,4433,4425,4440,4428,4430,4461,4436,4448,4453,4449,4453,4441,4457
STAT,(NULL),MeminfoPre,170,189138,1117,1107,1125,1123,1121,1105,1111,1110,1116,1132,1159,1150,1103,1108,1108,1105,1119,1122,1129,1119,1122,1096,1106,1108,1125,1124,1101,1098,1117,1106,1120,1123,1121,1115,1117,1097,1120,1127,1134,1171,1122,1100,1106,1103,1118,1123,1128,1110,1130,1113,1096,1107,1121,1126,1106,1099,1105,1117,1118,1107,1124,1147,1104,1115,1124,1108,1114,1111,1106,1101,1120,1095,1091,1114,1123,1117,1105,1109,1104,1100,1095,1108,1098,1119,1143,1124,1100,1105,1101,1131,1096,1089,1093,1116,1118,1121,1127,1115,1113,1096,1119,1098,1106,1104,1096,1090,1106,1092,1120,1094,1119,1138,1141,1135,1104,1103,1118,1108,1087,1097,1115,1121,1125,1112,1107,1111,1100,1109,1093,1093,1100,1115,1095,1113,1139,1136,1142,1115,1101,1102,1096,1113,1127,1148,1125,1134,1131,1096,1107,1115,1105,1111,1102,1089,1103,1098,1127,1095,1087,1102,1090,1092,1123,1098,1110,1115,1111,1115,1103,1119
STAT,(NULL),Partition,170,437,437,0,0,0,0,0,0,0,0,0,0,0,0,0,0,0,0,0,0,0,0,0,0,0,0,0,0,0,0,0,0,0,0,0,0,0,0,0,0,0,0,0,0,0,0,0,0,0,0,0,0,0,0,0,0,0,0,0,0,0,0,0,0,0,0,0,0,0,0,0,0,0,0,0,0,0,0,0,0,0,0,0,0,0,0,0,0,0,0,0,0,0,0,0,0,0,0,0,0,0,0,0,0,0,0,0,0,0,0,0,0,0,0,0,0,0,0,0,0,0,0,0,0,0,0,0,0,0,0,0,0,0,0,0,0,0,0,0,0,0,0,0,0,0,0,0,0,0,0,0,0,0,0,0,0,0,0,0,0,0,0,0,0,0,0,0,0,0,0,0
STAT,(NULL),Refine,170,1844,1844,0,0,0,0,0,0,0,0,0,0,0,0,0,0,0,0,0,0,0,0,0,0,0,0,0,0,0,0,0,0,0,0,0,0,0,0,0,0,0,0,0,0,0,0,0,0,0,0,0,0,0,0,0,0,0,0,0,0,0,0,0,0,0,0,0,0,0,0,0,0,0,0,0,0,0,0,0,0,0,0,0,0,0,0,0,0,0,0,0,0,0,0,0,0,0,0,0,0,0,0,0,0,0,0,0,0,0,0,0,0,0,0,0,0,0,0,0,0,0,0,0,0,0,0,0,0,0,0,0,0,0,0,0,0,0,0,0,0,0,0,0,0,0,0,0,0,0,0,0,0,0,0,0,0,0,0,0,0,0,0,0,0,0,0,0,0,0,0,0
STAT,(NULL),Threads,170,170,170,0,0,0,0,0,0,0,0,0,0,0,0,0,0,0,0,0,0,0,0,0,0,0,0,0,0,0,0,0,0,0,0,0,0,0,0,0,0,0,0,0,0,0,0,0,0,0,0,0,0,0,0,0,0,0,0,0,0,0,0,0,0,0,0,0,0,0,0,0,0,0,0,0,0,0,0,0,0,0,0,0,0,0,0,0,0,0,0,0,0,0,0,0,0,0,0,0,0,0,0,0,0,0,0,0,0,0,0,0,0,0,0,0,0,0,0,0,0,0,0,0,0,0,0,0,0,0,0,0,0,0,0,0,0,0,0,0,0,0,0,0,0,0,0,0,0,0,0,0,0,0,0,0,0,0,0,0,0,0,0,0,0,0,0,0,0,0,0,0
STAT,(NULL),Time,170,5242,5242,0,0,0,0,0,0,0,0,0,0,0,0,0,0,0,0,0,0,0,0,0,0,0,0,0,0,0,0,0,0,0,0,0,0,0,0,0,0,0,0,0,0,0,0,0,0,0,0,0,0,0,0,0,0,0,0,0,0,0,0,0,0,0,0,0,0,0,0,0,0,0,0,0,0,0,0,0,0,0,0,0,0,0,0,0,0,0,0,0,0,0,0,0,0,0,0,0,0,0,0,0,0,0,0,0,0,0,0,0,0,0,0,0,0,0,0,0,0,0,0,0,0,0,0,0,0,0,0,0,0,0,0,0,0,0,0,0,0,0,0,0,0,0,0,0,0,0,0,0,0,0,0,0,0,0,0,0,0,0,0,0,0,0,0,0,0,0,0,0
STAT,match,Conflicts,170,6186,60,58,54,53,65,52,57,58,53,47,58,54,56,51,54,56,46,58,49,51,50,46,51,56,43,48,53,57,41,64,38,50,45,36,32,46,38,41,51,44,36,32,34,37,34,51,49,44,37,37,44,41,42,32,38,39,34,37,34,47,40,27,24,20,35,40,32,33,30,38,29,40,30,31,29,26,30,30,35,21,32,31,31,29,33,30,36,28,35,52,24,40,32,29,34,31,31,33,32,36,29,29,28,28,28,30,35,42,32,30,35,28,30,30,30,28,29,29,30,40,27,33,26,37,33,26,28,19,29,40,32,34,34,30,35,30,32,28,34,29,30,28,31,26,35,30,23,28,21,28,33,33,26,29,20,28,32,23,30,33,31,33,27,34,26,36,26,33,32,27
STAT,match,Iterations,170,15014232,54564,77267,64647,76430,59158,78109,55740,71967,66462,71120,81736,83960,67887,72609,98591,80135,84618,83581,75673,85071,69599,68423,75809,66443,73222,74357,67846,73697,82199,53951,89368,65464,71999,76082,68874,82421,63600,71306,69777,64945,75713,86087,94530,90045,85472,74533,65494,73309,93091,80265,82966,91905,90430,98489,92346,95224,81908,94664,101048,86688,93554,91933,96381,95052,82140,77104,95500,84901,113343,95319,93291,93126,101658,90664,101518,104128,86398,102261,76201,103644,85732,97471,77982,103115,84204,93605,86214,105591,84286,82909,113079,71053,90863,89723,80873,90075,84331,74625,87438,104778,88187,96293,89537,90621,75989,79004,96443,83878,80920,99878,111948,112855,102981,108303,112340,107248,108915,121250,115334,97875,91762,87808,92097,87702,89990,103433,113143,97694,95070,98661,86979,84897,105290,87607,102722,112750,90282,101050,98029,94980,93605,92727,110883,92453,107243,93459,84090,76586,106423,109608,91421,95542,95613,92703,115868,107829,85340,102884,71158,88445,87406,87093,74954,83685,84441,71753,100712,94067,89656,105863
STAT,popedge,Conflicts,170,0,0,0,0,0,0,0,0,0,0,0,0,0,0,0,0,0,0,0,0,0,0,0,0,0,0,0,0,0,0,0,0,0,0,0,0,0,0,0,0,0,0,0,0,0,0,0,0,0,0,0,0,0,0,0,0,0,0,0,0,0,0,0,0,0,0,0,0,0,0,0,0,0,0,0,0,0,0,0,0,0,0,0,0,0,0,0,0,0,0,0,0,0,0,0,0,0,0,0,0,0,0,0,0,0,0,0,0,0,0,0,0,0,0,0,0,0,0,0,0,0,0,0,0,0,0,0,0,0,0,0,0,0,0,0,0,0,0,0,0,0,0,0,0,0,0,0,0,0,0,0,0,0,0,0,0,0,0,0,0,0,0,0,0,0,0,0,0,0,0,0
STAT,popedge,Iterations,170,7355978,40240,42196,39019,39958,41430,42315,43195,42884,39972,41074,42490,41196,42316,42917,41640,43056,39661,42707,40650,43108,42136,45119,44937,40454,41852,43733,43893,44060,45691,44598,43538,43529,42499,43284,41604,41901,44192,42744,42783,41641,41182,44171,41070,42327,41106,43971,42493,42564,47316,49456,49143,49839,48397,48243,48394,47110,50143,47539,47672,47844,46185,39074,38824,38294,40593,41074,39082,40595,40636,39108,41993,41327,42520,41641,42615,40010,40567,37920,42766,39813,41808,42955,42801,41678,38342,41232,41621,43878,43238,45680,44173,45611,45066,43323,43589,41945,42993,42982,42567,41303,41084,43321,43313,42255,44456,43770,43195,45279,43222,50633,48288,50901,49103,50352,50041,48430,48041,48643,48161,48385,47482,48367,41163,40296,40529,39717,40156,40401,39346,40283,40815,39227,42128,41819,42808,41952,43453,41384,40694,41448,41734,40425,42397,43475,43871,38353,43981,47806,44242,44257,45596,42540,42439,42978,44234,44458,41445,42124,46909,44266,43239,42887,42925,44079,45190,45456,43438,42429,43336,43514
STAT,refine,Conflicts,170,6100,114,113,116,107,100,90,88,94,80,85,77,85,69,79,78,61,65,69,72,64,74,61,68,65,57,56,53,52,54,53,59,40,43,43,35,50,39,40,39,48,56,42,34,42,33,43,40,43,39,40,34,48,37,32,33,37,45,36,33,39,35,29,22,19,24,23,31,28,22,20,25,16,25,26,27,30,23,26,21,23,23,26,18,20,21,19,15,24,14,22,11,22,37,20,24,24,26,22,23,23,24,30,28,31,27,21,17,23,23,26,19,21,32,24,24,20,21,26,27,22,29,16,28,27,31,29,21,19,25,20,20,26,24,26,20,23,21,24,24,28,20,15,31,24,29,30,20,16,18,21,20,22,24,23,20,25,19,24,16,30,29,23,23,26,20,23,22,21,24,25
STAT,refine,Iterations,170,137756,900,977,948,849,691,740,877,1032,710,804,1068,1080,766,1027,1290,1001,968,828,826,830,665,789,761,776,823,653,733,598,872,609,969,658,680,585,750,708,676,562,615,824,853,514,659,915,675,832,747,763,686,734,1073,1016,894,770,788,924,916,827,1012,820,942,1010,1167,782,692,542,758,877,814,848,1124,803,884,837,958,1015,917,807,742,821,720,788,746,815,857,785,522,609,566,1195,547,542,737,716,531,818,728,551,1015,646,802,876,568,764,818,636,738,747,779,885,801,1161,1343,992,954,757,1137,1091,753,903,874,752,851,971,967,938,784,783,765,929,593,851,813,827,1065,1149,861,1052,890,788,670,637,833,743,823,764,685,486,643,727,826,647,731,840,824,610,835,790,632,865,650,755,530,515,736,855,847,805,801,933
