Hello from MIC
Galois Benchmark Suite v2.2.0 (r0)
Copyright (C) 2013 The University of Texas at Austin
http://iss.ices.utexas.edu/galois/

application: GMetis
Partitions a graph into K parts and minimizing the graph cut
http://iss.ices.utexas.edu/?p=projects/galois/benchmarks/gMetis

INFO: CommandLine /work/02556/dpereira/MIC/apps/gmetis/gmetis -t=41 /work/02556/dpereira/Inputs/USA-road-d.W.gr 1024
INFO: Hostname c557-803-mic0.stampede.tacc.utexas.edu
Created Graph with 6262104 nodes and 15248146 edges
Nodes 6262104| Edges 15248146 7624073

  Starting coarsening: 
Time coarsen:  2843 Size of final graph: 40578

  Sarting initial partitioning using GGGP:
Size in decade percentages:  -0,1023 1,1
Time clustering:  1311

  Sarting refinnement with BKL2
Initial dist
Size in decade percentages:  -0,1023 1,1
Refined dist
Size in decade percentages:  -1,370 0,303 1,350 2,1
Time refinement:  900


Time:  5234
Total edge cut : 36467

Part saved in : 0x7fffedec4460
STATTYPE,LOOP,CATEGORY,n,sum,T0,T1,T2,T3,T4,T5,T6,T7,T8,T9,T10,T11,T12,T13,T14,T15,T16,T17,T18,T19,T20,T21,T22,T23,T24,T25,T26,T27,T28,T29,T30,T31,T32,T33,T34,T35,T36,T37,T38,T39,T40
STAT,(NULL),Coarsen,41,2843,2843,0,0,0,0,0,0,0,0,0,0,0,0,0,0,0,0,0,0,0,0,0,0,0,0,0,0,0,0,0,0,0,0,0,0,0,0,0,0,0,0
STAT,(NULL),Conflicts,41,0,0,0,0,0,0,0,0,0,0,0,0,0,0,0,0,0,0,0,0,0,0,0,0,0,0,0,0,0,0,0,0,0,0,0,0,0,0,0,0,0,0
STAT,(NULL),Iterations,41,2047,11,29,58,23,39,38,55,52,71,32,58,20,66,54,10,67,61,57,48,38,59,51,86,74,41,64,53,57,43,45,39,53,73,80,37,81,41,59,48,43,33
STAT,(NULL),MeminfoPost,41,756304,18474,18445,18548,18424,18486,18433,18434,18478,18434,18545,18434,18488,18445,18421,18487,18450,18424,18429,18436,18398,18479,18427,18424,18456,18419,18376,18460,18483,18410,18467,18414,18396,18517,18413,18507,18476,18415,18412,18367,18431,18442
STAT,(NULL),MeminfoPre,41,189069,4639,4610,4713,4589,4651,4598,4599,4643,4599,4710,4599,4653,4610,4586,4652,4615,4589,4594,4601,4563,4644,4592,4589,4621,4584,4541,4625,4648,4575,4632,4579,4561,4682,4578,4672,4641,4580,4577,4532,4596,4607
STAT,(NULL),Partition,41,1311,1311,0,0,0,0,0,0,0,0,0,0,0,0,0,0,0,0,0,0,0,0,0,0,0,0,0,0,0,0,0,0,0,0,0,0,0,0,0,0,0,0
STAT,(NULL),Refine,41,900,900,0,0,0,0,0,0,0,0,0,0,0,0,0,0,0,0,0,0,0,0,0,0,0,0,0,0,0,0,0,0,0,0,0,0,0,0,0,0,0,0
STAT,(NULL),Threads,41,41,41,0,0,0,0,0,0,0,0,0,0,0,0,0,0,0,0,0,0,0,0,0,0,0,0,0,0,0,0,0,0,0,0,0,0,0,0,0,0,0,0
STAT,(NULL),Time,41,5234,5234,0,0,0,0,0,0,0,0,0,0,0,0,0,0,0,0,0,0,0,0,0,0,0,0,0,0,0,0,0,0,0,0,0,0,0,0,0,0,0,0
STAT,match,Conflicts,41,4475,341,165,175,194,153,155,97,211,115,154,186,72,153,89,80,77,89,80,79,103,61,43,54,63,87,61,77,64,57,84,94,95,70,86,63,68,100,125,139,132,84
STAT,match,Iterations,41,14891349,337640,357834,319243,361194,359909,353169,369297,343207,363389,337843,370079,354282,368121,371499,324794,354703,366431,359092,346827,361276,353767,371831,377424,368840,381534,390647,353394,378741,384327,359815,372444,376684,351854,374432,364168,370371,372191,390567,389451,360313,368725
STAT,popedge,Conflicts,41,0,0,0,0,0,0,0,0,0,0,0,0,0,0,0,0,0,0,0,0,0,0,0,0,0,0,0,0,0,0,0,0,0,0,0,0,0,0,0,0,0,0
STAT,popedge,Iterations,41,7300897,173309,179227,169560,172621,169038,174710,177057,173574,175989,172986,176641,171371,180185,173292,160964,158468,165724,172980,172123,175378,175175,184485,178991,177810,186026,184755,184592,175181,182068,173021,178533,178974,173438,170246,184184,195692,195913,189073,196819,196128,194596
STAT,refine,Conflicts,41,1969,66,65,51,54,60,50,53,54,51,58,45,54,52,59,62,56,48,45,37,56,44,34,45,37,55,41,44,41,50,44,52,53,42,54,35,36,27,36,51,41,31
STAT,refine,Iterations,41,469443,10105,9905,13043,10905,11347,11133,10966,10645,10814,13129,12309,12450,12402,11899,11889,12212,10940,11871,11825,12144,14549,11995,11446,11709,11098,10874,12418,12062,10237,11808,10652,10491,12634,10266,12394,11406,10140,9657,10191,10527,10956
