Hello from MIC
Galois Benchmark Suite v2.2.0 (r0)
Copyright (C) 2013 The University of Texas at Austin
http://iss.ices.utexas.edu/galois/

application: GMetis
Partitions a graph into K parts and minimizing the graph cut
http://iss.ices.utexas.edu/?p=projects/galois/benchmarks/gMetis

INFO: CommandLine /work/02556/dpereira/MIC/apps/gmetis/gmetis -t=125 /work/02556/dpereira/Inputs/USA-road-d.W.gr 1024
INFO: Hostname c558-401-mic0.stampede.tacc.utexas.edu
Created Graph with 6262104 nodes and 15248146 edges
Nodes 6262104| Edges 15248146 7624073

  Starting coarsening: 
Time coarsen:  2138 Size of final graph: 21594

  Sarting initial partitioning using GGGP:
Size in decade percentages:  -1,80 -0,878 1,66
Time clustering:  1008

  Sarting refinnement with BKL2
Initial dist
Size in decade percentages:  -1,80 -0,878 1,66
Refined dist
Size in decade percentages:  -1,374 -0,269 1,380 3,1
Time refinement:  1185


Time:  4511
Total edge cut : 31529

Part saved in : 0x7fff0b41f360
STATTYPE,LOOP,CATEGORY,n,sum,T0,T1,T2,T3,T4,T5,T6,T7,T8,T9,T10,T11,T12,T13,T14,T15,T16,T17,T18,T19,T20,T21,T22,T23,T24,T25,T26,T27,T28,T29,T30,T31,T32,T33,T34,T35,T36,T37,T38,T39,T40,T41,T42,T43,T44,T45,T46,T47,T48,T49,T50,T51,T52,T53,T54,T55,T56,T57,T58,T59,T60,T61,T62,T63,T64,T65,T66,T67,T68,T69,T70,T71,T72,T73,T74,T75,T76,T77,T78,T79,T80,T81,T82,T83,T84,T85,T86,T87,T88,T89,T90,T91,T92,T93,T94,T95,T96,T97,T98,T99,T100,T101,T102,T103,T104,T105,T106,T107,T108,T109,T110,T111,T112,T113,T114,T115,T116,T117,T118,T119,T120,T121,T122,T123,T124
STAT,(NULL),Coarsen,125,2138,2138,0,0,0,0,0,0,0,0,0,0,0,0,0,0,0,0,0,0,0,0,0,0,0,0,0,0,0,0,0,0,0,0,0,0,0,0,0,0,0,0,0,0,0,0,0,0,0,0,0,0,0,0,0,0,0,0,0,0,0,0,0,0,0,0,0,0,0,0,0,0,0,0,0,0,0,0,0,0,0,0,0,0,0,0,0,0,0,0,0,0,0,0,0,0,0,0,0,0,0,0,0,0,0,0,0,0,0,0,0,0,0,0,0,0,0,0,0,0,0,0,0,0,0,0
STAT,(NULL),Conflicts,125,0,0,0,0,0,0,0,0,0,0,0,0,0,0,0,0,0,0,0,0,0,0,0,0,0,0,0,0,0,0,0,0,0,0,0,0,0,0,0,0,0,0,0,0,0,0,0,0,0,0,0,0,0,0,0,0,0,0,0,0,0,0,0,0,0,0,0,0,0,0,0,0,0,0,0,0,0,0,0,0,0,0,0,0,0,0,0,0,0,0,0,0,0,0,0,0,0,0,0,0,0,0,0,0,0,0,0,0,0,0,0,0,0,0,0,0,0,0,0,0,0,0,0,0,0,0
STAT,(NULL),Iterations,125,2047,11,8,11,14,28,16,15,17,16,11,16,7,7,15,10,16,12,13,10,24,26,24,12,14,22,9,16,17,16,22,14,9,17,24,17,12,14,8,28,18,14,13,17,20,11,20,26,8,26,14,13,7,12,20,13,14,24,8,24,17,18,10,9,7,12,17,17,23,14,16,12,27,14,24,25,15,12,11,18,16,27,20,21,20,13,12,19,24,13,20,26,28,13,24,19,21,25,19,25,13,16,16,14,10,13,17,21,20,18,10,11,21,14,33,26,10,26,17,5,17,13,11,10,6,16
STAT,(NULL),MeminfoPost,125,756643,6061,6062,6060,6059,6048,6058,6063,6091,6103,6039,6050,6050,6066,6065,6064,6047,6040,6062,6070,6031,6043,6053,6065,6070,6052,6050,6056,6063,6105,6100,6035,6044,6052,6070,6066,6061,6046,6044,6058,6068,6035,6045,6059,6053,6068,6074,6052,6066,6044,6056,6042,6048,6040,6035,6061,6061,6044,6044,6031,6031,6046,6073,6078,6043,6040,6071,6031,6018,6048,6062,6071,6058,6051,6040,6043,6047,6030,6024,6036,6056,6030,6069,6098,6078,6041,6052,6043,6022,6054,6066,6060,6043,6049,6043,6035,6032,6045,6028,6074,6090,6088,6043,6035,6039,6063,6097,6072,6085,6037,6060,6036,6050,6026,6036,6023,6070,6023,6039,6015,6058,6040,6055,6051,6054,6051
STAT,(NULL),MeminfoPre,125,189143,1521,1522,1520,1519,1508,1518,1523,1551,1563,1499,1510,1510,1526,1525,1524,1507,1500,1522,1530,1491,1503,1513,1525,1530,1512,1510,1516,1523,1565,1560,1495,1504,1512,1530,1526,1521,1506,1504,1518,1528,1495,1505,1519,1513,1528,1534,1512,1526,1504,1516,1502,1508,1500,1495,1521,1521,1504,1504,1491,1491,1506,1533,1538,1503,1500,1531,1491,1478,1508,1522,1531,1518,1511,1500,1503,1507,1490,1484,1496,1516,1490,1529,1558,1538,1501,1512,1503,1482,1514,1526,1520,1503,1509,1503,1495,1492,1505,1488,1534,1550,1548,1503,1495,1499,1523,1557,1532,1545,1497,1520,1496,1510,1486,1496,1483,1530,1483,1499,1475,1518,1500,1515,1511,1514,1511
STAT,(NULL),Partition,125,1008,1008,0,0,0,0,0,0,0,0,0,0,0,0,0,0,0,0,0,0,0,0,0,0,0,0,0,0,0,0,0,0,0,0,0,0,0,0,0,0,0,0,0,0,0,0,0,0,0,0,0,0,0,0,0,0,0,0,0,0,0,0,0,0,0,0,0,0,0,0,0,0,0,0,0,0,0,0,0,0,0,0,0,0,0,0,0,0,0,0,0,0,0,0,0,0,0,0,0,0,0,0,0,0,0,0,0,0,0,0,0,0,0,0,0,0,0,0,0,0,0,0,0,0,0,0
STAT,(NULL),Refine,125,1185,1185,0,0,0,0,0,0,0,0,0,0,0,0,0,0,0,0,0,0,0,0,0,0,0,0,0,0,0,0,0,0,0,0,0,0,0,0,0,0,0,0,0,0,0,0,0,0,0,0,0,0,0,0,0,0,0,0,0,0,0,0,0,0,0,0,0,0,0,0,0,0,0,0,0,0,0,0,0,0,0,0,0,0,0,0,0,0,0,0,0,0,0,0,0,0,0,0,0,0,0,0,0,0,0,0,0,0,0,0,0,0,0,0,0,0,0,0,0,0,0,0,0,0,0,0
STAT,(NULL),Threads,125,125,125,0,0,0,0,0,0,0,0,0,0,0,0,0,0,0,0,0,0,0,0,0,0,0,0,0,0,0,0,0,0,0,0,0,0,0,0,0,0,0,0,0,0,0,0,0,0,0,0,0,0,0,0,0,0,0,0,0,0,0,0,0,0,0,0,0,0,0,0,0,0,0,0,0,0,0,0,0,0,0,0,0,0,0,0,0,0,0,0,0,0,0,0,0,0,0,0,0,0,0,0,0,0,0,0,0,0,0,0,0,0,0,0,0,0,0,0,0,0,0,0,0,0,0,0
STAT,(NULL),Time,125,4511,4511,0,0,0,0,0,0,0,0,0,0,0,0,0,0,0,0,0,0,0,0,0,0,0,0,0,0,0,0,0,0,0,0,0,0,0,0,0,0,0,0,0,0,0,0,0,0,0,0,0,0,0,0,0,0,0,0,0,0,0,0,0,0,0,0,0,0,0,0,0,0,0,0,0,0,0,0,0,0,0,0,0,0,0,0,0,0,0,0,0,0,0,0,0,0,0,0,0,0,0,0,0,0,0,0,0,0,0,0,0,0,0,0,0,0,0,0,0,0,0,0,0,0,0,0
STAT,match,Conflicts,125,5660,75,75,73,64,57,72,78,65,61,73,54,73,62,82,59,61,65,44,53,61,72,52,52,58,47,60,69,57,46,54,51,46,48,52,33,51,46,54,49,42,39,42,37,35,51,47,40,58,41,47,44,54,42,42,42,53,46,48,63,55,52,24,34,36,29,28,34,40,37,27,32,37,52,34,53,35,42,34,41,32,41,56,33,32,45,33,38,32,33,30,29,28,37,42,44,28,39,26,37,31,36,45,30,27,33,30,33,28,47,43,41,33,30,36,36,43,43,37,39,49,40,40,46,41,35
STAT,match,Iterations,125,14935851,72439,80128,96738,108414,111234,104474,86186,102505,90483,115861,112745,118586,108048,78067,104886,111878,105100,116203,103303,139609,100523,110268,96697,113515,128257,121816,93844,97750,112574,103338,104219,118859,105919,94852,118886,112086,111904,99839,104758,120149,116977,120140,107473,125938,115473,87082,126170,97018,114988,122793,121667,101670,116969,124398,116409,104449,147003,102099,111741,120082,115200,104804,118239,113818,129150,147480,139115,145385,129913,163414,132192,134257,130359,139613,106692,148514,144432,142885,115422,123662,133669,116366,126758,133754,118900,136058,103372,140782,128398,134879,135294,148901,133757,132088,123099,130231,131278,137498,123551,126988,115186,120396,139335,124615,126627,125773,128868,144655,137222,111707,125398,137708,143408,134313,142362,122422,110613,158393,124966,138676,144809,109226,100597,102504,108426
STAT,popedge,Conflicts,125,0,0,0,0,0,0,0,0,0,0,0,0,0,0,0,0,0,0,0,0,0,0,0,0,0,0,0,0,0,0,0,0,0,0,0,0,0,0,0,0,0,0,0,0,0,0,0,0,0,0,0,0,0,0,0,0,0,0,0,0,0,0,0,0,0,0,0,0,0,0,0,0,0,0,0,0,0,0,0,0,0,0,0,0,0,0,0,0,0,0,0,0,0,0,0,0,0,0,0,0,0,0,0,0,0,0,0,0,0,0,0,0,0,0,0,0,0,0,0,0,0,0,0,0,0,0
STAT,popedge,Iterations,125,7316251,52515,52252,50612,54965,60972,61041,61198,57400,60820,57992,58362,59580,58096,61599,60440,60261,59432,61306,59565,58890,60577,57392,60068,60768,58680,60054,62684,61541,57877,57605,61991,58148,61606,57386,58204,56285,59597,60298,59315,55526,57616,57887,54009,55630,55519,56131,55944,57115,58471,57513,57990,64270,59680,60363,55958,58305,59007,59958,62001,59543,57522,48580,49221,51217,54656,59412,58354,59896,59170,60666,59524,58032,58997,61012,57583,57374,58283,58469,60281,57820,60190,61380,61328,58723,61220,59952,60156,57694,57974,57067,58931,60964,56896,58974,58291,58196,56778,58913,58566,56654,58872,57244,56066,54457,59905,60522,62477,59852,55728,62556,59751,59886,57190,61789,61085,62836,59936,62119,63251,60855,61329,62878,51085,50403,53453
STAT,refine,Conflicts,125,4503,67,65,73,60,61,74,58,70,61,49,60,53,48,65,61,55,52,50,45,53,47,60,60,53,45,45,47,53,48,50,43,28,31,45,40,32,43,43,30,21,33,37,34,43,41,37,34,41,43,32,35,36,33,37,44,47,39,35,47,42,37,16,29,25,29,23,27,30,26,30,33,21,19,26,25,20,33,25,29,17,29,39,29,31,25,27,17,27,28,29,37,20,27,24,37,26,24,22,30,27,24,25,24,26,20,31,23,25,25,29,24,28,23,20,26,22,17,31,23,27,25,21,23,20,32
STAT,refine,Iterations,125,428322,2576,2969,2525,3736,3639,3018,2611,3991,4232,3046,3959,3354,3427,3050,3305,2770,2726,3751,3594,3492,3002,3811,3968,3889,3215,3201,3000,3121,4086,4057,3798,3027,2688,2950,3368,2864,3492,3009,3278,2798,2593,3364,3105,3706,3455,3661,4108,2690,3251,3412,3225,3196,2702,2903,3642,2584,3347,2706,3501,3583,3033,2845,3552,3109,4202,4298,3471,3647,3827,4719,3535,3614,4296,3861,3271,3269,3795,3885,3815,3485,3051,4340,4756,4539,3507,3671,2871,2573,3773,4284,4500,3671,3286,2905,3514,3513,3577,3299,3703,4365,3502,2510,3550,3128,4043,4473,3985,4103,2842,3500,3204,3420,2907,2828,3267,3075,2835,4180,3102,3916,4128,2923,2585,3101,2861
