Hello from MIC
Galois Benchmark Suite v2.2.0 (r0)
Copyright (C) 2013 The University of Texas at Austin
http://iss.ices.utexas.edu/galois/

application: GMetis
Partitions a graph into K parts and minimizing the graph cut
http://iss.ices.utexas.edu/?p=projects/galois/benchmarks/gMetis

INFO: CommandLine /work/02556/dpereira/MIC/apps/gmetis/gmetis -t=227 /work/02556/dpereira/Inputs/USA-road-d.W.gr 16
INFO: Hostname c558-003-mic0.stampede.tacc.utexas.edu
Created Graph with 6262104 nodes and 15248146 edges
Nodes 6262104| Edges 15248146 7624073

  Starting coarsening: 
Time coarsen:  4859 Size of final graph: 446

  Sarting initial partitioning using GGGP:
Size in decade percentages:  -0,16
Time clustering:  377

  Sarting refinnement with BKL2
Initial dist
Size in decade percentages:  -0,16
Refined dist
Size in decade percentages:  -1,7 -0,3 1,6
Time refinement:  2835


Time:  8250
Total edge cut : 1835

Part saved in : 0x7fff8a193560
STATTYPE,LOOP,CATEGORY,n,sum,T0,T1,T2,T3,T4,T5,T6,T7,T8,T9,T10,T11,T12,T13,T14,T15,T16,T17,T18,T19,T20,T21,T22,T23,T24,T25,T26,T27,T28,T29,T30,T31,T32,T33,T34,T35,T36,T37,T38,T39,T40,T41,T42,T43,T44,T45,T46,T47,T48,T49,T50,T51,T52,T53,T54,T55,T56,T57,T58,T59,T60,T61,T62,T63,T64,T65,T66,T67,T68,T69,T70,T71,T72,T73,T74,T75,T76,T77,T78,T79,T80,T81,T82,T83,T84,T85,T86,T87,T88,T89,T90,T91,T92,T93,T94,T95,T96,T97,T98,T99,T100,T101,T102,T103,T104,T105,T106,T107,T108,T109,T110,T111,T112,T113,T114,T115,T116,T117,T118,T119,T120,T121,T122,T123,T124,T125,T126,T127,T128,T129,T130,T131,T132,T133,T134,T135,T136,T137,T138,T139,T140,T141,T142,T143,T144,T145,T146,T147,T148,T149,T150,T151,T152,T153,T154,T155,T156,T157,T158,T159,T160,T161,T162,T163,T164,T165,T166,T167,T168,T169,T170,T171,T172,T173,T174,T175,T176,T177,T178,T179,T180,T181,T182,T183,T184,T185,T186,T187,T188,T189,T190,T191,T192,T193,T194,T195,T196,T197,T198,T199,T200,T201,T202,T203,T204,T205,T206,T207,T208,T209,T210,T211,T212,T213,T214,T215,T216,T217,T218,T219,T220,T221,T222,T223,T224,T225,T226
STAT,(NULL),Coarsen,227,4859,4859,0,0,0,0,0,0,0,0,0,0,0,0,0,0,0,0,0,0,0,0,0,0,0,0,0,0,0,0,0,0,0,0,0,0,0,0,0,0,0,0,0,0,0,0,0,0,0,0,0,0,0,0,0,0,0,0,0,0,0,0,0,0,0,0,0,0,0,0,0,0,0,0,0,0,0,0,0,0,0,0,0,0,0,0,0,0,0,0,0,0,0,0,0,0,0,0,0,0,0,0,0,0,0,0,0,0,0,0,0,0,0,0,0,0,0,0,0,0,0,0,0,0,0,0,0,0,0,0,0,0,0,0,0,0,0,0,0,0,0,0,0,0,0,0,0,0,0,0,0,0,0,0,0,0,0,0,0,0,0,0,0,0,0,0,0,0,0,0,0,0,0,0,0,0,0,0,0,0,0,0,0,0,0,0,0,0,0,0,0,0,0,0,0,0,0,0,0,0,0,0,0,0,0,0,0,0,0,0,0,0,0,0,0,0,0,0,0,0,0,0,0,0,0,0,0,0
STAT,(NULL),Conflicts,227,0,0,0,0,0,0,0,0,0,0,0,0,0,0,0,0,0,0,0,0,0,0,0,0,0,0,0,0,0,0,0,0,0,0,0,0,0,0,0,0,0,0,0,0,0,0,0,0,0,0,0,0,0,0,0,0,0,0,0,0,0,0,0,0,0,0,0,0,0,0,0,0,0,0,0,0,0,0,0,0,0,0,0,0,0,0,0,0,0,0,0,0,0,0,0,0,0,0,0,0,0,0,0,0,0,0,0,0,0,0,0,0,0,0,0,0,0,0,0,0,0,0,0,0,0,0,0,0,0,0,0,0,0,0,0,0,0,0,0,0,0,0,0,0,0,0,0,0,0,0,0,0,0,0,0,0,0,0,0,0,0,0,0,0,0,0,0,0,0,0,0,0,0,0,0,0,0,0,0,0,0,0,0,0,0,0,0,0,0,0,0,0,0,0,0,0,0,0,0,0,0,0,0,0,0,0,0,0,0,0,0,0,0,0,0,0,0,0,0,0,0,0,0,0,0,0,0,0
STAT,(NULL),Iterations,227,31,5,0,0,0,0,0,0,0,0,0,0,0,0,0,0,0,0,0,0,0,0,0,0,0,0,0,0,0,0,0,0,0,0,0,0,0,0,0,0,0,0,0,0,0,0,0,0,0,0,0,0,0,0,0,0,0,1,0,1,0,0,2,0,0,0,0,3,0,0,0,0,0,0,0,0,1,0,0,0,0,0,0,2,0,0,0,0,0,0,0,0,2,0,0,0,0,0,1,0,0,0,0,1,0,0,0,0,0,0,0,0,0,0,0,0,0,0,0,1,0,0,0,0,0,0,0,0,0,0,0,0,0,0,0,0,0,0,0,4,0,0,0,0,0,0,0,3,0,0,0,0,0,0,0,0,0,2,0,0,0,0,0,0,0,0,0,0,0,0,0,0,0,0,0,0,0,0,1,0,0,0,0,0,0,0,0,0,0,0,0,0,1,0,0,0,0,0,0,0,0,0,0,0,0,0,0,0,0,0,0,0,0,0,0,0,0,0,0,0,0,0,0,0,0,0,0,0
STAT,(NULL),MeminfoPost,227,756627,3340,3329,3336,3339,3342,3338,3337,3328,3339,3321,3343,3328,3350,3349,3381,3357,3331,3322,3331,3332,3324,3332,3343,3340,3353,3323,3348,3341,3322,3325,3329,3329,3346,3346,3324,3327,3322,3328,3338,3329,3337,3340,3342,3338,3337,3328,3340,3320,3344,3328,3350,3348,3381,3358,3333,3322,3331,3332,3324,3331,3341,3341,3352,3327,3346,3339,3322,3326,3328,3328,3346,3347,3324,3327,3323,3328,3329,3344,3336,3329,3337,3362,3341,3328,3334,3341,3340,3328,3329,3344,3323,3331,3324,3325,3344,3321,3314,3329,3335,3342,3342,3329,3323,3334,3325,3327,3321,3318,3321,3336,3321,3339,3358,3354,3335,3317,3328,3326,3332,3348,3324,3316,3315,3319,3334,3336,3336,3343,3344,3340,3330,3332,3326,3323,3337,3325,3328,3330,3322,3322,3315,3324,3324,3321,3342,3323,3318,3334,3351,3359,3352,3357,3332,3323,3323,3334,3338,3323,3314,3319,3334,3335,3342,3341,3342,3329,3322,3330,3330,3327,3331,3317,3319,3324,3321,3341,3322,3316,3340,3356,3351,3356,3352,3334,3328,3324,3323,3322,3329,3331,3351,3363,3347,3340,3352,3354,3328,3321,3327,3336,3327,3340,3325,3327,3323,3307,3330,3319,3313,3366,3318,3317,3310,3341,3305,3317,3350,3316,3325,3330,3331,3336,3334,3332,3337,3330,3330
STAT,(NULL),MeminfoPre,227,189127,840,829,836,839,842,838,837,828,839,821,843,828,850,849,881,857,831,822,831,832,824,832,843,840,853,823,848,841,822,825,829,829,846,846,824,827,822,828,838,829,837,840,842,838,837,828,840,820,844,828,850,848,881,858,833,822,831,832,824,831,841,841,852,827,846,839,822,826,828,828,846,847,824,827,823,828,829,844,836,829,837,862,841,828,834,841,840,828,829,844,823,831,824,825,844,821,814,829,835,842,842,829,823,834,825,827,821,818,821,836,821,839,858,854,835,817,828,826,832,848,824,816,815,819,834,836,836,843,844,840,830,832,826,823,837,825,828,830,822,822,815,824,824,821,842,823,818,834,851,859,852,857,832,823,823,834,838,823,814,819,834,835,842,841,842,829,822,830,830,827,831,817,819,824,821,841,822,816,840,856,851,856,852,834,828,824,823,822,829,831,851,863,847,840,852,854,828,821,827,836,827,840,825,827,823,807,830,819,813,866,818,817,810,841,805,817,850,816,825,830,831,836,834,832,837,830,830
STAT,(NULL),Partition,227,377,377,0,0,0,0,0,0,0,0,0,0,0,0,0,0,0,0,0,0,0,0,0,0,0,0,0,0,0,0,0,0,0,0,0,0,0,0,0,0,0,0,0,0,0,0,0,0,0,0,0,0,0,0,0,0,0,0,0,0,0,0,0,0,0,0,0,0,0,0,0,0,0,0,0,0,0,0,0,0,0,0,0,0,0,0,0,0,0,0,0,0,0,0,0,0,0,0,0,0,0,0,0,0,0,0,0,0,0,0,0,0,0,0,0,0,0,0,0,0,0,0,0,0,0,0,0,0,0,0,0,0,0,0,0,0,0,0,0,0,0,0,0,0,0,0,0,0,0,0,0,0,0,0,0,0,0,0,0,0,0,0,0,0,0,0,0,0,0,0,0,0,0,0,0,0,0,0,0,0,0,0,0,0,0,0,0,0,0,0,0,0,0,0,0,0,0,0,0,0,0,0,0,0,0,0,0,0,0,0,0,0,0,0,0,0,0,0,0,0,0,0,0,0,0,0,0,0
STAT,(NULL),Refine,227,2835,2835,0,0,0,0,0,0,0,0,0,0,0,0,0,0,0,0,0,0,0,0,0,0,0,0,0,0,0,0,0,0,0,0,0,0,0,0,0,0,0,0,0,0,0,0,0,0,0,0,0,0,0,0,0,0,0,0,0,0,0,0,0,0,0,0,0,0,0,0,0,0,0,0,0,0,0,0,0,0,0,0,0,0,0,0,0,0,0,0,0,0,0,0,0,0,0,0,0,0,0,0,0,0,0,0,0,0,0,0,0,0,0,0,0,0,0,0,0,0,0,0,0,0,0,0,0,0,0,0,0,0,0,0,0,0,0,0,0,0,0,0,0,0,0,0,0,0,0,0,0,0,0,0,0,0,0,0,0,0,0,0,0,0,0,0,0,0,0,0,0,0,0,0,0,0,0,0,0,0,0,0,0,0,0,0,0,0,0,0,0,0,0,0,0,0,0,0,0,0,0,0,0,0,0,0,0,0,0,0,0,0,0,0,0,0,0,0,0,0,0,0,0,0,0,0,0,0
STAT,(NULL),Threads,227,227,227,0,0,0,0,0,0,0,0,0,0,0,0,0,0,0,0,0,0,0,0,0,0,0,0,0,0,0,0,0,0,0,0,0,0,0,0,0,0,0,0,0,0,0,0,0,0,0,0,0,0,0,0,0,0,0,0,0,0,0,0,0,0,0,0,0,0,0,0,0,0,0,0,0,0,0,0,0,0,0,0,0,0,0,0,0,0,0,0,0,0,0,0,0,0,0,0,0,0,0,0,0,0,0,0,0,0,0,0,0,0,0,0,0,0,0,0,0,0,0,0,0,0,0,0,0,0,0,0,0,0,0,0,0,0,0,0,0,0,0,0,0,0,0,0,0,0,0,0,0,0,0,0,0,0,0,0,0,0,0,0,0,0,0,0,0,0,0,0,0,0,0,0,0,0,0,0,0,0,0,0,0,0,0,0,0,0,0,0,0,0,0,0,0,0,0,0,0,0,0,0,0,0,0,0,0,0,0,0,0,0,0,0,0,0,0,0,0,0,0,0,0,0,0,0,0,0
STAT,(NULL),Time,227,8250,8250,0,0,0,0,0,0,0,0,0,0,0,0,0,0,0,0,0,0,0,0,0,0,0,0,0,0,0,0,0,0,0,0,0,0,0,0,0,0,0,0,0,0,0,0,0,0,0,0,0,0,0,0,0,0,0,0,0,0,0,0,0,0,0,0,0,0,0,0,0,0,0,0,0,0,0,0,0,0,0,0,0,0,0,0,0,0,0,0,0,0,0,0,0,0,0,0,0,0,0,0,0,0,0,0,0,0,0,0,0,0,0,0,0,0,0,0,0,0,0,0,0,0,0,0,0,0,0,0,0,0,0,0,0,0,0,0,0,0,0,0,0,0,0,0,0,0,0,0,0,0,0,0,0,0,0,0,0,0,0,0,0,0,0,0,0,0,0,0,0,0,0,0,0,0,0,0,0,0,0,0,0,0,0,0,0,0,0,0,0,0,0,0,0,0,0,0,0,0,0,0,0,0,0,0,0,0,0,0,0,0,0,0,0,0,0,0,0,0,0,0,0,0,0,0,0,0
STAT,match,Conflicts,227,6410,47,42,45,50,48,43,51,42,35,38,41,44,38,37,44,37,38,39,31,34,41,33,44,37,38,43,38,44,42,36,35,30,32,37,33,41,34,35,34,38,34,35,34,35,36,41,36,36,31,33,33,37,44,29,35,31,28,29,39,34,31,28,21,25,24,27,27,33,30,30,23,28,32,26,25,19,26,22,28,20,26,29,19,25,25,29,22,21,22,25,19,25,22,24,19,32,27,21,24,21,27,21,23,28,23,27,25,20,28,25,22,25,25,29,28,21,26,24,24,27,26,30,23,30,25,28,26,25,23,19,21,19,22,22,32,25,28,23,24,18,23,24,22,23,21,27,22,25,20,23,26,21,29,25,28,22,29,24,25,23,18,29,24,20,23,21,26,30,27,21,22,21,32,28,31,26,21,31,27,23,26,26,27,23,24,26,23,33,31,27,23,25,28,27,23,29,29,21,27,20,29,27,22,24,18,26,25,22,24,22,28,18,29,31,19,25,31,21,27,28,24,22,29,18,27,22,23
STAT,match,Iterations,227,15047873,33152,42032,44184,35487,56130,53099,48394,58848,54066,34239,45995,54479,57617,43417,47315,60392,63188,46464,56390,52440,55345,44653,53011,62855,43002,55535,52206,49011,56130,52058,51952,54525,51040,51661,54334,53681,37684,65640,37366,53737,44309,50095,43912,82346,82351,57541,48955,51896,48683,67142,77192,61695,64500,67330,88525,58532,53770,54833,60086,59846,70550,75476,52993,58205,64107,74308,64493,72842,59262,48894,59404,53637,76375,62577,65494,64064,70626,79855,65473,67418,70605,56732,81088,86250,68939,43776,72588,47255,62275,65771,61412,73327,73344,98176,72798,59056,69415,78473,76314,62365,75380,63676,63376,64180,81050,80813,90737,92117,68857,83966,103380,67030,78037,80570,60084,73453,78319,79336,84347,65174,76111,73893,97630,58222,78604,69173,80755,58747,93380,81481,70267,76280,58762,56934,54792,52283,65134,67542,53294,85572,66123,101157,67979,72360,63732,61083,73491,78252,77235,68823,76459,78082,72306,62510,74502,81314,85475,58639,66777,65651,88152,62141,62597,66302,80840,71167,90716,73251,55079,80169,65452,62253,46026,86979,70597,80107,82921,83793,73723,71102,69970,65009,77995,69356,69368,79479,80908,57962,58844,67712,71553,76172,71488,55037,62534,83041,64370,57234,84400,67202,62126,73992,53826,57563,69252,53949,67592,51011,73282,73092,64038,70602,78739,81649,71742,75881,56257,94347,68766,59129,66874,87061,72530,60116,78130,82983,73350
STAT,popedge,Conflicts,227,0,0,0,0,0,0,0,0,0,0,0,0,0,0,0,0,0,0,0,0,0,0,0,0,0,0,0,0,0,0,0,0,0,0,0,0,0,0,0,0,0,0,0,0,0,0,0,0,0,0,0,0,0,0,0,0,0,0,0,0,0,0,0,0,0,0,0,0,0,0,0,0,0,0,0,0,0,0,0,0,0,0,0,0,0,0,0,0,0,0,0,0,0,0,0,0,0,0,0,0,0,0,0,0,0,0,0,0,0,0,0,0,0,0,0,0,0,0,0,0,0,0,0,0,0,0,0,0,0,0,0,0,0,0,0,0,0,0,0,0,0,0,0,0,0,0,0,0,0,0,0,0,0,0,0,0,0,0,0,0,0,0,0,0,0,0,0,0,0,0,0,0,0,0,0,0,0,0,0,0,0,0,0,0,0,0,0,0,0,0,0,0,0,0,0,0,0,0,0,0,0,0,0,0,0,0,0,0,0,0,0,0,0,0,0,0,0,0,0,0,0,0,0,0,0,0,0,0
STAT,popedge,Iterations,227,7371530,31741,30097,29758,31346,30857,31389,31378,32323,31756,30258,31087,31670,30801,30519,31438,31151,29859,31120,30472,29826,30231,31832,31657,31116,29921,30987,31669,32561,32323,32207,32162,32936,31845,31443,32358,33965,32027,34288,32268,31331,30562,31275,31017,30843,35908,34566,35209,34518,34287,37094,34705,35508,35998,33814,35335,37169,36344,36018,33984,36612,35013,30207,30988,30883,30327,29183,28516,30466,31937,30708,31778,30531,31922,30831,30665,31505,31675,30114,28498,28585,29517,30810,31453,31694,29966,29485,30875,30680,31215,30480,29546,30909,30625,33756,31366,31015,31518,32696,31937,31290,31017,30346,33273,29859,32416,37111,34510,34161,37742,32992,36429,33954,37245,36454,36421,37658,35445,35394,36613,33131,34373,35935,33328,30172,32082,30574,30781,30605,36378,32543,31604,30592,30284,31835,31210,31132,31596,31733,31014,30535,31533,30267,31518,31483,31386,31835,30592,33444,30813,31734,33594,34464,33020,31409,34239,30033,31910,33188,31368,33235,31952,32936,32445,33832,28339,30702,37540,38007,37221,37395,37012,37824,37243,35102,35661,33455,40605,35097,37428,34433,34800,34326,36598,32023,32965,30605,31662,29075,30352,31539,33030,30929,31182,34268,30670,31376,30488,34082,33607,32114,30700,33007,30691,32638,32741,32525,30557,29702,32120,30550,32990,30691,33526,31357,32046,31839,33199,33892,30833,30971,32282,33185,32165,33277,32630,32116,33934
STAT,refine,Conflicts,227,6175,105,106,117,108,96,106,99,101,88,97,88,78,83,82,81,63,76,63,77,73,71,53,60,58,50,73,58,68,63,57,52,30,36,31,33,39,34,43,42,47,38,33,37,55,35,33,39,30,35,32,29,46,33,40,40,37,37,45,37,25,33,19,11,9,18,19,22,16,21,20,24,17,14,10,19,11,13,15,14,16,11,24,8,16,17,11,16,15,17,16,13,19,16,15,11,9,13,13,22,18,20,14,16,18,19,16,13,25,12,8,20,18,23,18,17,15,23,16,24,18,10,17,9,16,15,11,12,17,13,17,8,15,7,12,18,21,16,15,11,16,25,18,18,9,11,13,15,12,15,11,17,8,28,12,12,21,15,22,13,18,19,19,13,9,19,17,25,22,19,16,21,21,13,30,13,20,19,23,20,23,22,20,12,17,13,11,10,12,9,11,5,13,21,10,15,10,16,15,19,18,14,22,17,12,13,13,13,5,10,13,15,14,21,12,9,28,13,15,14,7,22,15,30,19,16,10,19
STAT,refine,Iterations,227,40525,328,348,344,283,317,383,341,278,335,240,221,257,221,248,259,198,260,251,251,270,235,186,271,291,154,226,166,240,210,183,195,155,196,144,183,207,116,278,184,213,150,164,150,287,242,159,195,217,103,202,143,306,202,127,250,208,181,317,247,118,284,246,94,109,142,173,177,164,155,127,154,114,173,119,142,152,138,112,161,136,108,175,124,184,138,110,119,96,119,149,117,157,129,205,173,99,153,119,190,184,172,121,129,166,192,206,112,231,249,97,249,165,263,182,106,169,180,204,303,249,132,174,136,135,146,130,170,138,181,157,139,113,70,162,169,109,168,112,179,173,230,155,215,95,152,159,117,109,174,128,177,72,169,99,179,156,158,191,132,233,185,169,143,116,147,149,152,272,168,204,134,201,121,355,268,147,255,203,193,243,236,154,281,177,159,131,118,129,145,142,161,220,163,213,148,78,217,110,165,166,131,183,104,146,86,110,144,68,131,170,116,119,154,164,107,187,162,147,215,137,224,233,185,182,177,125,188
