Hello from MIC
Galois Benchmark Suite v2.2.0 (r0)
Copyright (C) 2013 The University of Texas at Austin
http://iss.ices.utexas.edu/galois/

application: GMetis
Partitions a graph into K parts and minimizing the graph cut
http://iss.ices.utexas.edu/?p=projects/galois/benchmarks/gMetis

INFO: CommandLine /work/02556/dpereira/MIC/apps/gmetis/gmetis -t=161 /work/02556/dpereira/Inputs/USA-road-d.W.gr 1024
INFO: Hostname c558-402-mic0.stampede.tacc.utexas.edu
Created Graph with 6262104 nodes and 15248146 edges
Nodes 6262104| Edges 15248146 7624073

  Starting coarsening: 
Time coarsen:  2376 Size of final graph: 22088

  Sarting initial partitioning using GGGP:
Size in decade percentages:  -1,77 -0,874 1,73
Time clustering:  1023

  Sarting refinnement with BKL2
Initial dist
Size in decade percentages:  -1,77 -0,874 1,73
Refined dist
Size in decade percentages:  -1,378 0,260 1,385 3,1
Time refinement:  1463


Time:  5043
Total edge cut : 31347

Part saved in : 0x7fffdeb723e0
STATTYPE,LOOP,CATEGORY,n,sum,T0,T1,T2,T3,T4,T5,T6,T7,T8,T9,T10,T11,T12,T13,T14,T15,T16,T17,T18,T19,T20,T21,T22,T23,T24,T25,T26,T27,T28,T29,T30,T31,T32,T33,T34,T35,T36,T37,T38,T39,T40,T41,T42,T43,T44,T45,T46,T47,T48,T49,T50,T51,T52,T53,T54,T55,T56,T57,T58,T59,T60,T61,T62,T63,T64,T65,T66,T67,T68,T69,T70,T71,T72,T73,T74,T75,T76,T77,T78,T79,T80,T81,T82,T83,T84,T85,T86,T87,T88,T89,T90,T91,T92,T93,T94,T95,T96,T97,T98,T99,T100,T101,T102,T103,T104,T105,T106,T107,T108,T109,T110,T111,T112,T113,T114,T115,T116,T117,T118,T119,T120,T121,T122,T123,T124,T125,T126,T127,T128,T129,T130,T131,T132,T133,T134,T135,T136,T137,T138,T139,T140,T141,T142,T143,T144,T145,T146,T147,T148,T149,T150,T151,T152,T153,T154,T155,T156,T157,T158,T159,T160
STAT,(NULL),Coarsen,161,2376,2376,0,0,0,0,0,0,0,0,0,0,0,0,0,0,0,0,0,0,0,0,0,0,0,0,0,0,0,0,0,0,0,0,0,0,0,0,0,0,0,0,0,0,0,0,0,0,0,0,0,0,0,0,0,0,0,0,0,0,0,0,0,0,0,0,0,0,0,0,0,0,0,0,0,0,0,0,0,0,0,0,0,0,0,0,0,0,0,0,0,0,0,0,0,0,0,0,0,0,0,0,0,0,0,0,0,0,0,0,0,0,0,0,0,0,0,0,0,0,0,0,0,0,0,0,0,0,0,0,0,0,0,0,0,0,0,0,0,0,0,0,0,0,0,0,0,0,0,0,0,0,0,0,0,0,0,0,0,0,0,0
STAT,(NULL),Conflicts,161,0,0,0,0,0,0,0,0,0,0,0,0,0,0,0,0,0,0,0,0,0,0,0,0,0,0,0,0,0,0,0,0,0,0,0,0,0,0,0,0,0,0,0,0,0,0,0,0,0,0,0,0,0,0,0,0,0,0,0,0,0,0,0,0,0,0,0,0,0,0,0,0,0,0,0,0,0,0,0,0,0,0,0,0,0,0,0,0,0,0,0,0,0,0,0,0,0,0,0,0,0,0,0,0,0,0,0,0,0,0,0,0,0,0,0,0,0,0,0,0,0,0,0,0,0,0,0,0,0,0,0,0,0,0,0,0,0,0,0,0,0,0,0,0,0,0,0,0,0,0,0,0,0,0,0,0,0,0,0,0,0,0
STAT,(NULL),Iterations,161,2047,11,9,17,8,13,17,9,13,9,15,12,20,11,11,13,10,11,12,16,16,11,12,15,7,15,19,2,15,10,0,18,9,9,11,3,7,7,8,5,18,18,22,9,20,13,18,7,19,21,22,17,15,15,14,22,20,7,16,13,13,20,30,8,17,6,13,11,13,9,10,17,10,14,9,9,10,12,12,18,20,12,6,8,7,10,13,23,9,24,7,4,14,5,8,8,10,11,8,10,8,24,10,13,18,18,9,5,11,21,14,19,14,22,18,10,22,21,15,16,14,8,13,12,11,15,5,14,22,18,10,13,18,18,8,8,9,7,6,15,15,18,18,8,7,12,9,12,18,8,9,16,10,12,8,7,12,7,11,16,13,9
STAT,(NULL),MeminfoPost,161,756650,4705,4699,4712,4712,4700,4708,4680,4705,4715,4722,4757,4706,4690,4691,4694,4708,4706,4716,4707,4712,4681,4692,4701,4721,4686,4692,4689,4703,4702,4714,4711,4701,4707,4678,4707,4712,4726,4757,4705,4692,4690,4691,4707,4708,4716,4708,4711,4680,4695,4701,4718,4686,4690,4692,4703,4707,4696,4718,4719,4694,4711,4710,4688,4705,4690,4691,4699,4693,4675,4700,4710,4704,4691,4695,4694,4679,4688,4692,4684,4728,4725,4693,4687,4689,4720,4682,4678,4676,4702,4705,4709,4717,4697,4700,4682,4702,4689,4695,4676,4682,4691,4676,4709,4683,4695,4727,4734,4722,4692,4689,4712,4683,4674,4694,4702,4712,4712,4695,4685,4697,4692,4684,4682,4686,4699,4682,4701,4728,4731,4726,4693,4684,4688,4691,4706,4729,4724,4722,4723,4686,4690,4702,4692,4699,4683,4677,4687,4687,4714,4678,4673,4694,4678,4703,4686,4686,4702,4700,4701,4690,4702
STAT,(NULL),MeminfoPre,161,189125,1180,1174,1187,1187,1175,1183,1155,1180,1190,1197,1232,1181,1165,1166,1169,1183,1181,1191,1182,1187,1156,1167,1176,1196,1161,1167,1164,1178,1177,1189,1186,1176,1182,1153,1182,1187,1201,1232,1180,1167,1165,1166,1182,1183,1191,1183,1186,1155,1170,1176,1193,1161,1165,1167,1178,1182,1171,1193,1194,1169,1186,1185,1163,1180,1165,1166,1174,1168,1150,1175,1185,1179,1166,1170,1169,1154,1163,1167,1159,1203,1200,1168,1162,1164,1195,1157,1153,1151,1177,1180,1184,1192,1172,1175,1157,1177,1164,1170,1151,1157,1166,1151,1184,1158,1170,1202,1209,1197,1167,1164,1187,1158,1149,1169,1177,1187,1187,1170,1160,1172,1167,1159,1157,1161,1174,1157,1176,1203,1206,1201,1168,1159,1163,1166,1181,1204,1199,1197,1198,1161,1165,1177,1167,1174,1158,1152,1162,1162,1189,1153,1148,1169,1153,1178,1161,1161,1177,1175,1176,1165,1177
STAT,(NULL),Partition,161,1023,1023,0,0,0,0,0,0,0,0,0,0,0,0,0,0,0,0,0,0,0,0,0,0,0,0,0,0,0,0,0,0,0,0,0,0,0,0,0,0,0,0,0,0,0,0,0,0,0,0,0,0,0,0,0,0,0,0,0,0,0,0,0,0,0,0,0,0,0,0,0,0,0,0,0,0,0,0,0,0,0,0,0,0,0,0,0,0,0,0,0,0,0,0,0,0,0,0,0,0,0,0,0,0,0,0,0,0,0,0,0,0,0,0,0,0,0,0,0,0,0,0,0,0,0,0,0,0,0,0,0,0,0,0,0,0,0,0,0,0,0,0,0,0,0,0,0,0,0,0,0,0,0,0,0,0,0,0,0,0,0,0
STAT,(NULL),Refine,161,1463,1463,0,0,0,0,0,0,0,0,0,0,0,0,0,0,0,0,0,0,0,0,0,0,0,0,0,0,0,0,0,0,0,0,0,0,0,0,0,0,0,0,0,0,0,0,0,0,0,0,0,0,0,0,0,0,0,0,0,0,0,0,0,0,0,0,0,0,0,0,0,0,0,0,0,0,0,0,0,0,0,0,0,0,0,0,0,0,0,0,0,0,0,0,0,0,0,0,0,0,0,0,0,0,0,0,0,0,0,0,0,0,0,0,0,0,0,0,0,0,0,0,0,0,0,0,0,0,0,0,0,0,0,0,0,0,0,0,0,0,0,0,0,0,0,0,0,0,0,0,0,0,0,0,0,0,0,0,0,0,0,0
STAT,(NULL),Threads,161,161,161,0,0,0,0,0,0,0,0,0,0,0,0,0,0,0,0,0,0,0,0,0,0,0,0,0,0,0,0,0,0,0,0,0,0,0,0,0,0,0,0,0,0,0,0,0,0,0,0,0,0,0,0,0,0,0,0,0,0,0,0,0,0,0,0,0,0,0,0,0,0,0,0,0,0,0,0,0,0,0,0,0,0,0,0,0,0,0,0,0,0,0,0,0,0,0,0,0,0,0,0,0,0,0,0,0,0,0,0,0,0,0,0,0,0,0,0,0,0,0,0,0,0,0,0,0,0,0,0,0,0,0,0,0,0,0,0,0,0,0,0,0,0,0,0,0,0,0,0,0,0,0,0,0,0,0,0,0,0,0,0
STAT,(NULL),Time,161,5043,5043,0,0,0,0,0,0,0,0,0,0,0,0,0,0,0,0,0,0,0,0,0,0,0,0,0,0,0,0,0,0,0,0,0,0,0,0,0,0,0,0,0,0,0,0,0,0,0,0,0,0,0,0,0,0,0,0,0,0,0,0,0,0,0,0,0,0,0,0,0,0,0,0,0,0,0,0,0,0,0,0,0,0,0,0,0,0,0,0,0,0,0,0,0,0,0,0,0,0,0,0,0,0,0,0,0,0,0,0,0,0,0,0,0,0,0,0,0,0,0,0,0,0,0,0,0,0,0,0,0,0,0,0,0,0,0,0,0,0,0,0,0,0,0,0,0,0,0,0,0,0,0,0,0,0,0,0,0,0,0,0
STAT,match,Conflicts,161,5561,69,55,56,47,56,51,52,42,50,48,53,44,52,52,39,48,55,49,43,47,46,54,44,45,45,42,42,47,41,46,45,44,42,39,31,45,40,44,43,32,41,39,45,33,42,34,38,42,40,39,39,36,39,44,40,32,41,38,36,31,37,27,21,30,30,30,30,29,32,27,34,23,28,40,34,29,31,28,27,25,28,27,37,39,37,31,24,30,36,31,28,26,33,25,35,33,31,32,26,20,38,28,33,26,32,25,30,28,31,28,32,34,33,28,29,23,29,35,28,29,26,25,32,26,26,25,25,23,25,30,21,25,22,22,36,26,29,28,24,21,24,32,32,27,23,36,23,33,33,32,27,28,32,24,30,34,22,35,25,28,30
STAT,match,Iterations,161,14985595,56418,69755,65849,73317,78615,71675,72481,89285,72033,67893,79368,70514,92557,60075,92646,49015,78066,62760,71951,89714,77507,80477,76234,85456,73024,74999,76374,69797,87976,75752,83842,82888,79805,78922,99751,82137,79132,75313,59796,97719,93576,111229,89959,106872,79121,110802,89980,100286,90153,92349,94323,80679,94735,85028,82850,91507,94128,91931,101539,112603,119373,114010,112380,93481,79394,99620,94649,88037,98400,95490,94432,92685,90327,86239,86367,102920,92558,118085,110422,92415,98364,92847,91784,84354,84510,95654,95079,85591,81343,94069,80680,104172,99400,97765,115129,87928,109057,95174,90938,128565,105610,116774,104931,107065,118800,87928,117816,111270,103057,117143,93436,103716,87025,103005,119230,110637,113570,135321,108335,105260,113283,117604,74339,94740,84850,111974,98712,88930,101397,86730,104705,91296,89974,91586,111668,107433,88634,94677,95843,105949,109588,104136,105439,111199,107484,94430,95444,92901,95877,91013,108376,89136,85267,98369,103245,66268,89987,95798,94516,92744,101900
STAT,popedge,Conflicts,161,0,0,0,0,0,0,0,0,0,0,0,0,0,0,0,0,0,0,0,0,0,0,0,0,0,0,0,0,0,0,0,0,0,0,0,0,0,0,0,0,0,0,0,0,0,0,0,0,0,0,0,0,0,0,0,0,0,0,0,0,0,0,0,0,0,0,0,0,0,0,0,0,0,0,0,0,0,0,0,0,0,0,0,0,0,0,0,0,0,0,0,0,0,0,0,0,0,0,0,0,0,0,0,0,0,0,0,0,0,0,0,0,0,0,0,0,0,0,0,0,0,0,0,0,0,0,0,0,0,0,0,0,0,0,0,0,0,0,0,0,0,0,0,0,0,0,0,0,0,0,0,0,0,0,0,0,0,0,0,0,0,0
STAT,popedge,Iterations,161,7344669,42451,43402,41796,40534,41245,41264,42555,42044,41048,41028,41787,40151,42729,43263,43535,45617,44664,44043,43238,43824,45875,46341,43963,44048,47040,44567,46545,45444,45941,43863,43022,43820,45151,43956,44319,45161,43273,43054,46638,53375,50467,49837,51541,51220,49060,49798,51941,49424,51543,49602,53075,52499,51433,51864,48977,48781,47323,48618,49006,48840,48520,39817,41813,40195,43371,40912,40276,42126,43155,40154,39082,41700,40018,44495,42741,44527,42851,43100,41427,41515,44600,45658,45440,45587,44582,45129,45501,46424,44929,44987,42651,44975,42633,45757,43870,46797,46586,43084,45663,44989,53726,49990,50483,50866,51320,49446,51396,50962,51371,49708,50796,54122,51872,47909,51832,49437,47841,53177,47244,48285,50460,49368,41921,42908,41761,42122,43515,41936,43280,43733,41477,43210,42498,40359,42965,45547,45881,43537,45918,46023,47342,42900,46697,46786,46354,44072,46017,44218,44393,46524,44104,47766,44319,44795,44086,46526,47788,43662,45887,45009,43122
STAT,refine,Conflicts,161,5070,72,80,76,77,66,69,72,71,61,62,59,67,46,57,62,56,54,48,50,49,55,51,37,38,38,38,50,51,48,44,53,47,31,43,40,36,44,31,43,38,26,34,31,34,24,33,36,30,30,37,32,21,32,33,34,42,35,37,56,35,35,19,17,30,28,25,21,21,27,24,29,26,18,17,28,17,24,32,20,28,20,19,16,19,23,27,17,13,28,25,23,25,31,24,19,27,26,25,24,32,23,14,23,21,25,14,23,15,21,25,24,24,19,29,26,27,21,32,22,33,18,24,23,20,23,23,17,27,23,32,27,24,31,19,26,20,14,19,19,21,21,22,23,19,26,17,16,14,15,28,21,15,18,24,16,15,17,23,19,29,30
STAT,refine,Iterations,161,427801,1775,2672,2295,2116,2627,2622,2286,2689,2112,2434,2937,3097,2225,1971,2403,1705,2549,2459,1988,2342,2848,2431,2037,2237,1743,2053,2242,2082,2159,2166,2311,2654,1832,2337,2214,2684,2833,2294,2278,2455,2359,3204,3122,3634,3045,3075,3148,2619,2701,2947,3018,1792,2563,3032,2701,2802,2422,2956,4142,2734,3934,2532,2606,2245,2481,2432,3053,2565,2516,2510,2618,2724,2457,2534,2700,2348,3052,3360,2144,3018,2965,2724,1924,2009,2654,2403,1783,2172,2084,2773,2079,2755,2673,2155,2501,2705,2731,2798,2516,2924,3725,2688,3197,2924,3517,2404,4084,3429,3186,3136,3717,3138,2062,2737,3946,3540,3338,3803,3181,3458,2668,3317,2349,2848,2639,2528,2429,3472,3503,2916,2950,2716,2858,2557,3053,3574,2423,2794,3150,2330,3175,2632,2358,2587,2347,2200,1846,2078,2140,2549,2392,2000,1831,2692,1889,2434,2589,2944,2957,2592,2918
