Hello from MIC
Galois Benchmark Suite v2.2.0 (r0)
Copyright (C) 2013 The University of Texas at Austin
http://iss.ices.utexas.edu/galois/

application: GMetis
Partitions a graph into K parts and minimizing the graph cut
http://iss.ices.utexas.edu/?p=projects/galois/benchmarks/gMetis

INFO: CommandLine /work/02556/dpereira/MIC/apps/gmetis/gmetis -t=108 /work/02556/dpereira/Inputs/USA-road-d.W.gr 16
INFO: Hostname c558-001-mic0.stampede.tacc.utexas.edu
Created Graph with 6262104 nodes and 15248146 edges
Nodes 6262104| Edges 15248146 7624073

  Starting coarsening: 
Time coarsen:  2507 Size of final graph: 444

  Sarting initial partitioning using GGGP:
Size in decade percentages:  -0,16
Time clustering:  365

  Sarting refinnement with BKL2
Initial dist
Size in decade percentages:  -0,16
Refined dist
Size in decade percentages:  -1,5 -0,7 1,4
Time refinement:  1279


Time:  4328
Total edge cut : 1940

Part saved in : 0x7fff33af2c60
STATTYPE,LOOP,CATEGORY,n,sum,T0,T1,T2,T3,T4,T5,T6,T7,T8,T9,T10,T11,T12,T13,T14,T15,T16,T17,T18,T19,T20,T21,T22,T23,T24,T25,T26,T27,T28,T29,T30,T31,T32,T33,T34,T35,T36,T37,T38,T39,T40,T41,T42,T43,T44,T45,T46,T47,T48,T49,T50,T51,T52,T53,T54,T55,T56,T57,T58,T59,T60,T61,T62,T63,T64,T65,T66,T67,T68,T69,T70,T71,T72,T73,T74,T75,T76,T77,T78,T79,T80,T81,T82,T83,T84,T85,T86,T87,T88,T89,T90,T91,T92,T93,T94,T95,T96,T97,T98,T99,T100,T101,T102,T103,T104,T105,T106,T107
STAT,(NULL),Coarsen,108,2507,2507,0,0,0,0,0,0,0,0,0,0,0,0,0,0,0,0,0,0,0,0,0,0,0,0,0,0,0,0,0,0,0,0,0,0,0,0,0,0,0,0,0,0,0,0,0,0,0,0,0,0,0,0,0,0,0,0,0,0,0,0,0,0,0,0,0,0,0,0,0,0,0,0,0,0,0,0,0,0,0,0,0,0,0,0,0,0,0,0,0,0,0,0,0,0,0,0,0,0,0,0,0,0,0,0,0,0,0
STAT,(NULL),Conflicts,108,0,0,0,0,0,0,0,0,0,0,0,0,0,0,0,0,0,0,0,0,0,0,0,0,0,0,0,0,0,0,0,0,0,0,0,0,0,0,0,0,0,0,0,0,0,0,0,0,0,0,0,0,0,0,0,0,0,0,0,0,0,0,0,0,0,0,0,0,0,0,0,0,0,0,0,0,0,0,0,0,0,0,0,0,0,0,0,0,0,0,0,0,0,0,0,0,0,0,0,0,0,0,0,0,0,0,0,0,0
STAT,(NULL),Iterations,108,31,5,0,0,2,0,0,0,0,0,1,0,0,0,0,0,0,0,0,0,0,0,3,0,0,0,0,0,0,0,0,0,0,0,0,0,0,0,2,0,0,2,0,0,0,0,1,0,4,0,0,1,0,0,3,0,0,0,0,0,0,0,0,0,0,0,0,1,0,0,0,0,1,0,0,0,1,0,0,0,0,0,0,0,0,1,0,0,0,0,0,0,0,0,0,0,0,0,0,1,0,0,0,0,0,2,0,0,0
STAT,(NULL),MeminfoPost,108,756567,7005,7021,7023,7008,6983,7026,7061,7042,6988,6996,7017,7034,7006,6995,6996,7016,7008,6986,7004,7016,7025,7006,6985,7025,7052,7055,6991,6990,7014,7037,7012,6994,6992,7018,7009,6987,7010,7005,7033,7012,7018,7001,7009,6990,7002,6980,6997,7023,6992,6998,6982,6981,6996,7047,7011,6986,7021,6978,6971,7009,7017,7029,7000,6993,6991,6994,6972,6986,6999,6979,7029,7048,7019,6988,7008,6971,7005,7021,7009,6997,6989,6989,6981,6994,6986,7048,7046,7006,6984,6992,7033,7040,7042,6995,7015,6988,6997,6970,6987,7013,6970,6982,6977,7003,6993,7010,7009,6998
STAT,(NULL),MeminfoPre,108,189135,1751,1767,1769,1754,1729,1772,1807,1788,1734,1742,1763,1780,1752,1741,1742,1762,1754,1732,1750,1762,1771,1752,1731,1771,1798,1801,1737,1736,1760,1783,1758,1740,1738,1764,1755,1733,1756,1751,1779,1758,1764,1747,1755,1736,1748,1726,1743,1769,1738,1744,1728,1727,1742,1793,1757,1732,1767,1724,1717,1755,1763,1775,1746,1739,1737,1740,1718,1732,1745,1725,1775,1794,1765,1734,1754,1717,1751,1767,1755,1743,1735,1735,1727,1740,1732,1794,1792,1752,1730,1738,1779,1786,1788,1741,1761,1734,1743,1716,1733,1759,1716,1728,1723,1749,1739,1756,1755,1744
STAT,(NULL),Partition,108,365,365,0,0,0,0,0,0,0,0,0,0,0,0,0,0,0,0,0,0,0,0,0,0,0,0,0,0,0,0,0,0,0,0,0,0,0,0,0,0,0,0,0,0,0,0,0,0,0,0,0,0,0,0,0,0,0,0,0,0,0,0,0,0,0,0,0,0,0,0,0,0,0,0,0,0,0,0,0,0,0,0,0,0,0,0,0,0,0,0,0,0,0,0,0,0,0,0,0,0,0,0,0,0,0,0,0,0,0
STAT,(NULL),Refine,108,1279,1279,0,0,0,0,0,0,0,0,0,0,0,0,0,0,0,0,0,0,0,0,0,0,0,0,0,0,0,0,0,0,0,0,0,0,0,0,0,0,0,0,0,0,0,0,0,0,0,0,0,0,0,0,0,0,0,0,0,0,0,0,0,0,0,0,0,0,0,0,0,0,0,0,0,0,0,0,0,0,0,0,0,0,0,0,0,0,0,0,0,0,0,0,0,0,0,0,0,0,0,0,0,0,0,0,0,0,0
STAT,(NULL),Threads,108,108,108,0,0,0,0,0,0,0,0,0,0,0,0,0,0,0,0,0,0,0,0,0,0,0,0,0,0,0,0,0,0,0,0,0,0,0,0,0,0,0,0,0,0,0,0,0,0,0,0,0,0,0,0,0,0,0,0,0,0,0,0,0,0,0,0,0,0,0,0,0,0,0,0,0,0,0,0,0,0,0,0,0,0,0,0,0,0,0,0,0,0,0,0,0,0,0,0,0,0,0,0,0,0,0,0,0,0,0
STAT,(NULL),Time,108,4328,4328,0,0,0,0,0,0,0,0,0,0,0,0,0,0,0,0,0,0,0,0,0,0,0,0,0,0,0,0,0,0,0,0,0,0,0,0,0,0,0,0,0,0,0,0,0,0,0,0,0,0,0,0,0,0,0,0,0,0,0,0,0,0,0,0,0,0,0,0,0,0,0,0,0,0,0,0,0,0,0,0,0,0,0,0,0,0,0,0,0,0,0,0,0,0,0,0,0,0,0,0,0,0,0,0,0,0,0
STAT,match,Conflicts,108,6337,107,93,85,114,87,87,73,87,88,74,83,85,99,62,73,57,56,79,64,74,69,66,70,67,89,51,54,68,59,58,76,55,65,63,61,50,57,70,62,67,61,77,59,66,76,56,74,46,56,32,55,44,55,41,56,53,50,49,49,53,46,49,55,42,44,47,39,43,54,53,48,42,55,49,34,49,41,42,61,50,61,59,52,50,35,37,48,47,45,41,39,58,47,53,42,51,46,50,48,51,53,34,48,48,51,58,52,78
STAT,match,Iterations,108,15011367,101816,116829,127377,134048,129916,117330,106727,108606,133846,114607,125909,128033,116759,125985,128533,133824,125021,119561,133423,128627,145150,123572,130562,117046,104679,130417,139638,125376,136661,124484,129144,139556,140172,132587,149592,146075,131414,139433,124968,147071,148779,118175,138170,146493,142551,138301,136565,158760,140132,176434,155890,154082,163361,143620,138842,145071,155249,157571,143291,158243,153473,127302,134598,144350,152131,137538,143041,146655,139229,148338,135327,154244,154606,134769,156171,153787,147950,130415,138315,136012,141559,127111,145243,143893,151181,152226,136207,148244,151631,148466,129700,156302,136245,148757,154908,151089,146484,156684,153798,132804,143739,158508,153206,146817,144740,145974,135587,128059
STAT,popedge,Conflicts,108,0,0,0,0,0,0,0,0,0,0,0,0,0,0,0,0,0,0,0,0,0,0,0,0,0,0,0,0,0,0,0,0,0,0,0,0,0,0,0,0,0,0,0,0,0,0,0,0,0,0,0,0,0,0,0,0,0,0,0,0,0,0,0,0,0,0,0,0,0,0,0,0,0,0,0,0,0,0,0,0,0,0,0,0,0,0,0,0,0,0,0,0,0,0,0,0,0,0,0,0,0,0,0,0,0,0,0,0,0
STAT,popedge,Iterations,108,7358944,68446,66056,66499,66657,66918,69195,68354,68370,68608,68143,65679,65563,70209,65903,67521,65695,67396,69402,65984,66521,66806,68057,67281,68134,66608,60858,65279,68575,67409,65199,69512,68996,69080,66442,70643,67517,63875,63959,61466,63261,65659,66840,66107,65629,67248,67968,67512,73662,73961,71546,73671,73080,69577,71561,77349,81979,77737,81783,81343,76735,75331,67743,64964,65558,65303,64870,66892,66442,65368,67520,66327,64616,61517,67015,65578,63421,65988,67234,66871,66511,65691,68228,65942,68604,65286,65522,63130,64651,67014,65996,69336,69202,71009,72422,68448,72388,71287,66512,66837,68960,69021,65867,66673,65887,71717,69112,71463,70647
STAT,refine,Conflicts,108,4626,148,134,123,127,110,110,97,102,89,79,95,93,81,83,79,76,76,63,59,54,55,71,65,59,59,56,59,59,45,63,45,47,48,39,52,27,28,37,37,32,45,43,50,37,54,42,30,37,33,32,42,30,31,43,23,30,26,5,37,44,14,23,33,19,23,20,11,24,23,18,23,27,23,16,29,15,20,25,21,12,32,20,20,23,17,29,25,22,18,22,24,33,30,19,23,25,18,18,25,17,12,21,19,26,23,26,19,26
STAT,refine,Iterations,108,40253,562,518,459,498,565,496,611,401,381,354,447,393,374,357,353,365,377,500,336,298,340,337,513,456,625,370,378,311,351,417,342,414,445,363,436,382,235,259,343,345,389,321,354,374,372,234,393,537,285,349,519,437,430,589,430,268,301,96,253,293,459,442,295,295,338,422,285,469,380,292,420,509,366,245,211,277,283,299,546,250,308,345,377,488,340,631,432,306,280,299,396,372,293,376,381,433,381,267,212,322,309,347,198,243,350,365,252,336
