Hello from MIC
Galois Benchmark Suite v2.2.0 (r0)
Copyright (C) 2013 The University of Texas at Austin
http://iss.ices.utexas.edu/galois/

application: GMetis
Partitions a graph into K parts and minimizing the graph cut
http://iss.ices.utexas.edu/?p=projects/galois/benchmarks/gMetis

INFO: CommandLine /work/02556/dpereira/MIC/apps/gmetis/gmetis -t=130 /work/02556/dpereira/Inputs/USA-road-d.W.gr 128
INFO: Hostname c558-001-mic0.stampede.tacc.utexas.edu
Created Graph with 6262104 nodes and 15248146 edges
Nodes 6262104| Edges 15248146 7624073

  Starting coarsening: 
Time coarsen:  2385 Size of final graph: 3108

  Sarting initial partitioning using GGGP:
Size in decade percentages:  -1,12 -0,107 1,9
Time clustering:  429

  Sarting refinnement with BKL2
Initial dist
Size in decade percentages:  -1,12 -0,107 1,9
Refined dist
Size in decade percentages:  -1,43 -0,35 1,50
Time refinement:  1215


Time:  4207
Total edge cut : 8214

Part saved in : 0x7fff3c0abc60
STATTYPE,LOOP,CATEGORY,n,sum,T0,T1,T2,T3,T4,T5,T6,T7,T8,T9,T10,T11,T12,T13,T14,T15,T16,T17,T18,T19,T20,T21,T22,T23,T24,T25,T26,T27,T28,T29,T30,T31,T32,T33,T34,T35,T36,T37,T38,T39,T40,T41,T42,T43,T44,T45,T46,T47,T48,T49,T50,T51,T52,T53,T54,T55,T56,T57,T58,T59,T60,T61,T62,T63,T64,T65,T66,T67,T68,T69,T70,T71,T72,T73,T74,T75,T76,T77,T78,T79,T80,T81,T82,T83,T84,T85,T86,T87,T88,T89,T90,T91,T92,T93,T94,T95,T96,T97,T98,T99,T100,T101,T102,T103,T104,T105,T106,T107,T108,T109,T110,T111,T112,T113,T114,T115,T116,T117,T118,T119,T120,T121,T122,T123,T124,T125,T126,T127,T128,T129
STAT,(NULL),Coarsen,130,2385,2385,0,0,0,0,0,0,0,0,0,0,0,0,0,0,0,0,0,0,0,0,0,0,0,0,0,0,0,0,0,0,0,0,0,0,0,0,0,0,0,0,0,0,0,0,0,0,0,0,0,0,0,0,0,0,0,0,0,0,0,0,0,0,0,0,0,0,0,0,0,0,0,0,0,0,0,0,0,0,0,0,0,0,0,0,0,0,0,0,0,0,0,0,0,0,0,0,0,0,0,0,0,0,0,0,0,0,0,0,0,0,0,0,0,0,0,0,0,0,0,0,0,0,0,0,0,0,0,0,0
STAT,(NULL),Conflicts,130,0,0,0,0,0,0,0,0,0,0,0,0,0,0,0,0,0,0,0,0,0,0,0,0,0,0,0,0,0,0,0,0,0,0,0,0,0,0,0,0,0,0,0,0,0,0,0,0,0,0,0,0,0,0,0,0,0,0,0,0,0,0,0,0,0,0,0,0,0,0,0,0,0,0,0,0,0,0,0,0,0,0,0,0,0,0,0,0,0,0,0,0,0,0,0,0,0,0,0,0,0,0,0,0,0,0,0,0,0,0,0,0,0,0,0,0,0,0,0,0,0,0,0,0,0,0,0,0,0,0,0
STAT,(NULL),Iterations,130,255,8,0,1,0,2,0,0,4,2,4,3,4,0,1,6,3,2,1,0,5,11,1,0,2,0,2,0,4,2,4,6,0,0,1,2,0,4,0,1,0,5,5,1,6,6,4,1,1,0,3,3,4,0,1,2,0,1,3,0,0,5,2,0,1,0,6,0,0,3,4,1,3,3,2,0,2,0,2,3,1,4,4,2,1,1,0,0,0,1,0,3,4,1,4,3,2,1,1,1,1,0,4,3,0,8,0,2,2,0,0,0,4,2,2,6,0,2,0,0,1,1,3,0,1,1,5,0,0,0,4
STAT,(NULL),MeminfoPost,130,756772,5828,5828,5830,5828,5824,5804,5833,5848,5883,5823,5812,5814,5829,5845,5824,5835,5806,5811,5832,5829,5808,5812,5815,5836,5842,5819,5820,5824,5830,5851,5887,5806,5817,5812,5831,5840,5832,5828,5802,5815,5831,5825,5806,5818,5833,5815,5855,5823,5827,5833,5814,5822,5809,5812,5818,5799,5827,5830,5811,5816,5805,5805,5810,5814,5856,5832,5805,5807,5837,5796,5792,5823,5830,5836,5828,5816,5814,5808,5814,5798,5800,5803,5824,5801,5826,5858,5859,5812,5810,5829,5793,5807,5831,5831,5822,5810,5815,5815,5794,5808,5813,5796,5845,5858,5857,5811,5807,5802,5829,5860,5839,5857,5816,5812,5817,5818,5809,5790,5803,5835,5801,5787,5810,5799,5818,5812,5821,5824,5818,5817
STAT,(NULL),MeminfoPre,130,189192,1462,1462,1464,1462,1458,1438,1467,1482,1517,1457,1446,1448,1463,1479,1458,1469,1440,1445,1466,1463,1442,1446,1449,1470,1476,1453,1454,1458,1464,1485,1521,1440,1451,1446,1465,1474,1466,1462,1436,1449,1465,1459,1440,1452,1467,1449,1489,1457,1461,1467,1448,1456,1443,1446,1452,1433,1461,1464,1445,1450,1439,1439,1444,1448,1490,1466,1439,1441,1471,1430,1426,1457,1464,1470,1462,1450,1448,1442,1448,1432,1434,1437,1458,1435,1460,1492,1493,1446,1444,1463,1427,1441,1465,1465,1456,1444,1449,1449,1428,1442,1447,1430,1479,1492,1491,1445,1441,1436,1463,1494,1473,1491,1450,1446,1451,1452,1443,1424,1437,1469,1435,1421,1444,1433,1452,1446,1455,1458,1452,1451
STAT,(NULL),Partition,130,429,429,0,0,0,0,0,0,0,0,0,0,0,0,0,0,0,0,0,0,0,0,0,0,0,0,0,0,0,0,0,0,0,0,0,0,0,0,0,0,0,0,0,0,0,0,0,0,0,0,0,0,0,0,0,0,0,0,0,0,0,0,0,0,0,0,0,0,0,0,0,0,0,0,0,0,0,0,0,0,0,0,0,0,0,0,0,0,0,0,0,0,0,0,0,0,0,0,0,0,0,0,0,0,0,0,0,0,0,0,0,0,0,0,0,0,0,0,0,0,0,0,0,0,0,0,0,0,0,0,0
STAT,(NULL),Refine,130,1215,1215,0,0,0,0,0,0,0,0,0,0,0,0,0,0,0,0,0,0,0,0,0,0,0,0,0,0,0,0,0,0,0,0,0,0,0,0,0,0,0,0,0,0,0,0,0,0,0,0,0,0,0,0,0,0,0,0,0,0,0,0,0,0,0,0,0,0,0,0,0,0,0,0,0,0,0,0,0,0,0,0,0,0,0,0,0,0,0,0,0,0,0,0,0,0,0,0,0,0,0,0,0,0,0,0,0,0,0,0,0,0,0,0,0,0,0,0,0,0,0,0,0,0,0,0,0,0,0,0,0
STAT,(NULL),Threads,130,130,130,0,0,0,0,0,0,0,0,0,0,0,0,0,0,0,0,0,0,0,0,0,0,0,0,0,0,0,0,0,0,0,0,0,0,0,0,0,0,0,0,0,0,0,0,0,0,0,0,0,0,0,0,0,0,0,0,0,0,0,0,0,0,0,0,0,0,0,0,0,0,0,0,0,0,0,0,0,0,0,0,0,0,0,0,0,0,0,0,0,0,0,0,0,0,0,0,0,0,0,0,0,0,0,0,0,0,0,0,0,0,0,0,0,0,0,0,0,0,0,0,0,0,0,0,0,0,0,0,0
STAT,(NULL),Time,130,4207,4207,0,0,0,0,0,0,0,0,0,0,0,0,0,0,0,0,0,0,0,0,0,0,0,0,0,0,0,0,0,0,0,0,0,0,0,0,0,0,0,0,0,0,0,0,0,0,0,0,0,0,0,0,0,0,0,0,0,0,0,0,0,0,0,0,0,0,0,0,0,0,0,0,0,0,0,0,0,0,0,0,0,0,0,0,0,0,0,0,0,0,0,0,0,0,0,0,0,0,0,0,0,0,0,0,0,0,0,0,0,0,0,0,0,0,0,0,0,0,0,0,0,0,0,0,0,0,0,0,0
STAT,match,Conflicts,130,6424,84,74,75,89,68,64,88,75,66,55,85,67,65,70,61,74,77,56,74,55,62,75,56,59,61,66,56,52,57,69,60,68,44,67,47,45,56,46,59,52,43,59,49,58,40,50,46,49,42,60,56,54,63,61,47,54,50,49,48,59,47,37,40,42,34,43,42,38,48,42,31,45,40,35,40,45,33,46,36,53,35,40,51,33,39,40,49,39,63,36,36,33,44,33,43,38,39,40,39,44,38,37,41,35,41,36,38,35,42,36,45,50,37,29,44,37,31,43,42,41,48,34,39,44,44,38,38,38,40,36
STAT,match,Iterations,130,14999731,74746,96539,81530,83954,76967,93403,93519,88971,108958,115217,101875,115553,104582,93328,118503,99330,100464,118041,120919,128370,96718,103494,113737,117343,92945,105201,114140,125696,120352,99350,97469,104719,118552,116448,121152,109458,112289,112012,103825,109451,112988,110673,117013,84188,113221,104805,101090,100475,108957,95035,112741,104027,106150,96803,113918,118004,112040,114006,116765,120014,116995,109991,121064,110357,108425,92264,93608,105050,95275,129204,148522,123591,129583,133637,119091,139766,121309,136032,133860,121651,130357,130791,126276,150762,143183,100793,116147,142326,121209,123658,153926,132740,122727,124491,133652,128248,118403,138165,136480,122455,130253,132991,133953,115578,126580,104011,130494,124159,103455,123210,106417,104541,136268,142763,128516,139374,129193,125615,117907,134703,132971,130633,102961,110355,111104,118668,108729,107021,105568,123643
STAT,popedge,Conflicts,130,0,0,0,0,0,0,0,0,0,0,0,0,0,0,0,0,0,0,0,0,0,0,0,0,0,0,0,0,0,0,0,0,0,0,0,0,0,0,0,0,0,0,0,0,0,0,0,0,0,0,0,0,0,0,0,0,0,0,0,0,0,0,0,0,0,0,0,0,0,0,0,0,0,0,0,0,0,0,0,0,0,0,0,0,0,0,0,0,0,0,0,0,0,0,0,0,0,0,0,0,0,0,0,0,0,0,0,0,0,0,0,0,0,0,0,0,0,0,0,0,0,0,0,0,0,0,0,0,0,0,0
STAT,popedge,Iterations,130,7349158,52508,49098,50995,48352,52711,50468,50364,48321,59508,57487,62038,56276,57736,51032,56534,59206,61817,60510,60018,57508,59630,61749,58928,59103,57494,57606,58282,58777,56980,58726,56875,57354,58223,57219,58232,54546,59425,57545,57997,57444,57900,55136,55697,55005,55858,53293,53540,56941,54991,59769,58057,55478,58268,60825,58341,58976,60241,57423,56360,59004,57813,48004,46802,49207,49157,50382,53351,51447,50914,62407,59208,60140,56985,59530,50128,57605,57081,60427,60957,61319,57433,56379,60481,57947,61435,57560,60207,57084,57309,60180,54386,58944,58071,57187,54445,56673,56068,55483,55359,57863,58251,58897,55874,56741,54595,55808,56615,54323,55891,59767,60235,61739,62926,59365,58213,58694,59149,60500,59185,57137,59120,61912,50322,49791,50697,48913,52087,52610,52406,48312
STAT,refine,Conflicts,130,5171,130,133,108,119,92,93,101,92,79,68,69,82,71,73,75,77,60,46,60,60,66,58,55,65,59,61,54,60,53,64,54,45,45,51,30,51,27,51,44,28,49,36,41,31,36,27,44,53,32,42,43,38,26,43,37,29,32,45,37,30,36,24,24,18,24,17,14,27,19,26,23,28,27,34,26,32,29,29,25,28,25,25,22,18,20,22,25,23,29,19,30,23,33,24,30,26,21,18,31,28,23,30,21,30,21,21,20,20,34,25,33,31,26,21,14,24,18,18,28,24,20,23,15,22,17,22,30,17,30,31
STAT,refine,Iterations,130,136864,958,1034,978,1057,831,924,1027,1093,1146,1004,1071,1344,930,1204,1078,880,1246,1081,1266,1121,982,1175,997,1316,1086,1145,972,1213,1143,1395,1149,950,939,997,803,982,864,1086,941,848,1046,957,915,797,998,694,957,895,891,1037,1016,760,817,949,975,936,1076,835,1093,1031,777,1022,882,888,1164,864,932,956,950,963,971,1323,1548,1139,1148,1476,1125,1393,1075,1453,1077,1131,1311,990,1377,1081,1542,1185,1202,1572,1127,911,1193,960,1048,1043,925,946,1224,1294,1078,1070,1320,1210,1181,1154,776,1006,1047,1260,1055,1216,865,1264,761,1094,1031,1161,784,1132,975,781,800,963,901,947,1006,812,940,1155
