Hello from MIC
Galois Benchmark Suite v2.2.0 (r0)
Copyright (C) 2013 The University of Texas at Austin
http://iss.ices.utexas.edu/galois/

application: GMetis
Partitions a graph into K parts and minimizing the graph cut
http://iss.ices.utexas.edu/?p=projects/galois/benchmarks/gMetis

INFO: CommandLine /work/02556/dpereira/MIC/apps/gmetis/gmetis -t=145 /work/02556/dpereira/Inputs/USA-road-d.W.gr 1024
INFO: Hostname c558-401-mic0.stampede.tacc.utexas.edu
Created Graph with 6262104 nodes and 15248146 edges
Nodes 6262104| Edges 15248146 7624073

  Starting coarsening: 
Time coarsen:  2245 Size of final graph: 21834

  Sarting initial partitioning using GGGP:
Size in decade percentages:  -1,66 -0,873 1,85
Time clustering:  1045

  Sarting refinnement with BKL2
Initial dist
Size in decade percentages:  -1,66 -0,873 1,85
Refined dist
Size in decade percentages:  -1,372 0,275 1,376 2,1
Time refinement:  1347


Time:  4817
Total edge cut : 31459

Part saved in : 0x7fffef6c7d60
STATTYPE,LOOP,CATEGORY,n,sum,T0,T1,T2,T3,T4,T5,T6,T7,T8,T9,T10,T11,T12,T13,T14,T15,T16,T17,T18,T19,T20,T21,T22,T23,T24,T25,T26,T27,T28,T29,T30,T31,T32,T33,T34,T35,T36,T37,T38,T39,T40,T41,T42,T43,T44,T45,T46,T47,T48,T49,T50,T51,T52,T53,T54,T55,T56,T57,T58,T59,T60,T61,T62,T63,T64,T65,T66,T67,T68,T69,T70,T71,T72,T73,T74,T75,T76,T77,T78,T79,T80,T81,T82,T83,T84,T85,T86,T87,T88,T89,T90,T91,T92,T93,T94,T95,T96,T97,T98,T99,T100,T101,T102,T103,T104,T105,T106,T107,T108,T109,T110,T111,T112,T113,T114,T115,T116,T117,T118,T119,T120,T121,T122,T123,T124,T125,T126,T127,T128,T129,T130,T131,T132,T133,T134,T135,T136,T137,T138,T139,T140,T141,T142,T143,T144
STAT,(NULL),Coarsen,145,2245,2245,0,0,0,0,0,0,0,0,0,0,0,0,0,0,0,0,0,0,0,0,0,0,0,0,0,0,0,0,0,0,0,0,0,0,0,0,0,0,0,0,0,0,0,0,0,0,0,0,0,0,0,0,0,0,0,0,0,0,0,0,0,0,0,0,0,0,0,0,0,0,0,0,0,0,0,0,0,0,0,0,0,0,0,0,0,0,0,0,0,0,0,0,0,0,0,0,0,0,0,0,0,0,0,0,0,0,0,0,0,0,0,0,0,0,0,0,0,0,0,0,0,0,0,0,0,0,0,0,0,0,0,0,0,0,0,0,0,0,0,0,0,0,0,0
STAT,(NULL),Conflicts,145,0,0,0,0,0,0,0,0,0,0,0,0,0,0,0,0,0,0,0,0,0,0,0,0,0,0,0,0,0,0,0,0,0,0,0,0,0,0,0,0,0,0,0,0,0,0,0,0,0,0,0,0,0,0,0,0,0,0,0,0,0,0,0,0,0,0,0,0,0,0,0,0,0,0,0,0,0,0,0,0,0,0,0,0,0,0,0,0,0,0,0,0,0,0,0,0,0,0,0,0,0,0,0,0,0,0,0,0,0,0,0,0,0,0,0,0,0,0,0,0,0,0,0,0,0,0,0,0,0,0,0,0,0,0,0,0,0,0,0,0,0,0,0,0,0,0
STAT,(NULL),Iterations,145,2047,11,12,14,9,8,6,5,2,9,8,8,9,24,10,20,11,12,13,22,7,13,24,12,24,8,15,16,13,21,17,6,10,20,12,17,19,23,18,6,26,6,20,12,21,16,9,21,13,6,20,2,14,18,13,19,11,12,21,20,17,13,15,13,18,13,13,14,8,15,7,9,11,13,11,8,19,12,19,15,12,10,19,11,13,22,11,24,19,14,14,10,22,11,11,22,21,11,22,13,13,23,20,18,18,20,26,4,18,16,17,19,21,12,19,22,13,11,11,12,10,23,14,29,10,11,15,12,11,14,7,21,5,8,13,19,10,26,12,10,4,11,9,4,12,5
STAT,(NULL),MeminfoPost,145,756702,5225,5215,5233,5237,5203,5221,5225,5221,5247,5271,5224,5210,5212,5218,5231,5242,5219,5230,5200,5209,5227,5236,5202,5203,5222,5213,5239,5230,5216,5222,5203,5228,5236,5292,5233,5208,5212,5213,5224,5234,5228,5229,5207,5209,5220,5239,5210,5201,5216,5228,5216,5226,5249,5212,5231,5222,5216,5217,5210,5206,5223,5191,5216,5230,5221,5207,5214,5204,5199,5216,5197,5245,5245,5210,5207,5213,5228,5197,5189,5217,5224,5232,5232,5214,5210,5222,5202,5212,5202,5198,5207,5197,5222,5196,5233,5256,5252,5215,5206,5231,5199,5191,5218,5226,5234,5215,5206,5215,5209,5201,5194,5205,5220,5201,5250,5246,5253,5214,5210,5197,5212,5234,5258,5232,5251,5214,5206,5218,5220,5209,5200,5195,5205,5233,5194,5188,5206,5190,5229,5205,5211,5223,5220,5213,5222
STAT,(NULL),MeminfoPre,145,189172,1311,1301,1319,1323,1289,1307,1311,1307,1333,1357,1310,1296,1298,1304,1317,1328,1305,1316,1286,1295,1313,1322,1288,1289,1308,1299,1325,1316,1302,1308,1289,1314,1322,1378,1319,1294,1298,1299,1310,1320,1314,1315,1293,1295,1306,1325,1296,1287,1302,1314,1302,1312,1335,1298,1317,1308,1302,1303,1296,1292,1309,1277,1302,1316,1307,1293,1300,1290,1285,1302,1283,1331,1331,1296,1293,1299,1314,1283,1275,1303,1310,1318,1318,1300,1296,1308,1288,1298,1288,1284,1293,1283,1308,1282,1319,1342,1338,1301,1292,1317,1285,1277,1304,1312,1320,1301,1292,1301,1295,1287,1280,1291,1306,1287,1336,1332,1339,1300,1296,1283,1298,1320,1344,1318,1337,1300,1292,1304,1306,1295,1286,1281,1291,1319,1280,1274,1292,1276,1315,1291,1297,1309,1306,1299,1308
STAT,(NULL),Partition,145,1045,1045,0,0,0,0,0,0,0,0,0,0,0,0,0,0,0,0,0,0,0,0,0,0,0,0,0,0,0,0,0,0,0,0,0,0,0,0,0,0,0,0,0,0,0,0,0,0,0,0,0,0,0,0,0,0,0,0,0,0,0,0,0,0,0,0,0,0,0,0,0,0,0,0,0,0,0,0,0,0,0,0,0,0,0,0,0,0,0,0,0,0,0,0,0,0,0,0,0,0,0,0,0,0,0,0,0,0,0,0,0,0,0,0,0,0,0,0,0,0,0,0,0,0,0,0,0,0,0,0,0,0,0,0,0,0,0,0,0,0,0,0,0,0,0,0
STAT,(NULL),Refine,145,1347,1347,0,0,0,0,0,0,0,0,0,0,0,0,0,0,0,0,0,0,0,0,0,0,0,0,0,0,0,0,0,0,0,0,0,0,0,0,0,0,0,0,0,0,0,0,0,0,0,0,0,0,0,0,0,0,0,0,0,0,0,0,0,0,0,0,0,0,0,0,0,0,0,0,0,0,0,0,0,0,0,0,0,0,0,0,0,0,0,0,0,0,0,0,0,0,0,0,0,0,0,0,0,0,0,0,0,0,0,0,0,0,0,0,0,0,0,0,0,0,0,0,0,0,0,0,0,0,0,0,0,0,0,0,0,0,0,0,0,0,0,0,0,0,0,0
STAT,(NULL),Threads,145,145,145,0,0,0,0,0,0,0,0,0,0,0,0,0,0,0,0,0,0,0,0,0,0,0,0,0,0,0,0,0,0,0,0,0,0,0,0,0,0,0,0,0,0,0,0,0,0,0,0,0,0,0,0,0,0,0,0,0,0,0,0,0,0,0,0,0,0,0,0,0,0,0,0,0,0,0,0,0,0,0,0,0,0,0,0,0,0,0,0,0,0,0,0,0,0,0,0,0,0,0,0,0,0,0,0,0,0,0,0,0,0,0,0,0,0,0,0,0,0,0,0,0,0,0,0,0,0,0,0,0,0,0,0,0,0,0,0,0,0,0,0,0,0,0,0
STAT,(NULL),Time,145,4817,4817,0,0,0,0,0,0,0,0,0,0,0,0,0,0,0,0,0,0,0,0,0,0,0,0,0,0,0,0,0,0,0,0,0,0,0,0,0,0,0,0,0,0,0,0,0,0,0,0,0,0,0,0,0,0,0,0,0,0,0,0,0,0,0,0,0,0,0,0,0,0,0,0,0,0,0,0,0,0,0,0,0,0,0,0,0,0,0,0,0,0,0,0,0,0,0,0,0,0,0,0,0,0,0,0,0,0,0,0,0,0,0,0,0,0,0,0,0,0,0,0,0,0,0,0,0,0,0,0,0,0,0,0,0,0,0,0,0,0,0,0,0,0,0,0
STAT,match,Conflicts,145,5650,70,57,56,44,47,55,49,58,49,57,55,44,57,56,42,52,47,54,55,43,37,44,48,53,39,43,47,52,47,40,49,47,46,33,44,41,43,41,47,34,45,51,34,54,44,47,53,39,38,33,45,27,43,38,50,39,56,40,39,41,40,30,37,33,31,40,39,32,27,35,44,28,27,31,37,41,23,33,33,33,45,29,28,43,34,41,32,30,36,46,34,34,34,40,29,33,34,36,38,37,32,43,36,31,30,31,33,47,32,34,29,38,30,38,32,27,28,37,37,39,27,30,39,39,36,39,34,26,23,29,32,35,30,32,27,25,31,41,31,28,37,39,28,32,31
STAT,match,Iterations,145,14978985,63354,80592,76546,79571,81676,85195,93639,65598,93329,80711,80012,72038,77591,70519,82337,90586,76880,85508,67591,99667,106335,67602,94343,111907,105082,105380,88788,104818,84231,106453,104089,99923,102925,110048,90936,109187,105541,92810,98624,113015,109127,98778,117515,108759,117538,109625,100935,123079,115789,105137,104424,121835,101508,109220,80186,114644,81507,115066,108876,107908,85685,101137,95432,92996,100272,96674,94247,100207,103782,92995,89355,110157,101366,110549,91714,98439,111257,107390,123187,87548,81251,91631,116453,93727,110487,122824,139938,118618,132082,106651,112525,125766,127507,101705,110841,89683,117085,109179,111030,122419,115871,120989,107553,137536,131382,129566,132225,113964,127274,125288,130498,125496,117165,105210,123028,129715,120112,113245,125213,107709,121848,121281,76091,106127,81434,84587,99349,99327,118302,115816,104664,101602,112236,91728,113699,112126,83128,80601,101781,125479,79488,112078,102666,106087,96197
STAT,popedge,Conflicts,145,0,0,0,0,0,0,0,0,0,0,0,0,0,0,0,0,0,0,0,0,0,0,0,0,0,0,0,0,0,0,0,0,0,0,0,0,0,0,0,0,0,0,0,0,0,0,0,0,0,0,0,0,0,0,0,0,0,0,0,0,0,0,0,0,0,0,0,0,0,0,0,0,0,0,0,0,0,0,0,0,0,0,0,0,0,0,0,0,0,0,0,0,0,0,0,0,0,0,0,0,0,0,0,0,0,0,0,0,0,0,0,0,0,0,0,0,0,0,0,0,0,0,0,0,0,0,0,0,0,0,0,0,0,0,0,0,0,0,0,0,0,0,0,0,0,0
STAT,popedge,Iterations,145,7341021,46547,48847,45163,46717,46464,44971,46324,48855,46057,48436,48184,46220,48427,47284,46582,42583,48258,49883,49653,48335,45354,47933,48607,53573,54040,55659,51598,53819,57044,53820,53354,55531,53821,53937,52810,52684,52520,56215,53464,51121,53028,55407,56921,54510,54776,55939,55682,55536,52959,51338,53915,49954,52136,50364,50239,49253,53114,49274,51453,53031,55253,46534,44283,45331,45762,46679,44305,45245,45593,43288,47730,45495,46232,45220,48526,46492,44175,49649,48548,49288,46004,48158,45662,46559,55833,52799,57262,53595,51641,56827,58164,55841,54305,57667,54249,52700,56750,52970,54884,56123,54391,55863,56540,55910,55261,54307,53135,54638,58681,52224,55663,55992,50574,50241,53808,54063,54313,52209,51785,54128,54052,54102,46946,47863,45112,49253,47154,45725,46177,46737,44249,48369,46579,44585,45308,48480,51749,43644,48273,49424,50144,48611,49545,47675,46395
STAT,refine,Conflicts,145,5161,87,88,82,84,72,77,77,73,61,63,54,69,65,64,63,56,48,50,46,62,49,49,53,43,52,53,57,55,53,49,50,45,42,44,33,45,49,29,58,46,27,33,43,40,44,49,39,39,53,27,36,41,44,45,37,50,31,45,43,49,32,20,24,23,19,19,30,25,16,23,19,14,19,34,32,18,28,27,24,16,26,13,24,23,20,16,24,27,29,28,25,28,29,22,32,20,30,30,24,36,26,24,29,15,21,23,30,28,24,37,26,28,20,23,31,26,33,19,35,34,35,23,17,32,23,20,24,19,23,23,15,21,24,27,17,20,26,16,19,14,15,25,25,20,28
STAT,refine,Iterations,145,429533,2067,2659,2705,2362,2108,2157,2428,1719,2819,2827,2516,2545,2159,1986,2281,2994,2194,2650,1769,2515,2776,1916,2853,2715,2962,2576,2673,2739,2653,3019,2776,3579,3494,4758,3871,3033,3158,2550,3419,3304,3516,3233,4479,3920,3827,4053,3210,3657,3008,2675,3443,3433,3101,3348,2703,3881,2446,3464,3353,3175,3054,2464,2897,3243,2294,1719,2099,2184,2273,2567,2568,2545,2503,2396,2486,2102,3207,2514,2521,2129,2713,2523,2811,2389,2647,3085,3199,2896,2911,3509,3381,3380,3741,3693,4402,3739,4283,3601,3198,4334,2884,3044,3844,4071,4163,3590,3396,3217,3355,3323,3817,4049,3170,3322,4758,4101,4574,2942,3581,3442,4062,3563,2571,3468,3163,2148,1970,2251,2330,2285,2320,2166,2246,2670,2292,2065,2313,2579,2563,2919,2083,2826,2649,2352,2627
