Hello from MIC
Galois Benchmark Suite v2.2.0 (r0)
Copyright (C) 2013 The University of Texas at Austin
http://iss.ices.utexas.edu/galois/

application: GMetis
Partitions a graph into K parts and minimizing the graph cut
http://iss.ices.utexas.edu/?p=projects/galois/benchmarks/gMetis

INFO: CommandLine /work/02556/dpereira/MIC/apps/gmetis/gmetis -t=52 /work/02556/dpereira/Inputs/USA-road-d.W.gr 16
INFO: Hostname c557-901-mic0.stampede.tacc.utexas.edu
Created Graph with 6262104 nodes and 15248146 edges
Nodes 6262104| Edges 15248146 7624073

  Starting coarsening: 
Time coarsen:  2599 Size of final graph: 419

  Sarting initial partitioning using GGGP:
Size in decade percentages:  -1,2 -0,14
Time clustering:  353

  Sarting refinnement with BKL2
Initial dist
Size in decade percentages:  -1,2 -0,14
Refined dist
Size in decade percentages:  -1,7 0,3 1,6
Time refinement:  688


Time:  3813
Total edge cut : 1929

Part saved in : 0x7fffaee8ea60
STATTYPE,LOOP,CATEGORY,n,sum,T0,T1,T2,T3,T4,T5,T6,T7,T8,T9,T10,T11,T12,T13,T14,T15,T16,T17,T18,T19,T20,T21,T22,T23,T24,T25,T26,T27,T28,T29,T30,T31,T32,T33,T34,T35,T36,T37,T38,T39,T40,T41,T42,T43,T44,T45,T46,T47,T48,T49,T50,T51
STAT,(NULL),Coarsen,52,2599,2599,0,0,0,0,0,0,0,0,0,0,0,0,0,0,0,0,0,0,0,0,0,0,0,0,0,0,0,0,0,0,0,0,0,0,0,0,0,0,0,0,0,0,0,0,0,0,0,0,0,0,0
STAT,(NULL),Conflicts,52,0,0,0,0,0,0,0,0,0,0,0,0,0,0,0,0,0,0,0,0,0,0,0,0,0,0,0,0,0,0,0,0,0,0,0,0,0,0,0,0,0,0,0,0,0,0,0,0,0,0,0,0,0
STAT,(NULL),Iterations,52,31,5,2,0,0,4,2,3,3,3,3,0,0,0,0,0,0,0,0,0,1,1,0,0,0,0,0,0,0,0,3,0,0,0,0,0,0,0,0,0,0,0,0,0,0,0,0,0,0,0,0,0,1
STAT,(NULL),MeminfoPost,52,756218,14565,14550,14553,14617,14531,14571,14538,14552,14522,14570,14530,14592,14591,14540,14576,14520,14553,14539,14579,14553,14530,14523,14533,14530,14495,14574,14528,14528,14518,14569,14527,14502,14494,14538,14621,14525,14501,14562,14519,14502,14518,14629,14504,14584,14600,14520,14511,14523,14491,14503,14535,14539
STAT,(NULL),MeminfoPre,52,189054,3658,3643,3646,3710,3624,3664,3631,3645,3615,3663,3623,3685,3684,3633,3669,3613,3646,3632,3672,3646,3623,3616,3626,3623,3588,3667,3621,3621,3611,3662,3620,3595,3587,3631,3714,3618,3594,3655,3612,3595,3611,3722,3597,3677,3693,3613,3604,3616,3584,3596,3628,3632
STAT,(NULL),Partition,52,353,353,0,0,0,0,0,0,0,0,0,0,0,0,0,0,0,0,0,0,0,0,0,0,0,0,0,0,0,0,0,0,0,0,0,0,0,0,0,0,0,0,0,0,0,0,0,0,0,0,0,0,0
STAT,(NULL),Refine,52,688,688,0,0,0,0,0,0,0,0,0,0,0,0,0,0,0,0,0,0,0,0,0,0,0,0,0,0,0,0,0,0,0,0,0,0,0,0,0,0,0,0,0,0,0,0,0,0,0,0,0,0,0
STAT,(NULL),Threads,52,52,52,0,0,0,0,0,0,0,0,0,0,0,0,0,0,0,0,0,0,0,0,0,0,0,0,0,0,0,0,0,0,0,0,0,0,0,0,0,0,0,0,0,0,0,0,0,0,0,0,0,0,0
STAT,(NULL),Time,52,3813,3813,0,0,0,0,0,0,0,0,0,0,0,0,0,0,0,0,0,0,0,0,0,0,0,0,0,0,0,0,0,0,0,0,0,0,0,0,0,0,0,0,0,0,0,0,0,0,0,0,0,0,0
STAT,match,Conflicts,52,4754,185,126,115,124,110,114,147,100,82,118,106,95,95,85,86,117,105,89,74,94,83,99,89,72,88,84,66,107,63,96,66,63,74,76,71,71,68,97,83,71,64,72,93,78,92,93,63,73,93,117,90,72
STAT,match,Iterations,52,14961859,258494,264999,278112,264567,274454,269839,292642,279840,295404,301437,294406,280134,294520,286808,296349,299704,288948,280076,274795,284459,290757,281272,288296,280347,289209,287621,291369,310194,295746,289268,298433,278515,299293,295298,276202,292556,292321,280058,296930,298111,278194,269195,290349,281188,287310,290868,306337,301821,313361,289323,291161,290969
STAT,popedge,Conflicts,52,0,0,0,0,0,0,0,0,0,0,0,0,0,0,0,0,0,0,0,0,0,0,0,0,0,0,0,0,0,0,0,0,0,0,0,0,0,0,0,0,0,0,0,0,0,0,0,0,0,0,0,0,0
STAT,popedge,Iterations,52,7331268,138085,143247,138396,134386,139980,135345,139954,140478,140664,138074,140321,138064,137661,138318,136717,139489,144147,132138,126274,125154,130244,137848,138644,139442,138305,136364,143630,146535,140181,141510,143774,135442,143166,143812,139353,138562,141900,139872,141775,140219,141690,133358,134690,142024,153199,153369,156714,156406,154103,154072,153008,151165
STAT,refine,Conflicts,52,3030,124,128,111,113,100,105,103,75,75,69,83,73,84,82,62,42,66,58,62,58,53,56,50,59,63,53,28,36,31,62,52,13,37,45,44,37,37,46,38,57,38,45,45,44,37,40,51,24,31,44,35,26
STAT,refine,Iterations,52,37801,685,966,533,1025,921,666,531,721,875,608,731,421,1103,718,611,362,834,623,640,586,662,588,580,934,658,998,539,494,478,1019,738,585,700,862,1038,485,300,1067,892,830,934,1074,649,851,692,804,790,466,565,866,686,817
