Hello from MIC
Galois Benchmark Suite v2.2.0 (r0)
Copyright (C) 2013 The University of Texas at Austin
http://iss.ices.utexas.edu/galois/

application: GMetis
Partitions a graph into K parts and minimizing the graph cut
http://iss.ices.utexas.edu/?p=projects/galois/benchmarks/gMetis

INFO: CommandLine /work/02556/dpereira/MIC/apps/gmetis/gmetis -t=42 /work/02556/dpereira/Inputs/USA-road-d.W.gr 128
INFO: Hostname c557-901-mic0.stampede.tacc.utexas.edu
Created Graph with 6262104 nodes and 15248146 edges
Nodes 6262104| Edges 15248146 7624073

  Starting coarsening: 
Time coarsen:  2924 Size of final graph: 3017

  Sarting initial partitioning using GGGP:
Size in decade percentages:  -1,3 -0,122 1,3
Time clustering:  393

  Sarting refinnement with BKL2
Initial dist
Size in decade percentages:  -1,3 -0,122 1,3
Refined dist
Size in decade percentages:  -1,49 -0,28 1,51
Time refinement:  627


Time:  4119
Total edge cut : 7455

Part saved in : 0x7fff43e331e0
STATTYPE,LOOP,CATEGORY,n,sum,T0,T1,T2,T3,T4,T5,T6,T7,T8,T9,T10,T11,T12,T13,T14,T15,T16,T17,T18,T19,T20,T21,T22,T23,T24,T25,T26,T27,T28,T29,T30,T31,T32,T33,T34,T35,T36,T37,T38,T39,T40,T41
STAT,(NULL),Coarsen,42,2924,2924,0,0,0,0,0,0,0,0,0,0,0,0,0,0,0,0,0,0,0,0,0,0,0,0,0,0,0,0,0,0,0,0,0,0,0,0,0,0,0,0,0
STAT,(NULL),Conflicts,42,0,0,0,0,0,0,0,0,0,0,0,0,0,0,0,0,0,0,0,0,0,0,0,0,0,0,0,0,0,0,0,0,0,0,0,0,0,0,0,0,0,0,0
STAT,(NULL),Iterations,42,255,11,3,4,3,1,7,6,11,7,13,8,7,6,7,4,5,8,7,13,17,5,4,7,5,4,2,7,7,5,6,9,4,4,3,7,3,3,4,3,7,5,3
STAT,(NULL),MeminfoPost,42,756162,18027,18007,18101,17986,18038,17988,17995,18024,18001,18116,17979,18041,17986,18000,18013,18043,18000,17960,18012,17961,18021,17986,17960,18040,17986,17954,17967,18052,18014,17959,18010,17962,17958,18096,17965,18087,18007,17965,17972,17922,18000,18001
STAT,(NULL),MeminfoPre,42,189036,4524,4504,4598,4483,4535,4485,4492,4521,4498,4613,4476,4538,4483,4497,4510,4540,4497,4457,4509,4458,4518,4483,4457,4537,4483,4451,4464,4549,4511,4456,4507,4459,4455,4593,4462,4584,4504,4462,4469,4419,4497,4498
STAT,(NULL),Partition,42,393,393,0,0,0,0,0,0,0,0,0,0,0,0,0,0,0,0,0,0,0,0,0,0,0,0,0,0,0,0,0,0,0,0,0,0,0,0,0,0,0,0,0
STAT,(NULL),Refine,42,627,627,0,0,0,0,0,0,0,0,0,0,0,0,0,0,0,0,0,0,0,0,0,0,0,0,0,0,0,0,0,0,0,0,0,0,0,0,0,0,0,0,0
STAT,(NULL),Threads,42,42,42,0,0,0,0,0,0,0,0,0,0,0,0,0,0,0,0,0,0,0,0,0,0,0,0,0,0,0,0,0,0,0,0,0,0,0,0,0,0,0,0,0
STAT,(NULL),Time,42,4119,4119,0,0,0,0,0,0,0,0,0,0,0,0,0,0,0,0,0,0,0,0,0,0,0,0,0,0,0,0,0,0,0,0,0,0,0,0,0,0,0,0,0
STAT,match,Conflicts,42,5439,296,240,223,198,196,223,252,162,209,198,138,119,192,209,81,77,92,111,95,83,99,75,107,89,81,101,96,78,96,78,88,89,82,92,88,113,104,92,112,85,120,80
STAT,match,Iterations,42,14977218,339123,364439,321674,372813,335362,365879,355139,343581,345391,320450,354123,355823,362868,351412,343866,339466,359971,360491,341819,356331,324013,362865,371809,356981,387840,391428,361769,361451,360152,385080,360572,364630,373081,267896,361747,351735,374052,379163,366077,389997,368555,366304
STAT,popedge,Conflicts,42,0,0,0,0,0,0,0,0,0,0,0,0,0,0,0,0,0,0,0,0,0,0,0,0,0,0,0,0,0,0,0,0,0,0,0,0,0,0,0,0,0,0,0
STAT,popedge,Iterations,42,7340850,169475,175335,168934,174115,165654,176656,179105,172472,173680,167885,176448,167843,174308,176621,162037,158441,162346,173264,163927,171704,171796,175418,184249,175075,175459,184182,178428,173805,169888,173110,170338,173730,173958,148372,169440,185035,191533,190505,196306,185167,193679,191127
STAT,refine,Conflicts,42,2298,112,103,99,82,78,69,79,58,70,68,64,52,65,56,70,61,55,61,44,56,52,52,38,37,35,38,44,43,48,49,45,38,39,44,54,35,37,33,37,34,28,36
STAT,refine,Iterations,42,122513,2511,3311,3488,2905,2381,2655,2685,2679,2962,4405,3036,3066,2543,3004,2992,3440,3057,2830,2796,2919,3333,3254,2838,2689,2754,2457,2850,3337,2866,2447,2848,2316,2957,3073,2732,3597,2790,2315,2179,2340,3132,3744
