Hello from MIC
Galois Benchmark Suite v2.2.0 (r0)
Copyright (C) 2013 The University of Texas at Austin
http://iss.ices.utexas.edu/galois/

application: GMetis
Partitions a graph into K parts and minimizing the graph cut
http://iss.ices.utexas.edu/?p=projects/galois/benchmarks/gMetis

INFO: CommandLine /work/02556/dpereira/MIC/apps/gmetis/gmetis -t=54 /work/02556/dpereira/Inputs/USA-road-d.W.gr 1024
INFO: Hostname c557-803-mic0.stampede.tacc.utexas.edu
Created Graph with 6262104 nodes and 15248146 edges
Nodes 6262104| Edges 15248146 7624073

  Starting coarsening: 
Time coarsen:  2351 Size of final graph: 40370

  Sarting initial partitioning using GGGP:
Size in decade percentages:  -0,1024
Time clustering:  1250

  Sarting refinnement with BKL2
Initial dist
Size in decade percentages:  -0,1024
Refined dist
Size in decade percentages:  -1,361 0,308 1,354 2,1
Time refinement:  830


Time:  4610
Total edge cut : 36766

Part saved in : 0x7fff21691a60
STATTYPE,LOOP,CATEGORY,n,sum,T0,T1,T2,T3,T4,T5,T6,T7,T8,T9,T10,T11,T12,T13,T14,T15,T16,T17,T18,T19,T20,T21,T22,T23,T24,T25,T26,T27,T28,T29,T30,T31,T32,T33,T34,T35,T36,T37,T38,T39,T40,T41,T42,T43,T44,T45,T46,T47,T48,T49,T50,T51,T52,T53
STAT,(NULL),Coarsen,54,2351,2351,0,0,0,0,0,0,0,0,0,0,0,0,0,0,0,0,0,0,0,0,0,0,0,0,0,0,0,0,0,0,0,0,0,0,0,0,0,0,0,0,0,0,0,0,0,0,0,0,0,0,0,0,0
STAT,(NULL),Conflicts,54,0,0,0,0,0,0,0,0,0,0,0,0,0,0,0,0,0,0,0,0,0,0,0,0,0,0,0,0,0,0,0,0,0,0,0,0,0,0,0,0,0,0,0,0,0,0,0,0,0,0,0,0,0,0,0
STAT,(NULL),Iterations,54,2047,11,44,52,38,14,38,46,47,36,51,64,18,31,36,45,56,44,30,23,17,32,17,16,22,38,51,39,45,33,37,51,53,45,43,11,56,47,27,23,44,44,50,39,51,35,31,17,51,50,43,51,42,41,31
STAT,(NULL),MeminfoPost,54,756273,14021,14025,14003,14097,13978,14046,13996,14007,13988,14015,14026,14005,14102,13975,14047,14000,14005,13991,14010,14040,14014,13993,13977,14014,13985,13958,14037,13992,13994,13974,14040,13987,13980,13953,13973,14071,14001,13973,14021,14001,13972,13969,14028,14047,13969,14067,14031,13997,13961,13995,13946,13975,13998,14003
STAT,(NULL),MeminfoPre,54,189057,3517,3521,3499,3593,3474,3542,3492,3503,3484,3511,3522,3501,3598,3471,3543,3496,3501,3487,3506,3536,3510,3489,3473,3510,3481,3454,3533,3488,3490,3470,3536,3483,3476,3449,3469,3567,3497,3469,3517,3497,3468,3465,3524,3543,3465,3563,3527,3493,3457,3491,3442,3471,3494,3499
STAT,(NULL),Partition,54,1250,1250,0,0,0,0,0,0,0,0,0,0,0,0,0,0,0,0,0,0,0,0,0,0,0,0,0,0,0,0,0,0,0,0,0,0,0,0,0,0,0,0,0,0,0,0,0,0,0,0,0,0,0,0,0
STAT,(NULL),Refine,54,830,830,0,0,0,0,0,0,0,0,0,0,0,0,0,0,0,0,0,0,0,0,0,0,0,0,0,0,0,0,0,0,0,0,0,0,0,0,0,0,0,0,0,0,0,0,0,0,0,0,0,0,0,0,0
STAT,(NULL),Threads,54,54,54,0,0,0,0,0,0,0,0,0,0,0,0,0,0,0,0,0,0,0,0,0,0,0,0,0,0,0,0,0,0,0,0,0,0,0,0,0,0,0,0,0,0,0,0,0,0,0,0,0,0,0,0,0
STAT,(NULL),Time,54,4610,4610,0,0,0,0,0,0,0,0,0,0,0,0,0,0,0,0,0,0,0,0,0,0,0,0,0,0,0,0,0,0,0,0,0,0,0,0,0,0,0,0,0,0,0,0,0,0,0,0,0,0,0,0,0
STAT,match,Conflicts,54,4764,225,156,158,124,146,121,114,100,141,141,95,117,115,134,96,91,107,108,81,68,52,56,80,73,71,94,80,56,57,65,48,73,61,63,55,90,78,59,51,60,52,55,45,60,72,58,60,55,66,84,90,112,141,54
STAT,match,Iterations,54,14867390,247376,266701,258052,248117,269914,261776,274174,280890,277754,261569,268564,270489,241253,279602,260501,280924,277442,284716,262594,259764,274693,269219,280414,265624,281982,267415,273088,279370,278306,286418,288634,278613,274981,301986,288577,275901,279091,274387,280018,257855,283654,297026,256854,265099,289608,270858,296047,291577,303828,285012,304011,291204,261482,282386
STAT,popedge,Conflicts,54,0,0,0,0,0,0,0,0,0,0,0,0,0,0,0,0,0,0,0,0,0,0,0,0,0,0,0,0,0,0,0,0,0,0,0,0,0,0,0,0,0,0,0,0,0,0,0,0,0,0,0,0,0,0,0
STAT,popedge,Iterations,54,7284854,134682,133916,137281,127436,137906,128194,136826,134842,140490,134455,133492,134487,131265,137412,128786,133197,131994,137821,122324,122690,121222,126425,134127,129562,130537,132826,127787,139626,139711,141184,131276,137831,140039,137393,136960,134438,130926,135590,129004,131551,134411,131176,132519,127988,126758,139023,145767,146813,145385,141646,147805,146751,146601,144700
STAT,refine,Conflicts,54,2594,82,65,64,62,45,67,61,59,63,55,68,59,58,63,52,49,46,56,66,51,67,59,51,51,46,40,56,50,31,39,37,33,41,40,28,47,49,42,54,37,34,40,44,61,38,39,39,25,31,32,31,26,33,32
STAT,refine,Iterations,54,470765,8468,8833,7680,10956,8198,9271,9117,8722,7978,7793,8095,8157,10868,7313,8433,9229,8007,7975,7447,9079,8880,7762,7999,8275,7356,7420,9322,8792,8883,8180,9369,7813,7208,8636,8520,10686,9205,8357,9859,8375,8256,10659,10436,10037,8349,11386,9437,8038,8955,7643,7982,8688,8238,10145
