Hello from MIC
Galois Benchmark Suite v2.2.0 (r0)
Copyright (C) 2013 The University of Texas at Austin
http://iss.ices.utexas.edu/galois/

application: GMetis
Partitions a graph into K parts and minimizing the graph cut
http://iss.ices.utexas.edu/?p=projects/galois/benchmarks/gMetis

INFO: CommandLine /work/02556/dpereira/MIC/apps/gmetis/gmetis -t=58 /work/02556/dpereira/Inputs/USA-road-d.W.gr 1024
INFO: Hostname c558-304-mic0.stampede.tacc.utexas.edu
Created Graph with 6262104 nodes and 15248146 edges
Nodes 6262104| Edges 15248146 7624073

  Starting coarsening: 
Time coarsen:  2276 Size of final graph: 40493

  Sarting initial partitioning using GGGP:
Size in decade percentages:  -0,1024
Time clustering:  1352

  Sarting refinnement with BKL2
Initial dist
Size in decade percentages:  -0,1024
Refined dist
Size in decade percentages:  -1,348 0,318 1,358
Time refinement:  854


Time:  4661
Total edge cut : 36709

Part saved in : 0x7fff05af85e0
STATTYPE,LOOP,CATEGORY,n,sum,T0,T1,T2,T3,T4,T5,T6,T7,T8,T9,T10,T11,T12,T13,T14,T15,T16,T17,T18,T19,T20,T21,T22,T23,T24,T25,T26,T27,T28,T29,T30,T31,T32,T33,T34,T35,T36,T37,T38,T39,T40,T41,T42,T43,T44,T45,T46,T47,T48,T49,T50,T51,T52,T53,T54,T55,T56,T57
STAT,(NULL),Coarsen,58,2276,2276,0,0,0,0,0,0,0,0,0,0,0,0,0,0,0,0,0,0,0,0,0,0,0,0,0,0,0,0,0,0,0,0,0,0,0,0,0,0,0,0,0,0,0,0,0,0,0,0,0,0,0,0,0,0,0,0,0
STAT,(NULL),Conflicts,58,0,0,0,0,0,0,0,0,0,0,0,0,0,0,0,0,0,0,0,0,0,0,0,0,0,0,0,0,0,0,0,0,0,0,0,0,0,0,0,0,0,0,0,0,0,0,0,0,0,0,0,0,0,0,0,0,0,0,0
STAT,(NULL),Iterations,58,2047,11,41,51,43,33,32,29,29,44,68,22,32,45,37,31,31,34,43,29,27,39,24,19,34,38,40,32,39,33,25,26,38,15,38,36,30,29,55,48,38,30,37,51,37,26,48,37,36,42,35,36,35,40,35,13,48,47,26
STAT,(NULL),MeminfoPost,58,756312,13050,13049,13041,13132,13034,13047,13067,13019,13052,13025,13055,13051,13046,13132,13009,13068,13062,13019,13041,13041,13074,13048,13045,13011,13013,13055,13021,13006,13060,13030,13033,12998,13066,13033,13024,12998,13018,13023,13114,13032,12991,13063,13029,13004,13012,13045,13099,13008,13070,13104,13036,13018,12988,13025,12983,13021,13036,13038
STAT,(NULL),MeminfoPre,58,189072,3270,3269,3261,3352,3254,3267,3287,3239,3272,3245,3275,3271,3266,3352,3229,3288,3282,3239,3261,3261,3294,3268,3265,3231,3233,3275,3241,3226,3280,3250,3253,3218,3286,3253,3244,3218,3238,3243,3334,3252,3211,3283,3249,3224,3232,3265,3319,3228,3290,3324,3256,3238,3208,3245,3203,3241,3256,3258
STAT,(NULL),Partition,58,1352,1352,0,0,0,0,0,0,0,0,0,0,0,0,0,0,0,0,0,0,0,0,0,0,0,0,0,0,0,0,0,0,0,0,0,0,0,0,0,0,0,0,0,0,0,0,0,0,0,0,0,0,0,0,0,0,0,0,0
STAT,(NULL),Refine,58,854,854,0,0,0,0,0,0,0,0,0,0,0,0,0,0,0,0,0,0,0,0,0,0,0,0,0,0,0,0,0,0,0,0,0,0,0,0,0,0,0,0,0,0,0,0,0,0,0,0,0,0,0,0,0,0,0,0,0
STAT,(NULL),Threads,58,58,58,0,0,0,0,0,0,0,0,0,0,0,0,0,0,0,0,0,0,0,0,0,0,0,0,0,0,0,0,0,0,0,0,0,0,0,0,0,0,0,0,0,0,0,0,0,0,0,0,0,0,0,0,0,0,0,0,0
STAT,(NULL),Time,58,4661,4661,0,0,0,0,0,0,0,0,0,0,0,0,0,0,0,0,0,0,0,0,0,0,0,0,0,0,0,0,0,0,0,0,0,0,0,0,0,0,0,0,0,0,0,0,0,0,0,0,0,0,0,0,0,0,0,0,0
STAT,match,Conflicts,58,4553,170,116,98,167,108,96,112,124,88,64,80,88,75,137,91,87,79,75,61,82,61,67,80,70,73,59,88,74,74,54,52,83,64,67,49,54,74,83,41,50,64,69,72,48,66,69,71,52,59,85,72,46,87,86,87,75,72,58
STAT,match,Iterations,58,14880227,236936,242927,248971,232602,258189,252354,250066,263357,263761,252376,251906,255137,253587,231765,260542,259915,255533,275883,270707,242762,249368,242223,259336,264465,258300,246344,245176,263824,239341,260692,265002,275815,245429,257593,254538,277528,276903,247311,247554,263161,273839,242804,258309,271457,261976,247032,234940,254766,257399,255336,242786,278970,268603,267622,272608,259496,265785,267320
STAT,popedge,Conflicts,58,0,0,0,0,0,0,0,0,0,0,0,0,0,0,0,0,0,0,0,0,0,0,0,0,0,0,0,0,0,0,0,0,0,0,0,0,0,0,0,0,0,0,0,0,0,0,0,0,0,0,0,0,0,0,0,0,0,0,0
STAT,popedge,Iterations,58,7291954,123654,124575,125966,119572,123049,122957,119912,124773,123385,128330,123637,124533,126352,120736,127052,121729,119974,125779,127509,117678,117259,113210,114078,121147,123114,120906,124842,122621,122211,128100,126751,131655,127199,125497,131952,128210,129321,129423,120569,123007,125818,123284,124427,124937,125747,124985,118303,118875,125233,136124,129063,135289,138981,134392,142141,137982,140648,133501
STAT,refine,Conflicts,58,2615,70,58,60,51,50,59,60,63,48,51,51,59,59,45,34,52,56,35,39,45,52,41,51,54,48,45,47,46,46,45,28,46,46,45,43,25,41,43,44,36,37,49,39,40,57,48,44,56,39,37,27,34,28,35,33,29,39,27
STAT,refine,Iterations,58,471542,6811,7116,6811,10149,7633,8562,8334,7588,7646,8286,7475,7831,7385,10969,7490,8504,8478,8016,8258,7869,8798,8254,8286,7946,7956,7791,7512,8692,9404,9075,9215,7416,8862,8762,8039,8505,9555,8296,11672,8518,6458,7541,6902,6592,7820,8390,8807,6696,9201,9412,6735,7227,6700,7486,7034,7733,8137,8906
