Hello from MIC
Galois Benchmark Suite v2.2.0 (r0)
Copyright (C) 2013 The University of Texas at Austin
http://iss.ices.utexas.edu/galois/

application: GMetis
Partitions a graph into K parts and minimizing the graph cut
http://iss.ices.utexas.edu/?p=projects/galois/benchmarks/gMetis

INFO: CommandLine /work/02556/dpereira/MIC/apps/gmetis/gmetis -t=67 /work/02556/dpereira/Inputs/USA-road-d.W.gr 1024
INFO: Hostname c558-304-mic0.stampede.tacc.utexas.edu
Created Graph with 6262104 nodes and 15248146 edges
Nodes 6262104| Edges 15248146 7624073

  Starting coarsening: 
Time coarsen:  2143 Size of final graph: 40814

  Sarting initial partitioning using GGGP:
Size in decade percentages:  -1,1 -0,1022 1,1
Time clustering:  1486

  Sarting refinnement with BKL2
Initial dist
Size in decade percentages:  -1,1 -0,1022 1,1
Refined dist
Size in decade percentages:  -1,351 0,312 1,360 2,1
Time refinement:  853


Time:  4661
Total edge cut : 36289

Part saved in : 0x7fffac1934e0
STATTYPE,LOOP,CATEGORY,n,sum,T0,T1,T2,T3,T4,T5,T6,T7,T8,T9,T10,T11,T12,T13,T14,T15,T16,T17,T18,T19,T20,T21,T22,T23,T24,T25,T26,T27,T28,T29,T30,T31,T32,T33,T34,T35,T36,T37,T38,T39,T40,T41,T42,T43,T44,T45,T46,T47,T48,T49,T50,T51,T52,T53,T54,T55,T56,T57,T58,T59,T60,T61,T62,T63,T64,T65,T66
STAT,(NULL),Coarsen,67,2143,2143,0,0,0,0,0,0,0,0,0,0,0,0,0,0,0,0,0,0,0,0,0,0,0,0,0,0,0,0,0,0,0,0,0,0,0,0,0,0,0,0,0,0,0,0,0,0,0,0,0,0,0,0,0,0,0,0,0,0,0,0,0,0,0,0,0,0
STAT,(NULL),Conflicts,67,0,0,0,0,0,0,0,0,0,0,0,0,0,0,0,0,0,0,0,0,0,0,0,0,0,0,0,0,0,0,0,0,0,0,0,0,0,0,0,0,0,0,0,0,0,0,0,0,0,0,0,0,0,0,0,0,0,0,0,0,0,0,0,0,0,0,0,0
STAT,(NULL),Iterations,67,2047,11,38,31,23,20,28,37,17,31,12,19,36,28,33,34,32,33,43,27,37,26,42,30,14,30,34,28,41,12,30,25,29,34,44,35,37,38,43,27,34,31,43,28,42,38,37,24,27,32,24,24,17,36,31,25,52,29,23,29,39,42,33,36,44,10,26,22
STAT,(NULL),MeminfoPost,67,756371,11297,11308,11278,11313,11373,11268,11308,11311,11275,11307,11260,11283,11317,11289,11301,11380,11273,11287,11322,11280,11289,11285,11285,11298,11314,11300,11283,11283,11252,11305,11272,11255,11274,11335,11258,11283,11256,11312,11297,11271,11267,11249,11269,11291,11354,11265,11264,11286,11306,11269,11258,11268,11280,11362,11279,11259,11351,11333,11275,11275,11246,11283,11234,11279,11256,11293,11283
STAT,(NULL),MeminfoPre,67,189082,2830,2841,2811,2846,2906,2801,2841,2844,2808,2840,2793,2816,2850,2822,2834,2913,2806,2820,2855,2813,2822,2818,2818,2831,2847,2833,2816,2816,2785,2838,2805,2788,2807,2868,2791,2816,2789,2845,2830,2804,2800,2782,2802,2824,2887,2798,2797,2819,2839,2802,2791,2801,2813,2895,2812,2792,2884,2866,2808,2808,2779,2816,2767,2812,2789,2826,2816
STAT,(NULL),Partition,67,1486,1486,0,0,0,0,0,0,0,0,0,0,0,0,0,0,0,0,0,0,0,0,0,0,0,0,0,0,0,0,0,0,0,0,0,0,0,0,0,0,0,0,0,0,0,0,0,0,0,0,0,0,0,0,0,0,0,0,0,0,0,0,0,0,0,0,0,0
STAT,(NULL),Refine,67,853,853,0,0,0,0,0,0,0,0,0,0,0,0,0,0,0,0,0,0,0,0,0,0,0,0,0,0,0,0,0,0,0,0,0,0,0,0,0,0,0,0,0,0,0,0,0,0,0,0,0,0,0,0,0,0,0,0,0,0,0,0,0,0,0,0,0,0
STAT,(NULL),Threads,67,67,67,0,0,0,0,0,0,0,0,0,0,0,0,0,0,0,0,0,0,0,0,0,0,0,0,0,0,0,0,0,0,0,0,0,0,0,0,0,0,0,0,0,0,0,0,0,0,0,0,0,0,0,0,0,0,0,0,0,0,0,0,0,0,0,0,0,0
STAT,(NULL),Time,67,4661,4661,0,0,0,0,0,0,0,0,0,0,0,0,0,0,0,0,0,0,0,0,0,0,0,0,0,0,0,0,0,0,0,0,0,0,0,0,0,0,0,0,0,0,0,0,0,0,0,0,0,0,0,0,0,0,0,0,0,0,0,0,0,0,0,0,0,0
STAT,match,Conflicts,67,4871,190,167,157,152,161,119,86,75,82,82,68,69,78,76,58,47,70,64,61,62,66,51,68,66,67,61,71,72,68,72,62,51,55,76,70,57,51,60,64,60,51,54,60,60,67,67,45,51,49,57,48,58,55,59,45,63,61,36,48,68,60,74,82,102,87,106,66
STAT,match,Iterations,67,14890913,192772,196820,189416,186674,180717,195906,224257,218391,232459,222553,239042,223119,212445,221066,230199,206543,242203,219962,224026,236813,207172,241289,217932,222550,222020,229557,224867,227667,230249,221884,233145,235271,236867,205482,235668,236057,241476,224086,240307,224931,218512,236999,230871,239056,201813,220885,225879,219423,216181,216501,233236,226636,214641,218599,230231,217452,219236,234555,250837,227616,243762,220087,222508,216328,212009,196248,226952
STAT,popedge,Conflicts,67,0,0,0,0,0,0,0,0,0,0,0,0,0,0,0,0,0,0,0,0,0,0,0,0,0,0,0,0,0,0,0,0,0,0,0,0,0,0,0,0,0,0,0,0,0,0,0,0,0,0,0,0,0,0,0,0,0,0,0,0,0,0,0,0,0,0,0,0
STAT,popedge,Iterations,67,7297900,100935,102599,102047,102171,97565,101506,108036,107722,110863,109809,110121,113318,110729,112172,110794,109367,112428,109664,106662,110151,105018,113579,107377,101561,100899,100663,104958,108105,108244,106651,111356,109659,106602,109455,117848,116040,116441,111729,111865,115706,116350,113628,111908,109973,108622,110511,112300,110360,107480,113000,111408,110692,112231,102726,103283,107003,117784,118959,118796,122954,120016,98459,99005,101399,102465,101986,102187
STAT,refine,Conflicts,67,2876,83,72,54,57,62,45,50,48,47,51,44,39,61,54,46,58,40,50,47,43,36,57,43,35,51,50,52,50,52,51,44,30,45,48,42,50,43,41,34,40,25,38,27,35,36,35,38,26,31,39,34,40,43,39,50,35,41,29,37,43,30,29,41,28,29,26,27
STAT,refine,Iterations,67,466562,5069,5434,5376,6246,6689,6748,6947,6876,7366,8053,6756,6815,7629,6822,7185,10020,7756,6951,8372,6959,6613,7675,7222,6247,7401,6733,6540,6880,5333,7301,6725,6816,6819,8362,6293,7645,6513,7237,6691,6506,6773,6564,7496,7081,8360,6816,6722,6944,6581,6528,6750,7515,7270,8268,6605,7070,9387,8840,7316,6202,6692,5671,5391,6209,6881,6304,6705
