Hello from MIC
Galois Benchmark Suite v2.2.0 (r0)
Copyright (C) 2013 The University of Texas at Austin
http://iss.ices.utexas.edu/galois/

application: GMetis
Partitions a graph into K parts and minimizing the graph cut
http://iss.ices.utexas.edu/?p=projects/galois/benchmarks/gMetis

INFO: CommandLine /work/02556/dpereira/MIC/apps/gmetis/gmetis -t=30 /work/02556/dpereira/Inputs/USA-road-d.W.gr 1024
INFO: Hostname c558-003-mic0.stampede.tacc.utexas.edu
Created Graph with 6262104 nodes and 15248146 edges
Nodes 6262104| Edges 15248146 7624073

  Starting coarsening: 
Time coarsen:  3522 Size of final graph: 40035

  Sarting initial partitioning using GGGP:
Size in decade percentages:  -0,1024
Time clustering:  1186

  Sarting refinnement with BKL2
Initial dist
Size in decade percentages:  -0,1024
Refined dist
Size in decade percentages:  -1,348 0,329 1,347
Time refinement:  1014


Time:  5900
Total edge cut : 36416

Part saved in : 0x7fffdea8f9e0
STATTYPE,LOOP,CATEGORY,n,sum,T0,T1,T2,T3,T4,T5,T6,T7,T8,T9,T10,T11,T12,T13,T14,T15,T16,T17,T18,T19,T20,T21,T22,T23,T24,T25,T26,T27,T28,T29
STAT,(NULL),Coarsen,30,3522,3522,0,0,0,0,0,0,0,0,0,0,0,0,0,0,0,0,0,0,0,0,0,0,0,0,0,0,0,0,0
STAT,(NULL),Conflicts,30,0,0,0,0,0,0,0,0,0,0,0,0,0,0,0,0,0,0,0,0,0,0,0,0,0,0,0,0,0,0,0
STAT,(NULL),Iterations,30,2047,11,63,48,81,45,82,67,115,59,76,9,46,95,72,86,75,93,122,14,56,85,40,76,89,52,63,85,96,94,52
STAT,(NULL),MeminfoPost,30,756119,25231,25286,25200,25229,25189,25229,25278,25214,25222,25196,25246,25209,25157,25197,25193,25195,25179,25185,25125,25255,25181,25212,25139,25228,25197,25304,25169,25137,25133,25204
STAT,(NULL),MeminfoPre,30,189029,6328,6383,6297,6326,6286,6326,6375,6311,6319,6293,6343,6306,6254,6294,6290,6292,6276,6282,6222,6352,6278,6309,6236,6325,6294,6401,6266,6234,6230,6301
STAT,(NULL),Partition,30,1186,1186,0,0,0,0,0,0,0,0,0,0,0,0,0,0,0,0,0,0,0,0,0,0,0,0,0,0,0,0,0
STAT,(NULL),Refine,30,1014,1014,0,0,0,0,0,0,0,0,0,0,0,0,0,0,0,0,0,0,0,0,0,0,0,0,0,0,0,0,0
STAT,(NULL),Threads,30,30,30,0,0,0,0,0,0,0,0,0,0,0,0,0,0,0,0,0,0,0,0,0,0,0,0,0,0,0,0,0
STAT,(NULL),Time,30,5900,5900,0,0,0,0,0,0,0,0,0,0,0,0,0,0,0,0,0,0,0,0,0,0,0,0,0,0,0,0,0
STAT,match,Conflicts,30,4920,419,317,337,383,367,287,185,255,287,283,99,77,100,90,70,84,92,51,114,92,106,98,59,83,72,109,104,109,64,127
STAT,match,Iterations,30,14843464,458373,470092,483377,462148,496800,461587,467738,480042,489688,490622,485137,477200,501788,484789,483476,518480,499874,517802,530694,513392,498821,500147,520904,499814,460190,483954,523409,529096,549310,504720
STAT,popedge,Conflicts,30,0,0,0,0,0,0,0,0,0,0,0,0,0,0,0,0,0,0,0,0,0,0,0,0,0,0,0,0,0,0,0
STAT,popedge,Iterations,30,7271319,237004,239305,242918,241762,251575,239486,240981,237981,237221,243825,219581,219598,232942,233931,238435,248001,245015,245373,249882,240030,239978,238202,245097,237098,206301,260518,265327,262029,266689,265234
STAT,refine,Conflicts,30,1625,71,63,64,63,63,52,73,52,69,50,62,56,50,51,84,65,45,40,51,50,62,62,44,54,49,48,36,44,25,27
STAT,refine,Iterations,30,465425,13981,16442,15387,14937,13739,14582,16861,17012,14870,14741,15620,15084,14651,15346,17501,15881,15412,15148,14522,17040,16014,15276,14379,17429,12980,18649,14548,14408,14780,18205
