Hello from MIC
Galois Benchmark Suite v2.2.0 (r0)
Copyright (C) 2013 The University of Texas at Austin
http://iss.ices.utexas.edu/galois/

application: GMetis
Partitions a graph into K parts and minimizing the graph cut
http://iss.ices.utexas.edu/?p=projects/galois/benchmarks/gMetis

INFO: CommandLine /work/02556/dpereira/MIC/apps/gmetis/gmetis -t=194 /work/02556/dpereira/Inputs/USA-road-d.W.gr 128
INFO: Hostname c558-002-mic0.stampede.tacc.utexas.edu
Created Graph with 6262104 nodes and 15248146 edges
Nodes 6262104| Edges 15248146 7624073

  Starting coarsening: 
Time coarsen:  3143 Size of final graph: 3132

  Sarting initial partitioning using GGGP:
Size in decade percentages:  -1,5 -0,119 1,4
Time clustering:  444

  Sarting refinnement with BKL2
Initial dist
Size in decade percentages:  -1,5 -0,119 1,4
Refined dist
Size in decade percentages:  -1,43 -0,40 1,45
Time refinement:  2126


Time:  5890
Total edge cut : 8218

Part saved in : 0x7fffba3b9de0
STATTYPE,LOOP,CATEGORY,n,sum,T0,T1,T2,T3,T4,T5,T6,T7,T8,T9,T10,T11,T12,T13,T14,T15,T16,T17,T18,T19,T20,T21,T22,T23,T24,T25,T26,T27,T28,T29,T30,T31,T32,T33,T34,T35,T36,T37,T38,T39,T40,T41,T42,T43,T44,T45,T46,T47,T48,T49,T50,T51,T52,T53,T54,T55,T56,T57,T58,T59,T60,T61,T62,T63,T64,T65,T66,T67,T68,T69,T70,T71,T72,T73,T74,T75,T76,T77,T78,T79,T80,T81,T82,T83,T84,T85,T86,T87,T88,T89,T90,T91,T92,T93,T94,T95,T96,T97,T98,T99,T100,T101,T102,T103,T104,T105,T106,T107,T108,T109,T110,T111,T112,T113,T114,T115,T116,T117,T118,T119,T120,T121,T122,T123,T124,T125,T126,T127,T128,T129,T130,T131,T132,T133,T134,T135,T136,T137,T138,T139,T140,T141,T142,T143,T144,T145,T146,T147,T148,T149,T150,T151,T152,T153,T154,T155,T156,T157,T158,T159,T160,T161,T162,T163,T164,T165,T166,T167,T168,T169,T170,T171,T172,T173,T174,T175,T176,T177,T178,T179,T180,T181,T182,T183,T184,T185,T186,T187,T188,T189,T190,T191,T192,T193
STAT,(NULL),Coarsen,194,3143,3143,0,0,0,0,0,0,0,0,0,0,0,0,0,0,0,0,0,0,0,0,0,0,0,0,0,0,0,0,0,0,0,0,0,0,0,0,0,0,0,0,0,0,0,0,0,0,0,0,0,0,0,0,0,0,0,0,0,0,0,0,0,0,0,0,0,0,0,0,0,0,0,0,0,0,0,0,0,0,0,0,0,0,0,0,0,0,0,0,0,0,0,0,0,0,0,0,0,0,0,0,0,0,0,0,0,0,0,0,0,0,0,0,0,0,0,0,0,0,0,0,0,0,0,0,0,0,0,0,0,0,0,0,0,0,0,0,0,0,0,0,0,0,0,0,0,0,0,0,0,0,0,0,0,0,0,0,0,0,0,0,0,0,0,0,0,0,0,0,0,0,0,0,0,0,0,0,0,0,0,0,0,0,0,0,0,0,0,0,0,0,0,0,0
STAT,(NULL),Conflicts,194,0,0,0,0,0,0,0,0,0,0,0,0,0,0,0,0,0,0,0,0,0,0,0,0,0,0,0,0,0,0,0,0,0,0,0,0,0,0,0,0,0,0,0,0,0,0,0,0,0,0,0,0,0,0,0,0,0,0,0,0,0,0,0,0,0,0,0,0,0,0,0,0,0,0,0,0,0,0,0,0,0,0,0,0,0,0,0,0,0,0,0,0,0,0,0,0,0,0,0,0,0,0,0,0,0,0,0,0,0,0,0,0,0,0,0,0,0,0,0,0,0,0,0,0,0,0,0,0,0,0,0,0,0,0,0,0,0,0,0,0,0,0,0,0,0,0,0,0,0,0,0,0,0,0,0,0,0,0,0,0,0,0,0,0,0,0,0,0,0,0,0,0,0,0,0,0,0,0,0,0,0,0,0,0,0,0,0,0,0,0,0,0,0,0,0
STAT,(NULL),Iterations,194,255,8,0,0,1,0,2,0,1,3,1,0,3,0,1,1,1,3,0,2,3,2,3,1,1,1,2,0,0,1,1,0,1,0,0,3,2,0,0,1,1,2,0,1,0,0,0,2,1,2,5,3,5,2,0,0,0,0,2,1,0,5,4,0,0,2,1,0,0,0,2,3,1,0,0,7,0,0,4,0,2,3,0,1,0,2,0,0,0,0,2,0,0,0,6,0,0,0,0,4,0,0,2,0,6,4,6,0,0,0,1,3,4,3,1,0,0,0,1,2,2,0,2,0,4,0,1,3,0,3,1,1,0,1,0,1,7,0,1,0,2,2,3,1,3,2,2,0,0,0,0,2,0,5,0,0,1,3,0,5,3,0,2,0,1,2,1,0,3,0,0,0,6,0,3,0,0,0,0,0,0,4,4,5,0,0,2,0,0,0,1,0,1,0,1
STAT,(NULL),MeminfoPost,194,756802,3904,3891,3922,3904,3913,3901,3902,3893,3894,3908,3915,3922,3957,3917,3885,3900,3898,3894,3908,3905,3915,3909,3905,3912,3886,3897,3894,3909,3917,3889,3892,3891,3905,3901,3900,3910,3909,3908,3899,3905,3887,3909,3903,3916,3945,3934,3908,3890,3892,3895,3911,3899,3910,3929,3898,3906,3900,3889,3895,3896,3912,3917,3888,3888,3895,3902,3909,3902,3897,3925,3915,3897,3903,3910,3903,3895,3909,3893,3894,3891,3912,3886,3879,3899,3906,3913,3899,3893,3899,3895,3886,3886,3889,3900,3886,3917,3927,3910,3894,3892,3892,3913,3901,3887,3878,3884,3902,3905,3906,3914,3913,3899,3901,3886,3906,3890,3894,3899,3885,3883,3885,3897,3880,3911,3888,3883,3917,3931,3925,3925,3896,3892,3891,3914,3887,3880,3890,3902,3905,3915,3909,3895,3890,3902,3892,3896,3886,3886,3893,3882,3905,3884,3906,3925,3920,3933,3909,3896,3891,3893,3885,3901,3911,3933,3917,3914,3926,3905,3885,3897,3904,3898,3897,3901,3882,3880,3895,3889,3912,3892,3881,3878,3908,3868,3888,3909,3887,3895,3902,3903,3902,3905,3891,3905
STAT,(NULL),MeminfoPre,194,189158,978,965,996,978,987,975,976,967,968,982,989,996,1031,991,959,974,972,968,982,979,989,983,979,986,960,971,968,983,991,963,966,965,979,975,974,984,983,982,973,979,961,983,977,990,1019,1008,982,964,966,969,985,973,984,1003,972,980,974,963,969,970,986,991,962,962,969,976,983,976,971,999,989,971,977,984,977,969,983,967,968,965,986,960,953,973,980,987,973,967,973,969,960,960,963,974,960,991,1001,984,968,966,966,987,975,961,952,958,976,979,980,988,987,973,975,960,980,964,968,973,959,957,959,971,954,985,962,957,991,1005,999,999,970,966,965,988,961,954,964,976,979,989,983,969,964,976,966,970,960,960,967,956,979,958,980,999,994,1007,983,970,965,967,959,975,985,1007,991,988,1000,979,959,971,978,972,971,975,956,954,969,963,986,966,955,952,982,942,962,983,961,969,976,977,976,979,965,979
STAT,(NULL),Partition,194,444,444,0,0,0,0,0,0,0,0,0,0,0,0,0,0,0,0,0,0,0,0,0,0,0,0,0,0,0,0,0,0,0,0,0,0,0,0,0,0,0,0,0,0,0,0,0,0,0,0,0,0,0,0,0,0,0,0,0,0,0,0,0,0,0,0,0,0,0,0,0,0,0,0,0,0,0,0,0,0,0,0,0,0,0,0,0,0,0,0,0,0,0,0,0,0,0,0,0,0,0,0,0,0,0,0,0,0,0,0,0,0,0,0,0,0,0,0,0,0,0,0,0,0,0,0,0,0,0,0,0,0,0,0,0,0,0,0,0,0,0,0,0,0,0,0,0,0,0,0,0,0,0,0,0,0,0,0,0,0,0,0,0,0,0,0,0,0,0,0,0,0,0,0,0,0,0,0,0,0,0,0,0,0,0,0,0,0,0,0,0,0,0,0,0
STAT,(NULL),Refine,194,2126,2126,0,0,0,0,0,0,0,0,0,0,0,0,0,0,0,0,0,0,0,0,0,0,0,0,0,0,0,0,0,0,0,0,0,0,0,0,0,0,0,0,0,0,0,0,0,0,0,0,0,0,0,0,0,0,0,0,0,0,0,0,0,0,0,0,0,0,0,0,0,0,0,0,0,0,0,0,0,0,0,0,0,0,0,0,0,0,0,0,0,0,0,0,0,0,0,0,0,0,0,0,0,0,0,0,0,0,0,0,0,0,0,0,0,0,0,0,0,0,0,0,0,0,0,0,0,0,0,0,0,0,0,0,0,0,0,0,0,0,0,0,0,0,0,0,0,0,0,0,0,0,0,0,0,0,0,0,0,0,0,0,0,0,0,0,0,0,0,0,0,0,0,0,0,0,0,0,0,0,0,0,0,0,0,0,0,0,0,0,0,0,0,0,0
STAT,(NULL),Threads,194,194,194,0,0,0,0,0,0,0,0,0,0,0,0,0,0,0,0,0,0,0,0,0,0,0,0,0,0,0,0,0,0,0,0,0,0,0,0,0,0,0,0,0,0,0,0,0,0,0,0,0,0,0,0,0,0,0,0,0,0,0,0,0,0,0,0,0,0,0,0,0,0,0,0,0,0,0,0,0,0,0,0,0,0,0,0,0,0,0,0,0,0,0,0,0,0,0,0,0,0,0,0,0,0,0,0,0,0,0,0,0,0,0,0,0,0,0,0,0,0,0,0,0,0,0,0,0,0,0,0,0,0,0,0,0,0,0,0,0,0,0,0,0,0,0,0,0,0,0,0,0,0,0,0,0,0,0,0,0,0,0,0,0,0,0,0,0,0,0,0,0,0,0,0,0,0,0,0,0,0,0,0,0,0,0,0,0,0,0,0,0,0,0,0,0
STAT,(NULL),Time,194,5890,5890,0,0,0,0,0,0,0,0,0,0,0,0,0,0,0,0,0,0,0,0,0,0,0,0,0,0,0,0,0,0,0,0,0,0,0,0,0,0,0,0,0,0,0,0,0,0,0,0,0,0,0,0,0,0,0,0,0,0,0,0,0,0,0,0,0,0,0,0,0,0,0,0,0,0,0,0,0,0,0,0,0,0,0,0,0,0,0,0,0,0,0,0,0,0,0,0,0,0,0,0,0,0,0,0,0,0,0,0,0,0,0,0,0,0,0,0,0,0,0,0,0,0,0,0,0,0,0,0,0,0,0,0,0,0,0,0,0,0,0,0,0,0,0,0,0,0,0,0,0,0,0,0,0,0,0,0,0,0,0,0,0,0,0,0,0,0,0,0,0,0,0,0,0,0,0,0,0,0,0,0,0,0,0,0,0,0,0,0,0,0,0,0,0
STAT,match,Conflicts,194,6159,55,40,41,50,44,46,48,42,46,50,49,41,43,48,45,52,39,47,42,43,44,44,42,35,45,39,44,33,42,42,45,28,40,36,45,32,41,38,37,45,44,40,36,36,46,33,36,37,37,36,31,34,34,44,34,32,35,31,45,44,38,23,32,29,20,26,25,25,24,30,25,22,27,20,34,27,27,21,27,25,26,26,33,28,29,27,29,26,27,29,28,26,26,27,32,34,32,30,34,25,34,38,24,31,31,26,27,31,32,27,19,20,26,18,31,30,28,32,22,30,29,26,29,20,21,26,18,25,28,24,22,22,31,23,29,33,22,24,28,27,29,25,24,26,37,24,34,24,27,29,31,28,28,27,30,34,34,25,25,36,29,30,31,33,34,30,34,31,24,24,28,25,29,27,25,31,24,18,31,28,24,31,26,32,32,31,26,28,30,30,22,27,26,33
STAT,match,Iterations,194,15025312,54340,70307,61439,43037,59077,49518,62984,56984,71728,47573,60280,75848,61475,62812,66981,70571,58022,73573,61286,71970,55790,79659,73091,85268,55587,68782,66407,67519,83129,68313,65550,65184,66637,65216,79684,81638,71988,92480,66640,73678,74231,80125,83614,73448,66788,61527,74785,63154,78526,63406,74046,61972,67798,74921,64586,75893,68145,62728,69475,53848,71147,74651,69687,94227,80262,86434,76056,75047,73721,75230,75726,93489,87869,80119,74518,85071,72841,86175,101827,76624,80186,75713,69820,84045,75466,90376,77033,75538,99683,84235,86845,72865,86175,84419,78784,84102,73266,84487,77521,83637,92584,79493,89484,72449,77336,91463,72011,62978,98583,82457,80507,103875,92544,97884,76146,74969,85476,65999,89367,89458,62559,92543,70030,82186,75880,80968,71781,79603,67702,61099,78250,79611,70690,82542,84393,102568,95735,88815,78785,109815,72660,83746,81102,91273,66459,87809,82344,97413,70839,91009,83562,70321,65461,68591,94597,81813,92714,79267,95300,86570,84975,83747,101675,87775,100932,82938,94924,86109,104510,96010,76331,60620,86057,81867,93492,70034,81282,79114,75663,73077,92771,66014,101412,59265,63962,69813,65227,76519,73894,101780,64355,76875,87089,91758
STAT,popedge,Conflicts,194,0,0,0,0,0,0,0,0,0,0,0,0,0,0,0,0,0,0,0,0,0,0,0,0,0,0,0,0,0,0,0,0,0,0,0,0,0,0,0,0,0,0,0,0,0,0,0,0,0,0,0,0,0,0,0,0,0,0,0,0,0,0,0,0,0,0,0,0,0,0,0,0,0,0,0,0,0,0,0,0,0,0,0,0,0,0,0,0,0,0,0,0,0,0,0,0,0,0,0,0,0,0,0,0,0,0,0,0,0,0,0,0,0,0,0,0,0,0,0,0,0,0,0,0,0,0,0,0,0,0,0,0,0,0,0,0,0,0,0,0,0,0,0,0,0,0,0,0,0,0,0,0,0,0,0,0,0,0,0,0,0,0,0,0,0,0,0,0,0,0,0,0,0,0,0,0,0,0,0,0,0,0,0,0,0,0,0,0,0,0,0,0,0,0,0
STAT,popedge,Iterations,194,7361292,35529,34080,33735,34165,34111,33686,33952,33832,34599,32865,34549,37398,36398,38428,37291,38072,36892,37489,38835,37100,38033,38759,39406,38428,38218,39378,37911,38036,38792,40174,38945,40000,39200,37705,38164,37302,39277,37526,38683,38075,38176,39422,39480,39445,39093,39922,38446,41781,40512,39531,40708,40091,35494,38010,38803,39079,38749,39299,39423,41096,39449,32905,33859,34618,34237,34448,33119,34201,31625,32952,32498,33401,36373,38964,37939,36036,38173,37889,38972,38153,37323,40834,37607,38131,39010,37483,39046,37759,41421,38941,36962,39252,38456,38602,39383,38852,38252,38489,41534,38848,37453,41784,41145,41974,40721,38719,39247,41452,37892,40064,39059,38611,39251,39300,39911,41690,39581,39432,38547,38397,42589,39117,34208,34031,34406,32844,33448,32271,35596,34906,34441,34820,35491,36241,37891,37872,36435,39013,37709,40043,39274,38204,37047,37682,38482,40591,36784,38757,37713,39128,38202,41021,41067,39546,37577,38224,39411,36905,39113,39625,38053,39901,42312,40373,42128,41715,39954,40275,41518,42356,41722,41590,38836,40550,35178,42032,40820,38512,38748,41737,39872,40128,39695,36358,34860,34637,36349,36419,33316,35239,34825,33843,33650,34262
STAT,refine,Conflicts,194,6567,118,113,122,106,101,106,97,96,89,94,91,80,69,95,82,69,66,73,66,66,70,59,62,54,71,60,73,68,72,60,51,37,48,51,46,51,44,44,49,48,59,41,35,46,35,36,32,37,38,46,48,42,32,33,39,35,43,28,39,43,44,14,21,16,13,20,19,16,21,25,23,26,20,18,26,25,19,24,24,19,17,21,18,19,25,26,19,27,25,22,31,29,27,17,27,25,24,31,26,24,30,22,14,21,19,14,14,23,18,25,28,18,22,20,19,23,20,17,21,27,20,33,17,17,27,18,22,22,20,14,32,21,19,18,18,23,16,24,22,24,23,21,17,19,21,20,26,27,39,23,23,15,22,25,17,26,22,16,23,20,16,16,33,19,25,26,21,18,18,12,19,21,19,16,16,24,18,12,22,11,22,24,21,18,16,24,15,23,20,22,15,22,27,12
STAT,refine,Iterations,194,136953,834,664,875,705,773,690,734,602,896,611,936,918,725,1029,610,726,553,852,767,629,741,722,592,644,709,672,780,1024,870,732,565,707,806,629,865,808,754,684,535,937,970,852,712,868,727,721,732,479,742,489,656,616,634,733,474,544,592,445,630,575,787,645,566,619,588,798,579,640,515,838,740,864,743,897,795,579,758,852,1103,719,544,612,583,654,645,620,529,845,875,644,645,613,951,744,730,870,771,891,714,690,1117,1026,831,731,622,586,651,655,649,691,718,672,635,682,782,634,615,501,571,618,516,854,823,665,666,506,664,731,651,550,893,676,766,737,726,723,634,808,579,1091,611,591,467,560,592,662,703,581,824,946,637,568,629,889,752,858,920,570,705,795,589,1058,1176,853,806,908,802,844,723,633,433,534,626,691,547,796,419,472,643,341,611,611,1043,630,324,526,451,669,598,887,471,847,627,767
