Hello from MIC
Galois Benchmark Suite v2.2.0 (r0)
Copyright (C) 2013 The University of Texas at Austin
http://iss.ices.utexas.edu/galois/

application: GMetis
Partitions a graph into K parts and minimizing the graph cut
http://iss.ices.utexas.edu/?p=projects/galois/benchmarks/gMetis

INFO: CommandLine /work/02556/dpereira/MIC/apps/gmetis/gmetis -t=200 /work/02556/dpereira/Inputs/USA-road-d.W.gr 1024
INFO: Hostname c557-803-mic0.stampede.tacc.utexas.edu
Created Graph with 6262104 nodes and 15248146 edges
Nodes 6262104| Edges 15248146 7624073

  Starting coarsening: 
Time coarsen:  2628 Size of final graph: 22063

  Sarting initial partitioning using GGGP:
Size in decade percentages:  -1,78 -0,882 1,64
Time clustering:  1182

  Sarting refinnement with BKL2
Initial dist
Size in decade percentages:  -1,78 -0,882 1,64
Refined dist
Size in decade percentages:  -1,361 0,298 1,364 4,1
Time refinement:  1682


Time:  5672
Total edge cut : 31775

Part saved in : 0x7fff8a7af060
STATTYPE,LOOP,CATEGORY,n,sum,T0,T1,T2,T3,T4,T5,T6,T7,T8,T9,T10,T11,T12,T13,T14,T15,T16,T17,T18,T19,T20,T21,T22,T23,T24,T25,T26,T27,T28,T29,T30,T31,T32,T33,T34,T35,T36,T37,T38,T39,T40,T41,T42,T43,T44,T45,T46,T47,T48,T49,T50,T51,T52,T53,T54,T55,T56,T57,T58,T59,T60,T61,T62,T63,T64,T65,T66,T67,T68,T69,T70,T71,T72,T73,T74,T75,T76,T77,T78,T79,T80,T81,T82,T83,T84,T85,T86,T87,T88,T89,T90,T91,T92,T93,T94,T95,T96,T97,T98,T99,T100,T101,T102,T103,T104,T105,T106,T107,T108,T109,T110,T111,T112,T113,T114,T115,T116,T117,T118,T119,T120,T121,T122,T123,T124,T125,T126,T127,T128,T129,T130,T131,T132,T133,T134,T135,T136,T137,T138,T139,T140,T141,T142,T143,T144,T145,T146,T147,T148,T149,T150,T151,T152,T153,T154,T155,T156,T157,T158,T159,T160,T161,T162,T163,T164,T165,T166,T167,T168,T169,T170,T171,T172,T173,T174,T175,T176,T177,T178,T179,T180,T181,T182,T183,T184,T185,T186,T187,T188,T189,T190,T191,T192,T193,T194,T195,T196,T197,T198,T199
STAT,(NULL),Coarsen,200,2628,2628,0,0,0,0,0,0,0,0,0,0,0,0,0,0,0,0,0,0,0,0,0,0,0,0,0,0,0,0,0,0,0,0,0,0,0,0,0,0,0,0,0,0,0,0,0,0,0,0,0,0,0,0,0,0,0,0,0,0,0,0,0,0,0,0,0,0,0,0,0,0,0,0,0,0,0,0,0,0,0,0,0,0,0,0,0,0,0,0,0,0,0,0,0,0,0,0,0,0,0,0,0,0,0,0,0,0,0,0,0,0,0,0,0,0,0,0,0,0,0,0,0,0,0,0,0,0,0,0,0,0,0,0,0,0,0,0,0,0,0,0,0,0,0,0,0,0,0,0,0,0,0,0,0,0,0,0,0,0,0,0,0,0,0,0,0,0,0,0,0,0,0,0,0,0,0,0,0,0,0,0,0,0,0,0,0,0,0,0,0,0,0,0,0,0,0,0,0,0,0
STAT,(NULL),Conflicts,200,0,0,0,0,0,0,0,0,0,0,0,0,0,0,0,0,0,0,0,0,0,0,0,0,0,0,0,0,0,0,0,0,0,0,0,0,0,0,0,0,0,0,0,0,0,0,0,0,0,0,0,0,0,0,0,0,0,0,0,0,0,0,0,0,0,0,0,0,0,0,0,0,0,0,0,0,0,0,0,0,0,0,0,0,0,0,0,0,0,0,0,0,0,0,0,0,0,0,0,0,0,0,0,0,0,0,0,0,0,0,0,0,0,0,0,0,0,0,0,0,0,0,0,0,0,0,0,0,0,0,0,0,0,0,0,0,0,0,0,0,0,0,0,0,0,0,0,0,0,0,0,0,0,0,0,0,0,0,0,0,0,0,0,0,0,0,0,0,0,0,0,0,0,0,0,0,0,0,0,0,0,0,0,0,0,0,0,0,0,0,0,0,0,0,0,0,0,0,0,0,0
STAT,(NULL),Iterations,200,2047,11,13,11,5,4,3,10,8,15,9,3,7,4,10,12,9,23,11,12,17,13,13,6,16,11,7,7,16,15,15,14,10,19,8,6,11,3,15,16,5,10,7,3,16,7,1,4,8,6,14,11,8,11,9,6,6,8,17,8,8,10,11,7,20,11,8,12,7,7,9,7,12,4,7,12,7,14,7,11,17,9,16,17,10,8,11,11,15,23,11,8,16,11,8,10,11,19,11,23,10,13,8,11,6,7,5,8,27,5,3,7,5,16,10,14,11,9,11,13,10,4,9,19,11,8,8,9,5,11,6,10,4,7,14,4,10,9,12,7,12,14,14,17,14,13,14,6,6,5,19,8,5,13,22,9,9,20,13,4,16,13,21,9,7,5,10,11,9,14,18,4,9,6,13,9,6,5,13,3,11,12,9,13,16,6,12,6,5,4,6,4,10,10,7,5,9,15,10,14,10
STAT,(NULL),MeminfoPost,200,756505,3788,3772,3796,3795,3791,3779,3777,3786,3774,3791,3790,3790,3837,3809,3786,3771,3773,3779,3787,3784,3793,3799,3776,3799,3787,3768,3776,3779,3791,3796,3772,3775,3772,3787,3781,3783,3789,3793,3796,3775,3795,3768,3783,3778,3803,3807,3834,3800,3766,3780,3780,3774,3787,3787,3802,3787,3789,3783,3778,3773,3779,3783,3790,3795,3773,3769,3777,3784,3792,3785,3776,3798,3808,3775,3783,3792,3790,3772,3793,3774,3780,3771,3773,3791,3763,3770,3783,3790,3795,3778,3772,3780,3777,3768,3766,3771,3784,3767,3801,3808,3793,3775,3773,3775,3789,3786,3770,3762,3764,3781,3785,3788,3787,3794,3796,3774,3777,3772,3784,3772,3779,3776,3763,3769,3768,3775,3767,3792,3771,3768,3797,3812,3806,3806,3778,3772,3773,3797,3767,3763,3767,3785,3786,3792,3792,3779,3777,3775,3779,3775,3779,3768,3762,3774,3785,3771,3762,3795,3810,3804,3808,3788,3778,3769,3777,3768,3783,3792,3813,3801,3790,3809,3792,3769,3778,3793,3768,3788,3771,3773,3764,3766,3769,3767,3812,3763,3762,3761,3778,3770,3791,3764,3773,3779,3783,3785,3784,3784,3774,3783
STAT,(NULL),MeminfoPre,200,189105,951,935,959,958,954,942,940,949,937,954,953,953,1000,972,949,934,936,942,950,947,956,962,939,962,950,931,939,942,954,959,935,938,935,950,944,946,952,956,959,938,958,931,946,941,966,970,997,963,929,943,943,937,950,950,965,950,952,946,941,936,942,946,953,958,936,932,940,947,955,948,939,961,971,938,946,955,953,935,956,937,943,934,936,954,926,933,946,953,958,941,935,943,940,931,929,934,947,930,964,971,956,938,936,938,952,949,933,925,927,944,948,951,950,957,959,937,940,935,947,935,942,939,926,932,931,938,930,955,934,931,960,975,969,969,941,935,936,960,930,926,930,948,949,955,955,942,940,938,942,938,942,931,925,937,948,934,925,958,973,967,971,951,941,932,940,931,946,955,976,964,953,972,955,932,941,956,931,951,934,936,927,929,932,930,975,926,925,924,941,933,954,927,936,942,946,948,947,947,937,946
STAT,(NULL),Partition,200,1182,1182,0,0,0,0,0,0,0,0,0,0,0,0,0,0,0,0,0,0,0,0,0,0,0,0,0,0,0,0,0,0,0,0,0,0,0,0,0,0,0,0,0,0,0,0,0,0,0,0,0,0,0,0,0,0,0,0,0,0,0,0,0,0,0,0,0,0,0,0,0,0,0,0,0,0,0,0,0,0,0,0,0,0,0,0,0,0,0,0,0,0,0,0,0,0,0,0,0,0,0,0,0,0,0,0,0,0,0,0,0,0,0,0,0,0,0,0,0,0,0,0,0,0,0,0,0,0,0,0,0,0,0,0,0,0,0,0,0,0,0,0,0,0,0,0,0,0,0,0,0,0,0,0,0,0,0,0,0,0,0,0,0,0,0,0,0,0,0,0,0,0,0,0,0,0,0,0,0,0,0,0,0,0,0,0,0,0,0,0,0,0,0,0,0,0,0,0,0,0,0
STAT,(NULL),Refine,200,1682,1682,0,0,0,0,0,0,0,0,0,0,0,0,0,0,0,0,0,0,0,0,0,0,0,0,0,0,0,0,0,0,0,0,0,0,0,0,0,0,0,0,0,0,0,0,0,0,0,0,0,0,0,0,0,0,0,0,0,0,0,0,0,0,0,0,0,0,0,0,0,0,0,0,0,0,0,0,0,0,0,0,0,0,0,0,0,0,0,0,0,0,0,0,0,0,0,0,0,0,0,0,0,0,0,0,0,0,0,0,0,0,0,0,0,0,0,0,0,0,0,0,0,0,0,0,0,0,0,0,0,0,0,0,0,0,0,0,0,0,0,0,0,0,0,0,0,0,0,0,0,0,0,0,0,0,0,0,0,0,0,0,0,0,0,0,0,0,0,0,0,0,0,0,0,0,0,0,0,0,0,0,0,0,0,0,0,0,0,0,0,0,0,0,0,0,0,0,0,0,0
STAT,(NULL),Threads,200,200,200,0,0,0,0,0,0,0,0,0,0,0,0,0,0,0,0,0,0,0,0,0,0,0,0,0,0,0,0,0,0,0,0,0,0,0,0,0,0,0,0,0,0,0,0,0,0,0,0,0,0,0,0,0,0,0,0,0,0,0,0,0,0,0,0,0,0,0,0,0,0,0,0,0,0,0,0,0,0,0,0,0,0,0,0,0,0,0,0,0,0,0,0,0,0,0,0,0,0,0,0,0,0,0,0,0,0,0,0,0,0,0,0,0,0,0,0,0,0,0,0,0,0,0,0,0,0,0,0,0,0,0,0,0,0,0,0,0,0,0,0,0,0,0,0,0,0,0,0,0,0,0,0,0,0,0,0,0,0,0,0,0,0,0,0,0,0,0,0,0,0,0,0,0,0,0,0,0,0,0,0,0,0,0,0,0,0,0,0,0,0,0,0,0,0,0,0,0,0,0
STAT,(NULL),Time,200,5672,5672,0,0,0,0,0,0,0,0,0,0,0,0,0,0,0,0,0,0,0,0,0,0,0,0,0,0,0,0,0,0,0,0,0,0,0,0,0,0,0,0,0,0,0,0,0,0,0,0,0,0,0,0,0,0,0,0,0,0,0,0,0,0,0,0,0,0,0,0,0,0,0,0,0,0,0,0,0,0,0,0,0,0,0,0,0,0,0,0,0,0,0,0,0,0,0,0,0,0,0,0,0,0,0,0,0,0,0,0,0,0,0,0,0,0,0,0,0,0,0,0,0,0,0,0,0,0,0,0,0,0,0,0,0,0,0,0,0,0,0,0,0,0,0,0,0,0,0,0,0,0,0,0,0,0,0,0,0,0,0,0,0,0,0,0,0,0,0,0,0,0,0,0,0,0,0,0,0,0,0,0,0,0,0,0,0,0,0,0,0,0,0,0,0,0,0,0,0,0,0
STAT,match,Conflicts,200,5745,57,42,48,47,47,47,39,45,44,39,39,39,45,34,35,42,37,41,42,34,32,43,40,35,42,34,38,29,29,33,37,38,34,37,29,33,27,28,33,33,26,30,28,26,28,28,30,31,36,31,34,34,44,34,31,42,31,35,41,35,48,22,22,23,23,23,27,27,24,24,25,30,21,23,24,27,31,23,23,27,23,27,31,25,26,30,26,28,21,20,31,24,27,27,26,20,26,19,27,30,21,24,25,26,24,23,27,21,27,25,21,29,33,27,28,27,28,27,27,30,23,31,28,18,21,25,27,21,20,26,23,32,19,22,29,17,24,25,25,24,28,20,23,24,30,21,25,24,22,22,22,25,32,25,28,24,24,33,26,22,17,18,28,24,31,23,29,27,27,23,24,27,24,28,20,31,28,28,31,21,35,32,28,25,28,29,27,30,22,22,21,23,21,30,21,27,21,26,33,22
STAT,match,Iterations,200,14994470,43211,50680,55775,58651,54661,54055,61441,47806,64416,66881,64035,62248,71244,54209,77879,48788,70294,70699,56520,72329,69454,69724,62120,54714,65543,68134,50791,71339,77519,96775,70476,55701,80320,60003,65895,63786,72680,73507,53335,58047,72090,62176,62944,78517,72528,73321,77644,66793,42757,66786,47900,81402,55080,67130,72034,63642,81926,64446,61594,69221,66818,69237,61740,74969,91817,94095,74393,81269,66768,91686,83809,65743,90424,79620,60603,73315,72083,70840,78369,86215,84508,91354,63525,86336,67860,80051,86020,65830,96063,84963,62932,87664,84508,70202,69352,92561,66083,96052,70683,80641,99475,73328,83034,83705,80506,81412,86634,68305,87761,98411,75453,81005,78187,89598,87605,75515,71150,79294,68408,68046,105254,65356,75061,81015,80475,64049,68278,70888,80900,78822,67498,59933,85416,81350,71921,76046,86954,75466,83801,98812,84603,89319,87339,86768,89263,82074,77876,68126,90445,86384,69397,93910,67292,74552,75698,95672,83777,58430,73877,85279,83126,85482,79520,96781,61855,70208,82400,81629,76832,69821,107171,68231,88968,99703,85317,61925,67551,71851,71665,88524,99168,70424,69750,72726,77000,80888,86361,64349,74426,71907,87858,71288,108269,77805,93743,75855,97488,68030,62156,85594
STAT,popedge,Conflicts,200,0,0,0,0,0,0,0,0,0,0,0,0,0,0,0,0,0,0,0,0,0,0,0,0,0,0,0,0,0,0,0,0,0,0,0,0,0,0,0,0,0,0,0,0,0,0,0,0,0,0,0,0,0,0,0,0,0,0,0,0,0,0,0,0,0,0,0,0,0,0,0,0,0,0,0,0,0,0,0,0,0,0,0,0,0,0,0,0,0,0,0,0,0,0,0,0,0,0,0,0,0,0,0,0,0,0,0,0,0,0,0,0,0,0,0,0,0,0,0,0,0,0,0,0,0,0,0,0,0,0,0,0,0,0,0,0,0,0,0,0,0,0,0,0,0,0,0,0,0,0,0,0,0,0,0,0,0,0,0,0,0,0,0,0,0,0,0,0,0,0,0,0,0,0,0,0,0,0,0,0,0,0,0,0,0,0,0,0,0,0,0,0,0,0,0,0,0,0,0,0,0
STAT,popedge,Iterations,200,7346333,33062,34401,33273,34551,35109,34917,34632,34264,33690,33205,32997,33938,33852,32183,33154,34791,34898,38394,37932,36663,38100,37966,38722,38618,36940,38392,39206,40050,36595,37652,38382,39548,38340,37604,37637,39370,38331,36821,38381,36128,39262,38188,38449,38115,38345,37622,38625,38022,38978,40724,39724,37893,39287,36956,37914,38045,39184,40011,38540,39573,38481,33174,33432,33537,32798,33428,31662,34486,31604,32246,34715,32708,32644,32983,32663,33927,32052,32782,37419,36974,36913,37214,37195,35297,38266,36369,37038,37656,36257,35883,38281,39808,37119,39889,36163,37936,37181,38306,37027,37003,36148,37870,37739,37560,37849,37309,39258,39491,38674,40440,39929,41896,39430,38510,36329,37910,38771,39028,37735,42006,39456,39140,33361,34492,33463,34651,34075,33981,32157,34026,33612,34296,32243,33822,33948,32046,33204,33850,32932,37928,37192,37867,39345,38233,40305,37483,37170,35518,38227,36473,37824,39610,38882,38771,37275,36993,39166,37628,38444,36670,36337,36890,37828,36168,38767,38059,39897,38393,40239,38508,40165,40150,38539,38063,42066,40625,40613,38054,39342,38873,39735,42723,41594,32333,36107,33786,34139,32666,32409,34461,32170,35307,35894,35363,36365,33941,33184,34096,33437,32744
STAT,refine,Conflicts,200,5815,88,85,75,75,69,66,76,65,64,63,58,65,67,55,62,54,51,47,53,52,47,45,53,52,44,50,56,39,51,51,39,37,38,31,31,31,33,43,40,32,35,35,35,35,37,40,34,33,29,30,38,34,36,32,36,30,37,45,34,36,35,19,24,16,29,17,21,19,20,28,25,19,23,23,19,21,18,23,26,22,22,22,23,25,25,26,17,16,22,22,21,19,23,17,23,20,15,22,19,27,18,15,17,24,11,25,18,20,28,22,15,17,19,28,16,19,20,27,19,17,16,20,20,19,21,22,16,17,21,24,19,22,19,26,33,16,23,30,27,18,25,24,20,25,19,20,15,8,26,22,24,13,18,25,22,24,24,18,21,26,26,26,21,22,27,24,26,25,23,22,20,20,21,21,19,21,25,12,16,25,25,14,12,17,21,22,17,18,18,20,17,26,28,28,29,28,23,18,20,22
STAT,refine,Iterations,200,431463,1582,1680,1750,1969,1818,1759,1807,1954,1657,2300,1993,2585,2777,2284,2471,1964,1908,2010,1595,2407,2434,2936,2391,1851,2152,1399,1788,2451,2289,2572,1860,2042,2527,1769,1567,1911,1949,2443,1914,1953,2004,1458,1986,2271,2156,2866,3021,2104,1599,1846,1986,1906,2189,2029,2159,1510,1966,2184,1966,1666,1635,1846,1881,2159,2444,2102,1752,2063,2237,2397,2374,2211,2835,2722,1961,2447,1892,1731,2336,2237,2788,2429,2252,2778,1980,2560,1986,1714,2680,1885,1733,2106,2601,2116,1782,2416,1863,2390,2710,3058,2287,1794,2182,2219,2488,2449,2754,2023,2587,2701,2007,2381,2349,2671,2006,1847,1902,2116,2102,1482,1952,1652,1934,2237,2070,1916,1820,1706,1952,1855,1633,2215,2579,2395,2850,1822,2470,2448,1733,2479,2312,2589,2933,2397,2707,2027,2036,1232,2325,2146,2224,1988,1727,2245,1843,2601,2757,1888,2547,3056,2454,2460,1855,1861,1933,2104,2357,2948,2757,2091,3029,1956,2515,2224,2494,2357,1756,1522,1869,2003,2250,1752,1328,1867,2344,1953,1902,1313,2018,2254,2373,2082,2884,2766,2719,2557,2569,2303,1760,1850
