Hello from MIC
Galois Benchmark Suite v2.2.0 (r0)
Copyright (C) 2013 The University of Texas at Austin
http://iss.ices.utexas.edu/galois/

application: GMetis
Partitions a graph into K parts and minimizing the graph cut
http://iss.ices.utexas.edu/?p=projects/galois/benchmarks/gMetis

INFO: CommandLine /work/02556/dpereira/MIC/apps/gmetis/gmetis -t=106 /work/02556/dpereira/Inputs/USA-road-d.W.gr 1024
INFO: Hostname c558-401-mic0.stampede.tacc.utexas.edu
Created Graph with 6262104 nodes and 15248146 edges
Nodes 6262104| Edges 15248146 7624073

  Starting coarsening: 
Time coarsen:  2052 Size of final graph: 21569

  Sarting initial partitioning using GGGP:
Size in decade percentages:  -1,74 -0,873 1,77
Time clustering:  899

  Sarting refinnement with BKL2
Initial dist
Size in decade percentages:  -1,74 -0,873 1,77
Refined dist
Size in decade percentages:  -1,356 0,297 1,370 2,1
Time refinement:  1073


Time:  4202
Total edge cut : 31289

Part saved in : 0x7fff5d9b1860
STATTYPE,LOOP,CATEGORY,n,sum,T0,T1,T2,T3,T4,T5,T6,T7,T8,T9,T10,T11,T12,T13,T14,T15,T16,T17,T18,T19,T20,T21,T22,T23,T24,T25,T26,T27,T28,T29,T30,T31,T32,T33,T34,T35,T36,T37,T38,T39,T40,T41,T42,T43,T44,T45,T46,T47,T48,T49,T50,T51,T52,T53,T54,T55,T56,T57,T58,T59,T60,T61,T62,T63,T64,T65,T66,T67,T68,T69,T70,T71,T72,T73,T74,T75,T76,T77,T78,T79,T80,T81,T82,T83,T84,T85,T86,T87,T88,T89,T90,T91,T92,T93,T94,T95,T96,T97,T98,T99,T100,T101,T102,T103,T104,T105
STAT,(NULL),Coarsen,106,2052,2052,0,0,0,0,0,0,0,0,0,0,0,0,0,0,0,0,0,0,0,0,0,0,0,0,0,0,0,0,0,0,0,0,0,0,0,0,0,0,0,0,0,0,0,0,0,0,0,0,0,0,0,0,0,0,0,0,0,0,0,0,0,0,0,0,0,0,0,0,0,0,0,0,0,0,0,0,0,0,0,0,0,0,0,0,0,0,0,0,0,0,0,0,0,0,0,0,0,0,0,0,0,0,0,0,0
STAT,(NULL),Conflicts,106,0,0,0,0,0,0,0,0,0,0,0,0,0,0,0,0,0,0,0,0,0,0,0,0,0,0,0,0,0,0,0,0,0,0,0,0,0,0,0,0,0,0,0,0,0,0,0,0,0,0,0,0,0,0,0,0,0,0,0,0,0,0,0,0,0,0,0,0,0,0,0,0,0,0,0,0,0,0,0,0,0,0,0,0,0,0,0,0,0,0,0,0,0,0,0,0,0,0,0,0,0,0,0,0,0,0,0
STAT,(NULL),Iterations,106,2047,11,12,21,21,16,12,10,17,17,13,19,13,13,20,15,19,12,13,19,17,20,28,14,12,9,22,8,17,27,23,33,9,15,21,19,12,14,23,11,20,14,23,14,50,23,36,34,26,39,41,42,15,33,30,18,17,22,24,27,25,16,9,17,26,24,20,16,10,20,7,20,17,16,11,19,15,20,9,18,16,29,14,9,17,12,19,25,21,20,21,15,31,9,14,10,17,18,21,17,24,12,16,12,21,45,32
STAT,(NULL),MeminfoPost,106,756412,7133,7158,7146,7145,7119,7151,7202,7156,7118,7134,7152,7152,7145,7124,7124,7160,7119,7130,7129,7156,7146,7134,7133,7156,7214,7132,7128,7130,7151,7154,7148,7119,7139,7145,7116,7129,7145,7144,7165,7136,7145,7143,7122,7118,7126,7122,7152,7127,7127,7114,7111,7124,7179,7141,7116,7151,7109,7100,7143,7152,7149,7128,7130,7120,7119,7105,7112,7136,7116,7178,7183,7121,7137,7113,7112,7145,7154,7120,7129,7124,7105,7114,7125,7154,7184,7155,7124,7108,7145,7185,7163,7150,7124,7130,7129,7103,7110,7158,7095,7121,7089,7139,7123,7140,7140,7129
STAT,(NULL),MeminfoPre,106,189100,1781,1806,1794,1793,1767,1799,1850,1804,1766,1782,1800,1800,1793,1772,1772,1808,1767,1778,1777,1804,1794,1782,1781,1804,1862,1780,1776,1778,1799,1802,1796,1767,1787,1793,1764,1777,1793,1792,1813,1784,1793,1791,1770,1766,1774,1770,1800,1775,1775,1762,1759,1772,1827,1789,1764,1799,1757,1748,1791,1800,1797,1776,1778,1768,1767,1753,1760,1784,1764,1826,1831,1769,1785,1761,1760,1793,1802,1768,1777,1772,1753,1762,1773,1802,1832,1803,1772,1756,1793,1833,1811,1798,1772,1778,1777,1751,1758,1806,1743,1769,1737,1787,1771,1788,1788,1777
STAT,(NULL),Partition,106,899,899,0,0,0,0,0,0,0,0,0,0,0,0,0,0,0,0,0,0,0,0,0,0,0,0,0,0,0,0,0,0,0,0,0,0,0,0,0,0,0,0,0,0,0,0,0,0,0,0,0,0,0,0,0,0,0,0,0,0,0,0,0,0,0,0,0,0,0,0,0,0,0,0,0,0,0,0,0,0,0,0,0,0,0,0,0,0,0,0,0,0,0,0,0,0,0,0,0,0,0,0,0,0,0,0,0
STAT,(NULL),Refine,106,1073,1073,0,0,0,0,0,0,0,0,0,0,0,0,0,0,0,0,0,0,0,0,0,0,0,0,0,0,0,0,0,0,0,0,0,0,0,0,0,0,0,0,0,0,0,0,0,0,0,0,0,0,0,0,0,0,0,0,0,0,0,0,0,0,0,0,0,0,0,0,0,0,0,0,0,0,0,0,0,0,0,0,0,0,0,0,0,0,0,0,0,0,0,0,0,0,0,0,0,0,0,0,0,0,0,0,0
STAT,(NULL),Threads,106,106,106,0,0,0,0,0,0,0,0,0,0,0,0,0,0,0,0,0,0,0,0,0,0,0,0,0,0,0,0,0,0,0,0,0,0,0,0,0,0,0,0,0,0,0,0,0,0,0,0,0,0,0,0,0,0,0,0,0,0,0,0,0,0,0,0,0,0,0,0,0,0,0,0,0,0,0,0,0,0,0,0,0,0,0,0,0,0,0,0,0,0,0,0,0,0,0,0,0,0,0,0,0,0,0,0,0
STAT,(NULL),Time,106,4202,4202,0,0,0,0,0,0,0,0,0,0,0,0,0,0,0,0,0,0,0,0,0,0,0,0,0,0,0,0,0,0,0,0,0,0,0,0,0,0,0,0,0,0,0,0,0,0,0,0,0,0,0,0,0,0,0,0,0,0,0,0,0,0,0,0,0,0,0,0,0,0,0,0,0,0,0,0,0,0,0,0,0,0,0,0,0,0,0,0,0,0,0,0,0,0,0,0,0,0,0,0,0,0,0,0,0
STAT,match,Conflicts,106,5555,103,91,104,78,81,61,68,58,66,75,74,68,83,79,62,69,81,64,72,65,58,59,69,87,52,63,78,58,83,62,57,60,60,59,41,59,48,56,54,45,54,67,56,63,66,40,38,48,41,51,42,41,53,44,40,43,47,35,47,38,45,42,35,47,41,42,36,41,37,34,39,29,42,39,49,37,52,44,30,27,34,35,38,53,50,37,39,51,36,45,41,48,34,51,28,35,45,46,35,48,39,36,57,49,48,45
STAT,match,Iterations,106,14943104,109503,105015,118409,118397,124434,129903,110053,121379,119701,114073,110669,121219,110676,134435,123510,133905,126086,109418,135894,121639,122965,133710,143377,104400,131060,133747,122810,128515,124094,132336,127820,134217,121564,133198,135221,118282,136003,137829,131720,138610,127216,134717,132824,134141,134625,149555,159327,150323,160742,153834,157755,153520,132889,157875,173125,156325,169772,161971,138369,154947,147920,140659,130605,158621,143483,145427,142426,129769,152136,158778,146620,146809,155527,154731,150687,147146,142221,156545,164330,152435,148206,148947,150413,136563,144287,146605,156048,159974,144245,141973,149536,155778,172218,149415,157907,173498,150988,146050,154528,154572,162404,160005,157016,150964,153450,166991
STAT,popedge,Conflicts,106,0,0,0,0,0,0,0,0,0,0,0,0,0,0,0,0,0,0,0,0,0,0,0,0,0,0,0,0,0,0,0,0,0,0,0,0,0,0,0,0,0,0,0,0,0,0,0,0,0,0,0,0,0,0,0,0,0,0,0,0,0,0,0,0,0,0,0,0,0,0,0,0,0,0,0,0,0,0,0,0,0,0,0,0,0,0,0,0,0,0,0,0,0,0,0,0,0,0,0,0,0,0,0,0,0,0,0
STAT,popedge,Iterations,106,7322105,70261,68148,67001,69248,70183,66538,67489,66485,67108,66494,66531,64462,69644,69270,69772,66626,63241,70919,67354,66677,70161,67842,66628,68450,65101,65620,70123,66692,68222,70341,69161,70770,71351,71882,69528,70601,64987,65370,67039,66416,62541,67000,67332,70103,71864,74666,74566,74661,75873,74026,76970,72544,74044,77177,74685,76733,76606,81383,81988,75647,79174,67290,66883,62929,66494,68044,65548,66206,66900,62593,65050,66129,66152,67191,67220,66820,66187,61837,68208,66094,65722,68083,66452,65532,63983,65354,64443,66323,66063,70149,71446,71568,73857,68787,73691,68131,74398,67654,67686,66030,67710,70978,70356,73076,70340,71199
STAT,refine,Conflicts,106,4146,72,89,70,78,69,75,72,78,65,70,67,59,51,54,63,57,49,46,41,60,51,46,54,52,55,55,50,42,47,50,45,33,40,30,36,32,49,40,36,44,35,45,36,44,41,26,45,29,45,28,38,25,41,44,35,36,32,29,35,37,34,33,25,31,28,26,38,20,29,25,31,23,25,24,26,21,30,31,31,23,20,32,27,28,30,31,30,23,27,23,22,25,21,26,26,21,24,33,29,23,32,27,32,18,32,32
STAT,refine,Iterations,106,425811,3082,3961,2948,3341,3546,3438,4091,4272,3682,3742,3531,3354,3284,3511,3864,3825,2957,3039,3125,3585,3247,3420,3826,3552,5143,3934,3524,3289,4305,4455,4194,3426,3078,3786,3303,3445,3975,3986,4073,4076,4187,4850,4059,3680,4889,3922,5667,4252,4989,4466,4961,4405,5679,5447,4877,5087,3607,3510,4297,4401,4708,4159,3507,3228,3828,4053,3790,4142,4090,4517,4448,3487,4023,3405,3870,3448,4224,3330,3935,3701,3718,3851,3367,4120,4352,4925,4268,3977,3970,5052,4287,4566,3852,3761,4621,3252,3682,4762,3588,3838,4451,4971,4838,4670,4552,5180
