Hello from MIC
Galois Benchmark Suite v2.2.0 (r0)
Copyright (C) 2013 The University of Texas at Austin
http://iss.ices.utexas.edu/galois/

application: GMetis
Partitions a graph into K parts and minimizing the graph cut
http://iss.ices.utexas.edu/?p=projects/galois/benchmarks/gMetis

INFO: CommandLine /work/02556/dpereira/MIC/apps/gmetis/gmetis -t=90 /work/02556/dpereira/Inputs/USA-road-d.W.gr 128
INFO: Hostname c557-903-mic0.stampede.tacc.utexas.edu
Created Graph with 6262104 nodes and 15248146 edges
Nodes 6262104| Edges 15248146 7624073

  Starting coarsening: 
Time coarsen:  2330 Size of final graph: 3069

  Sarting initial partitioning using GGGP:
Size in decade percentages:  -1,5 -0,118 1,5
Time clustering:  408

  Sarting refinnement with BKL2
Initial dist
Size in decade percentages:  -1,5 -0,118 1,5
Refined dist
Size in decade percentages:  -1,45 -0,37 1,46
Time refinement:  1052


Time:  3966
Total edge cut : 8187

Part saved in : 0x7fffd9179760
STATTYPE,LOOP,CATEGORY,n,sum,T0,T1,T2,T3,T4,T5,T6,T7,T8,T9,T10,T11,T12,T13,T14,T15,T16,T17,T18,T19,T20,T21,T22,T23,T24,T25,T26,T27,T28,T29,T30,T31,T32,T33,T34,T35,T36,T37,T38,T39,T40,T41,T42,T43,T44,T45,T46,T47,T48,T49,T50,T51,T52,T53,T54,T55,T56,T57,T58,T59,T60,T61,T62,T63,T64,T65,T66,T67,T68,T69,T70,T71,T72,T73,T74,T75,T76,T77,T78,T79,T80,T81,T82,T83,T84,T85,T86,T87,T88,T89
STAT,(NULL),Coarsen,90,2330,2330,0,0,0,0,0,0,0,0,0,0,0,0,0,0,0,0,0,0,0,0,0,0,0,0,0,0,0,0,0,0,0,0,0,0,0,0,0,0,0,0,0,0,0,0,0,0,0,0,0,0,0,0,0,0,0,0,0,0,0,0,0,0,0,0,0,0,0,0,0,0,0,0,0,0,0,0,0,0,0,0,0,0,0,0,0,0,0,0,0
STAT,(NULL),Conflicts,90,0,0,0,0,0,0,0,0,0,0,0,0,0,0,0,0,0,0,0,0,0,0,0,0,0,0,0,0,0,0,0,0,0,0,0,0,0,0,0,0,0,0,0,0,0,0,0,0,0,0,0,0,0,0,0,0,0,0,0,0,0,0,0,0,0,0,0,0,0,0,0,0,0,0,0,0,0,0,0,0,0,0,0,0,0,0,0,0,0,0,0
STAT,(NULL),Iterations,90,255,8,3,3,1,0,1,0,3,0,2,0,1,3,1,2,1,0,1,3,0,1,4,1,4,2,3,2,4,0,1,1,2,4,13,10,18,6,12,2,3,4,3,2,0,4,5,4,0,2,3,1,2,3,7,0,2,1,3,3,2,2,10,5,0,0,1,1,2,3,4,3,1,3,4,0,4,0,0,0,7,2,6,0,0,6,4,3,4,3,0
STAT,(NULL),MeminfoPost,90,756235,8397,8428,8411,8392,8421,8476,8407,8392,8406,8437,8407,8389,8401,8407,8386,8392,8430,8411,8394,8415,8472,8419,8397,8402,8432,8406,8387,8408,8404,8387,8408,8400,8441,8404,8408,8402,8385,8397,8378,8420,8388,8393,8374,8382,8442,8401,8385,8412,8356,8402,8424,8409,8385,8395,8392,8365,8372,8399,8403,8457,8412,8403,8370,8390,8418,8408,8385,8388,8370,8389,8390,8452,8437,8384,8380,8435,8443,8430,8392,8393,8388,8372,8390,8379,8371,8395,8371,8403,8408,8397
STAT,(NULL),MeminfoPre,90,189055,2095,2126,2109,2090,2119,2174,2105,2090,2104,2135,2105,2087,2099,2105,2084,2090,2128,2109,2092,2113,2170,2117,2095,2100,2130,2104,2085,2106,2102,2085,2106,2098,2139,2102,2106,2100,2083,2095,2076,2118,2086,2091,2072,2080,2140,2099,2083,2110,2054,2100,2122,2107,2083,2093,2090,2063,2070,2097,2101,2155,2110,2101,2068,2088,2116,2106,2083,2086,2068,2087,2088,2150,2135,2082,2078,2133,2141,2128,2090,2091,2086,2070,2088,2077,2069,2093,2069,2101,2106,2095
STAT,(NULL),Partition,90,408,408,0,0,0,0,0,0,0,0,0,0,0,0,0,0,0,0,0,0,0,0,0,0,0,0,0,0,0,0,0,0,0,0,0,0,0,0,0,0,0,0,0,0,0,0,0,0,0,0,0,0,0,0,0,0,0,0,0,0,0,0,0,0,0,0,0,0,0,0,0,0,0,0,0,0,0,0,0,0,0,0,0,0,0,0,0,0,0,0,0
STAT,(NULL),Refine,90,1052,1052,0,0,0,0,0,0,0,0,0,0,0,0,0,0,0,0,0,0,0,0,0,0,0,0,0,0,0,0,0,0,0,0,0,0,0,0,0,0,0,0,0,0,0,0,0,0,0,0,0,0,0,0,0,0,0,0,0,0,0,0,0,0,0,0,0,0,0,0,0,0,0,0,0,0,0,0,0,0,0,0,0,0,0,0,0,0,0,0,0
STAT,(NULL),Threads,90,90,90,0,0,0,0,0,0,0,0,0,0,0,0,0,0,0,0,0,0,0,0,0,0,0,0,0,0,0,0,0,0,0,0,0,0,0,0,0,0,0,0,0,0,0,0,0,0,0,0,0,0,0,0,0,0,0,0,0,0,0,0,0,0,0,0,0,0,0,0,0,0,0,0,0,0,0,0,0,0,0,0,0,0,0,0,0,0,0,0,0
STAT,(NULL),Time,90,3966,3966,0,0,0,0,0,0,0,0,0,0,0,0,0,0,0,0,0,0,0,0,0,0,0,0,0,0,0,0,0,0,0,0,0,0,0,0,0,0,0,0,0,0,0,0,0,0,0,0,0,0,0,0,0,0,0,0,0,0,0,0,0,0,0,0,0,0,0,0,0,0,0,0,0,0,0,0,0,0,0,0,0,0,0,0,0,0,0,0,0
STAT,match,Conflicts,90,6010,134,102,105,107,95,117,93,99,90,89,108,73,93,104,107,99,84,105,85,73,73,105,84,86,77,100,105,103,84,65,47,58,39,45,44,49,47,37,57,40,44,43,47,48,57,57,48,45,49,66,60,50,53,44,48,51,54,47,47,59,49,49,54,53,55,41,65,58,51,54,46,47,40,56,54,56,65,54,74,58,53,61,86,54,61,49,57,57,64,65
STAT,match,Iterations,90,14987736,131014,140866,138687,160616,142741,141202,153593,155500,150459,143797,142529,142255,150129,154388,134670,139449,154037,141283,152494,145479,148982,146745,158759,142543,146586,166781,144873,144911,155577,175010,181545,172320,166706,169121,181424,173398,187785,189174,174110,178162,188566,186260,202608,178496,158167,179709,178196,189471,201325,178447,177659,173479,176393,184085,185837,170030,186839,170583,170493,160744,185220,167971,174929,172512,171927,155489,159912,178442,181711,175833,160811,167648,171296,192147,182198,180263,152154,169178,170714,166635,174873,157856,170713,173699,178383,169891,174447,170360,172921,190516
STAT,popedge,Conflicts,90,0,0,0,0,0,0,0,0,0,0,0,0,0,0,0,0,0,0,0,0,0,0,0,0,0,0,0,0,0,0,0,0,0,0,0,0,0,0,0,0,0,0,0,0,0,0,0,0,0,0,0,0,0,0,0,0,0,0,0,0,0,0,0,0,0,0,0,0,0,0,0,0,0,0,0,0,0,0,0,0,0,0,0,0,0,0,0,0,0,0,0
STAT,popedge,Iterations,90,7346090,79446,77920,78038,76357,76502,77295,75596,78417,76137,76362,76942,77445,77115,79772,82004,80809,78137,82236,79741,78826,71939,81904,81148,82568,77939,79369,83109,79893,79805,88874,83314,81751,82687,81282,81888,81649,84762,86440,88140,86603,83638,85146,84200,86444,84311,89245,91657,92375,90752,90218,89845,90435,89403,92249,88072,91230,89997,89603,90855,85908,83717,76219,75787,78221,75940,75783,74671,76038,75221,74479,77936,75848,77264,73926,74475,81324,83826,82143,80461,84745,79613,71300,82839,83169,80621,77056,85095,82410,80464,79755
STAT,refine,Conflicts,90,4246,136,117,119,113,92,97,96,101,80,75,85,75,80,74,79,65,58,60,53,64,59,65,64,53,53,60,50,47,66,60,47,38,37,32,27,39,26,46,33,39,30,31,58,34,38,36,28,40,34,34,30,35,29,36,41,35,39,32,27,27,43,28,27,30,37,28,27,35,24,25,31,42,27,25,30,33,28,23,29,32,35,28,20,33,29,27,32,30,32,22
STAT,refine,Iterations,90,134465,1325,1300,1469,1276,1576,1674,1382,1210,1364,1484,1305,1304,1125,1181,1327,1098,1261,1098,1298,1169,1750,1272,1394,1469,1387,1444,1363,1435,1458,1351,1719,1540,2153,1638,1686,1250,1381,1646,1208,2039,1526,1644,1993,1458,1613,2018,1398,2285,1439,1399,1958,2021,1329,2155,1557,1533,1687,1559,1629,1547,1792,1287,1308,1425,1402,1388,1792,1339,1335,1401,1524,1536,1385,1172,1465,2199,1248,1367,1316,1369,1257,1393,1196,1559,1422,1526,1422,1524,2019,1540
