Hello from MIC
Galois Benchmark Suite v2.2.0 (r0)
Copyright (C) 2013 The University of Texas at Austin
http://iss.ices.utexas.edu/galois/

application: GMetis
Partitions a graph into K parts and minimizing the graph cut
http://iss.ices.utexas.edu/?p=projects/galois/benchmarks/gMetis

INFO: CommandLine /work/02556/dpereira/MIC/apps/gmetis/gmetis -t=129 /work/02556/dpereira/Inputs/USA-road-d.W.gr 128
INFO: Hostname c558-001-mic0.stampede.tacc.utexas.edu
Created Graph with 6262104 nodes and 15248146 edges
Nodes 6262104| Edges 15248146 7624073

  Starting coarsening: 
Time coarsen:  2348 Size of final graph: 3105

  Sarting initial partitioning using GGGP:
Size in decade percentages:  -1,4 -0,116 1,8
Time clustering:  431

  Sarting refinnement with BKL2
Initial dist
Size in decade percentages:  -1,4 -0,116 1,8
Refined dist
Size in decade percentages:  -1,43 0,40 1,45
Time refinement:  1250


Time:  4207
Total edge cut : 7848

Part saved in : 0x7fffe0c8d760
STATTYPE,LOOP,CATEGORY,n,sum,T0,T1,T2,T3,T4,T5,T6,T7,T8,T9,T10,T11,T12,T13,T14,T15,T16,T17,T18,T19,T20,T21,T22,T23,T24,T25,T26,T27,T28,T29,T30,T31,T32,T33,T34,T35,T36,T37,T38,T39,T40,T41,T42,T43,T44,T45,T46,T47,T48,T49,T50,T51,T52,T53,T54,T55,T56,T57,T58,T59,T60,T61,T62,T63,T64,T65,T66,T67,T68,T69,T70,T71,T72,T73,T74,T75,T76,T77,T78,T79,T80,T81,T82,T83,T84,T85,T86,T87,T88,T89,T90,T91,T92,T93,T94,T95,T96,T97,T98,T99,T100,T101,T102,T103,T104,T105,T106,T107,T108,T109,T110,T111,T112,T113,T114,T115,T116,T117,T118,T119,T120,T121,T122,T123,T124,T125,T126,T127,T128
STAT,(NULL),Coarsen,129,2348,2348,0,0,0,0,0,0,0,0,0,0,0,0,0,0,0,0,0,0,0,0,0,0,0,0,0,0,0,0,0,0,0,0,0,0,0,0,0,0,0,0,0,0,0,0,0,0,0,0,0,0,0,0,0,0,0,0,0,0,0,0,0,0,0,0,0,0,0,0,0,0,0,0,0,0,0,0,0,0,0,0,0,0,0,0,0,0,0,0,0,0,0,0,0,0,0,0,0,0,0,0,0,0,0,0,0,0,0,0,0,0,0,0,0,0,0,0,0,0,0,0,0,0,0,0,0,0,0,0
STAT,(NULL),Conflicts,129,0,0,0,0,0,0,0,0,0,0,0,0,0,0,0,0,0,0,0,0,0,0,0,0,0,0,0,0,0,0,0,0,0,0,0,0,0,0,0,0,0,0,0,0,0,0,0,0,0,0,0,0,0,0,0,0,0,0,0,0,0,0,0,0,0,0,0,0,0,0,0,0,0,0,0,0,0,0,0,0,0,0,0,0,0,0,0,0,0,0,0,0,0,0,0,0,0,0,0,0,0,0,0,0,0,0,0,0,0,0,0,0,0,0,0,0,0,0,0,0,0,0,0,0,0,0,0,0,0,0
STAT,(NULL),Iterations,129,255,8,4,2,0,0,4,0,4,0,5,3,5,2,3,1,0,4,4,2,4,1,0,1,1,1,6,0,2,1,2,2,4,0,6,1,0,3,0,3,0,2,0,0,0,2,0,4,3,2,6,3,0,0,6,3,3,4,3,9,0,2,1,6,0,0,0,1,0,2,0,5,3,1,0,2,0,1,2,0,1,1,0,0,1,2,3,4,0,3,0,0,3,0,1,0,1,0,0,0,3,0,1,1,6,3,5,0,3,7,1,1,4,0,0,5,3,3,3,2,2,0,2,7,6,1,0,1,0,0
STAT,(NULL),MeminfoPost,129,756455,5871,5871,5871,5871,5864,5851,5874,5897,5923,5858,5855,5861,5871,5882,5878,5875,5846,5855,5875,5865,5851,5865,5848,5890,5872,5865,5863,5863,5881,5922,5898,5849,5855,5863,5876,5881,5873,5861,5850,5861,5881,5854,5852,5864,5867,5866,5906,5852,5879,5862,5871,5851,5853,5868,5836,5857,5877,5865,5857,5852,5842,5843,5858,5885,5888,5854,5850,5880,5845,5834,5852,5869,5879,5882,5856,5848,5863,5852,5851,5839,5850,5845,5861,5850,5900,5894,5883,5847,5874,5840,5838,5866,5878,5869,5852,5860,5855,5847,5842,5860,5841,5872,5900,5903,5861,5853,5840,5862,5906,5888,5897,5865,5848,5864,5860,5852,5835,5846,5871,5847,5831,5852,5835,5867,5852,5866,5864,5863,5862
STAT,(NULL),MeminfoPre,129,189113,1473,1473,1473,1473,1466,1453,1476,1499,1525,1460,1457,1463,1473,1484,1480,1477,1448,1457,1477,1467,1453,1467,1450,1492,1474,1467,1465,1465,1483,1524,1500,1451,1457,1465,1478,1483,1475,1463,1452,1463,1483,1456,1454,1466,1469,1468,1508,1454,1481,1464,1473,1453,1455,1470,1438,1459,1479,1467,1459,1454,1444,1445,1460,1487,1490,1456,1452,1482,1447,1436,1454,1471,1481,1484,1458,1450,1465,1454,1453,1441,1452,1447,1463,1452,1502,1496,1485,1449,1476,1442,1440,1468,1480,1471,1454,1462,1457,1449,1444,1462,1443,1474,1502,1505,1463,1455,1442,1464,1508,1490,1499,1467,1450,1466,1462,1454,1437,1448,1473,1449,1433,1454,1437,1469,1454,1468,1466,1465,1464
STAT,(NULL),Partition,129,431,431,0,0,0,0,0,0,0,0,0,0,0,0,0,0,0,0,0,0,0,0,0,0,0,0,0,0,0,0,0,0,0,0,0,0,0,0,0,0,0,0,0,0,0,0,0,0,0,0,0,0,0,0,0,0,0,0,0,0,0,0,0,0,0,0,0,0,0,0,0,0,0,0,0,0,0,0,0,0,0,0,0,0,0,0,0,0,0,0,0,0,0,0,0,0,0,0,0,0,0,0,0,0,0,0,0,0,0,0,0,0,0,0,0,0,0,0,0,0,0,0,0,0,0,0,0,0,0,0
STAT,(NULL),Refine,129,1250,1250,0,0,0,0,0,0,0,0,0,0,0,0,0,0,0,0,0,0,0,0,0,0,0,0,0,0,0,0,0,0,0,0,0,0,0,0,0,0,0,0,0,0,0,0,0,0,0,0,0,0,0,0,0,0,0,0,0,0,0,0,0,0,0,0,0,0,0,0,0,0,0,0,0,0,0,0,0,0,0,0,0,0,0,0,0,0,0,0,0,0,0,0,0,0,0,0,0,0,0,0,0,0,0,0,0,0,0,0,0,0,0,0,0,0,0,0,0,0,0,0,0,0,0,0,0,0,0,0
STAT,(NULL),Threads,129,129,129,0,0,0,0,0,0,0,0,0,0,0,0,0,0,0,0,0,0,0,0,0,0,0,0,0,0,0,0,0,0,0,0,0,0,0,0,0,0,0,0,0,0,0,0,0,0,0,0,0,0,0,0,0,0,0,0,0,0,0,0,0,0,0,0,0,0,0,0,0,0,0,0,0,0,0,0,0,0,0,0,0,0,0,0,0,0,0,0,0,0,0,0,0,0,0,0,0,0,0,0,0,0,0,0,0,0,0,0,0,0,0,0,0,0,0,0,0,0,0,0,0,0,0,0,0,0,0,0
STAT,(NULL),Time,129,4207,4207,0,0,0,0,0,0,0,0,0,0,0,0,0,0,0,0,0,0,0,0,0,0,0,0,0,0,0,0,0,0,0,0,0,0,0,0,0,0,0,0,0,0,0,0,0,0,0,0,0,0,0,0,0,0,0,0,0,0,0,0,0,0,0,0,0,0,0,0,0,0,0,0,0,0,0,0,0,0,0,0,0,0,0,0,0,0,0,0,0,0,0,0,0,0,0,0,0,0,0,0,0,0,0,0,0,0,0,0,0,0,0,0,0,0,0,0,0,0,0,0,0,0,0,0,0,0,0,0
STAT,match,Conflicts,129,6058,95,89,70,80,70,62,77,67,62,61,62,71,68,62,56,52,49,61,65,61,59,60,66,48,56,53,61,52,60,59,64,35,49,50,47,50,51,48,58,49,59,39,45,47,50,54,62,38,53,52,53,58,56,45,59,45,61,54,53,57,40,45,37,40,40,24,37,37,38,29,41,31,40,28,37,39,50,32,35,39,28,36,37,44,29,41,35,42,47,42,33,32,31,40,36,38,44,43,35,37,37,44,40,34,26,40,48,38,39,44,33,39,43,38,36,56,40,33,37,37,43,30,31,42,35,40,36,41,34
STAT,match,Iterations,129,15001268,62848,86419,80874,94781,85278,99328,77925,102169,95396,115887,116657,103682,96017,100784,94425,126231,113388,88093,99195,112314,106210,87180,112216,95528,106282,114047,104808,110655,114546,107354,84131,129267,97884,123535,110380,118218,130752,113224,113403,109312,118742,113242,122627,107322,116675,121943,99941,145060,89868,118173,126705,80988,100789,106487,105852,120272,94114,120325,108074,105073,121713,102674,96060,101078,92871,120349,104371,109416,136174,148584,120149,130004,113765,126160,130350,122160,127008,151789,132357,129258,153145,120024,111033,125858,121536,123269,127737,129014,106750,127368,142524,127593,134147,123952,126242,136633,129967,132203,130300,150705,141898,137640,104334,136998,136190,109418,130398,133596,128359,120205,140953,136955,141007,134416,120641,133059,140326,127988,150742,114468,110674,145818,110228,104943,106124,117829,115183,102525,109168
STAT,popedge,Conflicts,129,0,0,0,0,0,0,0,0,0,0,0,0,0,0,0,0,0,0,0,0,0,0,0,0,0,0,0,0,0,0,0,0,0,0,0,0,0,0,0,0,0,0,0,0,0,0,0,0,0,0,0,0,0,0,0,0,0,0,0,0,0,0,0,0,0,0,0,0,0,0,0,0,0,0,0,0,0,0,0,0,0,0,0,0,0,0,0,0,0,0,0,0,0,0,0,0,0,0,0,0,0,0,0,0,0,0,0,0,0,0,0,0,0,0,0,0,0,0,0,0,0,0,0,0,0,0,0,0,0,0
STAT,popedge,Iterations,129,7351222,51294,51537,50691,50075,50256,52142,51691,58743,57209,58944,58315,59526,57329,57736,49619,56832,60874,56853,60313,60833,61478,58824,61861,58753,57554,56973,60377,59046,59438,58648,56231,57770,56467,58427,57598,56081,56201,58403,58748,57367,58117,57268,59062,53431,52805,53773,55315,56258,56700,55350,57726,61663,61128,55375,60957,58160,57885,57245,58779,58577,59609,50506,50173,48354,50338,51367,50156,48439,59440,56525,58282,58792,56764,58816,58462,51400,58925,61811,55533,58204,59571,59125,59348,59446,56403,56982,57883,57020,58445,57726,59849,54398,57108,56966,59590,56649,60096,59187,58497,58434,56483,59422,55029,58727,56007,57514,56398,58601,60150,59949,59861,61489,57496,61381,63027,63800,61736,59916,60105,61978,63240,58641,48539,49229,51392,49657,50011,52438,51756
STAT,refine,Conflicts,129,5213,108,112,107,107,89,99,93,93,82,81,85,73,85,77,69,69,50,62,54,60,68,61,53,61,62,58,57,55,68,57,62,38,32,31,47,48,42,40,38,36,41,40,41,39,43,39,48,37,45,25,42,37,43,40,46,46,49,38,32,40,45,21,30,23,23,22,23,22,29,31,29,29,28,22,26,25,27,28,28,18,30,39,22,22,15,29,20,29,24,17,28,33,20,26,22,19,32,28,20,27,18,23,25,32,25,25,19,33,19,32,15,24,26,27,22,29,29,24,28,14,25,27,25,27,20,26,22,22,19
STAT,refine,Iterations,129,133597,836,1029,806,857,843,964,856,1268,1125,912,1293,888,976,998,857,854,776,833,949,1053,1213,892,1002,1041,1211,1042,979,925,964,1425,1127,855,909,1143,1019,1293,1071,795,979,1133,1272,951,1230,828,865,1109,1166,1287,1200,1060,1110,861,1058,808,941,1133,1053,893,713,706,889,928,958,853,799,1061,990,754,1284,862,1247,927,819,1152,1048,925,911,935,995,987,1194,1221,1019,1085,1149,1316,1221,1086,960,920,1266,1233,1089,1139,1179,1018,1488,1293,928,1220,1142,1345,1014,1375,833,850,1053,1580,1416,1409,1776,1157,971,948,997,1156,1121,1075,1094,618,715,955,1004,877,840,912,946,1031,804
