Hello from MIC
Galois Benchmark Suite v2.2.0 (r0)
Copyright (C) 2013 The University of Texas at Austin
http://iss.ices.utexas.edu/galois/

application: GMetis
Partitions a graph into K parts and minimizing the graph cut
http://iss.ices.utexas.edu/?p=projects/galois/benchmarks/gMetis

INFO: CommandLine /work/02556/dpereira/MIC/apps/gmetis/gmetis -t=64 /work/02556/dpereira/Inputs/USA-road-d.W.gr 16
INFO: Hostname c557-903-mic0.stampede.tacc.utexas.edu
Created Graph with 6262104 nodes and 15248146 edges
Nodes 6262104| Edges 15248146 7624073

  Starting coarsening: 
Time coarsen:  2424 Size of final graph: 426

  Sarting initial partitioning using GGGP:
Size in decade percentages:  -1,1 -0,13 1,2
Time clustering:  359

  Sarting refinnement with BKL2
Initial dist
Size in decade percentages:  -1,1 -0,13 1,2
Refined dist
Size in decade percentages:  -1,6 -0,4 1,6
Time refinement:  891


Time:  3850
Total edge cut : 2026

Part saved in : 0x7fff42f34260
STATTYPE,LOOP,CATEGORY,n,sum,T0,T1,T2,T3,T4,T5,T6,T7,T8,T9,T10,T11,T12,T13,T14,T15,T16,T17,T18,T19,T20,T21,T22,T23,T24,T25,T26,T27,T28,T29,T30,T31,T32,T33,T34,T35,T36,T37,T38,T39,T40,T41,T42,T43,T44,T45,T46,T47,T48,T49,T50,T51,T52,T53,T54,T55,T56,T57,T58,T59,T60,T61,T62,T63
STAT,(NULL),Coarsen,64,2424,2424,0,0,0,0,0,0,0,0,0,0,0,0,0,0,0,0,0,0,0,0,0,0,0,0,0,0,0,0,0,0,0,0,0,0,0,0,0,0,0,0,0,0,0,0,0,0,0,0,0,0,0,0,0,0,0,0,0,0,0,0,0,0,0
STAT,(NULL),Conflicts,64,0,0,0,0,0,0,0,0,0,0,0,0,0,0,0,0,0,0,0,0,0,0,0,0,0,0,0,0,0,0,0,0,0,0,0,0,0,0,0,0,0,0,0,0,0,0,0,0,0,0,0,0,0,0,0,0,0,0,0,0,0,0,0,0,0
STAT,(NULL),Iterations,64,31,5,0,0,0,4,0,0,0,0,0,0,0,2,0,0,0,0,1,0,0,0,0,1,0,0,0,0,0,0,0,1,0,0,1,0,0,0,1,0,0,0,2,0,1,0,0,0,0,0,0,4,0,2,0,3,0,2,0,0,0,1,0,0,0
STAT,(NULL),MeminfoPost,64,756222,11831,11832,11803,11862,11865,11801,11846,11834,11789,11834,11797,11832,11819,11814,11908,11817,11812,11843,11811,11816,11811,11813,11823,11843,11822,11813,11800,11796,11817,11796,11786,11842,11809,11817,11761,11831,11834,11807,11792,11765,11802,11811,11885,11800,11777,11823,11824,11796,11773,11797,11851,11860,11781,11843,11874,11812,11815,11769,11794,11781,11768,11809,11817,11816
STAT,(NULL),MeminfoPre,64,189054,2969,2970,2941,3000,3003,2939,2984,2972,2927,2972,2935,2970,2957,2952,3046,2955,2950,2981,2949,2954,2949,2951,2961,2981,2960,2951,2938,2934,2955,2934,2924,2980,2947,2955,2899,2969,2972,2945,2930,2903,2940,2949,3023,2938,2915,2961,2962,2934,2911,2935,2989,2998,2919,2981,3012,2950,2953,2907,2932,2919,2906,2947,2955,2954
STAT,(NULL),Partition,64,359,359,0,0,0,0,0,0,0,0,0,0,0,0,0,0,0,0,0,0,0,0,0,0,0,0,0,0,0,0,0,0,0,0,0,0,0,0,0,0,0,0,0,0,0,0,0,0,0,0,0,0,0,0,0,0,0,0,0,0,0,0,0,0,0
STAT,(NULL),Refine,64,891,891,0,0,0,0,0,0,0,0,0,0,0,0,0,0,0,0,0,0,0,0,0,0,0,0,0,0,0,0,0,0,0,0,0,0,0,0,0,0,0,0,0,0,0,0,0,0,0,0,0,0,0,0,0,0,0,0,0,0,0,0,0,0,0
STAT,(NULL),Threads,64,64,64,0,0,0,0,0,0,0,0,0,0,0,0,0,0,0,0,0,0,0,0,0,0,0,0,0,0,0,0,0,0,0,0,0,0,0,0,0,0,0,0,0,0,0,0,0,0,0,0,0,0,0,0,0,0,0,0,0,0,0,0,0,0,0
STAT,(NULL),Time,64,3850,3850,0,0,0,0,0,0,0,0,0,0,0,0,0,0,0,0,0,0,0,0,0,0,0,0,0,0,0,0,0,0,0,0,0,0,0,0,0,0,0,0,0,0,0,0,0,0,0,0,0,0,0,0,0,0,0,0,0,0,0,0,0,0,0
STAT,match,Conflicts,64,5282,267,164,144,117,105,96,90,101,86,115,83,84,81,92,103,93,64,85,70,76,98,70,66,74,85,88,85,81,79,86,58,75,65,46,68,76,52,55,67,63,77,61,60,56,58,61,50,63,49,53,75,77,90,64,107,56,60,105,82,123,53,100,77,72
STAT,match,Iterations,64,14973811,183496,196403,211853,210389,218905,227613,221515,232224,248183,231862,232555,232719,233875,249335,209828,244467,258992,225542,259728,237496,236521,233378,222727,234828,227001,239455,245811,219759,237729,242435,245081,213536,252611,240565,254287,232597,228197,245162,245582,242666,241635,232854,224699,230276,239813,231873,236441,228370,238000,246667,218917,223584,252662,227602,208127,252926,248506,259457,244888,242645,257519,222162,220913,236367
STAT,popedge,Conflicts,64,0,0,0,0,0,0,0,0,0,0,0,0,0,0,0,0,0,0,0,0,0,0,0,0,0,0,0,0,0,0,0,0,0,0,0,0,0,0,0,0,0,0,0,0,0,0,0,0,0,0,0,0,0,0,0,0,0,0,0,0,0,0,0,0,0
STAT,popedge,Iterations,64,7335736,106360,106278,105443,113136,111747,115886,111642,111908,115050,118770,112193,114841,114242,116420,113526,113442,113790,111576,114515,117017,114815,111255,105572,106269,104473,110362,115035,114423,112016,114365,112818,112100,117363,118744,120202,118773,116168,115510,118948,122854,115494,121815,114020,115844,118254,112835,112345,117631,116392,115293,114353,110274,108898,116630,125760,126999,124317,124560,121644,126719,121097,104377,106015,104323
STAT,refine,Conflicts,64,4081,166,165,147,130,117,119,114,102,105,94,81,75,91,87,94,87,90,74,74,68,69,60,53,78,72,51,70,44,51,69,56,46,44,38,59,49,36,38,45,53,48,51,55,37,33,38,45,50,34,72,30,33,24,32,27,24,28,27,71,49,39,22,30,21
STAT,refine,Iterations,64,40029,571,570,791,704,1049,868,582,613,719,783,809,339,434,746,828,762,874,432,584,684,547,597,485,815,519,603,523,775,700,738,790,729,556,421,553,820,868,656,804,654,689,1053,781,384,399,796,639,740,679,845,681,441,382,362,313,622,449,301,557,359,506,333,339,484
