Hello from MIC
Galois Benchmark Suite v2.2.0 (r0)
Copyright (C) 2013 The University of Texas at Austin
http://iss.ices.utexas.edu/galois/

application: GMetis
Partitions a graph into K parts and minimizing the graph cut
http://iss.ices.utexas.edu/?p=projects/galois/benchmarks/gMetis

INFO: CommandLine /work/02556/dpereira/MIC/apps/gmetis/gmetis -t=242 /work/02556/dpereira/Inputs/USA-road-d.W.gr 128
INFO: Hostname c558-003-mic0.stampede.tacc.utexas.edu
Created Graph with 6262104 nodes and 15248146 edges
Nodes 6262104| Edges 15248146 7624073

  Starting coarsening: 
Time coarsen:  4093 Size of final graph: 3148

  Sarting initial partitioning using GGGP:
Size in decade percentages:  -1,6 -0,120 1,2
Time clustering:  467

  Sarting refinnement with BKL2
Initial dist
Size in decade percentages:  -1,6 -0,120 1,2
Refined dist
Size in decade percentages:  -1,44 0,39 1,45
Time refinement:  2713


Time:  7453
Total edge cut : 8124

Part saved in : 0x7fff9d8413e0
STATTYPE,LOOP,CATEGORY,n,sum,T0,T1,T2,T3,T4,T5,T6,T7,T8,T9,T10,T11,T12,T13,T14,T15,T16,T17,T18,T19,T20,T21,T22,T23,T24,T25,T26,T27,T28,T29,T30,T31,T32,T33,T34,T35,T36,T37,T38,T39,T40,T41,T42,T43,T44,T45,T46,T47,T48,T49,T50,T51,T52,T53,T54,T55,T56,T57,T58,T59,T60,T61,T62,T63,T64,T65,T66,T67,T68,T69,T70,T71,T72,T73,T74,T75,T76,T77,T78,T79,T80,T81,T82,T83,T84,T85,T86,T87,T88,T89,T90,T91,T92,T93,T94,T95,T96,T97,T98,T99,T100,T101,T102,T103,T104,T105,T106,T107,T108,T109,T110,T111,T112,T113,T114,T115,T116,T117,T118,T119,T120,T121,T122,T123,T124,T125,T126,T127,T128,T129,T130,T131,T132,T133,T134,T135,T136,T137,T138,T139,T140,T141,T142,T143,T144,T145,T146,T147,T148,T149,T150,T151,T152,T153,T154,T155,T156,T157,T158,T159,T160,T161,T162,T163,T164,T165,T166,T167,T168,T169,T170,T171,T172,T173,T174,T175,T176,T177,T178,T179,T180,T181,T182,T183,T184,T185,T186,T187,T188,T189,T190,T191,T192,T193,T194,T195,T196,T197,T198,T199,T200,T201,T202,T203,T204,T205,T206,T207,T208,T209,T210,T211,T212,T213,T214,T215,T216,T217,T218,T219,T220,T221,T222,T223,T224,T225,T226,T227,T228,T229,T230,T231,T232,T233,T234,T235,T236,T237,T238,T239,T240,T241
STAT,(NULL),Coarsen,242,4093,4093,0,0,0,0,0,0,0,0,0,0,0,0,0,0,0,0,0,0,0,0,0,0,0,0,0,0,0,0,0,0,0,0,0,0,0,0,0,0,0,0,0,0,0,0,0,0,0,0,0,0,0,0,0,0,0,0,0,0,0,0,0,0,0,0,0,0,0,0,0,0,0,0,0,0,0,0,0,0,0,0,0,0,0,0,0,0,0,0,0,0,0,0,0,0,0,0,0,0,0,0,0,0,0,0,0,0,0,0,0,0,0,0,0,0,0,0,0,0,0,0,0,0,0,0,0,0,0,0,0,0,0,0,0,0,0,0,0,0,0,0,0,0,0,0,0,0,0,0,0,0,0,0,0,0,0,0,0,0,0,0,0,0,0,0,0,0,0,0,0,0,0,0,0,0,0,0,0,0,0,0,0,0,0,0,0,0,0,0,0,0,0,0,0,0,0,0,0,0,0,0,0,0,0,0,0,0,0,0,0,0,0,0,0,0,0,0,0,0,0,0,0,0,0,0,0,0,0,0,0,0,0,0,0,0,0,0,0,0,0,0,0
STAT,(NULL),Conflicts,242,0,0,0,0,0,0,0,0,0,0,0,0,0,0,0,0,0,0,0,0,0,0,0,0,0,0,0,0,0,0,0,0,0,0,0,0,0,0,0,0,0,0,0,0,0,0,0,0,0,0,0,0,0,0,0,0,0,0,0,0,0,0,0,0,0,0,0,0,0,0,0,0,0,0,0,0,0,0,0,0,0,0,0,0,0,0,0,0,0,0,0,0,0,0,0,0,0,0,0,0,0,0,0,0,0,0,0,0,0,0,0,0,0,0,0,0,0,0,0,0,0,0,0,0,0,0,0,0,0,0,0,0,0,0,0,0,0,0,0,0,0,0,0,0,0,0,0,0,0,0,0,0,0,0,0,0,0,0,0,0,0,0,0,0,0,0,0,0,0,0,0,0,0,0,0,0,0,0,0,0,0,0,0,0,0,0,0,0,0,0,0,0,0,0,0,0,0,0,0,0,0,0,0,0,0,0,0,0,0,0,0,0,0,0,0,0,0,0,0,0,0,0,0,0,0,0,0,0,0,0,0,0,0,0,0,0,0,0,0,0,0,0,0
STAT,(NULL),Iterations,242,255,8,0,1,0,0,1,0,0,0,0,3,1,0,0,1,0,0,1,0,0,3,0,0,0,2,1,0,1,1,1,0,0,0,0,0,1,0,0,0,1,0,0,3,2,4,0,0,3,1,0,1,2,3,2,2,0,0,1,0,1,1,10,0,0,1,0,0,2,0,0,0,1,0,2,0,1,0,1,0,1,0,1,2,0,4,2,0,0,0,0,0,2,0,0,0,0,0,0,0,2,2,1,0,0,0,0,3,2,0,0,0,0,2,5,2,2,1,1,1,0,2,2,3,1,3,1,5,1,0,0,0,1,1,0,0,0,3,0,0,1,0,0,4,1,0,0,6,3,0,0,4,2,0,0,0,1,0,0,0,0,2,0,1,0,0,0,0,1,0,0,3,0,0,0,2,1,0,1,4,3,0,6,1,9,0,3,3,5,0,1,0,0,0,5,2,0,0,2,0,0,0,7,1,0,0,1,0,6,0,0,2,0,2,0,4,1,2,0,0,0,3,4,0,0,6,0,2,0,1,0,0,4,0,0,0,0,0,0,1,1,0,0
STAT,(NULL),MeminfoPost,242,757567,3135,3132,3128,3139,3134,3142,3131,3128,3141,3115,3120,3142,3132,3148,3147,3174,3151,3132,3118,3129,3126,3120,3139,3136,3134,3146,3135,3130,3140,3136,3117,3122,3127,3125,3142,3148,3127,3122,3121,3121,3132,3133,3118,3142,3144,3136,3135,3133,3123,3138,3121,3134,3129,3146,3134,3166,3173,3143,3120,3126,3123,3127,3130,3126,3137,3137,3146,3138,3134,3134,3131,3120,3127,3121,3134,3135,3143,3123,3130,3118,3127,3127,3141,3133,3128,3128,3141,3164,3125,3124,3136,3138,3135,3126,3130,3137,3122,3130,3121,3122,3141,3120,3114,3119,3132,3133,3140,3132,3131,3120,3130,3124,3125,3120,3112,3124,3133,3120,3125,3152,3149,3139,3131,3119,3123,3124,3137,3139,3122,3115,3114,3116,3130,3130,3134,3134,3142,3137,3141,3123,3131,3118,3124,3134,3124,3125,3126,3124,3114,3116,3116,3130,3113,3144,3121,3119,3115,3143,3143,3155,3149,3152,3131,3120,3125,3121,3146,3121,3114,3113,3127,3131,3132,3136,3142,3132,3131,3120,3124,3132,3125,3125,3121,3121,3114,3125,3115,3138,3120,3115,3141,3154,3148,3153,3147,3133,3127,3122,3125,3117,3121,3131,3137,3153,3152,3141,3139,3150,3147,3126,3117,3124,3143,3119,3125,3129,3130,3112,3121,3115,3124,3123,3122,3147,3117,3116,3109,3132,3113,3119,3137,3120,3124,3121,3127,3134,3130,3130,3133,3129,3128,3127
STAT,(NULL),MeminfoPre,242,189351,787,784,780,791,786,794,783,780,793,767,772,794,784,800,799,826,803,784,770,781,778,772,791,788,786,798,787,782,792,788,769,774,779,777,794,800,779,774,773,773,784,785,770,794,796,788,787,785,775,790,773,786,781,798,786,818,825,795,772,778,775,779,782,778,789,789,798,790,786,786,783,772,779,773,786,787,795,775,782,770,779,779,793,785,780,780,793,816,777,776,788,790,787,778,782,789,774,782,773,774,793,772,766,771,784,785,792,784,783,772,782,776,777,772,764,776,785,772,777,804,801,791,783,771,775,776,789,791,774,767,766,768,782,782,786,786,794,789,793,775,783,770,776,786,776,777,778,776,766,768,768,782,765,796,773,771,767,795,795,807,801,804,783,772,777,773,798,773,766,765,779,783,784,788,794,784,783,772,776,784,777,777,773,773,766,777,767,790,772,767,793,806,800,805,799,785,779,774,777,769,773,783,789,805,804,793,791,802,799,778,769,776,795,771,777,781,782,764,773,767,776,775,774,799,769,768,761,784,765,771,789,772,776,773,779,786,782,782,785,781,780,779
STAT,(NULL),Partition,242,467,467,0,0,0,0,0,0,0,0,0,0,0,0,0,0,0,0,0,0,0,0,0,0,0,0,0,0,0,0,0,0,0,0,0,0,0,0,0,0,0,0,0,0,0,0,0,0,0,0,0,0,0,0,0,0,0,0,0,0,0,0,0,0,0,0,0,0,0,0,0,0,0,0,0,0,0,0,0,0,0,0,0,0,0,0,0,0,0,0,0,0,0,0,0,0,0,0,0,0,0,0,0,0,0,0,0,0,0,0,0,0,0,0,0,0,0,0,0,0,0,0,0,0,0,0,0,0,0,0,0,0,0,0,0,0,0,0,0,0,0,0,0,0,0,0,0,0,0,0,0,0,0,0,0,0,0,0,0,0,0,0,0,0,0,0,0,0,0,0,0,0,0,0,0,0,0,0,0,0,0,0,0,0,0,0,0,0,0,0,0,0,0,0,0,0,0,0,0,0,0,0,0,0,0,0,0,0,0,0,0,0,0,0,0,0,0,0,0,0,0,0,0,0,0,0,0,0,0,0,0,0,0,0,0,0,0,0,0,0,0,0,0
STAT,(NULL),Refine,242,2713,2713,0,0,0,0,0,0,0,0,0,0,0,0,0,0,0,0,0,0,0,0,0,0,0,0,0,0,0,0,0,0,0,0,0,0,0,0,0,0,0,0,0,0,0,0,0,0,0,0,0,0,0,0,0,0,0,0,0,0,0,0,0,0,0,0,0,0,0,0,0,0,0,0,0,0,0,0,0,0,0,0,0,0,0,0,0,0,0,0,0,0,0,0,0,0,0,0,0,0,0,0,0,0,0,0,0,0,0,0,0,0,0,0,0,0,0,0,0,0,0,0,0,0,0,0,0,0,0,0,0,0,0,0,0,0,0,0,0,0,0,0,0,0,0,0,0,0,0,0,0,0,0,0,0,0,0,0,0,0,0,0,0,0,0,0,0,0,0,0,0,0,0,0,0,0,0,0,0,0,0,0,0,0,0,0,0,0,0,0,0,0,0,0,0,0,0,0,0,0,0,0,0,0,0,0,0,0,0,0,0,0,0,0,0,0,0,0,0,0,0,0,0,0,0,0,0,0,0,0,0,0,0,0,0,0,0,0,0,0,0,0,0
STAT,(NULL),Threads,242,242,242,0,0,0,0,0,0,0,0,0,0,0,0,0,0,0,0,0,0,0,0,0,0,0,0,0,0,0,0,0,0,0,0,0,0,0,0,0,0,0,0,0,0,0,0,0,0,0,0,0,0,0,0,0,0,0,0,0,0,0,0,0,0,0,0,0,0,0,0,0,0,0,0,0,0,0,0,0,0,0,0,0,0,0,0,0,0,0,0,0,0,0,0,0,0,0,0,0,0,0,0,0,0,0,0,0,0,0,0,0,0,0,0,0,0,0,0,0,0,0,0,0,0,0,0,0,0,0,0,0,0,0,0,0,0,0,0,0,0,0,0,0,0,0,0,0,0,0,0,0,0,0,0,0,0,0,0,0,0,0,0,0,0,0,0,0,0,0,0,0,0,0,0,0,0,0,0,0,0,0,0,0,0,0,0,0,0,0,0,0,0,0,0,0,0,0,0,0,0,0,0,0,0,0,0,0,0,0,0,0,0,0,0,0,0,0,0,0,0,0,0,0,0,0,0,0,0,0,0,0,0,0,0,0,0,0,0,0,0,0,0,0
STAT,(NULL),Time,242,7453,7453,0,0,0,0,0,0,0,0,0,0,0,0,0,0,0,0,0,0,0,0,0,0,0,0,0,0,0,0,0,0,0,0,0,0,0,0,0,0,0,0,0,0,0,0,0,0,0,0,0,0,0,0,0,0,0,0,0,0,0,0,0,0,0,0,0,0,0,0,0,0,0,0,0,0,0,0,0,0,0,0,0,0,0,0,0,0,0,0,0,0,0,0,0,0,0,0,0,0,0,0,0,0,0,0,0,0,0,0,0,0,0,0,0,0,0,0,0,0,0,0,0,0,0,0,0,0,0,0,0,0,0,0,0,0,0,0,0,0,0,0,0,0,0,0,0,0,0,0,0,0,0,0,0,0,0,0,0,0,0,0,0,0,0,0,0,0,0,0,0,0,0,0,0,0,0,0,0,0,0,0,0,0,0,0,0,0,0,0,0,0,0,0,0,0,0,0,0,0,0,0,0,0,0,0,0,0,0,0,0,0,0,0,0,0,0,0,0,0,0,0,0,0,0,0,0,0,0,0,0,0,0,0,0,0,0,0,0,0,0,0,0
STAT,match,Conflicts,242,6650,41,46,41,41,44,39,45,34,43,36,39,39,38,37,37,37,30,45,35,43,36,38,38,42,45,44,34,30,38,42,41,30,35,27,44,31,29,37,35,33,42,30,38,40,35,33,35,35,35,36,39,36,28,34,36,38,32,34,32,26,31,23,26,22,26,19,22,25,25,28,22,22,23,21,22,24,22,27,28,19,25,23,24,29,26,26,28,28,23,24,23,23,25,30,28,28,23,23,31,25,20,20,28,26,29,32,20,22,24,28,20,19,22,27,20,26,23,24,22,28,21,20,20,18,21,20,29,25,32,23,24,25,18,22,24,30,23,26,26,23,24,27,28,26,30,26,21,29,29,22,22,28,19,29,24,27,30,24,21,26,25,26,16,29,22,36,24,20,17,23,20,19,25,26,23,27,26,24,25,23,15,22,25,20,27,26,23,30,25,28,19,25,22,21,27,17,30,24,30,16,36,23,23,30,24,29,28,26,21,23,21,18,31,26,29,24,28,29,20,20,21,19,21,20,28,20,24,29,28,26,23,29,24,26,20,16,32,22,26,26,23,23
STAT,match,Iterations,242,15036908,34970,53265,33540,46375,50662,45747,52450,67205,53252,57858,49825,39382,52197,56480,41967,62497,44669,50239,41572,72192,74665,47571,55659,36755,45875,40913,56442,41172,46854,51348,37878,71071,48807,75588,54044,58611,58596,58253,39685,72046,57247,66343,46027,44427,55054,56220,56767,45737,57884,47279,57710,48349,47452,56347,37127,48041,52336,39391,60334,45968,54421,50024,65088,60862,48005,80877,84855,79594,64301,50411,60464,68429,67779,69347,74714,56650,80937,74365,69473,62828,86759,68333,70386,57093,69893,76730,61822,78449,47953,65163,74132,57907,72109,42289,64607,51476,57644,50324,84966,72656,70972,66568,54578,71085,59906,52731,67521,64238,54657,54420,68163,77894,39397,53835,76644,59549,56225,74121,69200,62190,63441,64054,80481,57530,60908,83257,72609,58281,42437,57081,63407,48764,94251,65711,51504,57554,45387,47694,58175,76613,66686,67025,64212,46159,60934,59517,82308,47786,69456,79056,49530,79883,81217,56574,47335,64949,65061,68913,76420,64303,57215,58138,70911,70444,63690,53044,64042,43690,72683,79396,83094,55708,66537,55476,68126,68622,60369,73125,64642,72156,77536,84553,76645,70438,67407,77184,83000,70802,51956,69615,69474,85167,70410,54927,61079,56485,59706,70203,56927,60347,53868,54130,63510,60876,59391,53768,70315,68742,72727,80608,53580,88755,66797,42980,77863,67055,77231,71713,78318,70376,65137,76565,82096,50369,69126,70792,73217,75927,60515,75535,60155,78842,62018,62547,49261,75903,53626,71608,70891,67262,64003,75252
STAT,popedge,Conflicts,242,0,0,0,0,0,0,0,0,0,0,0,0,0,0,0,0,0,0,0,0,0,0,0,0,0,0,0,0,0,0,0,0,0,0,0,0,0,0,0,0,0,0,0,0,0,0,0,0,0,0,0,0,0,0,0,0,0,0,0,0,0,0,0,0,0,0,0,0,0,0,0,0,0,0,0,0,0,0,0,0,0,0,0,0,0,0,0,0,0,0,0,0,0,0,0,0,0,0,0,0,0,0,0,0,0,0,0,0,0,0,0,0,0,0,0,0,0,0,0,0,0,0,0,0,0,0,0,0,0,0,0,0,0,0,0,0,0,0,0,0,0,0,0,0,0,0,0,0,0,0,0,0,0,0,0,0,0,0,0,0,0,0,0,0,0,0,0,0,0,0,0,0,0,0,0,0,0,0,0,0,0,0,0,0,0,0,0,0,0,0,0,0,0,0,0,0,0,0,0,0,0,0,0,0,0,0,0,0,0,0,0,0,0,0,0,0,0,0,0,0,0,0,0,0,0,0,0,0,0,0,0,0,0,0,0,0,0,0,0,0,0,0,0
STAT,popedge,Iterations,242,7366354,28387,31400,28136,29036,29608,29138,30913,30454,29403,29275,30737,28183,29011,30157,29365,29110,28586,29481,28430,29668,29690,30115,30705,30637,31178,29524,29401,29923,29635,30206,29586,29803,29440,30689,29941,32511,28508,29789,30969,31595,29622,30181,31129,29198,29718,29826,29572,28582,31084,29717,32354,29822,31369,30388,29742,30046,31301,31545,29437,36332,34306,29370,29429,27882,29251,29060,29364,29190,30030,30075,29966,30442,28561,28666,29048,28568,31203,29660,29860,29668,29696,31735,29526,30225,29233,30116,30698,28943,30460,28019,31418,28084,31039,28681,29995,30807,30686,30076,30279,29980,32411,30066,31020,29248,31548,30940,30738,30274,29830,32190,29784,30894,31073,29028,30767,29330,29935,29772,31207,31359,33497,34979,29852,32016,29018,30472,29732,29729,31254,29915,28087,30915,29695,29934,30789,31053,29071,30316,30154,28681,28095,31847,31181,30701,31405,29725,33448,30229,33306,30923,30786,30876,31494,31951,31482,31171,31620,29713,29341,31641,31039,30559,30819,30440,31069,32608,31047,30366,31752,28970,31509,28438,32356,30927,28930,31207,30052,32590,30193,28072,33785,34070,33463,29943,30199,32050,29027,28217,29962,29974,30217,32342,28869,31191,29348,30090,29427,29142,29867,29397,30130,31039,32118,30750,30003,33282,30250,31109,30331,32594,31199,30991,31565,31043,31791,28738,28986,33015,30478,30457,32902,30503,30616,31747,32904,29874,32345,30401,31040,33987,30537,31798,30487,33049,30647,29097,29986,30635,31308,29082,31376,30550
STAT,refine,Conflicts,242,7358,116,107,96,99,92,96,99,91,86,81,87,78,85,91,81,66,66,78,56,62,68,64,67,57,70,58,74,64,60,62,48,45,52,40,46,36,37,42,44,41,38,39,35,41,45,34,47,37,45,39,33,46,50,46,39,46,52,42,48,31,32,16,19,18,16,27,23,13,18,23,24,27,26,24,25,19,30,23,15,19,22,31,23,13,23,20,21,26,21,19,26,17,33,25,22,21,22,21,26,20,17,15,13,14,19,27,11,21,19,30,26,18,17,16,21,13,24,22,21,24,24,22,26,21,20,23,20,28,17,25,17,13,24,22,13,22,18,17,22,24,13,21,21,25,16,29,12,15,12,21,21,23,13,25,19,14,26,12,21,16,21,20,18,22,15,18,23,14,21,27,22,16,16,23,30,19,16,22,28,16,21,20,20,12,29,17,23,25,22,26,14,26,25,16,19,22,20,27,18,20,26,17,13,20,13,26,24,26,17,24,15,16,19,16,19,23,19,17,20,18,21,26,26,10,22,17,20,23,18,12,16,19,17,14,27,26,26,21,23,20,25,21
STAT,refine,Iterations,242,138682,579,790,578,700,701,666,647,607,671,545,617,560,454,723,674,772,686,693,442,632,736,504,697,488,547,555,705,413,476,652,523,608,557,692,610,616,441,701,521,712,477,587,347,525,536,452,610,393,644,653,622,424,617,735,469,578,693,528,556,451,345,378,503,441,400,688,593,577,589,458,563,550,507,500,628,456,830,513,697,452,609,799,584,605,447,666,701,659,503,486,658,441,780,450,570,590,528,650,674,586,672,443,400,447,667,557,501,539,474,651,614,553,515,436,902,403,658,763,544,576,611,599,530,555,507,854,710,566,400,415,625,390,634,514,425,684,518,528,669,767,406,591,830,590,567,549,524,498,630,408,503,545,495,754,345,620,697,508,508,695,701,602,388,430,527,690,722,275,655,630,586,511,720,522,709,752,557,572,638,534,636,546,587,359,587,521,585,613,610,499,486,715,706,652,483,379,504,603,621,390,742,353,540,587,463,650,688,630,527,669,325,677,522,205,735,642,603,488,576,344,644,610,820,337,541,419,726,564,481,559,680,651,411,685,430,609,742,437,704,542,507,693
