Hello from MIC
Galois Benchmark Suite v2.2.0 (r0)
Copyright (C) 2013 The University of Texas at Austin
http://iss.ices.utexas.edu/galois/

application: GMetis
Partitions a graph into K parts and minimizing the graph cut
http://iss.ices.utexas.edu/?p=projects/galois/benchmarks/gMetis

INFO: CommandLine /work/02556/dpereira/MIC/apps/gmetis/gmetis -t=115 /work/02556/dpereira/Inputs/USA-road-d.W.gr 1024
INFO: Hostname c558-401-mic0.stampede.tacc.utexas.edu
Created Graph with 6262104 nodes and 15248146 edges
Nodes 6262104| Edges 15248146 7624073

  Starting coarsening: 
Time coarsen:  2040 Size of final graph: 21623

  Sarting initial partitioning using GGGP:
Size in decade percentages:  -1,84 -0,855 1,85
Time clustering:  843

  Sarting refinnement with BKL2
Initial dist
Size in decade percentages:  -1,84 -0,855 1,85
Refined dist
Size in decade percentages:  -2,1 -1,360 0,282 1,380 3,1
Time refinement:  1119


Time:  4182
Total edge cut : 31874

Part saved in : 0x7fffc7ec9260
STATTYPE,LOOP,CATEGORY,n,sum,T0,T1,T2,T3,T4,T5,T6,T7,T8,T9,T10,T11,T12,T13,T14,T15,T16,T17,T18,T19,T20,T21,T22,T23,T24,T25,T26,T27,T28,T29,T30,T31,T32,T33,T34,T35,T36,T37,T38,T39,T40,T41,T42,T43,T44,T45,T46,T47,T48,T49,T50,T51,T52,T53,T54,T55,T56,T57,T58,T59,T60,T61,T62,T63,T64,T65,T66,T67,T68,T69,T70,T71,T72,T73,T74,T75,T76,T77,T78,T79,T80,T81,T82,T83,T84,T85,T86,T87,T88,T89,T90,T91,T92,T93,T94,T95,T96,T97,T98,T99,T100,T101,T102,T103,T104,T105,T106,T107,T108,T109,T110,T111,T112,T113,T114
STAT,(NULL),Coarsen,115,2040,2040,0,0,0,0,0,0,0,0,0,0,0,0,0,0,0,0,0,0,0,0,0,0,0,0,0,0,0,0,0,0,0,0,0,0,0,0,0,0,0,0,0,0,0,0,0,0,0,0,0,0,0,0,0,0,0,0,0,0,0,0,0,0,0,0,0,0,0,0,0,0,0,0,0,0,0,0,0,0,0,0,0,0,0,0,0,0,0,0,0,0,0,0,0,0,0,0,0,0,0,0,0,0,0,0,0,0,0,0,0,0,0,0,0,0
STAT,(NULL),Conflicts,115,0,0,0,0,0,0,0,0,0,0,0,0,0,0,0,0,0,0,0,0,0,0,0,0,0,0,0,0,0,0,0,0,0,0,0,0,0,0,0,0,0,0,0,0,0,0,0,0,0,0,0,0,0,0,0,0,0,0,0,0,0,0,0,0,0,0,0,0,0,0,0,0,0,0,0,0,0,0,0,0,0,0,0,0,0,0,0,0,0,0,0,0,0,0,0,0,0,0,0,0,0,0,0,0,0,0,0,0,0,0,0,0,0,0,0,0
STAT,(NULL),Iterations,115,2047,11,16,16,16,20,13,17,19,10,13,15,33,19,17,10,23,22,15,34,27,56,26,13,12,18,15,22,18,20,26,13,19,14,16,12,17,22,17,24,11,17,9,28,20,11,11,18,19,20,20,11,18,19,27,13,26,10,16,22,35,19,16,15,13,13,14,18,14,13,23,25,21,20,13,12,23,24,24,16,20,29,8,24,24,17,11,18,14,18,15,18,23,18,13,16,12,19,12,15,15,13,10,14,22,15,11,22,23,17,8,21,13,11,8,17
STAT,(NULL),MeminfoPost,115,756674,6582,6588,6593,6576,6578,6582,6601,6654,6575,6573,6582,6592,6593,6591,6568,6570,6588,6588,6556,6583,6585,6595,6583,6575,6583,6598,6653,6585,6567,6572,6594,6609,6582,6570,6572,6586,6583,6564,6571,6594,6577,6621,6570,6595,6574,6582,6567,6583,6551,6572,6597,6573,6568,6563,6561,6567,6590,6611,6566,6566,6592,6552,6552,6587,6590,6603,6573,6560,6573,6574,6555,6553,6556,6581,6567,6623,6622,6568,6569,6576,6548,6581,6597,6581,6566,6575,6564,6550,6561,6573,6590,6621,6613,6566,6561,6573,6610,6612,6614,6575,6581,6569,6573,6551,6559,6569,6574,6541,6561,6582,6557,6574,6582,6582,6574
STAT,(NULL),MeminfoPre,115,189149,1647,1653,1658,1641,1643,1647,1666,1719,1640,1638,1647,1657,1658,1656,1633,1635,1653,1653,1621,1648,1650,1660,1648,1640,1648,1663,1718,1650,1632,1637,1659,1674,1647,1635,1637,1651,1648,1629,1636,1659,1642,1686,1635,1660,1639,1647,1632,1648,1616,1637,1662,1638,1633,1628,1626,1632,1655,1676,1631,1631,1657,1617,1617,1652,1655,1668,1638,1625,1638,1639,1620,1618,1621,1646,1632,1688,1687,1633,1634,1641,1613,1646,1662,1646,1631,1640,1629,1615,1626,1638,1655,1686,1678,1631,1626,1638,1675,1677,1679,1640,1646,1634,1638,1616,1624,1634,1639,1606,1626,1647,1622,1639,1647,1647,1639
STAT,(NULL),Partition,115,843,843,0,0,0,0,0,0,0,0,0,0,0,0,0,0,0,0,0,0,0,0,0,0,0,0,0,0,0,0,0,0,0,0,0,0,0,0,0,0,0,0,0,0,0,0,0,0,0,0,0,0,0,0,0,0,0,0,0,0,0,0,0,0,0,0,0,0,0,0,0,0,0,0,0,0,0,0,0,0,0,0,0,0,0,0,0,0,0,0,0,0,0,0,0,0,0,0,0,0,0,0,0,0,0,0,0,0,0,0,0,0,0,0,0,0
STAT,(NULL),Refine,115,1119,1119,0,0,0,0,0,0,0,0,0,0,0,0,0,0,0,0,0,0,0,0,0,0,0,0,0,0,0,0,0,0,0,0,0,0,0,0,0,0,0,0,0,0,0,0,0,0,0,0,0,0,0,0,0,0,0,0,0,0,0,0,0,0,0,0,0,0,0,0,0,0,0,0,0,0,0,0,0,0,0,0,0,0,0,0,0,0,0,0,0,0,0,0,0,0,0,0,0,0,0,0,0,0,0,0,0,0,0,0,0,0,0,0,0,0
STAT,(NULL),Threads,115,115,115,0,0,0,0,0,0,0,0,0,0,0,0,0,0,0,0,0,0,0,0,0,0,0,0,0,0,0,0,0,0,0,0,0,0,0,0,0,0,0,0,0,0,0,0,0,0,0,0,0,0,0,0,0,0,0,0,0,0,0,0,0,0,0,0,0,0,0,0,0,0,0,0,0,0,0,0,0,0,0,0,0,0,0,0,0,0,0,0,0,0,0,0,0,0,0,0,0,0,0,0,0,0,0,0,0,0,0,0,0,0,0,0,0,0
STAT,(NULL),Time,115,4182,4182,0,0,0,0,0,0,0,0,0,0,0,0,0,0,0,0,0,0,0,0,0,0,0,0,0,0,0,0,0,0,0,0,0,0,0,0,0,0,0,0,0,0,0,0,0,0,0,0,0,0,0,0,0,0,0,0,0,0,0,0,0,0,0,0,0,0,0,0,0,0,0,0,0,0,0,0,0,0,0,0,0,0,0,0,0,0,0,0,0,0,0,0,0,0,0,0,0,0,0,0,0,0,0,0,0,0,0,0,0,0,0,0,0,0
STAT,match,Conflicts,115,5499,88,69,85,75,85,53,70,55,73,62,65,73,73,68,62,61,54,77,65,69,41,55,58,55,52,54,58,55,49,37,52,38,47,45,51,47,59,49,48,48,57,44,49,62,61,45,44,52,60,56,59,45,56,60,44,44,40,34,47,29,40,45,24,39,42,46,28,31,42,34,34,42,46,40,48,35,41,36,52,34,44,33,40,41,35,38,44,50,47,42,32,30,32,37,32,28,33,44,35,34,36,46,36,39,49,35,37,41,35,41,42,44,46,38,36
STAT,match,Iterations,115,14948586,97102,103950,114496,110711,109819,107862,121326,108748,124429,126645,106445,121913,112447,111447,120622,120768,117622,109543,115988,115551,123243,117806,107961,113786,117028,123564,126253,137320,119577,130526,97718,123755,110356,125289,124880,119451,120296,124166,119840,108503,123967,107496,124531,115241,121740,122873,134126,127827,115780,119230,120238,142958,139049,129010,144769,141804,144198,144750,160275,175831,143805,130556,135337,146454,140660,126926,141026,155151,143698,140054,143689,139646,143044,139204,133700,144469,149353,147286,131164,144729,141789,140557,137394,131140,142238,140138,131717,133057,139194,135034,129033,130134,130664,128762,137854,128993,142816,122620,154748,140199,135511,131198,125628,136796,139911,149216,132918,148748,152505,152297,139323,126220,135113,136520,144205
STAT,popedge,Conflicts,115,0,0,0,0,0,0,0,0,0,0,0,0,0,0,0,0,0,0,0,0,0,0,0,0,0,0,0,0,0,0,0,0,0,0,0,0,0,0,0,0,0,0,0,0,0,0,0,0,0,0,0,0,0,0,0,0,0,0,0,0,0,0,0,0,0,0,0,0,0,0,0,0,0,0,0,0,0,0,0,0,0,0,0,0,0,0,0,0,0,0,0,0,0,0,0,0,0,0,0,0,0,0,0,0,0,0,0,0,0,0,0,0,0,0,0,0
STAT,popedge,Iterations,115,7324794,64992,62727,64776,62480,62949,64030,63989,61546,62497,63039,67830,61776,62745,65647,63870,64939,64941,65302,66786,66119,63233,61899,62607,64344,63727,62678,61894,61204,64011,61687,61242,59619,57993,65016,63203,63945,63256,66011,63765,59547,58141,58371,62028,60997,58792,61069,64456,64727,66527,67566,63104,62688,62178,64621,69943,68926,71383,69067,73895,75939,72598,64527,63743,63028,60507,63246,60925,62051,62968,63983,62278,65420,61216,60057,63124,62470,61037,61591,62338,63862,63568,61507,62910,61813,62307,63655,61268,61951,62644,63798,62401,60831,58564,56038,61364,60820,65253,65276,66169,64621,62113,65615,63018,66169,66145,64042,65742,67036,64155,63794,66487,66488,67952,67038,62994
STAT,refine,Conflicts,115,4415,79,83,84,80,70,73,71,67,52,54,62,74,63,71,59,47,44,46,44,56,56,61,53,48,54,60,56,45,41,45,40,42,32,39,35,38,43,29,36,41,33,43,39,39,32,37,35,31,45,50,42,40,50,31,37,34,40,31,25,33,30,21,23,34,40,31,24,35,29,27,34,28,35,32,26,28,26,33,31,29,26,23,23,29,25,38,31,35,22,26,26,26,26,29,23,23,37,27,28,24,21,26,26,22,20,23,22,21,19,24,24,30,29,22,23
STAT,refine,Iterations,115,429987,2809,3618,3660,3203,3550,3101,4460,4572,3281,2857,3258,3377,3742,3323,3782,3699,2886,2770,2726,3553,3545,3742,3232,3207,3253,3834,5069,3681,3231,3514,3230,4220,3094,4077,3214,3431,3221,3270,3195,3261,3070,4776,3589,3690,3405,3561,3228,3698,3398,4018,4524,3734,4011,3967,4542,4396,5200,5280,4164,4938,4405,2369,3260,4627,4162,3976,3139,4333,4065,3695,3645,3826,3805,4242,3508,4303,4423,3357,3386,3628,3541,3729,4053,3920,3503,3598,3688,4338,3627,3953,4060,4173,4314,3500,3357,3628,4531,3494,4327,3038,3192,3796,4477,3573,3361,4274,3973,3393,3643,4270,3998,3914,4004,3899,3757
