Hello from MIC
Galois Benchmark Suite v2.2.0 (r0)
Copyright (C) 2013 The University of Texas at Austin
http://iss.ices.utexas.edu/galois/

application: GMetis
Partitions a graph into K parts and minimizing the graph cut
http://iss.ices.utexas.edu/?p=projects/galois/benchmarks/gMetis

INFO: CommandLine /work/02556/dpereira/MIC/apps/gmetis/gmetis -t=102 /work/02556/dpereira/Inputs/USA-road-d.W.gr 128
INFO: Hostname c557-903-mic0.stampede.tacc.utexas.edu
Created Graph with 6262104 nodes and 15248146 edges
Nodes 6262104| Edges 15248146 7624073

  Starting coarsening: 
Time coarsen:  2222 Size of final graph: 3037

  Sarting initial partitioning using GGGP:
Size in decade percentages:  -1,5 -0,118 1,5
Time clustering:  406

  Sarting refinnement with BKL2
Initial dist
Size in decade percentages:  -1,5 -0,118 1,5
Refined dist
Size in decade percentages:  -1,45 -0,35 1,48
Time refinement:  1008


Time:  3810
Total edge cut : 7868

Part saved in : 0x7fffdee067e0
STATTYPE,LOOP,CATEGORY,n,sum,T0,T1,T2,T3,T4,T5,T6,T7,T8,T9,T10,T11,T12,T13,T14,T15,T16,T17,T18,T19,T20,T21,T22,T23,T24,T25,T26,T27,T28,T29,T30,T31,T32,T33,T34,T35,T36,T37,T38,T39,T40,T41,T42,T43,T44,T45,T46,T47,T48,T49,T50,T51,T52,T53,T54,T55,T56,T57,T58,T59,T60,T61,T62,T63,T64,T65,T66,T67,T68,T69,T70,T71,T72,T73,T74,T75,T76,T77,T78,T79,T80,T81,T82,T83,T84,T85,T86,T87,T88,T89,T90,T91,T92,T93,T94,T95,T96,T97,T98,T99,T100,T101
STAT,(NULL),Coarsen,102,2222,2222,0,0,0,0,0,0,0,0,0,0,0,0,0,0,0,0,0,0,0,0,0,0,0,0,0,0,0,0,0,0,0,0,0,0,0,0,0,0,0,0,0,0,0,0,0,0,0,0,0,0,0,0,0,0,0,0,0,0,0,0,0,0,0,0,0,0,0,0,0,0,0,0,0,0,0,0,0,0,0,0,0,0,0,0,0,0,0,0,0,0,0,0,0,0,0,0,0,0,0,0,0
STAT,(NULL),Conflicts,102,0,0,0,0,0,0,0,0,0,0,0,0,0,0,0,0,0,0,0,0,0,0,0,0,0,0,0,0,0,0,0,0,0,0,0,0,0,0,0,0,0,0,0,0,0,0,0,0,0,0,0,0,0,0,0,0,0,0,0,0,0,0,0,0,0,0,0,0,0,0,0,0,0,0,0,0,0,0,0,0,0,0,0,0,0,0,0,0,0,0,0,0,0,0,0,0,0,0,0,0,0,0,0
STAT,(NULL),Iterations,102,255,9,5,0,0,0,3,1,5,0,3,0,0,2,0,2,1,4,1,3,2,4,4,1,0,4,4,2,4,2,1,1,0,1,4,3,1,4,3,3,4,2,3,4,8,2,0,10,1,6,6,3,5,2,3,6,3,0,10,3,1,7,5,5,0,0,0,1,3,0,3,2,0,0,0,6,3,1,3,1,0,0,7,2,2,3,6,1,2,0,1,1,0,0,2,5,6,0,0,0,2,2,4
STAT,(NULL),MeminfoPost,102,756291,7411,7442,7421,7413,7411,7432,7491,7408,7409,7416,7435,7424,7413,7402,7423,7418,7396,7412,7434,7425,7418,7413,7426,7491,7414,7408,7407,7438,7429,7418,7396,7420,7421,7397,7418,7413,7454,7409,7431,7409,7414,7399,7411,7389,7425,7420,7398,7398,7384,7401,7459,7419,7397,7427,7382,7390,7421,7434,7420,7397,7411,7404,7389,7391,7406,7387,7433,7460,7426,7397,7415,7382,7425,7431,7404,7403,7403,7381,7400,7393,7450,7463,7419,7395,7398,7444,7449,7456,7396,7413,7407,7395,7389,7394,7410,7386,7384,7405,7404,7417,7417,7408
STAT,(NULL),MeminfoPre,102,189069,1850,1881,1860,1852,1850,1871,1930,1847,1848,1855,1874,1863,1852,1841,1862,1857,1835,1851,1873,1864,1857,1852,1865,1930,1853,1847,1846,1877,1868,1857,1835,1859,1860,1836,1857,1852,1893,1848,1870,1848,1853,1838,1850,1828,1864,1859,1837,1837,1823,1840,1898,1858,1836,1866,1821,1829,1860,1873,1859,1836,1850,1843,1828,1830,1845,1826,1872,1899,1865,1836,1854,1821,1864,1870,1843,1842,1842,1820,1839,1832,1889,1902,1858,1834,1837,1883,1888,1895,1835,1852,1846,1834,1828,1833,1849,1825,1823,1844,1843,1856,1856,1847
STAT,(NULL),Partition,102,406,406,0,0,0,0,0,0,0,0,0,0,0,0,0,0,0,0,0,0,0,0,0,0,0,0,0,0,0,0,0,0,0,0,0,0,0,0,0,0,0,0,0,0,0,0,0,0,0,0,0,0,0,0,0,0,0,0,0,0,0,0,0,0,0,0,0,0,0,0,0,0,0,0,0,0,0,0,0,0,0,0,0,0,0,0,0,0,0,0,0,0,0,0,0,0,0,0,0,0,0,0,0
STAT,(NULL),Refine,102,1008,1008,0,0,0,0,0,0,0,0,0,0,0,0,0,0,0,0,0,0,0,0,0,0,0,0,0,0,0,0,0,0,0,0,0,0,0,0,0,0,0,0,0,0,0,0,0,0,0,0,0,0,0,0,0,0,0,0,0,0,0,0,0,0,0,0,0,0,0,0,0,0,0,0,0,0,0,0,0,0,0,0,0,0,0,0,0,0,0,0,0,0,0,0,0,0,0,0,0,0,0,0,0
STAT,(NULL),Threads,102,102,102,0,0,0,0,0,0,0,0,0,0,0,0,0,0,0,0,0,0,0,0,0,0,0,0,0,0,0,0,0,0,0,0,0,0,0,0,0,0,0,0,0,0,0,0,0,0,0,0,0,0,0,0,0,0,0,0,0,0,0,0,0,0,0,0,0,0,0,0,0,0,0,0,0,0,0,0,0,0,0,0,0,0,0,0,0,0,0,0,0,0,0,0,0,0,0,0,0,0,0,0,0
STAT,(NULL),Time,102,3810,3810,0,0,0,0,0,0,0,0,0,0,0,0,0,0,0,0,0,0,0,0,0,0,0,0,0,0,0,0,0,0,0,0,0,0,0,0,0,0,0,0,0,0,0,0,0,0,0,0,0,0,0,0,0,0,0,0,0,0,0,0,0,0,0,0,0,0,0,0,0,0,0,0,0,0,0,0,0,0,0,0,0,0,0,0,0,0,0,0,0,0,0,0,0,0,0,0,0,0,0,0,0
STAT,match,Conflicts,102,6509,92,98,105,104,97,95,86,96,79,73,91,88,77,88,81,82,81,81,84,63,67,64,63,76,64,81,84,93,78,92,74,82,70,52,66,98,57,71,74,92,77,53,45,64,41,44,51,40,45,45,48,38,52,50,47,51,49,50,71,65,52,58,49,56,42,49,68,44,49,40,37,52,58,41,45,46,52,56,43,61,43,55,35,51,61,55,65,67,65,45,57,53,82,51,56,46,66,48,47,65,77,56
STAT,match,Iterations,102,14972209,126980,119371,126648,121445,128690,116478,119744,119672,138450,141600,128273,134576,126956,126854,132754,137974,138517,135984,134185,137976,131544,142958,125633,125799,146780,132661,131515,141001,134158,137691,144209,148800,143405,148352,143540,133812,138454,125853,134126,117049,146135,168089,163560,175423,173866,149142,167952,151715,166457,160623,138553,161709,171357,155517,182023,168848,143979,147805,146551,172997,154493,137457,156796,165102,162292,147752,136502,137564,135717,164166,143806,150806,145902,163645,149769,161609,145493,171342,166817,149337,140591,137029,145884,144287,141628,150210,147125,154829,165892,163547,160604,167497,154326,152845,165666,167701,171766,157528,159773,143834,148393,152119
STAT,popedge,Conflicts,102,0,0,0,0,0,0,0,0,0,0,0,0,0,0,0,0,0,0,0,0,0,0,0,0,0,0,0,0,0,0,0,0,0,0,0,0,0,0,0,0,0,0,0,0,0,0,0,0,0,0,0,0,0,0,0,0,0,0,0,0,0,0,0,0,0,0,0,0,0,0,0,0,0,0,0,0,0,0,0,0,0,0,0,0,0,0,0,0,0,0,0,0,0,0,0,0,0,0,0,0,0,0,0
STAT,popedge,Iterations,102,7333548,71061,69720,69841,68764,70914,72633,68493,60510,69412,66667,70166,68977,70184,71729,70983,73753,70858,71216,68464,68190,68822,67805,71092,68401,69835,73972,72981,70331,72534,74959,75473,71763,74889,72808,67976,66869,70437,66780,69490,72645,69627,78530,78332,78823,75749,75584,75670,79527,76489,76513,77821,80239,81067,78970,76456,82193,80959,79280,80417,79663,81233,73461,66426,67678,65445,72858,69558,67595,57574,69847,70197,69353,68031,67867,68576,68404,71953,66893,68008,67661,68620,67140,67635,69701,68003,70810,75074,73536,70089,73687,73892,76390,74713,75244,73826,68967,68869,72194,74530,70985,74894,71825
STAT,refine,Conflicts,102,4376,114,110,108,100,95,94,94,86,75,78,83,59,71,68,68,62,57,52,66,52,66,56,48,54,54,62,56,48,45,56,49,47,44,45,43,46,44,44,47,44,52,39,44,29,27,37,33,30,38,32,39,28,32,40,32,34,31,32,24,33,32,28,29,33,31,20,22,33,25,26,25,30,20,21,30,27,26,23,22,21,24,27,23,24,31,23,32,23,28,19,23,17,32,27,21,28,36,35,25,25,25,28
STAT,refine,Iterations,102,132316,1262,1346,1148,1220,1147,1303,1637,1205,1140,1179,1233,1184,998,1257,1495,1102,1177,1152,1075,994,1287,1134,1113,1333,1437,1306,1256,1103,1120,1481,1233,1284,1219,1321,1192,1195,1723,1265,1479,1357,1398,1755,1533,1131,1729,1388,1470,1148,2022,1290,1840,1553,1364,1537,1063,1279,1211,1815,1034,1190,1481,1018,996,1757,1080,1052,1419,1575,1222,1214,959,1087,1099,1240,1095,1073,1126,1230,1318,837,1360,1558,1126,1079,1456,1556,1424,1307,1090,1314,1396,1074,1355,1175,1274,1395,1362,1676,1547,1382,1420,1270
