Hello from MIC
Galois Benchmark Suite v2.2.0 (r0)
Copyright (C) 2013 The University of Texas at Austin
http://iss.ices.utexas.edu/galois/

application: GMetis
Partitions a graph into K parts and minimizing the graph cut
http://iss.ices.utexas.edu/?p=projects/galois/benchmarks/gMetis

INFO: CommandLine /work/02556/dpereira/MIC/apps/gmetis/gmetis -t=48 /work/02556/dpereira/Inputs/USA-road-d.W.gr 1024
INFO: Hostname c557-803-mic0.stampede.tacc.utexas.edu
Created Graph with 6262104 nodes and 15248146 edges
Nodes 6262104| Edges 15248146 7624073

  Starting coarsening: 
Time coarsen:  2551 Size of final graph: 40564

  Sarting initial partitioning using GGGP:
Size in decade percentages:  -0,1024
Time clustering:  1313

  Sarting refinnement with BKL2
Initial dist
Size in decade percentages:  -0,1024
Refined dist
Size in decade percentages:  -1,348 -0,319 1,357
Time refinement:  851


Time:  4894
Total edge cut : 37174

Part saved in : 0x7fff4904d660
STATTYPE,LOOP,CATEGORY,n,sum,T0,T1,T2,T3,T4,T5,T6,T7,T8,T9,T10,T11,T12,T13,T14,T15,T16,T17,T18,T19,T20,T21,T22,T23,T24,T25,T26,T27,T28,T29,T30,T31,T32,T33,T34,T35,T36,T37,T38,T39,T40,T41,T42,T43,T44,T45,T46,T47
STAT,(NULL),Coarsen,48,2551,2551,0,0,0,0,0,0,0,0,0,0,0,0,0,0,0,0,0,0,0,0,0,0,0,0,0,0,0,0,0,0,0,0,0,0,0,0,0,0,0,0,0,0,0,0,0,0,0
STAT,(NULL),Conflicts,48,0,0,0,0,0,0,0,0,0,0,0,0,0,0,0,0,0,0,0,0,0,0,0,0,0,0,0,0,0,0,0,0,0,0,0,0,0,0,0,0,0,0,0,0,0,0,0,0,0
STAT,(NULL),Iterations,48,2047,11,35,42,53,34,62,45,39,51,54,58,46,46,19,66,23,62,65,47,63,18,68,48,55,47,17,39,18,52,8,58,37,30,33,53,33,34,55,65,48,51,26,36,13,58,43,38,45
STAT,(NULL),MeminfoPost,48,756275,15772,15764,15795,15801,15765,15783,15741,15741,15775,15757,15791,15814,15757,15792,15737,15743,15762,15788,15771,15736,15727,15756,15708,15781,15739,15728,15754,15776,15724,15702,15727,15814,15759,15715,15776,15732,15705,15753,15826,15717,15822,15774,15745,15699,15720,15720,15738,15753
STAT,(NULL),MeminfoPre,48,189059,3955,3947,3978,3984,3948,3966,3924,3924,3958,3940,3974,3997,3940,3975,3920,3926,3945,3971,3954,3919,3910,3939,3891,3964,3922,3911,3937,3959,3907,3885,3910,3997,3942,3898,3959,3915,3888,3936,4009,3900,4005,3957,3928,3882,3903,3903,3921,3936
STAT,(NULL),Partition,48,1313,1313,0,0,0,0,0,0,0,0,0,0,0,0,0,0,0,0,0,0,0,0,0,0,0,0,0,0,0,0,0,0,0,0,0,0,0,0,0,0,0,0,0,0,0,0,0,0,0
STAT,(NULL),Refine,48,851,851,0,0,0,0,0,0,0,0,0,0,0,0,0,0,0,0,0,0,0,0,0,0,0,0,0,0,0,0,0,0,0,0,0,0,0,0,0,0,0,0,0,0,0,0,0,0,0
STAT,(NULL),Threads,48,48,48,0,0,0,0,0,0,0,0,0,0,0,0,0,0,0,0,0,0,0,0,0,0,0,0,0,0,0,0,0,0,0,0,0,0,0,0,0,0,0,0,0,0,0,0,0,0,0
STAT,(NULL),Time,48,4894,4894,0,0,0,0,0,0,0,0,0,0,0,0,0,0,0,0,0,0,0,0,0,0,0,0,0,0,0,0,0,0,0,0,0,0,0,0,0,0,0,0,0,0,0,0,0,0,0
STAT,match,Conflicts,48,4938,296,227,171,146,164,124,154,190,145,151,116,140,97,82,135,132,89,66,50,80,93,88,102,90,65,52,49,71,75,80,56,60,62,64,52,63,74,49,77,86,96,76,60,113,94,152,109,75
STAT,match,Iterations,48,14884125,280320,304616,290909,290093,306811,297458,320362,309456,290514,302795,298219,299890,308227,303114,310269,311765,296926,292997,309606,303461,316220,319085,316991,299302,311343,341363,331476,301005,326179,327758,311092,322508,291790,314918,292259,315756,326579,312893,289178,311972,300003,324595,331430,337964,330399,310136,320775,321348
STAT,popedge,Conflicts,48,0,0,0,0,0,0,0,0,0,0,0,0,0,0,0,0,0,0,0,0,0,0,0,0,0,0,0,0,0,0,0,0,0,0,0,0,0,0,0,0,0,0,0,0,0,0,0,0,0
STAT,popedge,Iterations,48,7294620,151773,154541,152837,149166,150333,148595,151279,153691,150513,151181,148641,148881,147464,143929,151646,150897,138503,137137,137376,145576,147604,145573,151453,147222,154404,155699,152838,150283,158599,159023,157711,150300,142787,153266,148108,152615,153739,149957,145234,143728,159383,165048,163528,166527,160747,168026,165180,162079
STAT,refine,Conflicts,48,2400,75,69,67,55,53,76,65,45,46,56,54,66,49,48,50,48,50,63,65,58,52,51,61,60,45,50,49,38,51,49,34,49,46,38,41,36,39,50,47,56,18,32,24,45,42,55,45,39
STAT,refine,Iterations,48,476346,8698,8617,9161,11015,9016,9099,9284,7652,9343,9450,10040,12342,10540,11189,9877,9047,8862,11393,9486,9085,8747,9317,8204,10891,10286,9956,10035,9812,8862,10069,10483,11587,10441,9805,11360,10069,10251,10164,11279,9884,13127,9925,10484,8629,9493,8760,10454,10776
