Hello from MIC
Galois Benchmark Suite v2.2.0 (r0)
Copyright (C) 2013 The University of Texas at Austin
http://iss.ices.utexas.edu/galois/

application: GMetis
Partitions a graph into K parts and minimizing the graph cut
http://iss.ices.utexas.edu/?p=projects/galois/benchmarks/gMetis

INFO: CommandLine /work/02556/dpereira/MIC/apps/gmetis/gmetis -t=43 /work/02556/dpereira/Inputs/USA-road-d.W.gr 128
INFO: Hostname c557-901-mic0.stampede.tacc.utexas.edu
Created Graph with 6262104 nodes and 15248146 edges
Nodes 6262104| Edges 15248146 7624073

  Starting coarsening: 
Time coarsen:  2851 Size of final graph: 3009

  Sarting initial partitioning using GGGP:
Size in decade percentages:  -1,5 -0,121 1,2
Time clustering:  395

  Sarting refinnement with BKL2
Initial dist
Size in decade percentages:  -1,5 -0,121 1,2
Refined dist
Size in decade percentages:  -1,47 -0,31 1,50
Time refinement:  675


Time:  4097
Total edge cut : 8510

Part saved in : 0x7fffc8e53160
STATTYPE,LOOP,CATEGORY,n,sum,T0,T1,T2,T3,T4,T5,T6,T7,T8,T9,T10,T11,T12,T13,T14,T15,T16,T17,T18,T19,T20,T21,T22,T23,T24,T25,T26,T27,T28,T29,T30,T31,T32,T33,T34,T35,T36,T37,T38,T39,T40,T41,T42
STAT,(NULL),Coarsen,43,2851,2851,0,0,0,0,0,0,0,0,0,0,0,0,0,0,0,0,0,0,0,0,0,0,0,0,0,0,0,0,0,0,0,0,0,0,0,0,0,0,0,0,0,0
STAT,(NULL),Conflicts,43,0,0,0,0,0,0,0,0,0,0,0,0,0,0,0,0,0,0,0,0,0,0,0,0,0,0,0,0,0,0,0,0,0,0,0,0,0,0,0,0,0,0,0,0
STAT,(NULL),Iterations,43,255,14,2,5,7,4,6,3,11,3,8,5,6,10,6,2,6,4,3,5,5,5,4,3,7,7,4,9,7,7,5,8,10,5,4,4,8,5,8,4,7,11,5,3
STAT,(NULL),MeminfoPost,43,756331,17611,17584,17691,17571,17628,17573,17587,17600,17597,17662,17599,17618,17581,17593,17580,17621,17609,17569,17567,17571,17540,17625,17573,17552,17615,17559,17537,17552,17674,17558,17580,17579,17541,17570,17661,17551,17688,17575,17544,17561,17515,17582,17587
STAT,(NULL),MeminfoPre,43,189075,4419,4392,4499,4379,4436,4381,4395,4408,4405,4470,4407,4426,4389,4401,4388,4429,4417,4377,4375,4379,4348,4433,4381,4360,4423,4367,4345,4360,4482,4366,4388,4387,4349,4378,4469,4359,4496,4383,4352,4369,4323,4390,4395
STAT,(NULL),Partition,43,395,395,0,0,0,0,0,0,0,0,0,0,0,0,0,0,0,0,0,0,0,0,0,0,0,0,0,0,0,0,0,0,0,0,0,0,0,0,0,0,0,0,0,0
STAT,(NULL),Refine,43,675,675,0,0,0,0,0,0,0,0,0,0,0,0,0,0,0,0,0,0,0,0,0,0,0,0,0,0,0,0,0,0,0,0,0,0,0,0,0,0,0,0,0,0
STAT,(NULL),Threads,43,43,43,0,0,0,0,0,0,0,0,0,0,0,0,0,0,0,0,0,0,0,0,0,0,0,0,0,0,0,0,0,0,0,0,0,0,0,0,0,0,0,0,0,0
STAT,(NULL),Time,43,4097,4097,0,0,0,0,0,0,0,0,0,0,0,0,0,0,0,0,0,0,0,0,0,0,0,0,0,0,0,0,0,0,0,0,0,0,0,0,0,0,0,0,0,0
STAT,match,Conflicts,43,4530,212,152,199,126,147,117,123,101,118,153,94,71,104,100,87,76,90,94,113,90,84,75,69,65,61,73,110,121,90,72,98,55,75,93,100,87,155,169,89,127,95,122,78
STAT,match,Iterations,43,14964657,324753,339996,303027,355074,275512,351682,344756,331933,345231,321185,357819,355382,343463,352611,344691,343219,337425,341266,344606,346184,348748,341764,371277,354993,351629,367758,365254,345268,305168,371274,355091,362196,366508,361480,343755,354848,347064,363582,377057,349640,376199,354485,369804
STAT,popedge,Conflicts,43,0,0,0,0,0,0,0,0,0,0,0,0,0,0,0,0,0,0,0,0,0,0,0,0,0,0,0,0,0,0,0,0,0,0,0,0,0,0,0,0,0,0,0,0
STAT,popedge,Iterations,43,7333361,165919,170345,162926,169624,146931,171873,171218,169354,165296,166566,165786,163373,168256,169630,159901,155130,152938,162579,168748,166075,170352,164046,179002,174322,169858,177111,177088,178877,168123,165845,171142,170402,169606,169994,163141,163529,181870,187114,187062,189784,188849,189659,184117
STAT,refine,Conflicts,43,2458,106,90,92,87,75,84,58,74,74,67,68,61,49,59,57,66,58,63,69,53,69,46,51,53,47,39,42,43,47,46,48,51,55,36,45,49,37,37,42,31,48,39,47
STAT,refine,Iterations,43,134993,2684,2886,4391,3834,2721,2700,3101,2883,2667,4120,3730,3108,2259,3150,2805,3297,2596,2892,3116,3058,3122,3551,3085,3173,3536,2866,3198,3187,3564,2701,3167,3083,2981,3182,3382,2968,4111,2367,3191,2717,3337,2971,3555
