Hello from MIC
Galois Benchmark Suite v2.2.0 (r0)
Copyright (C) 2013 The University of Texas at Austin
http://iss.ices.utexas.edu/galois/

application: GMetis
Partitions a graph into K parts and minimizing the graph cut
http://iss.ices.utexas.edu/?p=projects/galois/benchmarks/gMetis

INFO: CommandLine /work/02556/dpereira/MIC/apps/gmetis/gmetis -t=84 /work/02556/dpereira/Inputs/USA-road-d.W.gr 16
INFO: Hostname c557-903-mic0.stampede.tacc.utexas.edu
Created Graph with 6262104 nodes and 15248146 edges
Nodes 6262104| Edges 15248146 7624073

  Starting coarsening: 
Time coarsen:  2406 Size of final graph: 430

  Sarting initial partitioning using GGGP:
Size in decade percentages:  -0,15 1,1
Time clustering:  358

  Sarting refinnement with BKL2
Initial dist
Size in decade percentages:  -0,15 1,1
Refined dist
Size in decade percentages:  -1,7 0,3 1,6
Time refinement:  937


Time:  3877
Total edge cut : 1841

Part saved in : 0x7fff847dbd60
STATTYPE,LOOP,CATEGORY,n,sum,T0,T1,T2,T3,T4,T5,T6,T7,T8,T9,T10,T11,T12,T13,T14,T15,T16,T17,T18,T19,T20,T21,T22,T23,T24,T25,T26,T27,T28,T29,T30,T31,T32,T33,T34,T35,T36,T37,T38,T39,T40,T41,T42,T43,T44,T45,T46,T47,T48,T49,T50,T51,T52,T53,T54,T55,T56,T57,T58,T59,T60,T61,T62,T63,T64,T65,T66,T67,T68,T69,T70,T71,T72,T73,T74,T75,T76,T77,T78,T79,T80,T81,T82,T83
STAT,(NULL),Coarsen,84,2406,2406,0,0,0,0,0,0,0,0,0,0,0,0,0,0,0,0,0,0,0,0,0,0,0,0,0,0,0,0,0,0,0,0,0,0,0,0,0,0,0,0,0,0,0,0,0,0,0,0,0,0,0,0,0,0,0,0,0,0,0,0,0,0,0,0,0,0,0,0,0,0,0,0,0,0,0,0,0,0,0,0,0,0,0
STAT,(NULL),Conflicts,84,0,0,0,0,0,0,0,0,0,0,0,0,0,0,0,0,0,0,0,0,0,0,0,0,0,0,0,0,0,0,0,0,0,0,0,0,0,0,0,0,0,0,0,0,0,0,0,0,0,0,0,0,0,0,0,0,0,0,0,0,0,0,0,0,0,0,0,0,0,0,0,0,0,0,0,0,0,0,0,0,0,0,0,0,0
STAT,(NULL),Iterations,84,31,5,0,0,0,0,0,0,0,0,0,0,0,0,0,0,0,0,0,0,0,0,0,0,0,0,4,0,0,0,0,0,0,0,0,0,2,0,0,0,1,0,0,1,0,0,3,2,3,0,0,0,0,0,0,0,0,0,0,1,0,0,0,1,3,0,0,1,0,0,0,1,0,0,0,0,0,0,1,0,0,0,0,2,0
STAT,(NULL),MeminfoPost,84,756440,9005,9029,9006,9007,9020,9087,8991,9002,9026,9018,8995,9000,9015,8987,8996,9034,9005,9003,9030,9092,8990,8996,9021,9027,8999,8994,9020,8987,9013,9006,9035,9015,9007,8999,8995,8972,9014,9004,8992,8975,8986,9042,9005,8987,9005,8961,9015,9032,9005,8987,8990,8971,8975,8999,8998,9060,9015,9006,8963,9003,9030,8987,8993,8976,8976,8989,9056,9047,8992,8980,9049,9044,9018,8996,8992,8980,8975,9004,8961,8967,9001,9005,9006,9002
STAT,(NULL),MeminfoPre,84,189104,2251,2275,2252,2253,2266,2333,2237,2248,2272,2264,2241,2246,2261,2233,2242,2280,2251,2249,2276,2338,2236,2242,2267,2273,2245,2240,2266,2233,2259,2252,2281,2261,2253,2245,2241,2218,2260,2250,2238,2221,2232,2288,2251,2233,2251,2207,2261,2278,2251,2233,2236,2217,2221,2245,2244,2306,2261,2252,2209,2249,2276,2233,2239,2222,2222,2235,2302,2293,2238,2226,2295,2290,2264,2242,2238,2226,2221,2250,2207,2213,2247,2251,2252,2248
STAT,(NULL),Partition,84,358,358,0,0,0,0,0,0,0,0,0,0,0,0,0,0,0,0,0,0,0,0,0,0,0,0,0,0,0,0,0,0,0,0,0,0,0,0,0,0,0,0,0,0,0,0,0,0,0,0,0,0,0,0,0,0,0,0,0,0,0,0,0,0,0,0,0,0,0,0,0,0,0,0,0,0,0,0,0,0,0,0,0,0,0
STAT,(NULL),Refine,84,937,937,0,0,0,0,0,0,0,0,0,0,0,0,0,0,0,0,0,0,0,0,0,0,0,0,0,0,0,0,0,0,0,0,0,0,0,0,0,0,0,0,0,0,0,0,0,0,0,0,0,0,0,0,0,0,0,0,0,0,0,0,0,0,0,0,0,0,0,0,0,0,0,0,0,0,0,0,0,0,0,0,0,0,0
STAT,(NULL),Threads,84,84,84,0,0,0,0,0,0,0,0,0,0,0,0,0,0,0,0,0,0,0,0,0,0,0,0,0,0,0,0,0,0,0,0,0,0,0,0,0,0,0,0,0,0,0,0,0,0,0,0,0,0,0,0,0,0,0,0,0,0,0,0,0,0,0,0,0,0,0,0,0,0,0,0,0,0,0,0,0,0,0,0,0,0,0
STAT,(NULL),Time,84,3877,3877,0,0,0,0,0,0,0,0,0,0,0,0,0,0,0,0,0,0,0,0,0,0,0,0,0,0,0,0,0,0,0,0,0,0,0,0,0,0,0,0,0,0,0,0,0,0,0,0,0,0,0,0,0,0,0,0,0,0,0,0,0,0,0,0,0,0,0,0,0,0,0,0,0,0,0,0,0,0,0,0,0,0,0
STAT,match,Conflicts,84,6052,135,125,126,109,99,109,114,117,73,118,130,110,102,106,105,100,100,118,113,94,97,122,97,62,72,65,70,68,51,61,46,46,62,47,57,58,48,51,45,59,57,54,65,58,49,60,62,57,63,49,53,57,59,47,48,48,59,48,50,45,42,69,60,62,52,43,71,60,53,42,63,75,57,48,64,60,62,61,73,75,68,83,74,60
STAT,match,Iterations,84,15008588,140778,152021,157871,160698,151859,144172,159417,151039,155203,173666,152623,173573,169472,164665,170217,162937,160026,170301,165441,158139,168796,154752,171650,180753,181230,182616,186485,179634,186978,192671,181556,201246,182570,195194,195957,193204,201394,180817,187620,185711,181189,169841,185521,195585,195720,222231,174691,181949,183117,196898,198263,179185,180999,188564,180849,180869,187518,202901,208381,174589,189422,165461,188893,175469,181798,173508,154973,166021,159013,187299,186891,179522,193997,187527,188758,184675,184039,192901,203399,184504,166167,200365,173114,187060
STAT,popedge,Conflicts,84,0,0,0,0,0,0,0,0,0,0,0,0,0,0,0,0,0,0,0,0,0,0,0,0,0,0,0,0,0,0,0,0,0,0,0,0,0,0,0,0,0,0,0,0,0,0,0,0,0,0,0,0,0,0,0,0,0,0,0,0,0,0,0,0,0,0,0,0,0,0,0,0,0,0,0,0,0,0,0,0,0,0,0,0,0
STAT,popedge,Iterations,84,7357757,83645,81547,80748,81167,82241,78263,80817,79798,77554,80172,87743,87139,85662,87040,85562,82677,85254,87058,84420,82306,85771,83865,84036,89962,93613,95092,89328,96849,88306,87090,87432,88059,85653,87425,93739,97064,89413,89465,89413,90663,91827,88284,95293,99363,96699,92970,95380,94415,93759,93877,96620,98145,96392,91505,95789,91923,90087,93044,97222,95654,91558,81682,77612,78316,78565,80564,79773,79423,78665,77580,83937,88563,87964,87958,86177,91718,88463,82683,84623,84604,87831,84694,88164,85341
STAT,refine,Conflicts,84,4000,145,144,132,121,108,120,101,104,86,79,92,76,92,63,73,64,67,70,58,54,60,67,75,52,64,36,37,45,56,45,36,25,42,31,45,24,35,31,23,39,24,32,39,29,32,32,41,44,46,44,19,30,14,26,27,37,30,42,43,38,32,25,27,23,18,22,25,29,28,20,35,22,22,32,20,26,20,28,24,29,25,29,25,28
STAT,refine,Iterations,84,37640,534,569,475,460,371,558,562,584,604,604,366,378,572,312,399,365,410,468,295,388,604,454,597,359,378,289,522,472,379,362,428,487,319,442,607,275,491,423,522,568,436,469,376,620,478,356,375,520,404,430,488,438,461,391,453,531,573,643,378,398,521,352,422,334,328,391,516,565,412,541,653,279,371,533,254,347,247,442,402,339,301,686,389,545
