Hello from MIC
Galois Benchmark Suite v2.2.0 (r0)
Copyright (C) 2013 The University of Texas at Austin
http://iss.ices.utexas.edu/galois/

application: GMetis
Partitions a graph into K parts and minimizing the graph cut
http://iss.ices.utexas.edu/?p=projects/galois/benchmarks/gMetis

INFO: CommandLine /work/02556/dpereira/MIC/apps/gmetis/gmetis -t=188 /work/02556/dpereira/Inputs/USA-road-d.W.gr 16
INFO: Hostname c558-002-mic0.stampede.tacc.utexas.edu
Created Graph with 6262104 nodes and 15248146 edges
Nodes 6262104| Edges 15248146 7624073

  Starting coarsening: 
Time coarsen:  3822 Size of final graph: 437

  Sarting initial partitioning using GGGP:
Size in decade percentages:  -0,16
Time clustering:  373

  Sarting refinnement with BKL2
Initial dist
Size in decade percentages:  -0,16
Refined dist
Size in decade percentages:  -1,4 -0,6 1,6
Time refinement:  2498


Time:  6871
Total edge cut : 1701

Part saved in : 0x7fff456a9160
STATTYPE,LOOP,CATEGORY,n,sum,T0,T1,T2,T3,T4,T5,T6,T7,T8,T9,T10,T11,T12,T13,T14,T15,T16,T17,T18,T19,T20,T21,T22,T23,T24,T25,T26,T27,T28,T29,T30,T31,T32,T33,T34,T35,T36,T37,T38,T39,T40,T41,T42,T43,T44,T45,T46,T47,T48,T49,T50,T51,T52,T53,T54,T55,T56,T57,T58,T59,T60,T61,T62,T63,T64,T65,T66,T67,T68,T69,T70,T71,T72,T73,T74,T75,T76,T77,T78,T79,T80,T81,T82,T83,T84,T85,T86,T87,T88,T89,T90,T91,T92,T93,T94,T95,T96,T97,T98,T99,T100,T101,T102,T103,T104,T105,T106,T107,T108,T109,T110,T111,T112,T113,T114,T115,T116,T117,T118,T119,T120,T121,T122,T123,T124,T125,T126,T127,T128,T129,T130,T131,T132,T133,T134,T135,T136,T137,T138,T139,T140,T141,T142,T143,T144,T145,T146,T147,T148,T149,T150,T151,T152,T153,T154,T155,T156,T157,T158,T159,T160,T161,T162,T163,T164,T165,T166,T167,T168,T169,T170,T171,T172,T173,T174,T175,T176,T177,T178,T179,T180,T181,T182,T183,T184,T185,T186,T187
STAT,(NULL),Coarsen,188,3822,3822,0,0,0,0,0,0,0,0,0,0,0,0,0,0,0,0,0,0,0,0,0,0,0,0,0,0,0,0,0,0,0,0,0,0,0,0,0,0,0,0,0,0,0,0,0,0,0,0,0,0,0,0,0,0,0,0,0,0,0,0,0,0,0,0,0,0,0,0,0,0,0,0,0,0,0,0,0,0,0,0,0,0,0,0,0,0,0,0,0,0,0,0,0,0,0,0,0,0,0,0,0,0,0,0,0,0,0,0,0,0,0,0,0,0,0,0,0,0,0,0,0,0,0,0,0,0,0,0,0,0,0,0,0,0,0,0,0,0,0,0,0,0,0,0,0,0,0,0,0,0,0,0,0,0,0,0,0,0,0,0,0,0,0,0,0,0,0,0,0,0,0,0,0,0,0,0,0,0,0,0,0,0,0,0,0,0,0
STAT,(NULL),Conflicts,188,0,0,0,0,0,0,0,0,0,0,0,0,0,0,0,0,0,0,0,0,0,0,0,0,0,0,0,0,0,0,0,0,0,0,0,0,0,0,0,0,0,0,0,0,0,0,0,0,0,0,0,0,0,0,0,0,0,0,0,0,0,0,0,0,0,0,0,0,0,0,0,0,0,0,0,0,0,0,0,0,0,0,0,0,0,0,0,0,0,0,0,0,0,0,0,0,0,0,0,0,0,0,0,0,0,0,0,0,0,0,0,0,0,0,0,0,0,0,0,0,0,0,0,0,0,0,0,0,0,0,0,0,0,0,0,0,0,0,0,0,0,0,0,0,0,0,0,0,0,0,0,0,0,0,0,0,0,0,0,0,0,0,0,0,0,0,0,0,0,0,0,0,0,0,0,0,0,0,0,0,0,0,0,0,0,0,0,0,0
STAT,(NULL),Iterations,188,31,5,0,0,0,0,0,1,0,0,0,0,0,0,0,0,0,0,0,0,0,0,0,0,0,0,0,0,0,1,0,0,0,0,2,0,0,0,0,0,0,0,0,0,0,0,0,0,0,0,0,0,0,0,0,0,0,0,0,0,0,0,0,0,0,0,0,0,0,0,0,0,0,0,0,0,0,0,2,2,0,0,0,0,0,0,0,0,0,0,0,0,0,0,0,0,0,0,0,1,0,1,0,0,0,0,0,0,0,0,1,0,0,0,0,0,0,0,0,0,0,0,1,0,0,0,0,0,2,0,0,1,1,0,0,0,0,0,0,0,0,0,0,3,0,0,0,0,0,0,0,0,0,0,0,0,0,0,0,0,0,0,0,0,0,0,0,0,0,0,4,0,0,0,0,0,3,0,0,0,0,0,0,0,0,0,0,0,0
STAT,(NULL),MeminfoPost,188,756713,4027,4016,4049,4026,4032,4030,4032,4012,4029,4020,4043,4057,4064,4036,4012,4016,4019,4036,4024,4038,4038,4031,4029,4018,4019,4016,4038,4040,4014,4018,4012,4030,4024,4024,4040,4032,4030,4014,4031,4010,4033,4047,4034,4085,4045,4012,4023,4022,4016,4034,4032,4036,4025,4042,4027,4010,4016,4022,4035,4041,4013,4013,4019,4025,4036,4023,4024,4059,4028,4021,4030,4036,4019,4029,4024,4017,4017,4015,4033,4004,4014,4027,4037,4027,4021,4020,4017,4015,4008,4015,4021,4011,4039,4052,4035,4016,4018,4016,4040,4019,4007,4003,4012,4028,4029,4036,4034,4039,4016,4021,4013,4029,4014,4018,4017,4011,4006,4017,4003,4037,4013,4005,4041,4055,4048,4048,4020,4014,4015,4037,4012,4001,4020,4027,4034,4037,4024,4021,4014,4024,4017,4022,4007,4005,4013,4029,4010,4017,4049,4050,4054,4038,4020,4013,4016,4010,4025,4038,4057,4041,4038,4051,4026,4012,4027,4018,4020,4020,4021,4004,4009,4012,4005,4053,4008,4004,4016,4004,4003,4040,4015,4013,4023,4029,4024,4031,4015,4025
STAT,(NULL),MeminfoPre,188,189141,1008,997,1030,1007,1013,1011,1013,993,1010,1001,1024,1038,1045,1017,993,997,1000,1017,1005,1019,1019,1012,1010,999,1000,997,1019,1021,995,999,993,1011,1005,1005,1021,1013,1011,995,1012,991,1014,1028,1015,1066,1026,993,1004,1003,997,1015,1013,1017,1006,1023,1008,991,997,1003,1016,1022,994,994,1000,1006,1017,1004,1005,1040,1009,1002,1011,1017,1000,1010,1005,998,998,996,1014,985,995,1008,1018,1008,1002,1001,998,996,989,996,1002,992,1020,1033,1016,997,999,997,1021,1000,988,984,993,1009,1010,1017,1015,1020,997,1002,994,1010,995,999,998,992,987,998,984,1018,994,986,1022,1036,1029,1029,1001,995,996,1018,993,982,1001,1008,1015,1018,1005,1002,995,1005,998,1003,988,986,994,1010,991,998,1030,1031,1035,1019,1001,994,997,991,1006,1019,1038,1022,1019,1032,1007,993,1008,999,1001,1001,1002,985,990,993,986,1034,989,985,997,985,984,1021,996,994,1004,1010,1005,1012,996,1006
STAT,(NULL),Partition,188,373,373,0,0,0,0,0,0,0,0,0,0,0,0,0,0,0,0,0,0,0,0,0,0,0,0,0,0,0,0,0,0,0,0,0,0,0,0,0,0,0,0,0,0,0,0,0,0,0,0,0,0,0,0,0,0,0,0,0,0,0,0,0,0,0,0,0,0,0,0,0,0,0,0,0,0,0,0,0,0,0,0,0,0,0,0,0,0,0,0,0,0,0,0,0,0,0,0,0,0,0,0,0,0,0,0,0,0,0,0,0,0,0,0,0,0,0,0,0,0,0,0,0,0,0,0,0,0,0,0,0,0,0,0,0,0,0,0,0,0,0,0,0,0,0,0,0,0,0,0,0,0,0,0,0,0,0,0,0,0,0,0,0,0,0,0,0,0,0,0,0,0,0,0,0,0,0,0,0,0,0,0,0,0,0,0,0,0,0
STAT,(NULL),Refine,188,2498,2498,0,0,0,0,0,0,0,0,0,0,0,0,0,0,0,0,0,0,0,0,0,0,0,0,0,0,0,0,0,0,0,0,0,0,0,0,0,0,0,0,0,0,0,0,0,0,0,0,0,0,0,0,0,0,0,0,0,0,0,0,0,0,0,0,0,0,0,0,0,0,0,0,0,0,0,0,0,0,0,0,0,0,0,0,0,0,0,0,0,0,0,0,0,0,0,0,0,0,0,0,0,0,0,0,0,0,0,0,0,0,0,0,0,0,0,0,0,0,0,0,0,0,0,0,0,0,0,0,0,0,0,0,0,0,0,0,0,0,0,0,0,0,0,0,0,0,0,0,0,0,0,0,0,0,0,0,0,0,0,0,0,0,0,0,0,0,0,0,0,0,0,0,0,0,0,0,0,0,0,0,0,0,0,0,0,0,0
STAT,(NULL),Threads,188,188,188,0,0,0,0,0,0,0,0,0,0,0,0,0,0,0,0,0,0,0,0,0,0,0,0,0,0,0,0,0,0,0,0,0,0,0,0,0,0,0,0,0,0,0,0,0,0,0,0,0,0,0,0,0,0,0,0,0,0,0,0,0,0,0,0,0,0,0,0,0,0,0,0,0,0,0,0,0,0,0,0,0,0,0,0,0,0,0,0,0,0,0,0,0,0,0,0,0,0,0,0,0,0,0,0,0,0,0,0,0,0,0,0,0,0,0,0,0,0,0,0,0,0,0,0,0,0,0,0,0,0,0,0,0,0,0,0,0,0,0,0,0,0,0,0,0,0,0,0,0,0,0,0,0,0,0,0,0,0,0,0,0,0,0,0,0,0,0,0,0,0,0,0,0,0,0,0,0,0,0,0,0,0,0,0,0,0,0
STAT,(NULL),Time,188,6871,6871,0,0,0,0,0,0,0,0,0,0,0,0,0,0,0,0,0,0,0,0,0,0,0,0,0,0,0,0,0,0,0,0,0,0,0,0,0,0,0,0,0,0,0,0,0,0,0,0,0,0,0,0,0,0,0,0,0,0,0,0,0,0,0,0,0,0,0,0,0,0,0,0,0,0,0,0,0,0,0,0,0,0,0,0,0,0,0,0,0,0,0,0,0,0,0,0,0,0,0,0,0,0,0,0,0,0,0,0,0,0,0,0,0,0,0,0,0,0,0,0,0,0,0,0,0,0,0,0,0,0,0,0,0,0,0,0,0,0,0,0,0,0,0,0,0,0,0,0,0,0,0,0,0,0,0,0,0,0,0,0,0,0,0,0,0,0,0,0,0,0,0,0,0,0,0,0,0,0,0,0,0,0,0,0,0,0,0
STAT,match,Conflicts,188,6161,50,55,48,40,53,43,45,47,51,56,53,56,60,49,46,52,47,47,42,48,43,49,45,46,40,43,45,48,45,51,43,36,44,43,39,31,34,34,33,41,31,43,40,42,47,27,47,29,40,35,34,46,41,38,36,35,35,35,35,40,46,27,25,26,26,21,26,25,24,28,29,25,26,30,28,31,36,26,26,25,25,27,25,30,28,24,31,27,32,28,28,25,25,31,24,25,26,30,24,26,25,34,35,24,34,28,23,35,21,28,30,30,36,25,32,32,27,27,27,25,31,27,29,30,29,26,22,21,25,18,19,29,28,30,25,31,33,26,35,30,29,36,28,27,24,22,30,29,28,28,27,27,29,26,31,26,29,25,27,25,28,28,39,32,40,35,34,29,23,25,20,28,26,32,28,28,23,31,34,30,25,34,28,24,28,24,26,30
STAT,match,Iterations,188,15021471,45294,55621,61858,62622,46170,52285,67251,70030,53907,56393,67713,69114,57330,67803,56799,74732,83587,77523,70536,62093,72689,79751,80263,60392,61004,65838,51342,71719,58644,66132,67189,61972,72947,67805,80480,72781,72470,89303,70873,74182,68290,73987,50510,81487,51575,81869,74852,84745,74523,66015,76693,68479,64836,80877,80991,63191,84583,69926,63116,72555,67375,82793,83067,77786,83023,93817,81974,88562,63688,93051,84475,81624,99372,93432,106274,82662,84812,108523,87823,95287,105800,89531,101713,83808,82679,78908,86561,88197,76163,74968,83925,82885,81235,91604,84959,84751,76619,78815,69263,114654,83244,76840,99583,75919,78323,83471,96245,71154,76711,84325,80304,94316,89906,84535,70732,77241,87455,85550,97019,102122,80439,83193,71062,81332,61805,74436,99222,84816,98401,98785,132864,79666,98158,72197,97194,108510,89826,89841,95869,84328,89571,89156,73706,83731,94768,95250,94981,75130,81640,86044,81080,83987,79855,103231,91536,97438,72313,77344,82001,85568,73090,91660,51573,87986,67825,79311,81192,69490,111143,90886,104494,78877,83143,83842,72737,74113,91798,73801,73190,73455,74656,93570,93329,76959,78149,81983,90989,76966
STAT,popedge,Conflicts,188,0,0,0,0,0,0,0,0,0,0,0,0,0,0,0,0,0,0,0,0,0,0,0,0,0,0,0,0,0,0,0,0,0,0,0,0,0,0,0,0,0,0,0,0,0,0,0,0,0,0,0,0,0,0,0,0,0,0,0,0,0,0,0,0,0,0,0,0,0,0,0,0,0,0,0,0,0,0,0,0,0,0,0,0,0,0,0,0,0,0,0,0,0,0,0,0,0,0,0,0,0,0,0,0,0,0,0,0,0,0,0,0,0,0,0,0,0,0,0,0,0,0,0,0,0,0,0,0,0,0,0,0,0,0,0,0,0,0,0,0,0,0,0,0,0,0,0,0,0,0,0,0,0,0,0,0,0,0,0,0,0,0,0,0,0,0,0,0,0,0,0,0,0,0,0,0,0,0,0,0,0,0,0,0,0,0,0,0,0
STAT,popedge,Iterations,188,7357900,34511,33867,33975,33551,34499,37749,39519,38719,39414,38955,39390,38261,38152,39197,39719,39513,37893,39874,40170,39894,37934,39602,38481,40960,37322,37638,40404,40123,42741,40391,38498,38006,39192,36899,38105,39824,38830,39175,40770,40100,39410,39966,40611,38624,40683,39787,40310,40953,40001,39456,40683,38331,38114,39118,39757,40961,40955,38866,41009,40916,41011,32454,35435,34131,33637,33394,37318,37072,37577,37308,36945,37585,35916,36687,40192,39480,39708,40462,41125,38876,39842,37425,39911,38315,39646,37213,35742,39652,38279,39336,38998,39014,37638,38734,36183,38818,41059,40298,39858,40955,39564,39228,39662,40549,40878,38714,41546,40056,42437,42647,39541,39322,41485,38713,40803,41213,41091,41520,40689,37932,41889,41581,35057,36494,34899,33405,35886,36861,37046,39744,43769,39836,38479,39303,37644,42796,39662,39674,39658,40247,39925,40370,39796,40610,39752,39085,38967,37545,37051,40411,39573,39976,39552,39064,40601,37597,40519,40537,41025,41459,41608,40675,39744,41559,42803,41089,40479,39675,41900,40334,41881,40579,41416,39813,41379,40199,40523,39683,42139,42316,42837,42061,41427,34939,34219,34758,35475,33898
STAT,refine,Conflicts,188,5480,110,114,105,119,93,88,93,97,80,73,72,84,90,71,85,62,62,60,60,54,58,58,63,67,59,58,60,67,53,61,43,39,38,40,31,29,30,32,28,35,49,37,37,29,41,22,36,37,39,29,33,33,38,26,29,33,50,27,33,38,25,15,11,16,12,15,15,16,6,28,11,12,20,17,21,18,22,22,19,17,11,19,24,20,17,19,20,14,22,16,20,18,18,28,15,15,7,13,10,17,25,17,14,18,16,24,19,25,19,14,13,15,24,9,12,14,21,25,12,12,16,17,9,15,11,16,15,19,26,17,23,20,19,16,23,17,29,9,15,28,20,23,13,15,17,22,17,13,15,24,20,8,21,24,13,11,14,16,20,10,8,10,21,18,16,9,19,12,19,24,26,9,22,18,24,7,15,15,15,17,10,19,13,13,11,13,15,20
STAT,refine,Iterations,188,36475,326,373,373,334,292,234,332,314,419,246,247,321,307,320,328,283,233,238,254,236,299,207,226,261,312,261,234,306,228,184,190,280,247,148,118,72,110,152,196,136,402,221,176,174,239,142,213,150,182,109,232,203,153,141,140,149,223,138,94,185,178,161,187,188,97,151,213,213,150,262,133,140,177,220,275,311,200,230,173,168,185,167,289,233,252,171,160,175,176,141,128,149,168,278,142,121,88,152,109,161,141,174,140,140,172,286,258,347,213,197,143,164,258,140,120,102,164,175,164,94,146,175,127,183,213,127,157,128,188,158,308,168,120,181,221,349,299,258,175,211,186,193,145,171,203,206,169,167,156,272,185,77,232,188,223,126,99,97,124,106,184,141,169,130,220,138,355,166,337,145,207,116,232,186,148,90,97,133,107,101,102,154,209,145,144,127,114,154
