Hello from MIC
Galois Benchmark Suite v2.2.0 (r0)
Copyright (C) 2013 The University of Texas at Austin
http://iss.ices.utexas.edu/galois/

application: GMetis
Partitions a graph into K parts and minimizing the graph cut
http://iss.ices.utexas.edu/?p=projects/galois/benchmarks/gMetis

INFO: CommandLine /work/02556/dpereira/MIC/apps/gmetis/gmetis -t=125 /work/02556/dpereira/Inputs/USA-road-d.W.gr 16
INFO: Hostname c558-001-mic0.stampede.tacc.utexas.edu
Created Graph with 6262104 nodes and 15248146 edges
Nodes 6262104| Edges 15248146 7624073

  Starting coarsening: 
Time coarsen:  2639 Size of final graph: 437

  Sarting initial partitioning using GGGP:
Size in decade percentages:  -0,15 1,1
Time clustering:  368

  Sarting refinnement with BKL2
Initial dist
Size in decade percentages:  -0,15 1,1
Refined dist
Size in decade percentages:  -1,5 -0,6 1,5
Time refinement:  1501


Time:  4685
Total edge cut : 2012

Part saved in : 0x7fff0dbb3ce0
STATTYPE,LOOP,CATEGORY,n,sum,T0,T1,T2,T3,T4,T5,T6,T7,T8,T9,T10,T11,T12,T13,T14,T15,T16,T17,T18,T19,T20,T21,T22,T23,T24,T25,T26,T27,T28,T29,T30,T31,T32,T33,T34,T35,T36,T37,T38,T39,T40,T41,T42,T43,T44,T45,T46,T47,T48,T49,T50,T51,T52,T53,T54,T55,T56,T57,T58,T59,T60,T61,T62,T63,T64,T65,T66,T67,T68,T69,T70,T71,T72,T73,T74,T75,T76,T77,T78,T79,T80,T81,T82,T83,T84,T85,T86,T87,T88,T89,T90,T91,T92,T93,T94,T95,T96,T97,T98,T99,T100,T101,T102,T103,T104,T105,T106,T107,T108,T109,T110,T111,T112,T113,T114,T115,T116,T117,T118,T119,T120,T121,T122,T123,T124
STAT,(NULL),Coarsen,125,2639,2639,0,0,0,0,0,0,0,0,0,0,0,0,0,0,0,0,0,0,0,0,0,0,0,0,0,0,0,0,0,0,0,0,0,0,0,0,0,0,0,0,0,0,0,0,0,0,0,0,0,0,0,0,0,0,0,0,0,0,0,0,0,0,0,0,0,0,0,0,0,0,0,0,0,0,0,0,0,0,0,0,0,0,0,0,0,0,0,0,0,0,0,0,0,0,0,0,0,0,0,0,0,0,0,0,0,0,0,0,0,0,0,0,0,0,0,0,0,0,0,0,0,0,0,0
STAT,(NULL),Conflicts,125,0,0,0,0,0,0,0,0,0,0,0,0,0,0,0,0,0,0,0,0,0,0,0,0,0,0,0,0,0,0,0,0,0,0,0,0,0,0,0,0,0,0,0,0,0,0,0,0,0,0,0,0,0,0,0,0,0,0,0,0,0,0,0,0,0,0,0,0,0,0,0,0,0,0,0,0,0,0,0,0,0,0,0,0,0,0,0,0,0,0,0,0,0,0,0,0,0,0,0,0,0,0,0,0,0,0,0,0,0,0,0,0,0,0,0,0,0,0,0,0,0,0,0,0,0,0
STAT,(NULL),Iterations,125,31,5,0,0,0,0,0,0,0,0,2,0,0,0,0,0,0,0,0,0,0,0,0,0,0,0,0,1,0,0,0,0,0,2,2,0,0,0,0,0,0,0,0,0,0,1,0,0,0,0,3,0,0,0,0,0,0,0,0,0,0,0,4,0,0,0,0,0,0,1,1,0,0,0,0,0,0,0,1,0,0,0,0,0,0,0,0,0,3,0,0,0,0,0,0,0,0,0,0,0,0,0,0,0,2,1,0,0,0,1,0,0,0,0,0,0,1,0,0,0,0,0,0,0,0,0
STAT,(NULL),MeminfoPost,125,756643,6061,6062,6060,6059,6048,6058,6063,6091,6103,6039,6050,6050,6066,6065,6064,6047,6040,6062,6070,6031,6043,6053,6065,6070,6052,6050,6056,6063,6105,6100,6035,6044,6052,6070,6066,6061,6046,6044,6058,6068,6035,6045,6059,6053,6068,6074,6052,6066,6044,6056,6042,6048,6040,6035,6061,6061,6044,6044,6031,6031,6046,6073,6078,6043,6040,6071,6031,6018,6048,6062,6071,6058,6051,6040,6043,6047,6030,6024,6036,6056,6030,6069,6098,6078,6041,6052,6043,6022,6054,6066,6060,6043,6049,6043,6035,6032,6045,6028,6074,6090,6088,6043,6035,6039,6063,6097,6072,6085,6037,6060,6036,6050,6026,6036,6023,6070,6023,6039,6015,6058,6040,6055,6051,6054,6051
STAT,(NULL),MeminfoPre,125,189143,1521,1522,1520,1519,1508,1518,1523,1551,1563,1499,1510,1510,1526,1525,1524,1507,1500,1522,1530,1491,1503,1513,1525,1530,1512,1510,1516,1523,1565,1560,1495,1504,1512,1530,1526,1521,1506,1504,1518,1528,1495,1505,1519,1513,1528,1534,1512,1526,1504,1516,1502,1508,1500,1495,1521,1521,1504,1504,1491,1491,1506,1533,1538,1503,1500,1531,1491,1478,1508,1522,1531,1518,1511,1500,1503,1507,1490,1484,1496,1516,1490,1529,1558,1538,1501,1512,1503,1482,1514,1526,1520,1503,1509,1503,1495,1492,1505,1488,1534,1550,1548,1503,1495,1499,1523,1557,1532,1545,1497,1520,1496,1510,1486,1496,1483,1530,1483,1499,1475,1518,1500,1515,1511,1514,1511
STAT,(NULL),Partition,125,368,368,0,0,0,0,0,0,0,0,0,0,0,0,0,0,0,0,0,0,0,0,0,0,0,0,0,0,0,0,0,0,0,0,0,0,0,0,0,0,0,0,0,0,0,0,0,0,0,0,0,0,0,0,0,0,0,0,0,0,0,0,0,0,0,0,0,0,0,0,0,0,0,0,0,0,0,0,0,0,0,0,0,0,0,0,0,0,0,0,0,0,0,0,0,0,0,0,0,0,0,0,0,0,0,0,0,0,0,0,0,0,0,0,0,0,0,0,0,0,0,0,0,0,0,0
STAT,(NULL),Refine,125,1501,1501,0,0,0,0,0,0,0,0,0,0,0,0,0,0,0,0,0,0,0,0,0,0,0,0,0,0,0,0,0,0,0,0,0,0,0,0,0,0,0,0,0,0,0,0,0,0,0,0,0,0,0,0,0,0,0,0,0,0,0,0,0,0,0,0,0,0,0,0,0,0,0,0,0,0,0,0,0,0,0,0,0,0,0,0,0,0,0,0,0,0,0,0,0,0,0,0,0,0,0,0,0,0,0,0,0,0,0,0,0,0,0,0,0,0,0,0,0,0,0,0,0,0,0,0
STAT,(NULL),Threads,125,125,125,0,0,0,0,0,0,0,0,0,0,0,0,0,0,0,0,0,0,0,0,0,0,0,0,0,0,0,0,0,0,0,0,0,0,0,0,0,0,0,0,0,0,0,0,0,0,0,0,0,0,0,0,0,0,0,0,0,0,0,0,0,0,0,0,0,0,0,0,0,0,0,0,0,0,0,0,0,0,0,0,0,0,0,0,0,0,0,0,0,0,0,0,0,0,0,0,0,0,0,0,0,0,0,0,0,0,0,0,0,0,0,0,0,0,0,0,0,0,0,0,0,0,0,0
STAT,(NULL),Time,125,4685,4685,0,0,0,0,0,0,0,0,0,0,0,0,0,0,0,0,0,0,0,0,0,0,0,0,0,0,0,0,0,0,0,0,0,0,0,0,0,0,0,0,0,0,0,0,0,0,0,0,0,0,0,0,0,0,0,0,0,0,0,0,0,0,0,0,0,0,0,0,0,0,0,0,0,0,0,0,0,0,0,0,0,0,0,0,0,0,0,0,0,0,0,0,0,0,0,0,0,0,0,0,0,0,0,0,0,0,0,0,0,0,0,0,0,0,0,0,0,0,0,0,0,0,0,0
STAT,match,Conflicts,125,6217,82,81,73,82,78,82,64,78,80,67,60,78,60,75,61,70,58,57,53,66,79,46,72,53,53,71,65,53,47,73,54,61,66,56,50,55,50,61,47,38,61,46,41,54,55,52,51,65,45,47,46,54,47,52,54,65,50,50,59,53,50,30,47,40,43,30,41,51,44,34,35,44,45,37,57,40,40,48,44,42,51,50,35,40,40,35,42,39,33,27,39,33,49,37,43,36,40,31,50,42,40,41,37,34,46,37,36,36,47,34,40,41,32,43,38,44,48,39,52,34,34,40,41,37,30
STAT,match,Iterations,125,14985507,75338,96825,94773,102306,107844,106111,105821,108560,81676,124379,127130,111584,114479,93756,111385,116935,117551,108586,111203,116410,110060,116005,98697,123197,116786,105678,96922,111070,112819,111540,119134,115524,108750,108881,119144,111929,109041,103694,116337,120668,107385,125801,98470,108690,107164,109812,110362,118336,117701,118815,117247,103595,124581,116591,118429,105330,123289,108004,110605,115055,114028,102114,104676,98525,133781,143356,146185,127099,135866,140004,133188,130398,120475,123789,122172,135697,138180,123828,132236,130065,132954,125383,131966,113923,129498,135530,130898,131304,125814,143533,125348,155500,126018,142673,126470,125118,143865,138762,113950,129158,113219,135098,141457,132032,100530,132309,130093,145581,123157,122256,127009,135316,143422,126324,145397,112540,126466,143036,119516,139457,129430,130952,100850,110335,122608
STAT,popedge,Conflicts,125,0,0,0,0,0,0,0,0,0,0,0,0,0,0,0,0,0,0,0,0,0,0,0,0,0,0,0,0,0,0,0,0,0,0,0,0,0,0,0,0,0,0,0,0,0,0,0,0,0,0,0,0,0,0,0,0,0,0,0,0,0,0,0,0,0,0,0,0,0,0,0,0,0,0,0,0,0,0,0,0,0,0,0,0,0,0,0,0,0,0,0,0,0,0,0,0,0,0,0,0,0,0,0,0,0,0,0,0,0,0,0,0,0,0,0,0,0,0,0,0,0,0,0,0,0,0
STAT,popedge,Iterations,125,7341136,52237,50540,51053,59887,59646,62434,61418,58445,56851,58882,58765,61058,59623,61369,59285,61965,58878,62710,59345,61499,61268,58481,59511,59772,58159,60205,62835,59289,58494,57135,60208,59812,59166,59058,57545,57665,59883,57083,57903,57150,58404,59191,54465,55935,56547,55318,57463,56019,56757,56984,58176,62926,62948,60057,58540,61697,59898,60607,61922,56432,59536,48506,50359,52823,59517,57790,60156,58354,59705,59236,57297,58156,58275,58668,58242,59008,57600,59272,60952,57861,60923,61770,60080,58909,59625,59104,59276,58578,58298,61225,60562,59562,58362,56953,60366,57862,56195,59537,59225,57974,57637,56634,55803,55412,58660,62160,61331,60734,58303,60490,59969,61612,58709,64632,58522,62251,61435,61779,64865,61352,57495,62275,53137,51488,51954
STAT,refine,Conflicts,125,5234,141,131,130,111,125,110,108,103,92,101,91,89,88,82,87,77,59,62,85,63,64,53,79,52,53,70,55,58,64,76,60,48,46,28,33,33,48,55,39,41,39,36,46,39,50,46,39,33,41,41,39,27,32,13,46,22,42,31,40,27,41,24,15,21,33,19,19,16,18,17,30,37,17,31,23,18,27,24,24,39,31,32,20,26,18,10,29,27,18,29,15,35,35,18,22,29,18,21,37,19,22,15,23,29,29,30,24,15,22,17,20,16,14,20,9,29,18,22,21,31,20,24,23,16,24
STAT,refine,Iterations,125,40320,447,391,415,378,461,499,311,292,497,434,553,352,528,293,318,362,333,422,459,351,429,332,346,287,210,301,407,219,283,597,272,471,203,398,230,147,335,378,374,475,248,220,256,223,290,399,311,187,245,295,384,277,273,174,296,327,320,260,281,270,200,269,239,264,324,316,348,204,237,286,404,423,306,405,226,310,281,395,292,320,300,569,358,431,293,204,320,336,229,435,463,453,425,270,328,352,138,300,484,408,360,193,205,352,265,404,534,188,182,198,260,403,193,266,183,254,297,257,252,375,282,244,250,214,238
