Hello from MIC
Galois Benchmark Suite v2.2.0 (r0)
Copyright (C) 2013 The University of Texas at Austin
http://iss.ices.utexas.edu/galois/

application: GMetis
Partitions a graph into K parts and minimizing the graph cut
http://iss.ices.utexas.edu/?p=projects/galois/benchmarks/gMetis

INFO: CommandLine /work/02556/dpereira/MIC/apps/gmetis/gmetis -t=156 /work/02556/dpereira/Inputs/USA-road-d.W.gr 1024
INFO: Hostname c558-402-mic0.stampede.tacc.utexas.edu
Created Graph with 6262104 nodes and 15248146 edges
Nodes 6262104| Edges 15248146 7624073

  Starting coarsening: 
Time coarsen:  2303 Size of final graph: 22004

  Sarting initial partitioning using GGGP:
Size in decade percentages:  -1,68 -0,870 1,86
Time clustering:  1040

  Sarting refinnement with BKL2
Initial dist
Size in decade percentages:  -1,68 -0,870 1,86
Refined dist
Size in decade percentages:  -1,368 -0,282 1,372 2,1 3,1
Time refinement:  1453


Time:  4976
Total edge cut : 31454

Part saved in : 0x7fffb824f860
STATTYPE,LOOP,CATEGORY,n,sum,T0,T1,T2,T3,T4,T5,T6,T7,T8,T9,T10,T11,T12,T13,T14,T15,T16,T17,T18,T19,T20,T21,T22,T23,T24,T25,T26,T27,T28,T29,T30,T31,T32,T33,T34,T35,T36,T37,T38,T39,T40,T41,T42,T43,T44,T45,T46,T47,T48,T49,T50,T51,T52,T53,T54,T55,T56,T57,T58,T59,T60,T61,T62,T63,T64,T65,T66,T67,T68,T69,T70,T71,T72,T73,T74,T75,T76,T77,T78,T79,T80,T81,T82,T83,T84,T85,T86,T87,T88,T89,T90,T91,T92,T93,T94,T95,T96,T97,T98,T99,T100,T101,T102,T103,T104,T105,T106,T107,T108,T109,T110,T111,T112,T113,T114,T115,T116,T117,T118,T119,T120,T121,T122,T123,T124,T125,T126,T127,T128,T129,T130,T131,T132,T133,T134,T135,T136,T137,T138,T139,T140,T141,T142,T143,T144,T145,T146,T147,T148,T149,T150,T151,T152,T153,T154,T155
STAT,(NULL),Coarsen,156,2303,2303,0,0,0,0,0,0,0,0,0,0,0,0,0,0,0,0,0,0,0,0,0,0,0,0,0,0,0,0,0,0,0,0,0,0,0,0,0,0,0,0,0,0,0,0,0,0,0,0,0,0,0,0,0,0,0,0,0,0,0,0,0,0,0,0,0,0,0,0,0,0,0,0,0,0,0,0,0,0,0,0,0,0,0,0,0,0,0,0,0,0,0,0,0,0,0,0,0,0,0,0,0,0,0,0,0,0,0,0,0,0,0,0,0,0,0,0,0,0,0,0,0,0,0,0,0,0,0,0,0,0,0,0,0,0,0,0,0,0,0,0,0,0,0,0,0,0,0,0,0,0,0,0,0,0,0
STAT,(NULL),Conflicts,156,0,0,0,0,0,0,0,0,0,0,0,0,0,0,0,0,0,0,0,0,0,0,0,0,0,0,0,0,0,0,0,0,0,0,0,0,0,0,0,0,0,0,0,0,0,0,0,0,0,0,0,0,0,0,0,0,0,0,0,0,0,0,0,0,0,0,0,0,0,0,0,0,0,0,0,0,0,0,0,0,0,0,0,0,0,0,0,0,0,0,0,0,0,0,0,0,0,0,0,0,0,0,0,0,0,0,0,0,0,0,0,0,0,0,0,0,0,0,0,0,0,0,0,0,0,0,0,0,0,0,0,0,0,0,0,0,0,0,0,0,0,0,0,0,0,0,0,0,0,0,0,0,0,0,0,0,0
STAT,(NULL),Iterations,156,2047,11,14,15,13,18,12,9,8,12,13,12,16,14,20,17,14,11,10,12,6,10,13,7,13,7,10,13,6,9,6,3,13,14,9,12,23,19,16,25,15,15,15,15,23,7,19,15,21,18,15,16,18,18,9,8,15,14,15,14,28,44,11,13,14,9,12,10,15,5,7,10,10,6,6,7,12,8,20,16,14,16,14,16,11,5,10,11,13,7,14,6,2,19,5,10,20,16,15,27,14,20,11,11,16,24,16,24,12,20,17,20,10,18,21,15,9,7,10,21,11,26,21,19,10,5,11,14,11,17,12,11,8,7,7,12,7,15,5,14,10,11,9,12,9,7,10,7,4,11,12,18,20,10,15,9,10
STAT,(NULL),MeminfoPost,156,756899,4857,4853,4868,4859,4852,4853,4838,4856,4872,4889,4899,4842,4846,4845,4853,4858,4869,4857,4863,4844,4845,4844,4865,4857,4839,4844,4852,4850,4868,4866,4853,4860,4830,4855,4870,4881,4906,4852,4846,4843,4856,4854,4868,4852,4869,4845,4846,4842,4861,4865,4841,4840,4848,4864,4845,4862,4885,4842,4865,4859,4843,4857,4843,4843,4853,4840,4829,4853,4864,4853,4842,4847,4842,4830,4835,4851,4852,4885,4867,4833,4842,4862,4849,4830,4824,4850,4857,4863,4864,4854,4854,4834,4852,4841,4847,4827,4833,4842,4831,4858,4832,4862,4882,4877,4875,4836,4840,4862,4828,4830,4855,4861,4866,4848,4840,4852,4841,4841,4832,4842,4847,4833,4851,4881,4884,4877,4845,4844,4829,4847,4862,4888,4870,4873,4871,4837,4856,4840,4851,4846,4826,4834,4838,4864,4836,4826,4842,4826,4860,4830,4843,4850,4854,4851,4845,4856
STAT,(NULL),MeminfoPre,156,189215,1218,1214,1229,1220,1213,1214,1199,1217,1233,1250,1260,1203,1207,1206,1214,1219,1230,1218,1224,1205,1206,1205,1226,1218,1200,1205,1213,1211,1229,1227,1214,1221,1191,1216,1231,1242,1267,1213,1207,1204,1217,1215,1229,1213,1230,1206,1207,1203,1222,1226,1202,1201,1209,1225,1206,1223,1246,1203,1226,1220,1204,1218,1204,1204,1214,1201,1190,1214,1225,1214,1203,1208,1203,1191,1196,1212,1213,1246,1228,1194,1203,1223,1210,1191,1185,1211,1218,1224,1225,1215,1215,1195,1213,1202,1208,1188,1194,1203,1192,1219,1193,1223,1243,1238,1236,1197,1201,1223,1189,1191,1216,1222,1227,1209,1201,1213,1202,1202,1193,1203,1208,1194,1212,1242,1245,1238,1206,1205,1190,1208,1223,1249,1231,1234,1232,1198,1217,1201,1212,1207,1187,1195,1199,1225,1197,1187,1203,1187,1221,1191,1204,1211,1215,1212,1206,1217
STAT,(NULL),Partition,156,1040,1040,0,0,0,0,0,0,0,0,0,0,0,0,0,0,0,0,0,0,0,0,0,0,0,0,0,0,0,0,0,0,0,0,0,0,0,0,0,0,0,0,0,0,0,0,0,0,0,0,0,0,0,0,0,0,0,0,0,0,0,0,0,0,0,0,0,0,0,0,0,0,0,0,0,0,0,0,0,0,0,0,0,0,0,0,0,0,0,0,0,0,0,0,0,0,0,0,0,0,0,0,0,0,0,0,0,0,0,0,0,0,0,0,0,0,0,0,0,0,0,0,0,0,0,0,0,0,0,0,0,0,0,0,0,0,0,0,0,0,0,0,0,0,0,0,0,0,0,0,0,0,0,0,0,0,0
STAT,(NULL),Refine,156,1453,1453,0,0,0,0,0,0,0,0,0,0,0,0,0,0,0,0,0,0,0,0,0,0,0,0,0,0,0,0,0,0,0,0,0,0,0,0,0,0,0,0,0,0,0,0,0,0,0,0,0,0,0,0,0,0,0,0,0,0,0,0,0,0,0,0,0,0,0,0,0,0,0,0,0,0,0,0,0,0,0,0,0,0,0,0,0,0,0,0,0,0,0,0,0,0,0,0,0,0,0,0,0,0,0,0,0,0,0,0,0,0,0,0,0,0,0,0,0,0,0,0,0,0,0,0,0,0,0,0,0,0,0,0,0,0,0,0,0,0,0,0,0,0,0,0,0,0,0,0,0,0,0,0,0,0,0
STAT,(NULL),Threads,156,156,156,0,0,0,0,0,0,0,0,0,0,0,0,0,0,0,0,0,0,0,0,0,0,0,0,0,0,0,0,0,0,0,0,0,0,0,0,0,0,0,0,0,0,0,0,0,0,0,0,0,0,0,0,0,0,0,0,0,0,0,0,0,0,0,0,0,0,0,0,0,0,0,0,0,0,0,0,0,0,0,0,0,0,0,0,0,0,0,0,0,0,0,0,0,0,0,0,0,0,0,0,0,0,0,0,0,0,0,0,0,0,0,0,0,0,0,0,0,0,0,0,0,0,0,0,0,0,0,0,0,0,0,0,0,0,0,0,0,0,0,0,0,0,0,0,0,0,0,0,0,0,0,0,0,0,0
STAT,(NULL),Time,156,4976,4976,0,0,0,0,0,0,0,0,0,0,0,0,0,0,0,0,0,0,0,0,0,0,0,0,0,0,0,0,0,0,0,0,0,0,0,0,0,0,0,0,0,0,0,0,0,0,0,0,0,0,0,0,0,0,0,0,0,0,0,0,0,0,0,0,0,0,0,0,0,0,0,0,0,0,0,0,0,0,0,0,0,0,0,0,0,0,0,0,0,0,0,0,0,0,0,0,0,0,0,0,0,0,0,0,0,0,0,0,0,0,0,0,0,0,0,0,0,0,0,0,0,0,0,0,0,0,0,0,0,0,0,0,0,0,0,0,0,0,0,0,0,0,0,0,0,0,0,0,0,0,0,0,0,0,0
STAT,match,Conflicts,156,5801,57,61,54,60,49,53,58,57,47,50,54,47,55,53,49,53,42,46,46,37,44,53,51,47,49,49,43,45,51,42,48,45,43,42,55,44,42,36,45,46,48,37,41,31,42,37,35,52,28,43,35,41,42,40,40,35,31,43,36,47,41,39,36,33,25,31,29,26,36,31,41,33,32,31,24,33,33,28,24,30,33,34,26,30,35,46,35,37,35,31,30,31,30,26,34,38,33,37,40,36,36,33,35,37,35,32,30,34,41,31,37,37,25,35,30,39,29,37,30,27,37,39,29,33,32,25,23,27,31,28,28,30,39,35,35,26,29,38,31,28,29,30,39,29,26,32,31,26,35,33,27,22,25,21,31,27
STAT,match,Iterations,156,14983933,59426,65401,64173,73909,82578,83973,72808,62800,60573,75496,81502,61781,67883,84506,62703,80604,82162,67118,77133,95943,91244,70138,78050,64231,83632,84714,82478,80748,90434,78904,89883,62875,76350,88890,90061,90806,94792,95576,94706,109724,99591,107743,105717,103487,91149,100842,109208,82996,113161,100527,116435,96509,113564,100408,101363,101751,99843,75858,115281,101903,106184,75057,98684,89870,103446,90236,91571,103302,101577,105521,99218,91131,116916,108884,104885,111363,84556,90084,104839,106617,91289,82690,103984,106645,92412,78337,98107,80622,92545,100772,101563,91394,92600,112976,104011,127532,111471,113268,111776,120786,116307,108566,110381,112178,100422,110574,115316,128570,116800,119438,93701,103433,130925,116915,115191,92944,112742,107506,131298,120370,121200,107811,88948,90500,94541,108895,103143,106977,97247,104480,101924,86724,110201,88431,83038,108539,86834,76744,78240,89944,82822,89873,80933,102558,105717,110041,126368,119405,78210,77031,102730,108357,103422,106114,89661,105988
STAT,popedge,Conflicts,156,0,0,0,0,0,0,0,0,0,0,0,0,0,0,0,0,0,0,0,0,0,0,0,0,0,0,0,0,0,0,0,0,0,0,0,0,0,0,0,0,0,0,0,0,0,0,0,0,0,0,0,0,0,0,0,0,0,0,0,0,0,0,0,0,0,0,0,0,0,0,0,0,0,0,0,0,0,0,0,0,0,0,0,0,0,0,0,0,0,0,0,0,0,0,0,0,0,0,0,0,0,0,0,0,0,0,0,0,0,0,0,0,0,0,0,0,0,0,0,0,0,0,0,0,0,0,0,0,0,0,0,0,0,0,0,0,0,0,0,0,0,0,0,0,0,0,0,0,0,0,0,0,0,0,0,0,0
STAT,popedge,Iterations,156,7342135,42315,44346,42995,44318,42556,44461,44886,45085,43807,43560,43427,46520,46119,43426,47279,44172,43400,44567,44908,45155,47138,47857,45401,46567,47076,46880,44596,44945,44740,45620,44442,46615,46421,44630,54443,51106,49712,52181,51833,50975,51534,52799,49987,48909,53119,50974,51436,54023,52062,51371,49366,54501,49337,46039,50573,50289,48216,50619,49957,50577,48621,41157,41737,41125,41612,41624,42667,43565,42996,41780,43003,42731,42288,41882,44272,43330,44395,43093,44937,43645,47931,46000,45012,46659,48994,46483,47217,45566,44609,46030,44733,45963,43604,46529,44758,52073,52001,52039,51788,52577,51499,53109,53538,50490,51789,49802,53288,53669,53440,53277,52000,52889,51981,52626,48327,51337,47860,48809,51757,51599,49957,51760,41869,43111,40272,42616,41796,43776,43477,44482,45446,45397,44569,47084,47684,43546,45755,45208,46359,45312,48080,48096,44351,46400,44508,47235,44742,45074,47517,46292,45844,46572,44495,47727,49348,46098
STAT,refine,Conflicts,156,5223,93,81,86,79,77,78,79,70,64,65,59,59,66,61,59,65,59,49,53,51,45,48,50,54,51,51,44,43,51,56,56,36,40,50,38,27,49,31,33,55,31,43,54,32,30,41,23,38,45,31,33,49,31,46,34,29,39,28,53,48,34,20,26,30,26,18,22,24,23,16,24,15,26,19,19,20,20,18,22,16,19,19,22,34,29,19,25,20,29,18,25,18,15,24,20,27,20,35,23,30,28,22,36,34,28,20,24,26,21,23,25,30,32,25,28,32,18,25,25,30,34,19,26,25,22,22,22,24,29,25,24,28,20,25,19,16,16,15,15,16,15,18,20,23,16,24,20,24,16,18,22,11,21,25,19,29
STAT,refine,Iterations,156,427247,2112,2773,2272,2347,2049,2295,2303,2758,2459,2682,2762,1859,2162,2022,1920,1923,2502,1841,1835,1940,1927,2182,1919,1903,2035,2399,2853,2337,2779,2291,2551,2124,2135,2784,3111,3121,3648,2671,3028,3498,3097,4134,3659,2919,2207,2758,2760,2593,3263,2626,2942,3564,2926,3163,3243,2944,3724,2604,4258,3688,2922,2481,2900,2760,2942,2207,2362,2935,2925,2625,2906,2440,2096,2602,2301,2630,1989,2841,2657,1774,2237,2207,2765,2196,2166,2434,2874,2673,2649,2771,2612,2259,2074,2336,2557,3373,3054,4024,3022,3635,3257,3098,4597,4970,3878,2307,3187,3995,2698,2841,3188,3779,4177,3323,3269,3392,2880,3263,3851,3887,4397,3337,2338,3105,3304,3098,2356,2555,2607,2848,3186,2885,3141,2558,2127,1939,2482,1714,2596,2430,1507,1888,1604,2407,2346,2128,2759,2606,2520,2202,3213,2453,2395,2493,2374,3115
