Hello from MIC
Galois Benchmark Suite v2.2.0 (r0)
Copyright (C) 2013 The University of Texas at Austin
http://iss.ices.utexas.edu/galois/

application: GMetis
Partitions a graph into K parts and minimizing the graph cut
http://iss.ices.utexas.edu/?p=projects/galois/benchmarks/gMetis

INFO: CommandLine /work/02556/dpereira/MIC/apps/gmetis/gmetis -t=61 /work/02556/dpereira/Inputs/USA-road-d.W.gr 1024
INFO: Hostname c558-304-mic0.stampede.tacc.utexas.edu
Created Graph with 6262104 nodes and 15248146 edges
Nodes 6262104| Edges 15248146 7624073

  Starting coarsening: 
Time coarsen:  2226 Size of final graph: 40518

  Sarting initial partitioning using GGGP:
Size in decade percentages:  -0,1024
Time clustering:  1317

  Sarting refinnement with BKL2
Initial dist
Size in decade percentages:  -0,1024
Refined dist
Size in decade percentages:  -1,371 0,275 1,378
Time refinement:  857


Time:  4580
Total edge cut : 36784

Part saved in : 0x7fffb7c01de0
STATTYPE,LOOP,CATEGORY,n,sum,T0,T1,T2,T3,T4,T5,T6,T7,T8,T9,T10,T11,T12,T13,T14,T15,T16,T17,T18,T19,T20,T21,T22,T23,T24,T25,T26,T27,T28,T29,T30,T31,T32,T33,T34,T35,T36,T37,T38,T39,T40,T41,T42,T43,T44,T45,T46,T47,T48,T49,T50,T51,T52,T53,T54,T55,T56,T57,T58,T59,T60
STAT,(NULL),Coarsen,61,2226,2226,0,0,0,0,0,0,0,0,0,0,0,0,0,0,0,0,0,0,0,0,0,0,0,0,0,0,0,0,0,0,0,0,0,0,0,0,0,0,0,0,0,0,0,0,0,0,0,0,0,0,0,0,0,0,0,0,0,0,0,0
STAT,(NULL),Conflicts,61,0,0,0,0,0,0,0,0,0,0,0,0,0,0,0,0,0,0,0,0,0,0,0,0,0,0,0,0,0,0,0,0,0,0,0,0,0,0,0,0,0,0,0,0,0,0,0,0,0,0,0,0,0,0,0,0,0,0,0,0,0,0
STAT,(NULL),Iterations,61,2047,11,42,38,33,62,31,30,36,35,36,49,38,26,37,63,37,22,33,31,43,31,31,33,41,23,30,41,31,34,43,13,35,29,48,17,27,29,39,16,22,8,35,25,43,36,28,54,39,46,26,40,25,43,37,35,27,32,33,18,29,42
STAT,(NULL),MeminfoPost,61,756398,12414,12413,12397,12478,12410,12396,12413,12408,12401,12387,12401,12424,12384,12447,12455,12391,12434,12397,12395,12395,12398,12420,12419,12405,12384,12375,12405,12390,12360,12380,12449,12379,12371,12387,12434,12374,12385,12355,12383,12387,12473,12388,12354,12420,12389,12388,12353,12377,12478,12395,12374,12466,12432,12384,12376,12363,12377,12353,12383,12397,12398
STAT,(NULL),MeminfoPre,61,189098,3114,3113,3097,3178,3110,3096,3113,3108,3101,3087,3101,3124,3084,3147,3155,3091,3134,3097,3095,3095,3098,3120,3119,3105,3084,3075,3105,3090,3060,3080,3149,3079,3071,3087,3134,3074,3085,3055,3083,3087,3173,3088,3054,3120,3089,3088,3053,3077,3178,3095,3074,3166,3132,3084,3076,3063,3077,3053,3083,3097,3098
STAT,(NULL),Partition,61,1317,1317,0,0,0,0,0,0,0,0,0,0,0,0,0,0,0,0,0,0,0,0,0,0,0,0,0,0,0,0,0,0,0,0,0,0,0,0,0,0,0,0,0,0,0,0,0,0,0,0,0,0,0,0,0,0,0,0,0,0,0,0
STAT,(NULL),Refine,61,857,857,0,0,0,0,0,0,0,0,0,0,0,0,0,0,0,0,0,0,0,0,0,0,0,0,0,0,0,0,0,0,0,0,0,0,0,0,0,0,0,0,0,0,0,0,0,0,0,0,0,0,0,0,0,0,0,0,0,0,0,0
STAT,(NULL),Threads,61,61,61,0,0,0,0,0,0,0,0,0,0,0,0,0,0,0,0,0,0,0,0,0,0,0,0,0,0,0,0,0,0,0,0,0,0,0,0,0,0,0,0,0,0,0,0,0,0,0,0,0,0,0,0,0,0,0,0,0,0,0,0
STAT,(NULL),Time,61,4580,4580,0,0,0,0,0,0,0,0,0,0,0,0,0,0,0,0,0,0,0,0,0,0,0,0,0,0,0,0,0,0,0,0,0,0,0,0,0,0,0,0,0,0,0,0,0,0,0,0,0,0,0,0,0,0,0,0,0,0,0,0
STAT,match,Conflicts,61,4460,155,114,109,114,102,73,97,94,94,84,81,58,82,78,104,68,58,71,71,68,52,57,54,39,71,67,65,60,75,87,61,58,61,66,61,58,59,57,77,60,66,66,51,63,53,46,66,59,50,56,52,56,88,70,77,104,71,83,141,67,55
STAT,match,Iterations,61,14876435,238011,221925,234416,212986,236497,247283,229606,245254,248627,250909,238778,231618,241534,239962,219826,251662,224801,243299,250778,246046,242136,232743,230000,245910,240750,243651,233559,245591,250536,243404,225937,263656,265190,232128,242098,261561,247365,259648,236123,254716,248038,233804,256591,228007,238575,261216,256904,252976,208996,252932,248293,240951,258573,258866,251754,274400,260377,259104,234949,254181,246428
STAT,popedge,Conflicts,61,0,0,0,0,0,0,0,0,0,0,0,0,0,0,0,0,0,0,0,0,0,0,0,0,0,0,0,0,0,0,0,0,0,0,0,0,0,0,0,0,0,0,0,0,0,0,0,0,0,0,0,0,0,0,0,0,0,0,0,0,0,0
STAT,popedge,Iterations,61,7289447,120246,120294,121593,117683,117066,119694,112266,121497,121287,120576,120356,115009,119881,115556,116202,118574,107294,117947,118539,120770,110947,110018,106892,108680,114493,119370,115335,117036,115715,118002,115725,122602,122915,126327,118563,119998,125051,120958,122739,121286,115471,116109,123579,117446,117971,118269,120013,121304,112701,112448,116452,125143,127630,127793,130055,127483,129308,128622,132447,126993,127228
STAT,refine,Conflicts,61,2768,51,56,60,50,57,48,51,55,44,41,61,56,55,64,56,54,52,42,36,40,60,60,57,64,47,59,52,46,44,46,39,48,37,37,32,25,44,39,42,29,57,50,33,40,28,46,39,43,42,33,54,35,38,37,48,36,25,37,37,49,25
STAT,refine,Iterations,61,472474,7752,6655,7194,8961,8593,8098,7860,8471,8287,6850,6689,7347,6446,8726,8914,7053,7648,7231,8098,6525,6594,7120,7522,7422,7970,6611,7998,6304,6692,7177,8896,7739,6678,7872,7812,7229,7600,7538,8166,7493,10532,7262,7078,8732,7706,8449,7853,9114,10500,6913,8661,9133,8528,7384,7143,7256,7780,6735,7827,8174,7883
