Hello from MIC
Galois Benchmark Suite v2.2.0 (r0)
Copyright (C) 2013 The University of Texas at Austin
http://iss.ices.utexas.edu/galois/

application: GMetis
Partitions a graph into K parts and minimizing the graph cut
http://iss.ices.utexas.edu/?p=projects/galois/benchmarks/gMetis

INFO: CommandLine /work/02556/dpereira/MIC/apps/gmetis/gmetis -t=107 /work/02556/dpereira/Inputs/USA-road-d.W.gr 128
INFO: Hostname c558-001-mic0.stampede.tacc.utexas.edu
Created Graph with 6262104 nodes and 15248146 edges
Nodes 6262104| Edges 15248146 7624073

  Starting coarsening: 
Time coarsen:  2275 Size of final graph: 3091

  Sarting initial partitioning using GGGP:
Size in decade percentages:  -1,9 -0,114 1,5
Time clustering:  409

  Sarting refinnement with BKL2
Initial dist
Size in decade percentages:  -1,9 -0,114 1,5
Refined dist
Size in decade percentages:  -1,46 0,34 1,48
Time refinement:  1095


Time:  3957
Total edge cut : 8399

Part saved in : 0x7fff926c3160
STATTYPE,LOOP,CATEGORY,n,sum,T0,T1,T2,T3,T4,T5,T6,T7,T8,T9,T10,T11,T12,T13,T14,T15,T16,T17,T18,T19,T20,T21,T22,T23,T24,T25,T26,T27,T28,T29,T30,T31,T32,T33,T34,T35,T36,T37,T38,T39,T40,T41,T42,T43,T44,T45,T46,T47,T48,T49,T50,T51,T52,T53,T54,T55,T56,T57,T58,T59,T60,T61,T62,T63,T64,T65,T66,T67,T68,T69,T70,T71,T72,T73,T74,T75,T76,T77,T78,T79,T80,T81,T82,T83,T84,T85,T86,T87,T88,T89,T90,T91,T92,T93,T94,T95,T96,T97,T98,T99,T100,T101,T102,T103,T104,T105,T106
STAT,(NULL),Coarsen,107,2275,2275,0,0,0,0,0,0,0,0,0,0,0,0,0,0,0,0,0,0,0,0,0,0,0,0,0,0,0,0,0,0,0,0,0,0,0,0,0,0,0,0,0,0,0,0,0,0,0,0,0,0,0,0,0,0,0,0,0,0,0,0,0,0,0,0,0,0,0,0,0,0,0,0,0,0,0,0,0,0,0,0,0,0,0,0,0,0,0,0,0,0,0,0,0,0,0,0,0,0,0,0,0,0,0,0,0,0
STAT,(NULL),Conflicts,107,0,0,0,0,0,0,0,0,0,0,0,0,0,0,0,0,0,0,0,0,0,0,0,0,0,0,0,0,0,0,0,0,0,0,0,0,0,0,0,0,0,0,0,0,0,0,0,0,0,0,0,0,0,0,0,0,0,0,0,0,0,0,0,0,0,0,0,0,0,0,0,0,0,0,0,0,0,0,0,0,0,0,0,0,0,0,0,0,0,0,0,0,0,0,0,0,0,0,0,0,0,0,0,0,0,0,0,0
STAT,(NULL),Iterations,107,255,8,2,2,0,0,0,0,4,0,3,0,2,3,1,4,0,1,2,2,3,1,0,0,2,3,2,1,1,0,1,2,2,0,3,4,2,1,0,2,3,0,0,1,3,2,4,0,14,11,11,10,2,5,1,8,1,3,3,1,9,4,7,0,3,0,0,0,1,0,0,0,0,0,4,1,0,4,0,4,2,5,0,4,2,3,7,0,0,2,1,8,0,6,2,3,5,3,2,0,3,2,1,2,1,0,3,4
STAT,(NULL),MeminfoPost,107,756556,7070,7089,7083,7078,7050,7090,7134,7093,7058,7057,7084,7091,7083,7059,7061,7097,7056,7054,7062,7102,7076,7075,7063,7083,7137,7091,7052,7067,7085,7089,7080,7058,7059,7092,7057,7059,7082,7066,7113,7061,7087,7064,7069,7056,7071,7040,7078,7077,7062,7058,7043,7060,7076,7105,7053,7056,7082,7035,7056,7087,7081,7073,7056,7067,7060,7049,7043,7049,7065,7070,7118,7102,7050,7075,7039,7061,7082,7079,7059,7063,7055,7041,7065,7040,7110,7116,7079,7053,7049,7086,7115,7103,7072,7072,7055,7069,7031,7049,7081,7036,7053,7030,7076,7056,7075,7075,7062
STAT,(NULL),MeminfoPre,107,189135,1767,1786,1780,1775,1747,1787,1831,1790,1755,1754,1781,1788,1780,1756,1758,1794,1753,1751,1759,1799,1773,1772,1760,1780,1834,1788,1749,1764,1782,1786,1777,1755,1756,1789,1754,1756,1779,1763,1810,1758,1784,1761,1766,1753,1768,1737,1775,1774,1759,1755,1740,1757,1773,1802,1750,1753,1779,1732,1753,1784,1778,1770,1753,1764,1757,1746,1740,1746,1762,1767,1815,1799,1747,1772,1736,1758,1779,1776,1756,1760,1752,1738,1762,1737,1807,1813,1776,1750,1746,1783,1812,1800,1769,1769,1752,1766,1728,1746,1778,1733,1750,1727,1773,1753,1772,1772,1759
STAT,(NULL),Partition,107,409,409,0,0,0,0,0,0,0,0,0,0,0,0,0,0,0,0,0,0,0,0,0,0,0,0,0,0,0,0,0,0,0,0,0,0,0,0,0,0,0,0,0,0,0,0,0,0,0,0,0,0,0,0,0,0,0,0,0,0,0,0,0,0,0,0,0,0,0,0,0,0,0,0,0,0,0,0,0,0,0,0,0,0,0,0,0,0,0,0,0,0,0,0,0,0,0,0,0,0,0,0,0,0,0,0,0,0
STAT,(NULL),Refine,107,1095,1095,0,0,0,0,0,0,0,0,0,0,0,0,0,0,0,0,0,0,0,0,0,0,0,0,0,0,0,0,0,0,0,0,0,0,0,0,0,0,0,0,0,0,0,0,0,0,0,0,0,0,0,0,0,0,0,0,0,0,0,0,0,0,0,0,0,0,0,0,0,0,0,0,0,0,0,0,0,0,0,0,0,0,0,0,0,0,0,0,0,0,0,0,0,0,0,0,0,0,0,0,0,0,0,0,0,0
STAT,(NULL),Threads,107,107,107,0,0,0,0,0,0,0,0,0,0,0,0,0,0,0,0,0,0,0,0,0,0,0,0,0,0,0,0,0,0,0,0,0,0,0,0,0,0,0,0,0,0,0,0,0,0,0,0,0,0,0,0,0,0,0,0,0,0,0,0,0,0,0,0,0,0,0,0,0,0,0,0,0,0,0,0,0,0,0,0,0,0,0,0,0,0,0,0,0,0,0,0,0,0,0,0,0,0,0,0,0,0,0,0,0,0
STAT,(NULL),Time,107,3957,3957,0,0,0,0,0,0,0,0,0,0,0,0,0,0,0,0,0,0,0,0,0,0,0,0,0,0,0,0,0,0,0,0,0,0,0,0,0,0,0,0,0,0,0,0,0,0,0,0,0,0,0,0,0,0,0,0,0,0,0,0,0,0,0,0,0,0,0,0,0,0,0,0,0,0,0,0,0,0,0,0,0,0,0,0,0,0,0,0,0,0,0,0,0,0,0,0,0,0,0,0,0,0,0,0,0,0
STAT,match,Conflicts,107,6066,127,100,105,77,99,104,75,82,74,86,67,76,77,61,85,73,87,66,55,66,62,65,63,48,58,84,61,74,78,74,59,54,62,70,74,56,61,61,58,74,76,60,66,72,41,61,29,43,39,46,47,54,44,48,41,49,50,60,47,40,45,62,50,43,33,40,49,35,50,49,52,42,51,34,35,34,39,41,39,52,41,44,37,48,53,33,41,37,46,44,54,50,46,37,54,62,51,53,37,38,53,43,45,57,57,33,46
STAT,match,Iterations,107,14997425,104182,120585,113913,125952,111943,105537,116663,130570,117463,114230,120051,116934,125907,137029,110809,123537,119896,130208,132083,125347,140445,125930,127501,133973,112455,117545,141344,131129,115631,112458,139541,129695,140486,126753,142754,143909,112261,137581,124986,136128,129258,146853,142913,140816,143673,136694,169507,159460,170343,151209,165664,170200,148281,155735,160650,154282,171520,149530,154096,147230,154023,135399,156736,150427,160525,151012,154424,150352,150123,144538,125018,138964,140483,150734,149663,140365,142618,153882,143616,144229,142483,141391,151161,146905,128219,153208,141681,163096,151709,142591,131842,143110,156436,149029,147703,147016,146464,130793,163638,141951,158269,155703,162539,143369,142626,159805,154299
STAT,popedge,Conflicts,107,0,0,0,0,0,0,0,0,0,0,0,0,0,0,0,0,0,0,0,0,0,0,0,0,0,0,0,0,0,0,0,0,0,0,0,0,0,0,0,0,0,0,0,0,0,0,0,0,0,0,0,0,0,0,0,0,0,0,0,0,0,0,0,0,0,0,0,0,0,0,0,0,0,0,0,0,0,0,0,0,0,0,0,0,0,0,0,0,0,0,0,0,0,0,0,0,0,0,0,0,0,0,0,0,0,0,0,0
STAT,popedge,Iterations,107,7351919,70426,66411,67262,68178,71016,71127,66130,68260,69884,67384,64898,66423,67390,66794,71802,68276,69152,70153,68289,65205,67432,67982,68749,65108,64549,67880,68091,66814,67199,67116,67980,68537,68992,68797,68831,68642,57268,64834,62230,65957,66538,68629,66218,67815,67444,68761,73961,75169,74106,75405,75933,75992,75525,75260,79044,78763,74349,85256,79297,75061,73286,66475,62155,65073,65779,66325,66667,65247,63401,67829,66069,65989,67664,67212,68609,69654,65833,63707,66639,67655,63919,66930,66642,67225,66060,67461,64663,65703,66180,68388,67771,71080,71244,73556,69503,72241,69862,61122,68497,73920,69076,67049,69462,69321,68815,71923,67064
STAT,refine,Conflicts,107,4738,123,119,125,112,99,106,97,90,71,94,78,94,76,71,74,63,50,58,60,68,60,59,62,80,46,69,45,46,46,53,43,33,52,35,42,44,42,46,46,25,50,47,42,42,46,54,44,39,40,28,44,44,44,35,27,31,32,38,32,33,27,27,24,26,26,25,26,30,22,24,31,33,35,18,18,22,31,26,25,24,31,26,23,26,29,31,34,21,27,21,34,32,26,31,20,29,24,26,29,21,17,24,35,31,28,25,23
STAT,refine,Iterations,107,136962,1118,1473,1113,1155,1164,1321,1444,1595,1125,1093,1170,1151,941,915,921,1203,1070,1129,1049,1444,1060,1209,1318,1479,1469,1444,988,1237,1110,1237,1359,999,1267,934,1274,1081,1178,1458,1457,1176,1094,1214,1355,1414,1291,968,1172,1750,1660,1287,1738,2128,2119,2091,1828,951,1218,1263,1087,1178,1410,995,1305,1077,1159,1126,1221,1562,1395,1344,1357,1574,1170,967,799,981,1205,1159,1308,1152,1067,1193,1437,1382,1557,1676,1325,994,1278,1566,1560,1748,1316,1453,1042,1257,771,1116,1729,995,1196,1155,1305,1266,1545,1344,1289
