Hello from MIC
Galois Benchmark Suite v2.2.0 (r0)
Copyright (C) 2013 The University of Texas at Austin
http://iss.ices.utexas.edu/galois/

application: GMetis
Partitions a graph into K parts and minimizing the graph cut
http://iss.ices.utexas.edu/?p=projects/galois/benchmarks/gMetis

INFO: CommandLine /work/02556/dpereira/MIC/apps/gmetis/gmetis -t=76 /work/02556/dpereira/Inputs/USA-road-d.W.gr 16
INFO: Hostname c557-903-mic0.stampede.tacc.utexas.edu
Created Graph with 6262104 nodes and 15248146 edges
Nodes 6262104| Edges 15248146 7624073

  Starting coarsening: 
Time coarsen:  2461 Size of final graph: 425

  Sarting initial partitioning using GGGP:
Size in decade percentages:  -0,15 1,1
Time clustering:  358

  Sarting refinnement with BKL2
Initial dist
Size in decade percentages:  -0,15 1,1
Refined dist
Size in decade percentages:  -1,6 -0,4 1,6
Time refinement:  938


Time:  3933
Total edge cut : 1952

Part saved in : 0x7fff8ef3ed60
STATTYPE,LOOP,CATEGORY,n,sum,T0,T1,T2,T3,T4,T5,T6,T7,T8,T9,T10,T11,T12,T13,T14,T15,T16,T17,T18,T19,T20,T21,T22,T23,T24,T25,T26,T27,T28,T29,T30,T31,T32,T33,T34,T35,T36,T37,T38,T39,T40,T41,T42,T43,T44,T45,T46,T47,T48,T49,T50,T51,T52,T53,T54,T55,T56,T57,T58,T59,T60,T61,T62,T63,T64,T65,T66,T67,T68,T69,T70,T71,T72,T73,T74,T75
STAT,(NULL),Coarsen,76,2461,2461,0,0,0,0,0,0,0,0,0,0,0,0,0,0,0,0,0,0,0,0,0,0,0,0,0,0,0,0,0,0,0,0,0,0,0,0,0,0,0,0,0,0,0,0,0,0,0,0,0,0,0,0,0,0,0,0,0,0,0,0,0,0,0,0,0,0,0,0,0,0,0,0,0,0,0
STAT,(NULL),Conflicts,76,0,0,0,0,0,0,0,0,0,0,0,0,0,0,0,0,0,0,0,0,0,0,0,0,0,0,0,0,0,0,0,0,0,0,0,0,0,0,0,0,0,0,0,0,0,0,0,0,0,0,0,0,0,0,0,0,0,0,0,0,0,0,0,0,0,0,0,0,0,0,0,0,0,0,0,0,0
STAT,(NULL),Iterations,76,31,5,0,0,0,0,0,0,0,0,0,0,0,0,0,0,3,3,0,0,0,0,0,0,0,0,1,0,0,2,0,0,0,0,0,0,0,0,0,0,1,2,4,1,0,0,0,0,0,0,0,1,0,0,1,0,0,0,0,0,0,0,0,0,0,0,0,3,0,0,0,2,0,0,2,0,0
STAT,(NULL),MeminfoPost,76,756345,9957,9971,9957,9943,10032,9965,9936,9969,9977,9944,9950,9957,9933,9961,9969,9948,9965,10033,9949,9948,9969,9969,9934,9965,9940,9945,9954,9989,9961,9954,9936,9945,9923,9967,9937,9921,9934,9983,9948,9953,9918,9928,9972,9963,9938,9939,9918,9915,9943,9969,10008,9932,9942,9927,9974,9938,9939,9919,9937,9935,10020,9958,9922,9971,10001,9980,9939,9941,9911,9919,9949,9908,9937,9939,9955,9950
STAT,(NULL),MeminfoPre,76,189081,2493,2507,2493,2479,2568,2501,2472,2505,2513,2480,2486,2493,2469,2497,2505,2484,2501,2569,2485,2484,2505,2505,2470,2501,2476,2481,2490,2525,2497,2490,2472,2481,2459,2503,2473,2457,2470,2519,2484,2489,2454,2464,2508,2499,2474,2475,2454,2451,2479,2505,2544,2468,2478,2463,2510,2474,2475,2455,2473,2471,2556,2494,2458,2507,2537,2516,2475,2477,2447,2455,2485,2444,2473,2475,2491,2486
STAT,(NULL),Partition,76,358,358,0,0,0,0,0,0,0,0,0,0,0,0,0,0,0,0,0,0,0,0,0,0,0,0,0,0,0,0,0,0,0,0,0,0,0,0,0,0,0,0,0,0,0,0,0,0,0,0,0,0,0,0,0,0,0,0,0,0,0,0,0,0,0,0,0,0,0,0,0,0,0,0,0,0,0
STAT,(NULL),Refine,76,938,938,0,0,0,0,0,0,0,0,0,0,0,0,0,0,0,0,0,0,0,0,0,0,0,0,0,0,0,0,0,0,0,0,0,0,0,0,0,0,0,0,0,0,0,0,0,0,0,0,0,0,0,0,0,0,0,0,0,0,0,0,0,0,0,0,0,0,0,0,0,0,0,0,0,0,0
STAT,(NULL),Threads,76,76,76,0,0,0,0,0,0,0,0,0,0,0,0,0,0,0,0,0,0,0,0,0,0,0,0,0,0,0,0,0,0,0,0,0,0,0,0,0,0,0,0,0,0,0,0,0,0,0,0,0,0,0,0,0,0,0,0,0,0,0,0,0,0,0,0,0,0,0,0,0,0,0,0,0,0,0
STAT,(NULL),Time,76,3933,3933,0,0,0,0,0,0,0,0,0,0,0,0,0,0,0,0,0,0,0,0,0,0,0,0,0,0,0,0,0,0,0,0,0,0,0,0,0,0,0,0,0,0,0,0,0,0,0,0,0,0,0,0,0,0,0,0,0,0,0,0,0,0,0,0,0,0,0,0,0,0,0,0,0,0,0
STAT,match,Conflicts,76,6120,171,168,170,161,138,139,115,88,113,117,99,118,126,142,72,85,69,81,74,77,64,75,82,78,63,68,81,62,69,70,83,56,69,59,59,64,63,61,66,61,58,47,55,62,55,45,58,74,63,44,87,53,70,76,73,71,63,54,60,53,75,77,83,75,100,100,79,81,55,63,72,63,76,81,99,44
STAT,match,Iterations,76,14995763,152163,148214,156201,167511,150797,166290,189150,179702,155331,185196,159800,172115,169456,173219,184054,207448,201898,183189,214497,206963,208421,202597,215163,208168,210914,207622,187332,205282,199235,211705,214023,216942,214494,199887,217666,207035,202711,213270,207214,206448,225251,228017,190993,211273,205852,242481,221024,207269,203830,227365,173557,213092,206072,211425,184811,208014,211882,212839,197662,212735,192806,173691,177754,177917,188262,179214,195612,203460,203666,215933,201318,217666,198667,196480,184980,213570
STAT,popedge,Conflicts,76,0,0,0,0,0,0,0,0,0,0,0,0,0,0,0,0,0,0,0,0,0,0,0,0,0,0,0,0,0,0,0,0,0,0,0,0,0,0,0,0,0,0,0,0,0,0,0,0,0,0,0,0,0,0,0,0,0,0,0,0,0,0,0,0,0,0,0,0,0,0,0,0,0,0,0,0,0
STAT,popedge,Iterations,76,7349969,89374,89311,90187,92373,89453,90378,91219,89605,88869,92275,84803,92663,94370,92149,89349,103186,101573,97804,99416,98743,96803,101197,100702,103000,100000,98280,93810,94994,95017,92287,97255,97880,98245,96402,97948,99234,100218,96531,101491,102995,102868,105354,102168,101105,101584,104404,102377,107128,103229,102979,102596,103351,102345,104532,99284,99922,99878,99856,100543,99906,94545,85845,88394,89230,91711,91996,96713,94409,94272,92058,92996,88116,99184,95882,95275,92545
STAT,refine,Conflicts,76,3947,148,148,135,124,94,119,104,106,79,83,86,75,80,80,78,55,49,52,70,54,53,59,60,53,57,55,57,62,50,46,43,41,45,43,47,33,35,41,49,39,42,35,47,47,32,36,39,28,34,31,32,31,30,45,42,33,27,34,35,35,30,29,27,27,33,31,29,37,32,29,21,21,16,29,20,34
STAT,refine,Iterations,76,39992,635,566,624,512,607,731,633,562,531,594,451,458,506,453,505,359,356,770,713,448,765,506,487,502,578,544,381,721,645,582,617,433,411,550,508,539,413,480,530,580,551,472,522,705,358,954,698,690,382,486,459,684,541,485,559,446,526,439,448,499,454,427,416,643,337,443,468,555,492,508,430,458,326,467,389,489
