Hello from MIC
Galois Benchmark Suite v2.2.0 (r0)
Copyright (C) 2013 The University of Texas at Austin
http://iss.ices.utexas.edu/galois/

application: GMetis
Partitions a graph into K parts and minimizing the graph cut
http://iss.ices.utexas.edu/?p=projects/galois/benchmarks/gMetis

INFO: CommandLine /work/02556/dpereira/MIC/apps/gmetis/gmetis -t=164 /work/02556/dpereira/Inputs/USA-road-d.W.gr 128
INFO: Hostname c558-002-mic0.stampede.tacc.utexas.edu
Created Graph with 6262104 nodes and 15248146 edges
Nodes 6262104| Edges 15248146 7624073

  Starting coarsening: 
Time coarsen:  2887 Size of final graph: 3135

  Sarting initial partitioning using GGGP:
Size in decade percentages:  -1,6 -0,115 1,7
Time clustering:  437

  Sarting refinnement with BKL2
Initial dist
Size in decade percentages:  -1,6 -0,115 1,7
Refined dist
Size in decade percentages:  -1,46 -0,37 1,45
Time refinement:  1668


Time:  5170
Total edge cut : 8029

Part saved in : 0x7fff118ad960
STATTYPE,LOOP,CATEGORY,n,sum,T0,T1,T2,T3,T4,T5,T6,T7,T8,T9,T10,T11,T12,T13,T14,T15,T16,T17,T18,T19,T20,T21,T22,T23,T24,T25,T26,T27,T28,T29,T30,T31,T32,T33,T34,T35,T36,T37,T38,T39,T40,T41,T42,T43,T44,T45,T46,T47,T48,T49,T50,T51,T52,T53,T54,T55,T56,T57,T58,T59,T60,T61,T62,T63,T64,T65,T66,T67,T68,T69,T70,T71,T72,T73,T74,T75,T76,T77,T78,T79,T80,T81,T82,T83,T84,T85,T86,T87,T88,T89,T90,T91,T92,T93,T94,T95,T96,T97,T98,T99,T100,T101,T102,T103,T104,T105,T106,T107,T108,T109,T110,T111,T112,T113,T114,T115,T116,T117,T118,T119,T120,T121,T122,T123,T124,T125,T126,T127,T128,T129,T130,T131,T132,T133,T134,T135,T136,T137,T138,T139,T140,T141,T142,T143,T144,T145,T146,T147,T148,T149,T150,T151,T152,T153,T154,T155,T156,T157,T158,T159,T160,T161,T162,T163
STAT,(NULL),Coarsen,164,2887,2887,0,0,0,0,0,0,0,0,0,0,0,0,0,0,0,0,0,0,0,0,0,0,0,0,0,0,0,0,0,0,0,0,0,0,0,0,0,0,0,0,0,0,0,0,0,0,0,0,0,0,0,0,0,0,0,0,0,0,0,0,0,0,0,0,0,0,0,0,0,0,0,0,0,0,0,0,0,0,0,0,0,0,0,0,0,0,0,0,0,0,0,0,0,0,0,0,0,0,0,0,0,0,0,0,0,0,0,0,0,0,0,0,0,0,0,0,0,0,0,0,0,0,0,0,0,0,0,0,0,0,0,0,0,0,0,0,0,0,0,0,0,0,0,0,0,0,0,0,0,0,0,0,0,0,0,0,0,0,0,0,0,0,0
STAT,(NULL),Conflicts,164,0,0,0,0,0,0,0,0,0,0,0,0,0,0,0,0,0,0,0,0,0,0,0,0,0,0,0,0,0,0,0,0,0,0,0,0,0,0,0,0,0,0,0,0,0,0,0,0,0,0,0,0,0,0,0,0,0,0,0,0,0,0,0,0,0,0,0,0,0,0,0,0,0,0,0,0,0,0,0,0,0,0,0,0,0,0,0,0,0,0,0,0,0,0,0,0,0,0,0,0,0,0,0,0,0,0,0,0,0,0,0,0,0,0,0,0,0,0,0,0,0,0,0,0,0,0,0,0,0,0,0,0,0,0,0,0,0,0,0,0,0,0,0,0,0,0,0,0,0,0,0,0,0,0,0,0,0,0,0,0,0,0,0,0,0
STAT,(NULL),Iterations,164,255,8,0,2,0,1,6,0,2,0,3,0,2,0,0,1,0,0,0,1,1,1,0,3,0,0,1,2,0,0,0,1,3,0,1,0,2,1,0,2,7,1,0,4,1,0,0,3,4,3,3,0,1,0,0,3,0,0,0,5,2,1,6,2,1,2,3,5,2,4,9,0,0,2,0,0,0,1,2,0,2,4,1,3,1,0,0,0,2,2,1,10,0,0,1,1,3,2,4,1,3,1,0,3,4,0,1,0,2,0,4,2,1,4,0,3,2,1,0,4,5,1,1,1,1,0,0,3,0,1,0,0,2,0,2,2,0,0,0,5,1,2,0,7,2,2,3,1,0,3,0,0,0,0,0,4,0,1,6,1,0,0,2,0,2
STAT,(NULL),MeminfoPost,164,756970,4621,4612,4629,4628,4616,4624,4604,4617,4621,4628,4685,4630,4601,4607,4607,4625,4627,4630,4620,4624,4608,4609,4606,4626,4630,4601,4602,4617,4609,4633,4621,4631,4607,4616,4604,4623,4635,4656,4662,4609,4610,4607,4616,4618,4633,4626,4623,4621,4600,4608,4623,4630,4603,4606,4608,4620,4622,4608,4631,4642,4608,4626,4624,4609,4625,4603,4607,4604,4622,4590,4611,4623,4629,4608,4611,4604,4602,4598,4601,4614,4619,4648,4629,4601,4606,4615,4624,4599,4589,4604,4620,4627,4623,4630,4607,4612,4603,4615,4608,4609,4595,4596,4606,4595,4622,4599,4614,4642,4649,4638,4606,4606,4626,4601,4593,4606,4617,4627,4630,4609,4603,4615,4606,4607,4595,4606,4600,4612,4603,4642,4639,4649,4624,4602,4606,4598,4615,4631,4652,4625,4646,4627,4602,4618,4607,4621,4603,4601,4585,4606,4592,4644,4589,4587,4610,4597,4620,4599,4611,4618,4614,4617,4606,4620
STAT,(NULL),MeminfoPre,164,189202,1159,1150,1167,1166,1154,1162,1142,1155,1159,1166,1223,1168,1139,1145,1145,1163,1165,1168,1158,1162,1146,1147,1144,1164,1168,1139,1140,1155,1147,1171,1159,1169,1145,1154,1142,1161,1173,1194,1200,1147,1148,1145,1154,1156,1171,1164,1161,1159,1138,1146,1161,1168,1141,1144,1146,1158,1160,1146,1169,1180,1146,1164,1162,1147,1163,1141,1145,1142,1160,1128,1149,1161,1167,1146,1149,1142,1140,1136,1139,1152,1157,1186,1167,1139,1144,1153,1162,1137,1127,1142,1158,1165,1161,1168,1145,1150,1141,1153,1146,1147,1133,1134,1144,1133,1160,1137,1152,1180,1187,1176,1144,1144,1164,1139,1131,1144,1155,1165,1168,1147,1141,1153,1144,1145,1133,1144,1138,1150,1141,1180,1177,1187,1162,1140,1144,1136,1153,1169,1190,1163,1184,1165,1140,1156,1145,1159,1141,1139,1123,1144,1130,1182,1127,1125,1148,1135,1158,1137,1149,1156,1152,1155,1144,1158
STAT,(NULL),Partition,164,437,437,0,0,0,0,0,0,0,0,0,0,0,0,0,0,0,0,0,0,0,0,0,0,0,0,0,0,0,0,0,0,0,0,0,0,0,0,0,0,0,0,0,0,0,0,0,0,0,0,0,0,0,0,0,0,0,0,0,0,0,0,0,0,0,0,0,0,0,0,0,0,0,0,0,0,0,0,0,0,0,0,0,0,0,0,0,0,0,0,0,0,0,0,0,0,0,0,0,0,0,0,0,0,0,0,0,0,0,0,0,0,0,0,0,0,0,0,0,0,0,0,0,0,0,0,0,0,0,0,0,0,0,0,0,0,0,0,0,0,0,0,0,0,0,0,0,0,0,0,0,0,0,0,0,0,0,0,0,0,0,0,0,0,0
STAT,(NULL),Refine,164,1668,1668,0,0,0,0,0,0,0,0,0,0,0,0,0,0,0,0,0,0,0,0,0,0,0,0,0,0,0,0,0,0,0,0,0,0,0,0,0,0,0,0,0,0,0,0,0,0,0,0,0,0,0,0,0,0,0,0,0,0,0,0,0,0,0,0,0,0,0,0,0,0,0,0,0,0,0,0,0,0,0,0,0,0,0,0,0,0,0,0,0,0,0,0,0,0,0,0,0,0,0,0,0,0,0,0,0,0,0,0,0,0,0,0,0,0,0,0,0,0,0,0,0,0,0,0,0,0,0,0,0,0,0,0,0,0,0,0,0,0,0,0,0,0,0,0,0,0,0,0,0,0,0,0,0,0,0,0,0,0,0,0,0,0,0
STAT,(NULL),Threads,164,164,164,0,0,0,0,0,0,0,0,0,0,0,0,0,0,0,0,0,0,0,0,0,0,0,0,0,0,0,0,0,0,0,0,0,0,0,0,0,0,0,0,0,0,0,0,0,0,0,0,0,0,0,0,0,0,0,0,0,0,0,0,0,0,0,0,0,0,0,0,0,0,0,0,0,0,0,0,0,0,0,0,0,0,0,0,0,0,0,0,0,0,0,0,0,0,0,0,0,0,0,0,0,0,0,0,0,0,0,0,0,0,0,0,0,0,0,0,0,0,0,0,0,0,0,0,0,0,0,0,0,0,0,0,0,0,0,0,0,0,0,0,0,0,0,0,0,0,0,0,0,0,0,0,0,0,0,0,0,0,0,0,0,0,0
STAT,(NULL),Time,164,5170,5170,0,0,0,0,0,0,0,0,0,0,0,0,0,0,0,0,0,0,0,0,0,0,0,0,0,0,0,0,0,0,0,0,0,0,0,0,0,0,0,0,0,0,0,0,0,0,0,0,0,0,0,0,0,0,0,0,0,0,0,0,0,0,0,0,0,0,0,0,0,0,0,0,0,0,0,0,0,0,0,0,0,0,0,0,0,0,0,0,0,0,0,0,0,0,0,0,0,0,0,0,0,0,0,0,0,0,0,0,0,0,0,0,0,0,0,0,0,0,0,0,0,0,0,0,0,0,0,0,0,0,0,0,0,0,0,0,0,0,0,0,0,0,0,0,0,0,0,0,0,0,0,0,0,0,0,0,0,0,0,0,0,0,0
STAT,match,Conflicts,164,6187,63,65,62,57,60,53,60,59,57,64,53,47,54,57,56,51,56,55,54,55,49,42,55,47,51,50,57,48,45,43,53,40,46,41,42,42,51,37,36,45,44,48,39,36,47,38,40,45,41,37,44,40,41,40,39,35,38,44,42,37,37,28,28,35,33,35,33,36,32,28,28,37,30,31,31,33,27,35,31,35,33,23,29,38,33,37,33,27,34,39,26,28,31,42,35,32,29,32,31,30,37,25,30,36,29,31,42,29,31,32,30,30,27,27,28,38,29,30,32,24,33,27,27,31,33,27,32,32,35,37,26,34,31,28,39,31,27,34,33,39,36,43,31,35,28,33,34,35,29,29,30,32,34,28,34,32,28,28,35,41,26,36,30,29
STAT,match,Iterations,164,15040960,67800,75092,76778,60543,75011,77606,77761,73832,73654,78124,82614,71193,81035,67710,78125,71984,75986,75020,73254,84113,75894,78456,75569,68249,76362,82425,69733,73051,69696,74408,71663,69785,90357,70714,83148,76515,81541,88114,86692,79072,91962,68713,106776,100747,85359,115580,106521,76490,82202,79426,103644,100977,119890,99923,103853,95086,72482,84079,76662,94514,99555,93631,94465,87267,87778,81820,109416,93465,87230,117902,109646,80665,86673,100445,80442,95543,104247,103883,84492,102290,80477,98032,106337,89321,97618,89996,97000,105478,93772,90418,111357,84044,86169,82221,96974,76501,99546,98093,83329,79133,109335,87671,99025,103027,114967,105042,119405,113627,99145,98252,134785,119953,117968,115862,116079,104012,104554,90807,134364,109413,108162,119175,96170,93022,100441,94374,111314,103735,73955,107683,92296,87323,83155,96741,85367,100893,85754,98459,91114,101487,76812,91802,99321,75921,113003,119458,95035,91664,109197,100839,87825,87950,69120,97723,97904,107666,95627,94433,84765,68574,101309,92828,93931,110104
STAT,popedge,Conflicts,164,0,0,0,0,0,0,0,0,0,0,0,0,0,0,0,0,0,0,0,0,0,0,0,0,0,0,0,0,0,0,0,0,0,0,0,0,0,0,0,0,0,0,0,0,0,0,0,0,0,0,0,0,0,0,0,0,0,0,0,0,0,0,0,0,0,0,0,0,0,0,0,0,0,0,0,0,0,0,0,0,0,0,0,0,0,0,0,0,0,0,0,0,0,0,0,0,0,0,0,0,0,0,0,0,0,0,0,0,0,0,0,0,0,0,0,0,0,0,0,0,0,0,0,0,0,0,0,0,0,0,0,0,0,0,0,0,0,0,0,0,0,0,0,0,0,0,0,0,0,0,0,0,0,0,0,0,0,0,0,0,0,0,0,0,0
STAT,popedge,Iterations,164,7372230,42630,43840,43346,41814,42621,43593,42402,43012,44600,42355,41954,43301,43121,43236,44601,42998,44307,43167,43402,45594,40712,43492,45546,46512,43475,45259,46975,43870,45852,41770,44251,43688,45083,44797,43654,43629,44579,44177,41963,42549,44740,43554,50189,48678,47663,48139,48944,48276,53223,48898,50160,52679,51077,50241,50455,46122,46570,49410,45016,46826,49801,41087,39015,41473,39445,42770,42087,41474,42133,41516,42010,40834,41674,41499,44685,41629,42747,43160,43917,43372,44050,40094,42470,44379,43475,44005,46601,45423,48017,44958,42385,45121,44197,44660,45221,45526,44970,45322,46468,43278,43042,43450,44399,49175,49810,49290,49947,50526,49339,52189,51194,49684,50877,50897,52409,50351,48795,49499,52277,46843,49413,53773,42819,41514,42413,41714,38899,41597,41429,41877,42211,41451,42205,44187,42351,40752,43970,42782,43967,42239,43020,43291,42130,46810,44726,44762,47016,43841,45668,45356,45012,41327,47422,42775,44322,43861,44097,46873,44913,44840,45005,44112,46194,43766
STAT,refine,Conflicts,164,5949,121,117,119,97,104,94,94,88,92,88,89,77,77,76,78,72,74,69,75,69,58,55,62,55,51,54,58,48,52,67,52,35,51,41,52,49,46,51,50,36,39,33,29,33,47,40,33,44,33,29,44,37,36,45,24,39,35,45,44,45,46,29,22,27,23,19,19,28,21,17,24,32,24,23,20,19,24,31,18,18,24,28,15,31,22,20,16,24,13,19,24,22,26,26,18,13,26,24,24,27,21,19,16,15,19,17,24,16,32,31,18,24,18,29,26,18,22,15,30,24,25,27,19,37,25,17,18,35,31,28,29,28,31,35,24,23,19,25,32,27,14,30,21,19,28,26,17,24,13,21,21,20,14,17,34,21,27,19,23,19,19,24,18,18
STAT,refine,Iterations,164,136009,983,869,1136,668,886,937,718,984,906,934,1075,994,848,770,788,1072,863,968,598,791,755,617,740,841,779,586,792,702,604,691,758,506,822,518,729,851,816,944,971,757,684,561,718,803,788,818,845,824,691,758,1070,946,853,1040,720,889,724,968,797,1144,1061,961,637,813,795,693,845,882,924,745,782,822,897,736,819,785,894,1012,876,868,840,867,760,747,792,973,827,684,582,753,763,640,723,815,646,686,821,888,812,706,850,666,930,788,1050,869,1195,1039,874,1083,952,1083,1315,818,1007,852,993,877,1317,985,897,1099,746,783,974,618,860,886,863,856,820,815,767,966,653,834,972,754,899,817,617,796,764,617,850,1128,780,652,974,561,749,608,449,533,771,725,1068,587,873,805,708,800,869,923
