Hello from MIC
Galois Benchmark Suite v2.2.0 (r0)
Copyright (C) 2013 The University of Texas at Austin
http://iss.ices.utexas.edu/galois/

application: GMetis
Partitions a graph into K parts and minimizing the graph cut
http://iss.ices.utexas.edu/?p=projects/galois/benchmarks/gMetis

INFO: CommandLine /work/02556/dpereira/MIC/apps/gmetis/gmetis -t=88 /work/02556/dpereira/Inputs/USA-road-d.W.gr 1024
INFO: Hostname c558-304-mic0.stampede.tacc.utexas.edu
Created Graph with 6262104 nodes and 15248146 edges
Nodes 6262104| Edges 15248146 7624073

  Starting coarsening: 
Time coarsen:  2166 Size of final graph: 21599

  Sarting initial partitioning using GGGP:
Size in decade percentages:  -1,62 -0,881 1,81
Time clustering:  854

  Sarting refinnement with BKL2
Initial dist
Size in decade percentages:  -1,62 -0,881 1,81
Refined dist
Size in decade percentages:  -1,375 -0,268 1,381
Time refinement:  1045


Time:  4244
Total edge cut : 31640

Part saved in : 0x7fffc24fcb60
STATTYPE,LOOP,CATEGORY,n,sum,T0,T1,T2,T3,T4,T5,T6,T7,T8,T9,T10,T11,T12,T13,T14,T15,T16,T17,T18,T19,T20,T21,T22,T23,T24,T25,T26,T27,T28,T29,T30,T31,T32,T33,T34,T35,T36,T37,T38,T39,T40,T41,T42,T43,T44,T45,T46,T47,T48,T49,T50,T51,T52,T53,T54,T55,T56,T57,T58,T59,T60,T61,T62,T63,T64,T65,T66,T67,T68,T69,T70,T71,T72,T73,T74,T75,T76,T77,T78,T79,T80,T81,T82,T83,T84,T85,T86,T87
STAT,(NULL),Coarsen,88,2166,2166,0,0,0,0,0,0,0,0,0,0,0,0,0,0,0,0,0,0,0,0,0,0,0,0,0,0,0,0,0,0,0,0,0,0,0,0,0,0,0,0,0,0,0,0,0,0,0,0,0,0,0,0,0,0,0,0,0,0,0,0,0,0,0,0,0,0,0,0,0,0,0,0,0,0,0,0,0,0,0,0,0,0,0,0,0,0,0
STAT,(NULL),Conflicts,88,0,0,0,0,0,0,0,0,0,0,0,0,0,0,0,0,0,0,0,0,0,0,0,0,0,0,0,0,0,0,0,0,0,0,0,0,0,0,0,0,0,0,0,0,0,0,0,0,0,0,0,0,0,0,0,0,0,0,0,0,0,0,0,0,0,0,0,0,0,0,0,0,0,0,0,0,0,0,0,0,0,0,0,0,0,0,0,0,0
STAT,(NULL),Iterations,88,2047,11,25,21,15,11,19,32,17,12,20,9,16,14,17,24,28,19,10,10,31,27,26,16,23,17,14,15,24,30,16,16,33,33,28,32,33,16,30,20,22,35,17,25,24,26,22,33,28,20,31,25,28,34,23,14,30,32,34,38,52,40,60,12,19,40,18,15,19,24,20,27,20,17,16,19,23,20,25,20,38,14,26,24,21,16,16,9,26
STAT,(NULL),MeminfoPost,88,756542,8593,8623,8600,8583,8622,8678,8591,8582,8616,8616,8610,8574,8605,8598,8587,8593,8624,8606,8587,8611,8685,8582,8586,8610,8625,8592,8584,8616,8579,8592,8603,8639,8589,8609,8598,8581,8593,8566,8613,8587,8587,8567,8576,8635,8595,8580,8602,8554,8599,8621,8599,8580,8591,8575,8560,8593,8565,8636,8645,8581,8597,8555,8606,8610,8583,8587,8570,8566,8582,8637,8649,8583,8569,8611,8647,8639,8576,8592,8589,8555,8560,8605,8578,8570,8572,8595,8602,8588
STAT,(NULL),MeminfoPre,88,189118,2145,2175,2152,2135,2174,2230,2143,2134,2168,2168,2162,2126,2157,2150,2139,2145,2176,2158,2139,2163,2237,2134,2138,2162,2177,2144,2136,2168,2131,2144,2155,2191,2141,2161,2150,2133,2145,2118,2165,2139,2139,2119,2128,2187,2147,2132,2154,2106,2151,2173,2151,2132,2143,2127,2112,2145,2117,2188,2197,2133,2149,2107,2158,2162,2135,2139,2122,2118,2134,2189,2201,2135,2121,2163,2199,2191,2128,2144,2141,2107,2112,2157,2130,2122,2124,2147,2154,2140
STAT,(NULL),Partition,88,854,854,0,0,0,0,0,0,0,0,0,0,0,0,0,0,0,0,0,0,0,0,0,0,0,0,0,0,0,0,0,0,0,0,0,0,0,0,0,0,0,0,0,0,0,0,0,0,0,0,0,0,0,0,0,0,0,0,0,0,0,0,0,0,0,0,0,0,0,0,0,0,0,0,0,0,0,0,0,0,0,0,0,0,0,0,0,0,0
STAT,(NULL),Refine,88,1045,1045,0,0,0,0,0,0,0,0,0,0,0,0,0,0,0,0,0,0,0,0,0,0,0,0,0,0,0,0,0,0,0,0,0,0,0,0,0,0,0,0,0,0,0,0,0,0,0,0,0,0,0,0,0,0,0,0,0,0,0,0,0,0,0,0,0,0,0,0,0,0,0,0,0,0,0,0,0,0,0,0,0,0,0,0,0,0,0
STAT,(NULL),Threads,88,88,88,0,0,0,0,0,0,0,0,0,0,0,0,0,0,0,0,0,0,0,0,0,0,0,0,0,0,0,0,0,0,0,0,0,0,0,0,0,0,0,0,0,0,0,0,0,0,0,0,0,0,0,0,0,0,0,0,0,0,0,0,0,0,0,0,0,0,0,0,0,0,0,0,0,0,0,0,0,0,0,0,0,0,0,0,0,0,0
STAT,(NULL),Time,88,4244,4244,0,0,0,0,0,0,0,0,0,0,0,0,0,0,0,0,0,0,0,0,0,0,0,0,0,0,0,0,0,0,0,0,0,0,0,0,0,0,0,0,0,0,0,0,0,0,0,0,0,0,0,0,0,0,0,0,0,0,0,0,0,0,0,0,0,0,0,0,0,0,0,0,0,0,0,0,0,0,0,0,0,0,0,0,0,0,0
STAT,match,Conflicts,88,5255,145,99,100,95,94,78,87,75,75,86,61,83,72,88,79,68,81,70,80,66,69,101,76,79,73,123,52,63,47,45,46,37,35,42,44,44,46,53,43,44,63,54,44,39,41,45,48,58,45,49,39,57,43,40,46,46,54,48,44,45,41,62,33,49,41,44,42,40,54,46,50,39,47,48,55,89,65,56,55,59,44,50,73,49,65,53,78,36
STAT,match,Iterations,88,14956026,130474,126909,140948,144544,133948,141316,146131,160753,153387,150742,158387,152161,149086,142865,155226,158079,149312,174333,161859,167596,148939,159818,158969,167911,150158,148513,167304,183066,192257,179295,166833,175871,189865,197777,180620,184819,185734,180901,180361,176027,178571,182621,181581,164282,179823,193613,177551,202342,172495,164180,169243,175906,170541,187558,182189,194393,192788,168445,171171,184367,173588,165076,168316,165605,198173,168993,168531,186637,173402,172179,162994,175077,173013,180261,164786,164780,184237,166418,158683,187285,181202,160813,184929,192591,180088,186328,174573,170714
STAT,popedge,Conflicts,88,0,0,0,0,0,0,0,0,0,0,0,0,0,0,0,0,0,0,0,0,0,0,0,0,0,0,0,0,0,0,0,0,0,0,0,0,0,0,0,0,0,0,0,0,0,0,0,0,0,0,0,0,0,0,0,0,0,0,0,0,0,0,0,0,0,0,0,0,0,0,0,0,0,0,0,0,0,0,0,0,0,0,0,0,0,0,0,0,0
STAT,popedge,Iterations,88,7332341,81480,72261,77091,78792,80581,77240,79500,78049,76772,76373,76298,80351,79169,83942,82571,80133,79406,80295,84211,78559,79527,83708,79561,78746,77768,86030,81522,92282,87626,87549,81539,85212,80243,83379,82639,86936,88588,89530,87719,86959,88286,88127,87551,83070,91225,93807,95276,96042,91552,91433,89881,95488,94185,90689,93691,88125,91880,90130,87444,90675,90028,76914,69538,75962,74256,79328,75169,74757,77808,73941,74822,76443,77128,78268,82983,85111,82170,83985,81565,82795,85037,82700,86378,79364,84582,82224,85373,85018
STAT,refine,Conflicts,88,3693,89,87,82,70,74,72,59,70,65,52,65,53,67,57,53,54,45,51,35,39,62,46,52,44,41,63,50,43,46,50,49,49,38,36,40,44,47,36,48,30,41,37,34,39,37,28,35,28,35,39,23,33,39,40,32,45,37,39,38,35,39,26,32,29,25,30,29,24,34,29,34,27,26,32,36,32,27,20,28,25,33,33,30,26,32,28,37,23
STAT,refine,Iterations,88,425689,3232,4176,3598,3649,4209,5311,4313,4081,4355,5415,4862,4506,5107,4376,4114,3959,4869,4177,4483,4293,5806,4647,3680,5189,4999,4924,3935,6378,4328,5412,4902,6742,5140,6700,5157,5450,5357,4330,6543,5015,4904,4426,5499,5724,4868,4688,5029,3755,4596,5148,4385,4827,4525,4662,4706,5865,5500,6362,6531,5093,4625,3822,4544,4228,3942,4300,4745,4652,4786,4861,5575,4364,4542,5981,5523,4835,4327,4800,4132,4445,4299,5916,4848,4338,4996,5295,5558,4598
