Hello from MIC
Galois Benchmark Suite v2.2.0 (r0)
Copyright (C) 2013 The University of Texas at Austin
http://iss.ices.utexas.edu/galois/

application: GMetis
Partitions a graph into K parts and minimizing the graph cut
http://iss.ices.utexas.edu/?p=projects/galois/benchmarks/gMetis

INFO: CommandLine /work/02556/dpereira/MIC/apps/gmetis/gmetis -t=122 /work/02556/dpereira/Inputs/USA-road-d.W.gr 128
INFO: Hostname c558-001-mic0.stampede.tacc.utexas.edu
Created Graph with 6262104 nodes and 15248146 edges
Nodes 6262104| Edges 15248146 7624073

  Starting coarsening: 
Time coarsen:  2273 Size of final graph: 3070

  Sarting initial partitioning using GGGP:
Size in decade percentages:  -1,4 -0,117 1,7
Time clustering:  418

  Sarting refinnement with BKL2
Initial dist
Size in decade percentages:  -1,4 -0,117 1,7
Refined dist
Size in decade percentages:  -1,47 0,32 1,49
Time refinement:  1248


Time:  4117
Total edge cut : 8222

Part saved in : 0x7fff3e0f9260
STATTYPE,LOOP,CATEGORY,n,sum,T0,T1,T2,T3,T4,T5,T6,T7,T8,T9,T10,T11,T12,T13,T14,T15,T16,T17,T18,T19,T20,T21,T22,T23,T24,T25,T26,T27,T28,T29,T30,T31,T32,T33,T34,T35,T36,T37,T38,T39,T40,T41,T42,T43,T44,T45,T46,T47,T48,T49,T50,T51,T52,T53,T54,T55,T56,T57,T58,T59,T60,T61,T62,T63,T64,T65,T66,T67,T68,T69,T70,T71,T72,T73,T74,T75,T76,T77,T78,T79,T80,T81,T82,T83,T84,T85,T86,T87,T88,T89,T90,T91,T92,T93,T94,T95,T96,T97,T98,T99,T100,T101,T102,T103,T104,T105,T106,T107,T108,T109,T110,T111,T112,T113,T114,T115,T116,T117,T118,T119,T120,T121
STAT,(NULL),Coarsen,122,2273,2273,0,0,0,0,0,0,0,0,0,0,0,0,0,0,0,0,0,0,0,0,0,0,0,0,0,0,0,0,0,0,0,0,0,0,0,0,0,0,0,0,0,0,0,0,0,0,0,0,0,0,0,0,0,0,0,0,0,0,0,0,0,0,0,0,0,0,0,0,0,0,0,0,0,0,0,0,0,0,0,0,0,0,0,0,0,0,0,0,0,0,0,0,0,0,0,0,0,0,0,0,0,0,0,0,0,0,0,0,0,0,0,0,0,0,0,0,0,0,0,0,0
STAT,(NULL),Conflicts,122,0,0,0,0,0,0,0,0,0,0,0,0,0,0,0,0,0,0,0,0,0,0,0,0,0,0,0,0,0,0,0,0,0,0,0,0,0,0,0,0,0,0,0,0,0,0,0,0,0,0,0,0,0,0,0,0,0,0,0,0,0,0,0,0,0,0,0,0,0,0,0,0,0,0,0,0,0,0,0,0,0,0,0,0,0,0,0,0,0,0,0,0,0,0,0,0,0,0,0,0,0,0,0,0,0,0,0,0,0,0,0,0,0,0,0,0,0,0,0,0,0,0,0
STAT,(NULL),Iterations,122,255,8,0,1,0,0,2,2,1,0,5,0,6,0,3,3,4,0,14,0,1,1,0,3,1,5,3,1,3,2,2,3,4,0,1,5,0,0,3,2,6,0,3,2,0,1,0,4,0,0,6,0,0,0,0,4,4,1,2,5,3,7,9,3,1,0,1,2,0,2,0,1,1,5,2,3,2,4,2,3,2,4,0,1,0,6,4,3,4,3,0,2,0,0,2,2,3,6,4,4,2,1,0,4,3,1,2,1,0,1,3,0,2,1,0,0,3,2,0,0,1,0,0
STAT,(NULL),MeminfoPost,122,756550,6209,6208,6215,6200,6195,6205,6216,6264,6224,6189,6186,6213,6213,6203,6224,6187,6193,6211,6204,6186,6201,6203,6213,6214,6211,6176,6214,6236,6266,6192,6197,6197,6207,6229,6206,6193,6188,6209,6218,6179,6194,6207,6199,6224,6216,6205,6212,6196,6195,6191,6204,6173,6194,6214,6204,6188,6191,6172,6195,6187,6241,6210,6183,6198,6204,6169,6185,6204,6216,6221,6193,6184,6198,6190,6180,6178,6181,6204,6176,6214,6248,6227,6188,6202,6186,6170,6203,6219,6204,6188,6197,6193,6173,6182,6196,6184,6237,6243,6212,6185,6183,6193,6236,6233,6234,6201,6191,6195,6192,6186,6176,6189,6210,6169,6187,6169,6200,6185,6199,6200,6203,6198
STAT,(NULL),MeminfoPre,122,189128,1558,1557,1564,1549,1544,1554,1565,1613,1573,1538,1535,1562,1562,1552,1573,1536,1542,1560,1553,1535,1550,1552,1562,1563,1560,1525,1563,1585,1615,1541,1546,1546,1556,1578,1555,1542,1537,1558,1567,1528,1543,1556,1548,1573,1565,1554,1561,1545,1544,1540,1553,1522,1543,1563,1553,1537,1540,1521,1544,1536,1590,1559,1532,1547,1553,1518,1534,1553,1565,1570,1542,1533,1547,1539,1529,1527,1530,1553,1525,1563,1597,1576,1537,1551,1535,1519,1552,1568,1553,1537,1546,1542,1522,1531,1545,1533,1586,1592,1561,1534,1532,1542,1585,1582,1583,1550,1540,1544,1541,1535,1525,1538,1559,1518,1536,1518,1549,1534,1548,1549,1552,1547
STAT,(NULL),Partition,122,418,418,0,0,0,0,0,0,0,0,0,0,0,0,0,0,0,0,0,0,0,0,0,0,0,0,0,0,0,0,0,0,0,0,0,0,0,0,0,0,0,0,0,0,0,0,0,0,0,0,0,0,0,0,0,0,0,0,0,0,0,0,0,0,0,0,0,0,0,0,0,0,0,0,0,0,0,0,0,0,0,0,0,0,0,0,0,0,0,0,0,0,0,0,0,0,0,0,0,0,0,0,0,0,0,0,0,0,0,0,0,0,0,0,0,0,0,0,0,0,0,0,0
STAT,(NULL),Refine,122,1248,1248,0,0,0,0,0,0,0,0,0,0,0,0,0,0,0,0,0,0,0,0,0,0,0,0,0,0,0,0,0,0,0,0,0,0,0,0,0,0,0,0,0,0,0,0,0,0,0,0,0,0,0,0,0,0,0,0,0,0,0,0,0,0,0,0,0,0,0,0,0,0,0,0,0,0,0,0,0,0,0,0,0,0,0,0,0,0,0,0,0,0,0,0,0,0,0,0,0,0,0,0,0,0,0,0,0,0,0,0,0,0,0,0,0,0,0,0,0,0,0,0,0
STAT,(NULL),Threads,122,122,122,0,0,0,0,0,0,0,0,0,0,0,0,0,0,0,0,0,0,0,0,0,0,0,0,0,0,0,0,0,0,0,0,0,0,0,0,0,0,0,0,0,0,0,0,0,0,0,0,0,0,0,0,0,0,0,0,0,0,0,0,0,0,0,0,0,0,0,0,0,0,0,0,0,0,0,0,0,0,0,0,0,0,0,0,0,0,0,0,0,0,0,0,0,0,0,0,0,0,0,0,0,0,0,0,0,0,0,0,0,0,0,0,0,0,0,0,0,0,0,0,0
STAT,(NULL),Time,122,4117,4117,0,0,0,0,0,0,0,0,0,0,0,0,0,0,0,0,0,0,0,0,0,0,0,0,0,0,0,0,0,0,0,0,0,0,0,0,0,0,0,0,0,0,0,0,0,0,0,0,0,0,0,0,0,0,0,0,0,0,0,0,0,0,0,0,0,0,0,0,0,0,0,0,0,0,0,0,0,0,0,0,0,0,0,0,0,0,0,0,0,0,0,0,0,0,0,0,0,0,0,0,0,0,0,0,0,0,0,0,0,0,0,0,0,0,0,0,0,0,0,0,0
STAT,match,Conflicts,122,6303,87,80,75,69,76,77,60,65,72,78,69,71,63,53,90,63,71,69,68,73,69,66,56,65,58,58,59,62,58,64,70,56,45,51,59,45,49,62,52,62,52,54,36,44,52,52,57,42,54,62,70,52,56,51,47,57,54,49,60,65,39,40,42,39,41,50,46,39,51,53,50,42,50,53,41,47,51,47,47,62,42,40,48,40,43,42,38,49,33,28,39,49,48,41,43,50,33,41,49,36,40,44,38,35,46,36,38,38,44,32,37,47,44,42,47,36,41,38,34,47,44,32
STAT,match,Iterations,122,14965227,115169,105870,120729,108796,109200,112604,99495,126607,103089,101329,126148,128908,121204,123472,95936,118300,127720,109479,115107,93241,102493,119161,127557,116484,104224,116698,120885,113346,109276,116785,130109,98202,128320,117178,108761,118068,112221,109479,107690,113040,105020,108655,128471,116084,117262,120691,108538,119076,97643,113193,109044,130083,103591,119214,122160,114402,116826,122216,113869,115621,125991,144929,129743,142861,135417,124018,145465,135348,121100,96456,147318,124445,136582,129838,138045,147324,116050,136515,138811,129129,120592,128350,131000,130290,136006,127488,133790,123680,144189,138919,133134,126413,130517,125128,125181,119196,125023,107569,125242,142586,115148,130745,139325,126089,115891,140764,146823,121424,119766,149530,144121,137579,132304,136588,129583,133006,117757,130555,126812,132105,135988,129607
STAT,popedge,Conflicts,122,0,0,0,0,0,0,0,0,0,0,0,0,0,0,0,0,0,0,0,0,0,0,0,0,0,0,0,0,0,0,0,0,0,0,0,0,0,0,0,0,0,0,0,0,0,0,0,0,0,0,0,0,0,0,0,0,0,0,0,0,0,0,0,0,0,0,0,0,0,0,0,0,0,0,0,0,0,0,0,0,0,0,0,0,0,0,0,0,0,0,0,0,0,0,0,0,0,0,0,0,0,0,0,0,0,0,0,0,0,0,0,0,0,0,0,0,0,0,0,0,0,0,0
STAT,popedge,Iterations,122,7328015,60260,58812,61198,60115,63495,61950,53095,58980,57915,62221,59247,60437,59774,56499,63116,61695,59877,62047,62163,61058,59155,59947,59931,59462,60744,60085,59412,58622,58141,59455,59017,61804,57613,56757,60181,56904,57634,58426,60203,59237,60473,56952,59116,57227,58432,56746,56629,59111,60686,61145,61217,60561,62346,61715,56776,58545,62145,58363,61578,62709,57183,58147,62980,61446,61617,61235,61490,54671,59191,59461,59889,59559,60494,60761,57635,59438,62168,58673,61440,60706,60366,60230,60171,57697,60850,62962,60433,58856,59518,58762,58928,60249,58963,58971,60605,62343,59660,57623,59771,55256,60432,58656,59846,62427,63746,59819,60418,60627,63378,62581,61714,62528,60427,63034,60101,59867,63478,62008,65726,60040,64867,62741
STAT,refine,Conflicts,122,5075,115,108,99,108,98,102,92,96,71,76,78,85,76,83,79,72,58,67,59,65,52,66,66,59,57,58,68,54,61,60,55,51,42,33,57,36,31,37,55,54,46,34,40,39,40,40,44,39,36,37,35,36,46,35,32,41,45,34,43,39,50,18,30,31,26,28,28,29,39,19,24,31,30,21,21,31,32,18,21,20,27,17,25,23,20,36,21,30,20,20,31,27,21,25,23,25,28,22,28,22,25,36,22,31,23,23,21,17,28,14,23,16,17,33,29,14,22,22,24,26,22,29
STAT,refine,Iterations,122,135853,1067,1000,1350,1053,934,1425,1159,2370,1499,1214,1129,1317,1307,891,1145,1033,1361,1125,1190,1083,860,1070,1143,1054,812,905,1256,1759,1500,1083,1006,996,1242,1050,1029,805,830,1189,1045,906,943,1040,1150,1316,1070,1052,1046,1031,975,920,1001,783,833,916,944,925,1099,1111,1342,1113,1253,1197,1120,1436,1180,943,1323,1220,1903,1142,1251,918,1103,1063,988,1278,1162,1301,1250,1052,1359,1137,1017,1274,1091,904,884,1237,1605,1037,1084,979,1024,1265,1185,914,1121,1167,1171,989,818,1114,1284,1283,1065,1008,1139,824,1047,787,1024,863,973,922,798,1061,891,1156,1264,1029,1060,1114
