Hello from MIC
Galois Benchmark Suite v2.2.0 (r0)
Copyright (C) 2013 The University of Texas at Austin
http://iss.ices.utexas.edu/galois/

application: GMetis
Partitions a graph into K parts and minimizing the graph cut
http://iss.ices.utexas.edu/?p=projects/galois/benchmarks/gMetis

INFO: CommandLine /work/02556/dpereira/MIC/apps/gmetis/gmetis -t=90 /work/02556/dpereira/Inputs/USA-road-d.W.gr 16
INFO: Hostname c557-903-mic0.stampede.tacc.utexas.edu
Created Graph with 6262104 nodes and 15248146 edges
Nodes 6262104| Edges 15248146 7624073

  Starting coarsening: 
Time coarsen:  2525 Size of final graph: 430

  Sarting initial partitioning using GGGP:
Size in decade percentages:  -0,15 1,1
Time clustering:  360

  Sarting refinnement with BKL2
Initial dist
Size in decade percentages:  -0,15 1,1
Refined dist
Size in decade percentages:  -1,5 -0,6 1,5
Time refinement:  1254


Time:  4315
Total edge cut : 1930

Part saved in : 0x7fff8063e960
STATTYPE,LOOP,CATEGORY,n,sum,T0,T1,T2,T3,T4,T5,T6,T7,T8,T9,T10,T11,T12,T13,T14,T15,T16,T17,T18,T19,T20,T21,T22,T23,T24,T25,T26,T27,T28,T29,T30,T31,T32,T33,T34,T35,T36,T37,T38,T39,T40,T41,T42,T43,T44,T45,T46,T47,T48,T49,T50,T51,T52,T53,T54,T55,T56,T57,T58,T59,T60,T61,T62,T63,T64,T65,T66,T67,T68,T69,T70,T71,T72,T73,T74,T75,T76,T77,T78,T79,T80,T81,T82,T83,T84,T85,T86,T87,T88,T89
STAT,(NULL),Coarsen,90,2525,2525,0,0,0,0,0,0,0,0,0,0,0,0,0,0,0,0,0,0,0,0,0,0,0,0,0,0,0,0,0,0,0,0,0,0,0,0,0,0,0,0,0,0,0,0,0,0,0,0,0,0,0,0,0,0,0,0,0,0,0,0,0,0,0,0,0,0,0,0,0,0,0,0,0,0,0,0,0,0,0,0,0,0,0,0,0,0,0,0,0
STAT,(NULL),Conflicts,90,0,0,0,0,0,0,0,0,0,0,0,0,0,0,0,0,0,0,0,0,0,0,0,0,0,0,0,0,0,0,0,0,0,0,0,0,0,0,0,0,0,0,0,0,0,0,0,0,0,0,0,0,0,0,0,0,0,0,0,0,0,0,0,0,0,0,0,0,0,0,0,0,0,0,0,0,0,0,0,0,0,0,0,0,0,0,0,0,0,0,0
STAT,(NULL),Iterations,90,31,5,0,0,0,0,0,0,0,0,0,0,0,0,0,0,0,0,0,0,1,0,4,0,2,0,0,0,0,0,0,0,0,0,0,1,0,0,2,2,0,0,0,0,1,0,1,0,0,1,0,0,0,0,3,0,0,0,0,0,0,3,3,0,0,0,0,1,0,0,0,0,0,0,0,0,0,0,0,0,0,0,0,0,0,0,0,0,0,0,1
STAT,(NULL),MeminfoPost,90,756235,8397,8428,8411,8392,8421,8476,8407,8392,8406,8437,8407,8389,8401,8407,8386,8392,8430,8411,8394,8415,8472,8419,8397,8402,8432,8406,8387,8408,8404,8387,8408,8400,8441,8404,8408,8402,8385,8397,8378,8420,8388,8393,8374,8382,8442,8401,8385,8412,8356,8402,8424,8409,8385,8395,8392,8365,8372,8399,8403,8457,8412,8403,8370,8390,8418,8408,8385,8388,8370,8389,8390,8452,8437,8384,8380,8435,8443,8430,8392,8393,8388,8372,8390,8379,8371,8395,8371,8403,8408,8397
STAT,(NULL),MeminfoPre,90,189055,2095,2126,2109,2090,2119,2174,2105,2090,2104,2135,2105,2087,2099,2105,2084,2090,2128,2109,2092,2113,2170,2117,2095,2100,2130,2104,2085,2106,2102,2085,2106,2098,2139,2102,2106,2100,2083,2095,2076,2118,2086,2091,2072,2080,2140,2099,2083,2110,2054,2100,2122,2107,2083,2093,2090,2063,2070,2097,2101,2155,2110,2101,2068,2088,2116,2106,2083,2086,2068,2087,2088,2150,2135,2082,2078,2133,2141,2128,2090,2091,2086,2070,2088,2077,2069,2093,2069,2101,2106,2095
STAT,(NULL),Partition,90,360,360,0,0,0,0,0,0,0,0,0,0,0,0,0,0,0,0,0,0,0,0,0,0,0,0,0,0,0,0,0,0,0,0,0,0,0,0,0,0,0,0,0,0,0,0,0,0,0,0,0,0,0,0,0,0,0,0,0,0,0,0,0,0,0,0,0,0,0,0,0,0,0,0,0,0,0,0,0,0,0,0,0,0,0,0,0,0,0,0,0
STAT,(NULL),Refine,90,1254,1254,0,0,0,0,0,0,0,0,0,0,0,0,0,0,0,0,0,0,0,0,0,0,0,0,0,0,0,0,0,0,0,0,0,0,0,0,0,0,0,0,0,0,0,0,0,0,0,0,0,0,0,0,0,0,0,0,0,0,0,0,0,0,0,0,0,0,0,0,0,0,0,0,0,0,0,0,0,0,0,0,0,0,0,0,0,0,0,0,0
STAT,(NULL),Threads,90,90,90,0,0,0,0,0,0,0,0,0,0,0,0,0,0,0,0,0,0,0,0,0,0,0,0,0,0,0,0,0,0,0,0,0,0,0,0,0,0,0,0,0,0,0,0,0,0,0,0,0,0,0,0,0,0,0,0,0,0,0,0,0,0,0,0,0,0,0,0,0,0,0,0,0,0,0,0,0,0,0,0,0,0,0,0,0,0,0,0,0
STAT,(NULL),Time,90,4315,4315,0,0,0,0,0,0,0,0,0,0,0,0,0,0,0,0,0,0,0,0,0,0,0,0,0,0,0,0,0,0,0,0,0,0,0,0,0,0,0,0,0,0,0,0,0,0,0,0,0,0,0,0,0,0,0,0,0,0,0,0,0,0,0,0,0,0,0,0,0,0,0,0,0,0,0,0,0,0,0,0,0,0,0,0,0,0,0,0,0
STAT,match,Conflicts,90,5792,100,97,100,95,98,107,91,93,82,84,104,73,90,92,81,86,72,100,75,76,90,102,72,94,92,102,108,92,96,45,45,42,38,49,48,38,44,56,39,43,41,39,40,46,46,44,44,44,48,58,53,52,53,40,53,49,64,52,62,56,40,40,59,41,44,56,65,56,49,59,56,55,40,45,53,56,68,44,59,51,69,59,73,52,53,60,73,80,69,53
STAT,match,Iterations,90,15012495,128955,141585,136191,159951,142695,136070,152217,154505,150612,146997,126675,156815,141295,153115,157290,136210,149591,142625,146438,159799,153931,160141,153924,140280,142139,154789,156987,151958,150055,197888,185095,182658,168325,180255,190000,188310,192894,179426,186531,171279,179381,184323,199399,171982,171825,183736,181238,178768,202999,166872,198531,175416,185910,179819,177712,186262,170579,168385,168872,166185,185796,161643,171848,161141,178428,151211,160269,170228,172015,164803,163694,165303,167886,174029,172509,174254,159234,158238,173814,160645,172779,177015,169953,186576,164758,177774,172048,178042,175010,186862
STAT,popedge,Conflicts,90,0,0,0,0,0,0,0,0,0,0,0,0,0,0,0,0,0,0,0,0,0,0,0,0,0,0,0,0,0,0,0,0,0,0,0,0,0,0,0,0,0,0,0,0,0,0,0,0,0,0,0,0,0,0,0,0,0,0,0,0,0,0,0,0,0,0,0,0,0,0,0,0,0,0,0,0,0,0,0,0,0,0,0,0,0,0,0,0,0,0,0
STAT,popedge,Iterations,90,7361706,79539,77724,77167,77424,76898,77672,75175,78428,75568,72802,81401,76027,79666,76691,79983,83242,78191,83344,79976,77565,78584,80793,81238,82607,79148,79389,82554,79386,80980,91437,81930,80110,86657,83664,81609,81309,86739,88204,88149,80716,84578,90141,82212,89461,86199,87805,95001,91117,91373,91611,87337,89045,88410,89828,88875,89558,93285,90071,92464,86114,83025,74582,75004,78005,75056,75350,73993,74947,76308,74242,75667,74933,74952,75560,75240,80097,83962,82238,79525,84899,80378,80041,83016,80702,81827,77772,83734,82318,81088,79074
STAT,refine,Conflicts,90,4234,139,143,137,132,110,112,123,89,80,86,91,85,83,80,73,58,50,53,64,48,60,67,76,43,71,65,49,74,53,42,50,34,49,29,30,37,22,31,27,39,31,38,46,32,48,27,27,22,30,44,46,41,44,22,54,34,41,34,26,27,37,18,24,28,18,28,26,26,26,31,30,25,19,27,27,23,21,18,11,26,24,26,18,34,29,23,22,22,29,20
STAT,refine,Iterations,90,39341,516,582,647,588,544,470,527,493,350,502,507,384,451,378,347,324,419,549,413,403,524,369,436,306,501,395,405,577,431,386,430,582,537,499,526,375,315,408,484,699,434,709,434,440,594,369,448,416,418,321,632,745,429,352,619,375,552,468,521,361,373,254,293,329,393,495,291,371,454,339,372,401,256,344,346,376,317,352,401,357,281,471,238,359,318,354,329,562,595,504
