Hello from MIC
Galois Benchmark Suite v2.2.0 (r0)
Copyright (C) 2013 The University of Texas at Austin
http://iss.ices.utexas.edu/galois/

application: GMetis
Partitions a graph into K parts and minimizing the graph cut
http://iss.ices.utexas.edu/?p=projects/galois/benchmarks/gMetis

INFO: CommandLine /work/02556/dpereira/MIC/apps/gmetis/gmetis -t=95 /work/02556/dpereira/Inputs/USA-road-d.W.gr 128
INFO: Hostname c557-903-mic0.stampede.tacc.utexas.edu
Created Graph with 6262104 nodes and 15248146 edges
Nodes 6262104| Edges 15248146 7624073

  Starting coarsening: 
Time coarsen:  2236 Size of final graph: 3062

  Sarting initial partitioning using GGGP:
Size in decade percentages:  -1,9 -0,114 1,5
Time clustering:  413

  Sarting refinnement with BKL2
Initial dist
Size in decade percentages:  -1,9 -0,114 1,5
Refined dist
Size in decade percentages:  -1,48 -0,31 1,49
Time refinement:  1004


Time:  3829
Total edge cut : 8257

Part saved in : 0x7fff12350460
STATTYPE,LOOP,CATEGORY,n,sum,T0,T1,T2,T3,T4,T5,T6,T7,T8,T9,T10,T11,T12,T13,T14,T15,T16,T17,T18,T19,T20,T21,T22,T23,T24,T25,T26,T27,T28,T29,T30,T31,T32,T33,T34,T35,T36,T37,T38,T39,T40,T41,T42,T43,T44,T45,T46,T47,T48,T49,T50,T51,T52,T53,T54,T55,T56,T57,T58,T59,T60,T61,T62,T63,T64,T65,T66,T67,T68,T69,T70,T71,T72,T73,T74,T75,T76,T77,T78,T79,T80,T81,T82,T83,T84,T85,T86,T87,T88,T89,T90,T91,T92,T93,T94
STAT,(NULL),Coarsen,95,2236,2236,0,0,0,0,0,0,0,0,0,0,0,0,0,0,0,0,0,0,0,0,0,0,0,0,0,0,0,0,0,0,0,0,0,0,0,0,0,0,0,0,0,0,0,0,0,0,0,0,0,0,0,0,0,0,0,0,0,0,0,0,0,0,0,0,0,0,0,0,0,0,0,0,0,0,0,0,0,0,0,0,0,0,0,0,0,0,0,0,0,0,0,0,0,0
STAT,(NULL),Conflicts,95,0,0,0,0,0,0,0,0,0,0,0,0,0,0,0,0,0,0,0,0,0,0,0,0,0,0,0,0,0,0,0,0,0,0,0,0,0,0,0,0,0,0,0,0,0,0,0,0,0,0,0,0,0,0,0,0,0,0,0,0,0,0,0,0,0,0,0,0,0,0,0,0,0,0,0,0,0,0,0,0,0,0,0,0,0,0,0,0,0,0,0,0,0,0,0,0
STAT,(NULL),Iterations,95,255,10,2,1,4,9,0,3,2,0,0,1,3,0,0,2,0,2,1,0,4,0,0,0,0,5,0,2,5,1,4,1,6,3,0,0,2,0,10,6,7,2,1,5,2,3,2,5,4,3,5,6,11,4,3,4,6,7,4,2,9,1,6,0,1,4,3,4,0,1,4,0,1,0,4,1,4,0,3,0,0,4,4,0,0,0,2,2,3,0,0,1,12,3,2,1
STAT,(NULL),MeminfoPost,95,756565,7957,7988,7979,7956,7959,8008,8025,7948,7958,7974,7984,7973,7946,7971,7965,7945,7959,7987,7972,7959,7967,8018,8011,7944,7968,7973,7986,7962,7948,7980,7957,7949,7973,7967,7993,7970,7963,7965,7949,7960,7934,7977,7958,7953,7937,7951,7963,8000,7948,7968,7945,7924,7972,7986,7968,7948,7954,7952,7930,7935,7962,7950,8015,7994,7943,7964,7926,7976,7981,7946,7955,7943,7940,7949,7953,8014,7996,7952,7936,7985,8008,8006,7943,7961,7956,7935,7935,7975,7919,7935,7958,7943,7966,7968,7958
STAT,(NULL),MeminfoPre,95,189130,1984,2015,2006,1983,1986,2035,2052,1975,1985,2001,2011,2000,1973,1998,1992,1972,1986,2014,1999,1986,1994,2045,2038,1971,1995,2000,2013,1989,1975,2007,1984,1976,2000,1994,2020,1997,1990,1992,1976,1987,1961,2004,1985,1980,1964,1978,1990,2027,1975,1995,1972,1951,1999,2013,1995,1975,1981,1979,1957,1962,1989,1977,2042,2021,1970,1991,1953,2003,2008,1973,1982,1970,1967,1976,1980,2041,2023,1979,1963,2012,2035,2033,1970,1988,1983,1962,1962,2002,1946,1962,1985,1970,1993,1995,1985
STAT,(NULL),Partition,95,413,413,0,0,0,0,0,0,0,0,0,0,0,0,0,0,0,0,0,0,0,0,0,0,0,0,0,0,0,0,0,0,0,0,0,0,0,0,0,0,0,0,0,0,0,0,0,0,0,0,0,0,0,0,0,0,0,0,0,0,0,0,0,0,0,0,0,0,0,0,0,0,0,0,0,0,0,0,0,0,0,0,0,0,0,0,0,0,0,0,0,0,0,0,0,0
STAT,(NULL),Refine,95,1004,1004,0,0,0,0,0,0,0,0,0,0,0,0,0,0,0,0,0,0,0,0,0,0,0,0,0,0,0,0,0,0,0,0,0,0,0,0,0,0,0,0,0,0,0,0,0,0,0,0,0,0,0,0,0,0,0,0,0,0,0,0,0,0,0,0,0,0,0,0,0,0,0,0,0,0,0,0,0,0,0,0,0,0,0,0,0,0,0,0,0,0,0,0,0,0
STAT,(NULL),Threads,95,95,95,0,0,0,0,0,0,0,0,0,0,0,0,0,0,0,0,0,0,0,0,0,0,0,0,0,0,0,0,0,0,0,0,0,0,0,0,0,0,0,0,0,0,0,0,0,0,0,0,0,0,0,0,0,0,0,0,0,0,0,0,0,0,0,0,0,0,0,0,0,0,0,0,0,0,0,0,0,0,0,0,0,0,0,0,0,0,0,0,0,0,0,0,0,0
STAT,(NULL),Time,95,3829,3829,0,0,0,0,0,0,0,0,0,0,0,0,0,0,0,0,0,0,0,0,0,0,0,0,0,0,0,0,0,0,0,0,0,0,0,0,0,0,0,0,0,0,0,0,0,0,0,0,0,0,0,0,0,0,0,0,0,0,0,0,0,0,0,0,0,0,0,0,0,0,0,0,0,0,0,0,0,0,0,0,0,0,0,0,0,0,0,0,0,0,0,0,0,0
STAT,match,Conflicts,95,5972,142,99,84,104,82,89,115,83,87,81,90,80,87,82,68,74,67,85,77,84,82,82,82,89,84,117,82,105,86,71,95,52,77,64,43,50,44,56,39,45,46,42,43,52,44,49,49,47,45,52,55,67,48,49,56,56,44,35,43,51,47,71,44,35,55,56,50,61,45,49,42,35,51,43,67,38,39,44,62,38,43,54,54,63,63,50,76,49,54,52,49,68,50,48,49
STAT,match,Iterations,95,14983154,116440,128789,140244,141379,149821,124668,131838,134835,137198,130260,138290,152172,137386,140370,136652,137571,143965,123592,137164,147292,137672,142012,140568,154476,145091,144267,145783,145179,148724,148841,141049,145076,136914,139729,177306,158975,165209,168323,177391,172770,168997,189903,165551,179026,188766,172680,168494,160166,182364,178171,174769,179171,156793,183212,174165,165759,187451,177847,182806,173998,171589,154044,132257,169378,169233,151671,157718,159529,164823,163459,167169,169214,171224,167974,158438,154983,154036,161946,150710,164675,159156,171488,170232,157024,172719,159808,154923,176287,176410,166856,168418,184003,166204,156544,153642
STAT,popedge,Conflicts,95,0,0,0,0,0,0,0,0,0,0,0,0,0,0,0,0,0,0,0,0,0,0,0,0,0,0,0,0,0,0,0,0,0,0,0,0,0,0,0,0,0,0,0,0,0,0,0,0,0,0,0,0,0,0,0,0,0,0,0,0,0,0,0,0,0,0,0,0,0,0,0,0,0,0,0,0,0,0,0,0,0,0,0,0,0,0,0,0,0,0,0,0,0,0,0,0
STAT,popedge,Iterations,95,7342494,74395,74232,75732,74073,73962,74146,73969,74800,73267,71820,71180,74191,75410,74334,74818,74978,73771,72703,75147,75260,77049,74455,72844,77217,77294,78203,74813,78678,77194,75114,80062,77466,70271,70209,80053,78067,78789,78764,81031,83539,85355,79970,80286,81551,81112,83622,82896,80839,84424,85741,80619,90050,88063,87188,84791,88177,87602,87001,85241,88161,82344,74188,72065,72656,71378,74647,75322,69914,71523,73920,69367,72991,72527,73006,71990,73415,71080,68657,73067,75246,78018,77247,74087,77165,75710,81153,81725,72920,79369,78072,76896,77348,80212,77922,79358
STAT,refine,Conflicts,95,4361,127,120,116,115,105,98,112,87,82,82,82,76,88,74,77,70,61,60,56,57,48,62,56,55,67,64,62,49,50,62,51,45,45,45,38,37,38,33,48,43,25,38,32,35,45,40,51,34,35,37,37,38,26,35,30,35,31,34,33,39,32,26,20,25,23,26,26,20,22,33,27,28,20,22,22,28,20,27,25,26,27,26,24,28,23,36,29,32,24,25,29,31,25,25,26
STAT,refine,Iterations,95,136136,1402,1687,1439,1194,1551,1590,1590,1108,1445,1152,1466,1485,1145,1321,1099,1006,1096,1260,1178,1442,1160,1414,1510,1094,1204,1554,1388,1149,1059,1540,1025,1090,1451,954,1840,1764,1181,1379,1835,1869,1322,1991,1544,1576,1723,1909,2127,2019,1153,2079,1350,1519,1936,2001,1632,1664,2024,1460,1624,2054,1509,1591,1687,1514,1201,1312,1325,1492,1303,1509,1324,1382,1474,1250,1134,1298,1238,1295,1204,1289,1663,1643,1020,1498,1117,1186,1398,1477,1033,996,1599,1266,1313,1526,1247
