Hello from MIC
Galois Benchmark Suite v2.2.0 (r0)
Copyright (C) 2013 The University of Texas at Austin
http://iss.ices.utexas.edu/galois/

application: GMetis
Partitions a graph into K parts and minimizing the graph cut
http://iss.ices.utexas.edu/?p=projects/galois/benchmarks/gMetis

INFO: CommandLine /work/02556/dpereira/MIC/apps/gmetis/gmetis -t=175 /work/02556/dpereira/Inputs/USA-road-d.W.gr 16
INFO: Hostname c558-002-mic0.stampede.tacc.utexas.edu
Created Graph with 6262104 nodes and 15248146 edges
Nodes 6262104| Edges 15248146 7624073

  Starting coarsening: 
Time coarsen:  3429 Size of final graph: 437

  Sarting initial partitioning using GGGP:
Size in decade percentages:  -0,16
Time clustering:  374

  Sarting refinnement with BKL2
Initial dist
Size in decade percentages:  -0,16
Refined dist
Size in decade percentages:  -1,4 -0,6 1,6
Time refinement:  2279


Time:  6261
Total edge cut : 2197

Part saved in : 0x7ffff1079860
STATTYPE,LOOP,CATEGORY,n,sum,T0,T1,T2,T3,T4,T5,T6,T7,T8,T9,T10,T11,T12,T13,T14,T15,T16,T17,T18,T19,T20,T21,T22,T23,T24,T25,T26,T27,T28,T29,T30,T31,T32,T33,T34,T35,T36,T37,T38,T39,T40,T41,T42,T43,T44,T45,T46,T47,T48,T49,T50,T51,T52,T53,T54,T55,T56,T57,T58,T59,T60,T61,T62,T63,T64,T65,T66,T67,T68,T69,T70,T71,T72,T73,T74,T75,T76,T77,T78,T79,T80,T81,T82,T83,T84,T85,T86,T87,T88,T89,T90,T91,T92,T93,T94,T95,T96,T97,T98,T99,T100,T101,T102,T103,T104,T105,T106,T107,T108,T109,T110,T111,T112,T113,T114,T115,T116,T117,T118,T119,T120,T121,T122,T123,T124,T125,T126,T127,T128,T129,T130,T131,T132,T133,T134,T135,T136,T137,T138,T139,T140,T141,T142,T143,T144,T145,T146,T147,T148,T149,T150,T151,T152,T153,T154,T155,T156,T157,T158,T159,T160,T161,T162,T163,T164,T165,T166,T167,T168,T169,T170,T171,T172,T173,T174
STAT,(NULL),Coarsen,175,3429,3429,0,0,0,0,0,0,0,0,0,0,0,0,0,0,0,0,0,0,0,0,0,0,0,0,0,0,0,0,0,0,0,0,0,0,0,0,0,0,0,0,0,0,0,0,0,0,0,0,0,0,0,0,0,0,0,0,0,0,0,0,0,0,0,0,0,0,0,0,0,0,0,0,0,0,0,0,0,0,0,0,0,0,0,0,0,0,0,0,0,0,0,0,0,0,0,0,0,0,0,0,0,0,0,0,0,0,0,0,0,0,0,0,0,0,0,0,0,0,0,0,0,0,0,0,0,0,0,0,0,0,0,0,0,0,0,0,0,0,0,0,0,0,0,0,0,0,0,0,0,0,0,0,0,0,0,0,0,0,0,0,0,0,0,0,0,0,0,0,0,0,0,0,0,0
STAT,(NULL),Conflicts,175,0,0,0,0,0,0,0,0,0,0,0,0,0,0,0,0,0,0,0,0,0,0,0,0,0,0,0,0,0,0,0,0,0,0,0,0,0,0,0,0,0,0,0,0,0,0,0,0,0,0,0,0,0,0,0,0,0,0,0,0,0,0,0,0,0,0,0,0,0,0,0,0,0,0,0,0,0,0,0,0,0,0,0,0,0,0,0,0,0,0,0,0,0,0,0,0,0,0,0,0,0,0,0,0,0,0,0,0,0,0,0,0,0,0,0,0,0,0,0,0,0,0,0,0,0,0,0,0,0,0,0,0,0,0,0,0,0,0,0,0,0,0,0,0,0,0,0,0,0,0,0,0,0,0,0,0,0,0,0,0,0,0,0,0,0,0,0,0,0,0,0,0,0,0,0,0
STAT,(NULL),Iterations,175,31,5,4,0,0,0,0,0,0,0,0,0,0,0,0,0,0,0,0,0,0,0,0,0,0,0,0,0,0,0,0,0,0,0,0,0,0,0,0,0,0,0,0,0,0,0,0,0,1,0,0,0,0,0,1,0,0,0,0,0,2,0,0,0,0,0,0,0,0,1,0,0,0,0,3,0,0,0,0,0,0,0,0,0,0,0,0,0,0,0,0,1,0,0,0,0,2,0,0,0,0,0,0,0,0,0,0,0,0,0,0,3,0,0,0,0,0,0,0,0,0,0,0,0,2,0,0,1,0,0,0,0,0,0,0,0,0,0,0,0,0,0,0,0,0,0,0,0,0,1,0,0,0,0,0,0,0,0,1,0,0,0,0,0,0,0,0,0,3,0,0,0,0,0,0,0
STAT,(NULL),MeminfoPost,175,756921,4329,4318,4339,4338,4332,4319,4327,4314,4333,4341,4354,4378,4332,4311,4318,4315,4330,4336,4339,4329,4339,4328,4312,4319,4325,4343,4319,4315,4315,4327,4317,4343,4331,4335,4325,4331,4310,4333,4335,4339,4390,4346,4308,4324,4317,4329,4324,4342,4336,4332,4333,4309,4318,4321,4336,4339,4312,4314,4321,4334,4326,4326,4339,4348,4317,4333,4334,4322,4327,4323,4320,4314,4331,4312,4303,4325,4332,4338,4318,4322,4315,4314,4306,4311,4326,4315,4353,4349,4323,4310,4317,4336,4323,4306,4302,4314,4328,4332,4335,4339,4323,4326,4307,4331,4311,4319,4321,4307,4302,4318,4307,4331,4310,4319,4346,4358,4349,4331,4313,4315,4335,4309,4301,4323,4327,4337,4338,4321,4312,4326,4316,4319,4310,4301,4313,4329,4309,4327,4353,4348,4353,4330,4313,4318,4307,4323,4335,4361,4342,4346,4348,4316,4313,4336,4308,4326,4324,4309,4294,4317,4305,4350,4305,4302,4326,4292,4327,4315,4316,4319,4328,4325,4331,4312,4329
STAT,(NULL),MeminfoPre,175,189221,1085,1074,1095,1094,1088,1075,1083,1070,1089,1097,1110,1134,1088,1067,1074,1071,1086,1092,1095,1085,1095,1084,1068,1075,1081,1099,1075,1071,1071,1083,1073,1099,1087,1091,1081,1087,1066,1089,1091,1095,1146,1102,1064,1080,1073,1085,1080,1098,1092,1088,1089,1065,1074,1077,1092,1095,1068,1070,1077,1090,1082,1082,1095,1104,1073,1089,1090,1078,1083,1079,1076,1070,1087,1068,1059,1081,1088,1094,1074,1078,1071,1070,1062,1067,1082,1071,1109,1105,1079,1066,1073,1092,1079,1062,1058,1070,1084,1088,1091,1095,1079,1082,1063,1087,1067,1075,1077,1063,1058,1074,1063,1087,1066,1075,1102,1114,1105,1087,1069,1071,1091,1065,1057,1079,1083,1093,1094,1077,1068,1082,1072,1075,1066,1057,1069,1085,1065,1083,1109,1104,1109,1086,1069,1074,1063,1079,1091,1117,1098,1102,1104,1072,1069,1092,1064,1082,1080,1065,1050,1073,1061,1106,1061,1058,1082,1048,1083,1071,1072,1075,1084,1081,1087,1068,1085
STAT,(NULL),Partition,175,374,374,0,0,0,0,0,0,0,0,0,0,0,0,0,0,0,0,0,0,0,0,0,0,0,0,0,0,0,0,0,0,0,0,0,0,0,0,0,0,0,0,0,0,0,0,0,0,0,0,0,0,0,0,0,0,0,0,0,0,0,0,0,0,0,0,0,0,0,0,0,0,0,0,0,0,0,0,0,0,0,0,0,0,0,0,0,0,0,0,0,0,0,0,0,0,0,0,0,0,0,0,0,0,0,0,0,0,0,0,0,0,0,0,0,0,0,0,0,0,0,0,0,0,0,0,0,0,0,0,0,0,0,0,0,0,0,0,0,0,0,0,0,0,0,0,0,0,0,0,0,0,0,0,0,0,0,0,0,0,0,0,0,0,0,0,0,0,0,0,0,0,0,0,0,0
STAT,(NULL),Refine,175,2279,2279,0,0,0,0,0,0,0,0,0,0,0,0,0,0,0,0,0,0,0,0,0,0,0,0,0,0,0,0,0,0,0,0,0,0,0,0,0,0,0,0,0,0,0,0,0,0,0,0,0,0,0,0,0,0,0,0,0,0,0,0,0,0,0,0,0,0,0,0,0,0,0,0,0,0,0,0,0,0,0,0,0,0,0,0,0,0,0,0,0,0,0,0,0,0,0,0,0,0,0,0,0,0,0,0,0,0,0,0,0,0,0,0,0,0,0,0,0,0,0,0,0,0,0,0,0,0,0,0,0,0,0,0,0,0,0,0,0,0,0,0,0,0,0,0,0,0,0,0,0,0,0,0,0,0,0,0,0,0,0,0,0,0,0,0,0,0,0,0,0,0,0,0,0,0
STAT,(NULL),Threads,175,175,175,0,0,0,0,0,0,0,0,0,0,0,0,0,0,0,0,0,0,0,0,0,0,0,0,0,0,0,0,0,0,0,0,0,0,0,0,0,0,0,0,0,0,0,0,0,0,0,0,0,0,0,0,0,0,0,0,0,0,0,0,0,0,0,0,0,0,0,0,0,0,0,0,0,0,0,0,0,0,0,0,0,0,0,0,0,0,0,0,0,0,0,0,0,0,0,0,0,0,0,0,0,0,0,0,0,0,0,0,0,0,0,0,0,0,0,0,0,0,0,0,0,0,0,0,0,0,0,0,0,0,0,0,0,0,0,0,0,0,0,0,0,0,0,0,0,0,0,0,0,0,0,0,0,0,0,0,0,0,0,0,0,0,0,0,0,0,0,0,0,0,0,0,0,0
STAT,(NULL),Time,175,6261,6261,0,0,0,0,0,0,0,0,0,0,0,0,0,0,0,0,0,0,0,0,0,0,0,0,0,0,0,0,0,0,0,0,0,0,0,0,0,0,0,0,0,0,0,0,0,0,0,0,0,0,0,0,0,0,0,0,0,0,0,0,0,0,0,0,0,0,0,0,0,0,0,0,0,0,0,0,0,0,0,0,0,0,0,0,0,0,0,0,0,0,0,0,0,0,0,0,0,0,0,0,0,0,0,0,0,0,0,0,0,0,0,0,0,0,0,0,0,0,0,0,0,0,0,0,0,0,0,0,0,0,0,0,0,0,0,0,0,0,0,0,0,0,0,0,0,0,0,0,0,0,0,0,0,0,0,0,0,0,0,0,0,0,0,0,0,0,0,0,0,0,0,0,0,0
STAT,match,Conflicts,175,6123,50,44,53,50,58,48,64,51,58,48,45,48,48,42,52,41,51,47,40,44,50,40,44,49,43,55,49,50,42,52,47,47,37,48,45,44,38,44,37,34,38,48,36,45,42,39,48,52,44,36,42,33,44,30,41,42,40,35,40,42,31,22,27,27,23,32,30,27,32,31,37,23,25,34,25,28,36,25,20,19,32,30,31,33,27,35,26,41,32,28,32,26,36,37,35,29,27,27,34,32,32,33,29,31,36,29,35,38,29,30,29,36,31,25,26,32,31,32,27,33,30,32,32,18,30,24,33,28,31,28,32,23,22,28,28,30,35,27,28,31,27,29,27,25,32,34,26,26,33,36,25,32,27,41,36,35,38,26,25,28,33,30,33,34,30,31,23,28,31,25,33,29,26,28,29
STAT,match,Iterations,175,15017939,55995,85695,78473,68585,71673,71932,69195,80431,58222,51070,75218,66445,91931,64235,83561,61646,68733,63421,77088,75915,72135,78018,74984,65780,90730,75125,70735,72036,79230,66814,60993,63671,71333,85796,86236,68880,68877,71505,73513,72984,82165,84583,74576,85530,71664,81190,75694,71792,76826,65322,77662,79302,61418,93360,76885,83592,101602,114173,94095,79010,101309,86943,96007,99411,79451,80182,81901,86377,85550,97418,70263,99882,95154,77358,91263,106757,90216,92813,97619,102349,80616,91394,82831,86222,76460,75928,85310,71589,97678,91244,97183,98827,89740,103306,86881,102578,79598,93509,69343,85609,91615,94433,102668,83310,74980,88258,96741,83689,85857,109990,89076,84580,99577,96000,99162,92665,111341,94330,104768,85738,95073,110691,68148,95971,83069,96624,85463,86258,86099,97920,74343,101737,76896,84375,96734,91400,73616,100841,103916,71087,87156,97764,101077,96571,95100,86757,93790,104872,105690,83689,81660,86401,111964,70050,79495,97413,92790,94363,102740,102974,104266,90144,75696,99102,96319,85195,112693,81053,104783,88076,105725,79000,99588,88791,102804
STAT,popedge,Conflicts,175,0,0,0,0,0,0,0,0,0,0,0,0,0,0,0,0,0,0,0,0,0,0,0,0,0,0,0,0,0,0,0,0,0,0,0,0,0,0,0,0,0,0,0,0,0,0,0,0,0,0,0,0,0,0,0,0,0,0,0,0,0,0,0,0,0,0,0,0,0,0,0,0,0,0,0,0,0,0,0,0,0,0,0,0,0,0,0,0,0,0,0,0,0,0,0,0,0,0,0,0,0,0,0,0,0,0,0,0,0,0,0,0,0,0,0,0,0,0,0,0,0,0,0,0,0,0,0,0,0,0,0,0,0,0,0,0,0,0,0,0,0,0,0,0,0,0,0,0,0,0,0,0,0,0,0,0,0,0,0,0,0,0,0,0,0,0,0,0,0,0,0,0,0,0,0,0
STAT,popedge,Iterations,175,7356429,40371,41210,40129,39007,39661,40236,41742,43105,40293,41431,41279,41551,39954,41685,41206,41367,39277,41502,39139,38868,40847,39919,38249,40986,41150,40171,43900,42668,41366,43218,43731,41766,43641,40817,41532,42709,41627,44170,42093,42254,41086,40490,41925,42494,42525,42040,43372,43426,40939,40365,39755,41020,41739,49695,47072,47929,49003,47663,48438,46275,46446,38995,39838,38748,39613,38424,38091,37923,38547,40114,39855,38324,39966,40846,42858,40336,39823,40368,37721,38760,41482,40310,41247,36426,40333,42275,40092,44656,40459,42716,43616,42936,41143,41294,42276,44529,44183,44378,42166,41596,41573,40885,42508,41970,43233,44186,40684,44007,41947,42293,42493,42505,42874,42401,51394,47804,49284,48502,49395,47054,48018,50899,40072,40108,38662,38558,40908,37818,38289,37760,40948,39929,40862,39668,40572,40640,43847,39659,40591,38670,39712,40397,39781,39899,36968,39832,43248,42990,44331,44340,43225,44099,45423,43399,44385,44278,45864,41586,42881,44855,40169,43616,42958,43136,42093,45005,43868,41332,42589,43120,43444,43277,41554,43000,41518
STAT,refine,Conflicts,175,6058,117,119,117,103,111,100,104,93,91,96,94,85,83,93,80,82,55,62,64,69,62,70,62,52,67,66,66,77,58,56,49,35,39,25,40,47,43,40,40,51,38,42,39,61,46,35,49,41,49,46,31,48,50,37,46,46,35,31,40,58,28,20,17,23,16,27,19,11,19,25,17,18,24,17,11,22,22,21,15,22,18,19,24,24,10,16,23,15,18,23,22,16,14,12,10,23,21,22,20,24,27,23,22,19,32,23,21,17,32,17,27,22,23,22,29,32,19,20,25,23,22,27,10,22,19,15,17,16,24,22,24,23,22,24,12,26,15,26,27,21,19,29,21,18,17,23,17,19,18,18,15,16,16,19,25,13,25,13,16,31,24,8,19,25,13,30,25,15,14,13,20,23,11,19,23
STAT,refine,Iterations,175,44971,378,456,497,320,447,357,371,409,255,347,335,310,318,242,305,304,255,281,252,304,213,350,307,211,325,300,299,331,253,261,224,303,307,210,270,245,228,209,220,351,159,220,201,259,252,232,292,270,321,297,272,242,202,245,329,301,305,281,240,431,241,240,246,303,158,214,156,156,255,211,286,236,268,181,170,189,256,176,231,249,241,162,270,293,201,251,216,261,309,215,217,186,256,152,140,259,165,268,179,268,221,119,296,185,272,240,163,314,395,453,342,260,196,177,282,301,371,297,291,229,345,237,207,188,293,205,265,158,213,249,222,224,265,265,230,226,195,270,243,307,227,260,156,220,223,293,261,243,196,325,154,202,164,255,226,220,271,197,234,306,171,145,130,285,152,231,237,198,300,258,522,315,293,227,221
