Hello from MIC
Galois Benchmark Suite v2.2.0 (r0)
Copyright (C) 2013 The University of Texas at Austin
http://iss.ices.utexas.edu/galois/

application: GMetis
Partitions a graph into K parts and minimizing the graph cut
http://iss.ices.utexas.edu/?p=projects/galois/benchmarks/gMetis

INFO: CommandLine /work/02556/dpereira/MIC/apps/gmetis/gmetis -t=158 /work/02556/dpereira/Inputs/USA-road-d.W.gr 128
INFO: Hostname c558-002-mic0.stampede.tacc.utexas.edu
Created Graph with 6262104 nodes and 15248146 edges
Nodes 6262104| Edges 15248146 7624073

  Starting coarsening: 
Time coarsen:  2923 Size of final graph: 3114

  Sarting initial partitioning using GGGP:
Size in decade percentages:  -1,6 -0,116 1,6
Time clustering:  437

  Sarting refinnement with BKL2
Initial dist
Size in decade percentages:  -1,6 -0,116 1,6
Refined dist
Size in decade percentages:  -1,46 -0,34 1,47 2,1
Time refinement:  1943


Time:  5480
Total edge cut : 8370

Part saved in : 0x7fff0991d260
STATTYPE,LOOP,CATEGORY,n,sum,T0,T1,T2,T3,T4,T5,T6,T7,T8,T9,T10,T11,T12,T13,T14,T15,T16,T17,T18,T19,T20,T21,T22,T23,T24,T25,T26,T27,T28,T29,T30,T31,T32,T33,T34,T35,T36,T37,T38,T39,T40,T41,T42,T43,T44,T45,T46,T47,T48,T49,T50,T51,T52,T53,T54,T55,T56,T57,T58,T59,T60,T61,T62,T63,T64,T65,T66,T67,T68,T69,T70,T71,T72,T73,T74,T75,T76,T77,T78,T79,T80,T81,T82,T83,T84,T85,T86,T87,T88,T89,T90,T91,T92,T93,T94,T95,T96,T97,T98,T99,T100,T101,T102,T103,T104,T105,T106,T107,T108,T109,T110,T111,T112,T113,T114,T115,T116,T117,T118,T119,T120,T121,T122,T123,T124,T125,T126,T127,T128,T129,T130,T131,T132,T133,T134,T135,T136,T137,T138,T139,T140,T141,T142,T143,T144,T145,T146,T147,T148,T149,T150,T151,T152,T153,T154,T155,T156,T157
STAT,(NULL),Coarsen,158,2923,2923,0,0,0,0,0,0,0,0,0,0,0,0,0,0,0,0,0,0,0,0,0,0,0,0,0,0,0,0,0,0,0,0,0,0,0,0,0,0,0,0,0,0,0,0,0,0,0,0,0,0,0,0,0,0,0,0,0,0,0,0,0,0,0,0,0,0,0,0,0,0,0,0,0,0,0,0,0,0,0,0,0,0,0,0,0,0,0,0,0,0,0,0,0,0,0,0,0,0,0,0,0,0,0,0,0,0,0,0,0,0,0,0,0,0,0,0,0,0,0,0,0,0,0,0,0,0,0,0,0,0,0,0,0,0,0,0,0,0,0,0,0,0,0,0,0,0,0,0,0,0,0,0,0,0,0,0,0
STAT,(NULL),Conflicts,158,0,0,0,0,0,0,0,0,0,0,0,0,0,0,0,0,0,0,0,0,0,0,0,0,0,0,0,0,0,0,0,0,0,0,0,0,0,0,0,0,0,0,0,0,0,0,0,0,0,0,0,0,0,0,0,0,0,0,0,0,0,0,0,0,0,0,0,0,0,0,0,0,0,0,0,0,0,0,0,0,0,0,0,0,0,0,0,0,0,0,0,0,0,0,0,0,0,0,0,0,0,0,0,0,0,0,0,0,0,0,0,0,0,0,0,0,0,0,0,0,0,0,0,0,0,0,0,0,0,0,0,0,0,0,0,0,0,0,0,0,0,0,0,0,0,0,0,0,0,0,0,0,0,0,0,0,0,0,0
STAT,(NULL),Iterations,158,255,8,3,2,0,0,0,5,1,0,3,1,0,0,2,1,2,0,7,0,0,1,0,2,0,4,1,0,0,0,1,0,1,0,5,0,3,0,1,1,2,0,5,5,5,1,0,6,1,1,1,4,0,0,2,3,0,2,5,1,1,0,3,1,2,0,1,1,1,0,2,6,0,1,0,1,10,0,0,0,0,0,0,3,0,1,0,4,0,0,0,5,3,0,0,2,1,4,3,1,0,2,1,3,4,0,0,1,4,2,4,5,1,4,3,4,5,1,6,3,4,1,0,6,0,0,1,1,1,0,8,0,0,0,1,2,0,0,1,2,4,0,2,0,4,2,0,0,1,0,1,1,0,0,0,1,2,0,0
STAT,(NULL),MeminfoPost,158,756489,4793,4789,4802,4798,4790,4789,4770,4790,4806,4817,4839,4789,4782,4779,4790,4791,4810,4791,4796,4789,4774,4781,4799,4802,4771,4774,4786,4781,4810,4792,4797,4781,4790,4791,4787,4803,4858,4808,4773,4781,4779,4799,4797,4812,4785,4796,4773,4779,4788,4811,4773,4779,4780,4790,4795,4787,4809,4802,4786,4800,4790,4781,4791,4782,4775,4795,4768,4771,4789,4801,4788,4777,4784,4775,4768,4772,4786,4788,4821,4802,4770,4777,4796,4788,4767,4760,4784,4791,4800,4798,4794,4787,4771,4790,4777,4781,4769,4771,4774,4766,4798,4771,4780,4815,4822,4811,4781,4776,4800,4770,4761,4783,4795,4801,4790,4784,4783,4778,4784,4771,4762,4774,4791,4766,4807,4820,4821,4795,4780,4778,4769,4787,4804,4825,4801,4818,4792,4773,4799,4770,4785,4781,4764,4775,4772,4803,4765,4762,4788,4756,4793,4770,4777,4789,4790,4787,4779,4793
STAT,(NULL),MeminfoPre,158,189111,1202,1198,1211,1207,1199,1198,1179,1199,1215,1226,1248,1198,1191,1188,1199,1200,1219,1200,1205,1198,1183,1190,1208,1211,1180,1183,1195,1190,1219,1201,1206,1190,1199,1200,1196,1212,1267,1217,1182,1190,1188,1208,1206,1221,1194,1205,1182,1188,1197,1220,1182,1188,1189,1199,1204,1196,1218,1211,1195,1209,1199,1190,1200,1191,1184,1204,1177,1180,1198,1210,1197,1186,1193,1184,1177,1181,1195,1197,1230,1211,1179,1186,1205,1197,1176,1169,1193,1200,1209,1207,1203,1196,1180,1199,1186,1190,1178,1180,1183,1175,1207,1180,1189,1224,1231,1220,1190,1185,1209,1179,1170,1192,1204,1210,1199,1193,1192,1187,1193,1180,1171,1183,1200,1175,1216,1229,1230,1204,1189,1187,1178,1196,1213,1234,1210,1227,1201,1182,1208,1179,1194,1190,1173,1184,1181,1212,1174,1171,1197,1165,1202,1179,1186,1198,1199,1196,1188,1202
STAT,(NULL),Partition,158,437,437,0,0,0,0,0,0,0,0,0,0,0,0,0,0,0,0,0,0,0,0,0,0,0,0,0,0,0,0,0,0,0,0,0,0,0,0,0,0,0,0,0,0,0,0,0,0,0,0,0,0,0,0,0,0,0,0,0,0,0,0,0,0,0,0,0,0,0,0,0,0,0,0,0,0,0,0,0,0,0,0,0,0,0,0,0,0,0,0,0,0,0,0,0,0,0,0,0,0,0,0,0,0,0,0,0,0,0,0,0,0,0,0,0,0,0,0,0,0,0,0,0,0,0,0,0,0,0,0,0,0,0,0,0,0,0,0,0,0,0,0,0,0,0,0,0,0,0,0,0,0,0,0,0,0,0,0,0
STAT,(NULL),Refine,158,1943,1943,0,0,0,0,0,0,0,0,0,0,0,0,0,0,0,0,0,0,0,0,0,0,0,0,0,0,0,0,0,0,0,0,0,0,0,0,0,0,0,0,0,0,0,0,0,0,0,0,0,0,0,0,0,0,0,0,0,0,0,0,0,0,0,0,0,0,0,0,0,0,0,0,0,0,0,0,0,0,0,0,0,0,0,0,0,0,0,0,0,0,0,0,0,0,0,0,0,0,0,0,0,0,0,0,0,0,0,0,0,0,0,0,0,0,0,0,0,0,0,0,0,0,0,0,0,0,0,0,0,0,0,0,0,0,0,0,0,0,0,0,0,0,0,0,0,0,0,0,0,0,0,0,0,0,0,0,0
STAT,(NULL),Threads,158,158,158,0,0,0,0,0,0,0,0,0,0,0,0,0,0,0,0,0,0,0,0,0,0,0,0,0,0,0,0,0,0,0,0,0,0,0,0,0,0,0,0,0,0,0,0,0,0,0,0,0,0,0,0,0,0,0,0,0,0,0,0,0,0,0,0,0,0,0,0,0,0,0,0,0,0,0,0,0,0,0,0,0,0,0,0,0,0,0,0,0,0,0,0,0,0,0,0,0,0,0,0,0,0,0,0,0,0,0,0,0,0,0,0,0,0,0,0,0,0,0,0,0,0,0,0,0,0,0,0,0,0,0,0,0,0,0,0,0,0,0,0,0,0,0,0,0,0,0,0,0,0,0,0,0,0,0,0,0
STAT,(NULL),Time,158,5480,5480,0,0,0,0,0,0,0,0,0,0,0,0,0,0,0,0,0,0,0,0,0,0,0,0,0,0,0,0,0,0,0,0,0,0,0,0,0,0,0,0,0,0,0,0,0,0,0,0,0,0,0,0,0,0,0,0,0,0,0,0,0,0,0,0,0,0,0,0,0,0,0,0,0,0,0,0,0,0,0,0,0,0,0,0,0,0,0,0,0,0,0,0,0,0,0,0,0,0,0,0,0,0,0,0,0,0,0,0,0,0,0,0,0,0,0,0,0,0,0,0,0,0,0,0,0,0,0,0,0,0,0,0,0,0,0,0,0,0,0,0,0,0,0,0,0,0,0,0,0,0,0,0,0,0,0,0,0
STAT,match,Conflicts,158,5892,59,62,56,55,63,55,58,59,54,49,48,54,46,51,64,52,47,51,51,46,52,49,50,44,49,50,50,44,45,57,50,40,37,42,30,47,35,43,44,41,44,43,50,36,49,48,32,54,32,33,36,40,45,50,44,35,41,54,43,51,36,32,33,34,28,32,30,27,37,28,28,28,30,30,34,30,31,26,31,28,26,30,31,34,32,30,27,32,26,28,39,31,29,21,36,36,29,35,26,32,34,31,29,39,31,33,29,27,43,34,30,28,36,33,30,36,30,31,27,29,40,35,25,26,30,32,33,33,32,23,29,32,27,27,34,31,29,30,28,32,29,33,28,32,28,27,36,34,32,34,31,43,32,23,35,33,34,38
STAT,match,Iterations,158,15022357,68837,63901,68846,67574,71734,65265,80329,83401,79928,77156,71309,74284,66219,80629,78559,79474,76871,82109,56451,101804,72276,81525,64943,77652,76361,69399,93823,86252,94593,76628,61222,71660,89314,81256,88887,93306,101686,91904,99400,82548,89121,110184,73845,113464,85905,88800,106048,79345,112920,72088,92312,91904,75088,103609,86777,95362,103175,92653,118364,107401,96214,110463,93661,108452,90984,86234,70037,101364,69586,82828,107452,93292,100645,102914,110395,111655,83052,116224,93211,108268,110151,97778,101291,91909,78088,89477,109325,92950,81751,92237,80494,92439,80985,111259,101311,71144,101215,109669,122691,127131,103117,118849,101190,128465,110368,108854,124841,132790,93921,107773,152261,118886,124370,110332,115405,117652,122145,135570,123959,135961,102185,100267,112097,101502,91129,94177,77481,95317,85456,114635,77726,81312,95332,83197,77250,101946,105235,98272,104626,97633,117997,98685,92635,93599,111937,76875,107198,88242,83459,101592,118318,115249,128358,119417,96693,73564,85763,101386
STAT,popedge,Conflicts,158,0,0,0,0,0,0,0,0,0,0,0,0,0,0,0,0,0,0,0,0,0,0,0,0,0,0,0,0,0,0,0,0,0,0,0,0,0,0,0,0,0,0,0,0,0,0,0,0,0,0,0,0,0,0,0,0,0,0,0,0,0,0,0,0,0,0,0,0,0,0,0,0,0,0,0,0,0,0,0,0,0,0,0,0,0,0,0,0,0,0,0,0,0,0,0,0,0,0,0,0,0,0,0,0,0,0,0,0,0,0,0,0,0,0,0,0,0,0,0,0,0,0,0,0,0,0,0,0,0,0,0,0,0,0,0,0,0,0,0,0,0,0,0,0,0,0,0,0,0,0,0,0,0,0,0,0,0,0,0
STAT,popedge,Iterations,158,7361592,43225,43158,43371,41674,44662,43698,43784,41751,43062,42424,43623,44932,45283,44403,44575,44634,43756,44175,44863,45883,45584,46459,44733,44770,46869,48553,43357,44327,42660,45790,45829,45575,47079,43123,43799,43221,49601,50434,51902,51695,52184,49977,51658,49423,51387,50972,51301,50066,52165,53469,47194,50394,48717,50052,48073,48499,50766,47941,49595,48438,47996,41460,42169,41084,42872,43308,42066,42703,43185,41679,39870,41967,44307,41315,43442,42524,44554,42006,44144,43167,43494,48264,45412,46945,45965,46245,47349,46823,44578,45393,47178,44435,45819,48247,44373,44774,44834,52807,51997,52012,51547,52989,52426,51600,52546,51524,50494,55303,50192,53913,55359,49723,54032,51889,50332,47760,50970,53490,50732,53501,51829,49983,43377,40242,43333,41136,43469,44505,43037,40855,42160,41624,44296,45284,46829,45152,44868,47116,44825,46308,43508,48014,49864,48321,46027,47314,46086,48272,47377,43651,44073,45161,46640,47240,44127,47197,45476,45365
STAT,refine,Conflicts,158,6060,114,111,124,103,111,108,103,98,86,86,80,95,80,77,71,81,60,77,57,67,50,70,61,69,62,62,67,58,68,61,55,49,38,43,47,56,36,45,36,44,47,39,43,43,38,44,38,38,63,38,45,44,45,38,46,36,45,54,44,43,41,19,26,18,18,21,21,15,21,17,25,24,27,21,27,14,32,22,18,17,18,25,22,17,24,24,20,24,19,27,29,21,29,19,23,23,22,29,31,29,35,22,24,29,33,26,24,22,36,31,31,26,27,36,23,27,24,33,23,18,35,21,23,17,25,24,23,24,26,16,23,24,31,18,22,27,23,14,28,22,24,22,21,19,20,21,20,16,21,22,27,29,20,27,15,18,20,26
STAT,refine,Iterations,158,139527,746,806,1028,780,893,637,873,997,893,864,954,909,690,761,861,924,1067,983,580,723,604,764,827,685,655,727,815,765,1053,826,825,714,824,616,782,966,1113,1146,764,825,939,987,1059,1213,979,833,1048,726,1236,959,1038,1201,800,1069,897,1053,1213,1101,1213,1168,959,893,929,926,738,887,614,605,706,851,902,742,657,714,898,778,815,776,998,837,697,748,761,891,508,645,640,874,688,905,817,875,851,614,711,566,888,1026,1133,1007,1141,1082,844,1662,1385,1166,872,1140,1143,1114,1220,922,1243,1039,1128,890,1086,995,1113,975,1270,967,762,799,1178,835,879,698,816,685,804,763,1051,812,702,880,646,803,985,976,779,679,649,640,674,570,678,682,780,774,1119,868,980,1097,605,609,796,1010
