Hello from MIC
Galois Benchmark Suite v2.2.0 (r0)
Copyright (C) 2013 The University of Texas at Austin
http://iss.ices.utexas.edu/galois/

application: GMetis
Partitions a graph into K parts and minimizing the graph cut
http://iss.ices.utexas.edu/?p=projects/galois/benchmarks/gMetis

INFO: CommandLine /work/02556/dpereira/MIC/apps/gmetis/gmetis -t=172 /work/02556/dpereira/Inputs/USA-road-d.W.gr 16
INFO: Hostname c558-002-mic0.stampede.tacc.utexas.edu
Created Graph with 6262104 nodes and 15248146 edges
Nodes 6262104| Edges 15248146 7624073

  Starting coarsening: 
Time coarsen:  3363 Size of final graph: 443

  Sarting initial partitioning using GGGP:
Size in decade percentages:  -0,15 1,1
Time clustering:  372

  Sarting refinnement with BKL2
Initial dist
Size in decade percentages:  -0,15 1,1
Refined dist
Size in decade percentages:  -1,5 -0,6 1,5
Time refinement:  1977


Time:  5891
Total edge cut : 1686

Part saved in : 0x7fff0a01ae60
STATTYPE,LOOP,CATEGORY,n,sum,T0,T1,T2,T3,T4,T5,T6,T7,T8,T9,T10,T11,T12,T13,T14,T15,T16,T17,T18,T19,T20,T21,T22,T23,T24,T25,T26,T27,T28,T29,T30,T31,T32,T33,T34,T35,T36,T37,T38,T39,T40,T41,T42,T43,T44,T45,T46,T47,T48,T49,T50,T51,T52,T53,T54,T55,T56,T57,T58,T59,T60,T61,T62,T63,T64,T65,T66,T67,T68,T69,T70,T71,T72,T73,T74,T75,T76,T77,T78,T79,T80,T81,T82,T83,T84,T85,T86,T87,T88,T89,T90,T91,T92,T93,T94,T95,T96,T97,T98,T99,T100,T101,T102,T103,T104,T105,T106,T107,T108,T109,T110,T111,T112,T113,T114,T115,T116,T117,T118,T119,T120,T121,T122,T123,T124,T125,T126,T127,T128,T129,T130,T131,T132,T133,T134,T135,T136,T137,T138,T139,T140,T141,T142,T143,T144,T145,T146,T147,T148,T149,T150,T151,T152,T153,T154,T155,T156,T157,T158,T159,T160,T161,T162,T163,T164,T165,T166,T167,T168,T169,T170,T171
STAT,(NULL),Coarsen,172,3363,3363,0,0,0,0,0,0,0,0,0,0,0,0,0,0,0,0,0,0,0,0,0,0,0,0,0,0,0,0,0,0,0,0,0,0,0,0,0,0,0,0,0,0,0,0,0,0,0,0,0,0,0,0,0,0,0,0,0,0,0,0,0,0,0,0,0,0,0,0,0,0,0,0,0,0,0,0,0,0,0,0,0,0,0,0,0,0,0,0,0,0,0,0,0,0,0,0,0,0,0,0,0,0,0,0,0,0,0,0,0,0,0,0,0,0,0,0,0,0,0,0,0,0,0,0,0,0,0,0,0,0,0,0,0,0,0,0,0,0,0,0,0,0,0,0,0,0,0,0,0,0,0,0,0,0,0,0,0,0,0,0,0,0,0,0,0,0,0,0,0,0,0
STAT,(NULL),Conflicts,172,0,0,0,0,0,0,0,0,0,0,0,0,0,0,0,0,0,0,0,0,0,0,0,0,0,0,0,0,0,0,0,0,0,0,0,0,0,0,0,0,0,0,0,0,0,0,0,0,0,0,0,0,0,0,0,0,0,0,0,0,0,0,0,0,0,0,0,0,0,0,0,0,0,0,0,0,0,0,0,0,0,0,0,0,0,0,0,0,0,0,0,0,0,0,0,0,0,0,0,0,0,0,0,0,0,0,0,0,0,0,0,0,0,0,0,0,0,0,0,0,0,0,0,0,0,0,0,0,0,0,0,0,0,0,0,0,0,0,0,0,0,0,0,0,0,0,0,0,0,0,0,0,0,0,0,0,0,0,0,0,0,0,0,0,0,0,0,0,0,0,0,0,0
STAT,(NULL),Iterations,172,31,5,1,0,1,0,0,0,0,1,0,0,0,0,0,0,0,0,0,0,0,0,0,0,0,0,0,1,0,0,0,0,0,0,0,0,0,0,0,0,0,0,0,0,0,0,0,0,0,0,0,0,0,0,0,0,0,4,0,0,0,2,0,0,0,0,0,0,0,0,0,0,0,0,0,0,0,1,0,0,0,2,1,0,0,0,0,0,0,0,0,0,0,0,0,0,0,0,0,0,0,0,0,0,4,0,0,0,2,0,0,0,0,0,0,0,0,0,0,0,0,0,2,0,0,0,0,0,0,0,0,0,0,0,0,0,0,0,0,0,0,0,0,0,0,0,0,0,0,0,3,0,0,0,0,0,0,0,0,0,0,0,0,0,1,0,0,0,0,0,0,0,0
STAT,(NULL),MeminfoPost,172,757211,4407,4396,4415,4414,4409,4394,4402,4398,4407,4421,4439,4445,4405,4395,4395,4396,4413,4411,4422,4402,4408,4394,4396,4394,4413,4412,4394,4389,4397,4407,4403,4414,4413,4402,4405,4397,4404,4400,4420,4458,4437,4390,4397,4396,4398,4406,4412,4422,4407,4409,4389,4397,4396,4412,4419,4387,4391,4399,4410,4401,4404,4419,4422,4396,4411,4411,4395,4412,4392,4396,4392,4410,4382,4387,4403,4415,4404,4394,4398,4395,4389,4387,4398,4386,4410,4432,4414,4390,4395,4390,4422,4386,4381,4382,4403,4407,4414,4412,4408,4401,4389,4408,4389,4394,4396,4386,4382,4393,4380,4413,4387,4393,4423,4437,4427,4407,4390,4391,4413,4385,4379,4400,4409,4412,4413,4397,4391,4399,4394,4394,4383,4391,4385,4404,4382,4420,4433,4430,4423,4396,4389,4391,4391,4401,4434,4432,4411,4433,4406,4390,4404,4395,4403,4394,4383,4384,4391,4395,4421,4375,4380,4394,4376,4386,4415,4386,4397,4405,4401,4406,4392,4406
STAT,(NULL),MeminfoPre,172,189267,1105,1094,1113,1112,1107,1092,1100,1096,1105,1119,1137,1143,1103,1093,1093,1094,1111,1109,1120,1100,1106,1092,1094,1092,1111,1110,1092,1087,1095,1105,1101,1112,1111,1100,1103,1095,1102,1098,1118,1156,1135,1088,1095,1094,1096,1104,1110,1120,1105,1107,1087,1095,1094,1110,1117,1085,1089,1097,1108,1099,1102,1117,1120,1094,1109,1109,1093,1110,1090,1094,1090,1108,1080,1085,1101,1113,1102,1092,1096,1093,1087,1085,1096,1084,1108,1130,1112,1088,1093,1088,1120,1084,1079,1080,1101,1105,1112,1110,1106,1099,1087,1106,1087,1092,1094,1084,1080,1091,1078,1111,1085,1091,1121,1135,1125,1105,1088,1089,1111,1083,1077,1098,1107,1110,1111,1095,1089,1097,1092,1092,1081,1089,1083,1102,1080,1118,1131,1128,1121,1094,1087,1089,1089,1099,1132,1130,1109,1131,1104,1088,1102,1093,1101,1092,1081,1082,1089,1093,1119,1073,1078,1092,1074,1084,1113,1084,1095,1103,1099,1104,1090,1104
STAT,(NULL),Partition,172,372,372,0,0,0,0,0,0,0,0,0,0,0,0,0,0,0,0,0,0,0,0,0,0,0,0,0,0,0,0,0,0,0,0,0,0,0,0,0,0,0,0,0,0,0,0,0,0,0,0,0,0,0,0,0,0,0,0,0,0,0,0,0,0,0,0,0,0,0,0,0,0,0,0,0,0,0,0,0,0,0,0,0,0,0,0,0,0,0,0,0,0,0,0,0,0,0,0,0,0,0,0,0,0,0,0,0,0,0,0,0,0,0,0,0,0,0,0,0,0,0,0,0,0,0,0,0,0,0,0,0,0,0,0,0,0,0,0,0,0,0,0,0,0,0,0,0,0,0,0,0,0,0,0,0,0,0,0,0,0,0,0,0,0,0,0,0,0,0,0,0,0,0
STAT,(NULL),Refine,172,1977,1977,0,0,0,0,0,0,0,0,0,0,0,0,0,0,0,0,0,0,0,0,0,0,0,0,0,0,0,0,0,0,0,0,0,0,0,0,0,0,0,0,0,0,0,0,0,0,0,0,0,0,0,0,0,0,0,0,0,0,0,0,0,0,0,0,0,0,0,0,0,0,0,0,0,0,0,0,0,0,0,0,0,0,0,0,0,0,0,0,0,0,0,0,0,0,0,0,0,0,0,0,0,0,0,0,0,0,0,0,0,0,0,0,0,0,0,0,0,0,0,0,0,0,0,0,0,0,0,0,0,0,0,0,0,0,0,0,0,0,0,0,0,0,0,0,0,0,0,0,0,0,0,0,0,0,0,0,0,0,0,0,0,0,0,0,0,0,0,0,0,0,0
STAT,(NULL),Threads,172,172,172,0,0,0,0,0,0,0,0,0,0,0,0,0,0,0,0,0,0,0,0,0,0,0,0,0,0,0,0,0,0,0,0,0,0,0,0,0,0,0,0,0,0,0,0,0,0,0,0,0,0,0,0,0,0,0,0,0,0,0,0,0,0,0,0,0,0,0,0,0,0,0,0,0,0,0,0,0,0,0,0,0,0,0,0,0,0,0,0,0,0,0,0,0,0,0,0,0,0,0,0,0,0,0,0,0,0,0,0,0,0,0,0,0,0,0,0,0,0,0,0,0,0,0,0,0,0,0,0,0,0,0,0,0,0,0,0,0,0,0,0,0,0,0,0,0,0,0,0,0,0,0,0,0,0,0,0,0,0,0,0,0,0,0,0,0,0,0,0,0,0,0
STAT,(NULL),Time,172,5891,5891,0,0,0,0,0,0,0,0,0,0,0,0,0,0,0,0,0,0,0,0,0,0,0,0,0,0,0,0,0,0,0,0,0,0,0,0,0,0,0,0,0,0,0,0,0,0,0,0,0,0,0,0,0,0,0,0,0,0,0,0,0,0,0,0,0,0,0,0,0,0,0,0,0,0,0,0,0,0,0,0,0,0,0,0,0,0,0,0,0,0,0,0,0,0,0,0,0,0,0,0,0,0,0,0,0,0,0,0,0,0,0,0,0,0,0,0,0,0,0,0,0,0,0,0,0,0,0,0,0,0,0,0,0,0,0,0,0,0,0,0,0,0,0,0,0,0,0,0,0,0,0,0,0,0,0,0,0,0,0,0,0,0,0,0,0,0,0,0,0,0,0
STAT,match,Conflicts,172,6460,62,64,54,50,55,47,48,60,51,57,55,62,49,51,59,50,43,53,46,44,53,50,61,55,52,50,50,55,54,48,48,45,47,40,47,36,42,46,40,39,44,36,44,34,44,40,48,40,43,51,45,41,41,36,44,39,39,31,37,37,46,26,32,34,32,34,30,29,39,31,29,32,34,40,30,28,33,34,25,26,33,36,30,31,39,40,27,40,38,40,25,30,29,33,33,33,30,33,26,37,33,27,35,29,38,30,33,34,29,37,40,28,38,30,37,44,29,32,28,42,36,26,29,31,30,25,27,32,31,39,31,34,33,29,34,32,33,33,30,32,29,31,28,24,39,31,30,31,37,31,32,20,43,31,35,37,36,25,34,28,40,36,33,26,29,27,38,28,35,28,34,35
STAT,match,Iterations,172,15023027,67935,59923,58992,73505,63559,74191,70462,70636,55997,73424,71575,67528,71632,64009,71974,77053,57090,70098,85196,86720,64612,82599,67461,81770,55469,60799,82327,55581,71074,57451,87563,59676,70099,81861,61648,77723,61654,77407,80815,66561,72525,74088,67763,87114,87495,66876,80933,75623,66476,53224,74367,95679,109827,107510,97540,80262,95969,109256,101847,96046,97691,72875,100152,89627,63843,93269,94130,103273,96209,93228,98382,96478,106354,98822,101021,107890,89665,97522,102883,101720,113365,85205,79045,102557,77615,88086,101003,86508,74905,90650,94661,107112,82429,88482,88930,71646,76173,89852,96600,89727,93014,103729,102277,98187,82992,100878,85211,85986,85387,81956,93281,124130,106220,102723,75342,97920,103097,98745,104839,106774,99065,113914,93488,83726,95355,94636,96835,86054,85242,88761,88427,100631,100063,96674,100354,82005,105724,102134,91890,105348,89362,85505,97990,103303,98438,95360,104449,91011,105200,84027,87992,97787,82391,95845,86012,96570,82747,99771,87610,80843,75322,106196,99844,96378,115312,88028,79607,94055,99044,96477,91212,100671
STAT,popedge,Conflicts,172,0,0,0,0,0,0,0,0,0,0,0,0,0,0,0,0,0,0,0,0,0,0,0,0,0,0,0,0,0,0,0,0,0,0,0,0,0,0,0,0,0,0,0,0,0,0,0,0,0,0,0,0,0,0,0,0,0,0,0,0,0,0,0,0,0,0,0,0,0,0,0,0,0,0,0,0,0,0,0,0,0,0,0,0,0,0,0,0,0,0,0,0,0,0,0,0,0,0,0,0,0,0,0,0,0,0,0,0,0,0,0,0,0,0,0,0,0,0,0,0,0,0,0,0,0,0,0,0,0,0,0,0,0,0,0,0,0,0,0,0,0,0,0,0,0,0,0,0,0,0,0,0,0,0,0,0,0,0,0,0,0,0,0,0,0,0,0,0,0,0,0,0,0
STAT,popedge,Iterations,172,7358008,40124,39568,39891,41384,41470,41120,41852,42825,40691,41947,40494,40513,42283,42286,41112,40162,42234,41666,40147,39976,41662,41629,42771,41237,44563,44128,43279,44992,40047,43771,42143,42693,43525,42646,43461,41874,43672,42836,42068,43082,40573,42689,42131,41832,40031,42478,42854,41433,42478,43053,50389,48176,50142,47848,47845,47744,49333,43874,46018,47298,46388,37908,40405,38030,39344,38240,39885,38085,39434,40851,40475,40545,42299,41124,41991,41215,39373,38212,39207,40140,40260,41116,40770,42407,43190,39435,41942,44887,43565,42531,46191,43227,44029,43565,45541,44930,41736,41535,42558,42522,42759,42123,41655,44593,43166,41207,42273,43501,42519,42989,40723,49705,49538,50318,53458,47096,46240,48909,45093,48121,52829,48723,39926,39035,40247,41143,39941,40098,40367,41660,41852,43078,39277,42970,40863,40759,41042,40623,40923,41536,43177,40918,42912,40793,43598,42144,42046,45134,44107,44344,46231,43980,46910,42634,42821,43126,43756,41583,42467,44065,44472,41421,40108,41607,45096,41772,43232,44125,43569,44884,43456,39511
STAT,refine,Conflicts,172,5617,114,120,107,106,100,116,109,100,99,80,86,98,91,74,84,78,66,76,52,71,67,55,73,73,67,57,59,43,70,60,51,35,44,33,36,33,40,38,31,37,46,34,33,33,45,33,49,44,29,44,36,40,38,37,28,26,42,49,29,27,33,10,25,13,14,9,14,16,19,13,26,8,23,24,16,22,19,10,19,26,11,17,8,24,19,19,9,9,9,17,25,23,12,28,14,9,19,20,17,23,15,31,15,16,17,24,13,25,22,15,14,23,27,28,16,23,10,28,27,18,15,13,11,23,21,14,17,17,14,20,11,23,25,19,14,18,26,19,17,12,12,22,23,16,22,20,22,26,21,15,20,23,14,24,15,13,18,20,21,19,12,19,20,25,15,13,22,15,15,17,21,19
STAT,refine,Iterations,172,37280,376,416,359,364,276,403,339,337,273,458,343,458,323,384,344,338,231,318,228,272,183,254,276,260,306,231,284,137,255,256,234,124,171,138,104,174,150,204,279,278,315,222,223,150,230,145,211,188,163,132,167,127,272,294,312,206,207,359,129,139,227,146,305,180,183,131,141,196,198,147,338,140,332,218,208,292,231,164,226,199,180,143,140,209,178,216,135,156,118,235,139,184,126,155,179,113,217,172,214,184,306,298,165,212,121,143,148,191,198,129,128,184,173,233,267,299,164,213,206,175,133,221,233,247,179,240,148,160,158,223,165,317,189,289,231,228,324,204,170,279,178,194,176,163,215,154,256,228,238,151,227,190,218,223,111,143,164,265,256,238,147,184,225,181,198,151,149,124,163,225,176,154
