Hello from MIC
Galois Benchmark Suite v2.2.0 (r0)
Copyright (C) 2013 The University of Texas at Austin
http://iss.ices.utexas.edu/galois/

application: GMetis
Partitions a graph into K parts and minimizing the graph cut
http://iss.ices.utexas.edu/?p=projects/galois/benchmarks/gMetis

INFO: CommandLine /work/02556/dpereira/MIC/apps/gmetis/gmetis -t=220 /work/02556/dpereira/Inputs/USA-road-d.W.gr 16
INFO: Hostname c558-003-mic0.stampede.tacc.utexas.edu
Created Graph with 6262104 nodes and 15248146 edges
Nodes 6262104| Edges 15248146 7624073

  Starting coarsening: 
Time coarsen:  4560 Size of final graph: 448

  Sarting initial partitioning using GGGP:
Size in decade percentages:  -0,16
Time clustering:  371

  Sarting refinnement with BKL2
Initial dist
Size in decade percentages:  -0,16
Refined dist
Size in decade percentages:  -1,6 0,4 1,6
Time refinement:  2959


Time:  8065
Total edge cut : 1803

Part saved in : 0x7fffcbab26e0
STATTYPE,LOOP,CATEGORY,n,sum,T0,T1,T2,T3,T4,T5,T6,T7,T8,T9,T10,T11,T12,T13,T14,T15,T16,T17,T18,T19,T20,T21,T22,T23,T24,T25,T26,T27,T28,T29,T30,T31,T32,T33,T34,T35,T36,T37,T38,T39,T40,T41,T42,T43,T44,T45,T46,T47,T48,T49,T50,T51,T52,T53,T54,T55,T56,T57,T58,T59,T60,T61,T62,T63,T64,T65,T66,T67,T68,T69,T70,T71,T72,T73,T74,T75,T76,T77,T78,T79,T80,T81,T82,T83,T84,T85,T86,T87,T88,T89,T90,T91,T92,T93,T94,T95,T96,T97,T98,T99,T100,T101,T102,T103,T104,T105,T106,T107,T108,T109,T110,T111,T112,T113,T114,T115,T116,T117,T118,T119,T120,T121,T122,T123,T124,T125,T126,T127,T128,T129,T130,T131,T132,T133,T134,T135,T136,T137,T138,T139,T140,T141,T142,T143,T144,T145,T146,T147,T148,T149,T150,T151,T152,T153,T154,T155,T156,T157,T158,T159,T160,T161,T162,T163,T164,T165,T166,T167,T168,T169,T170,T171,T172,T173,T174,T175,T176,T177,T178,T179,T180,T181,T182,T183,T184,T185,T186,T187,T188,T189,T190,T191,T192,T193,T194,T195,T196,T197,T198,T199,T200,T201,T202,T203,T204,T205,T206,T207,T208,T209,T210,T211,T212,T213,T214,T215,T216,T217,T218,T219
STAT,(NULL),Coarsen,220,4560,4560,0,0,0,0,0,0,0,0,0,0,0,0,0,0,0,0,0,0,0,0,0,0,0,0,0,0,0,0,0,0,0,0,0,0,0,0,0,0,0,0,0,0,0,0,0,0,0,0,0,0,0,0,0,0,0,0,0,0,0,0,0,0,0,0,0,0,0,0,0,0,0,0,0,0,0,0,0,0,0,0,0,0,0,0,0,0,0,0,0,0,0,0,0,0,0,0,0,0,0,0,0,0,0,0,0,0,0,0,0,0,0,0,0,0,0,0,0,0,0,0,0,0,0,0,0,0,0,0,0,0,0,0,0,0,0,0,0,0,0,0,0,0,0,0,0,0,0,0,0,0,0,0,0,0,0,0,0,0,0,0,0,0,0,0,0,0,0,0,0,0,0,0,0,0,0,0,0,0,0,0,0,0,0,0,0,0,0,0,0,0,0,0,0,0,0,0,0,0,0,0,0,0,0,0,0,0,0,0,0,0,0,0,0,0,0,0,0,0,0
STAT,(NULL),Conflicts,220,0,0,0,0,0,0,0,0,0,0,0,0,0,0,0,0,0,0,0,0,0,0,0,0,0,0,0,0,0,0,0,0,0,0,0,0,0,0,0,0,0,0,0,0,0,0,0,0,0,0,0,0,0,0,0,0,0,0,0,0,0,0,0,0,0,0,0,0,0,0,0,0,0,0,0,0,0,0,0,0,0,0,0,0,0,0,0,0,0,0,0,0,0,0,0,0,0,0,0,0,0,0,0,0,0,0,0,0,0,0,0,0,0,0,0,0,0,0,0,0,0,0,0,0,0,0,0,0,0,0,0,0,0,0,0,0,0,0,0,0,0,0,0,0,0,0,0,0,0,0,0,0,0,0,0,0,0,0,0,0,0,0,0,0,0,0,0,0,0,0,0,0,0,0,0,0,0,0,0,0,0,0,0,0,0,0,0,0,0,0,0,0,0,0,0,0,0,0,0,0,0,0,0,0,0,0,0,0,0,0,0,0,0,0,0,0,0,0,0,0,0
STAT,(NULL),Iterations,220,31,5,0,1,0,0,0,0,0,0,0,0,0,0,0,0,0,0,0,0,0,0,0,2,0,0,0,0,0,0,0,0,0,3,0,0,0,0,0,0,0,0,0,0,0,0,0,0,0,0,3,0,0,0,0,0,0,2,0,0,0,3,0,0,0,0,0,0,0,0,0,0,0,0,0,0,0,0,0,0,0,0,0,0,0,0,0,0,0,0,0,0,0,0,0,0,0,0,0,0,0,0,0,0,0,0,0,0,0,2,1,1,0,0,0,0,0,0,0,0,0,0,0,4,0,0,0,0,0,0,0,0,0,0,0,0,0,0,0,0,0,0,0,0,0,1,0,0,0,0,0,0,0,0,0,0,0,0,0,2,0,0,0,0,0,0,0,0,0,0,0,0,1,0,0,0,0,0,0,0,0,0,0,0,0,0,0,0,0,0,0,0,0,0,0,0,0,0,0,0,0,0,0,0,0,0,0,0,0,0,0,0,0,0,0,0,0,0,0,0,0
STAT,(NULL),MeminfoPost,220,756737,3446,3434,3442,3450,3448,3451,3438,3442,3427,3430,3453,3444,3453,3469,3486,3452,3422,3440,3435,3427,3451,3438,3455,3447,3445,3445,3444,3436,3433,3432,3435,3453,3451,3431,3437,3426,3436,3440,3434,3448,3457,3442,3448,3437,3450,3427,3429,3444,3454,3448,3482,3472,3452,3429,3436,3434,3430,3447,3441,3447,3457,3438,3451,3446,3428,3431,3439,3432,3451,3451,3431,3434,3432,3437,3441,3447,3445,3434,3446,3475,3434,3435,3446,3449,3439,3435,3449,3432,3435,3432,3431,3450,3427,3420,3436,3442,3450,3447,3435,3430,3437,3434,3430,3425,3432,3426,3440,3430,3457,3463,3450,3437,3428,3432,3433,3461,3431,3425,3420,3424,3438,3442,3443,3449,3452,3447,3437,3438,3428,3433,3445,3428,3434,3438,3425,3427,3421,3437,3419,3453,3429,3428,3426,3454,3468,3459,3457,3453,3429,3433,3430,3454,3427,3421,3425,3440,3441,3449,3447,3443,3439,3430,3444,3429,3433,3436,3427,3423,3434,3422,3447,3426,3431,3456,3464,3458,3465,3446,3437,3431,3433,3425,3434,3438,3455,3470,3455,3448,3459,3460,3432,3428,3441,3438,3434,3441,3433,3430,3421,3425,3432,3435,3449,3432,3421,3425,3430,3427,3427,3445,3431,3425,3434,3438,3443,3440,3439,3443,3435,3434
STAT,(NULL),MeminfoPre,220,189137,866,854,862,870,868,871,858,862,847,850,873,864,873,889,906,872,842,860,855,847,871,858,875,867,865,865,864,856,853,852,855,873,871,851,857,846,856,860,854,868,877,862,868,857,870,847,849,864,874,868,902,892,872,849,856,854,850,867,861,867,877,858,871,866,848,851,859,852,871,871,851,854,852,857,861,867,865,854,866,895,854,855,866,869,859,855,869,852,855,852,851,870,847,840,856,862,870,867,855,850,857,854,850,845,852,846,860,850,877,883,870,857,848,852,853,881,851,845,840,844,858,862,863,869,872,867,857,858,848,853,865,848,854,858,845,847,841,857,839,873,849,848,846,874,888,879,877,873,849,853,850,874,847,841,845,860,861,869,867,863,859,850,864,849,853,856,847,843,854,842,867,846,851,876,884,878,885,866,857,851,853,845,854,858,875,890,875,868,879,880,852,848,861,858,854,861,853,850,841,845,852,855,869,852,841,845,850,847,847,865,851,845,854,858,863,860,859,863,855,854
STAT,(NULL),Partition,220,371,371,0,0,0,0,0,0,0,0,0,0,0,0,0,0,0,0,0,0,0,0,0,0,0,0,0,0,0,0,0,0,0,0,0,0,0,0,0,0,0,0,0,0,0,0,0,0,0,0,0,0,0,0,0,0,0,0,0,0,0,0,0,0,0,0,0,0,0,0,0,0,0,0,0,0,0,0,0,0,0,0,0,0,0,0,0,0,0,0,0,0,0,0,0,0,0,0,0,0,0,0,0,0,0,0,0,0,0,0,0,0,0,0,0,0,0,0,0,0,0,0,0,0,0,0,0,0,0,0,0,0,0,0,0,0,0,0,0,0,0,0,0,0,0,0,0,0,0,0,0,0,0,0,0,0,0,0,0,0,0,0,0,0,0,0,0,0,0,0,0,0,0,0,0,0,0,0,0,0,0,0,0,0,0,0,0,0,0,0,0,0,0,0,0,0,0,0,0,0,0,0,0,0,0,0,0,0,0,0,0,0,0,0,0,0,0,0,0,0,0
STAT,(NULL),Refine,220,2959,2959,0,0,0,0,0,0,0,0,0,0,0,0,0,0,0,0,0,0,0,0,0,0,0,0,0,0,0,0,0,0,0,0,0,0,0,0,0,0,0,0,0,0,0,0,0,0,0,0,0,0,0,0,0,0,0,0,0,0,0,0,0,0,0,0,0,0,0,0,0,0,0,0,0,0,0,0,0,0,0,0,0,0,0,0,0,0,0,0,0,0,0,0,0,0,0,0,0,0,0,0,0,0,0,0,0,0,0,0,0,0,0,0,0,0,0,0,0,0,0,0,0,0,0,0,0,0,0,0,0,0,0,0,0,0,0,0,0,0,0,0,0,0,0,0,0,0,0,0,0,0,0,0,0,0,0,0,0,0,0,0,0,0,0,0,0,0,0,0,0,0,0,0,0,0,0,0,0,0,0,0,0,0,0,0,0,0,0,0,0,0,0,0,0,0,0,0,0,0,0,0,0,0,0,0,0,0,0,0,0,0,0,0,0,0,0,0,0,0,0
STAT,(NULL),Threads,220,220,220,0,0,0,0,0,0,0,0,0,0,0,0,0,0,0,0,0,0,0,0,0,0,0,0,0,0,0,0,0,0,0,0,0,0,0,0,0,0,0,0,0,0,0,0,0,0,0,0,0,0,0,0,0,0,0,0,0,0,0,0,0,0,0,0,0,0,0,0,0,0,0,0,0,0,0,0,0,0,0,0,0,0,0,0,0,0,0,0,0,0,0,0,0,0,0,0,0,0,0,0,0,0,0,0,0,0,0,0,0,0,0,0,0,0,0,0,0,0,0,0,0,0,0,0,0,0,0,0,0,0,0,0,0,0,0,0,0,0,0,0,0,0,0,0,0,0,0,0,0,0,0,0,0,0,0,0,0,0,0,0,0,0,0,0,0,0,0,0,0,0,0,0,0,0,0,0,0,0,0,0,0,0,0,0,0,0,0,0,0,0,0,0,0,0,0,0,0,0,0,0,0,0,0,0,0,0,0,0,0,0,0,0,0,0,0,0,0,0,0
STAT,(NULL),Time,220,8065,8065,0,0,0,0,0,0,0,0,0,0,0,0,0,0,0,0,0,0,0,0,0,0,0,0,0,0,0,0,0,0,0,0,0,0,0,0,0,0,0,0,0,0,0,0,0,0,0,0,0,0,0,0,0,0,0,0,0,0,0,0,0,0,0,0,0,0,0,0,0,0,0,0,0,0,0,0,0,0,0,0,0,0,0,0,0,0,0,0,0,0,0,0,0,0,0,0,0,0,0,0,0,0,0,0,0,0,0,0,0,0,0,0,0,0,0,0,0,0,0,0,0,0,0,0,0,0,0,0,0,0,0,0,0,0,0,0,0,0,0,0,0,0,0,0,0,0,0,0,0,0,0,0,0,0,0,0,0,0,0,0,0,0,0,0,0,0,0,0,0,0,0,0,0,0,0,0,0,0,0,0,0,0,0,0,0,0,0,0,0,0,0,0,0,0,0,0,0,0,0,0,0,0,0,0,0,0,0,0,0,0,0,0,0,0,0,0,0,0,0
STAT,match,Conflicts,220,6356,42,38,45,38,44,40,45,44,51,37,49,39,50,46,34,41,45,42,35,39,46,44,43,38,39,37,41,44,43,36,36,39,30,34,37,32,27,37,30,36,38,33,32,35,31,31,41,38,26,40,36,28,32,29,37,40,28,31,36,33,29,28,20,28,27,23,25,24,23,28,22,26,21,27,21,24,26,26,24,22,23,23,24,25,23,26,22,23,23,29,24,23,23,24,28,30,25,27,30,29,23,29,28,30,21,24,27,25,28,33,31,25,25,27,24,24,30,27,32,21,21,22,26,24,24,25,18,26,23,26,24,25,22,25,31,26,25,31,29,22,28,21,25,24,26,26,23,24,25,32,25,25,29,24,26,23,27,28,23,28,23,33,23,25,24,20,32,26,25,26,20,29,28,26,29,29,30,32,23,30,31,28,25,22,19,29,23,28,24,24,29,21,21,22,25,27,14,24,32,27,26,28,26,28,31,26,26,20,27,26,33,27,21,27,22,22,27,29,24,25
STAT,match,Iterations,220,15063325,49007,32957,44374,42324,57190,54324,40309,40743,45334,40222,49321,40553,44564,49304,57049,54363,57618,56685,54896,56593,28621,58736,47300,73609,49467,61025,50970,59118,50859,53006,68252,37372,75524,51840,68607,57425,61055,60713,66942,63104,53891,74131,87455,78279,53335,69946,42804,57157,72421,52457,54412,79389,76121,64314,45935,56472,56876,45903,66842,80210,61798,72691,73834,59047,70797,104459,61278,66462,69952,64054,75066,86877,92939,65814,71189,68727,66401,81190,65055,85083,78467,77183,97967,83578,74529,45740,70577,79663,74669,93892,55062,69774,52052,77916,71409,78160,62168,57251,69403,69273,93649,72291,80920,73335,58424,83248,68070,91292,87232,56796,66537,91621,84921,92049,63669,68144,86967,71525,84841,70817,95617,80447,65211,59547,65458,69124,76043,68204,73773,74157,93199,59215,75960,75609,91088,44339,62001,80819,63802,60477,59730,85164,51358,74730,79062,87076,59976,68649,61817,77196,65417,68647,78954,73590,72348,73625,80079,66049,67027,84527,66635,78594,74572,64758,63681,86109,65026,98094,69539,68121,75292,85004,76491,63522,79345,68007,90288,76041,67945,64527,61442,77047,63672,78945,85542,65777,68233,70248,50758,75908,55578,86197,78383,80816,68120,59355,94769,74442,62904,82974,76979,80766,63530,53950,75985,69360,72224,71094,85595,71822,70930,75142,75002,70207,77137,75022,53523,82720,86429,56677
STAT,popedge,Conflicts,220,0,0,0,0,0,0,0,0,0,0,0,0,0,0,0,0,0,0,0,0,0,0,0,0,0,0,0,0,0,0,0,0,0,0,0,0,0,0,0,0,0,0,0,0,0,0,0,0,0,0,0,0,0,0,0,0,0,0,0,0,0,0,0,0,0,0,0,0,0,0,0,0,0,0,0,0,0,0,0,0,0,0,0,0,0,0,0,0,0,0,0,0,0,0,0,0,0,0,0,0,0,0,0,0,0,0,0,0,0,0,0,0,0,0,0,0,0,0,0,0,0,0,0,0,0,0,0,0,0,0,0,0,0,0,0,0,0,0,0,0,0,0,0,0,0,0,0,0,0,0,0,0,0,0,0,0,0,0,0,0,0,0,0,0,0,0,0,0,0,0,0,0,0,0,0,0,0,0,0,0,0,0,0,0,0,0,0,0,0,0,0,0,0,0,0,0,0,0,0,0,0,0,0,0,0,0,0,0,0,0,0,0,0,0,0,0,0,0,0,0,0
STAT,popedge,Iterations,220,7382213,32239,31013,30750,31029,32093,32123,33261,32874,32153,33160,32406,32560,32459,32578,31141,30853,31510,31694,33456,32490,32379,32261,30957,32271,31296,33367,30220,33456,33638,31714,33399,32059,31933,31950,32358,31906,32496,36370,35012,34906,34222,34272,34575,35209,33805,35688,37934,35620,35441,35834,35154,35250,37034,35401,37373,36274,36390,36339,37662,37541,36464,30574,30465,33639,30399,32218,30935,32579,31091,30709,31288,32762,31298,31185,30460,30791,31970,31146,30259,31391,31373,30432,34367,31941,32197,32736,32294,30950,32206,33701,31288,33529,32551,32487,31585,32203,30412,30960,36169,34791,35731,38540,35454,37300,37931,36131,34910,36790,36724,34357,34025,37563,38248,37681,34316,36899,36989,34669,37008,37376,38120,36197,30113,32794,31449,30221,32891,31865,34444,30972,32215,33442,33604,31634,31234,34375,30652,31551,31999,31896,33295,31822,32217,30871,32591,30674,32859,33514,30902,32928,34165,32494,33783,33459,34038,31840,33001,32629,31401,38030,33569,35121,35735,36644,37315,37191,36043,38573,36492,36499,35453,34936,36697,37509,37938,36063,36499,37723,35360,35092,37666,38361,34959,32070,34292,31578,30940,32817,32082,32425,32146,33073,33722,34097,32705,31401,34804,31553,34484,32926,31365,32305,33534,35472,34014,32665,31500,31406,34827,31602,32444,33969,31628,33195,33213,35339,32705,32296,33462,31293
STAT,refine,Conflicts,220,6138,128,120,118,106,110,97,101,97,85,78,86,75,88,83,77,68,63,68,62,56,69,64,58,74,55,67,55,59,53,66,53,58,42,49,37,35,43,32,33,33,38,33,43,34,37,33,31,50,36,41,39,40,35,34,29,36,21,34,41,40,43,21,21,15,12,14,8,13,23,19,18,7,10,13,21,14,5,17,13,15,14,24,15,18,18,16,20,21,17,17,14,10,17,17,21,20,11,17,19,19,21,15,17,9,19,21,18,17,22,24,25,19,11,19,11,12,26,18,22,19,18,18,19,18,12,23,14,12,18,18,22,23,14,12,16,16,8,16,6,8,10,12,18,29,17,15,8,10,13,8,23,22,19,20,14,19,14,20,12,21,7,18,19,18,28,21,15,17,19,20,17,12,10,13,14,18,13,17,9,14,23,29,18,27,7,18,8,21,14,13,16,15,11,18,10,11,12,13,14,10,9,18,10,12,15,14,12,13,23,17,19,9,14,13,26,20,15,17,15,27
STAT,refine,Iterations,220,39501,365,318,352,351,282,281,321,299,320,228,227,222,275,317,279,229,217,192,204,190,189,341,212,280,186,258,246,213,225,215,211,316,236,194,206,146,201,282,148,162,166,134,194,161,151,156,161,160,206,226,202,299,245,207,129,128,137,120,279,178,281,168,164,120,143,183,101,138,301,205,156,137,98,139,207,103,99,151,99,215,122,139,258,127,171,134,243,167,158,241,104,153,89,192,139,156,130,172,172,161,201,207,159,136,128,144,104,212,189,179,187,254,260,151,98,126,147,167,107,209,141,156,165,164,115,202,110,137,175,231,228,103,164,98,156,146,67,205,119,98,148,119,95,305,138,143,116,150,172,198,219,141,134,161,168,128,187,183,138,283,155,232,136,160,152,128,138,125,180,135,155,174,163,252,166,221,138,157,123,90,197,191,157,190,108,124,148,206,112,105,140,163,166,120,158,175,229,115,181,184,139,143,86,79,388,183,157,148,222,157,212,165,125,171,161,148,199,185,169,233
