Hello from MIC
Galois Benchmark Suite v2.2.0 (r0)
Copyright (C) 2013 The University of Texas at Austin
http://iss.ices.utexas.edu/galois/

application: GMetis
Partitions a graph into K parts and minimizing the graph cut
http://iss.ices.utexas.edu/?p=projects/galois/benchmarks/gMetis

INFO: CommandLine /work/02556/dpereira/MIC/apps/gmetis/gmetis -t=124 /work/02556/dpereira/Inputs/USA-road-d.W.gr 128
INFO: Hostname c558-001-mic0.stampede.tacc.utexas.edu
Created Graph with 6262104 nodes and 15248146 edges
Nodes 6262104| Edges 15248146 7624073

  Starting coarsening: 
Time coarsen:  2340 Size of final graph: 3074

  Sarting initial partitioning using GGGP:
Size in decade percentages:  -1,7 -0,116 1,5
Time clustering:  431

  Sarting refinnement with BKL2
Initial dist
Size in decade percentages:  -1,7 -0,116 1,5
Refined dist
Size in decade percentages:  -1,47 -0,34 1,47
Time refinement:  1290


Time:  4239
Total edge cut : 7912

Part saved in : 0x7fff065fb6e0
STATTYPE,LOOP,CATEGORY,n,sum,T0,T1,T2,T3,T4,T5,T6,T7,T8,T9,T10,T11,T12,T13,T14,T15,T16,T17,T18,T19,T20,T21,T22,T23,T24,T25,T26,T27,T28,T29,T30,T31,T32,T33,T34,T35,T36,T37,T38,T39,T40,T41,T42,T43,T44,T45,T46,T47,T48,T49,T50,T51,T52,T53,T54,T55,T56,T57,T58,T59,T60,T61,T62,T63,T64,T65,T66,T67,T68,T69,T70,T71,T72,T73,T74,T75,T76,T77,T78,T79,T80,T81,T82,T83,T84,T85,T86,T87,T88,T89,T90,T91,T92,T93,T94,T95,T96,T97,T98,T99,T100,T101,T102,T103,T104,T105,T106,T107,T108,T109,T110,T111,T112,T113,T114,T115,T116,T117,T118,T119,T120,T121,T122,T123
STAT,(NULL),Coarsen,124,2340,2340,0,0,0,0,0,0,0,0,0,0,0,0,0,0,0,0,0,0,0,0,0,0,0,0,0,0,0,0,0,0,0,0,0,0,0,0,0,0,0,0,0,0,0,0,0,0,0,0,0,0,0,0,0,0,0,0,0,0,0,0,0,0,0,0,0,0,0,0,0,0,0,0,0,0,0,0,0,0,0,0,0,0,0,0,0,0,0,0,0,0,0,0,0,0,0,0,0,0,0,0,0,0,0,0,0,0,0,0,0,0,0,0,0,0,0,0,0,0,0,0,0,0,0
STAT,(NULL),Conflicts,124,0,0,0,0,0,0,0,0,0,0,0,0,0,0,0,0,0,0,0,0,0,0,0,0,0,0,0,0,0,0,0,0,0,0,0,0,0,0,0,0,0,0,0,0,0,0,0,0,0,0,0,0,0,0,0,0,0,0,0,0,0,0,0,0,0,0,0,0,0,0,0,0,0,0,0,0,0,0,0,0,0,0,0,0,0,0,0,0,0,0,0,0,0,0,0,0,0,0,0,0,0,0,0,0,0,0,0,0,0,0,0,0,0,0,0,0,0,0,0,0,0,0,0,0,0
STAT,(NULL),Iterations,124,255,8,3,1,0,0,2,0,3,1,4,0,0,2,0,3,4,2,1,0,3,3,3,1,0,5,5,1,2,3,0,4,0,3,4,0,2,2,0,5,1,4,4,2,2,1,3,2,1,1,3,0,0,1,0,0,3,3,2,1,5,0,7,1,5,2,1,6,1,2,1,3,2,0,1,4,1,1,0,3,3,1,3,0,1,0,7,0,6,2,1,4,6,0,5,5,1,3,0,4,2,6,4,0,4,2,0,1,2,0,0,0,3,0,4,2,0,0,2,3,2,0,2,4,0
STAT,(NULL),MeminfoPost,124,756546,6109,6111,6111,6104,6096,6105,6108,6151,6147,6084,6090,6099,6119,6116,6113,6091,6094,6107,6112,6083,6093,6093,6120,6113,6102,6101,6100,6120,6166,6121,6088,6087,6114,6113,6102,6121,6089,6094,6110,6102,6088,6095,6115,6097,6139,6097,6111,6103,6108,6086,6091,6104,6071,6098,6118,6096,6091,6090,6076,6093,6088,6140,6110,6084,6094,6108,6072,6078,6107,6111,6120,6100,6083,6100,6089,6085,6077,6088,6096,6080,6101,6139,6139,6092,6087,6108,6070,6093,6111,6117,6094,6094,6086,6083,6078,6084,6094,6104,6141,6140,6098,6087,6079,6107,6147,6116,6141,6081,6111,6087,6094,6085,6076,6078,6111,6069,6092,6059,6110,6088,6099,6099,6102,6099
STAT,(NULL),MeminfoPre,124,189122,1533,1535,1535,1528,1520,1529,1532,1575,1571,1508,1514,1523,1543,1540,1537,1515,1518,1531,1536,1507,1517,1517,1544,1537,1526,1525,1524,1544,1590,1545,1512,1511,1538,1537,1526,1545,1513,1518,1534,1526,1512,1519,1539,1521,1563,1521,1535,1527,1532,1510,1515,1528,1495,1522,1542,1520,1515,1514,1500,1517,1512,1564,1534,1508,1518,1532,1496,1502,1531,1535,1544,1524,1507,1524,1513,1509,1501,1512,1520,1504,1525,1563,1563,1516,1511,1532,1494,1517,1535,1541,1518,1518,1510,1507,1502,1508,1518,1528,1565,1564,1522,1511,1503,1531,1571,1540,1565,1505,1535,1511,1518,1509,1500,1502,1535,1493,1516,1483,1534,1512,1523,1523,1526,1523
STAT,(NULL),Partition,124,431,431,0,0,0,0,0,0,0,0,0,0,0,0,0,0,0,0,0,0,0,0,0,0,0,0,0,0,0,0,0,0,0,0,0,0,0,0,0,0,0,0,0,0,0,0,0,0,0,0,0,0,0,0,0,0,0,0,0,0,0,0,0,0,0,0,0,0,0,0,0,0,0,0,0,0,0,0,0,0,0,0,0,0,0,0,0,0,0,0,0,0,0,0,0,0,0,0,0,0,0,0,0,0,0,0,0,0,0,0,0,0,0,0,0,0,0,0,0,0,0,0,0,0,0
STAT,(NULL),Refine,124,1290,1290,0,0,0,0,0,0,0,0,0,0,0,0,0,0,0,0,0,0,0,0,0,0,0,0,0,0,0,0,0,0,0,0,0,0,0,0,0,0,0,0,0,0,0,0,0,0,0,0,0,0,0,0,0,0,0,0,0,0,0,0,0,0,0,0,0,0,0,0,0,0,0,0,0,0,0,0,0,0,0,0,0,0,0,0,0,0,0,0,0,0,0,0,0,0,0,0,0,0,0,0,0,0,0,0,0,0,0,0,0,0,0,0,0,0,0,0,0,0,0,0,0,0,0
STAT,(NULL),Threads,124,124,124,0,0,0,0,0,0,0,0,0,0,0,0,0,0,0,0,0,0,0,0,0,0,0,0,0,0,0,0,0,0,0,0,0,0,0,0,0,0,0,0,0,0,0,0,0,0,0,0,0,0,0,0,0,0,0,0,0,0,0,0,0,0,0,0,0,0,0,0,0,0,0,0,0,0,0,0,0,0,0,0,0,0,0,0,0,0,0,0,0,0,0,0,0,0,0,0,0,0,0,0,0,0,0,0,0,0,0,0,0,0,0,0,0,0,0,0,0,0,0,0,0,0,0
STAT,(NULL),Time,124,4239,4239,0,0,0,0,0,0,0,0,0,0,0,0,0,0,0,0,0,0,0,0,0,0,0,0,0,0,0,0,0,0,0,0,0,0,0,0,0,0,0,0,0,0,0,0,0,0,0,0,0,0,0,0,0,0,0,0,0,0,0,0,0,0,0,0,0,0,0,0,0,0,0,0,0,0,0,0,0,0,0,0,0,0,0,0,0,0,0,0,0,0,0,0,0,0,0,0,0,0,0,0,0,0,0,0,0,0,0,0,0,0,0,0,0,0,0,0,0,0,0,0,0,0,0
STAT,match,Conflicts,124,5931,86,73,68,62,64,63,78,55,61,72,58,72,55,64,60,75,64,57,59,47,63,50,55,60,82,68,63,60,51,67,60,69,41,48,41,47,48,54,45,43,50,66,46,46,53,36,54,57,43,41,58,47,42,52,62,61,53,48,65,61,48,32,28,45,29,29,50,41,31,36,46,44,41,38,31,39,31,33,43,33,37,49,38,26,44,53,43,45,28,35,29,37,48,32,41,33,36,41,44,35,38,31,45,29,35,44,37,34,48,37,38,46,39,41,46,41,61,36,43,48,35,36,31,41
STAT,match,Iterations,124,14978666,79577,87739,99518,100855,104919,115452,110840,110496,115665,95464,111548,105618,105072,84892,117381,113076,106734,117753,105046,110080,128278,122148,123075,103283,114926,91239,110824,108721,122585,109098,119006,107976,118201,130324,136841,127100,120527,122099,116390,132200,104715,117074,114529,90255,126441,124212,122182,93053,113550,123413,79688,121373,130559,104113,107285,100506,120318,116872,107544,85945,111525,109166,113646,126595,137619,145582,133325,122965,141333,137870,142462,115320,133019,121387,150447,140652,141312,141165,130608,129557,127866,120599,132487,140670,125276,133236,145929,132894,155528,126032,137598,141843,120758,114023,125708,132063,146182,128043,139942,126018,140494,123096,120641,143840,131259,125523,124494,151296,138260,115879,135280,112161,131190,132804,115125,127064,111969,130341,114788,129576,126445,130143,107975,114580
STAT,popedge,Conflicts,124,0,0,0,0,0,0,0,0,0,0,0,0,0,0,0,0,0,0,0,0,0,0,0,0,0,0,0,0,0,0,0,0,0,0,0,0,0,0,0,0,0,0,0,0,0,0,0,0,0,0,0,0,0,0,0,0,0,0,0,0,0,0,0,0,0,0,0,0,0,0,0,0,0,0,0,0,0,0,0,0,0,0,0,0,0,0,0,0,0,0,0,0,0,0,0,0,0,0,0,0,0,0,0,0,0,0,0,0,0,0,0,0,0,0,0,0,0,0,0,0,0,0,0,0,0
STAT,popedge,Iterations,124,7336430,53508,52495,59718,59542,61153,57922,60592,57987,56119,61963,50393,58433,60353,61216,59747,60924,60940,58481,62314,60923,59484,58642,58370,59003,58735,63374,60231,60132,58963,60172,59994,62456,57914,57638,56603,56917,57097,60493,57334,59949,59727,56798,55215,58788,57963,55343,55185,58644,56480,56364,58683,60183,59189,58895,63462,62380,59423,59638,59680,60956,60693,48632,49399,58781,60616,58627,60955,59971,59045,58078,57949,49995,57737,58817,58485,56996,58882,59352,57856,60191,62706,60609,58507,60200,59035,59570,60295,59670,59437,57154,60430,60213,61282,60528,58194,61438,59109,59777,59773,60491,58056,57984,59552,58142,60985,60303,60206,62257,58476,64286,60568,62791,64965,61437,61534,58611,63188,60916,65093,64606,63460,61889,53750,52680
STAT,refine,Conflicts,124,4935,119,107,100,96,80,98,90,82,70,82,86,73,72,84,74,64,54,53,59,56,59,64,60,49,47,47,76,64,58,61,51,46,43,39,38,36,32,54,54,40,40,50,41,49,38,34,37,44,37,39,31,44,46,50,42,38,43,37,44,36,34,23,24,21,13,21,26,22,19,22,22,23,18,24,25,24,24,20,18,17,23,31,27,22,22,18,23,28,28,25,33,23,24,29,22,20,23,21,30,31,25,23,21,32,18,24,25,25,16,17,25,19,28,25,28,23,23,26,15,26,18,27,33,13
STAT,refine,Iterations,124,131785,1146,1031,1157,898,917,1018,1080,1318,1344,1049,1108,850,1100,1123,793,862,841,939,1124,1113,1321,1044,1479,1063,866,801,1145,1293,1532,1345,910,964,1112,1383,1198,900,832,1132,1136,1101,959,1156,1044,1032,1247,911,1107,718,851,937,731,847,860,977,955,1076,860,961,920,923,889,1107,1098,969,745,928,955,1017,1163,1120,1103,1066,989,991,947,862,1275,1090,1043,848,1162,1395,1396,1265,1114,956,875,1328,1553,1312,1265,1103,1200,1058,1303,1222,1048,986,1289,1475,950,1016,1155,1441,1525,1090,673,1060,805,737,898,1045,1019,855,965,817,1165,1118,1010,1161,1159,1037,1340,794
