Hello from MIC
Galois Benchmark Suite v2.2.0 (r0)
Copyright (C) 2013 The University of Texas at Austin
http://iss.ices.utexas.edu/galois/

application: GMetis
Partitions a graph into K parts and minimizing the graph cut
http://iss.ices.utexas.edu/?p=projects/galois/benchmarks/gMetis

INFO: CommandLine /work/02556/dpereira/MIC/apps/gmetis/gmetis -t=198 /work/02556/dpereira/Inputs/USA-road-d.W.gr 16
INFO: Hostname c558-002-mic0.stampede.tacc.utexas.edu
Created Graph with 6262104 nodes and 15248146 edges
Nodes 6262104| Edges 15248146 7624073

  Starting coarsening: 
Time coarsen:  3990 Size of final graph: 446

  Sarting initial partitioning using GGGP:
Size in decade percentages:  -1,2 -0,14
Time clustering:  368

  Sarting refinnement with BKL2
Initial dist
Size in decade percentages:  -1,2 -0,14
Refined dist
Size in decade percentages:  -1,7 0,2 1,7
Time refinement:  2597


Time:  7130
Total edge cut : 2135

Part saved in : 0x7fffec14fc60
STATTYPE,LOOP,CATEGORY,n,sum,T0,T1,T2,T3,T4,T5,T6,T7,T8,T9,T10,T11,T12,T13,T14,T15,T16,T17,T18,T19,T20,T21,T22,T23,T24,T25,T26,T27,T28,T29,T30,T31,T32,T33,T34,T35,T36,T37,T38,T39,T40,T41,T42,T43,T44,T45,T46,T47,T48,T49,T50,T51,T52,T53,T54,T55,T56,T57,T58,T59,T60,T61,T62,T63,T64,T65,T66,T67,T68,T69,T70,T71,T72,T73,T74,T75,T76,T77,T78,T79,T80,T81,T82,T83,T84,T85,T86,T87,T88,T89,T90,T91,T92,T93,T94,T95,T96,T97,T98,T99,T100,T101,T102,T103,T104,T105,T106,T107,T108,T109,T110,T111,T112,T113,T114,T115,T116,T117,T118,T119,T120,T121,T122,T123,T124,T125,T126,T127,T128,T129,T130,T131,T132,T133,T134,T135,T136,T137,T138,T139,T140,T141,T142,T143,T144,T145,T146,T147,T148,T149,T150,T151,T152,T153,T154,T155,T156,T157,T158,T159,T160,T161,T162,T163,T164,T165,T166,T167,T168,T169,T170,T171,T172,T173,T174,T175,T176,T177,T178,T179,T180,T181,T182,T183,T184,T185,T186,T187,T188,T189,T190,T191,T192,T193,T194,T195,T196,T197
STAT,(NULL),Coarsen,198,3990,3990,0,0,0,0,0,0,0,0,0,0,0,0,0,0,0,0,0,0,0,0,0,0,0,0,0,0,0,0,0,0,0,0,0,0,0,0,0,0,0,0,0,0,0,0,0,0,0,0,0,0,0,0,0,0,0,0,0,0,0,0,0,0,0,0,0,0,0,0,0,0,0,0,0,0,0,0,0,0,0,0,0,0,0,0,0,0,0,0,0,0,0,0,0,0,0,0,0,0,0,0,0,0,0,0,0,0,0,0,0,0,0,0,0,0,0,0,0,0,0,0,0,0,0,0,0,0,0,0,0,0,0,0,0,0,0,0,0,0,0,0,0,0,0,0,0,0,0,0,0,0,0,0,0,0,0,0,0,0,0,0,0,0,0,0,0,0,0,0,0,0,0,0,0,0,0,0,0,0,0,0,0,0,0,0,0,0,0,0,0,0,0,0,0,0,0,0,0
STAT,(NULL),Conflicts,198,0,0,0,0,0,0,0,0,0,0,0,0,0,0,0,0,0,0,0,0,0,0,0,0,0,0,0,0,0,0,0,0,0,0,0,0,0,0,0,0,0,0,0,0,0,0,0,0,0,0,0,0,0,0,0,0,0,0,0,0,0,0,0,0,0,0,0,0,0,0,0,0,0,0,0,0,0,0,0,0,0,0,0,0,0,0,0,0,0,0,0,0,0,0,0,0,0,0,0,0,0,0,0,0,0,0,0,0,0,0,0,0,0,0,0,0,0,0,0,0,0,0,0,0,0,0,0,0,0,0,0,0,0,0,0,0,0,0,0,0,0,0,0,0,0,0,0,0,0,0,0,0,0,0,0,0,0,0,0,0,0,0,0,0,0,0,0,0,0,0,0,0,0,0,0,0,0,0,0,0,0,0,0,0,0,0,0,0,0,0,0,0,0,0,0,0,0,0,0
STAT,(NULL),Iterations,198,31,5,0,0,0,0,0,0,0,0,0,0,0,0,0,0,0,0,0,0,0,0,0,0,0,0,0,0,0,0,0,0,0,0,1,0,1,0,0,0,0,0,0,0,0,0,0,0,0,0,0,0,0,0,0,0,0,0,0,0,0,0,4,0,0,0,0,0,0,0,0,0,1,0,0,0,0,0,0,0,0,0,1,0,0,0,0,0,0,0,0,3,1,0,0,0,0,1,0,1,0,0,0,0,0,0,0,0,0,0,0,0,1,0,2,2,0,0,0,0,0,0,0,0,0,0,0,0,0,0,0,0,0,0,0,0,0,0,0,0,0,0,0,0,0,0,0,0,0,0,0,0,0,0,0,0,0,0,0,0,0,0,2,0,0,0,0,0,0,0,0,0,0,0,3,0,0,0,0,0,0,0,0,0,0,0,0,0,0,0,0,0,0,0,0,0,2,0,0
STAT,(NULL),MeminfoPost,198,756885,3827,3812,3838,3833,3834,3819,3818,3824,3810,3831,3839,3828,3883,3850,3813,3818,3814,3813,3833,3824,3833,3846,3821,3829,3822,3810,3815,3818,3834,3837,3817,3808,3815,3824,3817,3828,3843,3827,3826,3812,3833,3808,3832,3829,3832,3875,3852,3828,3811,3813,3817,3830,3821,3831,3848,3818,3830,3829,3807,3814,3819,3835,3831,3815,3815,3815,3820,3829,3825,3817,3835,3857,3816,3820,3832,3830,3818,3823,3823,3815,3816,3812,3831,3806,3805,3825,3828,3834,3819,3814,3819,3816,3809,3808,3810,3824,3807,3840,3849,3833,3814,3815,3815,3831,3823,3810,3805,3802,3820,3827,3835,3826,3834,3823,3824,3814,3811,3827,3812,3817,3818,3805,3804,3812,3806,3833,3810,3809,3818,3842,3850,3841,3843,3812,3818,3817,3831,3807,3800,3818,3823,3830,3830,3827,3822,3810,3824,3814,3818,3807,3808,3814,3804,3828,3808,3822,3848,3843,3849,3839,3819,3811,3813,3808,3819,3830,3846,3849,3828,3846,3843,3813,3812,3833,3809,3820,3816,3816,3803,3806,3811,3816,3843,3803,3805,3796,3820,3807,3827,3814,3806,3820,3823,3826,3824,3824,3813,3824
STAT,(NULL),MeminfoPre,198,189219,960,945,971,966,967,952,951,957,943,964,972,961,1016,983,946,951,947,946,966,957,966,979,954,962,955,943,948,951,967,970,950,941,948,957,950,961,976,960,959,945,966,941,965,962,965,1008,985,961,944,946,950,963,954,964,981,951,963,962,940,947,952,968,964,948,948,948,953,962,958,950,968,990,949,953,965,963,951,956,956,948,949,945,964,939,938,958,961,967,952,947,952,949,942,941,943,957,940,973,982,966,947,948,948,964,956,943,938,935,953,960,968,959,967,956,957,947,944,960,945,950,951,938,937,945,939,966,943,942,951,975,983,974,976,945,951,950,964,940,933,951,956,963,963,960,955,943,957,947,951,940,941,947,937,961,941,955,981,976,982,972,952,944,946,941,952,963,979,982,961,979,976,946,945,966,942,953,949,949,936,939,944,949,976,936,938,929,953,940,960,947,939,953,956,959,957,957,946,957
STAT,(NULL),Partition,198,368,368,0,0,0,0,0,0,0,0,0,0,0,0,0,0,0,0,0,0,0,0,0,0,0,0,0,0,0,0,0,0,0,0,0,0,0,0,0,0,0,0,0,0,0,0,0,0,0,0,0,0,0,0,0,0,0,0,0,0,0,0,0,0,0,0,0,0,0,0,0,0,0,0,0,0,0,0,0,0,0,0,0,0,0,0,0,0,0,0,0,0,0,0,0,0,0,0,0,0,0,0,0,0,0,0,0,0,0,0,0,0,0,0,0,0,0,0,0,0,0,0,0,0,0,0,0,0,0,0,0,0,0,0,0,0,0,0,0,0,0,0,0,0,0,0,0,0,0,0,0,0,0,0,0,0,0,0,0,0,0,0,0,0,0,0,0,0,0,0,0,0,0,0,0,0,0,0,0,0,0,0,0,0,0,0,0,0,0,0,0,0,0,0,0,0,0,0,0
STAT,(NULL),Refine,198,2597,2597,0,0,0,0,0,0,0,0,0,0,0,0,0,0,0,0,0,0,0,0,0,0,0,0,0,0,0,0,0,0,0,0,0,0,0,0,0,0,0,0,0,0,0,0,0,0,0,0,0,0,0,0,0,0,0,0,0,0,0,0,0,0,0,0,0,0,0,0,0,0,0,0,0,0,0,0,0,0,0,0,0,0,0,0,0,0,0,0,0,0,0,0,0,0,0,0,0,0,0,0,0,0,0,0,0,0,0,0,0,0,0,0,0,0,0,0,0,0,0,0,0,0,0,0,0,0,0,0,0,0,0,0,0,0,0,0,0,0,0,0,0,0,0,0,0,0,0,0,0,0,0,0,0,0,0,0,0,0,0,0,0,0,0,0,0,0,0,0,0,0,0,0,0,0,0,0,0,0,0,0,0,0,0,0,0,0,0,0,0,0,0,0,0,0,0,0,0
STAT,(NULL),Threads,198,198,198,0,0,0,0,0,0,0,0,0,0,0,0,0,0,0,0,0,0,0,0,0,0,0,0,0,0,0,0,0,0,0,0,0,0,0,0,0,0,0,0,0,0,0,0,0,0,0,0,0,0,0,0,0,0,0,0,0,0,0,0,0,0,0,0,0,0,0,0,0,0,0,0,0,0,0,0,0,0,0,0,0,0,0,0,0,0,0,0,0,0,0,0,0,0,0,0,0,0,0,0,0,0,0,0,0,0,0,0,0,0,0,0,0,0,0,0,0,0,0,0,0,0,0,0,0,0,0,0,0,0,0,0,0,0,0,0,0,0,0,0,0,0,0,0,0,0,0,0,0,0,0,0,0,0,0,0,0,0,0,0,0,0,0,0,0,0,0,0,0,0,0,0,0,0,0,0,0,0,0,0,0,0,0,0,0,0,0,0,0,0,0,0,0,0,0,0,0
STAT,(NULL),Time,198,7130,7130,0,0,0,0,0,0,0,0,0,0,0,0,0,0,0,0,0,0,0,0,0,0,0,0,0,0,0,0,0,0,0,0,0,0,0,0,0,0,0,0,0,0,0,0,0,0,0,0,0,0,0,0,0,0,0,0,0,0,0,0,0,0,0,0,0,0,0,0,0,0,0,0,0,0,0,0,0,0,0,0,0,0,0,0,0,0,0,0,0,0,0,0,0,0,0,0,0,0,0,0,0,0,0,0,0,0,0,0,0,0,0,0,0,0,0,0,0,0,0,0,0,0,0,0,0,0,0,0,0,0,0,0,0,0,0,0,0,0,0,0,0,0,0,0,0,0,0,0,0,0,0,0,0,0,0,0,0,0,0,0,0,0,0,0,0,0,0,0,0,0,0,0,0,0,0,0,0,0,0,0,0,0,0,0,0,0,0,0,0,0,0,0,0,0,0,0,0
STAT,match,Conflicts,198,6629,52,55,51,64,45,48,49,55,55,56,48,46,64,43,56,53,52,47,44,53,49,40,44,51,59,39,41,45,46,40,40,42,33,42,37,39,43,46,38,35,44,38,41,45,45,36,40,42,35,37,36,27,32,39,33,44,42,31,38,39,37,34,29,28,32,33,30,25,29,27,29,28,27,30,28,23,29,29,28,31,28,21,23,32,30,40,28,32,32,31,24,22,31,30,33,30,20,27,27,32,25,29,37,28,32,33,29,31,30,26,29,34,24,23,25,29,24,31,28,40,29,25,24,33,35,32,29,36,29,27,21,22,24,34,35,25,20,35,28,28,23,35,29,33,32,30,30,33,29,33,34,25,24,29,23,33,31,37,33,31,21,23,35,34,29,30,38,31,33,30,29,24,34,25,28,29,26,27,29,22,31,27,29,26,27,25,28,31,34,23,28,26,24,20,22,27,18,33
STAT,match,Iterations,198,15041851,49946,61671,53257,58846,57068,67699,64425,45886,53963,59355,53412,57710,61779,57193,62108,47221,60746,80721,61018,66981,55998,69865,53310,51501,51662,73872,90601,58023,73649,74369,64484,74092,65941,65465,70357,77829,79131,43017,86196,59842,59138,81509,60760,66927,73671,79713,79317,73690,62536,82681,89414,65502,84356,60294,78569,58926,66753,75287,52138,73359,57144,54833,74746,78768,75306,63625,87238,80575,82507,70976,80756,70540,90485,83418,85309,89983,79977,98716,67491,78120,90345,92899,95657,111809,81891,71942,84847,77491,78486,76238,78099,101002,78267,77738,76940,73025,89047,87589,70560,90017,80749,74026,89847,94119,64454,102455,74381,75834,82425,68355,79418,86141,91102,86433,85160,76765,91462,71418,90043,71972,61552,83249,81684,61667,71105,77593,83488,94537,81747,66187,99265,83796,60135,80159,84400,58822,102111,69767,68543,100381,73986,66851,107382,75402,64134,100342,92258,74214,71754,80180,59729,91023,90181,84955,85147,71813,83599,65753,86987,90364,88006,101300,84769,76545,82924,70830,76683,72585,56951,86821,67737,77367,82781,82802,70479,88403,95369,89671,79834,85876,59001,105110,70854,84896,78578,71149,75283,75975,53027,74124,73521,83668,83714,96333,89645,78911,90386,77991
STAT,popedge,Conflicts,198,0,0,0,0,0,0,0,0,0,0,0,0,0,0,0,0,0,0,0,0,0,0,0,0,0,0,0,0,0,0,0,0,0,0,0,0,0,0,0,0,0,0,0,0,0,0,0,0,0,0,0,0,0,0,0,0,0,0,0,0,0,0,0,0,0,0,0,0,0,0,0,0,0,0,0,0,0,0,0,0,0,0,0,0,0,0,0,0,0,0,0,0,0,0,0,0,0,0,0,0,0,0,0,0,0,0,0,0,0,0,0,0,0,0,0,0,0,0,0,0,0,0,0,0,0,0,0,0,0,0,0,0,0,0,0,0,0,0,0,0,0,0,0,0,0,0,0,0,0,0,0,0,0,0,0,0,0,0,0,0,0,0,0,0,0,0,0,0,0,0,0,0,0,0,0,0,0,0,0,0,0,0,0,0,0,0,0,0,0,0,0,0,0,0,0,0,0,0,0
STAT,popedge,Iterations,198,7368797,33386,34689,33410,32797,34254,33360,33284,34228,34531,35549,33764,34693,34032,33323,34498,41846,39287,37631,37103,39091,37976,36753,40361,37505,38841,38148,37821,39323,37788,38150,37427,39316,41251,38635,37858,37784,36014,36493,38405,37127,37635,37960,37584,38010,36055,36896,37530,37927,39577,38582,37829,38488,38080,38476,37335,38026,40761,38221,41684,39328,38389,32693,33074,34112,32311,34386,34184,33419,32307,32169,33829,31997,33690,32291,31244,33064,37074,37092,39581,34373,38415,37659,39983,39043,39106,38312,37248,37502,37970,37187,37915,39376,38189,39366,37320,37868,37197,38038,37438,36584,39542,38877,38444,37372,37902,39255,38750,40324,39459,40592,40445,38118,41434,40475,38319,39232,37785,39689,41381,40555,39281,39011,32069,35534,33728,32549,32994,33032,35280,33101,34830,33522,33492,33537,32484,33797,35075,40797,40080,39174,37425,38873,38410,38431,40047,36261,36989,40139,39556,37658,38450,38485,36990,38913,40227,38667,38302,36447,38032,37503,39697,38530,40396,37458,37385,37768,38649,40042,42240,39341,39902,40808,40812,40390,40288,40072,40358,37670,40631,41383,40997,38296,40417,32282,33710,36386,33894,35645,35230,34346,34049,33472,35057,34499,36348,35987,33852,36677
STAT,refine,Conflicts,198,6317,134,128,117,123,107,111,111,101,85,101,90,107,100,86,96,63,68,71,69,63,68,69,75,63,63,60,70,57,63,75,32,50,33,44,32,46,49,41,42,34,38,46,30,35,46,43,49,55,41,31,34,32,41,40,19,41,48,36,43,49,37,14,17,16,10,16,11,14,14,17,19,16,12,23,15,17,9,24,14,22,17,11,18,24,26,17,18,24,12,16,28,8,27,15,24,18,22,18,18,20,14,19,27,12,19,20,27,21,21,19,17,14,14,14,21,14,8,29,18,16,25,24,12,14,19,16,10,21,19,18,25,15,21,18,27,9,15,15,29,24,8,24,17,23,19,10,17,20,23,29,13,22,5,21,13,28,27,25,22,20,26,20,19,20,22,20,20,23,18,13,21,7,21,12,16,29,14,14,32,18,18,20,14,16,14,17,12,17,22,17,15,10,13,17,22,15,15,20
STAT,refine,Iterations,198,44209,390,391,372,363,296,383,320,371,308,347,363,324,472,365,371,203,239,312,257,321,290,199,246,276,240,270,322,320,293,301,198,270,241,208,177,240,253,212,141,189,158,222,156,185,304,393,370,340,171,159,197,240,252,246,197,177,276,134,161,332,176,158,155,183,180,145,193,170,177,209,255,295,164,280,255,212,118,220,205,211,190,158,167,196,237,232,201,271,176,191,241,216,256,178,209,205,207,215,191,209,144,151,245,139,134,291,294,248,230,175,147,184,163,210,174,220,175,251,228,137,322,223,202,138,232,136,127,197,170,211,275,265,222,209,313,157,153,170,212,269,150,250,284,249,223,180,223,235,235,302,225,257,160,217,149,277,238,199,205,196,130,215,213,219,191,205,331,264,151,253,205,120,192,104,211,224,153,137,242,161,115,210,89,175,133,162,172,172,236,167,236,151,197,164,206,343,132,200
