Hello from MIC
Galois Benchmark Suite v2.2.0 (r0)
Copyright (C) 2013 The University of Texas at Austin
http://iss.ices.utexas.edu/galois/

application: GMetis
Partitions a graph into K parts and minimizing the graph cut
http://iss.ices.utexas.edu/?p=projects/galois/benchmarks/gMetis

INFO: CommandLine /work/02556/dpereira/MIC/apps/gmetis/gmetis -t=237 /work/02556/dpereira/Inputs/USA-road-d.W.gr 1024
INFO: Hostname c557-803-mic0.stampede.tacc.utexas.edu
Created Graph with 6262104 nodes and 15248146 edges
Nodes 6262104| Edges 15248146 7624073

  Starting coarsening: 
Time coarsen:  3257 Size of final graph: 22198

  Sarting initial partitioning using GGGP:
Size in decade percentages:  -1,81 -0,861 1,82
Time clustering:  1115

  Sarting refinnement with BKL2
Initial dist
Size in decade percentages:  -1,81 -0,861 1,82
Refined dist
Size in decade percentages:  -2,1 -1,369 -0,280 1,373 4,1
Time refinement:  2272


Time:  6827
Total edge cut : 31874

Part saved in : 0x7fff61323160
STATTYPE,LOOP,CATEGORY,n,sum,T0,T1,T2,T3,T4,T5,T6,T7,T8,T9,T10,T11,T12,T13,T14,T15,T16,T17,T18,T19,T20,T21,T22,T23,T24,T25,T26,T27,T28,T29,T30,T31,T32,T33,T34,T35,T36,T37,T38,T39,T40,T41,T42,T43,T44,T45,T46,T47,T48,T49,T50,T51,T52,T53,T54,T55,T56,T57,T58,T59,T60,T61,T62,T63,T64,T65,T66,T67,T68,T69,T70,T71,T72,T73,T74,T75,T76,T77,T78,T79,T80,T81,T82,T83,T84,T85,T86,T87,T88,T89,T90,T91,T92,T93,T94,T95,T96,T97,T98,T99,T100,T101,T102,T103,T104,T105,T106,T107,T108,T109,T110,T111,T112,T113,T114,T115,T116,T117,T118,T119,T120,T121,T122,T123,T124,T125,T126,T127,T128,T129,T130,T131,T132,T133,T134,T135,T136,T137,T138,T139,T140,T141,T142,T143,T144,T145,T146,T147,T148,T149,T150,T151,T152,T153,T154,T155,T156,T157,T158,T159,T160,T161,T162,T163,T164,T165,T166,T167,T168,T169,T170,T171,T172,T173,T174,T175,T176,T177,T178,T179,T180,T181,T182,T183,T184,T185,T186,T187,T188,T189,T190,T191,T192,T193,T194,T195,T196,T197,T198,T199,T200,T201,T202,T203,T204,T205,T206,T207,T208,T209,T210,T211,T212,T213,T214,T215,T216,T217,T218,T219,T220,T221,T222,T223,T224,T225,T226,T227,T228,T229,T230,T231,T232,T233,T234,T235,T236
STAT,(NULL),Coarsen,237,3257,3257,0,0,0,0,0,0,0,0,0,0,0,0,0,0,0,0,0,0,0,0,0,0,0,0,0,0,0,0,0,0,0,0,0,0,0,0,0,0,0,0,0,0,0,0,0,0,0,0,0,0,0,0,0,0,0,0,0,0,0,0,0,0,0,0,0,0,0,0,0,0,0,0,0,0,0,0,0,0,0,0,0,0,0,0,0,0,0,0,0,0,0,0,0,0,0,0,0,0,0,0,0,0,0,0,0,0,0,0,0,0,0,0,0,0,0,0,0,0,0,0,0,0,0,0,0,0,0,0,0,0,0,0,0,0,0,0,0,0,0,0,0,0,0,0,0,0,0,0,0,0,0,0,0,0,0,0,0,0,0,0,0,0,0,0,0,0,0,0,0,0,0,0,0,0,0,0,0,0,0,0,0,0,0,0,0,0,0,0,0,0,0,0,0,0,0,0,0,0,0,0,0,0,0,0,0,0,0,0,0,0,0,0,0,0,0,0,0,0,0,0,0,0,0,0,0,0,0,0,0,0,0,0,0,0,0,0
STAT,(NULL),Conflicts,237,0,0,0,0,0,0,0,0,0,0,0,0,0,0,0,0,0,0,0,0,0,0,0,0,0,0,0,0,0,0,0,0,0,0,0,0,0,0,0,0,0,0,0,0,0,0,0,0,0,0,0,0,0,0,0,0,0,0,0,0,0,0,0,0,0,0,0,0,0,0,0,0,0,0,0,0,0,0,0,0,0,0,0,0,0,0,0,0,0,0,0,0,0,0,0,0,0,0,0,0,0,0,0,0,0,0,0,0,0,0,0,0,0,0,0,0,0,0,0,0,0,0,0,0,0,0,0,0,0,0,0,0,0,0,0,0,0,0,0,0,0,0,0,0,0,0,0,0,0,0,0,0,0,0,0,0,0,0,0,0,0,0,0,0,0,0,0,0,0,0,0,0,0,0,0,0,0,0,0,0,0,0,0,0,0,0,0,0,0,0,0,0,0,0,0,0,0,0,0,0,0,0,0,0,0,0,0,0,0,0,0,0,0,0,0,0,0,0,0,0,0,0,0,0,0,0,0,0,0,0,0,0,0,0,0,0,0,0
STAT,(NULL),Iterations,237,2047,11,8,4,8,6,4,5,8,5,9,4,16,3,5,7,6,11,1,14,6,7,3,6,9,1,12,14,13,7,8,14,8,8,6,10,13,7,8,13,13,17,10,15,2,5,13,8,6,3,14,7,8,12,8,10,12,8,14,17,10,11,15,9,4,3,1,6,9,11,7,9,13,14,6,9,9,13,14,0,12,14,10,2,9,7,7,6,12,15,12,11,7,4,5,4,13,7,7,6,9,3,7,14,7,5,3,15,3,12,3,6,7,14,10,11,14,3,10,16,19,11,13,9,8,8,7,12,6,6,17,7,7,11,19,4,4,14,6,6,4,10,5,6,5,9,10,3,14,10,7,5,12,10,7,7,6,17,5,11,5,13,13,8,12,9,2,7,8,3,4,4,3,4,8,16,7,15,11,9,23,11,8,8,9,5,7,16,4,13,2,6,10,4,4,7,8,1,17,4,9,14,10,6,6,5,7,7,7,15,5,10,9,24,9,3,10,5,9,3,10,4,16,7,14,9,10,3,3,9,10,9,2,11,7,13,18,9
STAT,(NULL),MeminfoPost,237,757395,3201,3195,3198,3199,3204,3209,3195,3192,3204,3186,3186,3199,3209,3206,3220,3245,3206,3189,3190,3191,3191,3195,3193,3204,3202,3212,3198,3201,3200,3196,3184,3191,3192,3205,3196,3212,3185,3184,3188,3194,3197,3188,3203,3209,3201,3201,3199,3189,3203,3185,3204,3191,3210,3200,3244,3224,3210,3181,3196,3188,3191,3195,3204,3196,3209,3216,3185,3208,3199,3184,3188,3191,3191,3206,3213,3190,3189,3185,3190,3194,3198,3206,3195,3193,3203,3225,3195,3190,3199,3209,3198,3191,3195,3203,3187,3195,3186,3188,3207,3183,3179,3188,3196,3202,3203,3197,3192,3188,3193,3190,3187,3181,3189,3181,3199,3183,3204,3220,3216,3198,3183,3188,3188,3189,3219,3187,3183,3176,3180,3191,3197,3199,3204,3201,3204,3208,3189,3196,3183,3190,3200,3189,3190,3190,3188,3182,3181,3179,3197,3176,3210,3185,3184,3182,3212,3212,3221,3209,3215,3194,3186,3189,3201,3198,3183,3177,3182,3196,3197,3204,3205,3204,3190,3192,3188,3195,3189,3190,3193,3182,3179,3191,3178,3204,3184,3179,3207,3219,3213,3218,3213,3197,3193,3187,3190,3180,3190,3197,3205,3219,3217,3206,3207,3217,3202,3186,3189,3199,3193,3189,3203,3185,3190,3187,3170,3193,3179,3183,3225,3180,3179,3178,3191,3183,3183,3181,3206,3187,3187,3194,3196,3197,3195,3197,3195,3194,3191
STAT,(NULL),MeminfoPre,237,189306,804,798,801,802,807,812,798,795,807,789,789,802,812,809,823,848,809,792,793,794,794,798,796,807,805,815,801,804,803,799,787,794,795,808,799,815,788,787,791,797,800,791,806,812,804,804,802,792,806,788,807,794,813,803,847,827,813,784,799,791,794,798,807,799,812,819,788,811,802,787,791,794,794,809,816,793,792,788,793,797,801,809,798,796,806,828,798,793,802,812,801,794,798,806,790,798,789,791,810,786,782,791,799,805,806,800,795,791,796,793,790,784,792,784,802,786,807,823,819,801,786,791,791,792,822,790,786,779,783,794,800,802,807,804,807,811,792,799,786,793,803,792,793,793,791,785,784,782,800,779,813,788,787,785,815,815,824,812,818,797,789,792,804,801,786,780,785,799,800,807,808,807,793,795,791,798,792,793,796,785,782,794,781,807,787,782,810,822,816,821,816,800,796,790,793,783,793,800,808,822,820,809,810,820,805,789,792,802,796,792,806,788,793,790,773,796,782,786,828,783,782,781,794,786,786,784,809,790,790,797,799,800,798,800,798,797,794
STAT,(NULL),Partition,237,1115,1115,0,0,0,0,0,0,0,0,0,0,0,0,0,0,0,0,0,0,0,0,0,0,0,0,0,0,0,0,0,0,0,0,0,0,0,0,0,0,0,0,0,0,0,0,0,0,0,0,0,0,0,0,0,0,0,0,0,0,0,0,0,0,0,0,0,0,0,0,0,0,0,0,0,0,0,0,0,0,0,0,0,0,0,0,0,0,0,0,0,0,0,0,0,0,0,0,0,0,0,0,0,0,0,0,0,0,0,0,0,0,0,0,0,0,0,0,0,0,0,0,0,0,0,0,0,0,0,0,0,0,0,0,0,0,0,0,0,0,0,0,0,0,0,0,0,0,0,0,0,0,0,0,0,0,0,0,0,0,0,0,0,0,0,0,0,0,0,0,0,0,0,0,0,0,0,0,0,0,0,0,0,0,0,0,0,0,0,0,0,0,0,0,0,0,0,0,0,0,0,0,0,0,0,0,0,0,0,0,0,0,0,0,0,0,0,0,0,0,0,0,0,0,0,0,0,0,0,0,0,0,0,0,0,0,0,0
STAT,(NULL),Refine,237,2272,2272,0,0,0,0,0,0,0,0,0,0,0,0,0,0,0,0,0,0,0,0,0,0,0,0,0,0,0,0,0,0,0,0,0,0,0,0,0,0,0,0,0,0,0,0,0,0,0,0,0,0,0,0,0,0,0,0,0,0,0,0,0,0,0,0,0,0,0,0,0,0,0,0,0,0,0,0,0,0,0,0,0,0,0,0,0,0,0,0,0,0,0,0,0,0,0,0,0,0,0,0,0,0,0,0,0,0,0,0,0,0,0,0,0,0,0,0,0,0,0,0,0,0,0,0,0,0,0,0,0,0,0,0,0,0,0,0,0,0,0,0,0,0,0,0,0,0,0,0,0,0,0,0,0,0,0,0,0,0,0,0,0,0,0,0,0,0,0,0,0,0,0,0,0,0,0,0,0,0,0,0,0,0,0,0,0,0,0,0,0,0,0,0,0,0,0,0,0,0,0,0,0,0,0,0,0,0,0,0,0,0,0,0,0,0,0,0,0,0,0,0,0,0,0,0,0,0,0,0,0,0,0,0,0,0,0,0
STAT,(NULL),Threads,237,237,237,0,0,0,0,0,0,0,0,0,0,0,0,0,0,0,0,0,0,0,0,0,0,0,0,0,0,0,0,0,0,0,0,0,0,0,0,0,0,0,0,0,0,0,0,0,0,0,0,0,0,0,0,0,0,0,0,0,0,0,0,0,0,0,0,0,0,0,0,0,0,0,0,0,0,0,0,0,0,0,0,0,0,0,0,0,0,0,0,0,0,0,0,0,0,0,0,0,0,0,0,0,0,0,0,0,0,0,0,0,0,0,0,0,0,0,0,0,0,0,0,0,0,0,0,0,0,0,0,0,0,0,0,0,0,0,0,0,0,0,0,0,0,0,0,0,0,0,0,0,0,0,0,0,0,0,0,0,0,0,0,0,0,0,0,0,0,0,0,0,0,0,0,0,0,0,0,0,0,0,0,0,0,0,0,0,0,0,0,0,0,0,0,0,0,0,0,0,0,0,0,0,0,0,0,0,0,0,0,0,0,0,0,0,0,0,0,0,0,0,0,0,0,0,0,0,0,0,0,0,0,0,0,0,0,0,0
STAT,(NULL),Time,237,6827,6827,0,0,0,0,0,0,0,0,0,0,0,0,0,0,0,0,0,0,0,0,0,0,0,0,0,0,0,0,0,0,0,0,0,0,0,0,0,0,0,0,0,0,0,0,0,0,0,0,0,0,0,0,0,0,0,0,0,0,0,0,0,0,0,0,0,0,0,0,0,0,0,0,0,0,0,0,0,0,0,0,0,0,0,0,0,0,0,0,0,0,0,0,0,0,0,0,0,0,0,0,0,0,0,0,0,0,0,0,0,0,0,0,0,0,0,0,0,0,0,0,0,0,0,0,0,0,0,0,0,0,0,0,0,0,0,0,0,0,0,0,0,0,0,0,0,0,0,0,0,0,0,0,0,0,0,0,0,0,0,0,0,0,0,0,0,0,0,0,0,0,0,0,0,0,0,0,0,0,0,0,0,0,0,0,0,0,0,0,0,0,0,0,0,0,0,0,0,0,0,0,0,0,0,0,0,0,0,0,0,0,0,0,0,0,0,0,0,0,0,0,0,0,0,0,0,0,0,0,0,0,0,0,0,0,0,0
STAT,match,Conflicts,237,5920,40,36,40,36,37,38,31,39,32,36,41,34,38,31,36,28,38,38,38,31,30,41,36,39,32,44,37,33,42,38,35,30,28,29,25,36,27,36,32,25,29,33,30,31,29,35,31,31,25,32,34,34,34,33,25,26,22,25,35,29,33,23,19,22,23,23,19,25,24,22,23,19,21,20,19,19,21,19,24,25,17,14,27,20,22,22,26,20,20,23,23,23,15,23,23,25,34,22,22,24,21,24,19,25,21,18,22,22,24,22,21,21,25,28,25,25,27,19,21,22,21,22,17,19,20,27,14,24,28,27,23,25,19,24,22,22,22,18,24,18,20,25,18,25,15,26,21,20,13,22,17,22,24,20,19,24,17,25,21,29,22,26,24,22,28,22,17,23,20,28,19,20,23,25,35,25,25,23,21,21,20,20,20,21,21,23,24,24,23,19,25,19,23,23,24,22,23,28,18,27,21,21,18,19,23,20,22,17,32,23,22,22,17,23,15,22,23,22,25,25,24,24,19,20,19,19,22,15,25,24,26,23,25,21,22,28,21
STAT,match,Iterations,237,15003677,36122,65357,53181,53962,39080,48841,53346,48570,56994,58720,44690,65171,42853,49399,45343,61330,41130,49700,47479,53569,38243,58957,47247,81435,35700,58171,57523,49927,51830,36960,57617,55797,49513,60722,54102,62231,50093,45694,57157,59933,57158,58268,46992,56067,47653,60918,46501,56599,51188,60228,49607,60328,56885,62623,72341,49565,54828,76987,61394,61209,60014,58833,88722,54469,53390,67209,86458,63645,56755,62462,50343,44732,63168,79081,70885,60714,67821,75931,64167,76053,68605,56003,59377,61358,66271,40741,52442,55495,64359,59325,72962,81169,70317,52165,67417,49171,53917,68501,67076,83425,47078,82458,75625,84300,50384,50228,68180,72125,73013,51045,85765,59689,83739,64761,55143,76552,70295,66736,69831,62383,54147,63583,65557,65254,61153,42624,78405,51870,69094,76781,59899,69010,56505,58124,66599,58113,72464,63796,79067,61996,70553,46844,66951,75460,73361,53454,72697,87296,75235,71975,78711,74157,83230,57283,75860,43823,75357,70780,71935,69709,101739,62834,71220,62804,68907,61131,47087,72968,56127,57562,82483,90857,57118,68221,59611,64050,77566,69858,78617,81509,99532,79025,69553,62969,58663,71728,66201,67470,68337,64793,72981,50402,78401,54461,50477,55725,59468,58342,72648,58588,59917,65724,67217,79601,73431,48363,67707,54315,63486,63388,76298,88361,71494,52743,53148,79613,52728,67741,60124,87289,70793,62435,49231,86218,52646,63665,53706,76406,84545,55143,83303,70136,60287,65370,73260,71884,75910
STAT,popedge,Conflicts,237,0,0,0,0,0,0,0,0,0,0,0,0,0,0,0,0,0,0,0,0,0,0,0,0,0,0,0,0,0,0,0,0,0,0,0,0,0,0,0,0,0,0,0,0,0,0,0,0,0,0,0,0,0,0,0,0,0,0,0,0,0,0,0,0,0,0,0,0,0,0,0,0,0,0,0,0,0,0,0,0,0,0,0,0,0,0,0,0,0,0,0,0,0,0,0,0,0,0,0,0,0,0,0,0,0,0,0,0,0,0,0,0,0,0,0,0,0,0,0,0,0,0,0,0,0,0,0,0,0,0,0,0,0,0,0,0,0,0,0,0,0,0,0,0,0,0,0,0,0,0,0,0,0,0,0,0,0,0,0,0,0,0,0,0,0,0,0,0,0,0,0,0,0,0,0,0,0,0,0,0,0,0,0,0,0,0,0,0,0,0,0,0,0,0,0,0,0,0,0,0,0,0,0,0,0,0,0,0,0,0,0,0,0,0,0,0,0,0,0,0,0,0,0,0,0,0,0,0,0,0,0,0,0,0,0,0,0,0
STAT,popedge,Iterations,237,7350688,30152,30963,29545,29164,29352,29296,28834,29040,27720,30881,28898,28659,29976,29844,29682,28864,31101,29400,30090,30122,29311,29473,29417,33038,29834,29706,29374,31187,31856,30131,32142,31663,31579,30455,30014,30060,31271,31768,31619,28288,31511,29413,32431,30279,31591,30243,28406,30677,29452,31253,29478,30707,30682,29501,34676,33319,32548,33546,35260,36135,34501,29474,30799,29554,29679,29962,29452,31035,30033,28934,30211,30506,30138,30288,29002,30624,28934,30519,30334,29234,27433,29605,30757,30507,29974,30846,29627,29982,31357,30264,30594,31935,32077,30036,30032,30422,31488,31341,29560,32276,29755,30587,31627,33863,29423,30492,31067,29556,31587,31456,31397,30545,32782,30701,29934,35185,33784,33166,34219,37021,35267,35718,29558,31132,29823,29473,29350,30801,29813,30983,29191,29470,32581,29411,28514,31654,30525,30156,31194,29846,31045,30392,29484,30068,28133,32565,29592,28649,29675,30884,31260,30794,33534,29988,30440,31183,29188,31123,32030,31062,33896,29178,33100,28423,32124,29992,30836,30839,29225,32192,35741,31607,30595,30943,32868,30959,35383,34447,34510,34645,36503,35948,35083,31489,31475,30401,29274,28228,29334,28286,29230,28117,29218,30492,31163,31342,28685,30763,32563,31326,30458,32259,30368,31543,31052,32384,33214,31243,31253,32076,32739,32705,30083,33902,31788,32359,31182,31467,32483,31970,32316,33871,31957,30997,32417,32360,31195,29663,32652,31751,34454,30143,31076,31263,33120,32799,29804
STAT,refine,Conflicts,237,6473,93,75,71,81,74,68,78,66,58,74,66,65,61,65,55,50,60,64,62,50,51,60,48,51,51,46,60,59,53,48,45,40,37,29,43,50,35,48,39,32,39,37,38,43,31,34,31,31,30,40,31,53,35,36,41,37,40,22,39,25,32,14,24,11,19,26,17,23,18,14,14,8,24,24,13,17,20,19,19,28,25,11,20,26,22,20,19,28,19,15,20,23,15,18,19,19,32,18,22,13,14,24,18,24,21,22,24,19,18,24,27,21,27,22,16,19,30,17,13,22,13,20,21,20,25,20,27,20,20,16,23,28,22,18,18,15,16,25,23,17,19,22,18,24,18,34,15,16,15,18,26,16,24,17,17,12,17,29,19,24,18,14,19,18,20,20,15,23,16,18,15,19,18,26,24,23,23,20,23,20,21,12,11,17,13,18,16,18,20,17,19,16,21,18,18,16,18,20,14,15,18,25,26,24,22,18,19,16,24,23,27,20,22,25,14,25,19,25,31,16,21,26,13,26,14,20,22,17,18,21,17,14,23,12,17,16,16
STAT,refine,Iterations,237,433692,1122,1812,1764,1974,1822,1688,1604,1618,1421,1618,1240,1716,1687,1529,1998,2674,1604,1303,1852,1374,1255,1472,1289,2726,1407,1877,1581,1856,1866,1238,1990,1981,1283,1185,1726,1865,1757,1575,1742,1202,1750,1124,1783,1632,1431,1768,1281,1967,1284,1536,1532,2504,1977,1747,3085,1813,1981,2151,1937,1400,1940,1745,2801,1503,2000,2291,1915,1713,1491,1426,1280,1129,1761,2528,1905,1791,1660,1920,1740,1916,1755,1250,1455,1771,1805,1525,1708,1924,1796,1734,1676,2082,1670,1484,1601,1556,1914,2095,2020,2070,983,2352,1919,2638,1909,1500,2493,1687,2076,2254,2421,1785,2474,2028,1962,2264,2820,1911,1665,1962,1249,1703,1543,1961,2030,1448,2152,1543,1573,1769,1646,2117,1906,1879,2079,1568,1663,2164,1887,1644,1772,1661,1195,1748,1305,1763,1839,1858,1771,2038,2344,1785,2111,1516,2135,1378,1909,2296,2191,1983,1933,1530,2498,1487,1978,1416,1349,2385,1725,2026,2165,2327,1617,2342,2126,2106,2569,2056,2518,2169,2392,1518,1755,1565,1821,2142,1971,2122,2128,2012,1898,1196,1802,1757,1580,1740,1672,2079,1910,2145,1854,2463,2058,1795,1932,1243,2239,1491,2116,1528,2244,2169,1496,1754,1364,1738,1232,2032,2494,1787,1862,2236,1064,2629,1287,2288,1545,1497,2450,1793,2361,1734,2110,1612,2510,2063,1548
