Hello from MIC
Galois Benchmark Suite v2.2.0 (r0)
Copyright (C) 2013 The University of Texas at Austin
http://iss.ices.utexas.edu/galois/

application: GMetis
Partitions a graph into K parts and minimizing the graph cut
http://iss.ices.utexas.edu/?p=projects/galois/benchmarks/gMetis

INFO: CommandLine /work/02556/dpereira/MIC/apps/gmetis/gmetis -t=36 /work/02556/dpereira/Inputs/USA-road-d.W.gr 16
INFO: Hostname c557-901-mic0.stampede.tacc.utexas.edu
Created Graph with 6262104 nodes and 15248146 edges
Nodes 6262104| Edges 15248146 7624073

  Starting coarsening: 
Time coarsen:  3222 Size of final graph: 418

  Sarting initial partitioning using GGGP:
Size in decade percentages:  -1,1 -0,15
Time clustering:  356

  Sarting refinnement with BKL2
Initial dist
Size in decade percentages:  -1,1 -0,15
Refined dist
Size in decade percentages:  -1,5 0,6 1,5
Time refinement:  598


Time:  4351
Total edge cut : 1944

Part saved in : 0x7fffa1aae560
STATTYPE,LOOP,CATEGORY,n,sum,T0,T1,T2,T3,T4,T5,T6,T7,T8,T9,T10,T11,T12,T13,T14,T15,T16,T17,T18,T19,T20,T21,T22,T23,T24,T25,T26,T27,T28,T29,T30,T31,T32,T33,T34,T35
STAT,(NULL),Coarsen,36,3222,3222,0,0,0,0,0,0,0,0,0,0,0,0,0,0,0,0,0,0,0,0,0,0,0,0,0,0,0,0,0,0,0,0,0,0,0
STAT,(NULL),Conflicts,36,0,0,0,0,0,0,0,0,0,0,0,0,0,0,0,0,0,0,0,0,0,0,0,0,0,0,0,0,0,0,0,0,0,0,0,0,0
STAT,(NULL),Iterations,36,31,8,0,0,1,0,0,1,0,1,3,0,0,0,0,0,0,0,0,0,1,3,0,0,4,2,0,0,1,0,2,1,1,0,0,0,2
STAT,(NULL),MeminfoPost,36,756138,21038,21005,21078,21035,20986,20998,21033,21004,21087,21030,20986,21002,21037,21019,20989,20987,20961,21012,21006,20945,21033,20966,20945,21044,21003,20985,20984,20952,21068,20969,21102,20986,20942,20953,20961,21007
STAT,(NULL),MeminfoPre,36,189030,5285,5252,5325,5282,5233,5245,5280,5251,5334,5277,5233,5249,5284,5266,5236,5234,5208,5259,5253,5192,5280,5213,5192,5291,5250,5232,5231,5199,5315,5216,5349,5233,5189,5200,5208,5254
STAT,(NULL),Partition,36,356,356,0,0,0,0,0,0,0,0,0,0,0,0,0,0,0,0,0,0,0,0,0,0,0,0,0,0,0,0,0,0,0,0,0,0,0
STAT,(NULL),Refine,36,598,598,0,0,0,0,0,0,0,0,0,0,0,0,0,0,0,0,0,0,0,0,0,0,0,0,0,0,0,0,0,0,0,0,0,0,0
STAT,(NULL),Threads,36,36,36,0,0,0,0,0,0,0,0,0,0,0,0,0,0,0,0,0,0,0,0,0,0,0,0,0,0,0,0,0,0,0,0,0,0,0
STAT,(NULL),Time,36,4351,4351,0,0,0,0,0,0,0,0,0,0,0,0,0,0,0,0,0,0,0,0,0,0,0,0,0,0,0,0,0,0,0,0,0,0,0
STAT,match,Conflicts,36,5851,421,314,343,296,277,302,229,225,273,222,191,265,88,87,85,115,119,105,101,54,94,95,96,124,104,75,84,106,102,81,120,132,115,107,165,139
STAT,match,Iterations,36,14931343,370986,402880,373435,408056,413568,404474,401456,408514,372866,390522,412599,410690,408873,415997,412982,420095,426879,411222,423896,414756,430419,441398,451510,430597,419054,419407,411654,415795,393827,435349,400611,432062,453283,443850,433583,414198
STAT,popedge,Conflicts,36,0,0,0,0,0,0,0,0,0,0,0,0,0,0,0,0,0,0,0,0,0,0,0,0,0,0,0,0,0,0,0,0,0,0,0,0,0
STAT,popedge,Iterations,36,7313099,199440,207136,200007,197037,203741,208204,197346,200523,195467,194272,202860,208789,184406,184978,193987,197301,196860,198099,205385,208344,202278,207737,203378,202131,198008,199960,201378,201282,196728,194828,213847,218066,222534,218977,225852,221933
STAT,refine,Conflicts,36,2373,169,119,125,107,102,96,86,92,87,50,74,73,60,77,71,74,69,62,46,47,58,54,43,46,29,43,57,36,36,45,37,36,44,38,29,56
STAT,refine,Iterations,36,37160,956,827,1275,947,656,1366,707,768,1227,996,665,1399,728,939,1015,1026,1079,1173,749,892,922,1093,1310,1047,913,813,1208,1364,1153,1000,1306,1185,1221,574,1032,1629
