Hello from MIC
Galois Benchmark Suite v2.2.0 (r0)
Copyright (C) 2013 The University of Texas at Austin
http://iss.ices.utexas.edu/galois/

application: GMetis
Partitions a graph into K parts and minimizing the graph cut
http://iss.ices.utexas.edu/?p=projects/galois/benchmarks/gMetis

INFO: CommandLine /work/02556/dpereira/MIC/apps/gmetis/gmetis -t=94 /work/02556/dpereira/Inputs/USA-road-d.W.gr 16
INFO: Hostname c557-903-mic0.stampede.tacc.utexas.edu
Created Graph with 6262104 nodes and 15248146 edges
Nodes 6262104| Edges 15248146 7624073

  Starting coarsening: 
Time coarsen:  2454 Size of final graph: 435

  Sarting initial partitioning using GGGP:
Size in decade percentages:  -0,16
Time clustering:  360

  Sarting refinnement with BKL2
Initial dist
Size in decade percentages:  -0,16
Refined dist
Size in decade percentages:  -1,6 -0,4 1,6
Time refinement:  1103


Time:  4092
Total edge cut : 1975

Part saved in : 0x7fff2dd2ed60
STATTYPE,LOOP,CATEGORY,n,sum,T0,T1,T2,T3,T4,T5,T6,T7,T8,T9,T10,T11,T12,T13,T14,T15,T16,T17,T18,T19,T20,T21,T22,T23,T24,T25,T26,T27,T28,T29,T30,T31,T32,T33,T34,T35,T36,T37,T38,T39,T40,T41,T42,T43,T44,T45,T46,T47,T48,T49,T50,T51,T52,T53,T54,T55,T56,T57,T58,T59,T60,T61,T62,T63,T64,T65,T66,T67,T68,T69,T70,T71,T72,T73,T74,T75,T76,T77,T78,T79,T80,T81,T82,T83,T84,T85,T86,T87,T88,T89,T90,T91,T92,T93
STAT,(NULL),Coarsen,94,2454,2454,0,0,0,0,0,0,0,0,0,0,0,0,0,0,0,0,0,0,0,0,0,0,0,0,0,0,0,0,0,0,0,0,0,0,0,0,0,0,0,0,0,0,0,0,0,0,0,0,0,0,0,0,0,0,0,0,0,0,0,0,0,0,0,0,0,0,0,0,0,0,0,0,0,0,0,0,0,0,0,0,0,0,0,0,0,0,0,0,0,0,0,0,0
STAT,(NULL),Conflicts,94,0,0,0,0,0,0,0,0,0,0,0,0,0,0,0,0,0,0,0,0,0,0,0,0,0,0,0,0,0,0,0,0,0,0,0,0,0,0,0,0,0,0,0,0,0,0,0,0,0,0,0,0,0,0,0,0,0,0,0,0,0,0,0,0,0,0,0,0,0,0,0,0,0,0,0,0,0,0,0,0,0,0,0,0,0,0,0,0,0,0,0,0,0,0,0
STAT,(NULL),Iterations,94,31,5,0,0,0,0,0,1,0,0,0,0,0,0,0,0,0,0,0,0,0,0,0,0,0,0,0,3,0,0,0,0,1,0,0,0,0,0,4,1,2,1,0,0,0,0,2,0,0,0,0,0,0,0,0,0,0,2,0,0,0,0,0,0,0,3,0,0,0,0,0,2,0,0,0,0,0,0,0,0,0,0,0,0,4,0,0,0,0,0,0,0,0,0,0
STAT,(NULL),MeminfoPost,94,756381,8040,8072,8059,8041,8045,8097,8097,8025,8052,8058,8066,8043,8031,8075,8028,8038,8044,8068,8041,8037,8077,8116,8053,8042,8047,8065,8064,8034,8034,8073,8022,8041,8055,8079,8046,8062,8044,8038,8028,8034,8038,8060,8038,8029,8019,8028,8087,8047,8030,8056,8006,8036,8062,8069,8033,8039,8029,8024,8020,8036,8014,8092,8092,8031,8048,8008,8043,8067,8042,8035,8035,8008,8039,8024,8096,8089,8029,8022,8060,8095,8085,8034,8041,8036,8021,8017,8055,8008,8017,8039,8024,8049,8051,8038
STAT,(NULL),MeminfoPre,94,189091,2005,2037,2024,2006,2010,2062,2062,1990,2017,2023,2031,2008,1996,2040,1993,2003,2009,2033,2006,2002,2042,2081,2018,2007,2012,2030,2029,1999,1999,2038,1987,2006,2020,2044,2011,2027,2009,2003,1993,1999,2003,2025,2003,1994,1984,1993,2052,2012,1995,2021,1971,2001,2027,2034,1998,2004,1994,1989,1985,2001,1979,2057,2057,1996,2013,1973,2008,2032,2007,2000,2000,1973,2004,1989,2061,2054,1994,1987,2025,2060,2050,1999,2006,2001,1986,1982,2020,1973,1982,2004,1989,2014,2016,2003
STAT,(NULL),Partition,94,360,360,0,0,0,0,0,0,0,0,0,0,0,0,0,0,0,0,0,0,0,0,0,0,0,0,0,0,0,0,0,0,0,0,0,0,0,0,0,0,0,0,0,0,0,0,0,0,0,0,0,0,0,0,0,0,0,0,0,0,0,0,0,0,0,0,0,0,0,0,0,0,0,0,0,0,0,0,0,0,0,0,0,0,0,0,0,0,0,0,0,0,0,0,0
STAT,(NULL),Refine,94,1103,1103,0,0,0,0,0,0,0,0,0,0,0,0,0,0,0,0,0,0,0,0,0,0,0,0,0,0,0,0,0,0,0,0,0,0,0,0,0,0,0,0,0,0,0,0,0,0,0,0,0,0,0,0,0,0,0,0,0,0,0,0,0,0,0,0,0,0,0,0,0,0,0,0,0,0,0,0,0,0,0,0,0,0,0,0,0,0,0,0,0,0,0,0,0
STAT,(NULL),Threads,94,94,94,0,0,0,0,0,0,0,0,0,0,0,0,0,0,0,0,0,0,0,0,0,0,0,0,0,0,0,0,0,0,0,0,0,0,0,0,0,0,0,0,0,0,0,0,0,0,0,0,0,0,0,0,0,0,0,0,0,0,0,0,0,0,0,0,0,0,0,0,0,0,0,0,0,0,0,0,0,0,0,0,0,0,0,0,0,0,0,0,0,0,0,0,0
STAT,(NULL),Time,94,4092,4092,0,0,0,0,0,0,0,0,0,0,0,0,0,0,0,0,0,0,0,0,0,0,0,0,0,0,0,0,0,0,0,0,0,0,0,0,0,0,0,0,0,0,0,0,0,0,0,0,0,0,0,0,0,0,0,0,0,0,0,0,0,0,0,0,0,0,0,0,0,0,0,0,0,0,0,0,0,0,0,0,0,0,0,0,0,0,0,0,0,0,0,0,0
STAT,match,Conflicts,94,5970,149,96,92,104,101,91,81,106,87,91,79,70,77,98,90,91,85,72,78,76,67,71,91,95,86,70,87,88,86,102,79,56,67,35,44,31,45,45,52,46,45,53,45,48,53,46,51,45,51,47,70,48,44,48,43,47,52,53,48,49,52,57,44,38,52,56,45,43,45,43,58,50,39,46,56,60,69,48,44,54,43,44,48,67,53,73,65,64,66,77,67,57,50,54
STAT,match,Iterations,94,15008451,123083,137765,130808,136988,127631,137881,128613,144661,148562,134424,142381,145834,148773,137504,146223,151357,144061,138017,142747,150718,144751,137647,134996,156181,152673,146141,146742,155684,159035,135739,147663,148830,150225,162080,177548,179212,168938,182062,179809,188460,174866,163189,176626,172730,173948,160781,154406,169175,179281,169998,191293,174699,161699,163182,180540,175042,163458,178627,185820,176936,165750,135147,163614,174371,160567,184580,168449,155680,164329,181851,171601,171065,173212,171935,152872,160538,162512,154526,170238,157204,167743,176354,155479,161058,176472,169044,152833,165218,161460,161649,150990,170474,169574,171319
STAT,popedge,Conflicts,94,0,0,0,0,0,0,0,0,0,0,0,0,0,0,0,0,0,0,0,0,0,0,0,0,0,0,0,0,0,0,0,0,0,0,0,0,0,0,0,0,0,0,0,0,0,0,0,0,0,0,0,0,0,0,0,0,0,0,0,0,0,0,0,0,0,0,0,0,0,0,0,0,0,0,0,0,0,0,0,0,0,0,0,0,0,0,0,0,0,0,0,0,0,0,0
STAT,popedge,Iterations,94,7359174,74822,75054,75157,75662,76397,73534,72923,74098,72969,74857,73577,75682,75527,73792,75605,74955,75727,73581,77214,76891,76713,75807,76488,75990,78095,76504,79214,77825,77136,79435,76741,72227,73690,74645,77364,80578,77843,79704,82104,85855,80711,82041,81890,85036,83283,85908,80698,88979,85365,87370,88918,89605,87082,85711,81493,86181,92258,86578,84918,83934,91141,72894,71418,72125,75524,73203,72463,70827,72397,71517,72666,71691,73722,72138,72507,72478,72935,72534,74768,78112,80987,80764,81228,81737,77127,83752,76551,78373,82303,80547,82929,82362,77478,76035
STAT,refine,Conflicts,94,4511,149,141,127,121,122,93,106,107,99,91,79,94,104,77,84,68,70,69,60,59,59,60,65,59,65,51,63,66,46,67,47,39,48,37,36,50,35,30,26,41,42,41,33,39,45,20,23,26,36,29,43,31,30,40,44,32,33,14,51,46,24,30,29,13,22,23,31,30,32,40,22,25,27,26,29,27,21,25,31,28,23,25,20,34,23,38,21,27,34,29,24,24,22,24
STAT,refine,Iterations,94,39837,670,517,393,496,510,468,531,518,431,337,482,395,499,495,481,509,392,426,307,465,477,447,324,286,331,452,323,431,389,469,378,408,451,332,377,424,409,487,242,539,337,542,483,368,470,336,527,453,332,389,345,216,595,469,378,525,386,359,648,354,431,406,484,241,377,305,371,452,347,475,265,429,374,460,510,594,350,366,487,370,394,698,433,321,219,380,554,318,517,383,359,432,475,450
