Hello from MIC
Galois Benchmark Suite v2.2.0 (r0)
Copyright (C) 2013 The University of Texas at Austin
http://iss.ices.utexas.edu/galois/

application: GMetis
Partitions a graph into K parts and minimizing the graph cut
http://iss.ices.utexas.edu/?p=projects/galois/benchmarks/gMetis

INFO: CommandLine /work/02556/dpereira/MIC/apps/gmetis/gmetis -t=153 /work/02556/dpereira/Inputs/USA-road-d.W.gr 128
INFO: Hostname c558-002-mic0.stampede.tacc.utexas.edu
Created Graph with 6262104 nodes and 15248146 edges
Nodes 6262104| Edges 15248146 7624073

  Starting coarsening: 
Time coarsen:  2688 Size of final graph: 3128

  Sarting initial partitioning using GGGP:
Size in decade percentages:  -1,2 -0,122 1,4
Time clustering:  432

  Sarting refinnement with BKL2
Initial dist
Size in decade percentages:  -1,2 -0,122 1,4
Refined dist
Size in decade percentages:  -1,46 0,36 1,46
Time refinement:  1571


Time:  4868
Total edge cut : 8102

Part saved in : 0x7fff37d743e0
STATTYPE,LOOP,CATEGORY,n,sum,T0,T1,T2,T3,T4,T5,T6,T7,T8,T9,T10,T11,T12,T13,T14,T15,T16,T17,T18,T19,T20,T21,T22,T23,T24,T25,T26,T27,T28,T29,T30,T31,T32,T33,T34,T35,T36,T37,T38,T39,T40,T41,T42,T43,T44,T45,T46,T47,T48,T49,T50,T51,T52,T53,T54,T55,T56,T57,T58,T59,T60,T61,T62,T63,T64,T65,T66,T67,T68,T69,T70,T71,T72,T73,T74,T75,T76,T77,T78,T79,T80,T81,T82,T83,T84,T85,T86,T87,T88,T89,T90,T91,T92,T93,T94,T95,T96,T97,T98,T99,T100,T101,T102,T103,T104,T105,T106,T107,T108,T109,T110,T111,T112,T113,T114,T115,T116,T117,T118,T119,T120,T121,T122,T123,T124,T125,T126,T127,T128,T129,T130,T131,T132,T133,T134,T135,T136,T137,T138,T139,T140,T141,T142,T143,T144,T145,T146,T147,T148,T149,T150,T151,T152
STAT,(NULL),Coarsen,153,2688,2688,0,0,0,0,0,0,0,0,0,0,0,0,0,0,0,0,0,0,0,0,0,0,0,0,0,0,0,0,0,0,0,0,0,0,0,0,0,0,0,0,0,0,0,0,0,0,0,0,0,0,0,0,0,0,0,0,0,0,0,0,0,0,0,0,0,0,0,0,0,0,0,0,0,0,0,0,0,0,0,0,0,0,0,0,0,0,0,0,0,0,0,0,0,0,0,0,0,0,0,0,0,0,0,0,0,0,0,0,0,0,0,0,0,0,0,0,0,0,0,0,0,0,0,0,0,0,0,0,0,0,0,0,0,0,0,0,0,0,0,0,0,0,0,0,0,0,0,0,0,0,0,0
STAT,(NULL),Conflicts,153,0,0,0,0,0,0,0,0,0,0,0,0,0,0,0,0,0,0,0,0,0,0,0,0,0,0,0,0,0,0,0,0,0,0,0,0,0,0,0,0,0,0,0,0,0,0,0,0,0,0,0,0,0,0,0,0,0,0,0,0,0,0,0,0,0,0,0,0,0,0,0,0,0,0,0,0,0,0,0,0,0,0,0,0,0,0,0,0,0,0,0,0,0,0,0,0,0,0,0,0,0,0,0,0,0,0,0,0,0,0,0,0,0,0,0,0,0,0,0,0,0,0,0,0,0,0,0,0,0,0,0,0,0,0,0,0,0,0,0,0,0,0,0,0,0,0,0,0,0,0,0,0,0,0
STAT,(NULL),Iterations,153,255,8,0,1,0,1,1,0,5,0,2,1,2,3,0,2,0,1,3,2,1,0,0,4,0,0,0,0,0,0,0,0,2,4,3,0,2,1,3,2,2,3,1,1,0,2,3,4,1,0,0,1,2,2,6,0,0,3,1,2,1,3,7,0,0,1,0,3,0,3,1,1,0,2,1,0,1,1,4,0,2,2,2,1,3,1,2,3,0,2,0,0,0,6,3,2,0,2,5,0,0,1,3,5,3,1,0,4,4,0,2,4,1,0,7,6,1,1,5,2,2,1,4,1,0,4,7,2,0,0,2,0,0,3,3,3,0,4,6,0,0,0,0,4,1,0,0,1,2,1,0,1,0,0
STAT,(NULL),MeminfoPost,153,756833,4952,4946,4965,4947,4950,4948,4932,4953,4968,5004,4973,4933,4937,4940,4960,4958,4967,4945,4958,4928,4939,4957,4956,4939,4930,4948,4941,4961,4952,4956,4941,4949,4951,4948,4965,5015,4956,4938,4939,4938,4952,4966,4958,4952,4948,4935,4938,4954,4960,4935,4933,4944,4957,4940,4958,4975,4941,4959,4953,4938,4951,4940,4934,4952,4923,4934,4949,4962,4945,4937,4937,4933,4930,4938,4928,4975,4973,4940,4934,4935,4965,4929,4919,4935,4949,4954,4962,4958,4939,4931,4950,4935,4941,4926,4929,4936,4923,4953,4927,4954,4977,4972,4969,4931,4934,4957,4921,4930,4948,4954,4964,4941,4935,4942,4938,4930,4927,4931,4947,4925,4963,4979,4981,4954,4935,4935,4930,4946,4977,4976,4962,4978,4935,4936,4948,4942,4942,4928,4920,4934,4940,4955,4920,4933,4921,4945,4934,4941,4939,4951,4945,4941,4950
STAT,(NULL),MeminfoPre,153,189203,1242,1236,1255,1237,1240,1238,1222,1243,1258,1294,1263,1223,1227,1230,1250,1248,1257,1235,1248,1218,1229,1247,1246,1229,1220,1238,1231,1251,1242,1246,1231,1239,1241,1238,1255,1305,1246,1228,1229,1228,1242,1256,1248,1242,1238,1225,1228,1244,1250,1225,1223,1234,1247,1230,1248,1265,1231,1249,1243,1228,1241,1230,1224,1242,1213,1224,1239,1252,1235,1227,1227,1223,1220,1228,1218,1265,1263,1230,1224,1225,1255,1219,1209,1225,1239,1244,1252,1248,1229,1221,1240,1225,1231,1216,1219,1226,1213,1243,1217,1244,1267,1262,1259,1221,1224,1247,1211,1220,1238,1244,1254,1231,1225,1232,1228,1220,1217,1221,1237,1215,1253,1269,1271,1244,1225,1225,1220,1236,1267,1266,1252,1268,1225,1226,1238,1232,1232,1218,1210,1224,1230,1245,1210,1223,1211,1235,1224,1231,1229,1241,1235,1231,1240
STAT,(NULL),Partition,153,432,432,0,0,0,0,0,0,0,0,0,0,0,0,0,0,0,0,0,0,0,0,0,0,0,0,0,0,0,0,0,0,0,0,0,0,0,0,0,0,0,0,0,0,0,0,0,0,0,0,0,0,0,0,0,0,0,0,0,0,0,0,0,0,0,0,0,0,0,0,0,0,0,0,0,0,0,0,0,0,0,0,0,0,0,0,0,0,0,0,0,0,0,0,0,0,0,0,0,0,0,0,0,0,0,0,0,0,0,0,0,0,0,0,0,0,0,0,0,0,0,0,0,0,0,0,0,0,0,0,0,0,0,0,0,0,0,0,0,0,0,0,0,0,0,0,0,0,0,0,0,0,0,0
STAT,(NULL),Refine,153,1571,1571,0,0,0,0,0,0,0,0,0,0,0,0,0,0,0,0,0,0,0,0,0,0,0,0,0,0,0,0,0,0,0,0,0,0,0,0,0,0,0,0,0,0,0,0,0,0,0,0,0,0,0,0,0,0,0,0,0,0,0,0,0,0,0,0,0,0,0,0,0,0,0,0,0,0,0,0,0,0,0,0,0,0,0,0,0,0,0,0,0,0,0,0,0,0,0,0,0,0,0,0,0,0,0,0,0,0,0,0,0,0,0,0,0,0,0,0,0,0,0,0,0,0,0,0,0,0,0,0,0,0,0,0,0,0,0,0,0,0,0,0,0,0,0,0,0,0,0,0,0,0,0,0
STAT,(NULL),Threads,153,153,153,0,0,0,0,0,0,0,0,0,0,0,0,0,0,0,0,0,0,0,0,0,0,0,0,0,0,0,0,0,0,0,0,0,0,0,0,0,0,0,0,0,0,0,0,0,0,0,0,0,0,0,0,0,0,0,0,0,0,0,0,0,0,0,0,0,0,0,0,0,0,0,0,0,0,0,0,0,0,0,0,0,0,0,0,0,0,0,0,0,0,0,0,0,0,0,0,0,0,0,0,0,0,0,0,0,0,0,0,0,0,0,0,0,0,0,0,0,0,0,0,0,0,0,0,0,0,0,0,0,0,0,0,0,0,0,0,0,0,0,0,0,0,0,0,0,0,0,0,0,0,0,0
STAT,(NULL),Time,153,4868,4868,0,0,0,0,0,0,0,0,0,0,0,0,0,0,0,0,0,0,0,0,0,0,0,0,0,0,0,0,0,0,0,0,0,0,0,0,0,0,0,0,0,0,0,0,0,0,0,0,0,0,0,0,0,0,0,0,0,0,0,0,0,0,0,0,0,0,0,0,0,0,0,0,0,0,0,0,0,0,0,0,0,0,0,0,0,0,0,0,0,0,0,0,0,0,0,0,0,0,0,0,0,0,0,0,0,0,0,0,0,0,0,0,0,0,0,0,0,0,0,0,0,0,0,0,0,0,0,0,0,0,0,0,0,0,0,0,0,0,0,0,0,0,0,0,0,0,0,0,0,0,0,0
STAT,match,Conflicts,153,6274,67,53,63,62,61,54,68,70,62,52,64,61,55,63,52,53,73,54,48,54,59,53,55,44,56,55,47,46,61,55,40,51,53,38,53,47,52,40,30,44,50,40,49,41,32,37,47,38,42,44,50,46,37,33,41,48,44,49,45,49,41,38,29,30,25,39,25,38,39,39,27,27,38,37,41,33,36,43,27,30,49,38,45,42,35,44,30,31,46,37,43,28,32,41,32,39,29,43,38,36,38,34,34,31,32,39,36,37,30,33,35,34,31,28,29,39,36,36,32,32,39,36,32,19,38,27,38,29,35,29,30,31,28,40,37,37,41,33,34,33,34,44,38,35,35,37,44,32,30,39,26,40,28
STAT,match,Iterations,153,15023235,76294,71137,71483,75143,72201,76856,66302,74436,72702,76829,67874,72618,76835,89821,85617,78437,70433,79269,94019,64824,91789,96968,91164,87758,80612,73365,89913,89345,63827,89279,85502,81603,96915,91896,92096,94986,81038,102402,111258,85767,90578,101926,100168,103769,117042,113185,114383,87860,103904,87080,104297,97364,92213,105177,88713,87188,94538,96535,95873,84398,121039,88177,107022,100461,107182,100446,88771,90266,104785,88060,92004,101986,102878,103325,93796,106343,94305,101641,119053,98367,86123,98160,92011,99093,103490,85442,99020,108958,70380,95981,103192,112518,125425,127032,124746,112719,110749,89842,104307,109613,107338,104561,104905,121859,112096,109910,91680,118817,116280,95981,125767,97721,111969,128879,128731,113505,122640,125767,108839,111772,107659,118343,99174,102563,85504,104789,100398,94993,104417,120864,97111,98250,119431,98679,113207,108120,91109,105173,112937,109541,99606,104004,109043,101208,114100,106752,108398,105937,99717,86534,114717,99138,97290
STAT,popedge,Conflicts,153,0,0,0,0,0,0,0,0,0,0,0,0,0,0,0,0,0,0,0,0,0,0,0,0,0,0,0,0,0,0,0,0,0,0,0,0,0,0,0,0,0,0,0,0,0,0,0,0,0,0,0,0,0,0,0,0,0,0,0,0,0,0,0,0,0,0,0,0,0,0,0,0,0,0,0,0,0,0,0,0,0,0,0,0,0,0,0,0,0,0,0,0,0,0,0,0,0,0,0,0,0,0,0,0,0,0,0,0,0,0,0,0,0,0,0,0,0,0,0,0,0,0,0,0,0,0,0,0,0,0,0,0,0,0,0,0,0,0,0,0,0,0,0,0,0,0,0,0,0,0,0,0,0,0
STAT,popedge,Iterations,153,7361137,44466,42776,44776,45438,44500,43545,45055,46367,45875,44704,46281,46521,48226,47600,44672,44226,46619,45553,46260,48323,48153,44651,45865,44487,48813,45527,46688,45489,47331,45881,45307,55324,53651,55836,51208,53415,50824,53024,53864,52341,51222,51208,50528,51364,50373,53552,49432,53319,52463,53089,50254,45107,48980,49269,49909,49811,48488,47731,50313,50426,48882,42506,40147,43244,44159,44081,42138,43923,44563,43451,44476,42667,44686,44529,46102,46608,44974,45683,46357,47661,47959,47505,47636,46523,46945,48068,46203,46820,48208,45217,45737,47453,53573,53628,53982,52335,53894,55522,56389,52734,48519,52313,51859,51889,54278,54788,54716,54199,53366,52778,49759,51072,45535,49881,52777,51974,48700,49923,50755,51872,52553,53441,42642,44562,46002,43692,45567,42349,45014,45670,46512,45949,48531,45547,45257,46915,45388,45964,46632,47001,46178,45820,47621,49258,46157,46096,48255,46353,49114,47479,46041,46002,47154
STAT,refine,Conflicts,153,5674,114,119,108,113,99,90,105,102,84,86,78,76,83,90,87,61,54,64,67,51,50,52,52,56,57,60,63,57,70,54,49,29,34,38,28,42,27,37,31,30,37,48,45,33,44,29,46,40,21,33,41,35,43,46,40,43,36,47,45,30,42,17,26,20,21,18,19,21,23,22,26,25,19,25,28,22,25,20,26,29,26,24,21,25,25,27,34,22,22,25,20,21,21,22,31,18,29,22,26,21,21,24,30,26,23,26,15,35,31,19,23,20,22,32,27,21,32,24,23,31,27,16,23,16,29,30,27,29,16,33,20,23,20,22,21,23,24,19,32,27,21,21,18,26,24,23,32,21,24,30,24,17,26
STAT,refine,Iterations,153,136375,816,1040,876,897,717,955,917,990,925,963,933,738,801,888,665,848,865,796,851,623,935,690,808,764,719,643,904,853,729,966,635,792,1110,836,1125,1176,856,759,919,857,963,1034,1039,845,1051,881,937,940,1146,736,927,875,944,951,1164,1022,890,1152,992,783,1006,760,747,959,825,672,758,868,1015,917,660,833,881,950,642,746,1048,764,917,959,906,905,544,888,644,883,938,1002,760,840,906,762,834,1008,1124,978,1090,1062,939,708,811,1356,1165,941,950,1316,686,948,899,1076,883,963,797,1026,1216,966,1064,910,1170,822,1002,1081,909,610,723,894,793,812,789,1180,1074,962,758,769,799,709,724,766,705,856,812,1027,820,615,914,742,950,805,934,928,1058,856,934
