Hello from MIC
Galois Benchmark Suite v2.2.0 (r0)
Copyright (C) 2013 The University of Texas at Austin
http://iss.ices.utexas.edu/galois/

application: GMetis
Partitions a graph into K parts and minimizing the graph cut
http://iss.ices.utexas.edu/?p=projects/galois/benchmarks/gMetis

INFO: CommandLine /work/02556/dpereira/MIC/apps/gmetis/gmetis -t=107 /work/02556/dpereira/Inputs/USA-road-d.W.gr 16
INFO: Hostname c558-001-mic0.stampede.tacc.utexas.edu
Created Graph with 6262104 nodes and 15248146 edges
Nodes 6262104| Edges 15248146 7624073

  Starting coarsening: 
Time coarsen:  2479 Size of final graph: 434

  Sarting initial partitioning using GGGP:
Size in decade percentages:  -1,1 -0,15
Time clustering:  363

  Sarting refinnement with BKL2
Initial dist
Size in decade percentages:  -1,1 -0,15
Refined dist
Size in decade percentages:  -1,7 0,2 1,7
Time refinement:  1282


Time:  4301
Total edge cut : 2031

Part saved in : 0x7fffb0dc7a60
STATTYPE,LOOP,CATEGORY,n,sum,T0,T1,T2,T3,T4,T5,T6,T7,T8,T9,T10,T11,T12,T13,T14,T15,T16,T17,T18,T19,T20,T21,T22,T23,T24,T25,T26,T27,T28,T29,T30,T31,T32,T33,T34,T35,T36,T37,T38,T39,T40,T41,T42,T43,T44,T45,T46,T47,T48,T49,T50,T51,T52,T53,T54,T55,T56,T57,T58,T59,T60,T61,T62,T63,T64,T65,T66,T67,T68,T69,T70,T71,T72,T73,T74,T75,T76,T77,T78,T79,T80,T81,T82,T83,T84,T85,T86,T87,T88,T89,T90,T91,T92,T93,T94,T95,T96,T97,T98,T99,T100,T101,T102,T103,T104,T105,T106
STAT,(NULL),Coarsen,107,2479,2479,0,0,0,0,0,0,0,0,0,0,0,0,0,0,0,0,0,0,0,0,0,0,0,0,0,0,0,0,0,0,0,0,0,0,0,0,0,0,0,0,0,0,0,0,0,0,0,0,0,0,0,0,0,0,0,0,0,0,0,0,0,0,0,0,0,0,0,0,0,0,0,0,0,0,0,0,0,0,0,0,0,0,0,0,0,0,0,0,0,0,0,0,0,0,0,0,0,0,0,0,0,0,0,0,0,0
STAT,(NULL),Conflicts,107,0,0,0,0,0,0,0,0,0,0,0,0,0,0,0,0,0,0,0,0,0,0,0,0,0,0,0,0,0,0,0,0,0,0,0,0,0,0,0,0,0,0,0,0,0,0,0,0,0,0,0,0,0,0,0,0,0,0,0,0,0,0,0,0,0,0,0,0,0,0,0,0,0,0,0,0,0,0,0,0,0,0,0,0,0,0,0,0,0,0,0,0,0,0,0,0,0,0,0,0,0,0,0,0,0,0,0,0
STAT,(NULL),Iterations,107,31,5,0,1,0,0,0,0,0,0,0,0,0,0,0,0,0,0,0,0,2,0,0,0,0,0,0,1,0,0,0,2,0,0,0,0,0,0,0,0,0,3,0,0,0,0,0,0,0,0,0,2,4,0,0,0,1,0,0,0,2,0,0,0,0,0,0,0,0,0,1,1,0,0,0,3,0,1,0,0,0,0,0,0,0,0,0,0,0,0,0,0,0,2,0,0,0,0,0,0,0,0,0,0,0,0,0,0
STAT,(NULL),MeminfoPost,107,756556,7070,7089,7083,7078,7050,7090,7134,7093,7058,7057,7084,7091,7083,7059,7061,7097,7056,7054,7062,7102,7076,7075,7063,7083,7137,7091,7052,7067,7085,7089,7080,7058,7059,7092,7057,7059,7082,7066,7113,7061,7087,7064,7069,7056,7071,7040,7078,7077,7062,7058,7043,7060,7076,7105,7053,7056,7082,7035,7056,7087,7081,7073,7056,7067,7060,7049,7043,7049,7065,7070,7118,7102,7050,7075,7039,7061,7082,7079,7059,7063,7055,7041,7065,7040,7110,7116,7079,7053,7049,7086,7115,7103,7072,7072,7055,7069,7031,7049,7081,7036,7053,7030,7076,7056,7075,7075,7062
STAT,(NULL),MeminfoPre,107,189135,1767,1786,1780,1775,1747,1787,1831,1790,1755,1754,1781,1788,1780,1756,1758,1794,1753,1751,1759,1799,1773,1772,1760,1780,1834,1788,1749,1764,1782,1786,1777,1755,1756,1789,1754,1756,1779,1763,1810,1758,1784,1761,1766,1753,1768,1737,1775,1774,1759,1755,1740,1757,1773,1802,1750,1753,1779,1732,1753,1784,1778,1770,1753,1764,1757,1746,1740,1746,1762,1767,1815,1799,1747,1772,1736,1758,1779,1776,1756,1760,1752,1738,1762,1737,1807,1813,1776,1750,1746,1783,1812,1800,1769,1769,1752,1766,1728,1746,1778,1733,1750,1727,1773,1753,1772,1772,1759
STAT,(NULL),Partition,107,363,363,0,0,0,0,0,0,0,0,0,0,0,0,0,0,0,0,0,0,0,0,0,0,0,0,0,0,0,0,0,0,0,0,0,0,0,0,0,0,0,0,0,0,0,0,0,0,0,0,0,0,0,0,0,0,0,0,0,0,0,0,0,0,0,0,0,0,0,0,0,0,0,0,0,0,0,0,0,0,0,0,0,0,0,0,0,0,0,0,0,0,0,0,0,0,0,0,0,0,0,0,0,0,0,0,0,0
STAT,(NULL),Refine,107,1282,1282,0,0,0,0,0,0,0,0,0,0,0,0,0,0,0,0,0,0,0,0,0,0,0,0,0,0,0,0,0,0,0,0,0,0,0,0,0,0,0,0,0,0,0,0,0,0,0,0,0,0,0,0,0,0,0,0,0,0,0,0,0,0,0,0,0,0,0,0,0,0,0,0,0,0,0,0,0,0,0,0,0,0,0,0,0,0,0,0,0,0,0,0,0,0,0,0,0,0,0,0,0,0,0,0,0,0
STAT,(NULL),Threads,107,107,107,0,0,0,0,0,0,0,0,0,0,0,0,0,0,0,0,0,0,0,0,0,0,0,0,0,0,0,0,0,0,0,0,0,0,0,0,0,0,0,0,0,0,0,0,0,0,0,0,0,0,0,0,0,0,0,0,0,0,0,0,0,0,0,0,0,0,0,0,0,0,0,0,0,0,0,0,0,0,0,0,0,0,0,0,0,0,0,0,0,0,0,0,0,0,0,0,0,0,0,0,0,0,0,0,0,0
STAT,(NULL),Time,107,4301,4301,0,0,0,0,0,0,0,0,0,0,0,0,0,0,0,0,0,0,0,0,0,0,0,0,0,0,0,0,0,0,0,0,0,0,0,0,0,0,0,0,0,0,0,0,0,0,0,0,0,0,0,0,0,0,0,0,0,0,0,0,0,0,0,0,0,0,0,0,0,0,0,0,0,0,0,0,0,0,0,0,0,0,0,0,0,0,0,0,0,0,0,0,0,0,0,0,0,0,0,0,0,0,0,0,0,0
STAT,match,Conflicts,107,6200,119,95,89,90,96,88,65,87,85,83,72,76,60,70,79,61,63,62,67,67,56,85,69,77,55,80,74,75,72,62,64,54,67,83,65,64,56,68,64,75,58,63,80,58,62,62,52,40,53,46,44,49,48,49,46,39,51,57,45,51,36,59,54,53,37,36,43,33,41,36,48,36,50,38,43,48,43,40,46,43,39,41,46,51,57,37,57,51,49,51,51,49,49,47,61,45,58,44,47,52,50,51,55,56,47,51,53
STAT,match,Iterations,107,14990478,105926,113551,131744,118895,117449,112045,119498,113935,124130,115529,117500,112186,136511,130726,129796,137677,124329,128266,122107,127370,140937,125153,145521,127746,115114,135483,136428,128500,125658,121865,147553,155666,143220,120573,139033,137409,129230,126558,132898,125754,138078,135602,128394,132933,125948,135092,154448,156924,165430,153257,166102,154549,137146,151308,158212,169325,163550,142177,149702,141189,160135,123630,132577,147817,150699,151716,146151,153203,157687,158365,147492,154347,147608,138843,148557,152557,140132,147766,151594,154227,144531,138635,152630,153079,129873,140885,137359,164727,150662,150869,132943,141309,141800,142513,143282,158344,145510,141753,149486,134862,160279,154676,147742,144115,142104,148418,174154
STAT,popedge,Conflicts,107,0,0,0,0,0,0,0,0,0,0,0,0,0,0,0,0,0,0,0,0,0,0,0,0,0,0,0,0,0,0,0,0,0,0,0,0,0,0,0,0,0,0,0,0,0,0,0,0,0,0,0,0,0,0,0,0,0,0,0,0,0,0,0,0,0,0,0,0,0,0,0,0,0,0,0,0,0,0,0,0,0,0,0,0,0,0,0,0,0,0,0,0,0,0,0,0,0,0,0,0,0,0,0,0,0,0,0,0
STAT,popedge,Iterations,107,7344305,67332,64256,64383,68581,71228,69120,65041,67488,69026,67180,66273,66226,63977,68804,70960,65579,67149,65842,69356,65589,67418,66977,67090,65133,64690,64039,69360,69004,66997,67740,67449,65735,67899,71765,70621,70678,64087,65628,62819,67630,65594,67785,68236,67758,70192,69840,72744,74466,73348,74758,74265,76990,74887,75524,77615,77476,73710,83407,75937,77091,75766,66429,63950,64270,67072,67450,67506,64523,62602,66754,66077,64869,65716,67699,69641,68467,65592,65167,65816,66247,65198,68674,65860,66886,65911,62936,64620,63766,66589,67508,69719,72965,71096,73052,71239,70277,72293,67679,67334,75848,66663,65951,68543,71235,70281,72016,70781
STAT,refine,Conflicts,107,4703,121,125,126,109,118,108,97,100,77,90,91,88,66,74,88,78,59,62,64,65,69,64,70,50,49,66,59,60,55,65,36,40,35,35,51,30,46,57,55,33,45,45,41,55,37,38,31,24,22,23,33,38,26,32,41,48,18,19,29,35,46,27,30,24,26,18,30,30,27,20,21,25,35,23,27,25,27,27,29,18,22,23,20,24,25,33,32,20,26,29,33,21,27,26,12,24,17,25,17,26,14,31,24,28,32,19,27
STAT,refine,Iterations,107,40929,507,605,509,479,581,384,759,616,371,452,469,444,255,352,454,370,342,426,347,329,405,321,427,320,543,563,227,480,459,423,329,293,374,241,315,239,270,398,600,336,305,305,345,386,367,345,410,461,606,361,443,500,345,389,455,455,318,294,254,428,608,401,508,315,291,421,311,551,364,317,350,316,359,240,305,257,425,410,485,233,301,382,336,293,215,371,420,231,405,393,277,368,328,480,242,269,217,259,245,386,260,420,399,411,381,451,336
