Hello from MIC
Galois Benchmark Suite v2.2.0 (r0)
Copyright (C) 2013 The University of Texas at Austin
http://iss.ices.utexas.edu/galois/

application: GMetis
Partitions a graph into K parts and minimizing the graph cut
http://iss.ices.utexas.edu/?p=projects/galois/benchmarks/gMetis

INFO: CommandLine /work/02556/dpereira/MIC/apps/gmetis/gmetis -t=76 /work/02556/dpereira/Inputs/USA-road-d.W.gr 1024
INFO: Hostname c558-304-mic0.stampede.tacc.utexas.edu
Created Graph with 6262104 nodes and 15248146 edges
Nodes 6262104| Edges 15248146 7624073

  Starting coarsening: 
Time coarsen:  2167 Size of final graph: 21507

  Sarting initial partitioning using GGGP:
Size in decade percentages:  -1,82 -0,867 1,75
Time clustering:  867

  Sarting refinnement with BKL2
Initial dist
Size in decade percentages:  -1,82 -0,867 1,75
Refined dist
Size in decade percentages:  -1,372 0,278 1,374
Time refinement:  916


Time:  4127
Total edge cut : 31535

Part saved in : 0x7fffee232a60
STATTYPE,LOOP,CATEGORY,n,sum,T0,T1,T2,T3,T4,T5,T6,T7,T8,T9,T10,T11,T12,T13,T14,T15,T16,T17,T18,T19,T20,T21,T22,T23,T24,T25,T26,T27,T28,T29,T30,T31,T32,T33,T34,T35,T36,T37,T38,T39,T40,T41,T42,T43,T44,T45,T46,T47,T48,T49,T50,T51,T52,T53,T54,T55,T56,T57,T58,T59,T60,T61,T62,T63,T64,T65,T66,T67,T68,T69,T70,T71,T72,T73,T74,T75
STAT,(NULL),Coarsen,76,2167,2167,0,0,0,0,0,0,0,0,0,0,0,0,0,0,0,0,0,0,0,0,0,0,0,0,0,0,0,0,0,0,0,0,0,0,0,0,0,0,0,0,0,0,0,0,0,0,0,0,0,0,0,0,0,0,0,0,0,0,0,0,0,0,0,0,0,0,0,0,0,0,0,0,0,0,0
STAT,(NULL),Conflicts,76,0,0,0,0,0,0,0,0,0,0,0,0,0,0,0,0,0,0,0,0,0,0,0,0,0,0,0,0,0,0,0,0,0,0,0,0,0,0,0,0,0,0,0,0,0,0,0,0,0,0,0,0,0,0,0,0,0,0,0,0,0,0,0,0,0,0,0,0,0,0,0,0,0,0,0,0,0
STAT,(NULL),Iterations,76,2047,11,29,16,25,26,10,9,21,25,20,15,19,27,18,27,25,27,22,51,31,26,29,30,24,35,33,37,36,17,33,20,27,26,36,30,19,21,9,28,29,32,14,30,14,33,31,29,31,33,24,26,34,41,40,27,40,43,23,41,62,65,18,27,23,36,22,19,22,25,21,24,8,21,35,10,24
STAT,(NULL),MeminfoPost,76,756345,9957,9971,9957,9943,10032,9965,9936,9969,9977,9944,9950,9957,9933,9961,9969,9948,9965,10033,9949,9948,9969,9969,9934,9965,9940,9945,9954,9989,9961,9954,9936,9945,9923,9967,9937,9921,9934,9983,9948,9953,9918,9928,9972,9963,9938,9939,9918,9915,9943,9969,10008,9932,9942,9927,9974,9938,9939,9919,9937,9935,10020,9958,9922,9971,10001,9980,9939,9941,9911,9919,9949,9908,9937,9939,9955,9950
STAT,(NULL),MeminfoPre,76,189081,2493,2507,2493,2479,2568,2501,2472,2505,2513,2480,2486,2493,2469,2497,2505,2484,2501,2569,2485,2484,2505,2505,2470,2501,2476,2481,2490,2525,2497,2490,2472,2481,2459,2503,2473,2457,2470,2519,2484,2489,2454,2464,2508,2499,2474,2475,2454,2451,2479,2505,2544,2468,2478,2463,2510,2474,2475,2455,2473,2471,2556,2494,2458,2507,2537,2516,2475,2477,2447,2455,2485,2444,2473,2475,2491,2486
STAT,(NULL),Partition,76,867,867,0,0,0,0,0,0,0,0,0,0,0,0,0,0,0,0,0,0,0,0,0,0,0,0,0,0,0,0,0,0,0,0,0,0,0,0,0,0,0,0,0,0,0,0,0,0,0,0,0,0,0,0,0,0,0,0,0,0,0,0,0,0,0,0,0,0,0,0,0,0,0,0,0,0,0
STAT,(NULL),Refine,76,916,916,0,0,0,0,0,0,0,0,0,0,0,0,0,0,0,0,0,0,0,0,0,0,0,0,0,0,0,0,0,0,0,0,0,0,0,0,0,0,0,0,0,0,0,0,0,0,0,0,0,0,0,0,0,0,0,0,0,0,0,0,0,0,0,0,0,0,0,0,0,0,0,0,0,0,0
STAT,(NULL),Threads,76,76,76,0,0,0,0,0,0,0,0,0,0,0,0,0,0,0,0,0,0,0,0,0,0,0,0,0,0,0,0,0,0,0,0,0,0,0,0,0,0,0,0,0,0,0,0,0,0,0,0,0,0,0,0,0,0,0,0,0,0,0,0,0,0,0,0,0,0,0,0,0,0,0,0,0,0,0
STAT,(NULL),Time,76,4127,4127,0,0,0,0,0,0,0,0,0,0,0,0,0,0,0,0,0,0,0,0,0,0,0,0,0,0,0,0,0,0,0,0,0,0,0,0,0,0,0,0,0,0,0,0,0,0,0,0,0,0,0,0,0,0,0,0,0,0,0,0,0,0,0,0,0,0,0,0,0,0,0,0,0,0,0
STAT,match,Conflicts,76,5580,161,167,131,161,132,136,138,92,104,80,98,109,113,147,83,71,66,55,63,46,67,61,59,84,70,55,70,66,55,61,60,50,61,55,63,48,68,48,52,47,51,60,53,57,48,48,45,67,68,71,58,46,51,58,60,49,43,63,52,45,66,80,67,79,94,85,69,65,60,59,76,60,65,78,90,41
STAT,match,Iterations,76,14945411,153774,145808,163755,158011,160136,162908,178245,166541,154035,187652,169329,176609,179795,166301,178201,199126,202441,182293,210860,197302,206045,210042,219731,209550,211100,206574,195298,200260,209831,210519,209233,208554,216111,197912,227836,204430,205488,206450,216638,197938,223573,210073,203481,202611,207704,226675,218747,206783,198192,192527,188111,210728,211693,209961,213105,197969,208998,225722,205401,209708,186971,170298,179207,177246,191873,185731,197287,201208,212733,207814,192519,214027,198758,204316,182376,208623
STAT,popedge,Conflicts,76,0,0,0,0,0,0,0,0,0,0,0,0,0,0,0,0,0,0,0,0,0,0,0,0,0,0,0,0,0,0,0,0,0,0,0,0,0,0,0,0,0,0,0,0,0,0,0,0,0,0,0,0,0,0,0,0,0,0,0,0,0,0,0,0,0,0,0,0,0,0,0,0,0,0,0,0,0
STAT,popedge,Iterations,76,7324562,86223,86483,89303,91242,88459,89684,90253,90327,88843,91125,91678,90738,92459,92512,89507,102730,100816,96732,100132,99085,95724,99227,100614,104691,102092,98836,94562,91675,93863,93245,97588,100779,100789,95349,98191,100577,101343,95973,102287,94697,104540,106766,101928,101811,101558,103880,102723,107066,102224,104587,102862,102724,102762,105150,98016,98997,99403,100271,99092,100819,96085,84597,85010,88009,89885,89206,94218,94121,93186,88287,92437,92873,97121,94553,94499,92863
STAT,refine,Conflicts,76,3508,92,80,70,72,78,60,64,74,61,62,57,61,48,62,54,49,40,61,63,40,58,49,50,55,52,56,45,62,60,57,55,34,30,29,35,37,51,35,29,38,39,38,36,30,41,35,40,45,51,40,34,42,45,37,36,27,35,49,41,44,56,35,41,37,31,28,27,34,37,35,43,33,36,31,26,28
STAT,refine,Iterations,76,425805,4477,4582,4690,4635,5876,5648,4477,4913,4226,4558,4280,4423,4680,4575,4865,4948,5211,7282,5513,5740,5906,5362,5121,6703,5646,6250,5935,6970,6411,6506,5734,5771,5328,5206,6115,5159,5914,6380,5657,5886,5332,5072,6537,6111,5905,6514,5547,7472,6415,6766,7195,6558,7358,6155,7532,5976,4672,5260,5956,5449,6647,5228,4524,6130,5229,5435,5797,5068,5192,4824,4918,4787,4982,5421,4842,5440
