Hello from MIC
Galois Benchmark Suite v2.2.0 (r0)
Copyright (C) 2013 The University of Texas at Austin
http://iss.ices.utexas.edu/galois/

application: GMetis
Partitions a graph into K parts and minimizing the graph cut
http://iss.ices.utexas.edu/?p=projects/galois/benchmarks/gMetis

INFO: CommandLine /work/02556/dpereira/MIC/apps/gmetis/gmetis -t=203 /work/02556/dpereira/Inputs/USA-road-d.W.gr 128
INFO: Hostname c558-003-mic0.stampede.tacc.utexas.edu
Created Graph with 6262104 nodes and 15248146 edges
Nodes 6262104| Edges 15248146 7624073

  Starting coarsening: 
Time coarsen:  3400 Size of final graph: 3147

  Sarting initial partitioning using GGGP:
Size in decade percentages:  -1,4 -0,114 1,10
Time clustering:  460

  Sarting refinnement with BKL2
Initial dist
Size in decade percentages:  -1,4 -0,114 1,10
Refined dist
Size in decade percentages:  -1,42 0,42 1,44
Time refinement:  2227


Time:  6265
Total edge cut : 8085

Part saved in : 0x7fff4ce02ee0
STATTYPE,LOOP,CATEGORY,n,sum,T0,T1,T2,T3,T4,T5,T6,T7,T8,T9,T10,T11,T12,T13,T14,T15,T16,T17,T18,T19,T20,T21,T22,T23,T24,T25,T26,T27,T28,T29,T30,T31,T32,T33,T34,T35,T36,T37,T38,T39,T40,T41,T42,T43,T44,T45,T46,T47,T48,T49,T50,T51,T52,T53,T54,T55,T56,T57,T58,T59,T60,T61,T62,T63,T64,T65,T66,T67,T68,T69,T70,T71,T72,T73,T74,T75,T76,T77,T78,T79,T80,T81,T82,T83,T84,T85,T86,T87,T88,T89,T90,T91,T92,T93,T94,T95,T96,T97,T98,T99,T100,T101,T102,T103,T104,T105,T106,T107,T108,T109,T110,T111,T112,T113,T114,T115,T116,T117,T118,T119,T120,T121,T122,T123,T124,T125,T126,T127,T128,T129,T130,T131,T132,T133,T134,T135,T136,T137,T138,T139,T140,T141,T142,T143,T144,T145,T146,T147,T148,T149,T150,T151,T152,T153,T154,T155,T156,T157,T158,T159,T160,T161,T162,T163,T164,T165,T166,T167,T168,T169,T170,T171,T172,T173,T174,T175,T176,T177,T178,T179,T180,T181,T182,T183,T184,T185,T186,T187,T188,T189,T190,T191,T192,T193,T194,T195,T196,T197,T198,T199,T200,T201,T202
STAT,(NULL),Coarsen,203,3400,3400,0,0,0,0,0,0,0,0,0,0,0,0,0,0,0,0,0,0,0,0,0,0,0,0,0,0,0,0,0,0,0,0,0,0,0,0,0,0,0,0,0,0,0,0,0,0,0,0,0,0,0,0,0,0,0,0,0,0,0,0,0,0,0,0,0,0,0,0,0,0,0,0,0,0,0,0,0,0,0,0,0,0,0,0,0,0,0,0,0,0,0,0,0,0,0,0,0,0,0,0,0,0,0,0,0,0,0,0,0,0,0,0,0,0,0,0,0,0,0,0,0,0,0,0,0,0,0,0,0,0,0,0,0,0,0,0,0,0,0,0,0,0,0,0,0,0,0,0,0,0,0,0,0,0,0,0,0,0,0,0,0,0,0,0,0,0,0,0,0,0,0,0,0,0,0,0,0,0,0,0,0,0,0,0,0,0,0,0,0,0,0,0,0,0,0,0,0,0,0,0,0,0
STAT,(NULL),Conflicts,203,0,0,0,0,0,0,0,0,0,0,0,0,0,0,0,0,0,0,0,0,0,0,0,0,0,0,0,0,0,0,0,0,0,0,0,0,0,0,0,0,0,0,0,0,0,0,0,0,0,0,0,0,0,0,0,0,0,0,0,0,0,0,0,0,0,0,0,0,0,0,0,0,0,0,0,0,0,0,0,0,0,0,0,0,0,0,0,0,0,0,0,0,0,0,0,0,0,0,0,0,0,0,0,0,0,0,0,0,0,0,0,0,0,0,0,0,0,0,0,0,0,0,0,0,0,0,0,0,0,0,0,0,0,0,0,0,0,0,0,0,0,0,0,0,0,0,0,0,0,0,0,0,0,0,0,0,0,0,0,0,0,0,0,0,0,0,0,0,0,0,0,0,0,0,0,0,0,0,0,0,0,0,0,0,0,0,0,0,0,0,0,0,0,0,0,0,0,0,0,0,0,0,0,0
STAT,(NULL),Iterations,203,255,8,0,1,3,3,2,0,0,0,0,0,1,1,4,0,1,0,1,0,1,3,1,0,2,4,0,0,2,0,1,0,0,3,1,2,2,0,0,0,1,0,1,0,4,0,0,0,3,0,0,4,0,0,0,0,0,0,5,2,2,0,7,2,0,0,0,1,6,0,3,0,2,4,5,0,0,1,0,0,1,0,0,0,1,3,0,1,0,0,3,1,1,0,0,2,0,0,3,0,0,0,0,2,0,0,4,1,0,1,2,3,3,3,1,0,1,0,1,0,6,2,2,6,0,2,4,0,1,0,1,2,1,4,5,1,2,1,0,0,0,0,0,0,2,5,4,4,0,0,0,0,2,0,1,3,0,0,0,1,0,0,2,0,0,1,0,0,1,1,2,0,2,1,3,0,1,0,1,4,8,0,1,3,5,1,2,0,0,0,0,0,0,0,0,2,0,7,1,2,0,3,1,0
STAT,(NULL),MeminfoPost,203,756991,3735,3719,3740,3745,3734,3731,3719,3738,3717,3736,3731,3744,3765,3764,3742,3716,3727,3721,3724,3741,3734,3738,3738,3736,3737,3718,3722,3721,3733,3735,3743,3719,3715,3722,3733,3719,3741,3745,3735,3730,3719,3740,3715,3737,3732,3744,3766,3764,3743,3717,3727,3721,3725,3739,3734,3738,3740,3734,3735,3718,3723,3721,3732,3735,3742,3720,3716,3723,3730,3739,3731,3724,3739,3761,3721,3729,3740,3733,3724,3730,3730,3721,3722,3720,3738,3713,3710,3729,3735,3739,3727,3720,3729,3720,3721,3713,3721,3727,3715,3729,3752,3753,3728,3714,3722,3719,3750,3720,3714,3707,3713,3731,3733,3735,3742,3740,3727,3728,3718,3722,3733,3718,3723,3724,3711,3714,3718,3717,3718,3736,3716,3716,3745,3757,3752,3753,3726,3718,3721,3743,3715,3709,3712,3730,3731,3737,3743,3725,3725,3719,3729,3722,3725,3711,3713,3723,3714,3732,3713,3732,3752,3749,3755,3747,3724,3718,3722,3715,3722,3725,3757,3757,3741,3749,3747,3730,3716,3724,3731,3724,3725,3727,3711,3712,3724,3712,3715,3753,3711,3709,3718,3718,3713,3737,3711,3723,3725,3731,3729,3730,3730,3722,3730
STAT,(NULL),MeminfoPre,203,189200,938,922,943,948,937,934,922,941,920,939,934,947,968,967,945,919,930,924,927,944,937,941,941,939,940,921,925,924,936,938,946,922,918,925,936,922,944,948,938,933,922,943,918,940,935,947,969,967,946,920,930,924,928,942,937,941,943,937,938,921,926,924,935,938,945,923,919,926,933,942,934,927,942,964,924,932,943,936,927,933,933,924,925,923,941,916,913,932,938,942,930,923,932,923,924,916,924,930,918,932,955,956,931,917,925,922,953,923,917,910,916,934,936,938,945,943,930,931,921,925,936,921,926,927,914,917,921,920,921,939,919,919,948,960,955,956,929,921,924,946,918,912,915,933,934,940,946,928,928,922,932,925,928,914,916,926,917,935,916,935,955,952,958,950,927,921,925,918,925,928,960,960,944,952,950,933,919,927,934,927,928,930,914,915,927,915,918,956,914,912,921,921,916,940,914,926,928,934,932,933,933,925,933
STAT,(NULL),Partition,203,460,460,0,0,0,0,0,0,0,0,0,0,0,0,0,0,0,0,0,0,0,0,0,0,0,0,0,0,0,0,0,0,0,0,0,0,0,0,0,0,0,0,0,0,0,0,0,0,0,0,0,0,0,0,0,0,0,0,0,0,0,0,0,0,0,0,0,0,0,0,0,0,0,0,0,0,0,0,0,0,0,0,0,0,0,0,0,0,0,0,0,0,0,0,0,0,0,0,0,0,0,0,0,0,0,0,0,0,0,0,0,0,0,0,0,0,0,0,0,0,0,0,0,0,0,0,0,0,0,0,0,0,0,0,0,0,0,0,0,0,0,0,0,0,0,0,0,0,0,0,0,0,0,0,0,0,0,0,0,0,0,0,0,0,0,0,0,0,0,0,0,0,0,0,0,0,0,0,0,0,0,0,0,0,0,0,0,0,0,0,0,0,0,0,0,0,0,0,0,0,0,0,0,0
STAT,(NULL),Refine,203,2227,2227,0,0,0,0,0,0,0,0,0,0,0,0,0,0,0,0,0,0,0,0,0,0,0,0,0,0,0,0,0,0,0,0,0,0,0,0,0,0,0,0,0,0,0,0,0,0,0,0,0,0,0,0,0,0,0,0,0,0,0,0,0,0,0,0,0,0,0,0,0,0,0,0,0,0,0,0,0,0,0,0,0,0,0,0,0,0,0,0,0,0,0,0,0,0,0,0,0,0,0,0,0,0,0,0,0,0,0,0,0,0,0,0,0,0,0,0,0,0,0,0,0,0,0,0,0,0,0,0,0,0,0,0,0,0,0,0,0,0,0,0,0,0,0,0,0,0,0,0,0,0,0,0,0,0,0,0,0,0,0,0,0,0,0,0,0,0,0,0,0,0,0,0,0,0,0,0,0,0,0,0,0,0,0,0,0,0,0,0,0,0,0,0,0,0,0,0,0,0,0,0,0,0
STAT,(NULL),Threads,203,203,203,0,0,0,0,0,0,0,0,0,0,0,0,0,0,0,0,0,0,0,0,0,0,0,0,0,0,0,0,0,0,0,0,0,0,0,0,0,0,0,0,0,0,0,0,0,0,0,0,0,0,0,0,0,0,0,0,0,0,0,0,0,0,0,0,0,0,0,0,0,0,0,0,0,0,0,0,0,0,0,0,0,0,0,0,0,0,0,0,0,0,0,0,0,0,0,0,0,0,0,0,0,0,0,0,0,0,0,0,0,0,0,0,0,0,0,0,0,0,0,0,0,0,0,0,0,0,0,0,0,0,0,0,0,0,0,0,0,0,0,0,0,0,0,0,0,0,0,0,0,0,0,0,0,0,0,0,0,0,0,0,0,0,0,0,0,0,0,0,0,0,0,0,0,0,0,0,0,0,0,0,0,0,0,0,0,0,0,0,0,0,0,0,0,0,0,0,0,0,0,0,0,0
STAT,(NULL),Time,203,6265,6265,0,0,0,0,0,0,0,0,0,0,0,0,0,0,0,0,0,0,0,0,0,0,0,0,0,0,0,0,0,0,0,0,0,0,0,0,0,0,0,0,0,0,0,0,0,0,0,0,0,0,0,0,0,0,0,0,0,0,0,0,0,0,0,0,0,0,0,0,0,0,0,0,0,0,0,0,0,0,0,0,0,0,0,0,0,0,0,0,0,0,0,0,0,0,0,0,0,0,0,0,0,0,0,0,0,0,0,0,0,0,0,0,0,0,0,0,0,0,0,0,0,0,0,0,0,0,0,0,0,0,0,0,0,0,0,0,0,0,0,0,0,0,0,0,0,0,0,0,0,0,0,0,0,0,0,0,0,0,0,0,0,0,0,0,0,0,0,0,0,0,0,0,0,0,0,0,0,0,0,0,0,0,0,0,0,0,0,0,0,0,0,0,0,0,0,0,0,0,0,0,0,0
STAT,match,Conflicts,203,6442,49,51,48,55,50,52,52,48,31,55,44,49,45,49,44,44,39,36,40,54,39,43,40,44,44,39,43,51,36,43,31,35,46,44,37,35,51,36,28,41,54,39,48,35,34,38,37,41,51,37,56,26,38,47,39,27,35,40,39,35,30,23,26,23,31,27,35,19,22,20,29,33,32,24,28,26,28,22,28,26,29,27,17,23,25,31,20,27,26,36,24,24,32,27,27,30,30,24,26,24,34,43,31,28,24,22,32,33,23,38,29,35,25,26,24,29,32,27,25,28,34,30,26,28,32,28,25,26,25,24,25,28,25,31,27,22,20,38,23,25,22,32,31,24,26,22,28,24,24,24,26,27,21,31,29,32,29,25,28,31,34,32,31,23,29,31,26,30,23,34,25,24,30,33,40,34,28,27,27,27,26,30,26,24,24,31,25,26,24,22,24,24,27,25,31,28,22,27,27,23,22,20,32
STAT,match,Iterations,203,15029916,48052,56161,38704,40456,54427,55036,54631,41044,50966,59394,58247,69666,52932,47555,56670,60233,52303,69338,60482,58101,66206,47017,73852,64228,64842,68605,64244,68552,57792,69157,58306,80577,67333,69028,54906,79916,64871,62852,66583,65823,73250,56744,67818,62445,51454,63190,50658,57113,71190,78716,51422,82903,57720,61861,54778,96918,66161,58717,69287,81926,65616,65223,59385,86801,73924,60594,79729,76082,98355,69359,81492,58650,71119,73982,63513,85707,85413,70419,82037,67428,81953,85059,89882,72835,91452,70057,90599,76687,73498,59293,98336,80992,75252,87708,63357,90856,79398,75979,72497,91176,64544,73598,72974,78318,100487,81887,75455,70876,86307,90975,76945,85531,68981,91445,72683,87767,74045,94065,97859,65570,74472,77521,73075,79019,72489,66845,79221,67168,62314,93220,65024,85569,67585,83677,71734,80988,90833,73036,86380,90924,68802,80600,80417,86792,73952,86092,90632,90044,85732,102419,76182,83004,85908,90400,91696,84161,76088,71025,77788,70344,69337,70309,97927,81611,75912,80377,83348,81865,80367,60735,103749,89208,94908,76977,69809,87110,97163,84108,90391,73388,92236,79258,77027,71466,77045,72255,85149,81597,87202,68449,73979,66351,91008,72959,77018,75044,62858,72775,88213,74583,90114,66110,80084
STAT,popedge,Conflicts,203,0,0,0,0,0,0,0,0,0,0,0,0,0,0,0,0,0,0,0,0,0,0,0,0,0,0,0,0,0,0,0,0,0,0,0,0,0,0,0,0,0,0,0,0,0,0,0,0,0,0,0,0,0,0,0,0,0,0,0,0,0,0,0,0,0,0,0,0,0,0,0,0,0,0,0,0,0,0,0,0,0,0,0,0,0,0,0,0,0,0,0,0,0,0,0,0,0,0,0,0,0,0,0,0,0,0,0,0,0,0,0,0,0,0,0,0,0,0,0,0,0,0,0,0,0,0,0,0,0,0,0,0,0,0,0,0,0,0,0,0,0,0,0,0,0,0,0,0,0,0,0,0,0,0,0,0,0,0,0,0,0,0,0,0,0,0,0,0,0,0,0,0,0,0,0,0,0,0,0,0,0,0,0,0,0,0,0,0,0,0,0,0,0,0,0,0,0,0,0,0,0,0,0,0
STAT,popedge,Iterations,203,7362959,32602,33831,33117,32895,32234,33815,34313,34169,31923,33443,33044,33148,33816,32969,32824,34794,34621,33685,34237,34260,38213,38460,35746,37814,37041,38517,38388,35395,38289,37849,39089,37149,38099,38236,36078,38207,37391,36919,37991,35500,38137,38586,37893,37826,39820,36323,37523,37763,40582,38576,40420,37889,35874,39853,37281,36599,38692,39125,39140,37441,37123,31052,32458,35035,33128,34709,33565,33185,34087,32134,33063,31471,33517,32602,32007,31119,33308,33107,33945,32989,32429,37068,35912,36422,37355,37720,36941,37508,36283,38377,35245,37608,38064,38417,38011,36158,37889,37023,38417,38403,37428,38369,36371,38366,38235,38415,38270,37492,38000,42040,40053,40577,39060,39583,37527,38070,37455,40725,37750,40357,37433,42468,32071,33613,32948,32741,33954,34340,32171,32022,32579,34733,34003,32965,32955,31512,33443,35740,34195,32913,32650,33355,39050,35790,37657,37840,37275,36567,39261,36854,37260,40470,38978,37444,36102,37721,38736,36396,38456,38769,38334,35521,36566,35400,37981,37788,37839,39169,38149,37599,43255,40714,43177,38751,39731,38970,39359,39319,41025,39804,39361,39988,38527,34400,34247,35010,32392,32008,33147,34415,35481,33421,33716,32078,34820,35180,33181,34136,35558,32317,34898,32275,34071
STAT,refine,Conflicts,203,6674,120,120,108,105,104,99,98,96,80,89,82,82,86,75,81,74,57,75,57,60,54,62,64,60,65,64,56,52,53,66,48,36,45,41,42,40,34,37,36,40,40,39,44,45,38,50,41,37,49,43,45,40,39,41,34,50,39,34,44,40,34,14,23,19,28,22,18,17,23,16,28,25,28,28,20,10,27,14,20,20,24,16,21,24,19,22,23,20,20,25,21,19,27,30,22,23,21,20,24,24,28,23,15,19,27,19,22,21,23,29,27,22,20,23,17,16,26,22,18,15,26,24,23,18,19,21,16,23,18,13,17,19,16,15,24,18,22,25,12,29,15,27,25,18,23,14,22,22,20,23,20,18,16,22,21,28,19,20,18,22,21,18,27,24,26,24,24,25,20,23,32,19,29,22,24,25,23,23,21,18,21,18,15,35,21,19,17,19,27,13,29,36,21,25,22,22,14,22,25,18,26,21,23
STAT,refine,Iterations,203,136299,661,638,621,828,586,859,710,569,381,776,559,678,962,691,722,664,593,809,483,731,674,655,665,581,624,699,637,838,706,785,669,725,595,599,600,774,653,708,770,707,807,588,607,609,669,805,777,617,964,699,778,580,399,905,559,729,728,565,488,628,574,455,625,651,798,611,608,601,548,592,611,545,746,1052,484,542,740,501,616,554,722,688,654,602,756,430,530,552,859,734,623,539,753,889,680,627,705,732,785,918,945,904,553,703,711,620,862,687,715,1162,660,677,658,754,644,633,652,770,582,589,739,664,580,570,415,633,579,567,428,505,366,701,574,728,1009,456,702,747,423,898,396,694,605,555,576,681,643,420,813,1004,583,699,559,608,813,722,630,584,669,715,845,1110,816,645,625,625,612,971,693,728,1128,705,953,597,783,946,677,717,726,485,729,521,405,581,578,605,771,607,596,457,540,626,764,626,612,892,561,565,709,558,648,491,818
