Hello from MIC
Galois Benchmark Suite v2.2.0 (r0)
Copyright (C) 2013 The University of Texas at Austin
http://iss.ices.utexas.edu/galois/

application: GMetis
Partitions a graph into K parts and minimizing the graph cut
http://iss.ices.utexas.edu/?p=projects/galois/benchmarks/gMetis

INFO: CommandLine /work/02556/dpereira/MIC/apps/gmetis/gmetis -t=155 /work/02556/dpereira/Inputs/USA-road-d.W.gr 128
INFO: Hostname c558-002-mic0.stampede.tacc.utexas.edu
Created Graph with 6262104 nodes and 15248146 edges
Nodes 6262104| Edges 15248146 7624073

  Starting coarsening: 
Time coarsen:  2697 Size of final graph: 3135

  Sarting initial partitioning using GGGP:
Size in decade percentages:  -1,7 -0,115 1,6
Time clustering:  429

  Sarting refinnement with BKL2
Initial dist
Size in decade percentages:  -1,7 -0,115 1,6
Refined dist
Size in decade percentages:  -1,40 -0,45 1,43
Time refinement:  1633


Time:  4935
Total edge cut : 7720

Part saved in : 0x7fff3cbaed60
STATTYPE,LOOP,CATEGORY,n,sum,T0,T1,T2,T3,T4,T5,T6,T7,T8,T9,T10,T11,T12,T13,T14,T15,T16,T17,T18,T19,T20,T21,T22,T23,T24,T25,T26,T27,T28,T29,T30,T31,T32,T33,T34,T35,T36,T37,T38,T39,T40,T41,T42,T43,T44,T45,T46,T47,T48,T49,T50,T51,T52,T53,T54,T55,T56,T57,T58,T59,T60,T61,T62,T63,T64,T65,T66,T67,T68,T69,T70,T71,T72,T73,T74,T75,T76,T77,T78,T79,T80,T81,T82,T83,T84,T85,T86,T87,T88,T89,T90,T91,T92,T93,T94,T95,T96,T97,T98,T99,T100,T101,T102,T103,T104,T105,T106,T107,T108,T109,T110,T111,T112,T113,T114,T115,T116,T117,T118,T119,T120,T121,T122,T123,T124,T125,T126,T127,T128,T129,T130,T131,T132,T133,T134,T135,T136,T137,T138,T139,T140,T141,T142,T143,T144,T145,T146,T147,T148,T149,T150,T151,T152,T153,T154
STAT,(NULL),Coarsen,155,2697,2697,0,0,0,0,0,0,0,0,0,0,0,0,0,0,0,0,0,0,0,0,0,0,0,0,0,0,0,0,0,0,0,0,0,0,0,0,0,0,0,0,0,0,0,0,0,0,0,0,0,0,0,0,0,0,0,0,0,0,0,0,0,0,0,0,0,0,0,0,0,0,0,0,0,0,0,0,0,0,0,0,0,0,0,0,0,0,0,0,0,0,0,0,0,0,0,0,0,0,0,0,0,0,0,0,0,0,0,0,0,0,0,0,0,0,0,0,0,0,0,0,0,0,0,0,0,0,0,0,0,0,0,0,0,0,0,0,0,0,0,0,0,0,0,0,0,0,0,0,0,0,0,0,0,0
STAT,(NULL),Conflicts,155,0,0,0,0,0,0,0,0,0,0,0,0,0,0,0,0,0,0,0,0,0,0,0,0,0,0,0,0,0,0,0,0,0,0,0,0,0,0,0,0,0,0,0,0,0,0,0,0,0,0,0,0,0,0,0,0,0,0,0,0,0,0,0,0,0,0,0,0,0,0,0,0,0,0,0,0,0,0,0,0,0,0,0,0,0,0,0,0,0,0,0,0,0,0,0,0,0,0,0,0,0,0,0,0,0,0,0,0,0,0,0,0,0,0,0,0,0,0,0,0,0,0,0,0,0,0,0,0,0,0,0,0,0,0,0,0,0,0,0,0,0,0,0,0,0,0,0,0,0,0,0,0,0,0,0,0
STAT,(NULL),Iterations,155,255,8,2,0,0,0,1,1,0,0,0,0,2,4,3,1,0,5,0,0,4,3,0,0,2,1,0,3,2,1,4,0,0,5,3,0,4,0,0,0,6,1,3,0,1,0,6,1,4,0,0,0,5,0,4,0,0,0,0,0,2,4,0,1,5,0,0,3,1,3,0,0,0,0,0,4,0,1,0,2,0,5,2,0,1,2,3,0,0,3,1,0,4,0,3,0,0,0,6,3,3,4,2,4,2,0,0,1,5,1,2,5,3,4,1,0,4,0,2,4,1,3,1,0,0,0,0,4,0,4,5,7,1,0,2,0,3,0,1,2,1,1,3,3,1,0,6,2,2,3,0,0,0,0,1,2
STAT,(NULL),MeminfoPost,155,756770,4888,4884,4899,4887,4884,4882,4866,4891,4901,4927,4927,4865,4880,4870,4885,4895,4900,4890,4885,4874,4872,4881,4900,4878,4872,4873,4885,4883,4901,4884,4885,4885,4864,4893,4902,4933,4919,4871,4878,4869,4884,4898,4899,4891,4885,4872,4873,4884,4904,4869,4875,4873,4885,4888,4880,4914,4888,4878,4894,4882,4884,4880,4876,4869,4888,4858,4872,4890,4896,4874,4877,4872,4868,4865,4875,4864,4911,4909,4876,4870,4872,4899,4865,4856,4867,4887,4891,4897,4895,4876,4868,4887,4866,4875,4869,4862,4868,4861,4890,4867,4874,4909,4917,4905,4874,4872,4893,4865,4855,4880,4888,4894,4885,4874,4881,4871,4874,4861,4871,4863,4881,4870,4912,4910,4914,4882,4870,4866,4873,4889,4921,4901,4906,4900,4864,4886,4876,4887,4872,4865,4854,4868,4893,4870,4857,4873,4854,4890,4862,4877,4877,4885,4881,4876,4886
STAT,(NULL),MeminfoPre,155,189160,1226,1222,1237,1225,1222,1220,1204,1229,1239,1265,1265,1203,1218,1208,1223,1233,1238,1228,1223,1212,1210,1219,1238,1216,1210,1211,1223,1221,1239,1222,1223,1223,1202,1231,1240,1271,1257,1209,1216,1207,1222,1236,1237,1229,1223,1210,1211,1222,1242,1207,1213,1211,1223,1226,1218,1252,1226,1216,1232,1220,1222,1218,1214,1207,1226,1196,1210,1228,1234,1212,1215,1210,1206,1203,1213,1202,1249,1247,1214,1208,1210,1237,1203,1194,1205,1225,1229,1235,1233,1214,1206,1225,1204,1213,1207,1200,1206,1199,1228,1205,1212,1247,1255,1243,1212,1210,1231,1203,1193,1218,1226,1232,1223,1212,1219,1209,1212,1199,1209,1201,1219,1208,1250,1248,1252,1220,1208,1204,1211,1227,1259,1239,1244,1238,1202,1224,1214,1225,1210,1203,1192,1206,1231,1208,1195,1211,1192,1228,1200,1215,1215,1223,1219,1214,1224
STAT,(NULL),Partition,155,429,429,0,0,0,0,0,0,0,0,0,0,0,0,0,0,0,0,0,0,0,0,0,0,0,0,0,0,0,0,0,0,0,0,0,0,0,0,0,0,0,0,0,0,0,0,0,0,0,0,0,0,0,0,0,0,0,0,0,0,0,0,0,0,0,0,0,0,0,0,0,0,0,0,0,0,0,0,0,0,0,0,0,0,0,0,0,0,0,0,0,0,0,0,0,0,0,0,0,0,0,0,0,0,0,0,0,0,0,0,0,0,0,0,0,0,0,0,0,0,0,0,0,0,0,0,0,0,0,0,0,0,0,0,0,0,0,0,0,0,0,0,0,0,0,0,0,0,0,0,0,0,0,0,0,0
STAT,(NULL),Refine,155,1633,1633,0,0,0,0,0,0,0,0,0,0,0,0,0,0,0,0,0,0,0,0,0,0,0,0,0,0,0,0,0,0,0,0,0,0,0,0,0,0,0,0,0,0,0,0,0,0,0,0,0,0,0,0,0,0,0,0,0,0,0,0,0,0,0,0,0,0,0,0,0,0,0,0,0,0,0,0,0,0,0,0,0,0,0,0,0,0,0,0,0,0,0,0,0,0,0,0,0,0,0,0,0,0,0,0,0,0,0,0,0,0,0,0,0,0,0,0,0,0,0,0,0,0,0,0,0,0,0,0,0,0,0,0,0,0,0,0,0,0,0,0,0,0,0,0,0,0,0,0,0,0,0,0,0,0
STAT,(NULL),Threads,155,155,155,0,0,0,0,0,0,0,0,0,0,0,0,0,0,0,0,0,0,0,0,0,0,0,0,0,0,0,0,0,0,0,0,0,0,0,0,0,0,0,0,0,0,0,0,0,0,0,0,0,0,0,0,0,0,0,0,0,0,0,0,0,0,0,0,0,0,0,0,0,0,0,0,0,0,0,0,0,0,0,0,0,0,0,0,0,0,0,0,0,0,0,0,0,0,0,0,0,0,0,0,0,0,0,0,0,0,0,0,0,0,0,0,0,0,0,0,0,0,0,0,0,0,0,0,0,0,0,0,0,0,0,0,0,0,0,0,0,0,0,0,0,0,0,0,0,0,0,0,0,0,0,0,0,0
STAT,(NULL),Time,155,4935,4935,0,0,0,0,0,0,0,0,0,0,0,0,0,0,0,0,0,0,0,0,0,0,0,0,0,0,0,0,0,0,0,0,0,0,0,0,0,0,0,0,0,0,0,0,0,0,0,0,0,0,0,0,0,0,0,0,0,0,0,0,0,0,0,0,0,0,0,0,0,0,0,0,0,0,0,0,0,0,0,0,0,0,0,0,0,0,0,0,0,0,0,0,0,0,0,0,0,0,0,0,0,0,0,0,0,0,0,0,0,0,0,0,0,0,0,0,0,0,0,0,0,0,0,0,0,0,0,0,0,0,0,0,0,0,0,0,0,0,0,0,0,0,0,0,0,0,0,0,0,0,0,0,0,0
STAT,match,Conflicts,155,6451,70,66,53,60,53,67,56,59,65,55,57,66,58,54,50,49,58,56,52,54,47,62,57,64,59,52,47,57,57,46,52,47,50,52,53,53,52,48,49,45,51,44,45,47,49,43,47,46,49,46,41,49,38,45,44,41,36,43,39,36,41,30,36,28,28,37,41,29,30,27,42,32,36,28,35,40,38,30,32,41,25,39,33,32,37,34,41,39,41,39,42,28,54,33,38,33,39,32,33,37,38,35,37,28,31,31,36,32,34,39,51,31,40,32,40,43,36,38,33,42,31,35,34,26,30,32,36,36,27,38,34,33,34,41,31,33,29,34,28,39,44,44,43,40,29,39,37,38,38,35,29,30,32,44,45
STAT,match,Iterations,155,15017714,48069,74056,80823,64484,76798,73356,79325,63635,76288,71084,82798,82829,77564,81431,83184,86040,76888,88224,73790,73072,70014,62723,84504,90674,71282,85563,81090,74775,77288,88544,75114,93110,89445,86338,106385,99763,78479,102434,89662,75659,106102,96619,96274,96285,111511,91461,114201,93373,95736,100572,110526,100088,112406,103204,97080,100114,89615,107269,98906,83044,93835,95483,90249,103505,109317,80059,105750,88580,100420,120549,69683,96522,98218,109183,93718,101831,84896,105857,111506,84704,121067,101488,100016,105091,99204,118996,101094,95807,82544,90878,88855,105124,92843,113535,135706,122137,81676,123372,136208,103969,125201,100616,109756,124013,134317,117823,112506,123197,109134,112480,116256,117637,108966,140142,103021,107214,123829,108721,92846,105136,125998,97947,90198,112752,86354,92211,97861,123102,108931,93539,91651,87161,111860,102781,95270,101294,96554,112608,95305,84751,75003,99594,109616,85409,108631,105363,94028,93942,114582,81346,114269,100282,91208,104543,74514
STAT,popedge,Conflicts,155,0,0,0,0,0,0,0,0,0,0,0,0,0,0,0,0,0,0,0,0,0,0,0,0,0,0,0,0,0,0,0,0,0,0,0,0,0,0,0,0,0,0,0,0,0,0,0,0,0,0,0,0,0,0,0,0,0,0,0,0,0,0,0,0,0,0,0,0,0,0,0,0,0,0,0,0,0,0,0,0,0,0,0,0,0,0,0,0,0,0,0,0,0,0,0,0,0,0,0,0,0,0,0,0,0,0,0,0,0,0,0,0,0,0,0,0,0,0,0,0,0,0,0,0,0,0,0,0,0,0,0,0,0,0,0,0,0,0,0,0,0,0,0,0,0,0,0,0,0,0,0,0,0,0,0,0
STAT,popedge,Iterations,155,7359676,43928,43345,45291,43425,44823,45655,41979,44345,44018,42503,43925,44664,44435,45325,44859,45276,46607,44878,44574,47110,47191,48983,48331,45561,46863,47916,45643,44928,43362,45264,46424,43727,47161,55750,53921,50673,52004,52146,51633,55151,52146,52918,50559,51704,54666,53757,51553,47891,49360,54319,51192,54285,49945,48955,51268,49992,51294,47210,48313,48638,49422,41301,43177,42836,40789,42331,44684,42595,42384,42016,44671,44504,43419,43273,44026,42662,45813,43071,45010,46020,47081,42734,48352,45084,45640,44887,45314,47359,47923,45459,45589,44803,46918,45733,52662,52611,52137,51110,53550,54628,50583,51908,52058,54812,53080,54015,53360,53520,50615,49052,55555,53034,53464,54185,52945,52160,50770,51132,51399,52182,47847,52378,41875,41389,42016,42864,42983,43104,45554,42550,43393,43634,45585,44878,49766,45510,43384,45092,46531,46562,48155,46865,45227,47474,44969,46928,47328,45850,44328,47414,46045,48160,45959,45764,45346
STAT,refine,Conflicts,155,5774,99,112,108,102,94,98,101,100,75,85,87,79,85,89,77,72,64,70,58,68,55,57,58,52,65,60,68,54,52,61,54,45,51,44,46,43,32,50,39,24,39,41,44,40,47,41,45,47,43,35,39,35,43,42,43,42,37,29,35,40,39,27,34,23,19,19,23,26,22,17,17,27,18,16,22,21,30,25,20,20,20,22,18,23,28,26,15,23,16,25,26,25,28,15,24,31,33,29,28,21,22,22,18,31,18,27,24,25,22,20,29,30,18,32,30,17,20,28,19,24,28,19,24,23,21,31,17,21,30,25,27,18,41,24,18,24,22,23,20,28,18,27,24,19,17,16,41,19,18,25,20,32,21,19,17
STAT,refine,Iterations,155,130485,732,892,989,806,698,816,795,1032,839,940,950,740,788,710,721,1008,744,649,547,828,567,535,783,707,775,708,804,676,785,804,752,673,910,924,968,960,842,972,656,716,999,1112,940,808,1129,895,900,914,1115,958,819,1084,1068,1084,990,1084,692,866,793,592,649,778,847,796,811,535,884,714,979,961,703,920,667,693,698,647,776,828,695,567,762,741,460,741,721,1083,836,842,700,875,873,833,729,833,1026,906,1006,945,1333,862,816,931,1284,1143,882,1110,1001,957,969,868,1091,1019,899,1293,1087,846,1102,974,844,871,951,744,833,1109,835,787,612,852,930,863,865,665,1295,744,611,941,712,867,597,658,488,740,718,529,683,750,849,927,850,697,849,873,677,796,763
