Hello from MIC
Galois Benchmark Suite v2.2.0 (r0)
Copyright (C) 2013 The University of Texas at Austin
http://iss.ices.utexas.edu/galois/

application: GMetis
Partitions a graph into K parts and minimizing the graph cut
http://iss.ices.utexas.edu/?p=projects/galois/benchmarks/gMetis

INFO: CommandLine /work/02556/dpereira/MIC/apps/gmetis/gmetis -t=198 /work/02556/dpereira/Inputs/USA-road-d.W.gr 1024
INFO: Hostname c558-402-mic0.stampede.tacc.utexas.edu
Created Graph with 6262104 nodes and 15248146 edges
Nodes 6262104| Edges 15248146 7624073

  Starting coarsening: 
Time coarsen:  2650 Size of final graph: 22119

  Sarting initial partitioning using GGGP:
Size in decade percentages:  -1,60 -0,898 1,66
Time clustering:  1136

  Sarting refinnement with BKL2
Initial dist
Size in decade percentages:  -1,60 -0,898 1,66
Refined dist
Size in decade percentages:  -1,351 -0,311 1,361 3,1
Time refinement:  1772


Time:  5734
Total edge cut : 31813

Part saved in : 0x7fff41c55260
STATTYPE,LOOP,CATEGORY,n,sum,T0,T1,T2,T3,T4,T5,T6,T7,T8,T9,T10,T11,T12,T13,T14,T15,T16,T17,T18,T19,T20,T21,T22,T23,T24,T25,T26,T27,T28,T29,T30,T31,T32,T33,T34,T35,T36,T37,T38,T39,T40,T41,T42,T43,T44,T45,T46,T47,T48,T49,T50,T51,T52,T53,T54,T55,T56,T57,T58,T59,T60,T61,T62,T63,T64,T65,T66,T67,T68,T69,T70,T71,T72,T73,T74,T75,T76,T77,T78,T79,T80,T81,T82,T83,T84,T85,T86,T87,T88,T89,T90,T91,T92,T93,T94,T95,T96,T97,T98,T99,T100,T101,T102,T103,T104,T105,T106,T107,T108,T109,T110,T111,T112,T113,T114,T115,T116,T117,T118,T119,T120,T121,T122,T123,T124,T125,T126,T127,T128,T129,T130,T131,T132,T133,T134,T135,T136,T137,T138,T139,T140,T141,T142,T143,T144,T145,T146,T147,T148,T149,T150,T151,T152,T153,T154,T155,T156,T157,T158,T159,T160,T161,T162,T163,T164,T165,T166,T167,T168,T169,T170,T171,T172,T173,T174,T175,T176,T177,T178,T179,T180,T181,T182,T183,T184,T185,T186,T187,T188,T189,T190,T191,T192,T193,T194,T195,T196,T197
STAT,(NULL),Coarsen,198,2650,2650,0,0,0,0,0,0,0,0,0,0,0,0,0,0,0,0,0,0,0,0,0,0,0,0,0,0,0,0,0,0,0,0,0,0,0,0,0,0,0,0,0,0,0,0,0,0,0,0,0,0,0,0,0,0,0,0,0,0,0,0,0,0,0,0,0,0,0,0,0,0,0,0,0,0,0,0,0,0,0,0,0,0,0,0,0,0,0,0,0,0,0,0,0,0,0,0,0,0,0,0,0,0,0,0,0,0,0,0,0,0,0,0,0,0,0,0,0,0,0,0,0,0,0,0,0,0,0,0,0,0,0,0,0,0,0,0,0,0,0,0,0,0,0,0,0,0,0,0,0,0,0,0,0,0,0,0,0,0,0,0,0,0,0,0,0,0,0,0,0,0,0,0,0,0,0,0,0,0,0,0,0,0,0,0,0,0,0,0,0,0,0,0,0,0,0,0,0
STAT,(NULL),Conflicts,198,0,0,0,0,0,0,0,0,0,0,0,0,0,0,0,0,0,0,0,0,0,0,0,0,0,0,0,0,0,0,0,0,0,0,0,0,0,0,0,0,0,0,0,0,0,0,0,0,0,0,0,0,0,0,0,0,0,0,0,0,0,0,0,0,0,0,0,0,0,0,0,0,0,0,0,0,0,0,0,0,0,0,0,0,0,0,0,0,0,0,0,0,0,0,0,0,0,0,0,0,0,0,0,0,0,0,0,0,0,0,0,0,0,0,0,0,0,0,0,0,0,0,0,0,0,0,0,0,0,0,0,0,0,0,0,0,0,0,0,0,0,0,0,0,0,0,0,0,0,0,0,0,0,0,0,0,0,0,0,0,0,0,0,0,0,0,0,0,0,0,0,0,0,0,0,0,0,0,0,0,0,0,0,0,0,0,0,0,0,0,0,0,0,0,0,0,0,0,0
STAT,(NULL),Iterations,198,2047,11,11,7,5,2,7,3,11,4,16,8,15,3,14,13,8,19,7,17,14,0,12,10,4,9,6,11,12,14,10,14,8,6,13,11,16,11,12,17,11,10,10,8,7,10,16,10,8,17,10,8,8,7,10,22,12,6,3,12,15,5,10,10,6,6,3,9,0,5,9,9,10,10,8,11,15,12,12,12,13,17,5,11,5,16,5,6,9,9,22,12,15,13,6,15,7,12,14,11,14,20,16,10,10,10,7,14,12,13,5,11,15,5,7,7,19,4,6,7,15,10,12,8,15,15,2,1,13,2,5,10,8,7,9,11,6,9,13,11,8,8,19,4,11,9,8,16,12,3,16,15,4,20,12,5,17,5,10,10,11,11,15,16,10,20,15,5,21,11,16,11,16,20,17,10,10,13,13,7,10,11,13,13,6,7,4,16,3,12,4,7,6,13,11,13,9,3,16
STAT,(NULL),MeminfoPost,198,756885,3827,3812,3838,3833,3834,3819,3818,3824,3810,3831,3839,3828,3883,3850,3813,3818,3814,3813,3833,3824,3833,3846,3821,3829,3822,3810,3815,3818,3834,3837,3817,3808,3815,3824,3817,3828,3843,3827,3826,3812,3833,3808,3832,3829,3832,3875,3852,3828,3811,3813,3817,3830,3821,3831,3848,3818,3830,3829,3807,3814,3819,3835,3831,3815,3815,3815,3820,3829,3825,3817,3835,3857,3816,3820,3832,3830,3818,3823,3823,3815,3816,3812,3831,3806,3805,3825,3828,3834,3819,3814,3819,3816,3809,3808,3810,3824,3807,3840,3849,3833,3814,3815,3815,3831,3823,3810,3805,3802,3820,3827,3835,3826,3834,3823,3824,3814,3811,3827,3812,3817,3818,3805,3804,3812,3806,3833,3810,3809,3818,3842,3850,3841,3843,3812,3818,3817,3831,3807,3800,3818,3823,3830,3830,3827,3822,3810,3824,3814,3818,3807,3808,3814,3804,3828,3808,3822,3848,3843,3849,3839,3819,3811,3813,3808,3819,3830,3846,3849,3828,3846,3843,3813,3812,3833,3809,3820,3816,3816,3803,3806,3811,3816,3843,3803,3805,3796,3820,3807,3827,3814,3806,3820,3823,3826,3824,3824,3813,3824
STAT,(NULL),MeminfoPre,198,189219,960,945,971,966,967,952,951,957,943,964,972,961,1016,983,946,951,947,946,966,957,966,979,954,962,955,943,948,951,967,970,950,941,948,957,950,961,976,960,959,945,966,941,965,962,965,1008,985,961,944,946,950,963,954,964,981,951,963,962,940,947,952,968,964,948,948,948,953,962,958,950,968,990,949,953,965,963,951,956,956,948,949,945,964,939,938,958,961,967,952,947,952,949,942,941,943,957,940,973,982,966,947,948,948,964,956,943,938,935,953,960,968,959,967,956,957,947,944,960,945,950,951,938,937,945,939,966,943,942,951,975,983,974,976,945,951,950,964,940,933,951,956,963,963,960,955,943,957,947,951,940,941,947,937,961,941,955,981,976,982,972,952,944,946,941,952,963,979,982,961,979,976,946,945,966,942,953,949,949,936,939,944,949,976,936,938,929,953,940,960,947,939,953,956,959,957,957,946,957
STAT,(NULL),Partition,198,1136,1136,0,0,0,0,0,0,0,0,0,0,0,0,0,0,0,0,0,0,0,0,0,0,0,0,0,0,0,0,0,0,0,0,0,0,0,0,0,0,0,0,0,0,0,0,0,0,0,0,0,0,0,0,0,0,0,0,0,0,0,0,0,0,0,0,0,0,0,0,0,0,0,0,0,0,0,0,0,0,0,0,0,0,0,0,0,0,0,0,0,0,0,0,0,0,0,0,0,0,0,0,0,0,0,0,0,0,0,0,0,0,0,0,0,0,0,0,0,0,0,0,0,0,0,0,0,0,0,0,0,0,0,0,0,0,0,0,0,0,0,0,0,0,0,0,0,0,0,0,0,0,0,0,0,0,0,0,0,0,0,0,0,0,0,0,0,0,0,0,0,0,0,0,0,0,0,0,0,0,0,0,0,0,0,0,0,0,0,0,0,0,0,0,0,0,0,0,0
STAT,(NULL),Refine,198,1772,1772,0,0,0,0,0,0,0,0,0,0,0,0,0,0,0,0,0,0,0,0,0,0,0,0,0,0,0,0,0,0,0,0,0,0,0,0,0,0,0,0,0,0,0,0,0,0,0,0,0,0,0,0,0,0,0,0,0,0,0,0,0,0,0,0,0,0,0,0,0,0,0,0,0,0,0,0,0,0,0,0,0,0,0,0,0,0,0,0,0,0,0,0,0,0,0,0,0,0,0,0,0,0,0,0,0,0,0,0,0,0,0,0,0,0,0,0,0,0,0,0,0,0,0,0,0,0,0,0,0,0,0,0,0,0,0,0,0,0,0,0,0,0,0,0,0,0,0,0,0,0,0,0,0,0,0,0,0,0,0,0,0,0,0,0,0,0,0,0,0,0,0,0,0,0,0,0,0,0,0,0,0,0,0,0,0,0,0,0,0,0,0,0,0,0,0,0,0
STAT,(NULL),Threads,198,198,198,0,0,0,0,0,0,0,0,0,0,0,0,0,0,0,0,0,0,0,0,0,0,0,0,0,0,0,0,0,0,0,0,0,0,0,0,0,0,0,0,0,0,0,0,0,0,0,0,0,0,0,0,0,0,0,0,0,0,0,0,0,0,0,0,0,0,0,0,0,0,0,0,0,0,0,0,0,0,0,0,0,0,0,0,0,0,0,0,0,0,0,0,0,0,0,0,0,0,0,0,0,0,0,0,0,0,0,0,0,0,0,0,0,0,0,0,0,0,0,0,0,0,0,0,0,0,0,0,0,0,0,0,0,0,0,0,0,0,0,0,0,0,0,0,0,0,0,0,0,0,0,0,0,0,0,0,0,0,0,0,0,0,0,0,0,0,0,0,0,0,0,0,0,0,0,0,0,0,0,0,0,0,0,0,0,0,0,0,0,0,0,0,0,0,0,0,0
STAT,(NULL),Time,198,5734,5734,0,0,0,0,0,0,0,0,0,0,0,0,0,0,0,0,0,0,0,0,0,0,0,0,0,0,0,0,0,0,0,0,0,0,0,0,0,0,0,0,0,0,0,0,0,0,0,0,0,0,0,0,0,0,0,0,0,0,0,0,0,0,0,0,0,0,0,0,0,0,0,0,0,0,0,0,0,0,0,0,0,0,0,0,0,0,0,0,0,0,0,0,0,0,0,0,0,0,0,0,0,0,0,0,0,0,0,0,0,0,0,0,0,0,0,0,0,0,0,0,0,0,0,0,0,0,0,0,0,0,0,0,0,0,0,0,0,0,0,0,0,0,0,0,0,0,0,0,0,0,0,0,0,0,0,0,0,0,0,0,0,0,0,0,0,0,0,0,0,0,0,0,0,0,0,0,0,0,0,0,0,0,0,0,0,0,0,0,0,0,0,0,0,0,0,0,0
STAT,match,Conflicts,198,5734,42,46,40,40,40,45,39,34,41,40,43,46,50,44,44,39,41,45,40,46,42,40,38,39,35,49,40,50,39,35,40,23,36,33,38,35,33,30,29,32,27,35,32,43,30,34,32,30,38,24,29,26,29,32,31,32,38,34,31,33,39,23,20,25,28,29,25,27,23,21,21,29,29,21,23,21,35,24,23,26,31,19,25,20,29,25,22,25,28,27,24,27,25,25,30,31,24,25,30,21,34,31,22,28,28,27,33,24,26,29,22,30,26,23,28,25,26,29,28,22,21,26,23,28,26,21,26,30,27,20,18,25,28,27,29,27,24,23,19,23,28,35,24,25,30,26,19,24,25,28,30,17,22,26,21,21,33,27,23,27,24,31,25,25,23,29,27,34,27,29,28,18,26,24,27,20,25,24,19,26,23,22,32,28,30,22,24,25,26,27,24,16,18,25,28,23,19,22
STAT,match,Iterations,198,14989025,52475,49644,58843,59085,69753,56099,67798,58317,58967,53546,62764,47731,55111,66875,61990,62843,49576,72457,67557,48627,53991,56091,63249,81140,47937,70165,78326,67041,60442,70936,69003,77224,54663,59463,64660,47449,66992,79578,61301,80738,77132,65438,76103,79787,68899,69947,64357,72432,63822,69317,64700,64265,84255,75590,65339,66683,56712,51270,48240,61451,73874,69593,73540,74318,72823,61785,70850,85334,70518,90337,66716,77314,73070,76315,99372,93910,62442,80791,71087,89160,98170,103854,96482,90540,87915,75320,97269,87544,86378,96113,73896,94680,73592,61480,78300,94833,77605,86670,62950,83903,88987,86489,99106,79256,77570,83789,70536,84528,69142,74797,93986,71596,97030,96599,78658,74919,95313,67112,86431,66795,73170,104089,74876,64599,77803,77907,84725,57078,79400,66712,76519,82206,72191,77601,69357,71966,64628,88068,89761,82398,69294,74388,73476,91131,63704,95823,109877,98039,77983,91688,74809,98365,89092,72747,89989,80899,87548,87746,69172,99233,83665,76016,66755,77726,62670,74093,68327,76811,63550,76267,72582,87972,92300,79014,72548,90905,81315,90922,81451,98471,75416,92255,58478,60061,64941,93423,73246,88376,68085,80013,82192,99501,89061,98690,70500,87625,91678,92599
STAT,popedge,Conflicts,198,0,0,0,0,0,0,0,0,0,0,0,0,0,0,0,0,0,0,0,0,0,0,0,0,0,0,0,0,0,0,0,0,0,0,0,0,0,0,0,0,0,0,0,0,0,0,0,0,0,0,0,0,0,0,0,0,0,0,0,0,0,0,0,0,0,0,0,0,0,0,0,0,0,0,0,0,0,0,0,0,0,0,0,0,0,0,0,0,0,0,0,0,0,0,0,0,0,0,0,0,0,0,0,0,0,0,0,0,0,0,0,0,0,0,0,0,0,0,0,0,0,0,0,0,0,0,0,0,0,0,0,0,0,0,0,0,0,0,0,0,0,0,0,0,0,0,0,0,0,0,0,0,0,0,0,0,0,0,0,0,0,0,0,0,0,0,0,0,0,0,0,0,0,0,0,0,0,0,0,0,0,0,0,0,0,0,0,0,0,0,0,0,0,0,0,0,0,0,0
STAT,popedge,Iterations,198,7344742,32583,33671,33567,32141,34159,31306,32799,33171,35749,33528,35408,32988,32917,34078,32097,38243,39458,37683,36649,38996,39414,37793,38942,38354,40301,39159,35444,37575,38790,38517,39464,37942,39238,37615,38163,39073,36770,38485,37246,38858,37712,37312,37434,37261,38245,39425,35377,38055,39327,38828,39511,38361,38747,37103,37269,38217,38411,39956,40735,38648,40048,34506,33763,34423,31906,33769,33700,35401,32861,34518,32077,33616,33381,30777,32982,30835,39298,37027,38595,35876,38609,38825,42294,39466,39999,36976,38893,37178,38175,38007,36663,38890,37926,39140,36688,38702,36372,36450,37353,36253,40305,38582,39199,37866,38400,38889,36913,37435,38219,38787,40332,38881,39430,37719,38700,38036,37337,41295,41493,41677,37236,37237,33990,32385,34304,32620,34082,34125,34024,33667,32694,32052,33019,32321,33082,35455,33460,38340,35834,38124,39341,37271,36987,39232,37401,39588,40618,38711,34717,37611,38062,40260,39882,38422,39347,38831,38881,37964,35964,36902,37527,37413,38620,38822,37242,39833,39120,39378,41698,40556,41690,39520,39321,39521,41587,41289,38436,37374,42050,39806,40816,38633,41169,35197,33308,35366,32784,35490,34106,34270,33090,37723,34789,36699,33287,37427,35330,34431
STAT,refine,Conflicts,198,5798,92,82,70,80,76,78,66,76,60,67,66,63,71,64,59,55,44,44,44,52,52,50,50,42,42,49,55,52,56,48,40,36,38,36,43,35,24,43,44,47,37,31,42,38,36,45,28,35,34,29,44,36,40,31,39,41,49,39,31,39,34,30,13,18,14,20,19,21,21,25,21,23,15,16,20,23,20,26,12,18,22,18,19,16,18,19,33,19,18,16,21,25,19,21,25,26,21,18,21,20,17,16,15,22,18,22,23,24,15,19,19,22,29,19,15,17,13,25,24,21,18,22,20,14,23,17,18,18,21,14,22,24,30,17,26,26,18,21,17,25,14,18,21,26,26,23,28,20,23,18,25,22,16,21,21,19,21,26,19,24,16,21,15,20,24,22,23,28,22,13,18,14,22,19,22,19,18,17,27,21,17,19,32,20,17,30,21,23,14,22,18,32,22,20,26,22,23,23
STAT,refine,Iterations,198,432413,1929,1459,2394,1976,1975,1496,1840,1780,1982,1812,2271,1647,2725,2342,2009,1931,1332,2225,1874,1690,2410,2551,1702,2734,1808,2623,2000,2033,2249,2172,2264,2034,2022,1631,2247,1825,2327,2383,1697,2307,1923,2174,2268,2548,2097,2717,2160,2182,1896,2081,2008,1753,2625,1900,1853,2291,1816,1821,951,1942,2350,2434,1731,1591,1889,1938,1840,2660,1930,2573,2218,3051,2225,2046,2469,2186,1752,2111,2241,1660,2227,2118,3647,1895,2409,2008,3245,2333,2294,2386,1539,2315,2583,2163,1948,3108,2350,2916,2684,2183,2563,2357,2186,2360,2300,2347,1895,2339,1770,2335,2619,1925,2360,1776,2314,2027,1858,2130,2173,1683,2083,2575,2006,1521,1903,1798,1727,1855,2268,2038,2278,2341,2759,1616,2475,2385,1991,2271,1621,2003,2094,2373,2041,3119,2470,2611,2761,2275,2523,2137,2471,2439,2565,1915,2619,2009,3055,3123,2522,2517,2143,2215,1897,2693,2154,2736,2803,2376,2261,2295,2324,1638,2511,2195,2183,2314,1621,1971,2270,2038,1388,1905,2719,1867,1378,2386,2108,2128,1906,2224,2087,2383,2142,3005,2162,2407,2613,2537
