Hello from MIC
Galois Benchmark Suite v2.2.0 (r0)
Copyright (C) 2013 The University of Texas at Austin
http://iss.ices.utexas.edu/galois/

application: GMetis
Partitions a graph into K parts and minimizing the graph cut
http://iss.ices.utexas.edu/?p=projects/galois/benchmarks/gMetis

INFO: CommandLine /work/02556/dpereira/MIC/apps/gmetis/gmetis -t=94 /work/02556/dpereira/Inputs/USA-road-d.W.gr 1024
INFO: Hostname c558-304-mic0.stampede.tacc.utexas.edu
Created Graph with 6262104 nodes and 15248146 edges
Nodes 6262104| Edges 15248146 7624073

  Starting coarsening: 
Time coarsen:  2043 Size of final graph: 40866

  Sarting initial partitioning using GGGP:
Size in decade percentages:  -0,1024
Time clustering:  1414

  Sarting refinnement with BKL2
Initial dist
Size in decade percentages:  -0,1024
Refined dist
Size in decade percentages:  -1,364 -0,290 1,369 2,1
Time refinement:  964


Time:  4598
Total edge cut : 36307

Part saved in : 0x7fffaceba260
STATTYPE,LOOP,CATEGORY,n,sum,T0,T1,T2,T3,T4,T5,T6,T7,T8,T9,T10,T11,T12,T13,T14,T15,T16,T17,T18,T19,T20,T21,T22,T23,T24,T25,T26,T27,T28,T29,T30,T31,T32,T33,T34,T35,T36,T37,T38,T39,T40,T41,T42,T43,T44,T45,T46,T47,T48,T49,T50,T51,T52,T53,T54,T55,T56,T57,T58,T59,T60,T61,T62,T63,T64,T65,T66,T67,T68,T69,T70,T71,T72,T73,T74,T75,T76,T77,T78,T79,T80,T81,T82,T83,T84,T85,T86,T87,T88,T89,T90,T91,T92,T93
STAT,(NULL),Coarsen,94,2043,2043,0,0,0,0,0,0,0,0,0,0,0,0,0,0,0,0,0,0,0,0,0,0,0,0,0,0,0,0,0,0,0,0,0,0,0,0,0,0,0,0,0,0,0,0,0,0,0,0,0,0,0,0,0,0,0,0,0,0,0,0,0,0,0,0,0,0,0,0,0,0,0,0,0,0,0,0,0,0,0,0,0,0,0,0,0,0,0,0,0,0,0,0,0
STAT,(NULL),Conflicts,94,0,0,0,0,0,0,0,0,0,0,0,0,0,0,0,0,0,0,0,0,0,0,0,0,0,0,0,0,0,0,0,0,0,0,0,0,0,0,0,0,0,0,0,0,0,0,0,0,0,0,0,0,0,0,0,0,0,0,0,0,0,0,0,0,0,0,0,0,0,0,0,0,0,0,0,0,0,0,0,0,0,0,0,0,0,0,0,0,0,0,0,0,0,0,0
STAT,(NULL),Iterations,94,2047,11,19,17,13,27,15,22,14,25,19,15,20,9,19,18,30,13,19,16,20,16,25,17,12,14,19,16,20,8,24,15,9,21,17,19,39,30,23,16,31,32,27,21,30,28,23,21,20,31,55,50,52,30,39,31,27,26,20,19,22,21,25,27,21,20,17,17,15,12,29,17,26,15,29,18,19,17,30,10,14,15,21,16,22,27,16,26,23,9,28,26,23,13,27
STAT,(NULL),MeminfoPost,94,756381,8040,8072,8059,8041,8045,8097,8097,8025,8052,8058,8066,8043,8031,8075,8028,8038,8044,8068,8041,8037,8077,8116,8053,8042,8047,8065,8064,8034,8034,8073,8022,8041,8055,8079,8046,8062,8044,8038,8028,8034,8038,8060,8038,8029,8019,8028,8087,8047,8030,8056,8006,8036,8062,8069,8033,8039,8029,8024,8020,8036,8014,8092,8092,8031,8048,8008,8043,8067,8042,8035,8035,8008,8039,8024,8096,8089,8029,8022,8060,8095,8085,8034,8041,8036,8021,8017,8055,8008,8017,8039,8024,8049,8051,8038
STAT,(NULL),MeminfoPre,94,189091,2005,2037,2024,2006,2010,2062,2062,1990,2017,2023,2031,2008,1996,2040,1993,2003,2009,2033,2006,2002,2042,2081,2018,2007,2012,2030,2029,1999,1999,2038,1987,2006,2020,2044,2011,2027,2009,2003,1993,1999,2003,2025,2003,1994,1984,1993,2052,2012,1995,2021,1971,2001,2027,2034,1998,2004,1994,1989,1985,2001,1979,2057,2057,1996,2013,1973,2008,2032,2007,2000,2000,1973,2004,1989,2061,2054,1994,1987,2025,2060,2050,1999,2006,2001,1986,1982,2020,1973,1982,2004,1989,2014,2016,2003
STAT,(NULL),Partition,94,1414,1414,0,0,0,0,0,0,0,0,0,0,0,0,0,0,0,0,0,0,0,0,0,0,0,0,0,0,0,0,0,0,0,0,0,0,0,0,0,0,0,0,0,0,0,0,0,0,0,0,0,0,0,0,0,0,0,0,0,0,0,0,0,0,0,0,0,0,0,0,0,0,0,0,0,0,0,0,0,0,0,0,0,0,0,0,0,0,0,0,0,0,0,0,0
STAT,(NULL),Refine,94,964,964,0,0,0,0,0,0,0,0,0,0,0,0,0,0,0,0,0,0,0,0,0,0,0,0,0,0,0,0,0,0,0,0,0,0,0,0,0,0,0,0,0,0,0,0,0,0,0,0,0,0,0,0,0,0,0,0,0,0,0,0,0,0,0,0,0,0,0,0,0,0,0,0,0,0,0,0,0,0,0,0,0,0,0,0,0,0,0,0,0,0,0,0,0
STAT,(NULL),Threads,94,94,94,0,0,0,0,0,0,0,0,0,0,0,0,0,0,0,0,0,0,0,0,0,0,0,0,0,0,0,0,0,0,0,0,0,0,0,0,0,0,0,0,0,0,0,0,0,0,0,0,0,0,0,0,0,0,0,0,0,0,0,0,0,0,0,0,0,0,0,0,0,0,0,0,0,0,0,0,0,0,0,0,0,0,0,0,0,0,0,0,0,0,0,0,0
STAT,(NULL),Time,94,4598,4598,0,0,0,0,0,0,0,0,0,0,0,0,0,0,0,0,0,0,0,0,0,0,0,0,0,0,0,0,0,0,0,0,0,0,0,0,0,0,0,0,0,0,0,0,0,0,0,0,0,0,0,0,0,0,0,0,0,0,0,0,0,0,0,0,0,0,0,0,0,0,0,0,0,0,0,0,0,0,0,0,0,0,0,0,0,0,0,0,0,0,0,0,0
STAT,match,Conflicts,94,5146,113,85,86,81,84,69,77,71,83,82,74,67,67,74,74,61,64,70,81,63,80,70,67,72,94,52,74,75,69,86,73,52,71,46,28,34,33,34,36,49,33,45,50,48,35,32,50,38,50,39,47,47,41,44,36,36,53,44,40,45,41,55,36,27,33,48,45,45,39,47,42,49,38,37,55,44,45,41,47,52,48,48,41,51,46,73,55,65,44,57,53,43,33,49
STAT,match,Iterations,94,14900220,113094,112214,135952,129009,136197,129828,140867,150039,140235,136618,136889,153287,144178,132103,136803,149857,141416,123726,140619,156936,134669,145605,158673,158806,150737,149278,151860,142254,163604,140100,145984,145673,144327,165873,184662,173241,176009,175148,166845,162642,177098,171933,170989,171558,187323,179559,155402,167533,177667,165233,197697,155824,169271,179882,171567,190715,161512,176189,169578,173141,175513,138563,152813,172998,165063,173341,169278,156128,166419,169968,159773,168902,169630,172533,142223,161377,161024,161073,160202,160512,163795,171913,154059,150266,176437,162417,156505,182176,160635,169401,152424,153967,168150,175214
STAT,popedge,Conflicts,94,0,0,0,0,0,0,0,0,0,0,0,0,0,0,0,0,0,0,0,0,0,0,0,0,0,0,0,0,0,0,0,0,0,0,0,0,0,0,0,0,0,0,0,0,0,0,0,0,0,0,0,0,0,0,0,0,0,0,0,0,0,0,0,0,0,0,0,0,0,0,0,0,0,0,0,0,0,0,0,0,0,0,0,0,0,0,0,0,0,0,0,0,0,0,0
STAT,popedge,Iterations,94,7303244,77224,72111,73546,76282,74923,72026,70854,73105,72573,73683,73175,75203,74527,73065,75069,75043,76108,73843,77723,76567,77410,74951,73400,77520,76086,73608,78737,78511,75825,80676,76634,75176,71739,79557,77984,79576,80993,79240,77540,85806,78954,81174,81856,84428,81226,84198,81238,83084,88542,85669,85273,91495,84755,87234,83011,85919,92683,86765,87975,85026,87515,72300,69442,70769,75210,71881,71205,68925,73043,72613,70923,69549,72349,71913,73286,74635,72298,71799,72548,77827,79315,78841,78256,82335,77552,81485,75601,75302,83269,79719,83987,80254,77716,71458
STAT,refine,Conflicts,94,3474,62,61,62,59,52,67,63,62,57,47,56,55,53,64,47,55,43,47,39,41,46,62,50,49,45,43,51,36,42,35,33,43,35,39,47,36,35,37,34,31,26,34,38,44,52,40,40,29,33,33,28,21,30,39,28,31,33,38,18,35,30,18,30,20,26,27,34,29,21,20,27,26,30,33,28,32,23,22,23,30,22,23,26,23,25,22,22,30,20,30,24,31,25,31
STAT,refine,Iterations,94,469393,4036,4475,4135,3522,4419,5580,5402,4079,4273,4394,4274,4446,3720,4493,4424,4498,3972,4326,4437,4649,5002,5831,5567,4466,4254,4536,4313,4165,4449,4965,3364,4961,4462,6393,5353,6652,5890,5268,5388,5455,5281,6132,4922,5360,6190,5878,7018,5478,5545,5787,4369,5240,5657,6625,4804,6175,5485,5603,5395,5615,5339,5422,6380,5041,5375,4263,5379,4998,4678,4368,4461,4790,5197,4976,5628,5486,4730,3960,4760,5408,5697,5139,5408,5120,4329,4160,4740,4268,3815,5037,5293,4191,5457,5253
