Hello from MIC
Galois Benchmark Suite v2.2.0 (r0)
Copyright (C) 2013 The University of Texas at Austin
http://iss.ices.utexas.edu/galois/

application: GMetis
Partitions a graph into K parts and minimizing the graph cut
http://iss.ices.utexas.edu/?p=projects/galois/benchmarks/gMetis

INFO: CommandLine /work/02556/dpereira/MIC/apps/gmetis/gmetis -t=235 /work/02556/dpereira/Inputs/USA-road-d.W.gr 128
INFO: Hostname c558-003-mic0.stampede.tacc.utexas.edu
Created Graph with 6262104 nodes and 15248146 edges
Nodes 6262104| Edges 15248146 7624073

  Starting coarsening: 
Time coarsen:  4171 Size of final graph: 3149

  Sarting initial partitioning using GGGP:
Size in decade percentages:  -1,4 -0,114 1,10
Time clustering:  452

  Sarting refinnement with BKL2
Initial dist
Size in decade percentages:  -1,4 -0,114 1,10
Refined dist
Size in decade percentages:  -1,43 -0,45 1,40
Time refinement:  2688


Time:  7490
Total edge cut : 7925

Part saved in : 0x7fffd5282060
STATTYPE,LOOP,CATEGORY,n,sum,T0,T1,T2,T3,T4,T5,T6,T7,T8,T9,T10,T11,T12,T13,T14,T15,T16,T17,T18,T19,T20,T21,T22,T23,T24,T25,T26,T27,T28,T29,T30,T31,T32,T33,T34,T35,T36,T37,T38,T39,T40,T41,T42,T43,T44,T45,T46,T47,T48,T49,T50,T51,T52,T53,T54,T55,T56,T57,T58,T59,T60,T61,T62,T63,T64,T65,T66,T67,T68,T69,T70,T71,T72,T73,T74,T75,T76,T77,T78,T79,T80,T81,T82,T83,T84,T85,T86,T87,T88,T89,T90,T91,T92,T93,T94,T95,T96,T97,T98,T99,T100,T101,T102,T103,T104,T105,T106,T107,T108,T109,T110,T111,T112,T113,T114,T115,T116,T117,T118,T119,T120,T121,T122,T123,T124,T125,T126,T127,T128,T129,T130,T131,T132,T133,T134,T135,T136,T137,T138,T139,T140,T141,T142,T143,T144,T145,T146,T147,T148,T149,T150,T151,T152,T153,T154,T155,T156,T157,T158,T159,T160,T161,T162,T163,T164,T165,T166,T167,T168,T169,T170,T171,T172,T173,T174,T175,T176,T177,T178,T179,T180,T181,T182,T183,T184,T185,T186,T187,T188,T189,T190,T191,T192,T193,T194,T195,T196,T197,T198,T199,T200,T201,T202,T203,T204,T205,T206,T207,T208,T209,T210,T211,T212,T213,T214,T215,T216,T217,T218,T219,T220,T221,T222,T223,T224,T225,T226,T227,T228,T229,T230,T231,T232,T233,T234
STAT,(NULL),Coarsen,235,4171,4171,0,0,0,0,0,0,0,0,0,0,0,0,0,0,0,0,0,0,0,0,0,0,0,0,0,0,0,0,0,0,0,0,0,0,0,0,0,0,0,0,0,0,0,0,0,0,0,0,0,0,0,0,0,0,0,0,0,0,0,0,0,0,0,0,0,0,0,0,0,0,0,0,0,0,0,0,0,0,0,0,0,0,0,0,0,0,0,0,0,0,0,0,0,0,0,0,0,0,0,0,0,0,0,0,0,0,0,0,0,0,0,0,0,0,0,0,0,0,0,0,0,0,0,0,0,0,0,0,0,0,0,0,0,0,0,0,0,0,0,0,0,0,0,0,0,0,0,0,0,0,0,0,0,0,0,0,0,0,0,0,0,0,0,0,0,0,0,0,0,0,0,0,0,0,0,0,0,0,0,0,0,0,0,0,0,0,0,0,0,0,0,0,0,0,0,0,0,0,0,0,0,0,0,0,0,0,0,0,0,0,0,0,0,0,0,0,0,0,0,0,0,0,0,0,0,0,0,0,0,0,0,0,0,0
STAT,(NULL),Conflicts,235,0,0,0,0,0,0,0,0,0,0,0,0,0,0,0,0,0,0,0,0,0,0,0,0,0,0,0,0,0,0,0,0,0,0,0,0,0,0,0,0,0,0,0,0,0,0,0,0,0,0,0,0,0,0,0,0,0,0,0,0,0,0,0,0,0,0,0,0,0,0,0,0,0,0,0,0,0,0,0,0,0,0,0,0,0,0,0,0,0,0,0,0,0,0,0,0,0,0,0,0,0,0,0,0,0,0,0,0,0,0,0,0,0,0,0,0,0,0,0,0,0,0,0,0,0,0,0,0,0,0,0,0,0,0,0,0,0,0,0,0,0,0,0,0,0,0,0,0,0,0,0,0,0,0,0,0,0,0,0,0,0,0,0,0,0,0,0,0,0,0,0,0,0,0,0,0,0,0,0,0,0,0,0,0,0,0,0,0,0,0,0,0,0,0,0,0,0,0,0,0,0,0,0,0,0,0,0,0,0,0,0,0,0,0,0,0,0,0,0,0,0,0,0,0,0,0,0,0,0,0,0,0,0,0,0,0
STAT,(NULL),Iterations,235,255,8,0,0,0,0,0,0,1,0,0,0,0,3,3,0,0,5,0,1,4,3,0,1,1,0,0,0,4,0,1,1,0,0,0,0,2,0,1,0,0,0,0,0,1,1,0,0,0,0,1,0,3,0,1,4,0,1,4,4,2,6,2,7,0,0,0,0,0,1,2,0,0,1,5,0,0,0,1,0,0,2,2,0,0,4,2,0,0,0,0,0,3,2,3,0,0,0,0,0,0,0,0,0,0,0,0,0,0,0,0,1,3,0,0,0,3,0,0,1,2,3,5,5,0,0,0,2,0,4,2,0,1,0,4,3,0,5,0,1,3,2,1,1,1,0,2,2,3,4,0,2,1,6,0,0,0,3,0,1,0,0,3,0,1,1,0,1,1,0,0,0,0,0,0,1,4,4,0,7,4,2,0,0,2,0,0,2,3,1,0,0,0,0,0,1,0,0,0,8,2,0,0,0,0,0,0,0,5,0,0,0,0,0,3,0,0,0,0,1,0,1,0,2,1,0,0,6,0,0,0,6,0,0,1,0
STAT,(NULL),MeminfoPost,235,756699,3225,3218,3224,3223,3228,3232,3217,3218,3226,3213,3213,3222,3233,3229,3253,3263,3232,3207,3219,3208,3220,3215,3229,3227,3225,3241,3203,3237,3227,3208,3216,3212,3215,3231,3238,3215,3213,3208,3215,3222,3219,3209,3239,3228,3224,3223,3219,3229,3206,3209,3233,3223,3235,3243,3266,3243,3215,3208,3218,3218,3209,3225,3222,3231,3231,3227,3224,3224,3220,3208,3218,3214,3226,3224,3233,3209,3210,3213,3219,3219,3230,3217,3216,3232,3247,3224,3217,3220,3227,3227,3216,3216,3229,3214,3214,3214,3213,3228,3212,3203,3208,3222,3225,3227,3222,3220,3209,3219,3216,3210,3206,3211,3206,3224,3208,3227,3244,3241,3223,3206,3213,3212,3213,3244,3210,3206,3203,3200,3218,3221,3223,3225,3230,3227,3231,3212,3221,3205,3215,3225,3209,3215,3220,3206,3210,3202,3211,3210,3207,3232,3213,3203,3216,3232,3249,3239,3235,3232,3210,3214,3212,3236,3210,3205,3200,3215,3221,3222,3226,3232,3220,3219,3210,3221,3213,3215,3218,3204,3207,3207,3214,3214,3220,3206,3216,3236,3245,3236,3245,3230,3217,3209,3219,3204,3210,3220,3227,3239,3244,3230,3228,3241,3235,3214,3209,3214,3225,3213,3222,3210,3220,3205,3202,3214,3205,3217,3237,3208,3202,3206,3205,3212,3208,3202,3236,3209,3212,3217,3220,3221,3220,3221,3220,3218,3215
STAT,(NULL),MeminfoPre,235,189174,810,803,809,808,813,817,802,803,811,798,798,807,818,814,838,848,817,792,804,793,805,800,814,812,810,826,788,822,812,793,801,797,800,816,823,800,798,793,800,807,804,794,824,813,809,808,804,814,791,794,818,808,820,828,851,828,800,793,803,803,794,810,807,816,816,812,809,809,805,793,803,799,811,809,818,794,795,798,804,804,815,802,801,817,832,809,802,805,812,812,801,801,814,799,799,799,798,813,797,788,793,807,810,812,807,805,794,804,801,795,791,796,791,809,793,812,829,826,808,791,798,797,798,829,795,791,788,785,803,806,808,810,815,812,816,797,806,790,800,810,794,800,805,791,795,787,796,795,792,817,798,788,801,817,834,824,820,817,795,799,797,821,795,790,785,800,806,807,811,817,805,804,795,806,798,800,803,789,792,792,799,799,805,791,801,821,830,821,830,815,802,794,804,789,795,805,812,824,829,815,813,826,820,799,794,799,810,798,807,795,805,790,787,799,790,802,822,793,787,791,790,797,793,787,821,794,797,802,805,806,805,806,805,803,800
STAT,(NULL),Partition,235,452,452,0,0,0,0,0,0,0,0,0,0,0,0,0,0,0,0,0,0,0,0,0,0,0,0,0,0,0,0,0,0,0,0,0,0,0,0,0,0,0,0,0,0,0,0,0,0,0,0,0,0,0,0,0,0,0,0,0,0,0,0,0,0,0,0,0,0,0,0,0,0,0,0,0,0,0,0,0,0,0,0,0,0,0,0,0,0,0,0,0,0,0,0,0,0,0,0,0,0,0,0,0,0,0,0,0,0,0,0,0,0,0,0,0,0,0,0,0,0,0,0,0,0,0,0,0,0,0,0,0,0,0,0,0,0,0,0,0,0,0,0,0,0,0,0,0,0,0,0,0,0,0,0,0,0,0,0,0,0,0,0,0,0,0,0,0,0,0,0,0,0,0,0,0,0,0,0,0,0,0,0,0,0,0,0,0,0,0,0,0,0,0,0,0,0,0,0,0,0,0,0,0,0,0,0,0,0,0,0,0,0,0,0,0,0,0,0,0,0,0,0,0,0,0,0,0,0,0,0,0,0,0,0,0,0
STAT,(NULL),Refine,235,2688,2688,0,0,0,0,0,0,0,0,0,0,0,0,0,0,0,0,0,0,0,0,0,0,0,0,0,0,0,0,0,0,0,0,0,0,0,0,0,0,0,0,0,0,0,0,0,0,0,0,0,0,0,0,0,0,0,0,0,0,0,0,0,0,0,0,0,0,0,0,0,0,0,0,0,0,0,0,0,0,0,0,0,0,0,0,0,0,0,0,0,0,0,0,0,0,0,0,0,0,0,0,0,0,0,0,0,0,0,0,0,0,0,0,0,0,0,0,0,0,0,0,0,0,0,0,0,0,0,0,0,0,0,0,0,0,0,0,0,0,0,0,0,0,0,0,0,0,0,0,0,0,0,0,0,0,0,0,0,0,0,0,0,0,0,0,0,0,0,0,0,0,0,0,0,0,0,0,0,0,0,0,0,0,0,0,0,0,0,0,0,0,0,0,0,0,0,0,0,0,0,0,0,0,0,0,0,0,0,0,0,0,0,0,0,0,0,0,0,0,0,0,0,0,0,0,0,0,0,0,0,0,0,0,0,0
STAT,(NULL),Threads,235,235,235,0,0,0,0,0,0,0,0,0,0,0,0,0,0,0,0,0,0,0,0,0,0,0,0,0,0,0,0,0,0,0,0,0,0,0,0,0,0,0,0,0,0,0,0,0,0,0,0,0,0,0,0,0,0,0,0,0,0,0,0,0,0,0,0,0,0,0,0,0,0,0,0,0,0,0,0,0,0,0,0,0,0,0,0,0,0,0,0,0,0,0,0,0,0,0,0,0,0,0,0,0,0,0,0,0,0,0,0,0,0,0,0,0,0,0,0,0,0,0,0,0,0,0,0,0,0,0,0,0,0,0,0,0,0,0,0,0,0,0,0,0,0,0,0,0,0,0,0,0,0,0,0,0,0,0,0,0,0,0,0,0,0,0,0,0,0,0,0,0,0,0,0,0,0,0,0,0,0,0,0,0,0,0,0,0,0,0,0,0,0,0,0,0,0,0,0,0,0,0,0,0,0,0,0,0,0,0,0,0,0,0,0,0,0,0,0,0,0,0,0,0,0,0,0,0,0,0,0,0,0,0,0,0,0
STAT,(NULL),Time,235,7490,7490,0,0,0,0,0,0,0,0,0,0,0,0,0,0,0,0,0,0,0,0,0,0,0,0,0,0,0,0,0,0,0,0,0,0,0,0,0,0,0,0,0,0,0,0,0,0,0,0,0,0,0,0,0,0,0,0,0,0,0,0,0,0,0,0,0,0,0,0,0,0,0,0,0,0,0,0,0,0,0,0,0,0,0,0,0,0,0,0,0,0,0,0,0,0,0,0,0,0,0,0,0,0,0,0,0,0,0,0,0,0,0,0,0,0,0,0,0,0,0,0,0,0,0,0,0,0,0,0,0,0,0,0,0,0,0,0,0,0,0,0,0,0,0,0,0,0,0,0,0,0,0,0,0,0,0,0,0,0,0,0,0,0,0,0,0,0,0,0,0,0,0,0,0,0,0,0,0,0,0,0,0,0,0,0,0,0,0,0,0,0,0,0,0,0,0,0,0,0,0,0,0,0,0,0,0,0,0,0,0,0,0,0,0,0,0,0,0,0,0,0,0,0,0,0,0,0,0,0,0,0,0,0,0,0
STAT,match,Conflicts,235,6796,45,43,45,53,46,44,40,45,42,44,40,42,47,54,36,38,47,38,39,42,39,46,37,40,44,37,41,44,31,51,35,33,33,26,36,30,40,46,34,31,36,33,36,46,35,32,28,31,33,42,29,38,31,31,36,22,31,27,37,29,40,25,31,33,24,24,29,33,25,23,31,22,23,25,19,23,23,25,29,25,24,24,36,26,27,24,23,29,24,25,31,30,26,24,28,30,27,32,28,21,22,24,25,30,31,23,22,23,28,23,31,19,24,22,21,27,20,23,27,24,24,28,23,21,27,26,23,26,31,26,29,26,22,27,26,31,26,24,25,28,28,22,24,34,31,32,23,26,27,22,23,35,23,24,27,26,23,21,28,26,30,23,22,29,25,31,27,25,24,23,26,27,25,23,25,24,24,15,24,23,28,32,26,25,29,26,27,32,31,19,30,26,24,22,26,26,24,25,25,24,28,23,26,26,24,35,28,27,21,29,23,24,31,25,27,20,20,21,29,24,30,21,25,24,26,22,26,23,19,21,29,26,24,29,27
STAT,match,Iterations,235,15053241,44019,54843,45269,56997,41412,56201,38717,56074,52372,49321,34641,45908,51198,35922,59644,53118,47781,61416,49445,45730,50922,50240,54323,50642,56790,49976,58026,52597,58140,55888,53235,57426,56594,70492,65926,59367,64023,51423,55737,70153,59397,57307,53573,37401,62179,62987,55119,50895,50102,61946,43530,60910,63716,65440,59283,44904,60931,63017,66769,68502,53429,65149,65745,62938,69706,60943,68631,59199,68171,73304,71513,62750,82302,74363,73432,58827,45843,57830,69276,68366,59417,68624,58809,65451,65112,71670,66640,68159,58268,60877,54802,69752,61518,65332,59193,68626,59773,74761,59938,80126,70805,65037,77644,48204,78950,64015,67151,58246,57301,89415,66494,88422,63196,66972,72419,67084,60560,68133,60374,88455,93608,69972,58697,83138,58889,67891,61397,78603,47307,69055,56908,70820,63856,62539,73138,49199,66095,76448,64427,70592,54720,75563,54229,71366,59235,67261,61405,73270,74390,83746,63616,67367,56656,53723,83581,49048,52919,66192,67275,64725,58651,63116,52007,90241,65234,59789,62298,60690,80712,80192,55772,50607,74178,60931,67802,81904,66543,87343,74456,80213,84946,58724,65909,51545,63923,64286,63760,64734,84332,64368,62537,84631,65527,74798,74960,64971,63720,66757,51369,69701,72839,76547,57574,69205,80795,53851,58041,70780,75347,65733,64749,70726,81646,84400,65952,58087,72640,82185,55736,77593,75605,78467,59551,76057,61129,55715,72022,78007,65240,78202,60391,70906,73669,56513,79000
STAT,popedge,Conflicts,235,0,0,0,0,0,0,0,0,0,0,0,0,0,0,0,0,0,0,0,0,0,0,0,0,0,0,0,0,0,0,0,0,0,0,0,0,0,0,0,0,0,0,0,0,0,0,0,0,0,0,0,0,0,0,0,0,0,0,0,0,0,0,0,0,0,0,0,0,0,0,0,0,0,0,0,0,0,0,0,0,0,0,0,0,0,0,0,0,0,0,0,0,0,0,0,0,0,0,0,0,0,0,0,0,0,0,0,0,0,0,0,0,0,0,0,0,0,0,0,0,0,0,0,0,0,0,0,0,0,0,0,0,0,0,0,0,0,0,0,0,0,0,0,0,0,0,0,0,0,0,0,0,0,0,0,0,0,0,0,0,0,0,0,0,0,0,0,0,0,0,0,0,0,0,0,0,0,0,0,0,0,0,0,0,0,0,0,0,0,0,0,0,0,0,0,0,0,0,0,0,0,0,0,0,0,0,0,0,0,0,0,0,0,0,0,0,0,0,0,0,0,0,0,0,0,0,0,0,0,0,0,0,0,0,0,0
STAT,popedge,Iterations,235,7373444,29524,30469,31439,31557,29496,31430,29891,29822,29841,30489,30327,31150,31034,30910,29959,30045,28129,30537,31013,31192,31295,30191,30231,30586,30048,30193,30515,30148,32051,30275,31640,31697,30407,30646,31120,29953,29678,32431,29321,30502,31728,30497,30998,30623,30903,29653,30155,29840,32116,31411,30977,31401,34398,34372,33232,34377,35063,34931,34200,33073,34595,30408,30559,30970,29779,29964,30247,31878,29826,29461,30117,29671,29275,30678,29857,31144,31277,31076,32925,29618,28897,28594,29416,29111,29564,29302,29486,31765,30067,29478,31659,30291,30848,30249,30909,31306,31735,30379,30367,31738,29268,30229,30747,30324,30931,29103,31728,30127,29291,29375,30973,30800,32880,34383,37872,36137,33278,33624,35893,37795,37833,33820,29591,31717,30136,29649,30905,31663,31029,32690,31569,29568,30460,30194,30624,30666,30963,31493,33411,29987,30388,32584,30931,30219,31412,30946,30974,30639,32232,29221,32368,33375,31604,32651,31931,31508,31523,29641,29845,32211,30382,31817,30179,30402,30564,31872,31259,31065,30061,31223,31438,31350,31009,32123,35524,35283,32696,35954,33717,34368,36738,36404,34864,31582,31940,29841,29938,30677,30963,30831,30203,29653,30523,29874,31349,31442,29716,32394,30248,30931,32587,31582,31602,33387,31981,32458,31508,31850,32259,31145,30796,31339,30668,32546,33608,31462,31211,31823,32101,32785,31679,32251,31067,30626,32147,34315,31777,30399,33362,31896,29181,32039,31233,33664,34168
STAT,refine,Conflicts,235,7219,111,104,90,97,90,89,89,87,82,78,83,77,82,79,74,70,67,69,66,57,63,66,61,58,69,60,60,63,61,64,51,46,46,46,53,49,37,46,37,44,37,38,47,40,43,42,38,41,37,43,50,40,38,44,39,34,39,31,42,41,29,18,17,24,27,19,23,18,18,25,20,26,21,19,30,28,22,19,20,21,21,19,21,25,23,23,14,23,23,28,16,17,14,14,22,22,24,20,13,18,19,10,19,21,14,20,24,21,17,14,17,18,26,16,19,21,23,30,19,19,22,23,21,21,16,23,24,23,20,25,15,20,20,26,22,24,16,26,22,19,24,23,20,18,17,14,28,16,20,25,18,22,12,25,18,23,21,17,19,18,19,19,17,22,24,29,18,23,21,20,26,19,24,20,17,24,27,22,24,27,35,19,18,20,18,25,22,26,20,13,29,21,30,26,27,22,28,15,21,19,20,20,18,23,26,24,20,21,17,18,19,16,30,22,22,24,23,27,26,21,27,16,21,23,16,20,22,19,14,23,19,21,26,18,19
STAT,refine,Iterations,235,135541,683,805,668,847,627,666,665,581,441,563,553,585,769,688,611,629,688,618,505,603,564,556,811,595,619,608,651,537,519,554,516,634,641,499,533,580,593,597,429,507,397,580,613,490,486,687,447,510,443,726,600,585,796,526,628,515,492,518,528,589,474,510,699,464,619,463,656,605,626,412,622,488,626,599,709,643,519,459,726,625,439,386,570,636,710,525,487,587,605,600,476,553,445,416,558,627,461,618,374,586,503,267,592,547,511,521,615,509,365,662,683,631,741,561,428,655,645,908,478,653,836,569,436,691,383,646,610,447,435,621,478,542,582,675,606,503,733,662,428,692,559,616,601,480,604,610,514,572,765,618,577,540,343,601,694,716,680,415,507,514,357,513,346,630,434,484,480,667,614,697,607,543,705,503,728,686,700,707,749,574,709,596,552,400,632,464,651,589,784,459,686,521,513,626,636,610,694,871,578,437,779,738,528,551,584,664,683,627,438,508,433,353,554,468,349,557,641,552,579,661,621,492,436,427,523,511,510,430,668,727,489,586,783,594,492
