Hello from MIC
Galois Benchmark Suite v2.2.0 (r0)
Copyright (C) 2013 The University of Texas at Austin
http://iss.ices.utexas.edu/galois/

application: GMetis
Partitions a graph into K parts and minimizing the graph cut
http://iss.ices.utexas.edu/?p=projects/galois/benchmarks/gMetis

INFO: CommandLine /work/02556/dpereira/MIC/apps/gmetis/gmetis -t=232 /work/02556/dpereira/Inputs/USA-road-d.W.gr 16
INFO: Hostname c558-003-mic0.stampede.tacc.utexas.edu
Created Graph with 6262104 nodes and 15248146 edges
Nodes 6262104| Edges 15248146 7624073

  Starting coarsening: 
Time coarsen:  4967 Size of final graph: 443

  Sarting initial partitioning using GGGP:
Size in decade percentages:  -0,16
Time clustering:  377

  Sarting refinnement with BKL2
Initial dist
Size in decade percentages:  -0,16
Refined dist
Size in decade percentages:  -1,6 0,5 1,5
Time refinement:  3299


Time:  8822
Total edge cut : 1783

Part saved in : 0x7fffb0ddfbe0
STATTYPE,LOOP,CATEGORY,n,sum,T0,T1,T2,T3,T4,T5,T6,T7,T8,T9,T10,T11,T12,T13,T14,T15,T16,T17,T18,T19,T20,T21,T22,T23,T24,T25,T26,T27,T28,T29,T30,T31,T32,T33,T34,T35,T36,T37,T38,T39,T40,T41,T42,T43,T44,T45,T46,T47,T48,T49,T50,T51,T52,T53,T54,T55,T56,T57,T58,T59,T60,T61,T62,T63,T64,T65,T66,T67,T68,T69,T70,T71,T72,T73,T74,T75,T76,T77,T78,T79,T80,T81,T82,T83,T84,T85,T86,T87,T88,T89,T90,T91,T92,T93,T94,T95,T96,T97,T98,T99,T100,T101,T102,T103,T104,T105,T106,T107,T108,T109,T110,T111,T112,T113,T114,T115,T116,T117,T118,T119,T120,T121,T122,T123,T124,T125,T126,T127,T128,T129,T130,T131,T132,T133,T134,T135,T136,T137,T138,T139,T140,T141,T142,T143,T144,T145,T146,T147,T148,T149,T150,T151,T152,T153,T154,T155,T156,T157,T158,T159,T160,T161,T162,T163,T164,T165,T166,T167,T168,T169,T170,T171,T172,T173,T174,T175,T176,T177,T178,T179,T180,T181,T182,T183,T184,T185,T186,T187,T188,T189,T190,T191,T192,T193,T194,T195,T196,T197,T198,T199,T200,T201,T202,T203,T204,T205,T206,T207,T208,T209,T210,T211,T212,T213,T214,T215,T216,T217,T218,T219,T220,T221,T222,T223,T224,T225,T226,T227,T228,T229,T230,T231
STAT,(NULL),Coarsen,232,4967,4967,0,0,0,0,0,0,0,0,0,0,0,0,0,0,0,0,0,0,0,0,0,0,0,0,0,0,0,0,0,0,0,0,0,0,0,0,0,0,0,0,0,0,0,0,0,0,0,0,0,0,0,0,0,0,0,0,0,0,0,0,0,0,0,0,0,0,0,0,0,0,0,0,0,0,0,0,0,0,0,0,0,0,0,0,0,0,0,0,0,0,0,0,0,0,0,0,0,0,0,0,0,0,0,0,0,0,0,0,0,0,0,0,0,0,0,0,0,0,0,0,0,0,0,0,0,0,0,0,0,0,0,0,0,0,0,0,0,0,0,0,0,0,0,0,0,0,0,0,0,0,0,0,0,0,0,0,0,0,0,0,0,0,0,0,0,0,0,0,0,0,0,0,0,0,0,0,0,0,0,0,0,0,0,0,0,0,0,0,0,0,0,0,0,0,0,0,0,0,0,0,0,0,0,0,0,0,0,0,0,0,0,0,0,0,0,0,0,0,0,0,0,0,0,0,0,0,0,0,0,0,0
STAT,(NULL),Conflicts,232,0,0,0,0,0,0,0,0,0,0,0,0,0,0,0,0,0,0,0,0,0,0,0,0,0,0,0,0,0,0,0,0,0,0,0,0,0,0,0,0,0,0,0,0,0,0,0,0,0,0,0,0,0,0,0,0,0,0,0,0,0,0,0,0,0,0,0,0,0,0,0,0,0,0,0,0,0,0,0,0,0,0,0,0,0,0,0,0,0,0,0,0,0,0,0,0,0,0,0,0,0,0,0,0,0,0,0,0,0,0,0,0,0,0,0,0,0,0,0,0,0,0,0,0,0,0,0,0,0,0,0,0,0,0,0,0,0,0,0,0,0,0,0,0,0,0,0,0,0,0,0,0,0,0,0,0,0,0,0,0,0,0,0,0,0,0,0,0,0,0,0,0,0,0,0,0,0,0,0,0,0,0,0,0,0,0,0,0,0,0,0,0,0,0,0,0,0,0,0,0,0,0,0,0,0,0,0,0,0,0,0,0,0,0,0,0,0,0,0,0,0,0,0,0,0,0,0,0,0,0,0,0,0
STAT,(NULL),Iterations,232,31,5,0,0,0,0,0,0,0,0,0,0,0,0,0,0,0,0,0,0,0,0,0,0,0,0,0,0,0,0,0,0,0,0,0,0,0,0,0,3,0,0,0,0,0,0,0,2,0,0,0,0,0,0,0,0,0,0,0,0,0,0,4,0,0,0,0,0,0,0,0,0,0,0,0,0,0,0,0,0,0,1,0,1,0,0,0,0,0,0,0,0,1,0,0,0,0,0,0,0,1,0,0,0,0,0,0,0,0,0,0,0,0,0,0,0,0,0,0,0,1,0,0,0,0,0,0,0,0,0,0,0,2,0,0,0,0,0,0,0,0,0,0,0,0,0,0,0,0,0,0,0,0,0,0,0,0,0,0,0,0,0,0,0,0,0,0,0,0,0,0,0,0,0,0,1,0,0,3,0,0,2,0,0,0,0,0,2,0,0,0,0,0,0,0,0,0,0,0,0,0,0,0,0,0,2,0,0,0,0,0,0,0,0,0,0,0,0,0,0,0,0,0,0,0,0,0,0,0,0,0,0,0
STAT,(NULL),MeminfoPost,232,756864,3268,3260,3265,3267,3271,3270,3261,3256,3272,3255,3263,3261,3279,3264,3311,3287,3276,3250,3262,3257,3252,3269,3268,3267,3277,3264,3271,3265,3267,3248,3260,3254,3265,3267,3275,3254,3260,3251,3259,3265,3257,3267,3271,3270,3268,3266,3256,3270,3250,3274,3254,3278,3271,3318,3281,3272,3250,3260,3257,3252,3274,3261,3274,3268,3272,3268,3266,3264,3249,3259,3254,3265,3271,3273,3252,3253,3255,3261,3261,3273,3259,3259,3272,3293,3263,3257,3264,3273,3266,3258,3260,3271,3253,3260,3252,3255,3272,3251,3243,3256,3263,3269,3273,3260,3255,3264,3252,3259,3247,3251,3254,3263,3251,3256,3280,3284,3272,3262,3249,3257,3255,3275,3261,3251,3248,3245,3249,3266,3266,3272,3264,3274,3273,3257,3261,3252,3256,3267,3255,3257,3258,3253,3251,3245,3248,3261,3243,3275,3254,3248,3256,3275,3291,3280,3278,3275,3252,3256,3255,3279,3253,3245,3244,3259,3263,3271,3266,3273,3259,3262,3251,3267,3252,3256,3259,3247,3250,3254,3248,3270,3251,3246,3272,3285,3280,3285,3281,3263,3259,3251,3255,3251,3256,3260,3278,3285,3285,3265,3286,3277,3262,3249,3261,3273,3248,3259,3261,3259,3245,3251,3246,3255,3258,3269,3264,3243,3244,3242,3268,3239,3247,3280,3248,3256,3259,3260,3265,3262,3263,3263,3260,3262
STAT,(NULL),MeminfoPre,232,189160,821,813,818,820,824,823,814,809,825,808,816,814,832,817,864,840,829,803,815,810,805,822,821,820,830,817,824,818,820,801,813,807,818,820,828,807,813,804,812,818,810,820,824,823,821,819,809,823,803,827,807,831,824,871,834,825,803,813,810,805,827,814,827,821,825,821,819,817,802,812,807,818,824,826,805,806,808,814,814,826,812,812,825,846,816,810,817,826,819,811,813,824,806,813,805,808,825,804,796,809,816,822,826,813,808,817,805,812,800,804,807,816,804,809,833,837,825,815,802,810,808,828,814,804,801,798,802,819,819,825,817,827,826,810,814,805,809,820,808,810,811,806,804,798,801,814,796,828,807,801,809,828,844,833,831,828,805,809,808,832,806,798,797,812,816,824,819,826,812,815,804,820,805,809,812,800,803,807,801,823,804,799,825,838,833,838,834,816,812,804,808,804,809,813,831,838,838,818,839,830,815,802,814,826,801,812,814,812,798,804,799,808,811,822,817,796,797,795,821,792,800,833,801,809,812,813,818,815,816,816,813,815
STAT,(NULL),Partition,232,377,377,0,0,0,0,0,0,0,0,0,0,0,0,0,0,0,0,0,0,0,0,0,0,0,0,0,0,0,0,0,0,0,0,0,0,0,0,0,0,0,0,0,0,0,0,0,0,0,0,0,0,0,0,0,0,0,0,0,0,0,0,0,0,0,0,0,0,0,0,0,0,0,0,0,0,0,0,0,0,0,0,0,0,0,0,0,0,0,0,0,0,0,0,0,0,0,0,0,0,0,0,0,0,0,0,0,0,0,0,0,0,0,0,0,0,0,0,0,0,0,0,0,0,0,0,0,0,0,0,0,0,0,0,0,0,0,0,0,0,0,0,0,0,0,0,0,0,0,0,0,0,0,0,0,0,0,0,0,0,0,0,0,0,0,0,0,0,0,0,0,0,0,0,0,0,0,0,0,0,0,0,0,0,0,0,0,0,0,0,0,0,0,0,0,0,0,0,0,0,0,0,0,0,0,0,0,0,0,0,0,0,0,0,0,0,0,0,0,0,0,0,0,0,0,0,0,0,0,0,0,0,0
STAT,(NULL),Refine,232,3299,3299,0,0,0,0,0,0,0,0,0,0,0,0,0,0,0,0,0,0,0,0,0,0,0,0,0,0,0,0,0,0,0,0,0,0,0,0,0,0,0,0,0,0,0,0,0,0,0,0,0,0,0,0,0,0,0,0,0,0,0,0,0,0,0,0,0,0,0,0,0,0,0,0,0,0,0,0,0,0,0,0,0,0,0,0,0,0,0,0,0,0,0,0,0,0,0,0,0,0,0,0,0,0,0,0,0,0,0,0,0,0,0,0,0,0,0,0,0,0,0,0,0,0,0,0,0,0,0,0,0,0,0,0,0,0,0,0,0,0,0,0,0,0,0,0,0,0,0,0,0,0,0,0,0,0,0,0,0,0,0,0,0,0,0,0,0,0,0,0,0,0,0,0,0,0,0,0,0,0,0,0,0,0,0,0,0,0,0,0,0,0,0,0,0,0,0,0,0,0,0,0,0,0,0,0,0,0,0,0,0,0,0,0,0,0,0,0,0,0,0,0,0,0,0,0,0,0,0,0,0,0,0
STAT,(NULL),Threads,232,232,232,0,0,0,0,0,0,0,0,0,0,0,0,0,0,0,0,0,0,0,0,0,0,0,0,0,0,0,0,0,0,0,0,0,0,0,0,0,0,0,0,0,0,0,0,0,0,0,0,0,0,0,0,0,0,0,0,0,0,0,0,0,0,0,0,0,0,0,0,0,0,0,0,0,0,0,0,0,0,0,0,0,0,0,0,0,0,0,0,0,0,0,0,0,0,0,0,0,0,0,0,0,0,0,0,0,0,0,0,0,0,0,0,0,0,0,0,0,0,0,0,0,0,0,0,0,0,0,0,0,0,0,0,0,0,0,0,0,0,0,0,0,0,0,0,0,0,0,0,0,0,0,0,0,0,0,0,0,0,0,0,0,0,0,0,0,0,0,0,0,0,0,0,0,0,0,0,0,0,0,0,0,0,0,0,0,0,0,0,0,0,0,0,0,0,0,0,0,0,0,0,0,0,0,0,0,0,0,0,0,0,0,0,0,0,0,0,0,0,0,0,0,0,0,0,0,0,0,0,0,0,0
STAT,(NULL),Time,232,8822,8822,0,0,0,0,0,0,0,0,0,0,0,0,0,0,0,0,0,0,0,0,0,0,0,0,0,0,0,0,0,0,0,0,0,0,0,0,0,0,0,0,0,0,0,0,0,0,0,0,0,0,0,0,0,0,0,0,0,0,0,0,0,0,0,0,0,0,0,0,0,0,0,0,0,0,0,0,0,0,0,0,0,0,0,0,0,0,0,0,0,0,0,0,0,0,0,0,0,0,0,0,0,0,0,0,0,0,0,0,0,0,0,0,0,0,0,0,0,0,0,0,0,0,0,0,0,0,0,0,0,0,0,0,0,0,0,0,0,0,0,0,0,0,0,0,0,0,0,0,0,0,0,0,0,0,0,0,0,0,0,0,0,0,0,0,0,0,0,0,0,0,0,0,0,0,0,0,0,0,0,0,0,0,0,0,0,0,0,0,0,0,0,0,0,0,0,0,0,0,0,0,0,0,0,0,0,0,0,0,0,0,0,0,0,0,0,0,0,0,0,0,0,0,0,0,0,0,0,0,0,0,0
STAT,match,Conflicts,232,6717,48,50,49,49,43,54,33,40,37,48,40,45,41,39,48,35,45,46,44,38,43,37,40,31,43,45,44,33,35,49,40,35,32,57,35,42,40,37,36,35,40,42,31,37,26,36,31,33,43,27,35,38,34,28,35,31,36,25,34,32,24,35,27,23,25,22,26,25,24,24,23,23,23,26,27,21,28,25,24,25,24,25,22,28,31,30,22,26,28,25,26,22,30,24,29,26,29,29,25,29,24,30,25,24,20,21,28,18,22,23,18,23,24,23,27,20,32,23,24,24,30,22,22,32,18,25,23,25,25,26,22,23,26,20,27,28,28,23,28,18,29,31,25,32,28,28,27,21,30,24,27,24,23,29,21,32,23,28,31,26,29,24,24,29,19,22,28,28,20,25,34,26,26,21,25,28,29,26,31,26,20,26,25,24,26,21,28,27,23,23,29,19,25,23,29,24,22,25,22,33,28,30,27,22,18,26,24,30,25,25,25,29,30,23,28,23,36,20,30,23,24,28,24,26,24,29,27,17,31,29,28,26
STAT,match,Iterations,232,15044049,27439,48997,58249,59302,49730,48349,67075,48523,46473,40955,55548,55588,60122,44739,52465,44888,56283,55974,57426,53427,57234,58974,53005,69969,66199,35504,65369,56996,50352,72312,50324,65565,48588,62745,42349,69366,80032,61701,55034,54987,57771,39454,54450,51949,67498,60269,62309,52541,53206,42623,68582,78046,60627,67134,54246,54314,39433,56474,55710,45224,62107,66510,57932,51969,82939,53400,63067,79505,83232,64855,80607,63196,60527,65059,69774,66514,60381,67029,60546,65351,67556,83494,47597,77727,61744,59131,75745,56783,66765,64422,71912,69925,64644,56096,66384,66798,80845,54338,47382,71012,63404,70989,72595,81692,68810,64099,53338,63162,61994,78824,78600,51542,49927,75281,72633,58864,66364,69599,73304,68512,62945,67563,64620,74880,70869,50879,53923,88814,71466,82207,52698,59337,69682,63419,70526,75309,61938,77042,47249,63504,62067,68245,62229,72871,63753,69812,83116,67765,65593,60018,49754,90048,61120,75997,61824,85845,64992,57911,58266,66018,62449,62938,61571,68862,82657,47650,66510,75611,80850,72189,71860,60406,62790,78700,71901,92139,70023,101615,72513,69010,96970,81839,70796,48754,65764,69861,76619,69167,83512,55916,65545,66373,70694,54365,71432,67365,65152,74353,71303,89421,57826,70339,71860,54060,82034,81431,56547,72580,63716,86788,63285,68088,60468,78682,52173,61606,81278,73925,65430,87071,53108,73306,73349,61249,58975,67775,91947,68713,72065,55792,69730,76944
STAT,popedge,Conflicts,232,0,0,0,0,0,0,0,0,0,0,0,0,0,0,0,0,0,0,0,0,0,0,0,0,0,0,0,0,0,0,0,0,0,0,0,0,0,0,0,0,0,0,0,0,0,0,0,0,0,0,0,0,0,0,0,0,0,0,0,0,0,0,0,0,0,0,0,0,0,0,0,0,0,0,0,0,0,0,0,0,0,0,0,0,0,0,0,0,0,0,0,0,0,0,0,0,0,0,0,0,0,0,0,0,0,0,0,0,0,0,0,0,0,0,0,0,0,0,0,0,0,0,0,0,0,0,0,0,0,0,0,0,0,0,0,0,0,0,0,0,0,0,0,0,0,0,0,0,0,0,0,0,0,0,0,0,0,0,0,0,0,0,0,0,0,0,0,0,0,0,0,0,0,0,0,0,0,0,0,0,0,0,0,0,0,0,0,0,0,0,0,0,0,0,0,0,0,0,0,0,0,0,0,0,0,0,0,0,0,0,0,0,0,0,0,0,0,0,0,0,0,0,0,0,0,0,0,0,0,0,0,0,0
STAT,popedge,Iterations,232,7368239,28766,30126,29665,29668,29446,30283,29233,29746,30476,30451,31117,31835,30040,31831,30918,29772,31094,31810,30455,29198,30713,30127,31362,30448,29637,30666,31485,30386,31254,31573,31109,31054,31486,32033,31279,30759,30956,28957,30814,31163,31613,30903,32363,29840,28512,32139,31891,28926,29613,35010,37015,31970,34928,36798,33341,34979,34623,35384,35203,34588,34536,30141,31849,29344,29170,29877,31815,29089,29579,30848,30282,30119,31144,31009,30289,31382,31883,31362,29549,29138,30110,28868,30005,32312,30050,30043,29660,30952,32138,29926,30706,29177,30177,30947,30691,30661,31621,33017,31190,31418,31446,31895,29452,31678,30331,32009,33325,29502,31027,31853,33522,36464,34093,35651,34721,33618,35344,36730,33280,33968,35624,35248,33470,31043,29459,31121,31289,32683,30453,29791,31714,30779,31594,32444,31138,31374,31036,31071,32231,30353,29793,30754,29924,30782,32136,31001,32248,28416,34106,32210,33011,33304,30718,30595,31715,31313,31473,31863,33315,30776,32465,32007,32301,31167,32360,30749,32535,32037,30525,30631,31706,35387,36147,38165,38057,37709,36180,37289,33136,33572,38038,36694,35627,30654,30576,29386,30315,31058,32186,32348,32671,30607,29107,31254,30635,31555,31076,33375,33042,32693,31967,33104,30814,32642,31130,30243,31654,32225,31834,31661,34018,30687,32354,29870,32582,31012,31809,31367,32220,32470,33262,32053,32885,33219,31900,31592,34058,29979,31623,31580,30202,31020
STAT,refine,Conflicts,232,6204,115,121,98,101,97,93,104,86,94,77,85,84,96,92,73,81,63,60,62,64,63,68,68,62,69,52,74,66,54,42,51,42,36,27,40,44,38,31,43,35,45,40,43,38,35,44,37,40,45,31,27,40,46,36,48,41,42,14,36,33,34,15,13,7,11,13,18,32,11,20,10,12,8,15,11,15,20,18,14,11,11,16,15,10,17,10,12,11,22,18,14,13,22,12,6,9,13,23,13,25,14,31,26,14,12,15,20,11,20,12,13,12,22,34,16,22,23,24,8,17,14,19,14,15,8,11,16,15,20,11,12,14,21,15,19,16,15,12,8,17,14,21,17,28,19,14,14,10,18,13,14,13,14,20,16,13,17,18,12,12,23,15,12,13,12,10,18,13,15,22,21,17,20,18,24,28,24,13,21,8,16,21,22,13,12,7,13,7,10,17,15,14,10,14,30,24,19,10,22,16,10,13,14,11,9,18,11,10,10,10,18,17,10,14,22,10,16,19,17,12,6,6,22,22,10,21,16,13,18,15,17,21
STAT,refine,Iterations,232,38221,298,323,293,302,264,317,308,295,396,271,280,293,326,258,324,308,218,166,261,164,266,185,235,204,182,131,205,192,194,176,204,250,169,205,162,244,176,171,204,135,178,153,225,139,167,205,179,195,233,106,124,189,149,260,242,185,184,75,138,151,130,119,110,74,86,67,134,191,125,179,151,114,89,163,120,138,198,147,111,108,83,158,108,169,187,83,89,103,135,145,143,123,202,157,105,133,141,131,106,195,116,211,193,192,131,156,174,158,158,200,190,94,120,230,213,195,192,192,62,115,142,92,95,124,31,102,155,135,139,187,189,170,143,133,159,168,204,136,158,109,164,97,103,166,201,155,94,54,94,133,131,108,162,268,124,193,133,153,99,102,181,152,177,95,172,112,233,194,139,188,192,115,143,233,102,217,187,248,234,69,93,176,145,142,178,112,107,70,115,114,190,154,164,200,187,225,112,182,171,167,192,196,74,108,103,137,112,107,69,83,138,111,112,184,234,111,190,123,232,120,89,230,187,198,107,181,174,106,183,172,176,216
