Hello from MIC
Galois Benchmark Suite v2.2.0 (r0)
Copyright (C) 2013 The University of Texas at Austin
http://iss.ices.utexas.edu/galois/

application: GMetis
Partitions a graph into K parts and minimizing the graph cut
http://iss.ices.utexas.edu/?p=projects/galois/benchmarks/gMetis

INFO: CommandLine /work/02556/dpereira/MIC/apps/gmetis/gmetis -t=94 /work/02556/dpereira/Inputs/USA-road-d.W.gr 128
INFO: Hostname c557-903-mic0.stampede.tacc.utexas.edu
Created Graph with 6262104 nodes and 15248146 edges
Nodes 6262104| Edges 15248146 7624073

  Starting coarsening: 
Time coarsen:  2296 Size of final graph: 3091

  Sarting initial partitioning using GGGP:
Size in decade percentages:  -1,4 -0,114 1,10
Time clustering:  410

  Sarting refinnement with BKL2
Initial dist
Size in decade percentages:  -1,4 -0,114 1,10
Refined dist
Size in decade percentages:  -1,49 0,31 1,48
Time refinement:  984


Time:  3867
Total edge cut : 8337

Part saved in : 0x7fffc6bb3b60
STATTYPE,LOOP,CATEGORY,n,sum,T0,T1,T2,T3,T4,T5,T6,T7,T8,T9,T10,T11,T12,T13,T14,T15,T16,T17,T18,T19,T20,T21,T22,T23,T24,T25,T26,T27,T28,T29,T30,T31,T32,T33,T34,T35,T36,T37,T38,T39,T40,T41,T42,T43,T44,T45,T46,T47,T48,T49,T50,T51,T52,T53,T54,T55,T56,T57,T58,T59,T60,T61,T62,T63,T64,T65,T66,T67,T68,T69,T70,T71,T72,T73,T74,T75,T76,T77,T78,T79,T80,T81,T82,T83,T84,T85,T86,T87,T88,T89,T90,T91,T92,T93
STAT,(NULL),Coarsen,94,2296,2296,0,0,0,0,0,0,0,0,0,0,0,0,0,0,0,0,0,0,0,0,0,0,0,0,0,0,0,0,0,0,0,0,0,0,0,0,0,0,0,0,0,0,0,0,0,0,0,0,0,0,0,0,0,0,0,0,0,0,0,0,0,0,0,0,0,0,0,0,0,0,0,0,0,0,0,0,0,0,0,0,0,0,0,0,0,0,0,0,0,0,0,0,0
STAT,(NULL),Conflicts,94,0,0,0,0,0,0,0,0,0,0,0,0,0,0,0,0,0,0,0,0,0,0,0,0,0,0,0,0,0,0,0,0,0,0,0,0,0,0,0,0,0,0,0,0,0,0,0,0,0,0,0,0,0,0,0,0,0,0,0,0,0,0,0,0,0,0,0,0,0,0,0,0,0,0,0,0,0,0,0,0,0,0,0,0,0,0,0,0,0,0,0,0,0,0,0
STAT,(NULL),Iterations,94,255,8,5,4,2,3,1,4,0,0,3,5,0,3,3,2,0,1,5,4,4,2,0,8,2,2,3,2,4,1,7,5,4,2,3,0,5,0,3,4,3,3,4,0,3,3,2,4,4,9,1,5,2,2,5,3,1,0,3,4,5,3,4,0,4,1,3,2,0,6,3,1,3,0,0,1,3,2,0,1,1,1,2,0,4,0,3,0,2,7,3,5,3,6,1
STAT,(NULL),MeminfoPost,94,756381,8040,8072,8059,8041,8045,8097,8097,8025,8052,8058,8066,8043,8031,8075,8028,8038,8044,8068,8041,8037,8077,8116,8053,8042,8047,8065,8064,8034,8034,8073,8022,8041,8055,8079,8046,8062,8044,8038,8028,8034,8038,8060,8038,8029,8019,8028,8087,8047,8030,8056,8006,8036,8062,8069,8033,8039,8029,8024,8020,8036,8014,8092,8092,8031,8048,8008,8043,8067,8042,8035,8035,8008,8039,8024,8096,8089,8029,8022,8060,8095,8085,8034,8041,8036,8021,8017,8055,8008,8017,8039,8024,8049,8051,8038
STAT,(NULL),MeminfoPre,94,189091,2005,2037,2024,2006,2010,2062,2062,1990,2017,2023,2031,2008,1996,2040,1993,2003,2009,2033,2006,2002,2042,2081,2018,2007,2012,2030,2029,1999,1999,2038,1987,2006,2020,2044,2011,2027,2009,2003,1993,1999,2003,2025,2003,1994,1984,1993,2052,2012,1995,2021,1971,2001,2027,2034,1998,2004,1994,1989,1985,2001,1979,2057,2057,1996,2013,1973,2008,2032,2007,2000,2000,1973,2004,1989,2061,2054,1994,1987,2025,2060,2050,1999,2006,2001,1986,1982,2020,1973,1982,2004,1989,2014,2016,2003
STAT,(NULL),Partition,94,410,410,0,0,0,0,0,0,0,0,0,0,0,0,0,0,0,0,0,0,0,0,0,0,0,0,0,0,0,0,0,0,0,0,0,0,0,0,0,0,0,0,0,0,0,0,0,0,0,0,0,0,0,0,0,0,0,0,0,0,0,0,0,0,0,0,0,0,0,0,0,0,0,0,0,0,0,0,0,0,0,0,0,0,0,0,0,0,0,0,0,0,0,0,0
STAT,(NULL),Refine,94,984,984,0,0,0,0,0,0,0,0,0,0,0,0,0,0,0,0,0,0,0,0,0,0,0,0,0,0,0,0,0,0,0,0,0,0,0,0,0,0,0,0,0,0,0,0,0,0,0,0,0,0,0,0,0,0,0,0,0,0,0,0,0,0,0,0,0,0,0,0,0,0,0,0,0,0,0,0,0,0,0,0,0,0,0,0,0,0,0,0,0,0,0,0,0
STAT,(NULL),Threads,94,94,94,0,0,0,0,0,0,0,0,0,0,0,0,0,0,0,0,0,0,0,0,0,0,0,0,0,0,0,0,0,0,0,0,0,0,0,0,0,0,0,0,0,0,0,0,0,0,0,0,0,0,0,0,0,0,0,0,0,0,0,0,0,0,0,0,0,0,0,0,0,0,0,0,0,0,0,0,0,0,0,0,0,0,0,0,0,0,0,0,0,0,0,0,0
STAT,(NULL),Time,94,3867,3867,0,0,0,0,0,0,0,0,0,0,0,0,0,0,0,0,0,0,0,0,0,0,0,0,0,0,0,0,0,0,0,0,0,0,0,0,0,0,0,0,0,0,0,0,0,0,0,0,0,0,0,0,0,0,0,0,0,0,0,0,0,0,0,0,0,0,0,0,0,0,0,0,0,0,0,0,0,0,0,0,0,0,0,0,0,0,0,0,0,0,0,0,0
STAT,match,Conflicts,94,5756,146,105,93,102,89,67,88,105,96,92,80,77,74,104,94,82,81,60,85,72,56,71,88,79,82,61,77,86,83,109,71,49,55,42,40,39,36,45,40,54,49,49,49,52,48,33,55,45,52,49,47,39,44,51,51,41,55,45,52,53,40,51,48,41,45,50,44,46,62,55,43,55,40,42,64,55,53,53,51,52,48,42,41,54,54,70,57,67,60,66,54,49,38,52
STAT,match,Iterations,94,15002538,117235,115412,148867,137126,149630,140937,137878,135512,159300,129078,143506,145767,148646,139429,133674,154516,136569,147305,140693,143630,144624,144555,140718,157947,152138,154980,156914,143347,144437,132098,155166,140919,150035,172647,168020,159812,177077,179322,176430,178355,168079,173233,177069,163011,192125,181346,162043,164517,175918,170549,205639,165035,163819,159290,160203,185861,172508,184714,176130,170007,191441,145313,152985,181490,152601,185143,154795,170965,166786,170191,163164,171227,169624,177802,144452,157705,166034,163043,156982,159478,164854,172392,167922,167947,178489,163867,159857,167930,164173,158598,151925,157021,160600,160395
STAT,popedge,Conflicts,94,0,0,0,0,0,0,0,0,0,0,0,0,0,0,0,0,0,0,0,0,0,0,0,0,0,0,0,0,0,0,0,0,0,0,0,0,0,0,0,0,0,0,0,0,0,0,0,0,0,0,0,0,0,0,0,0,0,0,0,0,0,0,0,0,0,0,0,0,0,0,0,0,0,0,0,0,0,0,0,0,0,0,0,0,0,0,0,0,0,0,0,0,0,0,0
STAT,popedge,Iterations,94,7356314,76090,73895,74906,76084,77193,72829,72201,73035,72220,74789,73618,74599,74905,72266,75280,74377,76145,74147,76996,79054,78407,75797,76528,77388,76043,72895,78759,78738,78055,78038,76092,72357,71734,83004,77287,73555,77792,82516,86034,85078,85370,80206,83701,85745,81883,82427,81330,84437,88888,88663,84887,88831,86432,85593,85139,86651,90417,87373,89681,86364,88460,71569,71144,74017,74657,73401,72502,71823,72777,72318,73694,72133,70819,73783,72971,74932,74040,73837,73155,79379,78225,80280,78397,80832,77124,82533,76281,78934,80126,82054,81673,83008,77496,73196
STAT,refine,Conflicts,94,4173,129,123,115,109,89,100,96,92,74,74,80,73,64,82,73,59,57,49,58,48,54,66,57,54,49,44,53,55,49,58,50,36,35,42,31,28,32,36,29,29,29,33,33,27,41,42,39,41,47,34,19,39,26,41,38,32,38,35,36,38,30,29,33,27,31,25,36,33,27,24,28,26,31,20,33,32,18,28,30,26,22,26,38,31,27,29,27,27,23,26,18,26,29,18
STAT,refine,Iterations,94,136518,1540,1483,1587,1305,1414,1723,2080,1094,1512,1590,1294,1146,1304,1610,1256,1340,1388,1575,1413,1368,1573,2077,1526,1354,1407,1526,1102,1383,969,1555,1254,1244,1386,1785,1504,1427,1428,1609,1472,1211,1475,1549,1624,1268,1467,1896,1904,1376,1137,1625,987,1242,1408,1569,1516,1505,1394,1513,1708,1476,1921,1427,1624,1424,1435,1281,1110,1635,1101,1299,1224,1356,1318,1205,1853,1508,1287,1389,1463,1703,1609,1545,2110,1646,1281,1337,1450,1236,1369,1257,1374,1503,1411,1374
