Hello from MIC
Galois Benchmark Suite v2.2.0 (r0)
Copyright (C) 2013 The University of Texas at Austin
http://iss.ices.utexas.edu/galois/

application: GMetis
Partitions a graph into K parts and minimizing the graph cut
http://iss.ices.utexas.edu/?p=projects/galois/benchmarks/gMetis

INFO: CommandLine /work/02556/dpereira/MIC/apps/gmetis/gmetis -t=172 /work/02556/dpereira/Inputs/USA-road-d.W.gr 128
INFO: Hostname c558-002-mic0.stampede.tacc.utexas.edu
Created Graph with 6262104 nodes and 15248146 edges
Nodes 6262104| Edges 15248146 7624073

  Starting coarsening: 
Time coarsen:  3009 Size of final graph: 3137

  Sarting initial partitioning using GGGP:
Size in decade percentages:  -1,7 -0,113 1,8
Time clustering:  440

  Sarting refinnement with BKL2
Initial dist
Size in decade percentages:  -1,7 -0,113 1,8
Refined dist
Size in decade percentages:  -1,41 -0,41 1,46
Time refinement:  1857


Time:  5485
Total edge cut : 8521

Part saved in : 0x7ffff91a4be0
STATTYPE,LOOP,CATEGORY,n,sum,T0,T1,T2,T3,T4,T5,T6,T7,T8,T9,T10,T11,T12,T13,T14,T15,T16,T17,T18,T19,T20,T21,T22,T23,T24,T25,T26,T27,T28,T29,T30,T31,T32,T33,T34,T35,T36,T37,T38,T39,T40,T41,T42,T43,T44,T45,T46,T47,T48,T49,T50,T51,T52,T53,T54,T55,T56,T57,T58,T59,T60,T61,T62,T63,T64,T65,T66,T67,T68,T69,T70,T71,T72,T73,T74,T75,T76,T77,T78,T79,T80,T81,T82,T83,T84,T85,T86,T87,T88,T89,T90,T91,T92,T93,T94,T95,T96,T97,T98,T99,T100,T101,T102,T103,T104,T105,T106,T107,T108,T109,T110,T111,T112,T113,T114,T115,T116,T117,T118,T119,T120,T121,T122,T123,T124,T125,T126,T127,T128,T129,T130,T131,T132,T133,T134,T135,T136,T137,T138,T139,T140,T141,T142,T143,T144,T145,T146,T147,T148,T149,T150,T151,T152,T153,T154,T155,T156,T157,T158,T159,T160,T161,T162,T163,T164,T165,T166,T167,T168,T169,T170,T171
STAT,(NULL),Coarsen,172,3009,3009,0,0,0,0,0,0,0,0,0,0,0,0,0,0,0,0,0,0,0,0,0,0,0,0,0,0,0,0,0,0,0,0,0,0,0,0,0,0,0,0,0,0,0,0,0,0,0,0,0,0,0,0,0,0,0,0,0,0,0,0,0,0,0,0,0,0,0,0,0,0,0,0,0,0,0,0,0,0,0,0,0,0,0,0,0,0,0,0,0,0,0,0,0,0,0,0,0,0,0,0,0,0,0,0,0,0,0,0,0,0,0,0,0,0,0,0,0,0,0,0,0,0,0,0,0,0,0,0,0,0,0,0,0,0,0,0,0,0,0,0,0,0,0,0,0,0,0,0,0,0,0,0,0,0,0,0,0,0,0,0,0,0,0,0,0,0,0,0,0,0,0
STAT,(NULL),Conflicts,172,0,0,0,0,0,0,0,0,0,0,0,0,0,0,0,0,0,0,0,0,0,0,0,0,0,0,0,0,0,0,0,0,0,0,0,0,0,0,0,0,0,0,0,0,0,0,0,0,0,0,0,0,0,0,0,0,0,0,0,0,0,0,0,0,0,0,0,0,0,0,0,0,0,0,0,0,0,0,0,0,0,0,0,0,0,0,0,0,0,0,0,0,0,0,0,0,0,0,0,0,0,0,0,0,0,0,0,0,0,0,0,0,0,0,0,0,0,0,0,0,0,0,0,0,0,0,0,0,0,0,0,0,0,0,0,0,0,0,0,0,0,0,0,0,0,0,0,0,0,0,0,0,0,0,0,0,0,0,0,0,0,0,0,0,0,0,0,0,0,0,0,0,0
STAT,(NULL),Iterations,172,255,8,5,2,0,1,2,4,4,5,2,1,0,0,1,1,0,4,4,0,0,0,0,1,0,0,1,4,0,3,6,0,0,0,3,0,0,3,1,2,0,0,2,3,0,3,0,0,3,6,0,3,0,1,0,3,0,2,0,1,5,2,3,1,1,1,0,4,5,0,3,2,1,1,1,2,2,3,0,0,2,0,0,1,0,2,2,0,3,3,2,1,0,0,2,0,0,0,1,5,1,0,0,0,3,1,2,0,0,0,1,0,2,2,0,1,3,1,0,0,0,7,2,0,1,4,1,2,3,6,1,12,4,3,0,0,0,0,3,0,0,0,4,0,4,0,2,2,1,0,0,0,5,1,0,0,1,0,1,0,0,1,1,0,6,2,0,0,1,1,0,0,0
STAT,(NULL),MeminfoPost,172,757211,4407,4396,4415,4414,4409,4394,4402,4398,4407,4421,4439,4445,4405,4395,4395,4396,4413,4411,4422,4402,4408,4394,4396,4394,4413,4412,4394,4389,4397,4407,4403,4414,4413,4402,4405,4397,4404,4400,4420,4458,4437,4390,4397,4396,4398,4406,4412,4422,4407,4409,4389,4397,4396,4412,4419,4387,4391,4399,4410,4401,4404,4419,4422,4396,4411,4411,4395,4412,4392,4396,4392,4410,4382,4387,4403,4415,4404,4394,4398,4395,4389,4387,4398,4386,4410,4432,4414,4390,4395,4390,4422,4386,4381,4382,4403,4407,4414,4412,4408,4401,4389,4408,4389,4394,4396,4386,4382,4393,4380,4413,4387,4393,4423,4437,4427,4407,4390,4391,4413,4385,4379,4400,4409,4412,4413,4397,4391,4399,4394,4394,4383,4391,4385,4404,4382,4420,4433,4430,4423,4396,4389,4391,4391,4401,4434,4432,4411,4433,4406,4390,4404,4395,4403,4394,4383,4384,4391,4395,4421,4375,4380,4394,4376,4386,4415,4386,4397,4405,4401,4406,4392,4406
STAT,(NULL),MeminfoPre,172,189267,1105,1094,1113,1112,1107,1092,1100,1096,1105,1119,1137,1143,1103,1093,1093,1094,1111,1109,1120,1100,1106,1092,1094,1092,1111,1110,1092,1087,1095,1105,1101,1112,1111,1100,1103,1095,1102,1098,1118,1156,1135,1088,1095,1094,1096,1104,1110,1120,1105,1107,1087,1095,1094,1110,1117,1085,1089,1097,1108,1099,1102,1117,1120,1094,1109,1109,1093,1110,1090,1094,1090,1108,1080,1085,1101,1113,1102,1092,1096,1093,1087,1085,1096,1084,1108,1130,1112,1088,1093,1088,1120,1084,1079,1080,1101,1105,1112,1110,1106,1099,1087,1106,1087,1092,1094,1084,1080,1091,1078,1111,1085,1091,1121,1135,1125,1105,1088,1089,1111,1083,1077,1098,1107,1110,1111,1095,1089,1097,1092,1092,1081,1089,1083,1102,1080,1118,1131,1128,1121,1094,1087,1089,1089,1099,1132,1130,1109,1131,1104,1088,1102,1093,1101,1092,1081,1082,1089,1093,1119,1073,1078,1092,1074,1084,1113,1084,1095,1103,1099,1104,1090,1104
STAT,(NULL),Partition,172,440,440,0,0,0,0,0,0,0,0,0,0,0,0,0,0,0,0,0,0,0,0,0,0,0,0,0,0,0,0,0,0,0,0,0,0,0,0,0,0,0,0,0,0,0,0,0,0,0,0,0,0,0,0,0,0,0,0,0,0,0,0,0,0,0,0,0,0,0,0,0,0,0,0,0,0,0,0,0,0,0,0,0,0,0,0,0,0,0,0,0,0,0,0,0,0,0,0,0,0,0,0,0,0,0,0,0,0,0,0,0,0,0,0,0,0,0,0,0,0,0,0,0,0,0,0,0,0,0,0,0,0,0,0,0,0,0,0,0,0,0,0,0,0,0,0,0,0,0,0,0,0,0,0,0,0,0,0,0,0,0,0,0,0,0,0,0,0,0,0,0,0,0
STAT,(NULL),Refine,172,1857,1857,0,0,0,0,0,0,0,0,0,0,0,0,0,0,0,0,0,0,0,0,0,0,0,0,0,0,0,0,0,0,0,0,0,0,0,0,0,0,0,0,0,0,0,0,0,0,0,0,0,0,0,0,0,0,0,0,0,0,0,0,0,0,0,0,0,0,0,0,0,0,0,0,0,0,0,0,0,0,0,0,0,0,0,0,0,0,0,0,0,0,0,0,0,0,0,0,0,0,0,0,0,0,0,0,0,0,0,0,0,0,0,0,0,0,0,0,0,0,0,0,0,0,0,0,0,0,0,0,0,0,0,0,0,0,0,0,0,0,0,0,0,0,0,0,0,0,0,0,0,0,0,0,0,0,0,0,0,0,0,0,0,0,0,0,0,0,0,0,0,0,0
STAT,(NULL),Threads,172,172,172,0,0,0,0,0,0,0,0,0,0,0,0,0,0,0,0,0,0,0,0,0,0,0,0,0,0,0,0,0,0,0,0,0,0,0,0,0,0,0,0,0,0,0,0,0,0,0,0,0,0,0,0,0,0,0,0,0,0,0,0,0,0,0,0,0,0,0,0,0,0,0,0,0,0,0,0,0,0,0,0,0,0,0,0,0,0,0,0,0,0,0,0,0,0,0,0,0,0,0,0,0,0,0,0,0,0,0,0,0,0,0,0,0,0,0,0,0,0,0,0,0,0,0,0,0,0,0,0,0,0,0,0,0,0,0,0,0,0,0,0,0,0,0,0,0,0,0,0,0,0,0,0,0,0,0,0,0,0,0,0,0,0,0,0,0,0,0,0,0,0,0
STAT,(NULL),Time,172,5485,5485,0,0,0,0,0,0,0,0,0,0,0,0,0,0,0,0,0,0,0,0,0,0,0,0,0,0,0,0,0,0,0,0,0,0,0,0,0,0,0,0,0,0,0,0,0,0,0,0,0,0,0,0,0,0,0,0,0,0,0,0,0,0,0,0,0,0,0,0,0,0,0,0,0,0,0,0,0,0,0,0,0,0,0,0,0,0,0,0,0,0,0,0,0,0,0,0,0,0,0,0,0,0,0,0,0,0,0,0,0,0,0,0,0,0,0,0,0,0,0,0,0,0,0,0,0,0,0,0,0,0,0,0,0,0,0,0,0,0,0,0,0,0,0,0,0,0,0,0,0,0,0,0,0,0,0,0,0,0,0,0,0,0,0,0,0,0,0,0,0,0,0
STAT,match,Conflicts,172,6206,59,58,57,62,57,54,52,50,62,53,55,56,57,52,57,43,59,48,46,47,52,40,56,49,49,49,42,49,49,55,50,43,43,41,38,45,47,52,36,53,42,38,30,44,33,36,44,41,49,46,38,35,38,32,44,35,40,36,39,41,40,25,30,32,31,31,26,34,30,29,24,23,34,28,27,27,28,29,29,31,28,28,28,29,32,36,31,35,36,30,31,29,37,40,42,35,31,28,32,33,31,28,25,25,26,29,21,26,27,38,30,30,33,35,30,31,31,29,23,39,35,29,30,30,25,24,28,30,25,35,28,32,30,26,33,28,27,30,29,32,30,27,33,25,37,29,29,37,26,36,35,25,42,28,32,38,36,34,33,33,34,29,25,30,28,28,28,26,27,23,33,35
STAT,match,Iterations,172,15019845,49419,62708,66913,68111,81152,78835,84664,81054,65112,84037,77976,68765,68411,70354,65279,98323,68521,77826,77127,71999,66411,79747,85014,89492,69510,74333,75754,69431,65838,65176,99028,77372,82652,74355,77879,67967,68214,70818,88099,57383,76225,78357,77893,61907,74708,58259,76764,89531,78446,68425,100832,105789,81302,112416,90686,91230,105420,92474,93287,93878,93307,84769,89527,89849,79739,76365,82778,79792,93924,81944,108840,100846,86850,99317,97195,103984,106946,98728,103928,98352,96577,79491,98972,84681,85950,81893,91003,80363,88422,104892,101961,95718,85404,110858,72985,88815,76214,86928,101921,98535,85452,85040,97904,89566,89692,100358,89086,79440,92836,81745,100793,120413,75408,96605,77294,118966,112895,96907,108919,106502,120748,129861,100604,72146,95696,110539,105680,97192,86422,88000,86114,75715,92339,91372,94359,80844,61528,104393,81497,94596,88356,89498,81519,89489,75011,93701,101432,79324,102109,77988,96762,113381,63663,96615,94012,88167,100678,86676,84911,98879,68489,105214,105850,80861,102778,83733,59339,99430,103571,93867,97551,94074
STAT,popedge,Conflicts,172,0,0,0,0,0,0,0,0,0,0,0,0,0,0,0,0,0,0,0,0,0,0,0,0,0,0,0,0,0,0,0,0,0,0,0,0,0,0,0,0,0,0,0,0,0,0,0,0,0,0,0,0,0,0,0,0,0,0,0,0,0,0,0,0,0,0,0,0,0,0,0,0,0,0,0,0,0,0,0,0,0,0,0,0,0,0,0,0,0,0,0,0,0,0,0,0,0,0,0,0,0,0,0,0,0,0,0,0,0,0,0,0,0,0,0,0,0,0,0,0,0,0,0,0,0,0,0,0,0,0,0,0,0,0,0,0,0,0,0,0,0,0,0,0,0,0,0,0,0,0,0,0,0,0,0,0,0,0,0,0,0,0,0,0,0,0,0,0,0,0,0,0,0
STAT,popedge,Iterations,172,7357302,40744,40581,38097,41102,41114,40325,41141,41032,41510,41443,39978,41710,41224,42179,39187,43032,40970,41209,40475,41200,40862,41165,43652,42260,39923,43466,42669,45162,44576,42059,42892,41710,43598,41778,44842,40700,44711,44809,43223,41173,41204,43285,42283,41383,44118,43891,43148,42285,41618,40869,51054,47078,50032,48683,48561,49484,48486,43542,46735,45721,45388,38313,37087,38475,38214,38167,40244,38751,38697,40456,41095,40442,40124,39856,41342,40872,39318,38807,40011,39988,40731,41835,41764,42007,40318,39757,43062,42757,44860,43169,43367,43574,41052,43031,43036,42907,41850,43130,42119,41977,45100,44994,42200,45263,42163,43104,41945,43597,43104,41008,42307,51748,48989,49735,51103,48829,48332,50931,47455,44792,52076,51415,41160,38649,40650,41614,37668,40001,41598,40058,42017,43536,39745,39934,38550,41317,40398,40128,39857,42270,40834,43322,41237,41967,43458,41874,43270,45217,44180,44723,46596,43743,45575,44026,43892,43029,44334,41593,42534,42901,45053,44206,43185,42880,44116,42615,44797,43205,42032,45364,42532,40779
STAT,refine,Conflicts,172,5989,119,107,108,100,102,97,94,78,86,95,85,77,80,75,67,69,77,59,58,81,51,71,61,61,54,56,64,55,49,52,51,41,40,40,45,47,44,36,53,44,40,46,45,48,37,42,41,44,43,40,47,42,37,36,35,42,33,39,34,25,36,29,17,36,20,15,23,23,26,24,30,22,15,24,22,26,23,32,28,23,23,24,18,24,27,18,25,24,25,21,24,24,16,21,19,23,12,20,20,29,17,20,22,20,18,18,19,20,16,16,21,25,23,24,29,16,17,17,29,24,17,19,28,21,18,16,30,22,29,28,13,24,23,25,21,24,19,22,28,20,17,22,10,30,19,26,19,16,19,20,21,20,22,21,26,27,31,23,25,15,20,22,16,23,20,24,21,18,21,19,17,25
STAT,refine,Iterations,172,140801,704,900,1087,947,873,870,910,919,718,925,977,945,798,871,780,892,1015,745,748,736,669,789,740,764,945,1009,829,776,675,715,869,750,869,703,778,666,778,598,882,915,849,802,635,587,601,713,745,913,658,703,998,760,877,1061,1100,1008,815,957,829,778,857,954,786,858,847,597,546,731,889,790,956,950,893,820,1051,936,867,1007,795,671,780,768,989,580,821,834,1048,930,650,1057,1012,669,467,829,682,898,554,716,904,951,707,815,585,924,710,504,808,840,856,616,783,970,824,1178,1082,1184,950,819,1177,828,898,1068,941,622,755,770,798,698,846,914,554,827,858,1066,671,917,700,798,839,832,646,790,682,883,537,932,703,999,702,537,843,845,762,619,811,748,894,709,907,687,738,844,822,595,1074,799,664,774,923,868,731,793
