Hello from MIC
Galois Benchmark Suite v2.2.0 (r0)
Copyright (C) 2013 The University of Texas at Austin
http://iss.ices.utexas.edu/galois/

application: GMetis
Partitions a graph into K parts and minimizing the graph cut
http://iss.ices.utexas.edu/?p=projects/galois/benchmarks/gMetis

INFO: CommandLine /work/02556/dpereira/MIC/apps/gmetis/gmetis -t=44 /work/02556/dpereira/Inputs/USA-road-d.W.gr 16
INFO: Hostname c557-901-mic0.stampede.tacc.utexas.edu
Created Graph with 6262104 nodes and 15248146 edges
Nodes 6262104| Edges 15248146 7624073

  Starting coarsening: 
Time coarsen:  2864 Size of final graph: 428

  Sarting initial partitioning using GGGP:
Size in decade percentages:  -0,16
Time clustering:  357

  Sarting refinnement with BKL2
Initial dist
Size in decade percentages:  -0,16
Refined dist
Size in decade percentages:  -1,7 0,1 1,8
Time refinement:  653


Time:  4050
Total edge cut : 1962

Part saved in : 0x7fff69694e60
STATTYPE,LOOP,CATEGORY,n,sum,T0,T1,T2,T3,T4,T5,T6,T7,T8,T9,T10,T11,T12,T13,T14,T15,T16,T17,T18,T19,T20,T21,T22,T23,T24,T25,T26,T27,T28,T29,T30,T31,T32,T33,T34,T35,T36,T37,T38,T39,T40,T41,T42,T43
STAT,(NULL),Coarsen,44,2864,2864,0,0,0,0,0,0,0,0,0,0,0,0,0,0,0,0,0,0,0,0,0,0,0,0,0,0,0,0,0,0,0,0,0,0,0,0,0,0,0,0,0,0,0
STAT,(NULL),Conflicts,44,0,0,0,0,0,0,0,0,0,0,0,0,0,0,0,0,0,0,0,0,0,0,0,0,0,0,0,0,0,0,0,0,0,0,0,0,0,0,0,0,0,0,0,0,0
STAT,(NULL),Iterations,44,31,6,0,1,3,0,0,0,0,2,0,3,0,0,2,2,0,0,0,0,0,0,0,1,1,0,0,0,0,4,0,0,4,1,0,0,0,0,0,0,1,0,0,0,0
STAT,(NULL),MeminfoPost,44,756261,17210,17177,17294,17166,17225,17177,17197,17173,17223,17191,17261,17188,17210,17193,17164,17236,17192,17172,17152,17194,17148,17205,17169,17149,17214,17172,17160,17147,17195,17219,17145,17210,17163,17130,17212,17226,17174,17280,17162,17139,17159,17141,17161,17186
STAT,(NULL),MeminfoPre,44,189057,4319,4286,4403,4275,4334,4286,4306,4282,4332,4300,4370,4297,4319,4302,4273,4345,4301,4281,4261,4303,4257,4314,4278,4258,4323,4281,4269,4256,4304,4328,4254,4319,4272,4239,4321,4335,4283,4389,4271,4248,4268,4250,4270,4295
STAT,(NULL),Partition,44,357,357,0,0,0,0,0,0,0,0,0,0,0,0,0,0,0,0,0,0,0,0,0,0,0,0,0,0,0,0,0,0,0,0,0,0,0,0,0,0,0,0,0,0,0
STAT,(NULL),Refine,44,653,653,0,0,0,0,0,0,0,0,0,0,0,0,0,0,0,0,0,0,0,0,0,0,0,0,0,0,0,0,0,0,0,0,0,0,0,0,0,0,0,0,0,0,0
STAT,(NULL),Threads,44,44,44,0,0,0,0,0,0,0,0,0,0,0,0,0,0,0,0,0,0,0,0,0,0,0,0,0,0,0,0,0,0,0,0,0,0,0,0,0,0,0,0,0,0,0
STAT,(NULL),Time,44,4050,4050,0,0,0,0,0,0,0,0,0,0,0,0,0,0,0,0,0,0,0,0,0,0,0,0,0,0,0,0,0,0,0,0,0,0,0,0,0,0,0,0,0,0,0
STAT,match,Conflicts,44,4248,223,167,179,139,140,143,107,94,111,105,113,87,83,65,75,91,72,83,66,85,105,99,66,88,83,62,91,80,90,73,71,72,61,80,100,55,63,95,60,107,96,123,117,83
STAT,match,Iterations,44,14986447,321109,340202,310703,338277,330504,340548,339359,341435,309796,325759,306237,329428,335495,338359,336323,319804,328589,331564,351874,324767,336992,330087,356258,356215,331731,357749,347964,364684,340024,338008,349276,349795,342323,367026,326657,344080,355456,333579,370927,363158,382530,353085,334060,354651
STAT,popedge,Conflicts,44,0,0,0,0,0,0,0,0,0,0,0,0,0,0,0,0,0,0,0,0,0,0,0,0,0,0,0,0,0,0,0,0,0,0,0,0,0,0,0,0,0,0,0,0,0
STAT,popedge,Iterations,44,7346600,165344,165222,158854,165221,159004,166640,166756,167581,160737,165844,160273,163661,159371,166288,165198,147287,147661,156909,165026,159359,164394,162189,168919,172102,170444,170104,173570,171340,171050,163740,167299,162756,167746,164776,164456,160960,163526,181039,183269,179476,175596,186054,185135,184424
STAT,refine,Conflicts,44,2740,135,129,128,100,98,95,99,75,77,80,80,43,55,87,58,67,68,68,69,71,67,62,59,37,51,51,46,35,38,41,43,35,50,38,42,40,41,35,38,48,37,49,44,31
STAT,refine,Iterations,44,38502,684,759,1110,948,687,839,1037,803,417,1308,1000,701,575,1121,948,760,741,1144,771,1357,972,950,1413,530,872,1400,678,905,710,1120,696,863,1113,810,757,774,754,550,807,612,622,914,802,1168
