Hello from MIC
Galois Benchmark Suite v2.2.0 (r0)
Copyright (C) 2013 The University of Texas at Austin
http://iss.ices.utexas.edu/galois/

application: GMetis
Partitions a graph into K parts and minimizing the graph cut
http://iss.ices.utexas.edu/?p=projects/galois/benchmarks/gMetis

INFO: CommandLine /work/02556/dpereira/MIC/apps/gmetis/gmetis -t=85 /work/02556/dpereira/Inputs/USA-road-d.W.gr 128
INFO: Hostname c557-903-mic0.stampede.tacc.utexas.edu
Created Graph with 6262104 nodes and 15248146 edges
Nodes 6262104| Edges 15248146 7624073

  Starting coarsening: 
Time coarsen:  2306 Size of final graph: 3057

  Sarting initial partitioning using GGGP:
Size in decade percentages:  -1,4 -0,119 1,5
Time clustering:  412

  Sarting refinnement with BKL2
Initial dist
Size in decade percentages:  -1,4 -0,119 1,5
Refined dist
Size in decade percentages:  -1,45 -0,38 1,45
Time refinement:  1035


Time:  3929
Total edge cut : 7888

Part saved in : 0x7fff35d0bc60
STATTYPE,LOOP,CATEGORY,n,sum,T0,T1,T2,T3,T4,T5,T6,T7,T8,T9,T10,T11,T12,T13,T14,T15,T16,T17,T18,T19,T20,T21,T22,T23,T24,T25,T26,T27,T28,T29,T30,T31,T32,T33,T34,T35,T36,T37,T38,T39,T40,T41,T42,T43,T44,T45,T46,T47,T48,T49,T50,T51,T52,T53,T54,T55,T56,T57,T58,T59,T60,T61,T62,T63,T64,T65,T66,T67,T68,T69,T70,T71,T72,T73,T74,T75,T76,T77,T78,T79,T80,T81,T82,T83,T84
STAT,(NULL),Coarsen,85,2306,2306,0,0,0,0,0,0,0,0,0,0,0,0,0,0,0,0,0,0,0,0,0,0,0,0,0,0,0,0,0,0,0,0,0,0,0,0,0,0,0,0,0,0,0,0,0,0,0,0,0,0,0,0,0,0,0,0,0,0,0,0,0,0,0,0,0,0,0,0,0,0,0,0,0,0,0,0,0,0,0,0,0,0,0,0
STAT,(NULL),Conflicts,85,0,0,0,0,0,0,0,0,0,0,0,0,0,0,0,0,0,0,0,0,0,0,0,0,0,0,0,0,0,0,0,0,0,0,0,0,0,0,0,0,0,0,0,0,0,0,0,0,0,0,0,0,0,0,0,0,0,0,0,0,0,0,0,0,0,0,0,0,0,0,0,0,0,0,0,0,0,0,0,0,0,0,0,0,0,0
STAT,(NULL),Iterations,85,255,11,0,4,0,0,3,3,3,2,3,1,1,0,2,1,0,2,3,2,4,3,2,0,1,4,3,5,9,2,2,1,2,1,1,6,4,12,5,1,3,3,5,7,2,4,3,5,4,4,9,5,4,2,3,5,2,1,6,5,3,6,9,1,3,0,2,4,5,1,3,2,0,0,2,7,3,1,0,3,0,0,3,2,1,3
STAT,(NULL),MeminfoPost,85,756384,8898,8922,8899,8895,8922,8982,8884,8886,8915,8921,8891,8887,8922,8872,8896,8916,8909,8888,8921,8978,8895,8882,8914,8912,8916,8876,8920,8879,8896,8898,8944,8892,8906,8899,8881,8888,8879,8913,8888,8877,8876,8890,8941,8879,8905,8858,8883,8913,8915,8882,8890,8884,8860,8872,8888,8930,8950,8880,8900,8858,8910,8910,8892,8883,8860,8888,8882,8949,8930,8876,8883,8949,8932,8901,8896,8890,8864,8875,8896,8862,8855,8895,8898,8900,8895
STAT,(NULL),MeminfoPre,85,189094,2224,2248,2225,2221,2248,2308,2210,2212,2241,2247,2217,2213,2248,2198,2222,2242,2235,2214,2247,2304,2221,2208,2240,2238,2242,2202,2246,2205,2222,2224,2270,2218,2232,2225,2207,2214,2205,2239,2214,2203,2202,2216,2267,2205,2231,2184,2209,2239,2241,2208,2216,2210,2186,2198,2214,2256,2276,2206,2226,2184,2236,2236,2218,2209,2186,2214,2208,2275,2256,2202,2209,2275,2258,2227,2222,2216,2190,2201,2222,2188,2181,2221,2224,2226,2221
STAT,(NULL),Partition,85,412,412,0,0,0,0,0,0,0,0,0,0,0,0,0,0,0,0,0,0,0,0,0,0,0,0,0,0,0,0,0,0,0,0,0,0,0,0,0,0,0,0,0,0,0,0,0,0,0,0,0,0,0,0,0,0,0,0,0,0,0,0,0,0,0,0,0,0,0,0,0,0,0,0,0,0,0,0,0,0,0,0,0,0,0,0
STAT,(NULL),Refine,85,1035,1035,0,0,0,0,0,0,0,0,0,0,0,0,0,0,0,0,0,0,0,0,0,0,0,0,0,0,0,0,0,0,0,0,0,0,0,0,0,0,0,0,0,0,0,0,0,0,0,0,0,0,0,0,0,0,0,0,0,0,0,0,0,0,0,0,0,0,0,0,0,0,0,0,0,0,0,0,0,0,0,0,0,0,0,0
STAT,(NULL),Threads,85,85,85,0,0,0,0,0,0,0,0,0,0,0,0,0,0,0,0,0,0,0,0,0,0,0,0,0,0,0,0,0,0,0,0,0,0,0,0,0,0,0,0,0,0,0,0,0,0,0,0,0,0,0,0,0,0,0,0,0,0,0,0,0,0,0,0,0,0,0,0,0,0,0,0,0,0,0,0,0,0,0,0,0,0,0,0
STAT,(NULL),Time,85,3929,3929,0,0,0,0,0,0,0,0,0,0,0,0,0,0,0,0,0,0,0,0,0,0,0,0,0,0,0,0,0,0,0,0,0,0,0,0,0,0,0,0,0,0,0,0,0,0,0,0,0,0,0,0,0,0,0,0,0,0,0,0,0,0,0,0,0,0,0,0,0,0,0,0,0,0,0,0,0,0,0,0,0,0,0,0
STAT,match,Conflicts,85,5436,141,104,91,100,107,86,85,75,77,78,104,92,105,91,85,88,79,55,101,94,97,75,80,114,62,54,65,49,47,46,45,41,54,53,34,49,58,56,43,61,55,50,57,52,60,54,47,48,47,46,48,55,51,50,41,42,55,57,45,39,53,46,45,59,53,56,42,50,52,50,43,64,65,61,69,42,59,64,44,81,66,58,43,69,82
STAT,match,Iterations,85,14989810,129732,152878,134886,153602,148057,148253,152560,165124,146363,143102,138631,155153,151257,158720,163199,152827,161700,164318,152286,152218,152368,157158,155790,165443,182110,198107,193075,187579,186805,188021,188315,182159,186393,188383,183388,205084,194556,175737,209851,187711,192072,170393,183765,200683,178606,197747,189557,200226,180821,194802,188308,185545,188421,200588,174503,197848,175040,181457,190819,192607,170055,175705,189994,172592,183614,175484,197445,169992,177395,174449,179422,167688,188506,185231,181639,202784,191738,173548,180127,165004,198941,183035,184934,173527,190254
STAT,popedge,Conflicts,85,0,0,0,0,0,0,0,0,0,0,0,0,0,0,0,0,0,0,0,0,0,0,0,0,0,0,0,0,0,0,0,0,0,0,0,0,0,0,0,0,0,0,0,0,0,0,0,0,0,0,0,0,0,0,0,0,0,0,0,0,0,0,0,0,0,0,0,0,0,0,0,0,0,0,0,0,0,0,0,0,0,0,0,0,0,0
STAT,popedge,Iterations,85,7346391,83643,80155,72649,83051,79843,78488,81691,81122,78036,80578,85159,83212,84245,88226,84296,83025,84053,81879,82902,78265,86472,85386,81545,79512,91071,92584,90358,95368,90683,85915,87494,86367,83544,88028,92208,90720,94143,90457,87897,93555,90662,91305,88263,90735,96758,100388,98917,90987,91780,94191,93993,96004,98916,93325,96435,90350,93160,93693,92417,95837,92137,79091,76560,67831,79879,78578,76781,78156,77109,76004,79086,84556,85201,88321,89057,86276,79977,90264,84214,90716,79812,85837,87940,86445,80622
STAT,refine,Conflicts,85,3916,130,114,107,104,103,99,81,89,76,80,80,79,66,61,74,54,52,53,55,60,61,62,58,61,52,47,44,44,55,64,49,37,33,43,41,34,43,33,34,29,31,36,53,29,32,41,40,40,26,36,27,32,32,39,40,38,39,36,40,36,38,28,26,26,25,33,26,25,25,33,26,23,27,23,24,24,23,22,23,23,26,29,25,28,21
STAT,refine,Iterations,85,131689,1277,1592,1248,1330,1565,1809,1496,1487,1380,1446,1440,1396,1623,1299,1262,1377,1292,834,1266,1790,1344,1404,1598,1825,1601,1891,2065,1762,1962,1606,2262,1607,1665,2056,1635,1700,1548,1518,1754,1480,1880,1553,2279,1180,1510,1378,1269,1737,1481,1450,1431,1387,1830,1947,1763,1951,2222,1651,1482,1158,1510,1460,1517,1100,1400,1615,1520,1717,1519,1259,1709,1767,1442,1593,1257,1554,1315,1079,1214,1326,1764,1358,1407,1483,1773
