Hello from MIC
Galois Benchmark Suite v2.2.0 (r0)
Copyright (C) 2013 The University of Texas at Austin
http://iss.ices.utexas.edu/galois/

application: GMetis
Partitions a graph into K parts and minimizing the graph cut
http://iss.ices.utexas.edu/?p=projects/galois/benchmarks/gMetis

INFO: CommandLine /work/02556/dpereira/MIC/apps/gmetis/gmetis -t=89 /work/02556/dpereira/Inputs/USA-road-d.W.gr 128
INFO: Hostname c557-903-mic0.stampede.tacc.utexas.edu
Created Graph with 6262104 nodes and 15248146 edges
Nodes 6262104| Edges 15248146 7624073

  Starting coarsening: 
Time coarsen:  2252 Size of final graph: 3092

  Sarting initial partitioning using GGGP:
Size in decade percentages:  -1,6 -0,116 1,6
Time clustering:  402

  Sarting refinnement with BKL2
Initial dist
Size in decade percentages:  -1,6 -0,116 1,6
Refined dist
Size in decade percentages:  -1,48 0,33 1,47
Time refinement:  967


Time:  3793
Total edge cut : 8101

Part saved in : 0x7fff8f1d13e0
STATTYPE,LOOP,CATEGORY,n,sum,T0,T1,T2,T3,T4,T5,T6,T7,T8,T9,T10,T11,T12,T13,T14,T15,T16,T17,T18,T19,T20,T21,T22,T23,T24,T25,T26,T27,T28,T29,T30,T31,T32,T33,T34,T35,T36,T37,T38,T39,T40,T41,T42,T43,T44,T45,T46,T47,T48,T49,T50,T51,T52,T53,T54,T55,T56,T57,T58,T59,T60,T61,T62,T63,T64,T65,T66,T67,T68,T69,T70,T71,T72,T73,T74,T75,T76,T77,T78,T79,T80,T81,T82,T83,T84,T85,T86,T87,T88
STAT,(NULL),Coarsen,89,2252,2252,0,0,0,0,0,0,0,0,0,0,0,0,0,0,0,0,0,0,0,0,0,0,0,0,0,0,0,0,0,0,0,0,0,0,0,0,0,0,0,0,0,0,0,0,0,0,0,0,0,0,0,0,0,0,0,0,0,0,0,0,0,0,0,0,0,0,0,0,0,0,0,0,0,0,0,0,0,0,0,0,0,0,0,0,0,0,0,0
STAT,(NULL),Conflicts,89,0,0,0,0,0,0,0,0,0,0,0,0,0,0,0,0,0,0,0,0,0,0,0,0,0,0,0,0,0,0,0,0,0,0,0,0,0,0,0,0,0,0,0,0,0,0,0,0,0,0,0,0,0,0,0,0,0,0,0,0,0,0,0,0,0,0,0,0,0,0,0,0,0,0,0,0,0,0,0,0,0,0,0,0,0,0,0,0,0,0
STAT,(NULL),Iterations,89,255,9,2,0,4,3,2,5,2,4,2,1,1,0,1,2,4,2,1,4,1,0,3,3,0,5,0,0,1,5,1,0,2,3,4,4,6,7,3,3,3,4,4,1,5,3,0,2,2,2,4,0,3,2,2,2,6,4,3,1,5,17,4,1,2,5,0,4,5,2,11,3,1,3,0,0,3,4,3,4,5,6,0,0,8,5,0,1,0,0
STAT,(NULL),MeminfoPost,89,756257,8492,8522,8503,8487,8517,8576,8495,8486,8503,8521,8515,8476,8501,8502,8477,8499,8517,8496,8491,8522,8579,8491,8481,8514,8519,8510,8472,8507,8496,8482,8507,8505,8521,8511,8495,8491,8483,8473,8498,8507,8483,8473,8481,8492,8536,8476,8510,8460,8472,8507,8525,8487,8488,8479,8472,8471,8485,8476,8551,8528,8474,8494,8469,8505,8507,8491,8481,8463,8488,8468,8547,8538,8482,8471,8526,8534,8536,8475,8496,8487,8458,8472,8492,8473,8481,8466,8497,8503,8491
STAT,(NULL),MeminfoPre,89,189060,2119,2149,2130,2114,2144,2203,2122,2113,2130,2148,2142,2103,2128,2129,2104,2126,2144,2123,2118,2149,2206,2118,2108,2141,2146,2137,2099,2134,2123,2109,2134,2132,2148,2138,2122,2118,2110,2100,2125,2134,2110,2100,2108,2119,2163,2103,2137,2087,2099,2134,2152,2114,2115,2106,2099,2098,2112,2103,2178,2155,2101,2121,2096,2132,2134,2118,2108,2090,2115,2095,2174,2165,2109,2098,2153,2161,2163,2102,2123,2114,2085,2099,2119,2100,2108,2093,2124,2130,2118
STAT,(NULL),Partition,89,402,402,0,0,0,0,0,0,0,0,0,0,0,0,0,0,0,0,0,0,0,0,0,0,0,0,0,0,0,0,0,0,0,0,0,0,0,0,0,0,0,0,0,0,0,0,0,0,0,0,0,0,0,0,0,0,0,0,0,0,0,0,0,0,0,0,0,0,0,0,0,0,0,0,0,0,0,0,0,0,0,0,0,0,0,0,0,0,0,0
STAT,(NULL),Refine,89,967,967,0,0,0,0,0,0,0,0,0,0,0,0,0,0,0,0,0,0,0,0,0,0,0,0,0,0,0,0,0,0,0,0,0,0,0,0,0,0,0,0,0,0,0,0,0,0,0,0,0,0,0,0,0,0,0,0,0,0,0,0,0,0,0,0,0,0,0,0,0,0,0,0,0,0,0,0,0,0,0,0,0,0,0,0,0,0,0,0
STAT,(NULL),Threads,89,89,89,0,0,0,0,0,0,0,0,0,0,0,0,0,0,0,0,0,0,0,0,0,0,0,0,0,0,0,0,0,0,0,0,0,0,0,0,0,0,0,0,0,0,0,0,0,0,0,0,0,0,0,0,0,0,0,0,0,0,0,0,0,0,0,0,0,0,0,0,0,0,0,0,0,0,0,0,0,0,0,0,0,0,0,0,0,0,0,0
STAT,(NULL),Time,89,3793,3793,0,0,0,0,0,0,0,0,0,0,0,0,0,0,0,0,0,0,0,0,0,0,0,0,0,0,0,0,0,0,0,0,0,0,0,0,0,0,0,0,0,0,0,0,0,0,0,0,0,0,0,0,0,0,0,0,0,0,0,0,0,0,0,0,0,0,0,0,0,0,0,0,0,0,0,0,0,0,0,0,0,0,0,0,0,0,0,0
STAT,match,Conflicts,89,6033,142,132,110,99,103,85,104,94,86,78,97,89,107,105,89,73,90,85,87,68,80,108,86,109,82,118,85,73,60,57,47,47,48,46,43,46,60,58,46,59,42,45,56,45,61,51,56,56,58,55,55,56,55,38,55,51,59,64,44,53,65,75,65,50,44,42,38,67,49,62,48,51,47,49,63,74,44,67,71,47,59,65,83,65,64,59,55,70,59
STAT,match,Iterations,89,15002731,138562,144214,153782,142230,146435,124767,143369,160005,145445,147676,139496,157932,140911,135020,172437,148418,157126,156784,162047,148938,157665,151080,167603,130588,167814,138927,158357,169222,180583,182583,169693,178468,165087,178433,186719,185716,182913,180767,182457,179272,184229,188404,174324,193870,165229,186507,171823,186124,171255,190824,175849,184341,179259,183703,178911,185925,199081,199682,166499,188183,168199,174365,168136,186806,179160,171490,145817,162004,190582,157671,175491,160876,177142,179900,157990,183269,177942,169138,168166,189254,165312,178650,158690,180641,173159,175084,173313,167180,173741
STAT,popedge,Conflicts,89,0,0,0,0,0,0,0,0,0,0,0,0,0,0,0,0,0,0,0,0,0,0,0,0,0,0,0,0,0,0,0,0,0,0,0,0,0,0,0,0,0,0,0,0,0,0,0,0,0,0,0,0,0,0,0,0,0,0,0,0,0,0,0,0,0,0,0,0,0,0,0,0,0,0,0,0,0,0,0,0,0,0,0,0,0,0,0,0,0,0
STAT,popedge,Iterations,89,7352755,80416,77457,80780,79563,77014,64865,79038,78073,76761,75235,77406,78512,78958,81089,81720,81359,78122,79278,80087,82138,78539,82477,81591,81754,79254,83711,79796,80813,91348,88140,82401,81563,81232,82947,81127,82903,89316,90482,83909,85815,86223,85687,86999,86516,86833,93055,93406,97099,96507,89076,89278,91468,91048,94892,92974,92125,89801,90120,88885,86427,91394,74455,75278,74727,74981,74602,67218,77169,77298,78684,77266,74751,75944,74389,78938,83696,80459,83524,80716,82065,83257,80668,83355,84849,83229,77898,86554,86457,83526
STAT,refine,Conflicts,89,4374,136,126,126,119,108,98,94,101,86,83,86,75,79,81,75,65,72,50,55,56,72,69,66,52,58,55,55,61,59,61,50,39,48,49,39,29,45,24,30,36,42,54,48,34,56,40,39,34,34,48,27,42,40,33,46,33,45,37,41,41,40,28,20,21,19,39,35,19,39,24,25,24,30,22,16,36,20,25,27,32,30,32,32,26,33,23,29,19,27
STAT,refine,Iterations,89,134806,1378,1422,1270,1552,1258,1978,1641,1560,1503,1779,1284,1339,1496,1267,1438,1222,1457,1111,1467,1249,1886,1521,1360,1476,1461,1394,1128,1570,1309,1649,1513,1387,1739,1803,1579,1445,1474,1310,1251,1890,1333,1898,1509,1692,2097,1742,1772,1225,1240,1645,1826,1993,1441,1282,1720,1783,1948,1919,2240,2260,1587,1265,1178,1348,1521,1304,1527,1376,1554,1352,1949,1381,1371,1616,1342,1609,1256,1485,1180,1615,1381,1331,1177,1183,1639,1168,1879,1241,1610
