Hello from MIC
Galois Benchmark Suite v2.2.0 (r0)
Copyright (C) 2013 The University of Texas at Austin
http://iss.ices.utexas.edu/galois/

application: GMetis
Partitions a graph into K parts and minimizing the graph cut
http://iss.ices.utexas.edu/?p=projects/galois/benchmarks/gMetis

INFO: CommandLine /work/02556/dpereira/MIC/apps/gmetis/gmetis -t=202 /work/02556/dpereira/Inputs/USA-road-d.W.gr 1024
INFO: Hostname c557-803-mic0.stampede.tacc.utexas.edu
Created Graph with 6262104 nodes and 15248146 edges
Nodes 6262104| Edges 15248146 7624073

  Starting coarsening: 
Time coarsen:  2722 Size of final graph: 22144

  Sarting initial partitioning using GGGP:
Size in decade percentages:  -1,74 -0,887 1,63
Time clustering:  1174

  Sarting refinnement with BKL2
Initial dist
Size in decade percentages:  -1,74 -0,887 1,63
Refined dist
Size in decade percentages:  -1,362 -0,294 1,367 2,1
Time refinement:  1854


Time:  5929
Total edge cut : 31575

Part saved in : 0x7fffef715960
STATTYPE,LOOP,CATEGORY,n,sum,T0,T1,T2,T3,T4,T5,T6,T7,T8,T9,T10,T11,T12,T13,T14,T15,T16,T17,T18,T19,T20,T21,T22,T23,T24,T25,T26,T27,T28,T29,T30,T31,T32,T33,T34,T35,T36,T37,T38,T39,T40,T41,T42,T43,T44,T45,T46,T47,T48,T49,T50,T51,T52,T53,T54,T55,T56,T57,T58,T59,T60,T61,T62,T63,T64,T65,T66,T67,T68,T69,T70,T71,T72,T73,T74,T75,T76,T77,T78,T79,T80,T81,T82,T83,T84,T85,T86,T87,T88,T89,T90,T91,T92,T93,T94,T95,T96,T97,T98,T99,T100,T101,T102,T103,T104,T105,T106,T107,T108,T109,T110,T111,T112,T113,T114,T115,T116,T117,T118,T119,T120,T121,T122,T123,T124,T125,T126,T127,T128,T129,T130,T131,T132,T133,T134,T135,T136,T137,T138,T139,T140,T141,T142,T143,T144,T145,T146,T147,T148,T149,T150,T151,T152,T153,T154,T155,T156,T157,T158,T159,T160,T161,T162,T163,T164,T165,T166,T167,T168,T169,T170,T171,T172,T173,T174,T175,T176,T177,T178,T179,T180,T181,T182,T183,T184,T185,T186,T187,T188,T189,T190,T191,T192,T193,T194,T195,T196,T197,T198,T199,T200,T201
STAT,(NULL),Coarsen,202,2722,2722,0,0,0,0,0,0,0,0,0,0,0,0,0,0,0,0,0,0,0,0,0,0,0,0,0,0,0,0,0,0,0,0,0,0,0,0,0,0,0,0,0,0,0,0,0,0,0,0,0,0,0,0,0,0,0,0,0,0,0,0,0,0,0,0,0,0,0,0,0,0,0,0,0,0,0,0,0,0,0,0,0,0,0,0,0,0,0,0,0,0,0,0,0,0,0,0,0,0,0,0,0,0,0,0,0,0,0,0,0,0,0,0,0,0,0,0,0,0,0,0,0,0,0,0,0,0,0,0,0,0,0,0,0,0,0,0,0,0,0,0,0,0,0,0,0,0,0,0,0,0,0,0,0,0,0,0,0,0,0,0,0,0,0,0,0,0,0,0,0,0,0,0,0,0,0,0,0,0,0,0,0,0,0,0,0,0,0,0,0,0,0,0,0,0,0,0,0,0,0,0,0
STAT,(NULL),Conflicts,202,0,0,0,0,0,0,0,0,0,0,0,0,0,0,0,0,0,0,0,0,0,0,0,0,0,0,0,0,0,0,0,0,0,0,0,0,0,0,0,0,0,0,0,0,0,0,0,0,0,0,0,0,0,0,0,0,0,0,0,0,0,0,0,0,0,0,0,0,0,0,0,0,0,0,0,0,0,0,0,0,0,0,0,0,0,0,0,0,0,0,0,0,0,0,0,0,0,0,0,0,0,0,0,0,0,0,0,0,0,0,0,0,0,0,0,0,0,0,0,0,0,0,0,0,0,0,0,0,0,0,0,0,0,0,0,0,0,0,0,0,0,0,0,0,0,0,0,0,0,0,0,0,0,0,0,0,0,0,0,0,0,0,0,0,0,0,0,0,0,0,0,0,0,0,0,0,0,0,0,0,0,0,0,0,0,0,0,0,0,0,0,0,0,0,0,0,0,0,0,0,0,0,0
STAT,(NULL),Iterations,202,2047,11,5,15,12,6,3,13,9,10,6,14,15,13,8,10,12,1,5,9,5,15,23,14,21,9,16,6,7,14,4,15,9,10,17,16,10,16,11,7,16,12,14,12,7,7,7,9,15,6,10,4,17,7,8,16,12,6,8,14,9,11,6,8,9,9,3,10,5,8,14,19,12,13,10,11,13,12,2,8,7,13,6,8,14,17,8,13,4,4,9,15,25,8,8,6,9,11,5,10,7,12,10,5,10,2,8,13,7,18,5,11,6,16,8,12,8,15,4,14,13,12,18,9,5,16,11,9,10,7,13,15,9,9,8,7,3,10,8,8,12,19,10,15,16,16,9,7,12,13,2,16,6,19,13,0,13,16,8,10,9,8,17,5,11,11,7,10,6,5,6,3,13,6,9,9,5,16,11,7,14,19,13,17,13,9,6,8,10,8,8,13,9,1,7,10,8,8,9,14,6,8,11
STAT,(NULL),MeminfoPost,202,756796,3753,3736,3758,3761,3753,3746,3737,3756,3734,3753,3751,3760,3787,3779,3759,3732,3744,3738,3744,3758,3754,3756,3753,3752,3756,3732,3743,3737,3758,3756,3745,3737,3733,3744,3749,3734,3771,3749,3760,3744,3741,3750,3733,3757,3758,3754,3806,3771,3749,3735,3737,3743,3751,3747,3758,3760,3740,3767,3751,3728,3745,3739,3753,3765,3736,3743,3733,3745,3749,3754,3743,3747,3778,3753,3740,3752,3751,3755,3739,3756,3737,3743,3736,3745,3748,3726,3737,3746,3757,3756,3743,3734,3744,3741,3733,3728,3736,3748,3731,3766,3771,3757,3740,3736,3740,3750,3754,3733,3727,3727,3745,3747,3750,3755,3757,3760,3737,3744,3734,3753,3735,3739,3745,3727,3731,3731,3743,3726,3756,3736,3729,3759,3766,3775,3765,3757,3734,3738,3753,3744,3729,3725,3745,3747,3756,3754,3750,3746,3733,3747,3739,3742,3732,3733,3736,3730,3753,3732,3738,3767,3773,3771,3767,3744,3736,3742,3727,3741,3746,3763,3779,3760,3759,3771,3747,3733,3742,3749,3743,3746,3741,3729,3731,3738,3731,3727,3775,3730,3725,3733,3736,3732,3758,3724,3740,3743,3748,3747,3748,3747,3739,3746
STAT,(NULL),MeminfoPre,202,189176,943,926,948,951,943,936,927,946,924,943,941,950,977,969,949,922,934,928,934,948,944,946,943,942,946,922,933,927,948,946,935,927,923,934,939,924,961,939,950,934,931,940,923,947,948,944,996,961,939,925,927,933,941,937,948,950,930,957,941,918,935,929,943,955,926,933,923,935,939,944,933,937,968,943,930,942,941,945,929,946,927,933,926,935,938,916,927,936,947,946,933,924,934,931,923,918,926,938,921,956,961,947,930,926,930,940,944,923,917,917,935,937,940,945,947,950,927,934,924,943,925,929,935,917,921,921,933,916,946,926,919,949,956,965,955,947,924,928,943,934,919,915,935,937,946,944,940,936,923,937,929,932,922,923,926,920,943,922,928,957,963,961,957,934,926,932,917,931,936,953,969,950,949,961,937,923,932,939,933,936,931,919,921,928,921,917,965,920,915,923,926,922,948,914,930,933,938,937,938,937,929,936
STAT,(NULL),Partition,202,1174,1174,0,0,0,0,0,0,0,0,0,0,0,0,0,0,0,0,0,0,0,0,0,0,0,0,0,0,0,0,0,0,0,0,0,0,0,0,0,0,0,0,0,0,0,0,0,0,0,0,0,0,0,0,0,0,0,0,0,0,0,0,0,0,0,0,0,0,0,0,0,0,0,0,0,0,0,0,0,0,0,0,0,0,0,0,0,0,0,0,0,0,0,0,0,0,0,0,0,0,0,0,0,0,0,0,0,0,0,0,0,0,0,0,0,0,0,0,0,0,0,0,0,0,0,0,0,0,0,0,0,0,0,0,0,0,0,0,0,0,0,0,0,0,0,0,0,0,0,0,0,0,0,0,0,0,0,0,0,0,0,0,0,0,0,0,0,0,0,0,0,0,0,0,0,0,0,0,0,0,0,0,0,0,0,0,0,0,0,0,0,0,0,0,0,0,0,0,0,0,0,0,0
STAT,(NULL),Refine,202,1854,1854,0,0,0,0,0,0,0,0,0,0,0,0,0,0,0,0,0,0,0,0,0,0,0,0,0,0,0,0,0,0,0,0,0,0,0,0,0,0,0,0,0,0,0,0,0,0,0,0,0,0,0,0,0,0,0,0,0,0,0,0,0,0,0,0,0,0,0,0,0,0,0,0,0,0,0,0,0,0,0,0,0,0,0,0,0,0,0,0,0,0,0,0,0,0,0,0,0,0,0,0,0,0,0,0,0,0,0,0,0,0,0,0,0,0,0,0,0,0,0,0,0,0,0,0,0,0,0,0,0,0,0,0,0,0,0,0,0,0,0,0,0,0,0,0,0,0,0,0,0,0,0,0,0,0,0,0,0,0,0,0,0,0,0,0,0,0,0,0,0,0,0,0,0,0,0,0,0,0,0,0,0,0,0,0,0,0,0,0,0,0,0,0,0,0,0,0,0,0,0,0,0
STAT,(NULL),Threads,202,202,202,0,0,0,0,0,0,0,0,0,0,0,0,0,0,0,0,0,0,0,0,0,0,0,0,0,0,0,0,0,0,0,0,0,0,0,0,0,0,0,0,0,0,0,0,0,0,0,0,0,0,0,0,0,0,0,0,0,0,0,0,0,0,0,0,0,0,0,0,0,0,0,0,0,0,0,0,0,0,0,0,0,0,0,0,0,0,0,0,0,0,0,0,0,0,0,0,0,0,0,0,0,0,0,0,0,0,0,0,0,0,0,0,0,0,0,0,0,0,0,0,0,0,0,0,0,0,0,0,0,0,0,0,0,0,0,0,0,0,0,0,0,0,0,0,0,0,0,0,0,0,0,0,0,0,0,0,0,0,0,0,0,0,0,0,0,0,0,0,0,0,0,0,0,0,0,0,0,0,0,0,0,0,0,0,0,0,0,0,0,0,0,0,0,0,0,0,0,0,0,0,0
STAT,(NULL),Time,202,5929,5929,0,0,0,0,0,0,0,0,0,0,0,0,0,0,0,0,0,0,0,0,0,0,0,0,0,0,0,0,0,0,0,0,0,0,0,0,0,0,0,0,0,0,0,0,0,0,0,0,0,0,0,0,0,0,0,0,0,0,0,0,0,0,0,0,0,0,0,0,0,0,0,0,0,0,0,0,0,0,0,0,0,0,0,0,0,0,0,0,0,0,0,0,0,0,0,0,0,0,0,0,0,0,0,0,0,0,0,0,0,0,0,0,0,0,0,0,0,0,0,0,0,0,0,0,0,0,0,0,0,0,0,0,0,0,0,0,0,0,0,0,0,0,0,0,0,0,0,0,0,0,0,0,0,0,0,0,0,0,0,0,0,0,0,0,0,0,0,0,0,0,0,0,0,0,0,0,0,0,0,0,0,0,0,0,0,0,0,0,0,0,0,0,0,0,0,0,0,0,0,0,0
STAT,match,Conflicts,202,5728,38,47,42,46,41,38,43,50,36,43,37,44,41,45,47,42,38,44,40,44,42,34,47,35,46,35,38,40,36,37,44,31,31,41,39,28,40,25,34,39,38,32,35,31,33,24,32,35,33,36,33,28,35,46,35,35,36,34,37,38,25,18,19,24,34,23,24,23,21,17,25,21,16,22,25,31,21,29,24,25,24,28,24,34,19,30,22,27,27,25,26,28,24,26,26,31,35,21,31,22,26,24,16,22,24,20,22,20,22,27,26,27,22,25,31,20,25,29,21,26,25,26,26,20,25,25,22,27,21,28,29,26,24,26,17,30,18,24,25,28,30,29,23,22,25,22,26,23,20,26,22,24,26,20,26,31,19,24,20,23,21,21,19,22,28,20,24,22,22,26,25,32,22,26,27,16,19,32,25,29,25,29,29,22,23,23,32,27,28,24,22,22,28,18,20,22,22,21,23,28,17,26
STAT,match,Iterations,202,14992665,49732,53593,65741,61118,50909,90442,51111,58169,65688,69750,69506,54593,54144,52080,60148,68697,67699,45486,76010,77927,67462,64835,70602,57569,79255,75566,61884,55804,57252,77456,82205,70755,54737,76240,62609,78313,72454,71891,72230,74232,46030,76888,69416,69616,58777,56517,72934,66329,40238,61233,48090,79431,65074,77492,68216,51202,59938,61390,85220,54755,83073,53950,101419,72935,74405,70039,71768,55535,84431,89646,76094,69017,89290,59064,55335,82778,82870,66155,73775,78742,96840,88953,74124,94933,73315,67892,74219,98781,73069,81254,90369,102674,76548,74874,91879,87103,57062,82328,67764,91184,76147,65725,73386,77995,68661,81294,92348,72389,99190,75413,88520,69250,101239,73285,80864,82082,77941,72110,101155,70576,76750,52194,68798,90042,66608,87565,73456,67682,73400,75056,59472,74554,66007,66010,84639,80406,80894,87716,69835,70365,63563,78780,88286,80154,79780,88412,100589,96599,89639,73992,76772,76144,91208,93096,71374,96605,90069,78654,71801,82245,76189,78678,90469,84851,70062,69123,72537,68293,80581,64973,86788,76713,75181,71820,77894,94896,75001,59055,82944,67666,74582,83184,74598,71390,71860,63300,82427,65842,81837,76356,91977,53045,80903,70441,62128,93836,92086,72937,81137,74986,101993,79159
STAT,popedge,Conflicts,202,0,0,0,0,0,0,0,0,0,0,0,0,0,0,0,0,0,0,0,0,0,0,0,0,0,0,0,0,0,0,0,0,0,0,0,0,0,0,0,0,0,0,0,0,0,0,0,0,0,0,0,0,0,0,0,0,0,0,0,0,0,0,0,0,0,0,0,0,0,0,0,0,0,0,0,0,0,0,0,0,0,0,0,0,0,0,0,0,0,0,0,0,0,0,0,0,0,0,0,0,0,0,0,0,0,0,0,0,0,0,0,0,0,0,0,0,0,0,0,0,0,0,0,0,0,0,0,0,0,0,0,0,0,0,0,0,0,0,0,0,0,0,0,0,0,0,0,0,0,0,0,0,0,0,0,0,0,0,0,0,0,0,0,0,0,0,0,0,0,0,0,0,0,0,0,0,0,0,0,0,0,0,0,0,0,0,0,0,0,0,0,0,0,0,0,0,0,0,0,0,0,0,0
STAT,popedge,Iterations,202,7346320,32788,34807,31265,33930,32140,34242,33376,34109,32129,34841,31512,33629,31778,32651,32806,34634,33799,33681,31500,36754,37247,36873,39859,36572,37111,37448,40810,37601,37963,39371,38311,40414,36944,37766,37635,39200,36933,34932,37687,36393,37462,36967,38034,36072,37943,39180,37372,36149,40013,39744,40236,37771,38105,38938,37020,37212,38142,37036,37639,41154,37428,33142,34723,32162,32908,33680,34094,32663,33183,33638,32602,31966,34721,33449,32919,32338,31291,33612,32809,32099,39975,37310,37154,37436,35437,38627,39229,38543,38139,36184,36094,35607,38204,37094,37779,37575,37333,38019,38118,36785,36377,38513,36244,38159,37941,39475,39615,39371,37328,40769,37481,38549,39027,37630,38235,37681,37563,40740,38027,39074,40753,38831,34492,34768,33782,34470,33017,35910,33219,33780,33846,33766,34544,31180,35051,32668,34128,34131,34143,33242,34667,38960,38370,37508,37658,37197,37232,36410,37900,36989,39525,40568,39043,37776,37754,36582,38429,40504,36026,39162,39065,35861,38594,37370,36240,36022,37314,36692,38273,39249,39410,38791,38806,39203,39041,39300,38805,39507,40243,38641,40260,41149,40095,32584,37474,33933,34190,32299,35464,31820,34080,34964,35606,34140,31282,31386,32237,33808,34635,34394,34097,32517
STAT,refine,Conflicts,202,5842,79,79,70,79,62,68,69,62,66,67,59,63,67,60,70,48,48,60,54,48,54,50,50,56,48,50,47,49,37,42,42,39,24,45,29,35,39,46,32,38,38,39,36,28,43,32,40,43,29,36,41,42,33,37,33,43,29,31,31,37,36,20,24,34,23,12,20,11,23,18,24,18,22,19,19,17,24,23,17,24,20,23,24,26,27,18,30,23,25,15,17,23,16,12,28,25,26,24,27,22,31,30,17,24,19,25,19,21,18,23,21,24,27,16,30,16,23,14,18,20,14,10,18,20,24,20,15,27,18,19,14,21,29,18,13,21,22,20,19,30,27,18,22,31,18,20,23,18,20,22,13,31,17,20,16,24,18,27,20,25,18,22,27,24,19,21,18,20,21,27,26,24,21,17,21,18,17,23,15,22,19,19,17,18,19,23,28,17,26,21,21,27,21,16,24,17,20,26,7,14,16,17
STAT,refine,Iterations,202,430577,1558,1714,2484,2106,1824,2343,1285,2222,1626,2570,1676,2300,2261,2314,2094,1809,1885,1627,1661,2201,2686,2264,2756,1985,2604,2399,2712,1687,1905,2233,2284,2626,1511,1973,1684,2106,2036,1960,2473,2257,1961,2445,1993,1845,2321,2066,2357,2752,1450,2109,1717,2710,1830,2092,2280,1891,1701,1930,2260,1940,2056,1628,2141,2019,2156,1602,1771,1096,2255,1789,2339,1883,2862,2089,2357,1789,1983,2369,1727,2301,2422,2048,2588,3016,2236,2290,2728,2657,1620,2164,2446,2271,2396,1456,2256,2453,1958,2120,2310,2949,3015,2262,1730,2140,1776,2640,2785,1981,2574,1960,2280,2852,2890,2048,2141,1892,2040,2229,2140,2249,1575,1548,1510,2200,1907,2276,1352,2036,1679,2176,1134,2500,2303,2213,2466,2394,2296,1667,2202,1904,1875,2323,2323,2428,2688,2059,2630,2149,2555,2293,1539,2664,2332,2542,1755,2416,2457,2442,1741,2578,3084,2904,2736,2743,1681,1853,2030,2295,2104,3123,2073,2330,2092,2176,1926,1906,1785,1802,2185,1622,2178,1697,2018,1314,1822,1617,2223,1471,2199,1523,2291,1649,2901,1512,2356,2146,2610,1928,1866,2064,1993,2051
