Hello from MIC
Galois Benchmark Suite v2.2.0 (r0)
Copyright (C) 2013 The University of Texas at Austin
http://iss.ices.utexas.edu/galois/

application: GMetis
Partitions a graph into K parts and minimizing the graph cut
http://iss.ices.utexas.edu/?p=projects/galois/benchmarks/gMetis

INFO: CommandLine /work/02556/dpereira/MIC/apps/gmetis/gmetis -t=215 /work/02556/dpereira/Inputs/USA-road-d.W.gr 128
INFO: Hostname c558-003-mic0.stampede.tacc.utexas.edu
Created Graph with 6262104 nodes and 15248146 edges
Nodes 6262104| Edges 15248146 7624073

  Starting coarsening: 
Time coarsen:  3774 Size of final graph: 3173

  Sarting initial partitioning using GGGP:
Size in decade percentages:  -1,3 -0,122 1,3
Time clustering:  444

  Sarting refinnement with BKL2
Initial dist
Size in decade percentages:  -1,3 -0,122 1,3
Refined dist
Size in decade percentages:  -1,47 0,33 1,48
Time refinement:  2463


Time:  6856
Total edge cut : 8120

Part saved in : 0x7fff7eeffe60
STATTYPE,LOOP,CATEGORY,n,sum,T0,T1,T2,T3,T4,T5,T6,T7,T8,T9,T10,T11,T12,T13,T14,T15,T16,T17,T18,T19,T20,T21,T22,T23,T24,T25,T26,T27,T28,T29,T30,T31,T32,T33,T34,T35,T36,T37,T38,T39,T40,T41,T42,T43,T44,T45,T46,T47,T48,T49,T50,T51,T52,T53,T54,T55,T56,T57,T58,T59,T60,T61,T62,T63,T64,T65,T66,T67,T68,T69,T70,T71,T72,T73,T74,T75,T76,T77,T78,T79,T80,T81,T82,T83,T84,T85,T86,T87,T88,T89,T90,T91,T92,T93,T94,T95,T96,T97,T98,T99,T100,T101,T102,T103,T104,T105,T106,T107,T108,T109,T110,T111,T112,T113,T114,T115,T116,T117,T118,T119,T120,T121,T122,T123,T124,T125,T126,T127,T128,T129,T130,T131,T132,T133,T134,T135,T136,T137,T138,T139,T140,T141,T142,T143,T144,T145,T146,T147,T148,T149,T150,T151,T152,T153,T154,T155,T156,T157,T158,T159,T160,T161,T162,T163,T164,T165,T166,T167,T168,T169,T170,T171,T172,T173,T174,T175,T176,T177,T178,T179,T180,T181,T182,T183,T184,T185,T186,T187,T188,T189,T190,T191,T192,T193,T194,T195,T196,T197,T198,T199,T200,T201,T202,T203,T204,T205,T206,T207,T208,T209,T210,T211,T212,T213,T214
STAT,(NULL),Coarsen,215,3774,3774,0,0,0,0,0,0,0,0,0,0,0,0,0,0,0,0,0,0,0,0,0,0,0,0,0,0,0,0,0,0,0,0,0,0,0,0,0,0,0,0,0,0,0,0,0,0,0,0,0,0,0,0,0,0,0,0,0,0,0,0,0,0,0,0,0,0,0,0,0,0,0,0,0,0,0,0,0,0,0,0,0,0,0,0,0,0,0,0,0,0,0,0,0,0,0,0,0,0,0,0,0,0,0,0,0,0,0,0,0,0,0,0,0,0,0,0,0,0,0,0,0,0,0,0,0,0,0,0,0,0,0,0,0,0,0,0,0,0,0,0,0,0,0,0,0,0,0,0,0,0,0,0,0,0,0,0,0,0,0,0,0,0,0,0,0,0,0,0,0,0,0,0,0,0,0,0,0,0,0,0,0,0,0,0,0,0,0,0,0,0,0,0,0,0,0,0,0,0,0,0,0,0,0,0,0,0,0,0,0,0,0,0,0,0
STAT,(NULL),Conflicts,215,0,0,0,0,0,0,0,0,0,0,0,0,0,0,0,0,0,0,0,0,0,0,0,0,0,0,0,0,0,0,0,0,0,0,0,0,0,0,0,0,0,0,0,0,0,0,0,0,0,0,0,0,0,0,0,0,0,0,0,0,0,0,0,0,0,0,0,0,0,0,0,0,0,0,0,0,0,0,0,0,0,0,0,0,0,0,0,0,0,0,0,0,0,0,0,0,0,0,0,0,0,0,0,0,0,0,0,0,0,0,0,0,0,0,0,0,0,0,0,0,0,0,0,0,0,0,0,0,0,0,0,0,0,0,0,0,0,0,0,0,0,0,0,0,0,0,0,0,0,0,0,0,0,0,0,0,0,0,0,0,0,0,0,0,0,0,0,0,0,0,0,0,0,0,0,0,0,0,0,0,0,0,0,0,0,0,0,0,0,0,0,0,0,0,0,0,0,0,0,0,0,0,0,0,0,0,0,0,0,0,0,0,0,0,0,0
STAT,(NULL),Iterations,215,255,8,0,0,2,1,4,0,0,1,0,0,0,3,2,7,3,0,0,5,3,2,3,0,0,1,0,3,0,2,0,0,2,0,0,0,0,0,0,1,1,2,1,1,7,0,1,1,2,0,0,0,2,5,1,0,0,0,1,1,0,0,2,1,3,0,0,0,0,0,0,0,0,0,0,2,0,5,2,5,1,0,0,2,0,0,1,1,0,0,0,5,0,0,0,5,3,0,0,6,0,6,0,0,0,2,0,0,0,4,2,2,2,0,2,0,2,1,0,0,0,3,0,0,4,1,0,0,1,0,0,0,1,0,1,2,1,3,1,0,0,0,0,3,1,0,0,3,1,0,3,5,5,0,0,0,2,2,1,0,5,0,2,0,0,1,3,0,0,3,0,0,0,6,0,0,0,1,1,0,0,0,0,1,1,1,0,7,4,0,0,0,0,0,0,2,0,3,4,0,0,0,5,6,0,1,0,1,2,0,0,1,0,3,1,0
STAT,(NULL),MeminfoPost,215,757048,3527,3514,3524,3536,3526,3532,3517,3531,3508,3513,3525,3539,3524,3578,3543,3527,3509,3519,3516,3516,3527,3529,3532,3530,3526,3526,3525,3507,3515,3517,3530,3538,3513,3513,3510,3515,3526,3515,3525,3537,3526,3531,3517,3532,3508,3513,3525,3539,3523,3578,3544,3528,3510,3519,3515,3517,3526,3528,3532,3532,3527,3524,3525,3508,3515,3517,3529,3539,3513,3513,3511,3515,3520,3531,3520,3519,3533,3550,3522,3514,3528,3527,3527,3512,3532,3513,3517,3512,3513,3531,3506,3503,3519,3528,3528,3523,3519,3512,3517,3516,3507,3508,3511,3520,3510,3524,3544,3545,3519,3509,3514,3513,3532,3520,3510,3503,3503,3516,3523,3524,3531,3530,3531,3519,3520,3511,3513,3525,3511,3516,3519,3502,3509,3506,3517,3501,3534,3510,3507,3516,3534,3550,3542,3546,3518,3509,3514,3528,3519,3505,3501,3517,3522,3525,3531,3532,3513,3518,3512,3521,3515,3519,3503,3508,3512,3504,3527,3509,3510,3536,3546,3541,3547,3528,3517,3512,3513,3509,3515,3519,3541,3552,3535,3532,3546,3527,3509,3515,3532,3508,3516,3516,3522,3508,3499,3516,3506,3503,3549,3505,3502,3500,3522,3504,3504,3532,3514,3515,3513,3525,3522,3522,3524,3515,3516
STAT,(NULL),MeminfoPre,215,189233,886,873,883,895,885,891,876,890,867,872,884,898,883,937,902,886,868,878,875,875,886,888,891,889,885,885,884,866,874,876,889,897,872,872,869,874,885,874,884,896,885,890,876,891,867,872,884,898,882,937,903,887,869,878,874,876,885,887,891,891,886,883,884,867,874,876,888,898,872,872,870,874,879,890,879,878,892,909,881,873,887,886,886,871,891,872,876,871,872,890,865,862,878,887,887,882,878,871,876,875,866,867,870,879,869,883,903,904,878,868,873,872,891,879,869,862,862,875,882,883,890,889,890,878,879,870,872,884,870,875,878,861,868,865,876,860,893,869,866,875,893,909,901,905,877,868,873,887,878,864,860,876,881,884,890,891,872,877,871,880,874,878,862,867,871,863,886,868,869,895,905,900,906,887,876,871,872,868,874,878,900,911,894,891,905,886,868,874,891,867,875,875,881,867,858,875,865,862,908,864,861,859,881,863,863,891,873,874,872,884,881,881,883,874,875
STAT,(NULL),Partition,215,444,444,0,0,0,0,0,0,0,0,0,0,0,0,0,0,0,0,0,0,0,0,0,0,0,0,0,0,0,0,0,0,0,0,0,0,0,0,0,0,0,0,0,0,0,0,0,0,0,0,0,0,0,0,0,0,0,0,0,0,0,0,0,0,0,0,0,0,0,0,0,0,0,0,0,0,0,0,0,0,0,0,0,0,0,0,0,0,0,0,0,0,0,0,0,0,0,0,0,0,0,0,0,0,0,0,0,0,0,0,0,0,0,0,0,0,0,0,0,0,0,0,0,0,0,0,0,0,0,0,0,0,0,0,0,0,0,0,0,0,0,0,0,0,0,0,0,0,0,0,0,0,0,0,0,0,0,0,0,0,0,0,0,0,0,0,0,0,0,0,0,0,0,0,0,0,0,0,0,0,0,0,0,0,0,0,0,0,0,0,0,0,0,0,0,0,0,0,0,0,0,0,0,0,0,0,0,0,0,0,0,0,0,0,0,0
STAT,(NULL),Refine,215,2463,2463,0,0,0,0,0,0,0,0,0,0,0,0,0,0,0,0,0,0,0,0,0,0,0,0,0,0,0,0,0,0,0,0,0,0,0,0,0,0,0,0,0,0,0,0,0,0,0,0,0,0,0,0,0,0,0,0,0,0,0,0,0,0,0,0,0,0,0,0,0,0,0,0,0,0,0,0,0,0,0,0,0,0,0,0,0,0,0,0,0,0,0,0,0,0,0,0,0,0,0,0,0,0,0,0,0,0,0,0,0,0,0,0,0,0,0,0,0,0,0,0,0,0,0,0,0,0,0,0,0,0,0,0,0,0,0,0,0,0,0,0,0,0,0,0,0,0,0,0,0,0,0,0,0,0,0,0,0,0,0,0,0,0,0,0,0,0,0,0,0,0,0,0,0,0,0,0,0,0,0,0,0,0,0,0,0,0,0,0,0,0,0,0,0,0,0,0,0,0,0,0,0,0,0,0,0,0,0,0,0,0,0,0,0,0
STAT,(NULL),Threads,215,215,215,0,0,0,0,0,0,0,0,0,0,0,0,0,0,0,0,0,0,0,0,0,0,0,0,0,0,0,0,0,0,0,0,0,0,0,0,0,0,0,0,0,0,0,0,0,0,0,0,0,0,0,0,0,0,0,0,0,0,0,0,0,0,0,0,0,0,0,0,0,0,0,0,0,0,0,0,0,0,0,0,0,0,0,0,0,0,0,0,0,0,0,0,0,0,0,0,0,0,0,0,0,0,0,0,0,0,0,0,0,0,0,0,0,0,0,0,0,0,0,0,0,0,0,0,0,0,0,0,0,0,0,0,0,0,0,0,0,0,0,0,0,0,0,0,0,0,0,0,0,0,0,0,0,0,0,0,0,0,0,0,0,0,0,0,0,0,0,0,0,0,0,0,0,0,0,0,0,0,0,0,0,0,0,0,0,0,0,0,0,0,0,0,0,0,0,0,0,0,0,0,0,0,0,0,0,0,0,0,0,0,0,0,0,0
STAT,(NULL),Time,215,6856,6856,0,0,0,0,0,0,0,0,0,0,0,0,0,0,0,0,0,0,0,0,0,0,0,0,0,0,0,0,0,0,0,0,0,0,0,0,0,0,0,0,0,0,0,0,0,0,0,0,0,0,0,0,0,0,0,0,0,0,0,0,0,0,0,0,0,0,0,0,0,0,0,0,0,0,0,0,0,0,0,0,0,0,0,0,0,0,0,0,0,0,0,0,0,0,0,0,0,0,0,0,0,0,0,0,0,0,0,0,0,0,0,0,0,0,0,0,0,0,0,0,0,0,0,0,0,0,0,0,0,0,0,0,0,0,0,0,0,0,0,0,0,0,0,0,0,0,0,0,0,0,0,0,0,0,0,0,0,0,0,0,0,0,0,0,0,0,0,0,0,0,0,0,0,0,0,0,0,0,0,0,0,0,0,0,0,0,0,0,0,0,0,0,0,0,0,0,0,0,0,0,0,0,0,0,0,0,0,0,0,0,0,0,0,0
STAT,match,Conflicts,215,6557,49,43,50,40,49,40,46,45,50,38,44,40,39,41,48,41,51,51,52,40,38,46,38,41,41,38,40,39,36,43,46,36,34,33,32,31,36,36,30,30,35,32,32,36,34,27,33,32,40,39,35,37,27,41,42,32,41,38,35,34,37,31,25,28,27,25,36,29,24,32,23,25,20,30,25,26,33,29,31,33,24,25,41,25,26,24,24,26,24,23,24,34,28,27,26,30,23,28,25,22,21,30,26,24,34,25,27,28,35,27,35,25,28,26,25,32,22,25,27,26,24,27,27,24,27,23,31,25,30,23,22,37,22,24,23,30,24,26,30,25,28,24,38,36,24,26,22,27,31,28,27,26,29,26,24,27,28,32,19,31,26,28,31,32,26,32,24,34,22,30,29,31,26,23,24,29,27,29,29,28,34,22,28,22,21,22,27,34,24,27,25,30,35,35,28,25,31,29,23,28,29,26,26,26,26,28,22,27,25,23,23,19,27,26,28
STAT,match,Iterations,215,15064545,57246,47781,49113,49596,41887,59856,55127,58909,41368,51056,61294,66383,61410,47803,56343,53642,48366,39280,66452,43047,40100,55257,50397,59048,67823,57259,47021,72288,52810,63451,57827,51255,60810,62942,78188,63639,55963,65400,49909,68240,72118,64175,79772,62293,78978,56859,58360,86829,68340,48732,69485,56593,92763,77642,66626,65591,66610,51584,50151,61579,65035,56819,97892,64420,68694,75937,70246,61412,64208,74669,60787,75727,90796,51203,59103,76749,70612,73219,82684,79647,67410,71669,72954,69268,61284,65436,65745,85649,73037,74198,62262,70745,69209,86597,74161,77527,86298,67906,90235,74185,81116,75328,72905,79174,70713,75451,85696,72227,54357,64067,74628,80643,58134,80660,85751,74375,68420,92662,75792,103090,63567,81914,63091,73015,70510,81630,83800,70052,72123,77407,82205,77729,89297,84244,83017,70148,80961,61623,86937,69716,88851,66535,68485,81950,79512,71604,85630,67789,64650,84919,73357,74252,65558,83286,71821,77014,75689,83367,87938,78087,72561,85538,64008,69552,63555,59441,66223,80763,98071,81348,76813,64895,67721,90537,92843,74705,73479,76580,73478,61866,62585,77631,84611,81142,76563,68941,75155,68570,78237,72607,75493,81695,82120,68941,53967,56572,61214,86843,70644,87343,48258,82565,63511,60370,70922,68666,62608,80788,77715,84562,65626,77432,83367,76480,62055
STAT,popedge,Conflicts,215,0,0,0,0,0,0,0,0,0,0,0,0,0,0,0,0,0,0,0,0,0,0,0,0,0,0,0,0,0,0,0,0,0,0,0,0,0,0,0,0,0,0,0,0,0,0,0,0,0,0,0,0,0,0,0,0,0,0,0,0,0,0,0,0,0,0,0,0,0,0,0,0,0,0,0,0,0,0,0,0,0,0,0,0,0,0,0,0,0,0,0,0,0,0,0,0,0,0,0,0,0,0,0,0,0,0,0,0,0,0,0,0,0,0,0,0,0,0,0,0,0,0,0,0,0,0,0,0,0,0,0,0,0,0,0,0,0,0,0,0,0,0,0,0,0,0,0,0,0,0,0,0,0,0,0,0,0,0,0,0,0,0,0,0,0,0,0,0,0,0,0,0,0,0,0,0,0,0,0,0,0,0,0,0,0,0,0,0,0,0,0,0,0,0,0,0,0,0,0,0,0,0,0,0,0,0,0,0,0,0,0,0,0,0,0,0
STAT,popedge,Iterations,215,7382437,31997,32777,33289,31398,31726,32841,32753,32807,33392,32047,33675,32465,31010,30566,32222,31846,35991,32852,33511,31776,34133,34583,31916,31699,33084,33728,32361,32112,32918,32480,33294,32584,37455,37001,38669,37641,36570,36996,36347,38458,35647,36690,35767,37289,36286,36871,36366,35500,37862,35064,35826,35496,37530,36444,37345,36383,37130,38973,37511,37321,37250,31531,29829,33316,32117,33287,31818,32211,32561,32009,31986,33801,32422,30827,31059,32905,30826,33243,32469,32756,32022,32415,31982,32134,33570,32652,31181,33218,32097,33813,33206,34328,32585,35141,35094,38027,34796,37814,35671,36312,33999,36358,35768,34699,38851,34674,35339,34215,35976,38238,36043,33318,36648,39619,35471,36545,36594,38493,35497,39188,37940,35258,32374,31477,31161,30987,33329,30180,33846,32067,32563,32520,33585,33470,31531,32660,35908,30731,34906,32452,34082,32459,32307,33359,33086,32884,33861,31845,33394,33695,32263,32014,33103,31876,37003,33818,37113,35318,36665,36691,39594,37354,37079,37725,38578,38471,35442,36986,40498,37080,36713,36618,35351,35794,41258,37277,36371,38694,36613,37968,36808,36687,36763,33502,33010,31958,32509,34056,32066,31992,33125,32042,32304,32321,34584,32852,31673,32618,31274,32597,34086,32873,30926,34957,31567,32457,34897,32469,32365,34447,33147,33866,34704,35077,32528
STAT,refine,Conflicts,215,6732,108,104,98,91,93,111,90,83,78,72,92,89,81,83,86,56,60,60,67,57,55,72,73,65,66,54,61,53,57,63,43,43,50,30,52,47,40,39,49,38,34,48,34,49,37,37,34,51,41,53,45,31,40,35,38,42,40,30,39,37,33,20,25,30,16,16,13,20,19,18,15,27,22,31,23,25,22,18,14,28,16,23,25,22,21,20,17,20,12,18,17,12,24,21,23,20,27,20,17,22,30,21,22,20,28,18,29,20,25,27,22,21,17,26,18,28,14,29,23,18,18,16,19,19,22,24,20,21,29,20,26,20,27,20,15,22,27,15,25,18,27,22,21,19,12,22,18,18,30,22,17,25,18,21,24,17,28,28,16,25,30,29,18,26,14,22,17,22,13,23,15,21,17,15,23,22,20,24,21,14,24,23,18,23,25,16,14,22,23,22,15,13,24,19,18,25,22,16,19,22,19,26,12,19,21,14,17,15,19,22,15,17,22,17,23
STAT,refine,Iterations,215,137801,716,594,875,682,529,719,634,676,771,620,636,673,745,798,698,620,760,429,926,523,593,766,724,540,751,600,652,515,529,595,609,624,622,457,664,705,589,432,736,502,637,765,541,683,691,582,571,743,735,788,688,578,611,562,704,535,729,505,651,960,613,543,662,556,604,561,671,670,420,572,563,624,691,580,434,812,569,655,527,755,607,735,773,674,585,516,572,636,432,476,562,496,751,745,589,748,858,563,407,667,617,748,785,591,702,503,942,520,817,821,825,677,550,836,468,827,431,750,695,993,656,731,704,517,594,664,624,536,570,495,761,675,651,479,725,525,699,495,789,427,824,636,576,623,575,687,704,612,666,504,395,603,721,876,717,565,801,717,700,467,630,815,375,759,712,556,579,867,460,852,821,805,591,695,987,598,605,710,734,604,679,993,624,739,534,416,459,611,535,561,467,550,644,567,560,578,499,591,609,792,424,857,456,714,623,526,426,656,576,944,320,482,692,696,700
