Hello from MIC
Galois Benchmark Suite v2.2.0 (r0)
Copyright (C) 2013 The University of Texas at Austin
http://iss.ices.utexas.edu/galois/

application: GMetis
Partitions a graph into K parts and minimizing the graph cut
http://iss.ices.utexas.edu/?p=projects/galois/benchmarks/gMetis

INFO: CommandLine /work/02556/dpereira/MIC/apps/gmetis/gmetis -t=88 /work/02556/dpereira/Inputs/USA-road-d.W.gr 128
INFO: Hostname c557-903-mic0.stampede.tacc.utexas.edu
Created Graph with 6262104 nodes and 15248146 edges
Nodes 6262104| Edges 15248146 7624073

  Starting coarsening: 
Time coarsen:  2249 Size of final graph: 3074

  Sarting initial partitioning using GGGP:
Size in decade percentages:  -1,3 -0,116 1,9
Time clustering:  406

  Sarting refinnement with BKL2
Initial dist
Size in decade percentages:  -1,3 -0,116 1,9
Refined dist
Size in decade percentages:  -1,47 -0,34 1,47
Time refinement:  938


Time:  3769
Total edge cut : 8383

Part saved in : 0x7fff857e33e0
STATTYPE,LOOP,CATEGORY,n,sum,T0,T1,T2,T3,T4,T5,T6,T7,T8,T9,T10,T11,T12,T13,T14,T15,T16,T17,T18,T19,T20,T21,T22,T23,T24,T25,T26,T27,T28,T29,T30,T31,T32,T33,T34,T35,T36,T37,T38,T39,T40,T41,T42,T43,T44,T45,T46,T47,T48,T49,T50,T51,T52,T53,T54,T55,T56,T57,T58,T59,T60,T61,T62,T63,T64,T65,T66,T67,T68,T69,T70,T71,T72,T73,T74,T75,T76,T77,T78,T79,T80,T81,T82,T83,T84,T85,T86,T87
STAT,(NULL),Coarsen,88,2249,2249,0,0,0,0,0,0,0,0,0,0,0,0,0,0,0,0,0,0,0,0,0,0,0,0,0,0,0,0,0,0,0,0,0,0,0,0,0,0,0,0,0,0,0,0,0,0,0,0,0,0,0,0,0,0,0,0,0,0,0,0,0,0,0,0,0,0,0,0,0,0,0,0,0,0,0,0,0,0,0,0,0,0,0,0,0,0,0
STAT,(NULL),Conflicts,88,0,0,0,0,0,0,0,0,0,0,0,0,0,0,0,0,0,0,0,0,0,0,0,0,0,0,0,0,0,0,0,0,0,0,0,0,0,0,0,0,0,0,0,0,0,0,0,0,0,0,0,0,0,0,0,0,0,0,0,0,0,0,0,0,0,0,0,0,0,0,0,0,0,0,0,0,0,0,0,0,0,0,0,0,0,0,0,0,0
STAT,(NULL),Iterations,88,255,8,3,2,4,3,1,1,3,2,2,0,0,2,1,3,0,2,9,3,4,4,3,4,2,1,1,7,5,5,6,5,0,2,0,3,2,7,1,0,5,3,1,3,5,7,4,3,8,8,3,3,2,2,3,0,5,4,4,2,3,3,4,6,0,2,0,7,2,1,3,2,3,5,0,3,0,0,7,6,0,2,1,2,3,2,2,0,0
STAT,(NULL),MeminfoPost,88,756542,8593,8623,8600,8583,8622,8678,8591,8582,8616,8616,8610,8574,8605,8598,8587,8593,8624,8606,8587,8611,8685,8582,8586,8610,8625,8592,8584,8616,8579,8592,8603,8639,8589,8609,8598,8581,8593,8566,8613,8587,8587,8567,8576,8635,8595,8580,8602,8554,8599,8621,8599,8580,8591,8575,8560,8593,8565,8636,8645,8581,8597,8555,8606,8610,8583,8587,8570,8566,8582,8637,8649,8583,8569,8611,8647,8639,8576,8592,8589,8555,8560,8605,8578,8570,8572,8595,8602,8588
STAT,(NULL),MeminfoPre,88,189118,2145,2175,2152,2135,2174,2230,2143,2134,2168,2168,2162,2126,2157,2150,2139,2145,2176,2158,2139,2163,2237,2134,2138,2162,2177,2144,2136,2168,2131,2144,2155,2191,2141,2161,2150,2133,2145,2118,2165,2139,2139,2119,2128,2187,2147,2132,2154,2106,2151,2173,2151,2132,2143,2127,2112,2145,2117,2188,2197,2133,2149,2107,2158,2162,2135,2139,2122,2118,2134,2189,2201,2135,2121,2163,2199,2191,2128,2144,2141,2107,2112,2157,2130,2122,2124,2147,2154,2140
STAT,(NULL),Partition,88,406,406,0,0,0,0,0,0,0,0,0,0,0,0,0,0,0,0,0,0,0,0,0,0,0,0,0,0,0,0,0,0,0,0,0,0,0,0,0,0,0,0,0,0,0,0,0,0,0,0,0,0,0,0,0,0,0,0,0,0,0,0,0,0,0,0,0,0,0,0,0,0,0,0,0,0,0,0,0,0,0,0,0,0,0,0,0,0,0
STAT,(NULL),Refine,88,938,938,0,0,0,0,0,0,0,0,0,0,0,0,0,0,0,0,0,0,0,0,0,0,0,0,0,0,0,0,0,0,0,0,0,0,0,0,0,0,0,0,0,0,0,0,0,0,0,0,0,0,0,0,0,0,0,0,0,0,0,0,0,0,0,0,0,0,0,0,0,0,0,0,0,0,0,0,0,0,0,0,0,0,0,0,0,0,0
STAT,(NULL),Threads,88,88,88,0,0,0,0,0,0,0,0,0,0,0,0,0,0,0,0,0,0,0,0,0,0,0,0,0,0,0,0,0,0,0,0,0,0,0,0,0,0,0,0,0,0,0,0,0,0,0,0,0,0,0,0,0,0,0,0,0,0,0,0,0,0,0,0,0,0,0,0,0,0,0,0,0,0,0,0,0,0,0,0,0,0,0,0,0,0,0
STAT,(NULL),Time,88,3769,3769,0,0,0,0,0,0,0,0,0,0,0,0,0,0,0,0,0,0,0,0,0,0,0,0,0,0,0,0,0,0,0,0,0,0,0,0,0,0,0,0,0,0,0,0,0,0,0,0,0,0,0,0,0,0,0,0,0,0,0,0,0,0,0,0,0,0,0,0,0,0,0,0,0,0,0,0,0,0,0,0,0,0,0,0,0,0,0
STAT,match,Conflicts,88,5856,133,118,107,109,97,89,102,87,92,86,69,85,107,116,104,64,66,98,113,93,70,98,70,68,66,133,60,63,54,60,49,39,44,38,38,50,51,62,50,56,49,51,48,54,52,44,58,70,46,46,48,73,52,55,61,48,59,54,50,64,58,63,42,55,45,57,42,61,56,58,61,40,54,63,79,75,57,34,67,76,43,50,88,54,58,39,104,41
STAT,match,Iterations,88,14988731,146294,128262,149564,157561,129577,157533,143239,161230,148574,159862,145976,153128,150338,134556,146541,157563,159193,162967,159870,140962,150734,148929,159278,150149,150528,145443,165392,179713,194233,171963,161518,173604,180155,195391,185285,186392,181222,183344,174739,184926,187783,185461,168377,164841,188280,193309,180381,194104,169062,174314,180226,181407,172259,179701,193775,185298,216346,159428,178505,191463,179977,175784,181628,160656,201938,157647,173619,183402,174649,172398,172181,171777,179248,181635,161582,176275,177940,186147,179148,179256,173525,158146,181134,186423,182157,174288,169720,176403
STAT,popedge,Conflicts,88,0,0,0,0,0,0,0,0,0,0,0,0,0,0,0,0,0,0,0,0,0,0,0,0,0,0,0,0,0,0,0,0,0,0,0,0,0,0,0,0,0,0,0,0,0,0,0,0,0,0,0,0,0,0,0,0,0,0,0,0,0,0,0,0,0,0,0,0,0,0,0,0,0,0,0,0,0,0,0,0,0,0,0,0,0,0,0,0,0
STAT,popedge,Iterations,88,7346095,77939,79108,78541,78784,78967,76548,78826,79175,76509,73302,76591,77431,78439,85045,83629,80281,80492,81997,84674,82172,71635,86416,81311,80542,77272,85137,81260,90770,88449,86185,82843,84910,85079,85860,84257,84902,87270,90125,87036,85102,86079,88674,89051,84579,88893,93607,95213,95033,92603,89222,92224,94565,94409,93849,91380,90296,90794,91612,85529,91431,89526,77077,76855,78464,77256,78382,78807,75987,79590,74662,75171,74240,76950,78332,82418,85548,82047,82045,79442,83833,86897,73060,86590,82244,82236,83539,83943,87100
STAT,refine,Conflicts,88,4158,135,120,121,109,99,107,92,93,83,80,89,81,69,72,70,61,55,66,53,52,53,73,64,60,52,38,58,49,55,51,45,53,44,46,47,36,28,34,23,33,39,36,30,44,42,34,35,28,26,25,32,20,39,42,34,42,53,42,43,33,51,24,34,19,38,25,40,18,32,24,32,21,32,28,21,20,22,33,24,29,23,25,37,21,33,30,22,32
STAT,refine,Iterations,88,137615,1359,1728,1430,1296,1603,2094,1616,1684,1621,1903,1597,1294,1743,1497,1369,1208,1381,1198,1275,1529,1758,1206,1560,1529,1410,1394,1172,1934,1327,1454,1411,2136,1845,1745,1437,1441,1549,1454,1663,1273,1549,1523,1129,1930,2040,1741,1734,1358,1871,1515,1634,1544,1579,1814,1732,1633,1755,1977,2271,2168,1757,1149,1736,1447,1273,1312,1773,1594,1532,1766,1958,1310,1608,1852,1946,1354,1207,1448,1100,1483,1264,1511,1216,1419,1569,1498,1472,1441
