Hello from MIC
Galois Benchmark Suite v2.2.0 (r0)
Copyright (C) 2013 The University of Texas at Austin
http://iss.ices.utexas.edu/galois/

application: GMetis
Partitions a graph into K parts and minimizing the graph cut
http://iss.ices.utexas.edu/?p=projects/galois/benchmarks/gMetis

INFO: CommandLine /work/02556/dpereira/MIC/apps/gmetis/gmetis -t=135 /work/02556/dpereira/Inputs/USA-road-d.W.gr 128
INFO: Hostname c558-001-mic0.stampede.tacc.utexas.edu
Created Graph with 6262104 nodes and 15248146 edges
Nodes 6262104| Edges 15248146 7624073

  Starting coarsening: 
Time coarsen:  2454 Size of final graph: 3111

  Sarting initial partitioning using GGGP:
Size in decade percentages:  -1,4 -0,120 1,4
Time clustering:  425

  Sarting refinnement with BKL2
Initial dist
Size in decade percentages:  -1,4 -0,120 1,4
Refined dist
Size in decade percentages:  -1,49 0,33 1,46
Time refinement:  1331


Time:  4387
Total edge cut : 8384

Part saved in : 0x7fff4580dbe0
STATTYPE,LOOP,CATEGORY,n,sum,T0,T1,T2,T3,T4,T5,T6,T7,T8,T9,T10,T11,T12,T13,T14,T15,T16,T17,T18,T19,T20,T21,T22,T23,T24,T25,T26,T27,T28,T29,T30,T31,T32,T33,T34,T35,T36,T37,T38,T39,T40,T41,T42,T43,T44,T45,T46,T47,T48,T49,T50,T51,T52,T53,T54,T55,T56,T57,T58,T59,T60,T61,T62,T63,T64,T65,T66,T67,T68,T69,T70,T71,T72,T73,T74,T75,T76,T77,T78,T79,T80,T81,T82,T83,T84,T85,T86,T87,T88,T89,T90,T91,T92,T93,T94,T95,T96,T97,T98,T99,T100,T101,T102,T103,T104,T105,T106,T107,T108,T109,T110,T111,T112,T113,T114,T115,T116,T117,T118,T119,T120,T121,T122,T123,T124,T125,T126,T127,T128,T129,T130,T131,T132,T133,T134
STAT,(NULL),Coarsen,135,2454,2454,0,0,0,0,0,0,0,0,0,0,0,0,0,0,0,0,0,0,0,0,0,0,0,0,0,0,0,0,0,0,0,0,0,0,0,0,0,0,0,0,0,0,0,0,0,0,0,0,0,0,0,0,0,0,0,0,0,0,0,0,0,0,0,0,0,0,0,0,0,0,0,0,0,0,0,0,0,0,0,0,0,0,0,0,0,0,0,0,0,0,0,0,0,0,0,0,0,0,0,0,0,0,0,0,0,0,0,0,0,0,0,0,0,0,0,0,0,0,0,0,0,0,0,0,0,0,0,0,0,0,0,0,0,0
STAT,(NULL),Conflicts,135,0,0,0,0,0,0,0,0,0,0,0,0,0,0,0,0,0,0,0,0,0,0,0,0,0,0,0,0,0,0,0,0,0,0,0,0,0,0,0,0,0,0,0,0,0,0,0,0,0,0,0,0,0,0,0,0,0,0,0,0,0,0,0,0,0,0,0,0,0,0,0,0,0,0,0,0,0,0,0,0,0,0,0,0,0,0,0,0,0,0,0,0,0,0,0,0,0,0,0,0,0,0,0,0,0,0,0,0,0,0,0,0,0,0,0,0,0,0,0,0,0,0,0,0,0,0,0,0,0,0,0,0,0,0,0,0
STAT,(NULL),Iterations,135,255,8,0,2,0,1,0,0,4,0,2,0,0,3,0,0,0,1,0,1,2,4,4,3,2,9,2,2,3,6,0,0,1,0,0,0,0,0,0,3,4,0,1,3,2,1,2,0,3,1,0,3,2,0,0,0,5,5,1,0,2,2,5,0,1,2,4,0,0,2,0,3,6,1,4,0,0,2,3,0,4,4,3,3,6,4,1,4,5,4,7,1,3,2,1,3,0,1,1,0,1,0,6,6,1,1,0,0,2,0,0,2,3,0,4,1,2,3,2,0,7,4,4,3,2,3,3,0,2,1,0,0,0,0,2,0
STAT,(NULL),MeminfoPost,135,756527,5610,5605,5616,5614,5611,5584,5608,5624,5672,5622,5590,5593,5606,5617,5627,5601,5610,5591,5593,5617,5604,5590,5606,5589,5624,5624,5600,5603,5601,5612,5634,5661,5603,5597,5592,5616,5616,5616,5613,5595,5595,5612,5613,5593,5592,5602,5613,5600,5643,5601,5608,5617,5595,5603,5593,5591,5605,5578,5610,5617,5597,5595,5595,5581,5584,5597,5628,5628,5593,5592,5614,5599,5573,5582,5610,5615,5617,5606,5598,5600,5589,5597,5582,5584,5590,5604,5584,5593,5643,5630,5624,5587,5610,5588,5574,5604,5611,5623,5599,5594,5592,5593,5579,5588,5600,5580,5633,5636,5640,5596,5591,5581,5602,5638,5634,5630,5615,5588,5604,5600,5599,5581,5586,5588,5611,5577,5581,5579,5612,5582,5595,5604,5607,5600,5603
STAT,(NULL),MeminfoPre,135,189122,1407,1402,1413,1411,1408,1381,1405,1421,1469,1419,1387,1390,1403,1414,1424,1398,1407,1388,1390,1414,1401,1387,1403,1386,1421,1421,1397,1400,1398,1409,1431,1458,1400,1394,1389,1413,1413,1413,1410,1392,1392,1409,1410,1390,1389,1399,1410,1397,1440,1398,1405,1414,1392,1400,1390,1388,1402,1375,1407,1414,1394,1392,1392,1378,1381,1394,1425,1425,1390,1389,1411,1396,1370,1379,1407,1412,1414,1403,1395,1397,1386,1394,1379,1381,1387,1401,1381,1390,1440,1427,1421,1384,1407,1385,1371,1401,1408,1420,1396,1391,1389,1390,1376,1385,1397,1377,1430,1433,1437,1393,1388,1378,1399,1435,1431,1427,1412,1385,1401,1397,1396,1378,1383,1385,1408,1374,1378,1376,1409,1379,1392,1401,1404,1397,1400
STAT,(NULL),Partition,135,425,425,0,0,0,0,0,0,0,0,0,0,0,0,0,0,0,0,0,0,0,0,0,0,0,0,0,0,0,0,0,0,0,0,0,0,0,0,0,0,0,0,0,0,0,0,0,0,0,0,0,0,0,0,0,0,0,0,0,0,0,0,0,0,0,0,0,0,0,0,0,0,0,0,0,0,0,0,0,0,0,0,0,0,0,0,0,0,0,0,0,0,0,0,0,0,0,0,0,0,0,0,0,0,0,0,0,0,0,0,0,0,0,0,0,0,0,0,0,0,0,0,0,0,0,0,0,0,0,0,0,0,0,0,0,0
STAT,(NULL),Refine,135,1331,1331,0,0,0,0,0,0,0,0,0,0,0,0,0,0,0,0,0,0,0,0,0,0,0,0,0,0,0,0,0,0,0,0,0,0,0,0,0,0,0,0,0,0,0,0,0,0,0,0,0,0,0,0,0,0,0,0,0,0,0,0,0,0,0,0,0,0,0,0,0,0,0,0,0,0,0,0,0,0,0,0,0,0,0,0,0,0,0,0,0,0,0,0,0,0,0,0,0,0,0,0,0,0,0,0,0,0,0,0,0,0,0,0,0,0,0,0,0,0,0,0,0,0,0,0,0,0,0,0,0,0,0,0,0,0
STAT,(NULL),Threads,135,135,135,0,0,0,0,0,0,0,0,0,0,0,0,0,0,0,0,0,0,0,0,0,0,0,0,0,0,0,0,0,0,0,0,0,0,0,0,0,0,0,0,0,0,0,0,0,0,0,0,0,0,0,0,0,0,0,0,0,0,0,0,0,0,0,0,0,0,0,0,0,0,0,0,0,0,0,0,0,0,0,0,0,0,0,0,0,0,0,0,0,0,0,0,0,0,0,0,0,0,0,0,0,0,0,0,0,0,0,0,0,0,0,0,0,0,0,0,0,0,0,0,0,0,0,0,0,0,0,0,0,0,0,0,0,0
STAT,(NULL),Time,135,4387,4387,0,0,0,0,0,0,0,0,0,0,0,0,0,0,0,0,0,0,0,0,0,0,0,0,0,0,0,0,0,0,0,0,0,0,0,0,0,0,0,0,0,0,0,0,0,0,0,0,0,0,0,0,0,0,0,0,0,0,0,0,0,0,0,0,0,0,0,0,0,0,0,0,0,0,0,0,0,0,0,0,0,0,0,0,0,0,0,0,0,0,0,0,0,0,0,0,0,0,0,0,0,0,0,0,0,0,0,0,0,0,0,0,0,0,0,0,0,0,0,0,0,0,0,0,0,0,0,0,0,0,0,0,0,0
STAT,match,Conflicts,135,6756,91,71,83,74,75,88,74,83,73,57,67,79,73,88,64,66,56,60,58,56,64,70,79,55,57,58,59,65,62,59,68,61,59,52,57,45,48,52,49,55,50,49,53,47,52,38,50,40,53,57,45,42,56,53,57,45,64,52,41,71,58,51,40,44,42,47,35,48,38,42,35,45,38,35,47,45,37,25,39,42,35,35,56,48,39,36,39,46,36,34,34,43,43,41,39,48,37,34,42,42,50,41,43,46,36,34,30,44,33,43,44,35,39,35,43,46,42,55,50,43,53,46,52,42,45,49,41,32,43,45,45,33,48,43,42
STAT,match,Iterations,135,15005564,78478,73442,79679,88300,87898,73782,79457,82372,73499,87188,91801,88676,88363,99295,105171,93418,105812,110649,110364,121151,112494,105844,93757,104694,112800,95464,101024,100515,109140,113256,108984,81821,97018,122123,114218,129939,115174,121146,118311,100717,112507,117805,117641,114388,95230,116026,96622,106096,103355,120865,113925,105601,90111,120346,105492,109359,105996,119240,117941,111594,112359,84494,98167,105892,97571,105209,109249,87036,123800,119354,111952,109012,112871,124009,110795,148872,121708,145634,129951,127573,134361,122196,107360,142197,129854,120109,130869,109320,132402,122806,124093,139216,111933,117062,122314,135378,119937,120586,126442,121903,116157,126525,114856,126567,133576,131140,128150,103769,122388,98613,129694,131461,119361,132467,111364,123061,106657,122706,119748,109850,130842,134526,101955,93273,92382,106002,121147,123420,98052,96278,101573,111272,119130,103156,111226
STAT,popedge,Conflicts,135,0,0,0,0,0,0,0,0,0,0,0,0,0,0,0,0,0,0,0,0,0,0,0,0,0,0,0,0,0,0,0,0,0,0,0,0,0,0,0,0,0,0,0,0,0,0,0,0,0,0,0,0,0,0,0,0,0,0,0,0,0,0,0,0,0,0,0,0,0,0,0,0,0,0,0,0,0,0,0,0,0,0,0,0,0,0,0,0,0,0,0,0,0,0,0,0,0,0,0,0,0,0,0,0,0,0,0,0,0,0,0,0,0,0,0,0,0,0,0,0,0,0,0,0,0,0,0,0,0,0,0,0,0,0,0,0
STAT,popedge,Iterations,135,7352354,48219,48813,48716,50056,51169,49668,49277,51019,49681,49446,49755,50469,51177,56450,56780,57620,56842,60889,58367,57549,58803,60098,58331,58747,54556,57891,59093,56604,56168,56914,55636,50515,56569,57451,57775,54947,57219,53642,55550,58469,57837,54475,56245,55755,59561,52243,54716,51805,52345,52267,53116,52096,56304,53177,58915,55955,60279,57541,55171,58630,54469,48970,46346,47159,48661,49157,47423,48825,47644,49007,48238,51571,50353,47379,58013,56417,53478,56382,57565,57635,57534,58674,58838,57081,60778,56749,56022,58465,55156,56061,57195,56367,47814,57193,61246,55874,57181,56228,54173,56960,58343,56506,56625,55203,54020,57013,55442,54275,53574,54941,54253,55209,57498,57930,61088,55794,57857,58631,57689,61640,57714,56339,49430,51002,48321,48043,49396,47938,50181,52705,52632,50160,49817,50604,48887
STAT,refine,Conflicts,135,5313,125,112,109,105,99,92,95,91,89,83,80,75,77,71,75,78,72,48,62,67,63,56,46,65,56,61,66,61,55,63,55,49,42,37,33,34,43,33,51,48,43,38,52,35,32,49,38,43,42,40,50,35,47,44,39,25,44,40,40,39,41,19,14,22,23,23,24,22,29,25,19,28,25,21,22,20,24,41,22,19,24,25,20,18,24,18,25,28,23,26,23,23,27,29,18,18,23,24,23,23,33,30,29,28,24,15,33,17,28,25,20,29,18,34,27,28,15,29,27,18,23,24,22,18,18,19,21,21,26,20,18,26,22,31,15
STAT,refine,Iterations,135,139153,883,879,1014,966,848,828,966,1206,1224,1175,1029,990,780,831,1023,751,1337,1175,1326,1313,911,1204,749,1204,1035,837,1037,788,1041,1470,1237,1322,986,1100,1136,1224,857,753,933,1048,993,1066,1064,1011,1011,1091,1146,1080,1307,1201,1015,803,1304,1140,1185,867,934,799,827,886,912,926,503,829,863,687,825,1090,1076,1269,1263,991,809,747,963,1108,833,1462,1158,1077,1333,970,887,981,1280,1114,797,950,1099,1304,1558,1352,1346,1137,863,1145,922,957,969,793,1068,967,1001,994,1142,953,1255,1156,1088,984,1239,1196,1203,1509,1252,1210,996,987,964,752,960,822,934,603,987,790,719,666,1094,886,1174,1408,1146,1031,723
