Hello from MIC
Galois Benchmark Suite v2.2.0 (r0)
Copyright (C) 2013 The University of Texas at Austin
http://iss.ices.utexas.edu/galois/

application: GMetis
Partitions a graph into K parts and minimizing the graph cut
http://iss.ices.utexas.edu/?p=projects/galois/benchmarks/gMetis

INFO: CommandLine /work/02556/dpereira/MIC/apps/gmetis/gmetis -t=89 /work/02556/dpereira/Inputs/USA-road-d.W.gr 16
INFO: Hostname c557-903-mic0.stampede.tacc.utexas.edu
Created Graph with 6262104 nodes and 15248146 edges
Nodes 6262104| Edges 15248146 7624073

  Starting coarsening: 
Time coarsen:  2416 Size of final graph: 428

  Sarting initial partitioning using GGGP:
Size in decade percentages:  -0,16
Time clustering:  354

  Sarting refinnement with BKL2
Initial dist
Size in decade percentages:  -0,16
Refined dist
Size in decade percentages:  -1,7 0,2 1,7
Time refinement:  1030


Time:  3974
Total edge cut : 2020

Part saved in : 0x7fffb35d7760
STATTYPE,LOOP,CATEGORY,n,sum,T0,T1,T2,T3,T4,T5,T6,T7,T8,T9,T10,T11,T12,T13,T14,T15,T16,T17,T18,T19,T20,T21,T22,T23,T24,T25,T26,T27,T28,T29,T30,T31,T32,T33,T34,T35,T36,T37,T38,T39,T40,T41,T42,T43,T44,T45,T46,T47,T48,T49,T50,T51,T52,T53,T54,T55,T56,T57,T58,T59,T60,T61,T62,T63,T64,T65,T66,T67,T68,T69,T70,T71,T72,T73,T74,T75,T76,T77,T78,T79,T80,T81,T82,T83,T84,T85,T86,T87,T88
STAT,(NULL),Coarsen,89,2416,2416,0,0,0,0,0,0,0,0,0,0,0,0,0,0,0,0,0,0,0,0,0,0,0,0,0,0,0,0,0,0,0,0,0,0,0,0,0,0,0,0,0,0,0,0,0,0,0,0,0,0,0,0,0,0,0,0,0,0,0,0,0,0,0,0,0,0,0,0,0,0,0,0,0,0,0,0,0,0,0,0,0,0,0,0,0,0,0,0
STAT,(NULL),Conflicts,89,0,0,0,0,0,0,0,0,0,0,0,0,0,0,0,0,0,0,0,0,0,0,0,0,0,0,0,0,0,0,0,0,0,0,0,0,0,0,0,0,0,0,0,0,0,0,0,0,0,0,0,0,0,0,0,0,0,0,0,0,0,0,0,0,0,0,0,0,0,0,0,0,0,0,0,0,0,0,0,0,0,0,0,0,0,0,0,0,0,0
STAT,(NULL),Iterations,89,31,5,0,0,0,0,0,0,0,0,0,0,0,0,0,0,0,0,0,0,1,1,1,0,0,1,0,0,1,0,0,0,0,2,0,0,0,0,0,0,0,0,0,0,0,0,0,0,0,0,0,2,0,0,1,0,0,0,0,0,0,0,0,0,0,0,1,0,2,0,0,0,0,4,0,0,0,3,0,0,1,0,3,0,0,2,0,0,0,0
STAT,(NULL),MeminfoPost,89,756257,8492,8522,8503,8487,8517,8576,8495,8486,8503,8521,8515,8476,8501,8502,8477,8499,8517,8496,8491,8522,8579,8491,8481,8514,8519,8510,8472,8507,8496,8482,8507,8505,8521,8511,8495,8491,8483,8473,8498,8507,8483,8473,8481,8492,8536,8476,8510,8460,8472,8507,8525,8487,8488,8479,8472,8471,8485,8476,8551,8528,8474,8494,8469,8505,8507,8491,8481,8463,8488,8468,8547,8538,8482,8471,8526,8534,8536,8475,8496,8487,8458,8472,8492,8473,8481,8466,8497,8503,8491
STAT,(NULL),MeminfoPre,89,189060,2119,2149,2130,2114,2144,2203,2122,2113,2130,2148,2142,2103,2128,2129,2104,2126,2144,2123,2118,2149,2206,2118,2108,2141,2146,2137,2099,2134,2123,2109,2134,2132,2148,2138,2122,2118,2110,2100,2125,2134,2110,2100,2108,2119,2163,2103,2137,2087,2099,2134,2152,2114,2115,2106,2099,2098,2112,2103,2178,2155,2101,2121,2096,2132,2134,2118,2108,2090,2115,2095,2174,2165,2109,2098,2153,2161,2163,2102,2123,2114,2085,2099,2119,2100,2108,2093,2124,2130,2118
STAT,(NULL),Partition,89,354,354,0,0,0,0,0,0,0,0,0,0,0,0,0,0,0,0,0,0,0,0,0,0,0,0,0,0,0,0,0,0,0,0,0,0,0,0,0,0,0,0,0,0,0,0,0,0,0,0,0,0,0,0,0,0,0,0,0,0,0,0,0,0,0,0,0,0,0,0,0,0,0,0,0,0,0,0,0,0,0,0,0,0,0,0,0,0,0,0
STAT,(NULL),Refine,89,1030,1030,0,0,0,0,0,0,0,0,0,0,0,0,0,0,0,0,0,0,0,0,0,0,0,0,0,0,0,0,0,0,0,0,0,0,0,0,0,0,0,0,0,0,0,0,0,0,0,0,0,0,0,0,0,0,0,0,0,0,0,0,0,0,0,0,0,0,0,0,0,0,0,0,0,0,0,0,0,0,0,0,0,0,0,0,0,0,0,0
STAT,(NULL),Threads,89,89,89,0,0,0,0,0,0,0,0,0,0,0,0,0,0,0,0,0,0,0,0,0,0,0,0,0,0,0,0,0,0,0,0,0,0,0,0,0,0,0,0,0,0,0,0,0,0,0,0,0,0,0,0,0,0,0,0,0,0,0,0,0,0,0,0,0,0,0,0,0,0,0,0,0,0,0,0,0,0,0,0,0,0,0,0,0,0,0,0
STAT,(NULL),Time,89,3974,3974,0,0,0,0,0,0,0,0,0,0,0,0,0,0,0,0,0,0,0,0,0,0,0,0,0,0,0,0,0,0,0,0,0,0,0,0,0,0,0,0,0,0,0,0,0,0,0,0,0,0,0,0,0,0,0,0,0,0,0,0,0,0,0,0,0,0,0,0,0,0,0,0,0,0,0,0,0,0,0,0,0,0,0,0,0,0,0,0
STAT,match,Conflicts,89,6218,130,116,126,99,108,92,129,96,101,84,100,82,114,112,116,66,102,93,69,102,87,125,100,92,100,87,77,62,60,54,48,49,51,49,41,52,58,47,63,54,67,54,54,47,53,51,53,60,63,51,51,64,59,59,51,52,57,63,64,53,58,61,68,49,45,47,43,66,56,68,38,49,48,60,63,71,44,77,74,52,67,68,71,65,72,64,58,49,48
STAT,match,Iterations,89,14995669,127718,138528,151569,149167,158886,137150,137846,160832,138464,150863,140932,160411,143002,153545,152945,154691,158386,168866,165502,151146,140052,148775,157654,150590,173165,147533,170545,174138,173903,185683,177200,179612,160490,171273,170588,189784,182079,193342,179440,168460,174177,175244,178599,170664,163134,184370,171669,180004,179641,188638,166571,180309,177738,181975,181380,172171,171569,189530,172957,172829,170026,165934,166493,177787,179402,179518,170380,171816,184717,170191,174548,166691,179588,184883,159205,168849,183712,176739,166259,195639,170162,177253,174978,184271,159414,186879,170119,179718,172574
STAT,popedge,Conflicts,89,0,0,0,0,0,0,0,0,0,0,0,0,0,0,0,0,0,0,0,0,0,0,0,0,0,0,0,0,0,0,0,0,0,0,0,0,0,0,0,0,0,0,0,0,0,0,0,0,0,0,0,0,0,0,0,0,0,0,0,0,0,0,0,0,0,0,0,0,0,0,0,0,0,0,0,0,0,0,0,0,0,0,0,0,0,0,0,0,0,0
STAT,popedge,Iterations,89,7346810,79838,79074,78624,77516,77553,75514,82429,77953,77328,75181,77707,79015,79342,81368,84492,81141,78680,78594,80233,83013,78245,83286,82011,80143,80394,80089,80228,79181,88966,87484,80830,85106,82062,81219,81806,81524,89505,87097,83981,85196,87687,86453,85338,76514,86095,91221,91733,95832,92915,87496,89090,90705,91568,93427,92478,94388,91044,90559,89361,84183,91686,75482,75518,74270,73745,75262,77282,78611,76353,78453,74917,74329,75621,75173,80069,82639,81770,83684,82219,82748,82455,79364,82420,82596,84093,79455,84725,86273,84563
STAT,refine,Conflicts,89,3970,120,125,117,114,89,101,101,86,78,88,88,83,83,83,63,53,51,63,49,50,64,63,55,55,59,56,60,83,45,43,40,37,30,38,28,51,34,31,41,37,44,28,34,25,30,33,25,9,37,46,37,28,26,34,39,40,23,27,35,29,27,21,27,32,31,19,31,23,23,19,18,21,23,26,23,22,18,23,28,22,12,31,27,27,25,31,25,23,28
STAT,refine,Iterations,89,40291,489,573,442,654,501,568,587,433,294,594,464,522,491,502,434,372,499,321,418,288,387,448,340,274,502,480,541,533,400,612,391,403,442,357,460,632,370,362,479,692,438,411,416,381,610,479,420,237,347,623,666,698,390,326,450,495,249,295,991,456,427,327,368,396,637,387,429,418,367,302,722,384,364,464,409,337,333,517,228,326,285,455,503,401,301,487,573,672,543
