Hello from MIC
Galois Benchmark Suite v2.2.0 (r0)
Copyright (C) 2013 The University of Texas at Austin
http://iss.ices.utexas.edu/galois/

application: GMetis
Partitions a graph into K parts and minimizing the graph cut
http://iss.ices.utexas.edu/?p=projects/galois/benchmarks/gMetis

INFO: CommandLine /work/02556/dpereira/MIC/apps/gmetis/gmetis -t=218 /work/02556/dpereira/Inputs/USA-road-d.W.gr 128
INFO: Hostname c558-003-mic0.stampede.tacc.utexas.edu
Created Graph with 6262104 nodes and 15248146 edges
Nodes 6262104| Edges 15248146 7624073

  Starting coarsening: 
Time coarsen:  3690 Size of final graph: 3144

  Sarting initial partitioning using GGGP:
Size in decade percentages:  -1,6 -0,119 1,3
Time clustering:  459

  Sarting refinnement with BKL2
Initial dist
Size in decade percentages:  -1,6 -0,119 1,3
Refined dist
Size in decade percentages:  -1,45 -0,40 1,43
Time refinement:  2501


Time:  6829
Total edge cut : 8468

Part saved in : 0x7fff008bc8e0
STATTYPE,LOOP,CATEGORY,n,sum,T0,T1,T2,T3,T4,T5,T6,T7,T8,T9,T10,T11,T12,T13,T14,T15,T16,T17,T18,T19,T20,T21,T22,T23,T24,T25,T26,T27,T28,T29,T30,T31,T32,T33,T34,T35,T36,T37,T38,T39,T40,T41,T42,T43,T44,T45,T46,T47,T48,T49,T50,T51,T52,T53,T54,T55,T56,T57,T58,T59,T60,T61,T62,T63,T64,T65,T66,T67,T68,T69,T70,T71,T72,T73,T74,T75,T76,T77,T78,T79,T80,T81,T82,T83,T84,T85,T86,T87,T88,T89,T90,T91,T92,T93,T94,T95,T96,T97,T98,T99,T100,T101,T102,T103,T104,T105,T106,T107,T108,T109,T110,T111,T112,T113,T114,T115,T116,T117,T118,T119,T120,T121,T122,T123,T124,T125,T126,T127,T128,T129,T130,T131,T132,T133,T134,T135,T136,T137,T138,T139,T140,T141,T142,T143,T144,T145,T146,T147,T148,T149,T150,T151,T152,T153,T154,T155,T156,T157,T158,T159,T160,T161,T162,T163,T164,T165,T166,T167,T168,T169,T170,T171,T172,T173,T174,T175,T176,T177,T178,T179,T180,T181,T182,T183,T184,T185,T186,T187,T188,T189,T190,T191,T192,T193,T194,T195,T196,T197,T198,T199,T200,T201,T202,T203,T204,T205,T206,T207,T208,T209,T210,T211,T212,T213,T214,T215,T216,T217
STAT,(NULL),Coarsen,218,3690,3690,0,0,0,0,0,0,0,0,0,0,0,0,0,0,0,0,0,0,0,0,0,0,0,0,0,0,0,0,0,0,0,0,0,0,0,0,0,0,0,0,0,0,0,0,0,0,0,0,0,0,0,0,0,0,0,0,0,0,0,0,0,0,0,0,0,0,0,0,0,0,0,0,0,0,0,0,0,0,0,0,0,0,0,0,0,0,0,0,0,0,0,0,0,0,0,0,0,0,0,0,0,0,0,0,0,0,0,0,0,0,0,0,0,0,0,0,0,0,0,0,0,0,0,0,0,0,0,0,0,0,0,0,0,0,0,0,0,0,0,0,0,0,0,0,0,0,0,0,0,0,0,0,0,0,0,0,0,0,0,0,0,0,0,0,0,0,0,0,0,0,0,0,0,0,0,0,0,0,0,0,0,0,0,0,0,0,0,0,0,0,0,0,0,0,0,0,0,0,0,0,0,0,0,0,0,0,0,0,0,0,0,0,0,0,0,0,0
STAT,(NULL),Conflicts,218,0,0,0,0,0,0,0,0,0,0,0,0,0,0,0,0,0,0,0,0,0,0,0,0,0,0,0,0,0,0,0,0,0,0,0,0,0,0,0,0,0,0,0,0,0,0,0,0,0,0,0,0,0,0,0,0,0,0,0,0,0,0,0,0,0,0,0,0,0,0,0,0,0,0,0,0,0,0,0,0,0,0,0,0,0,0,0,0,0,0,0,0,0,0,0,0,0,0,0,0,0,0,0,0,0,0,0,0,0,0,0,0,0,0,0,0,0,0,0,0,0,0,0,0,0,0,0,0,0,0,0,0,0,0,0,0,0,0,0,0,0,0,0,0,0,0,0,0,0,0,0,0,0,0,0,0,0,0,0,0,0,0,0,0,0,0,0,0,0,0,0,0,0,0,0,0,0,0,0,0,0,0,0,0,0,0,0,0,0,0,0,0,0,0,0,0,0,0,0,0,0,0,0,0,0,0,0,0,0,0,0,0,0,0,0,0,0,0,0
STAT,(NULL),Iterations,218,255,8,1,3,0,4,4,0,1,3,3,0,4,0,0,0,0,3,1,0,0,1,3,2,0,0,0,1,1,4,0,0,1,0,2,2,4,3,3,1,5,2,0,2,0,0,0,0,0,1,0,3,3,0,0,2,0,0,6,0,0,2,7,0,0,0,0,0,0,0,0,2,2,2,1,0,0,0,0,0,0,0,0,3,1,0,0,0,2,0,2,0,0,1,3,6,0,5,4,1,0,0,0,0,4,0,1,0,1,2,5,2,1,2,2,2,11,0,1,0,0,0,2,2,3,2,3,0,0,0,1,0,0,3,3,0,0,0,0,0,1,0,0,0,0,0,0,0,3,0,0,0,3,0,1,1,3,0,0,0,0,5,1,3,0,3,1,0,0,0,3,4,0,0,7,0,0,3,0,2,2,1,0,0,6,0,0,2,0,0,0,0,0,0,0,0,0,0,0,0,0,0,0,0,0,0,1,2,0,0,1,0,0,6,2,0,2,2,0
STAT,(NULL),MeminfoPost,218,757168,3480,3468,3475,3485,3480,3487,3468,3479,3459,3466,3479,3485,3481,3512,3510,3483,3462,3471,3468,3463,3481,3476,3481,3493,3462,3492,3480,3459,3468,3466,3475,3480,3486,3466,3463,3463,3476,3474,3464,3494,3474,3488,3469,3468,3482,3463,3485,3464,3492,3493,3522,3497,3465,3465,3465,3472,3470,3483,3475,3489,3477,3481,3476,3475,3461,3467,3471,3479,3491,3465,3466,3463,3468,3471,3485,3474,3467,3484,3506,3472,3467,3480,3482,3478,3464,3477,3474,3464,3468,3466,3483,3461,3454,3466,3474,3482,3483,3468,3463,3473,3465,3466,3457,3466,3457,3476,3462,3491,3496,3484,3470,3462,3465,3466,3496,3463,3459,3453,3457,3472,3478,3477,3482,3484,3484,3467,3474,3460,3469,3475,3463,3470,3467,3455,3461,3458,3470,3454,3487,3464,3457,3471,3487,3501,3494,3499,3469,3462,3466,3479,3472,3457,3454,3467,3475,3482,3478,3480,3472,3470,3464,3474,3465,3468,3464,3457,3459,3464,3480,3462,3454,3482,3496,3493,3498,3491,3469,3464,3471,3455,3463,3475,3481,3497,3498,3478,3496,3490,3472,3459,3468,3481,3463,3480,3464,3464,3459,3453,3467,3466,3475,3482,3452,3454,3457,3465,3461,3470,3471,3461,3470,3468,3477,3474,3474,3476,3468,3468
STAT,(NULL),MeminfoPre,218,189278,875,863,870,880,875,882,863,874,854,861,874,880,876,907,905,878,857,866,863,858,876,871,876,888,857,887,875,854,863,861,870,875,881,861,858,858,871,869,859,889,869,883,864,863,877,858,880,859,887,888,917,892,860,860,860,867,865,878,870,884,872,876,871,870,856,862,866,874,886,860,861,858,863,866,880,869,862,879,901,867,862,875,877,873,859,872,869,859,863,861,878,856,849,861,869,877,878,863,858,868,860,861,852,861,852,871,857,886,891,879,865,857,860,861,891,858,854,848,852,867,873,872,877,879,879,862,869,855,864,870,858,865,862,850,856,853,865,849,882,859,852,866,882,896,889,894,864,857,861,874,867,852,849,862,870,877,873,875,867,865,859,869,860,863,859,852,854,859,875,857,849,877,891,888,893,886,864,859,866,850,858,870,876,892,893,873,891,885,867,854,863,876,858,875,859,859,854,848,862,861,870,877,847,849,852,860,856,865,866,856,865,863,872,869,869,871,863,863
STAT,(NULL),Partition,218,459,459,0,0,0,0,0,0,0,0,0,0,0,0,0,0,0,0,0,0,0,0,0,0,0,0,0,0,0,0,0,0,0,0,0,0,0,0,0,0,0,0,0,0,0,0,0,0,0,0,0,0,0,0,0,0,0,0,0,0,0,0,0,0,0,0,0,0,0,0,0,0,0,0,0,0,0,0,0,0,0,0,0,0,0,0,0,0,0,0,0,0,0,0,0,0,0,0,0,0,0,0,0,0,0,0,0,0,0,0,0,0,0,0,0,0,0,0,0,0,0,0,0,0,0,0,0,0,0,0,0,0,0,0,0,0,0,0,0,0,0,0,0,0,0,0,0,0,0,0,0,0,0,0,0,0,0,0,0,0,0,0,0,0,0,0,0,0,0,0,0,0,0,0,0,0,0,0,0,0,0,0,0,0,0,0,0,0,0,0,0,0,0,0,0,0,0,0,0,0,0,0,0,0,0,0,0,0,0,0,0,0,0,0,0,0,0,0,0
STAT,(NULL),Refine,218,2501,2501,0,0,0,0,0,0,0,0,0,0,0,0,0,0,0,0,0,0,0,0,0,0,0,0,0,0,0,0,0,0,0,0,0,0,0,0,0,0,0,0,0,0,0,0,0,0,0,0,0,0,0,0,0,0,0,0,0,0,0,0,0,0,0,0,0,0,0,0,0,0,0,0,0,0,0,0,0,0,0,0,0,0,0,0,0,0,0,0,0,0,0,0,0,0,0,0,0,0,0,0,0,0,0,0,0,0,0,0,0,0,0,0,0,0,0,0,0,0,0,0,0,0,0,0,0,0,0,0,0,0,0,0,0,0,0,0,0,0,0,0,0,0,0,0,0,0,0,0,0,0,0,0,0,0,0,0,0,0,0,0,0,0,0,0,0,0,0,0,0,0,0,0,0,0,0,0,0,0,0,0,0,0,0,0,0,0,0,0,0,0,0,0,0,0,0,0,0,0,0,0,0,0,0,0,0,0,0,0,0,0,0,0,0,0,0,0,0
STAT,(NULL),Threads,218,218,218,0,0,0,0,0,0,0,0,0,0,0,0,0,0,0,0,0,0,0,0,0,0,0,0,0,0,0,0,0,0,0,0,0,0,0,0,0,0,0,0,0,0,0,0,0,0,0,0,0,0,0,0,0,0,0,0,0,0,0,0,0,0,0,0,0,0,0,0,0,0,0,0,0,0,0,0,0,0,0,0,0,0,0,0,0,0,0,0,0,0,0,0,0,0,0,0,0,0,0,0,0,0,0,0,0,0,0,0,0,0,0,0,0,0,0,0,0,0,0,0,0,0,0,0,0,0,0,0,0,0,0,0,0,0,0,0,0,0,0,0,0,0,0,0,0,0,0,0,0,0,0,0,0,0,0,0,0,0,0,0,0,0,0,0,0,0,0,0,0,0,0,0,0,0,0,0,0,0,0,0,0,0,0,0,0,0,0,0,0,0,0,0,0,0,0,0,0,0,0,0,0,0,0,0,0,0,0,0,0,0,0,0,0,0,0,0,0
STAT,(NULL),Time,218,6829,6829,0,0,0,0,0,0,0,0,0,0,0,0,0,0,0,0,0,0,0,0,0,0,0,0,0,0,0,0,0,0,0,0,0,0,0,0,0,0,0,0,0,0,0,0,0,0,0,0,0,0,0,0,0,0,0,0,0,0,0,0,0,0,0,0,0,0,0,0,0,0,0,0,0,0,0,0,0,0,0,0,0,0,0,0,0,0,0,0,0,0,0,0,0,0,0,0,0,0,0,0,0,0,0,0,0,0,0,0,0,0,0,0,0,0,0,0,0,0,0,0,0,0,0,0,0,0,0,0,0,0,0,0,0,0,0,0,0,0,0,0,0,0,0,0,0,0,0,0,0,0,0,0,0,0,0,0,0,0,0,0,0,0,0,0,0,0,0,0,0,0,0,0,0,0,0,0,0,0,0,0,0,0,0,0,0,0,0,0,0,0,0,0,0,0,0,0,0,0,0,0,0,0,0,0,0,0,0,0,0,0,0,0,0,0,0,0,0
STAT,match,Conflicts,218,6220,42,45,54,44,45,43,45,47,48,49,48,35,40,41,42,42,37,48,42,45,46,35,38,45,47,37,38,38,40,31,40,43,36,38,40,40,35,34,37,36,31,38,30,33,34,32,36,32,31,27,30,25,32,31,29,31,35,26,37,31,33,26,21,23,19,24,27,24,23,27,22,34,19,20,23,21,28,18,23,27,28,24,27,19,30,22,21,19,27,28,25,21,32,24,21,25,27,27,33,28,23,23,37,25,23,24,26,23,26,27,27,24,27,30,32,28,22,26,22,27,26,27,20,29,25,15,23,17,26,21,29,20,25,17,21,29,25,21,20,23,26,27,27,28,23,28,22,30,28,21,29,21,23,28,23,27,25,18,22,21,25,26,31,33,22,25,32,32,22,31,23,29,25,27,28,28,21,21,23,17,22,23,28,24,25,25,26,26,27,29,23,29,22,28,21,22,30,24,28,23,24,20,30,29,18,21,24,22,26,22,22,28,26,30,19,21,29,28
STAT,match,Iterations,218,15050066,51786,32849,49970,51885,40634,55265,51313,38036,56665,46426,57756,44531,51739,63875,40298,65938,42996,59878,43456,68176,67172,40086,46649,74767,51835,58920,44224,59017,50603,50916,63902,48889,56905,64043,58217,47377,61165,66759,76433,79952,75208,57729,67509,58908,64052,61805,59345,63052,47016,83648,80486,72231,63161,71447,76953,64023,61144,83478,54474,48093,60616,61183,79138,86800,70079,71765,71602,75275,84525,81470,90618,71680,75197,56335,69559,68744,98354,76351,70606,64715,67957,76136,53427,76624,66866,80396,84005,94461,70061,67974,60636,93171,84217,68092,87715,71396,77254,69859,87820,64055,75549,86772,64707,78549,77144,80778,65029,63507,57460,68492,82308,70456,82679,76127,59707,76376,82898,71904,64514,82879,63262,86698,85956,68530,87435,76326,69503,73123,67610,77632,79327,81247,74798,71717,61032,84351,66088,82171,54772,85027,70462,68439,67923,75968,53132,83115,79075,76772,62721,77310,62731,79582,91534,54010,87708,51820,66017,97710,84064,80002,64617,75644,76754,74246,102940,75115,69799,88896,74100,63690,63246,72267,67388,67860,62752,68984,65129,83071,60811,85288,79114,69101,68258,69411,75425,67082,58540,67233,57158,76678,67159,72474,66394,73649,70548,65981,72783,67420,74744,64761,80390,59295,86517,86025,68601,71862,86594,60505,70107,57155,60296,63585,72973,70441,89829,62353,66158,74536
STAT,popedge,Conflicts,218,0,0,0,0,0,0,0,0,0,0,0,0,0,0,0,0,0,0,0,0,0,0,0,0,0,0,0,0,0,0,0,0,0,0,0,0,0,0,0,0,0,0,0,0,0,0,0,0,0,0,0,0,0,0,0,0,0,0,0,0,0,0,0,0,0,0,0,0,0,0,0,0,0,0,0,0,0,0,0,0,0,0,0,0,0,0,0,0,0,0,0,0,0,0,0,0,0,0,0,0,0,0,0,0,0,0,0,0,0,0,0,0,0,0,0,0,0,0,0,0,0,0,0,0,0,0,0,0,0,0,0,0,0,0,0,0,0,0,0,0,0,0,0,0,0,0,0,0,0,0,0,0,0,0,0,0,0,0,0,0,0,0,0,0,0,0,0,0,0,0,0,0,0,0,0,0,0,0,0,0,0,0,0,0,0,0,0,0,0,0,0,0,0,0,0,0,0,0,0,0,0,0,0,0,0,0,0,0,0,0,0,0,0,0,0,0,0,0,0
STAT,popedge,Iterations,218,7372371,30924,33282,31739,32567,32258,33782,34539,32947,32110,32081,33181,32537,30523,30632,31870,31733,32999,33505,32733,32953,33578,31606,32223,31518,31356,32574,32804,32913,33706,33170,32275,32914,31419,32341,32461,37113,36584,36169,34256,34153,35293,36280,38547,36361,37661,35668,35891,37677,35128,34842,34898,36057,35471,35505,34907,35350,34474,35722,38535,35834,37856,31334,30521,31893,31119,31561,30924,32784,34400,33404,31074,32533,32242,31168,31767,30364,32411,29296,32619,31093,33203,31375,30418,30190,31569,32520,33855,33311,32750,32802,30631,31729,31336,31908,32548,32030,34239,35801,39360,35938,35781,38567,36505,34039,36355,36110,36445,36663,35393,34572,38420,35755,37159,38777,35923,37492,34891,38389,38646,35867,37445,37570,34304,31790,34993,29621,30666,32456,31972,32455,33630,32089,32823,32381,30456,32379,31781,32727,31662,33870,32358,33508,33342,30401,31928,33710,32834,32427,31397,32139,32195,33668,31454,33251,33500,33277,32190,37653,38143,36172,37604,37507,35431,36194,38420,36467,36073,35974,36790,36901,38731,37218,37896,38582,35417,35915,36095,36252,36321,36579,35099,35550,37356,32518,30844,32546,32701,32793,32653,33644,31178,33084,33138,32836,31933,33636,33848,30852,33377,33627,32208,30681,32958,32387,32356,30297,32082,30608,32789,34785,33879,32544,32402,33980,34407,34013,31960,32084
STAT,refine,Conflicts,218,7178,111,105,99,105,97,93,89,91,99,85,82,80,84,82,83,69,79,62,64,73,47,64,78,59,59,63,53,63,71,65,54,52,57,53,48,42,43,53,41,55,41,38,42,33,41,36,38,38,45,40,40,42,40,37,38,30,42,48,50,44,35,17,17,19,16,23,19,23,24,25,24,20,25,10,26,26,24,22,20,17,26,20,21,34,24,19,28,16,24,27,19,24,27,21,23,25,26,21,33,26,30,17,13,24,24,19,16,25,18,35,24,16,31,18,15,27,13,27,21,22,23,22,21,20,26,18,20,22,18,26,19,27,24,16,19,21,22,26,24,17,16,28,25,23,24,19,15,30,15,29,25,22,22,24,33,27,13,22,30,30,21,30,28,25,24,25,26,22,20,17,13,19,18,17,17,29,18,15,25,23,23,31,18,24,21,26,26,17,24,26,27,25,21,13,15,21,24,14,22,31,29,22,20,19,17,15,27,26,15,17,26,21,18,27,22,16,22,29
STAT,refine,Iterations,218,143098,716,676,806,797,583,770,795,653,693,665,628,412,575,894,604,661,669,757,471,738,591,398,690,733,515,551,468,861,668,672,581,695,671,605,629,528,707,639,630,889,635,494,753,539,713,602,703,643,605,976,1086,561,518,636,577,530,514,757,875,641,768,517,634,531,559,588,632,669,774,654,653,630,421,420,750,496,708,584,748,373,616,568,611,616,638,667,773,554,748,594,532,636,663,648,971,640,625,684,783,653,805,719,613,828,952,969,469,758,537,796,791,798,916,831,534,709,452,590,724,795,776,890,722,840,759,573,620,614,550,774,651,510,606,407,411,788,581,663,849,669,407,595,640,638,544,595,674,689,379,657,696,472,645,734,901,631,631,667,835,692,537,921,776,674,891,686,867,827,871,645,495,810,913,492,587,817,414,583,490,788,863,784,723,742,700,547,625,543,639,727,766,617,326,519,312,594,725,392,604,652,743,462,617,665,360,500,575,641,659,407,692,688,608,647,704,766,688,660
