Hello from MIC
Galois Benchmark Suite v2.2.0 (r0)
Copyright (C) 2013 The University of Texas at Austin
http://iss.ices.utexas.edu/galois/

application: GMetis
Partitions a graph into K parts and minimizing the graph cut
http://iss.ices.utexas.edu/?p=projects/galois/benchmarks/gMetis

INFO: CommandLine /work/02556/dpereira/MIC/apps/gmetis/gmetis -t=151 /work/02556/dpereira/Inputs/USA-road-d.W.gr 1024
INFO: Hostname c558-402-mic0.stampede.tacc.utexas.edu
Created Graph with 6262104 nodes and 15248146 edges
Nodes 6262104| Edges 15248146 7624073

  Starting coarsening: 
Time coarsen:  2356 Size of final graph: 21802

  Sarting initial partitioning using GGGP:
Size in decade percentages:  -1,79 -0,876 1,69
Time clustering:  1033

  Sarting refinnement with BKL2
Initial dist
Size in decade percentages:  -1,79 -0,876 1,69
Refined dist
Size in decade percentages:  -1,372 0,284 1,367 2,1
Time refinement:  1372


Time:  4972
Total edge cut : 31523

Part saved in : 0x7fff548b4360
STATTYPE,LOOP,CATEGORY,n,sum,T0,T1,T2,T3,T4,T5,T6,T7,T8,T9,T10,T11,T12,T13,T14,T15,T16,T17,T18,T19,T20,T21,T22,T23,T24,T25,T26,T27,T28,T29,T30,T31,T32,T33,T34,T35,T36,T37,T38,T39,T40,T41,T42,T43,T44,T45,T46,T47,T48,T49,T50,T51,T52,T53,T54,T55,T56,T57,T58,T59,T60,T61,T62,T63,T64,T65,T66,T67,T68,T69,T70,T71,T72,T73,T74,T75,T76,T77,T78,T79,T80,T81,T82,T83,T84,T85,T86,T87,T88,T89,T90,T91,T92,T93,T94,T95,T96,T97,T98,T99,T100,T101,T102,T103,T104,T105,T106,T107,T108,T109,T110,T111,T112,T113,T114,T115,T116,T117,T118,T119,T120,T121,T122,T123,T124,T125,T126,T127,T128,T129,T130,T131,T132,T133,T134,T135,T136,T137,T138,T139,T140,T141,T142,T143,T144,T145,T146,T147,T148,T149,T150
STAT,(NULL),Coarsen,151,2356,2356,0,0,0,0,0,0,0,0,0,0,0,0,0,0,0,0,0,0,0,0,0,0,0,0,0,0,0,0,0,0,0,0,0,0,0,0,0,0,0,0,0,0,0,0,0,0,0,0,0,0,0,0,0,0,0,0,0,0,0,0,0,0,0,0,0,0,0,0,0,0,0,0,0,0,0,0,0,0,0,0,0,0,0,0,0,0,0,0,0,0,0,0,0,0,0,0,0,0,0,0,0,0,0,0,0,0,0,0,0,0,0,0,0,0,0,0,0,0,0,0,0,0,0,0,0,0,0,0,0,0,0,0,0,0,0,0,0,0,0,0,0,0,0,0,0,0,0,0,0,0
STAT,(NULL),Conflicts,151,0,0,0,0,0,0,0,0,0,0,0,0,0,0,0,0,0,0,0,0,0,0,0,0,0,0,0,0,0,0,0,0,0,0,0,0,0,0,0,0,0,0,0,0,0,0,0,0,0,0,0,0,0,0,0,0,0,0,0,0,0,0,0,0,0,0,0,0,0,0,0,0,0,0,0,0,0,0,0,0,0,0,0,0,0,0,0,0,0,0,0,0,0,0,0,0,0,0,0,0,0,0,0,0,0,0,0,0,0,0,0,0,0,0,0,0,0,0,0,0,0,0,0,0,0,0,0,0,0,0,0,0,0,0,0,0,0,0,0,0,0,0,0,0,0,0,0,0,0,0,0,0
STAT,(NULL),Iterations,151,2047,11,13,17,7,9,6,8,5,7,4,12,4,9,13,8,17,9,11,6,8,10,9,10,2,14,11,6,8,14,7,21,15,22,13,13,12,23,21,20,19,18,13,22,27,13,20,16,20,15,13,32,28,25,25,9,13,11,16,29,17,23,20,4,21,15,12,3,12,7,14,9,13,8,5,11,8,7,9,15,13,5,16,14,7,10,14,13,5,9,14,17,18,20,19,17,16,13,13,15,11,12,13,17,13,11,17,23,18,10,21,15,26,52,23,15,27,17,26,10,19,14,19,9,18,18,7,15,8,12,11,14,11,5,6,4,5,6,2,11,17,11,12,4,8,9,13,8,14,19,8,13
STAT,(NULL),MeminfoPost,151,756789,5017,5011,5028,5015,5014,5013,4999,5020,5030,5075,5037,4994,5007,5005,5020,5019,5027,5022,5014,4994,5008,5022,5026,4998,4994,5016,5002,5029,5028,5014,5018,4992,5016,5034,5052,5061,4997,5007,4999,5019,5025,5036,5009,5021,4995,5005,5020,5020,5004,4997,5010,5019,5012,5016,5050,5001,5016,5024,5003,5019,5003,5002,5017,4993,4993,5018,5023,5010,5006,5000,4996,4996,5004,4993,5040,5038,5005,4998,5000,5029,4994,4984,5003,5015,5022,5024,5017,5012,4995,5013,5001,5006,4990,4991,5003,4997,5011,4987,5029,5050,5042,5012,4999,5019,4999,4984,5007,5018,5023,5015,5007,5009,4999,5004,4988,5000,5006,4995,5009,5040,5045,5036,5004,5005,4990,5006,5026,5050,5027,5043,5017,4993,5016,5005,5005,4997,4988,4997,4986,5038,4990,4985,4996,4994,5014,5001,5008,5017,5009,5008,5015
STAT,(NULL),MeminfoPre,151,189180,1258,1252,1269,1256,1255,1254,1240,1261,1271,1316,1278,1235,1248,1246,1261,1260,1268,1263,1255,1235,1249,1263,1267,1239,1235,1257,1243,1270,1269,1255,1259,1233,1257,1275,1293,1302,1238,1248,1240,1260,1266,1277,1250,1262,1236,1246,1261,1261,1245,1238,1251,1260,1253,1257,1291,1242,1257,1265,1244,1260,1244,1243,1258,1234,1234,1259,1264,1251,1247,1241,1237,1237,1245,1234,1281,1279,1246,1239,1241,1270,1235,1225,1244,1256,1263,1265,1258,1253,1236,1254,1242,1247,1231,1232,1244,1238,1252,1228,1270,1291,1283,1253,1240,1260,1240,1225,1248,1259,1264,1256,1248,1250,1240,1245,1229,1241,1247,1236,1250,1281,1286,1277,1245,1246,1231,1247,1267,1291,1268,1284,1258,1234,1257,1246,1246,1238,1229,1238,1227,1279,1231,1226,1237,1235,1255,1242,1249,1258,1250,1249,1256
STAT,(NULL),Partition,151,1033,1033,0,0,0,0,0,0,0,0,0,0,0,0,0,0,0,0,0,0,0,0,0,0,0,0,0,0,0,0,0,0,0,0,0,0,0,0,0,0,0,0,0,0,0,0,0,0,0,0,0,0,0,0,0,0,0,0,0,0,0,0,0,0,0,0,0,0,0,0,0,0,0,0,0,0,0,0,0,0,0,0,0,0,0,0,0,0,0,0,0,0,0,0,0,0,0,0,0,0,0,0,0,0,0,0,0,0,0,0,0,0,0,0,0,0,0,0,0,0,0,0,0,0,0,0,0,0,0,0,0,0,0,0,0,0,0,0,0,0,0,0,0,0,0,0,0,0,0,0,0,0
STAT,(NULL),Refine,151,1372,1372,0,0,0,0,0,0,0,0,0,0,0,0,0,0,0,0,0,0,0,0,0,0,0,0,0,0,0,0,0,0,0,0,0,0,0,0,0,0,0,0,0,0,0,0,0,0,0,0,0,0,0,0,0,0,0,0,0,0,0,0,0,0,0,0,0,0,0,0,0,0,0,0,0,0,0,0,0,0,0,0,0,0,0,0,0,0,0,0,0,0,0,0,0,0,0,0,0,0,0,0,0,0,0,0,0,0,0,0,0,0,0,0,0,0,0,0,0,0,0,0,0,0,0,0,0,0,0,0,0,0,0,0,0,0,0,0,0,0,0,0,0,0,0,0,0,0,0,0,0,0
STAT,(NULL),Threads,151,151,151,0,0,0,0,0,0,0,0,0,0,0,0,0,0,0,0,0,0,0,0,0,0,0,0,0,0,0,0,0,0,0,0,0,0,0,0,0,0,0,0,0,0,0,0,0,0,0,0,0,0,0,0,0,0,0,0,0,0,0,0,0,0,0,0,0,0,0,0,0,0,0,0,0,0,0,0,0,0,0,0,0,0,0,0,0,0,0,0,0,0,0,0,0,0,0,0,0,0,0,0,0,0,0,0,0,0,0,0,0,0,0,0,0,0,0,0,0,0,0,0,0,0,0,0,0,0,0,0,0,0,0,0,0,0,0,0,0,0,0,0,0,0,0,0,0,0,0,0,0,0
STAT,(NULL),Time,151,4972,4972,0,0,0,0,0,0,0,0,0,0,0,0,0,0,0,0,0,0,0,0,0,0,0,0,0,0,0,0,0,0,0,0,0,0,0,0,0,0,0,0,0,0,0,0,0,0,0,0,0,0,0,0,0,0,0,0,0,0,0,0,0,0,0,0,0,0,0,0,0,0,0,0,0,0,0,0,0,0,0,0,0,0,0,0,0,0,0,0,0,0,0,0,0,0,0,0,0,0,0,0,0,0,0,0,0,0,0,0,0,0,0,0,0,0,0,0,0,0,0,0,0,0,0,0,0,0,0,0,0,0,0,0,0,0,0,0,0,0,0,0,0,0,0,0,0,0,0,0,0,0
STAT,match,Conflicts,151,5621,69,60,52,52,57,43,58,56,49,53,50,58,50,51,60,54,53,50,50,48,47,36,43,45,47,44,46,53,53,49,47,52,40,50,50,46,45,37,43,50,38,43,35,49,40,33,39,38,37,37,49,48,35,44,31,40,44,38,48,45,28,32,34,44,34,27,34,22,29,26,38,32,32,30,29,24,22,35,33,27,29,23,25,38,33,36,32,30,29,38,35,41,42,35,34,33,27,32,33,33,38,30,33,25,39,37,25,28,28,37,33,32,36,31,34,26,40,30,30,29,28,27,30,31,27,25,25,24,27,23,24,29,26,36,26,31,31,32,30,32,32,30,31,23,26,25,35,33,34,45,25
STAT,match,Iterations,151,14975502,56571,78135,80555,78920,84194,75200,62931,65449,66629,78295,76973,70248,96004,74069,70224,61717,79053,85805,90002,85241,85256,79399,75338,83644,85042,74493,79082,80616,73381,104332,97531,100706,100892,97602,102295,93094,104954,86868,113068,95141,82286,101326,112074,84455,124513,90135,104049,96239,114253,114732,103437,94975,95747,89941,96289,97182,94024,110970,83398,116227,114661,88155,83087,73318,99745,103733,97650,84260,107486,104123,86759,95240,105653,109440,88826,122561,111248,84492,110668,105944,120863,99398,93062,113238,97763,87009,105671,110242,109278,93235,130992,113185,114245,125582,109423,124620,112750,120243,112062,120789,89473,98473,133780,126436,114535,108601,137731,118325,130017,108670,131805,129684,103193,119479,144922,108678,114425,109499,119466,105801,106116,91064,100602,95347,95930,101119,94815,96084,97408,98253,115246,94243,111906,95447,107679,86530,87161,119226,85834,84455,95679,105390,96333,88660,107707,127055,81545,107354,98615,102296,121510
STAT,popedge,Conflicts,151,0,0,0,0,0,0,0,0,0,0,0,0,0,0,0,0,0,0,0,0,0,0,0,0,0,0,0,0,0,0,0,0,0,0,0,0,0,0,0,0,0,0,0,0,0,0,0,0,0,0,0,0,0,0,0,0,0,0,0,0,0,0,0,0,0,0,0,0,0,0,0,0,0,0,0,0,0,0,0,0,0,0,0,0,0,0,0,0,0,0,0,0,0,0,0,0,0,0,0,0,0,0,0,0,0,0,0,0,0,0,0,0,0,0,0,0,0,0,0,0,0,0,0,0,0,0,0,0,0,0,0,0,0,0,0,0,0,0,0,0,0,0,0,0,0,0,0,0,0,0,0,0
STAT,popedge,Iterations,151,7338469,45064,44259,42916,46439,44184,46152,48081,45389,46146,45324,45844,46693,44223,45720,45318,48103,45555,45434,46127,46150,45477,46828,47769,47703,48355,45931,48129,46571,47196,54701,53423,54940,51734,52570,51526,53214,52906,54095,51063,48892,49508,51115,52195,52375,53726,55231,54318,53341,53982,51197,52568,49895,50184,51315,45968,49968,48568,49268,51124,49300,49570,42642,44042,43699,43622,42518,43976,45111,44058,45679,45216,44145,43070,46379,43791,45406,45351,48958,44390,46513,46447,46522,46057,45469,46469,46554,46649,47831,47483,47121,52676,52792,54654,52593,53467,52088,52449,56164,53333,52825,51396,48082,54676,52939,54638,56967,57434,55208,54537,53632,51169,54956,54200,52096,51224,50242,50767,49844,53455,49939,51532,52246,39770,43181,40725,43830,44818,46360,43970,47297,44999,47043,45862,48722,47507,50716,49287,45743,49283,46107,47801,47257,44983,47929,45651,47298,48283,45727,46724,45107,46241
STAT,refine,Conflicts,151,5005,93,86,72,78,69,66,71,71,69,68,66,56,64,66,63,59,48,64,41,46,43,52,45,38,53,45,51,56,48,54,38,44,38,37,48,46,38,20,49,31,34,45,33,37,24,43,41,38,43,40,27,46,44,41,30,32,38,44,36,40,30,17,27,23,22,21,19,17,24,14,30,24,17,18,18,16,27,13,28,14,24,18,18,24,15,27,27,23,28,24,27,24,31,26,18,26,29,23,17,35,18,21,27,30,24,26,19,23,27,24,30,26,25,20,29,31,22,24,31,24,24,17,19,17,27,24,21,29,18,24,20,27,21,18,24,17,24,21,31,27,19,14,15,15,26,14,15,22,19,26,20
STAT,refine,Iterations,151,427617,1971,2541,2596,2045,1953,2262,1912,2121,1910,2663,2602,2129,2171,2244,2019,2175,2593,2318,2283,1799,2018,2392,2374,2277,2183,1903,1942,2558,2484,3154,2566,2909,2861,2616,4146,4108,2929,2466,3850,2969,3909,3192,3403,3184,3467,3438,4113,3437,3520,3080,3125,3630,2809,3167,3316,2970,3222,3319,3522,3224,3005,1901,2559,2160,2177,2618,2358,2103,2598,1879,2479,2561,2387,2550,2629,2914,2482,2315,2387,2661,2137,2108,2391,3148,2550,2832,2883,2976,3061,2941,3389,2797,3556,3372,3336,4053,3879,3033,3285,4854,3009,3543,4117,4233,3637,3594,3716,4003,3877,3249,3516,3807,3203,3142,3977,3865,3337,3257,3383,3641,3512,3169,2204,2093,2425,2657,2655,2704,2662,2768,2140,2756,3000,2168,2461,1821,2400,2200,2539,2382,2243,1631,2117,2319,2964,2670,2195,2691,2533,2809,3260
