Hello from MIC
Galois Benchmark Suite v2.2.0 (r0)
Copyright (C) 2013 The University of Texas at Austin
http://iss.ices.utexas.edu/galois/

application: GMetis
Partitions a graph into K parts and minimizing the graph cut
http://iss.ices.utexas.edu/?p=projects/galois/benchmarks/gMetis

INFO: CommandLine /work/02556/dpereira/MIC/apps/gmetis/gmetis -t=217 /work/02556/dpereira/Inputs/USA-road-d.W.gr 16
INFO: Hostname c558-003-mic0.stampede.tacc.utexas.edu
Created Graph with 6262104 nodes and 15248146 edges
Nodes 6262104| Edges 15248146 7624073

  Starting coarsening: 
Time coarsen:  4756 Size of final graph: 444

  Sarting initial partitioning using GGGP:
Size in decade percentages:  -0,16
Time clustering:  376

  Sarting refinnement with BKL2
Initial dist
Size in decade percentages:  -0,16
Refined dist
Size in decade percentages:  -1,5 0,6 1,5
Time refinement:  3247


Time:  8559
Total edge cut : 2166

Part saved in : 0x7fff921a26e0
STATTYPE,LOOP,CATEGORY,n,sum,T0,T1,T2,T3,T4,T5,T6,T7,T8,T9,T10,T11,T12,T13,T14,T15,T16,T17,T18,T19,T20,T21,T22,T23,T24,T25,T26,T27,T28,T29,T30,T31,T32,T33,T34,T35,T36,T37,T38,T39,T40,T41,T42,T43,T44,T45,T46,T47,T48,T49,T50,T51,T52,T53,T54,T55,T56,T57,T58,T59,T60,T61,T62,T63,T64,T65,T66,T67,T68,T69,T70,T71,T72,T73,T74,T75,T76,T77,T78,T79,T80,T81,T82,T83,T84,T85,T86,T87,T88,T89,T90,T91,T92,T93,T94,T95,T96,T97,T98,T99,T100,T101,T102,T103,T104,T105,T106,T107,T108,T109,T110,T111,T112,T113,T114,T115,T116,T117,T118,T119,T120,T121,T122,T123,T124,T125,T126,T127,T128,T129,T130,T131,T132,T133,T134,T135,T136,T137,T138,T139,T140,T141,T142,T143,T144,T145,T146,T147,T148,T149,T150,T151,T152,T153,T154,T155,T156,T157,T158,T159,T160,T161,T162,T163,T164,T165,T166,T167,T168,T169,T170,T171,T172,T173,T174,T175,T176,T177,T178,T179,T180,T181,T182,T183,T184,T185,T186,T187,T188,T189,T190,T191,T192,T193,T194,T195,T196,T197,T198,T199,T200,T201,T202,T203,T204,T205,T206,T207,T208,T209,T210,T211,T212,T213,T214,T215,T216
STAT,(NULL),Coarsen,217,4756,4756,0,0,0,0,0,0,0,0,0,0,0,0,0,0,0,0,0,0,0,0,0,0,0,0,0,0,0,0,0,0,0,0,0,0,0,0,0,0,0,0,0,0,0,0,0,0,0,0,0,0,0,0,0,0,0,0,0,0,0,0,0,0,0,0,0,0,0,0,0,0,0,0,0,0,0,0,0,0,0,0,0,0,0,0,0,0,0,0,0,0,0,0,0,0,0,0,0,0,0,0,0,0,0,0,0,0,0,0,0,0,0,0,0,0,0,0,0,0,0,0,0,0,0,0,0,0,0,0,0,0,0,0,0,0,0,0,0,0,0,0,0,0,0,0,0,0,0,0,0,0,0,0,0,0,0,0,0,0,0,0,0,0,0,0,0,0,0,0,0,0,0,0,0,0,0,0,0,0,0,0,0,0,0,0,0,0,0,0,0,0,0,0,0,0,0,0,0,0,0,0,0,0,0,0,0,0,0,0,0,0,0,0,0,0,0,0
STAT,(NULL),Conflicts,217,0,0,0,0,0,0,0,0,0,0,0,0,0,0,0,0,0,0,0,0,0,0,0,0,0,0,0,0,0,0,0,0,0,0,0,0,0,0,0,0,0,0,0,0,0,0,0,0,0,0,0,0,0,0,0,0,0,0,0,0,0,0,0,0,0,0,0,0,0,0,0,0,0,0,0,0,0,0,0,0,0,0,0,0,0,0,0,0,0,0,0,0,0,0,0,0,0,0,0,0,0,0,0,0,0,0,0,0,0,0,0,0,0,0,0,0,0,0,0,0,0,0,0,0,0,0,0,0,0,0,0,0,0,0,0,0,0,0,0,0,0,0,0,0,0,0,0,0,0,0,0,0,0,0,0,0,0,0,0,0,0,0,0,0,0,0,0,0,0,0,0,0,0,0,0,0,0,0,0,0,0,0,0,0,0,0,0,0,0,0,0,0,0,0,0,0,0,0,0,0,0,0,0,0,0,0,0,0,0,0,0,0,0,0,0,0,0,0
STAT,(NULL),Iterations,217,31,5,0,0,0,0,0,0,0,0,0,0,0,0,0,0,0,0,0,0,0,2,0,0,0,0,0,0,0,0,0,0,0,0,0,0,0,0,0,0,0,0,0,0,0,0,0,0,0,0,0,0,0,0,1,0,0,0,1,0,0,0,0,0,0,0,0,0,0,0,0,0,0,0,0,0,1,0,0,0,2,0,0,0,0,0,0,0,0,1,0,0,0,0,0,0,0,4,0,0,0,0,0,0,0,0,2,0,2,0,1,0,0,0,0,0,0,0,0,0,0,0,0,0,0,0,0,0,0,0,0,0,0,0,0,0,0,0,0,0,0,0,0,0,0,0,0,0,0,0,0,0,0,0,0,0,0,0,0,0,0,0,0,0,0,0,0,0,0,0,0,3,0,0,0,0,3,0,0,0,0,0,0,1,0,0,0,0,0,0,0,2,0,0,0,0,0,0,0,0,0,0,0,0,0,0,0,0,0,0,0,0,0,0,0,0,0,0
STAT,(NULL),MeminfoPost,217,756590,3493,3481,3489,3500,3492,3501,3481,3493,3475,3476,3491,3500,3495,3532,3514,3498,3474,3483,3486,3475,3490,3495,3495,3510,3476,3501,3494,3468,3484,3476,3492,3494,3502,3475,3474,3480,3490,3484,3484,3493,3497,3492,3490,3481,3490,3477,3495,3487,3503,3511,3537,3501,3475,3484,3480,3476,3495,3486,3501,3494,3495,3491,3490,3480,3480,3483,3480,3498,3498,3478,3481,3478,3485,3489,3493,3489,3482,3495,3522,3479,3485,3493,3494,3484,3483,3498,3475,3484,3477,3478,3496,3471,3469,3486,3490,3496,3489,3484,3483,3478,3483,3472,3472,3477,3487,3475,3490,3510,3510,3485,3473,3480,3478,3497,3488,3474,3470,3467,3479,3489,3490,3493,3500,3496,3485,3487,3479,3478,3489,3478,3481,3484,3470,3477,3469,3478,3470,3490,3484,3474,3472,3502,3514,3507,3504,3500,3474,3480,3480,3497,3474,3467,3472,3488,3489,3493,3500,3486,3486,3474,3490,3476,3482,3479,3474,3468,3482,3472,3490,3471,3491,3506,3508,3509,3505,3489,3476,3481,3477,3470,3487,3492,3512,3510,3497,3506,3505,3486,3472,3484,3498,3473,3488,3479,3483,3474,3461,3483,3475,3481,3501,3468,3467,3467,3481,3474,3478,3489,3475,3485,3478,3491,3487,3487,3490,3481,3485
STAT,(NULL),MeminfoPre,217,189135,878,866,874,885,877,886,866,878,860,861,876,885,880,917,899,883,859,868,871,860,875,880,880,895,861,886,879,853,869,861,877,879,887,860,859,865,875,869,869,878,882,877,875,866,875,862,880,872,888,896,922,886,860,869,865,861,880,871,886,879,880,876,875,865,865,868,865,883,883,863,866,863,870,874,878,874,867,880,907,864,870,878,879,869,868,883,860,869,862,863,881,856,854,871,875,881,874,869,868,863,868,857,857,862,872,860,875,895,895,870,858,865,863,882,873,859,855,852,864,874,875,878,885,881,870,872,864,863,874,863,866,869,855,862,854,863,855,875,869,859,857,887,899,892,889,885,859,865,865,882,859,852,857,873,874,878,885,871,871,859,875,861,867,864,859,853,867,857,875,856,876,891,893,894,890,874,861,866,862,855,872,877,897,895,882,891,890,871,857,869,883,858,873,864,868,859,846,868,860,866,886,853,852,852,866,859,863,874,860,870,863,876,872,872,875,866,870
STAT,(NULL),Partition,217,376,376,0,0,0,0,0,0,0,0,0,0,0,0,0,0,0,0,0,0,0,0,0,0,0,0,0,0,0,0,0,0,0,0,0,0,0,0,0,0,0,0,0,0,0,0,0,0,0,0,0,0,0,0,0,0,0,0,0,0,0,0,0,0,0,0,0,0,0,0,0,0,0,0,0,0,0,0,0,0,0,0,0,0,0,0,0,0,0,0,0,0,0,0,0,0,0,0,0,0,0,0,0,0,0,0,0,0,0,0,0,0,0,0,0,0,0,0,0,0,0,0,0,0,0,0,0,0,0,0,0,0,0,0,0,0,0,0,0,0,0,0,0,0,0,0,0,0,0,0,0,0,0,0,0,0,0,0,0,0,0,0,0,0,0,0,0,0,0,0,0,0,0,0,0,0,0,0,0,0,0,0,0,0,0,0,0,0,0,0,0,0,0,0,0,0,0,0,0,0,0,0,0,0,0,0,0,0,0,0,0,0,0,0,0,0,0,0
STAT,(NULL),Refine,217,3247,3247,0,0,0,0,0,0,0,0,0,0,0,0,0,0,0,0,0,0,0,0,0,0,0,0,0,0,0,0,0,0,0,0,0,0,0,0,0,0,0,0,0,0,0,0,0,0,0,0,0,0,0,0,0,0,0,0,0,0,0,0,0,0,0,0,0,0,0,0,0,0,0,0,0,0,0,0,0,0,0,0,0,0,0,0,0,0,0,0,0,0,0,0,0,0,0,0,0,0,0,0,0,0,0,0,0,0,0,0,0,0,0,0,0,0,0,0,0,0,0,0,0,0,0,0,0,0,0,0,0,0,0,0,0,0,0,0,0,0,0,0,0,0,0,0,0,0,0,0,0,0,0,0,0,0,0,0,0,0,0,0,0,0,0,0,0,0,0,0,0,0,0,0,0,0,0,0,0,0,0,0,0,0,0,0,0,0,0,0,0,0,0,0,0,0,0,0,0,0,0,0,0,0,0,0,0,0,0,0,0,0,0,0,0,0,0,0
STAT,(NULL),Threads,217,217,217,0,0,0,0,0,0,0,0,0,0,0,0,0,0,0,0,0,0,0,0,0,0,0,0,0,0,0,0,0,0,0,0,0,0,0,0,0,0,0,0,0,0,0,0,0,0,0,0,0,0,0,0,0,0,0,0,0,0,0,0,0,0,0,0,0,0,0,0,0,0,0,0,0,0,0,0,0,0,0,0,0,0,0,0,0,0,0,0,0,0,0,0,0,0,0,0,0,0,0,0,0,0,0,0,0,0,0,0,0,0,0,0,0,0,0,0,0,0,0,0,0,0,0,0,0,0,0,0,0,0,0,0,0,0,0,0,0,0,0,0,0,0,0,0,0,0,0,0,0,0,0,0,0,0,0,0,0,0,0,0,0,0,0,0,0,0,0,0,0,0,0,0,0,0,0,0,0,0,0,0,0,0,0,0,0,0,0,0,0,0,0,0,0,0,0,0,0,0,0,0,0,0,0,0,0,0,0,0,0,0,0,0,0,0,0,0
STAT,(NULL),Time,217,8559,8559,0,0,0,0,0,0,0,0,0,0,0,0,0,0,0,0,0,0,0,0,0,0,0,0,0,0,0,0,0,0,0,0,0,0,0,0,0,0,0,0,0,0,0,0,0,0,0,0,0,0,0,0,0,0,0,0,0,0,0,0,0,0,0,0,0,0,0,0,0,0,0,0,0,0,0,0,0,0,0,0,0,0,0,0,0,0,0,0,0,0,0,0,0,0,0,0,0,0,0,0,0,0,0,0,0,0,0,0,0,0,0,0,0,0,0,0,0,0,0,0,0,0,0,0,0,0,0,0,0,0,0,0,0,0,0,0,0,0,0,0,0,0,0,0,0,0,0,0,0,0,0,0,0,0,0,0,0,0,0,0,0,0,0,0,0,0,0,0,0,0,0,0,0,0,0,0,0,0,0,0,0,0,0,0,0,0,0,0,0,0,0,0,0,0,0,0,0,0,0,0,0,0,0,0,0,0,0,0,0,0,0,0,0,0,0,0
STAT,match,Conflicts,217,6208,62,44,44,42,48,44,41,51,37,48,40,42,36,49,36,40,42,32,36,41,34,38,43,40,43,33,45,37,34,40,36,36,28,43,27,40,34,33,37,37,31,30,32,30,36,35,42,45,34,35,35,32,36,37,37,32,26,37,37,29,40,20,26,23,21,23,24,26,28,25,32,29,23,25,20,23,28,23,24,20,21,28,28,29,21,23,24,19,29,20,28,26,28,26,25,28,25,28,21,25,31,31,29,19,24,26,23,20,21,20,28,31,19,29,21,24,27,23,24,23,25,25,31,22,19,26,22,27,23,31,28,23,25,23,26,34,20,29,22,27,25,22,20,23,30,16,28,25,24,18,17,27,28,25,22,21,27,25,30,20,25,22,29,22,28,25,27,23,28,30,31,25,24,27,26,32,26,30,27,28,26,30,22,25,27,29,24,21,26,24,25,31,23,27,23,26,22,23,19,19,24,28,23,26,28,20,22,30,24,27,20,21,24,22,28,28,26
STAT,match,Iterations,217,15073728,35144,59304,46865,67131,43765,54270,50076,53624,63021,47350,69807,52258,59904,57047,48756,43690,54447,59996,49175,74383,65118,63882,69529,59620,64927,57770,53900,51044,41236,57584,46652,61090,48979,48740,50183,90334,63856,56959,56529,65020,48398,66510,69068,75327,51918,81532,58004,51210,37875,70881,63734,65059,66873,70254,65685,69033,84251,64207,59341,77400,55182,52417,72084,73343,59367,48994,70734,78682,78329,59362,68278,65581,71341,63421,82943,57561,48807,75594,67843,84368,79869,61306,43209,84373,61871,76128,72655,73055,59438,71895,87402,66502,77588,51968,75607,85683,79564,74650,72935,71738,88327,97162,74162,60784,75561,81020,74912,86732,79324,102442,73830,56360,101007,54965,80066,118692,78490,98997,62063,73410,67885,63263,57829,88976,63967,65656,81616,85191,76010,77097,61517,73383,69110,92969,78009,68825,71700,72715,69510,71093,55142,87479,80674,66470,78090,49320,62528,49818,66107,90925,93991,69765,68109,64533,71097,58401,75455,89725,70446,80384,107263,81393,79688,80583,68363,77975,65236,87157,78813,72660,80920,68888,87444,81339,55647,70476,58315,68140,73669,53550,78507,70943,71128,79046,86916,54260,83457,81477,61488,50713,75607,75029,94587,79106,58300,70788,81288,72797,90246,86992,83340,61582,75454,79467,62199,95049,77870,59953,72472,62842,77049,68729,65157,81892,68076,79784,78341
STAT,popedge,Conflicts,217,0,0,0,0,0,0,0,0,0,0,0,0,0,0,0,0,0,0,0,0,0,0,0,0,0,0,0,0,0,0,0,0,0,0,0,0,0,0,0,0,0,0,0,0,0,0,0,0,0,0,0,0,0,0,0,0,0,0,0,0,0,0,0,0,0,0,0,0,0,0,0,0,0,0,0,0,0,0,0,0,0,0,0,0,0,0,0,0,0,0,0,0,0,0,0,0,0,0,0,0,0,0,0,0,0,0,0,0,0,0,0,0,0,0,0,0,0,0,0,0,0,0,0,0,0,0,0,0,0,0,0,0,0,0,0,0,0,0,0,0,0,0,0,0,0,0,0,0,0,0,0,0,0,0,0,0,0,0,0,0,0,0,0,0,0,0,0,0,0,0,0,0,0,0,0,0,0,0,0,0,0,0,0,0,0,0,0,0,0,0,0,0,0,0,0,0,0,0,0,0,0,0,0,0,0,0,0,0,0,0,0,0,0,0,0,0,0,0
STAT,popedge,Iterations,217,7384186,32368,33136,30771,32898,31845,31475,32536,33552,31800,32837,31699,32164,32171,31638,31354,31903,31005,32602,32932,33843,31773,31783,30316,30854,31235,30577,32968,34102,32965,34045,31963,33493,33041,33191,37938,35242,38185,36301,37045,34886,36378,36205,36721,37434,36014,36824,35247,38245,34597,36609,37609,34802,35778,36513,34713,37666,36380,34796,33464,36210,37191,32067,32419,31230,33198,32098,32305,29926,32347,32535,33566,33653,32001,32859,32980,30958,31756,33603,31351,30552,32478,33171,31499,34085,31362,32160,31556,30839,34379,32643,33125,33130,32580,31983,31725,36924,38269,36285,35980,38025,32260,36759,37275,36574,35508,36035,36669,35370,37350,39261,35668,35128,36641,37948,37319,40019,37021,39951,37698,37844,37652,37062,31566,32611,31274,33185,33827,32496,29831,33738,32642,32922,33396,32437,32408,31172,30082,30605,28806,35138,32003,34380,31782,31398,31957,32918,34132,31026,32803,38249,33208,33629,32780,33431,31700,31260,36869,37426,35719,38199,37457,36928,38800,34661,38213,37125,36153,36953,34891,38155,35813,33939,38129,38897,36302,36696,37710,35680,36342,36830,36588,36939,37074,30689,33002,31879,32699,32588,33156,32106,33434,33089,33535,33396,34449,32689,33583,32706,33519,30462,30986,32228,34207,31953,31661,32304,31441,32841,30744,35086,34456,32928,33738,32918,33321,32904,31767
STAT,refine,Conflicts,217,6324,112,114,119,106,109,103,95,105,79,81,92,93,85,89,78,81,61,64,69,51,64,70,63,71,58,69,73,52,65,65,54,42,35,43,45,29,36,49,36,41,29,42,30,34,42,34,55,43,28,44,45,36,35,31,43,28,38,39,38,33,34,12,20,16,13,29,15,14,18,19,14,20,14,16,17,14,8,13,15,8,18,25,16,16,24,25,17,20,19,12,22,15,24,15,30,19,17,19,22,23,29,13,24,14,12,16,22,21,24,16,25,16,22,19,17,19,22,21,24,21,29,17,19,17,21,13,15,9,20,13,14,9,12,12,20,25,18,19,11,17,14,13,16,17,18,19,10,22,16,14,20,15,19,20,16,16,32,16,24,33,17,10,23,33,21,15,23,20,25,19,5,19,30,28,23,15,20,9,21,18,25,13,19,11,26,12,16,8,8,9,16,12,14,12,15,13,10,12,12,12,17,12,9,14,9,18,23,19,7,15,12,14,15,11,16,13,14
STAT,refine,Iterations,217,44776,326,418,382,355,319,326,316,388,336,273,329,311,288,339,272,358,197,263,204,252,280,254,219,258,219,182,300,234,222,316,192,154,174,193,220,255,195,228,255,174,144,224,137,250,193,255,366,248,159,352,284,254,192,144,191,132,213,163,187,175,190,139,190,170,131,196,169,127,280,171,144,187,155,203,217,150,190,154,292,159,193,199,96,180,185,195,160,232,212,164,223,144,141,92,260,275,301,197,237,197,233,167,197,167,251,197,191,360,343,276,290,170,280,167,120,170,116,208,195,192,204,182,176,307,136,147,188,178,117,203,207,95,161,139,252,202,142,209,134,233,134,157,262,170,171,286,150,146,183,191,159,179,131,120,185,180,329,299,193,217,326,176,197,182,178,262,211,207,319,214,156,278,319,337,209,153,196,118,202,140,207,123,242,185,171,117,119,129,165,87,252,179,186,172,170,116,188,142,172,96,204,111,123,218,151,189,187,175,88,170,153,149,204,216,154,174,232
