Hello from MIC
Galois Benchmark Suite v2.2.0 (r0)
Copyright (C) 2013 The University of Texas at Austin
http://iss.ices.utexas.edu/galois/

application: GMetis
Partitions a graph into K parts and minimizing the graph cut
http://iss.ices.utexas.edu/?p=projects/galois/benchmarks/gMetis

INFO: CommandLine /work/02556/dpereira/MIC/apps/gmetis/gmetis -t=155 /work/02556/dpereira/Inputs/USA-road-d.W.gr 1024
INFO: Hostname c558-402-mic0.stampede.tacc.utexas.edu
Created Graph with 6262104 nodes and 15248146 edges
Nodes 6262104| Edges 15248146 7624073

  Starting coarsening: 
Time coarsen:  2351 Size of final graph: 21947

  Sarting initial partitioning using GGGP:
Size in decade percentages:  -1,85 -0,859 1,80
Time clustering:  1047

  Sarting refinnement with BKL2
Initial dist
Size in decade percentages:  -1,85 -0,859 1,80
Refined dist
Size in decade percentages:  -1,377 0,262 1,384 2,1
Time refinement:  1492


Time:  5066
Total edge cut : 31589

Part saved in : 0x7fff4feeca60
STATTYPE,LOOP,CATEGORY,n,sum,T0,T1,T2,T3,T4,T5,T6,T7,T8,T9,T10,T11,T12,T13,T14,T15,T16,T17,T18,T19,T20,T21,T22,T23,T24,T25,T26,T27,T28,T29,T30,T31,T32,T33,T34,T35,T36,T37,T38,T39,T40,T41,T42,T43,T44,T45,T46,T47,T48,T49,T50,T51,T52,T53,T54,T55,T56,T57,T58,T59,T60,T61,T62,T63,T64,T65,T66,T67,T68,T69,T70,T71,T72,T73,T74,T75,T76,T77,T78,T79,T80,T81,T82,T83,T84,T85,T86,T87,T88,T89,T90,T91,T92,T93,T94,T95,T96,T97,T98,T99,T100,T101,T102,T103,T104,T105,T106,T107,T108,T109,T110,T111,T112,T113,T114,T115,T116,T117,T118,T119,T120,T121,T122,T123,T124,T125,T126,T127,T128,T129,T130,T131,T132,T133,T134,T135,T136,T137,T138,T139,T140,T141,T142,T143,T144,T145,T146,T147,T148,T149,T150,T151,T152,T153,T154
STAT,(NULL),Coarsen,155,2351,2351,0,0,0,0,0,0,0,0,0,0,0,0,0,0,0,0,0,0,0,0,0,0,0,0,0,0,0,0,0,0,0,0,0,0,0,0,0,0,0,0,0,0,0,0,0,0,0,0,0,0,0,0,0,0,0,0,0,0,0,0,0,0,0,0,0,0,0,0,0,0,0,0,0,0,0,0,0,0,0,0,0,0,0,0,0,0,0,0,0,0,0,0,0,0,0,0,0,0,0,0,0,0,0,0,0,0,0,0,0,0,0,0,0,0,0,0,0,0,0,0,0,0,0,0,0,0,0,0,0,0,0,0,0,0,0,0,0,0,0,0,0,0,0,0,0,0,0,0,0,0,0,0,0,0
STAT,(NULL),Conflicts,155,0,0,0,0,0,0,0,0,0,0,0,0,0,0,0,0,0,0,0,0,0,0,0,0,0,0,0,0,0,0,0,0,0,0,0,0,0,0,0,0,0,0,0,0,0,0,0,0,0,0,0,0,0,0,0,0,0,0,0,0,0,0,0,0,0,0,0,0,0,0,0,0,0,0,0,0,0,0,0,0,0,0,0,0,0,0,0,0,0,0,0,0,0,0,0,0,0,0,0,0,0,0,0,0,0,0,0,0,0,0,0,0,0,0,0,0,0,0,0,0,0,0,0,0,0,0,0,0,0,0,0,0,0,0,0,0,0,0,0,0,0,0,0,0,0,0,0,0,0,0,0,0,0,0,0,0
STAT,(NULL),Iterations,155,2047,11,7,26,6,16,5,23,13,11,11,12,12,5,22,6,19,14,21,14,8,12,15,10,20,9,14,11,5,13,17,14,15,10,23,11,12,13,7,21,26,6,15,8,10,7,23,21,13,15,16,17,15,14,19,14,22,12,12,9,20,19,12,2,11,9,9,17,10,3,11,10,9,8,5,17,15,12,13,14,9,14,16,3,13,12,10,14,18,9,19,16,11,15,8,19,16,12,13,14,15,20,17,16,16,9,10,10,18,25,18,16,13,11,14,27,10,21,19,11,7,12,18,17,9,17,6,12,10,12,7,14,13,12,12,11,16,7,18,12,17,13,16,6,7,8,23,13,9,12,10,7,15,12,11,15
STAT,(NULL),MeminfoPost,155,756770,4888,4884,4899,4887,4884,4882,4866,4891,4901,4927,4927,4865,4880,4870,4885,4895,4900,4890,4885,4874,4872,4881,4900,4878,4872,4873,4885,4883,4901,4884,4885,4885,4864,4893,4902,4933,4919,4871,4878,4869,4884,4898,4899,4891,4885,4872,4873,4884,4904,4869,4875,4873,4885,4888,4880,4914,4888,4878,4894,4882,4884,4880,4876,4869,4888,4858,4872,4890,4896,4874,4877,4872,4868,4865,4875,4864,4911,4909,4876,4870,4872,4899,4865,4856,4867,4887,4891,4897,4895,4876,4868,4887,4866,4875,4869,4862,4868,4861,4890,4867,4874,4909,4917,4905,4874,4872,4893,4865,4855,4880,4888,4894,4885,4874,4881,4871,4874,4861,4871,4863,4881,4870,4912,4910,4914,4882,4870,4866,4873,4889,4921,4901,4906,4900,4864,4886,4876,4887,4872,4865,4854,4868,4893,4870,4857,4873,4854,4890,4862,4877,4877,4885,4881,4876,4886
STAT,(NULL),MeminfoPre,155,189160,1226,1222,1237,1225,1222,1220,1204,1229,1239,1265,1265,1203,1218,1208,1223,1233,1238,1228,1223,1212,1210,1219,1238,1216,1210,1211,1223,1221,1239,1222,1223,1223,1202,1231,1240,1271,1257,1209,1216,1207,1222,1236,1237,1229,1223,1210,1211,1222,1242,1207,1213,1211,1223,1226,1218,1252,1226,1216,1232,1220,1222,1218,1214,1207,1226,1196,1210,1228,1234,1212,1215,1210,1206,1203,1213,1202,1249,1247,1214,1208,1210,1237,1203,1194,1205,1225,1229,1235,1233,1214,1206,1225,1204,1213,1207,1200,1206,1199,1228,1205,1212,1247,1255,1243,1212,1210,1231,1203,1193,1218,1226,1232,1223,1212,1219,1209,1212,1199,1209,1201,1219,1208,1250,1248,1252,1220,1208,1204,1211,1227,1259,1239,1244,1238,1202,1224,1214,1225,1210,1203,1192,1206,1231,1208,1195,1211,1192,1228,1200,1215,1215,1223,1219,1214,1224
STAT,(NULL),Partition,155,1047,1047,0,0,0,0,0,0,0,0,0,0,0,0,0,0,0,0,0,0,0,0,0,0,0,0,0,0,0,0,0,0,0,0,0,0,0,0,0,0,0,0,0,0,0,0,0,0,0,0,0,0,0,0,0,0,0,0,0,0,0,0,0,0,0,0,0,0,0,0,0,0,0,0,0,0,0,0,0,0,0,0,0,0,0,0,0,0,0,0,0,0,0,0,0,0,0,0,0,0,0,0,0,0,0,0,0,0,0,0,0,0,0,0,0,0,0,0,0,0,0,0,0,0,0,0,0,0,0,0,0,0,0,0,0,0,0,0,0,0,0,0,0,0,0,0,0,0,0,0,0,0,0,0,0,0
STAT,(NULL),Refine,155,1492,1492,0,0,0,0,0,0,0,0,0,0,0,0,0,0,0,0,0,0,0,0,0,0,0,0,0,0,0,0,0,0,0,0,0,0,0,0,0,0,0,0,0,0,0,0,0,0,0,0,0,0,0,0,0,0,0,0,0,0,0,0,0,0,0,0,0,0,0,0,0,0,0,0,0,0,0,0,0,0,0,0,0,0,0,0,0,0,0,0,0,0,0,0,0,0,0,0,0,0,0,0,0,0,0,0,0,0,0,0,0,0,0,0,0,0,0,0,0,0,0,0,0,0,0,0,0,0,0,0,0,0,0,0,0,0,0,0,0,0,0,0,0,0,0,0,0,0,0,0,0,0,0,0,0,0
STAT,(NULL),Threads,155,155,155,0,0,0,0,0,0,0,0,0,0,0,0,0,0,0,0,0,0,0,0,0,0,0,0,0,0,0,0,0,0,0,0,0,0,0,0,0,0,0,0,0,0,0,0,0,0,0,0,0,0,0,0,0,0,0,0,0,0,0,0,0,0,0,0,0,0,0,0,0,0,0,0,0,0,0,0,0,0,0,0,0,0,0,0,0,0,0,0,0,0,0,0,0,0,0,0,0,0,0,0,0,0,0,0,0,0,0,0,0,0,0,0,0,0,0,0,0,0,0,0,0,0,0,0,0,0,0,0,0,0,0,0,0,0,0,0,0,0,0,0,0,0,0,0,0,0,0,0,0,0,0,0,0,0
STAT,(NULL),Time,155,5066,5066,0,0,0,0,0,0,0,0,0,0,0,0,0,0,0,0,0,0,0,0,0,0,0,0,0,0,0,0,0,0,0,0,0,0,0,0,0,0,0,0,0,0,0,0,0,0,0,0,0,0,0,0,0,0,0,0,0,0,0,0,0,0,0,0,0,0,0,0,0,0,0,0,0,0,0,0,0,0,0,0,0,0,0,0,0,0,0,0,0,0,0,0,0,0,0,0,0,0,0,0,0,0,0,0,0,0,0,0,0,0,0,0,0,0,0,0,0,0,0,0,0,0,0,0,0,0,0,0,0,0,0,0,0,0,0,0,0,0,0,0,0,0,0,0,0,0,0,0,0,0,0,0,0,0
STAT,match,Conflicts,155,5666,52,61,57,49,50,60,57,58,52,52,46,61,53,54,59,59,46,54,42,46,50,47,55,58,56,40,49,42,42,40,49,46,46,42,46,40,47,42,35,38,31,40,42,45,31,44,40,42,46,37,39,42,40,39,34,39,42,39,34,31,48,30,34,31,31,31,38,33,25,19,32,34,29,24,31,29,33,22,27,38,28,30,38,34,34,30,23,35,37,33,35,22,34,33,26,33,34,23,25,30,30,29,24,32,38,31,32,25,28,30,33,25,32,22,27,32,22,36,30,26,31,36,30,28,26,32,34,28,36,21,29,36,28,32,28,26,23,37,32,30,37,39,31,35,35,38,32,31,27,34,26,20,31,32,40
STAT,match,Iterations,155,14977926,55678,77690,77466,81923,88719,90997,78281,64622,83432,79046,84778,77195,78465,89130,81471,83540,80769,85913,106398,91679,83750,76360,85116,85870,70944,81061,79580,87084,78455,74213,62497,76889,79339,88560,105266,98669,84065,104880,97128,78483,94931,96913,103870,82135,102708,99539,114339,105099,86861,115593,94016,87645,92306,96246,104118,96821,97828,106644,95904,100687,92982,96474,88097,82633,99803,105427,87558,83080,103900,120286,87843,106940,94115,106987,110940,99148,87087,107747,117430,85819,120931,80806,116446,89131,98372,112996,105121,101473,93706,83200,80017,104787,111212,110913,122972,117918,84680,114178,128924,93598,120830,104242,105327,128223,111799,102629,103655,112664,115069,124050,96862,114999,108430,125633,99991,109123,124253,84768,112977,116393,108128,89472,90148,99384,93054,92084,99581,93716,91226,113429,93507,78214,104298,106417,96630,106262,114297,114925,86499,92091,100733,85747,95406,98378,94863,103393,77766,99993,113451,88924,111376,114313,114176,81101,87746
STAT,popedge,Conflicts,155,0,0,0,0,0,0,0,0,0,0,0,0,0,0,0,0,0,0,0,0,0,0,0,0,0,0,0,0,0,0,0,0,0,0,0,0,0,0,0,0,0,0,0,0,0,0,0,0,0,0,0,0,0,0,0,0,0,0,0,0,0,0,0,0,0,0,0,0,0,0,0,0,0,0,0,0,0,0,0,0,0,0,0,0,0,0,0,0,0,0,0,0,0,0,0,0,0,0,0,0,0,0,0,0,0,0,0,0,0,0,0,0,0,0,0,0,0,0,0,0,0,0,0,0,0,0,0,0,0,0,0,0,0,0,0,0,0,0,0,0,0,0,0,0,0,0,0,0,0,0,0,0,0,0,0,0
STAT,popedge,Iterations,155,7340406,43395,43016,43363,44971,43588,44163,45910,44136,45817,43845,45056,46873,45542,47168,45296,46013,43229,47324,45119,47923,44891,47693,44864,47185,47321,47346,46512,43654,44183,46894,46975,46481,45290,53527,52973,53347,52791,52461,51653,54789,51141,50223,51792,53253,51493,50685,50901,53788,51275,50537,51999,52540,48420,47134,48532,48131,49734,50003,50132,47814,45995,43614,41803,42729,41066,41953,43839,42792,44026,43511,43751,43701,43825,43748,44883,45804,44896,43518,46132,45777,46208,44334,45319,45872,46306,44180,43407,46003,44910,44985,46186,44306,45435,47288,54249,49539,52280,50290,53335,52776,50751,51415,49372,54916,50299,51891,51489,52595,54360,48544,52756,54291,48437,48861,51427,51480,49577,51270,51386,51707,47539,49822,43418,41210,42886,42304,42316,41724,42787,42004,45480,45175,45841,46630,49328,47267,47008,47812,47022,47639,49774,49766,42927,48378,45739,44475,48800,46003,45344,47605,45914,46481,46251,46883,47355
STAT,refine,Conflicts,155,5160,96,91,82,85,82,73,77,64,61,61,64,55,60,57,62,51,56,55,43,57,59,51,43,54,48,56,52,47,56,54,42,45,51,36,41,37,34,31,26,33,36,55,44,31,35,37,37,27,29,38,38,40,36,33,38,42,39,38,38,35,36,18,29,27,24,22,24,19,14,25,18,38,18,18,25,22,26,20,35,29,20,22,14,19,17,14,25,28,15,20,17,13,25,20,30,16,29,18,28,20,23,26,22,36,28,17,20,20,24,21,28,28,20,25,25,27,17,21,26,15,21,21,33,18,24,32,27,23,27,20,26,32,33,23,22,17,22,23,30,29,19,22,18,21,13,19,24,31,23,14,23,19,18,22,31
STAT,refine,Iterations,155,429790,2384,2611,2789,2785,2381,2900,2392,2624,3359,2459,3189,2341,1885,3134,2711,3337,2675,2944,2333,2576,2160,2444,1997,2060,2270,2473,2493,2363,2733,1720,2294,1890,2414,2826,3293,3411,3201,2810,2308,2474,2856,4402,2929,2708,3563,2754,2778,2943,2428,3080,2743,2963,2729,2420,2970,3334,2939,3526,2688,3046,2690,2665,2614,2467,2490,1995,2653,2580,2503,3032,2635,3040,2489,2273,3290,2773,3227,3314,3516,2579,2718,2461,2408,1753,2161,2847,2573,3090,2382,2746,1896,2489,2098,2384,3578,3320,3034,3186,3297,2729,3345,3344,4057,4168,3146,2868,2908,2445,3265,3372,3632,3702,2852,3191,2938,3363,3149,2662,3838,2628,2963,3056,2802,2615,3050,2654,2706,1969,2664,2763,3476,2753,3603,2760,2147,3283,2911,3103,2920,3328,2193,2377,2400,2573,1763,2430,2072,2827,2491,2661,2929,2398,2233,1898,2929
