Hello from MIC
Galois Benchmark Suite v2.2.0 (r0)
Copyright (C) 2013 The University of Texas at Austin
http://iss.ices.utexas.edu/galois/

application: GMetis
Partitions a graph into K parts and minimizing the graph cut
http://iss.ices.utexas.edu/?p=projects/galois/benchmarks/gMetis

INFO: CommandLine /work/02556/dpereira/MIC/apps/gmetis/gmetis -t=204 /work/02556/dpereira/Inputs/USA-road-d.W.gr 16
INFO: Hostname c558-003-mic0.stampede.tacc.utexas.edu
Created Graph with 6262104 nodes and 15248146 edges
Nodes 6262104| Edges 15248146 7624073

  Starting coarsening: 
Time coarsen:  4300 Size of final graph: 433

  Sarting initial partitioning using GGGP:
Size in decade percentages:  -0,16
Time clustering:  373

  Sarting refinnement with BKL2
Initial dist
Size in decade percentages:  -0,16
Refined dist
Size in decade percentages:  -1,5 -0,5 1,6
Time refinement:  2678


Time:  7529
Total edge cut : 2033

Part saved in : 0x7fff9221c8e0
STATTYPE,LOOP,CATEGORY,n,sum,T0,T1,T2,T3,T4,T5,T6,T7,T8,T9,T10,T11,T12,T13,T14,T15,T16,T17,T18,T19,T20,T21,T22,T23,T24,T25,T26,T27,T28,T29,T30,T31,T32,T33,T34,T35,T36,T37,T38,T39,T40,T41,T42,T43,T44,T45,T46,T47,T48,T49,T50,T51,T52,T53,T54,T55,T56,T57,T58,T59,T60,T61,T62,T63,T64,T65,T66,T67,T68,T69,T70,T71,T72,T73,T74,T75,T76,T77,T78,T79,T80,T81,T82,T83,T84,T85,T86,T87,T88,T89,T90,T91,T92,T93,T94,T95,T96,T97,T98,T99,T100,T101,T102,T103,T104,T105,T106,T107,T108,T109,T110,T111,T112,T113,T114,T115,T116,T117,T118,T119,T120,T121,T122,T123,T124,T125,T126,T127,T128,T129,T130,T131,T132,T133,T134,T135,T136,T137,T138,T139,T140,T141,T142,T143,T144,T145,T146,T147,T148,T149,T150,T151,T152,T153,T154,T155,T156,T157,T158,T159,T160,T161,T162,T163,T164,T165,T166,T167,T168,T169,T170,T171,T172,T173,T174,T175,T176,T177,T178,T179,T180,T181,T182,T183,T184,T185,T186,T187,T188,T189,T190,T191,T192,T193,T194,T195,T196,T197,T198,T199,T200,T201,T202,T203
STAT,(NULL),Coarsen,204,4300,4300,0,0,0,0,0,0,0,0,0,0,0,0,0,0,0,0,0,0,0,0,0,0,0,0,0,0,0,0,0,0,0,0,0,0,0,0,0,0,0,0,0,0,0,0,0,0,0,0,0,0,0,0,0,0,0,0,0,0,0,0,0,0,0,0,0,0,0,0,0,0,0,0,0,0,0,0,0,0,0,0,0,0,0,0,0,0,0,0,0,0,0,0,0,0,0,0,0,0,0,0,0,0,0,0,0,0,0,0,0,0,0,0,0,0,0,0,0,0,0,0,0,0,0,0,0,0,0,0,0,0,0,0,0,0,0,0,0,0,0,0,0,0,0,0,0,0,0,0,0,0,0,0,0,0,0,0,0,0,0,0,0,0,0,0,0,0,0,0,0,0,0,0,0,0,0,0,0,0,0,0,0,0,0,0,0,0,0,0,0,0,0,0,0,0,0,0,0,0,0,0,0,0,0
STAT,(NULL),Conflicts,204,0,0,0,0,0,0,0,0,0,0,0,0,0,0,0,0,0,0,0,0,0,0,0,0,0,0,0,0,0,0,0,0,0,0,0,0,0,0,0,0,0,0,0,0,0,0,0,0,0,0,0,0,0,0,0,0,0,0,0,0,0,0,0,0,0,0,0,0,0,0,0,0,0,0,0,0,0,0,0,0,0,0,0,0,0,0,0,0,0,0,0,0,0,0,0,0,0,0,0,0,0,0,0,0,0,0,0,0,0,0,0,0,0,0,0,0,0,0,0,0,0,0,0,0,0,0,0,0,0,0,0,0,0,0,0,0,0,0,0,0,0,0,0,0,0,0,0,0,0,0,0,0,0,0,0,0,0,0,0,0,0,0,0,0,0,0,0,0,0,0,0,0,0,0,0,0,0,0,0,0,0,0,0,0,0,0,0,0,0,0,0,0,0,0,0,0,0,0,0,0,0,0,0,0,0
STAT,(NULL),Iterations,204,31,5,0,0,0,0,0,0,0,0,0,0,2,0,0,0,0,0,0,0,0,0,0,0,0,0,0,0,0,0,0,0,0,0,0,0,0,0,0,0,0,0,0,0,1,0,1,0,0,0,0,0,3,0,0,0,0,0,0,0,0,0,0,0,0,0,0,0,0,0,0,0,0,0,0,0,0,0,0,0,0,0,0,0,1,0,0,0,0,1,0,0,0,0,1,0,0,0,0,0,0,0,0,0,0,0,0,0,0,0,0,0,0,0,0,0,0,0,0,0,0,0,0,0,0,0,0,1,0,4,0,0,0,0,3,0,0,0,0,0,0,0,0,0,0,0,0,0,0,0,0,0,0,0,0,0,0,0,0,2,0,0,0,0,0,0,0,0,0,0,1,0,0,0,2,0,0,0,0,0,0,0,0,0,0,0,1,0,0,0,0,0,0,2,0,0,0,0,0,0,0,0,0,0,0
STAT,(NULL),MeminfoPost,204,756952,3717,3700,3721,3728,3714,3714,3703,3716,3699,3719,3711,3727,3741,3757,3717,3698,3708,3708,3704,3719,3713,3728,3714,3717,3713,3706,3700,3708,3710,3720,3727,3697,3699,3704,3712,3707,3712,3728,3715,3716,3708,3716,3699,3721,3704,3729,3735,3762,3725,3695,3707,3707,3701,3712,3722,3723,3717,3718,3714,3711,3699,3703,3706,3721,3723,3705,3700,3704,3709,3716,3714,3705,3720,3741,3712,3703,3717,3721,3708,3707,3717,3704,3704,3701,3715,3703,3691,3704,3711,3720,3716,3711,3699,3705,3708,3697,3692,3699,3713,3695,3730,3735,3721,3704,3700,3703,3712,3722,3696,3692,3691,3706,3713,3714,3720,3721,3722,3704,3712,3692,3719,3698,3705,3706,3697,3698,3692,3705,3689,3723,3700,3694,3709,3731,3737,3729,3731,3702,3703,3701,3724,3698,3690,3698,3713,3719,3715,3722,3704,3706,3705,3705,3703,3706,3697,3691,3705,3701,3708,3692,3719,3738,3728,3741,3719,3706,3701,3701,3698,3707,3718,3732,3735,3720,3733,3730,3708,3694,3713,3706,3707,3706,3710,3691,3691,3705,3696,3704,3728,3689,3691,3702,3696,3694,3719,3693,3704,3706,3713,3710,3711,3712,3704,3710
STAT,(NULL),MeminfoPre,204,189220,934,917,938,945,931,931,920,933,916,936,928,944,958,974,934,915,925,925,921,936,930,945,931,934,930,923,917,925,927,937,944,914,916,921,929,924,929,945,932,933,925,933,916,938,921,946,952,979,942,912,924,924,918,929,939,940,934,935,931,928,916,920,923,938,940,922,917,921,926,933,931,922,937,958,929,920,934,938,925,924,934,921,921,918,932,920,908,921,928,937,933,928,916,922,925,914,909,916,930,912,947,952,938,921,917,920,929,939,913,909,908,923,930,931,937,938,939,921,929,909,936,915,922,923,914,915,909,922,906,940,917,911,926,948,954,946,948,919,920,918,941,915,907,915,930,936,932,939,921,923,922,922,920,923,914,908,922,918,925,909,936,955,945,958,936,923,918,918,915,924,935,949,952,937,950,947,925,911,930,923,924,923,927,908,908,922,913,921,945,906,908,919,913,911,936,910,921,923,930,927,928,929,921,927
STAT,(NULL),Partition,204,373,373,0,0,0,0,0,0,0,0,0,0,0,0,0,0,0,0,0,0,0,0,0,0,0,0,0,0,0,0,0,0,0,0,0,0,0,0,0,0,0,0,0,0,0,0,0,0,0,0,0,0,0,0,0,0,0,0,0,0,0,0,0,0,0,0,0,0,0,0,0,0,0,0,0,0,0,0,0,0,0,0,0,0,0,0,0,0,0,0,0,0,0,0,0,0,0,0,0,0,0,0,0,0,0,0,0,0,0,0,0,0,0,0,0,0,0,0,0,0,0,0,0,0,0,0,0,0,0,0,0,0,0,0,0,0,0,0,0,0,0,0,0,0,0,0,0,0,0,0,0,0,0,0,0,0,0,0,0,0,0,0,0,0,0,0,0,0,0,0,0,0,0,0,0,0,0,0,0,0,0,0,0,0,0,0,0,0,0,0,0,0,0,0,0,0,0,0,0,0,0,0,0,0,0
STAT,(NULL),Refine,204,2678,2678,0,0,0,0,0,0,0,0,0,0,0,0,0,0,0,0,0,0,0,0,0,0,0,0,0,0,0,0,0,0,0,0,0,0,0,0,0,0,0,0,0,0,0,0,0,0,0,0,0,0,0,0,0,0,0,0,0,0,0,0,0,0,0,0,0,0,0,0,0,0,0,0,0,0,0,0,0,0,0,0,0,0,0,0,0,0,0,0,0,0,0,0,0,0,0,0,0,0,0,0,0,0,0,0,0,0,0,0,0,0,0,0,0,0,0,0,0,0,0,0,0,0,0,0,0,0,0,0,0,0,0,0,0,0,0,0,0,0,0,0,0,0,0,0,0,0,0,0,0,0,0,0,0,0,0,0,0,0,0,0,0,0,0,0,0,0,0,0,0,0,0,0,0,0,0,0,0,0,0,0,0,0,0,0,0,0,0,0,0,0,0,0,0,0,0,0,0,0,0,0,0,0,0
STAT,(NULL),Threads,204,204,204,0,0,0,0,0,0,0,0,0,0,0,0,0,0,0,0,0,0,0,0,0,0,0,0,0,0,0,0,0,0,0,0,0,0,0,0,0,0,0,0,0,0,0,0,0,0,0,0,0,0,0,0,0,0,0,0,0,0,0,0,0,0,0,0,0,0,0,0,0,0,0,0,0,0,0,0,0,0,0,0,0,0,0,0,0,0,0,0,0,0,0,0,0,0,0,0,0,0,0,0,0,0,0,0,0,0,0,0,0,0,0,0,0,0,0,0,0,0,0,0,0,0,0,0,0,0,0,0,0,0,0,0,0,0,0,0,0,0,0,0,0,0,0,0,0,0,0,0,0,0,0,0,0,0,0,0,0,0,0,0,0,0,0,0,0,0,0,0,0,0,0,0,0,0,0,0,0,0,0,0,0,0,0,0,0,0,0,0,0,0,0,0,0,0,0,0,0,0,0,0,0,0,0
STAT,(NULL),Time,204,7529,7529,0,0,0,0,0,0,0,0,0,0,0,0,0,0,0,0,0,0,0,0,0,0,0,0,0,0,0,0,0,0,0,0,0,0,0,0,0,0,0,0,0,0,0,0,0,0,0,0,0,0,0,0,0,0,0,0,0,0,0,0,0,0,0,0,0,0,0,0,0,0,0,0,0,0,0,0,0,0,0,0,0,0,0,0,0,0,0,0,0,0,0,0,0,0,0,0,0,0,0,0,0,0,0,0,0,0,0,0,0,0,0,0,0,0,0,0,0,0,0,0,0,0,0,0,0,0,0,0,0,0,0,0,0,0,0,0,0,0,0,0,0,0,0,0,0,0,0,0,0,0,0,0,0,0,0,0,0,0,0,0,0,0,0,0,0,0,0,0,0,0,0,0,0,0,0,0,0,0,0,0,0,0,0,0,0,0,0,0,0,0,0,0,0,0,0,0,0,0,0,0,0,0,0
STAT,match,Conflicts,204,6599,60,50,56,42,57,50,52,47,40,49,52,47,40,47,43,55,44,50,41,50,52,48,47,46,46,43,54,47,41,42,46,40,34,38,36,38,34,40,36,41,33,42,41,38,42,32,40,46,40,42,32,42,34,40,44,43,41,40,33,34,33,24,24,23,23,22,25,35,25,29,30,34,24,16,29,27,32,25,28,21,32,27,26,28,28,28,31,28,26,29,25,33,33,32,26,35,29,26,38,32,32,26,32,32,25,30,25,27,29,26,25,30,34,32,25,27,35,26,26,24,25,26,24,31,24,28,24,29,27,21,27,28,24,29,18,20,22,34,22,30,29,24,23,29,29,28,36,31,36,36,25,23,29,30,28,30,32,31,29,31,19,35,30,28,26,39,30,25,32,32,27,30,30,28,30,35,34,28,26,23,30,29,24,26,30,24,22,26,25,27,26,27,25,33,22,28,26,23,27,26,31,18,20,26
STAT,match,Iterations,204,15048738,48253,48998,44931,64319,42562,39002,59851,55185,67391,58368,54368,58342,54659,55228,43645,52136,63634,60420,51514,65038,61644,46927,62730,75824,68305,62623,66562,52323,60764,56274,53615,65471,65995,67979,94082,72306,57839,88673,71820,59108,63824,69430,63979,77326,85831,58991,66368,63024,60537,57989,76939,53273,52399,79061,50915,57093,44645,63891,71268,80756,82773,63732,75309,82484,75886,81010,88420,71204,72313,80616,67256,82514,83427,85448,72056,64574,81706,66970,74656,67507,66216,81257,102539,86746,76964,79096,78382,92172,74324,69666,74047,76291,80351,61037,80928,80250,86380,85960,67436,90253,84183,86410,94210,72223,119482,94105,85715,79707,80058,78042,103700,79078,73155,80917,98633,71464,78228,72875,71034,61507,87987,66864,64308,62692,92189,65740,83437,59646,83451,79679,73978,64966,79006,59476,68306,85472,78185,82584,79861,78824,61872,94826,93317,67433,72581,74387,103611,91837,83823,71025,93396,99307,82975,72215,94820,63525,99965,81381,70331,82959,94376,77571,72119,79604,79717,71329,83151,62854,86475,78633,98438,77827,80907,86637,77744,86781,80616,76121,70505,92080,96740,76135,80559,66767,76126,74527,72928,60672,81097,71139,71948,98164,66456,68539,73597,63882,72097,70952,74853,76709,65712,82311,87539,82438
STAT,popedge,Conflicts,204,0,0,0,0,0,0,0,0,0,0,0,0,0,0,0,0,0,0,0,0,0,0,0,0,0,0,0,0,0,0,0,0,0,0,0,0,0,0,0,0,0,0,0,0,0,0,0,0,0,0,0,0,0,0,0,0,0,0,0,0,0,0,0,0,0,0,0,0,0,0,0,0,0,0,0,0,0,0,0,0,0,0,0,0,0,0,0,0,0,0,0,0,0,0,0,0,0,0,0,0,0,0,0,0,0,0,0,0,0,0,0,0,0,0,0,0,0,0,0,0,0,0,0,0,0,0,0,0,0,0,0,0,0,0,0,0,0,0,0,0,0,0,0,0,0,0,0,0,0,0,0,0,0,0,0,0,0,0,0,0,0,0,0,0,0,0,0,0,0,0,0,0,0,0,0,0,0,0,0,0,0,0,0,0,0,0,0,0,0,0,0,0,0,0,0,0,0,0,0,0,0,0,0,0,0
STAT,popedge,Iterations,204,7372566,33272,33988,32561,30948,33622,33128,34544,34256,33226,33537,33461,32951,33244,33091,35352,34954,32055,34177,35823,33004,34662,37666,37922,37307,37183,39246,40229,36914,37160,38699,37429,38009,38634,38837,39876,36507,36816,37870,37714,38984,36303,38253,37256,38495,39441,36653,35946,39036,36541,37729,39660,36627,38253,37060,36278,40067,38348,38457,38595,39064,38338,33177,33296,32992,32101,32918,32025,32437,31481,33040,31714,33123,32765,33221,32237,31882,32765,32324,32802,31024,33718,32907,37067,37666,36821,38670,37912,40048,35365,35729,37074,37596,38108,36683,38735,37733,36488,37117,38114,37940,37739,36887,37981,37542,41164,36822,37390,39687,36299,39258,41411,39670,38780,37800,39136,39362,38032,37559,36998,39477,38667,40253,34831,34526,32664,32710,32030,32726,32841,33510,33425,32826,33525,32826,31021,33122,31685,32769,32753,32862,32535,32887,33921,38684,35402,37934,37795,39823,39280,37542,37411,38448,39073,37974,35187,39860,37941,36914,37945,38826,41202,37679,37514,39775,38464,38241,40723,38550,37019,39285,40105,39728,38953,38959,39758,36747,40086,36845,38253,38486,38551,39472,38289,33205,33749,34479,32453,34595,32770,33592,34439,32786,33760,33951,33147,31965,33541,32724,34794,33480,34226,33508,36353,36344
STAT,refine,Conflicts,204,6018,113,114,110,106,100,106,92,92,87,96,98,85,88,87,57,70,58,59,67,78,64,72,70,65,61,57,60,57,58,56,41,39,34,34,47,35,46,50,39,49,38,53,39,34,45,47,43,32,43,35,49,26,38,30,46,29,36,41,33,31,31,16,8,14,12,13,11,12,20,15,17,17,14,8,16,13,13,20,9,9,15,20,36,19,15,20,11,24,13,20,17,10,14,17,12,24,16,22,27,17,28,18,21,19,16,21,17,19,18,12,17,31,12,22,24,25,16,13,8,9,15,17,6,16,9,17,15,20,14,8,17,16,20,7,13,17,12,16,13,13,13,12,17,18,8,27,20,21,17,13,16,16,17,27,22,11,23,24,28,27,26,26,21,28,19,17,23,30,25,19,21,21,25,15,22,10,24,8,14,22,18,28,11,19,6,16,25,18,15,11,8,18,13,16,21,8,14,12,18,10,13,13,18,7
STAT,refine,Iterations,204,42465,333,340,352,330,333,296,302,309,309,344,290,318,299,334,249,282,208,171,196,248,294,230,290,299,331,170,260,177,219,224,217,198,205,211,397,191,153,310,149,271,299,348,200,263,272,175,283,345,243,157,327,117,187,146,196,194,177,207,147,118,127,116,93,154,168,162,151,113,124,156,119,165,178,155,236,124,230,171,94,75,166,184,232,231,132,223,93,297,184,203,171,208,135,130,262,345,295,185,275,187,312,347,285,197,232,237,207,203,185,127,167,261,199,258,228,178,155,180,96,118,152,165,193,175,153,126,225,128,148,139,218,180,167,190,167,334,222,194,152,116,85,121,171,166,188,254,232,129,256,152,137,177,253,226,206,298,348,247,189,305,194,252,346,360,173,251,290,191,281,208,200,188,302,233,269,140,312,120,176,143,153,170,110,112,136,193,219,122,148,110,160,171,171,162,253,96,179,137,316,185,123,159,212,94
