Hello from MIC
Galois Benchmark Suite v2.2.0 (r0)
Copyright (C) 2013 The University of Texas at Austin
http://iss.ices.utexas.edu/galois/

application: GMetis
Partitions a graph into K parts and minimizing the graph cut
http://iss.ices.utexas.edu/?p=projects/galois/benchmarks/gMetis

INFO: CommandLine /work/02556/dpereira/MIC/apps/gmetis/gmetis -t=124 /work/02556/dpereira/Inputs/USA-road-d.W.gr 16
INFO: Hostname c558-001-mic0.stampede.tacc.utexas.edu
Created Graph with 6262104 nodes and 15248146 edges
Nodes 6262104| Edges 15248146 7624073

  Starting coarsening: 
Time coarsen:  2731 Size of final graph: 432

  Sarting initial partitioning using GGGP:
Size in decade percentages:  -0,15 1,1
Time clustering:  360

  Sarting refinnement with BKL2
Initial dist
Size in decade percentages:  -0,15 1,1
Refined dist
Size in decade percentages:  -1,7 -0,2 1,7
Time refinement:  1523


Time:  4790
Total edge cut : 2190

Part saved in : 0x7fff6ce2d160
STATTYPE,LOOP,CATEGORY,n,sum,T0,T1,T2,T3,T4,T5,T6,T7,T8,T9,T10,T11,T12,T13,T14,T15,T16,T17,T18,T19,T20,T21,T22,T23,T24,T25,T26,T27,T28,T29,T30,T31,T32,T33,T34,T35,T36,T37,T38,T39,T40,T41,T42,T43,T44,T45,T46,T47,T48,T49,T50,T51,T52,T53,T54,T55,T56,T57,T58,T59,T60,T61,T62,T63,T64,T65,T66,T67,T68,T69,T70,T71,T72,T73,T74,T75,T76,T77,T78,T79,T80,T81,T82,T83,T84,T85,T86,T87,T88,T89,T90,T91,T92,T93,T94,T95,T96,T97,T98,T99,T100,T101,T102,T103,T104,T105,T106,T107,T108,T109,T110,T111,T112,T113,T114,T115,T116,T117,T118,T119,T120,T121,T122,T123
STAT,(NULL),Coarsen,124,2731,2731,0,0,0,0,0,0,0,0,0,0,0,0,0,0,0,0,0,0,0,0,0,0,0,0,0,0,0,0,0,0,0,0,0,0,0,0,0,0,0,0,0,0,0,0,0,0,0,0,0,0,0,0,0,0,0,0,0,0,0,0,0,0,0,0,0,0,0,0,0,0,0,0,0,0,0,0,0,0,0,0,0,0,0,0,0,0,0,0,0,0,0,0,0,0,0,0,0,0,0,0,0,0,0,0,0,0,0,0,0,0,0,0,0,0,0,0,0,0,0,0,0,0,0
STAT,(NULL),Conflicts,124,0,0,0,0,0,0,0,0,0,0,0,0,0,0,0,0,0,0,0,0,0,0,0,0,0,0,0,0,0,0,0,0,0,0,0,0,0,0,0,0,0,0,0,0,0,0,0,0,0,0,0,0,0,0,0,0,0,0,0,0,0,0,0,0,0,0,0,0,0,0,0,0,0,0,0,0,0,0,0,0,0,0,0,0,0,0,0,0,0,0,0,0,0,0,0,0,0,0,0,0,0,0,0,0,0,0,0,0,0,0,0,0,0,0,0,0,0,0,0,0,0,0,0,0,0
STAT,(NULL),Iterations,124,31,5,0,0,0,0,0,0,0,0,0,0,0,0,1,1,0,0,0,0,1,0,0,2,0,4,0,0,0,0,0,0,1,0,1,0,0,0,0,0,0,1,0,0,0,0,0,0,0,0,0,3,0,0,0,0,0,0,0,0,0,0,4,0,0,0,0,0,0,0,0,0,0,0,0,0,0,0,0,0,0,0,0,0,2,0,0,0,0,0,0,0,0,0,1,0,0,0,0,2,0,0,0,0,0,0,0,0,0,0,0,0,2,0,0,0,0,0,0,0,0,0,0,0,0
STAT,(NULL),MeminfoPost,124,756546,6109,6111,6111,6104,6096,6105,6108,6151,6147,6084,6090,6099,6119,6116,6113,6091,6094,6107,6112,6083,6093,6093,6120,6113,6102,6101,6100,6120,6166,6121,6088,6087,6114,6113,6102,6121,6089,6094,6110,6102,6088,6095,6115,6097,6139,6097,6111,6103,6108,6086,6091,6104,6071,6098,6118,6096,6091,6090,6076,6093,6088,6140,6110,6084,6094,6108,6072,6078,6107,6111,6120,6100,6083,6100,6089,6085,6077,6088,6096,6080,6101,6139,6139,6092,6087,6108,6070,6093,6111,6117,6094,6094,6086,6083,6078,6084,6094,6104,6141,6140,6098,6087,6079,6107,6147,6116,6141,6081,6111,6087,6094,6085,6076,6078,6111,6069,6092,6059,6110,6088,6099,6099,6102,6099
STAT,(NULL),MeminfoPre,124,189122,1533,1535,1535,1528,1520,1529,1532,1575,1571,1508,1514,1523,1543,1540,1537,1515,1518,1531,1536,1507,1517,1517,1544,1537,1526,1525,1524,1544,1590,1545,1512,1511,1538,1537,1526,1545,1513,1518,1534,1526,1512,1519,1539,1521,1563,1521,1535,1527,1532,1510,1515,1528,1495,1522,1542,1520,1515,1514,1500,1517,1512,1564,1534,1508,1518,1532,1496,1502,1531,1535,1544,1524,1507,1524,1513,1509,1501,1512,1520,1504,1525,1563,1563,1516,1511,1532,1494,1517,1535,1541,1518,1518,1510,1507,1502,1508,1518,1528,1565,1564,1522,1511,1503,1531,1571,1540,1565,1505,1535,1511,1518,1509,1500,1502,1535,1493,1516,1483,1534,1512,1523,1523,1526,1523
STAT,(NULL),Partition,124,360,360,0,0,0,0,0,0,0,0,0,0,0,0,0,0,0,0,0,0,0,0,0,0,0,0,0,0,0,0,0,0,0,0,0,0,0,0,0,0,0,0,0,0,0,0,0,0,0,0,0,0,0,0,0,0,0,0,0,0,0,0,0,0,0,0,0,0,0,0,0,0,0,0,0,0,0,0,0,0,0,0,0,0,0,0,0,0,0,0,0,0,0,0,0,0,0,0,0,0,0,0,0,0,0,0,0,0,0,0,0,0,0,0,0,0,0,0,0,0,0,0,0,0,0
STAT,(NULL),Refine,124,1523,1523,0,0,0,0,0,0,0,0,0,0,0,0,0,0,0,0,0,0,0,0,0,0,0,0,0,0,0,0,0,0,0,0,0,0,0,0,0,0,0,0,0,0,0,0,0,0,0,0,0,0,0,0,0,0,0,0,0,0,0,0,0,0,0,0,0,0,0,0,0,0,0,0,0,0,0,0,0,0,0,0,0,0,0,0,0,0,0,0,0,0,0,0,0,0,0,0,0,0,0,0,0,0,0,0,0,0,0,0,0,0,0,0,0,0,0,0,0,0,0,0,0,0,0
STAT,(NULL),Threads,124,124,124,0,0,0,0,0,0,0,0,0,0,0,0,0,0,0,0,0,0,0,0,0,0,0,0,0,0,0,0,0,0,0,0,0,0,0,0,0,0,0,0,0,0,0,0,0,0,0,0,0,0,0,0,0,0,0,0,0,0,0,0,0,0,0,0,0,0,0,0,0,0,0,0,0,0,0,0,0,0,0,0,0,0,0,0,0,0,0,0,0,0,0,0,0,0,0,0,0,0,0,0,0,0,0,0,0,0,0,0,0,0,0,0,0,0,0,0,0,0,0,0,0,0,0
STAT,(NULL),Time,124,4790,4790,0,0,0,0,0,0,0,0,0,0,0,0,0,0,0,0,0,0,0,0,0,0,0,0,0,0,0,0,0,0,0,0,0,0,0,0,0,0,0,0,0,0,0,0,0,0,0,0,0,0,0,0,0,0,0,0,0,0,0,0,0,0,0,0,0,0,0,0,0,0,0,0,0,0,0,0,0,0,0,0,0,0,0,0,0,0,0,0,0,0,0,0,0,0,0,0,0,0,0,0,0,0,0,0,0,0,0,0,0,0,0,0,0,0,0,0,0,0,0,0,0,0,0
STAT,match,Conflicts,124,6039,81,88,78,65,61,74,70,62,63,78,69,86,64,63,73,71,56,66,59,46,64,64,50,73,59,65,72,59,50,59,48,57,51,59,48,51,47,61,56,34,58,55,48,44,49,44,46,57,52,50,60,46,48,64,59,47,55,43,42,52,42,38,33,45,29,42,33,44,35,28,49,39,48,38,44,40,42,45,40,37,39,50,38,30,43,44,47,46,40,35,39,32,51,32,41,40,49,38,45,37,34,43,36,36,34,41,37,33,44,37,34,46,35,36,39,39,47,43,47,37,36,37,33,29
STAT,match,Iterations,124,14990270,74763,68814,115673,108331,92183,120171,106897,115122,112398,95513,119517,108493,101036,105661,106389,111683,115063,91598,119867,124895,105539,117204,121384,117275,121856,112141,91389,109532,108744,106640,115691,101093,111006,109111,115374,106925,126015,97097,114986,130581,109816,108640,124167,116046,107117,121746,116919,92886,109287,111440,102612,129709,119770,91003,110104,128840,134928,111283,125003,108743,111220,119779,105644,138003,143912,144260,137935,144409,138498,135028,156006,124213,127013,135821,134032,150109,141811,146222,117465,130686,116210,130181,151934,127175,108449,122720,140535,122933,132305,134746,135751,141403,112221,140008,160130,121261,124707,133863,123504,127051,139448,116479,114209,131795,121991,122162,124745,134179,129459,129328,150476,124788,127985,147863,112901,138627,124488,142888,120903,123261,145344,118030,112671,113388
STAT,popedge,Conflicts,124,0,0,0,0,0,0,0,0,0,0,0,0,0,0,0,0,0,0,0,0,0,0,0,0,0,0,0,0,0,0,0,0,0,0,0,0,0,0,0,0,0,0,0,0,0,0,0,0,0,0,0,0,0,0,0,0,0,0,0,0,0,0,0,0,0,0,0,0,0,0,0,0,0,0,0,0,0,0,0,0,0,0,0,0,0,0,0,0,0,0,0,0,0,0,0,0,0,0,0,0,0,0,0,0,0,0,0,0,0,0,0,0,0,0,0,0,0,0,0,0,0,0,0,0,0
STAT,popedge,Iterations,124,7342901,47885,50621,61895,60490,60651,61100,59650,60583,58364,61660,58665,59900,59498,58467,62744,60284,58897,52030,61400,61476,59411,58967,57433,59896,57471,60349,61579,60235,57879,58870,59372,62767,59170,58439,56597,58902,59231,59231,57508,58058,60421,57027,54826,57416,56320,56077,55314,60966,56724,58745,58470,59532,61904,62902,60855,58832,59176,60386,58969,61615,61429,49749,50596,60138,60687,58257,61635,60784,60903,57222,57218,58147,60184,59560,60653,59555,59383,59685,51971,61689,62451,61129,60450,56226,61596,57152,61160,59831,58088,59384,55828,59006,62066,57582,56904,59866,60526,59393,56754,57085,59003,58201,56893,58957,60185,59924,60010,63703,59705,62798,59887,63494,63321,61129,64357,60118,62012,61086,64522,64150,65406,64188,51397,52431
STAT,refine,Conflicts,124,5363,153,144,130,127,106,104,111,102,103,103,93,95,97,94,99,76,62,64,73,86,65,65,55,83,60,59,69,68,58,68,51,47,43,30,33,45,37,34,46,38,39,32,33,38,40,52,44,49,32,46,40,35,30,41,40,42,35,23,36,42,48,26,23,20,23,26,23,23,18,27,19,36,14,30,19,14,26,23,17,35,31,24,21,30,26,23,21,32,21,32,18,23,24,20,17,24,27,29,16,24,32,32,21,26,22,27,25,26,31,23,22,21,27,11,26,17,18,15,13,17,19,26,22,26
STAT,refine,Iterations,124,43542,531,465,429,410,438,498,368,444,553,493,334,472,516,306,370,374,253,322,592,648,355,309,264,292,329,282,300,382,328,438,282,283,353,319,183,272,387,258,399,377,380,272,287,415,359,430,326,254,337,350,220,326,148,232,323,383,318,192,241,262,284,396,267,282,312,382,320,301,333,464,488,368,342,437,317,285,303,285,300,449,466,581,268,301,337,265,256,309,367,417,354,271,330,254,258,271,340,518,386,465,505,301,243,317,755,537,569,534,422,420,328,166,255,135,197,298,326,285,275,249,235,288,456,254
