Hello from MIC
Galois Benchmark Suite v2.2.0 (r0)
Copyright (C) 2013 The University of Texas at Austin
http://iss.ices.utexas.edu/galois/

application: GMetis
Partitions a graph into K parts and minimizing the graph cut
http://iss.ices.utexas.edu/?p=projects/galois/benchmarks/gMetis

INFO: CommandLine /work/02556/dpereira/MIC/apps/gmetis/gmetis -t=98 /work/02556/dpereira/Inputs/USA-road-d.W.gr 1024
INFO: Hostname c558-304-mic0.stampede.tacc.utexas.edu
Created Graph with 6262104 nodes and 15248146 edges
Nodes 6262104| Edges 15248146 7624073

  Starting coarsening: 
Time coarsen:  2059 Size of final graph: 21631

  Sarting initial partitioning using GGGP:
Size in decade percentages:  -1,61 -0,892 1,71
Time clustering:  875

  Sarting refinnement with BKL2
Initial dist
Size in decade percentages:  -1,61 -0,892 1,71
Refined dist
Size in decade percentages:  -2,1 -1,361 0,285 1,376 2,1
Time refinement:  1017


Time:  4130
Total edge cut : 31805

Part saved in : 0x7fff2692d0e0
STATTYPE,LOOP,CATEGORY,n,sum,T0,T1,T2,T3,T4,T5,T6,T7,T8,T9,T10,T11,T12,T13,T14,T15,T16,T17,T18,T19,T20,T21,T22,T23,T24,T25,T26,T27,T28,T29,T30,T31,T32,T33,T34,T35,T36,T37,T38,T39,T40,T41,T42,T43,T44,T45,T46,T47,T48,T49,T50,T51,T52,T53,T54,T55,T56,T57,T58,T59,T60,T61,T62,T63,T64,T65,T66,T67,T68,T69,T70,T71,T72,T73,T74,T75,T76,T77,T78,T79,T80,T81,T82,T83,T84,T85,T86,T87,T88,T89,T90,T91,T92,T93,T94,T95,T96,T97
STAT,(NULL),Coarsen,98,2059,2059,0,0,0,0,0,0,0,0,0,0,0,0,0,0,0,0,0,0,0,0,0,0,0,0,0,0,0,0,0,0,0,0,0,0,0,0,0,0,0,0,0,0,0,0,0,0,0,0,0,0,0,0,0,0,0,0,0,0,0,0,0,0,0,0,0,0,0,0,0,0,0,0,0,0,0,0,0,0,0,0,0,0,0,0,0,0,0,0,0,0,0,0,0,0,0,0,0
STAT,(NULL),Conflicts,98,0,0,0,0,0,0,0,0,0,0,0,0,0,0,0,0,0,0,0,0,0,0,0,0,0,0,0,0,0,0,0,0,0,0,0,0,0,0,0,0,0,0,0,0,0,0,0,0,0,0,0,0,0,0,0,0,0,0,0,0,0,0,0,0,0,0,0,0,0,0,0,0,0,0,0,0,0,0,0,0,0,0,0,0,0,0,0,0,0,0,0,0,0,0,0,0,0,0,0
STAT,(NULL),Iterations,98,2047,11,11,18,18,19,22,24,25,19,14,23,20,15,17,22,16,16,13,25,19,18,13,14,18,17,16,14,12,7,20,11,25,29,19,15,13,24,11,25,30,21,35,30,31,16,22,23,22,13,33,21,23,21,39,22,29,42,31,48,50,25,26,16,25,22,23,12,20,18,25,20,11,16,17,26,19,26,25,16,23,22,11,17,21,14,19,25,13,27,13,27,18,23,8,28,18,25,17
STAT,(NULL),MeminfoPost,98,756670,7715,7746,7731,7714,7720,7749,7797,7711,7703,7739,7738,7732,7707,7719,7739,7697,7721,7732,7731,7732,7704,7741,7798,7722,7716,7719,7741,7735,7715,7710,7746,7707,7706,7729,7723,7753,7722,7728,7725,7705,7720,7686,7727,7730,7709,7701,7694,7706,7764,7723,7703,7733,7684,7704,7732,7743,7718,7705,7714,7704,7688,7693,7721,7713,7769,7751,7700,7724,7682,7723,7742,7713,7710,7710,7683,7718,7691,7766,7768,7713,7699,7711,7774,7753,7741,7708,7711,7714,7681,7708,7719,7677,7701,7716,7702,7722,7725,7712
STAT,(NULL),MeminfoPre,98,189152,1924,1955,1940,1923,1929,1958,2006,1920,1912,1948,1947,1941,1916,1928,1948,1906,1930,1941,1940,1941,1913,1950,2007,1931,1925,1928,1950,1944,1924,1919,1955,1916,1915,1938,1932,1962,1931,1937,1934,1914,1929,1895,1936,1939,1918,1910,1903,1915,1973,1932,1912,1942,1893,1913,1941,1952,1927,1914,1923,1913,1897,1902,1930,1922,1978,1960,1909,1933,1891,1932,1951,1922,1919,1919,1892,1927,1900,1975,1977,1922,1908,1920,1983,1962,1950,1917,1920,1923,1890,1917,1928,1886,1910,1925,1911,1931,1934,1921
STAT,(NULL),Partition,98,875,875,0,0,0,0,0,0,0,0,0,0,0,0,0,0,0,0,0,0,0,0,0,0,0,0,0,0,0,0,0,0,0,0,0,0,0,0,0,0,0,0,0,0,0,0,0,0,0,0,0,0,0,0,0,0,0,0,0,0,0,0,0,0,0,0,0,0,0,0,0,0,0,0,0,0,0,0,0,0,0,0,0,0,0,0,0,0,0,0,0,0,0,0,0,0,0,0,0
STAT,(NULL),Refine,98,1017,1017,0,0,0,0,0,0,0,0,0,0,0,0,0,0,0,0,0,0,0,0,0,0,0,0,0,0,0,0,0,0,0,0,0,0,0,0,0,0,0,0,0,0,0,0,0,0,0,0,0,0,0,0,0,0,0,0,0,0,0,0,0,0,0,0,0,0,0,0,0,0,0,0,0,0,0,0,0,0,0,0,0,0,0,0,0,0,0,0,0,0,0,0,0,0,0,0,0
STAT,(NULL),Threads,98,98,98,0,0,0,0,0,0,0,0,0,0,0,0,0,0,0,0,0,0,0,0,0,0,0,0,0,0,0,0,0,0,0,0,0,0,0,0,0,0,0,0,0,0,0,0,0,0,0,0,0,0,0,0,0,0,0,0,0,0,0,0,0,0,0,0,0,0,0,0,0,0,0,0,0,0,0,0,0,0,0,0,0,0,0,0,0,0,0,0,0,0,0,0,0,0,0,0,0
STAT,(NULL),Time,98,4130,4130,0,0,0,0,0,0,0,0,0,0,0,0,0,0,0,0,0,0,0,0,0,0,0,0,0,0,0,0,0,0,0,0,0,0,0,0,0,0,0,0,0,0,0,0,0,0,0,0,0,0,0,0,0,0,0,0,0,0,0,0,0,0,0,0,0,0,0,0,0,0,0,0,0,0,0,0,0,0,0,0,0,0,0,0,0,0,0,0,0,0,0,0,0,0,0,0,0
STAT,match,Conflicts,98,5675,117,99,91,89,95,95,91,81,75,72,75,82,71,60,72,88,83,66,68,61,62,77,80,73,72,67,77,62,71,55,62,73,57,66,58,55,69,51,36,50,47,41,42,48,36,57,48,46,46,39,45,45,46,31,47,42,41,41,46,52,50,54,52,43,60,44,46,48,45,49,37,45,34,44,44,45,58,54,40,43,53,38,50,76,53,55,54,53,56,52,58,51,56,47,42,48,54,54
STAT,match,Iterations,98,14944614,119415,116829,125644,133127,123579,118235,137838,129543,146127,127952,132249,126647,144519,160561,132704,146189,132439,141462,147080,146112,146696,125055,137042,136039,156932,134908,145627,152867,142487,158002,155096,164824,134728,139183,143017,159068,156175,174529,169180,173928,173953,188254,161747,166881,166883,153103,154165,169506,151279,172586,176079,155879,174728,188298,159283,159738,162678,174835,174918,166246,166913,157246,142032,160001,129239,153315,141435,157903,163954,157504,156692,151880,171132,164601,153221,150976,148712,150329,139857,161567,161558,162239,150442,141924,145732,168076,149151,160759,159365,154808,163091,158370,167405,143807,172717,148030,153263,160695
STAT,popedge,Conflicts,98,0,0,0,0,0,0,0,0,0,0,0,0,0,0,0,0,0,0,0,0,0,0,0,0,0,0,0,0,0,0,0,0,0,0,0,0,0,0,0,0,0,0,0,0,0,0,0,0,0,0,0,0,0,0,0,0,0,0,0,0,0,0,0,0,0,0,0,0,0,0,0,0,0,0,0,0,0,0,0,0,0,0,0,0,0,0,0,0,0,0,0,0,0,0,0,0,0,0,0
STAT,popedge,Iterations,98,7323915,72413,73164,72344,71084,73380,72652,69124,73931,70938,71373,69794,71567,72683,70442,73695,73599,70887,69738,69500,70002,71428,74694,73719,73463,73483,76396,73101,70974,74520,73902,73090,73098,75730,69327,71728,71530,68260,76009,75808,76101,78465,78041,78908,77827,80666,84146,76044,79411,78296,79740,83517,84131,89167,81975,83652,83824,82518,81908,82209,82508,85230,70372,69826,71128,69900,69942,72586,66675,73464,70851,68384,68469,71085,72191,74162,71683,74142,69121,68202,67783,69849,71120,73790,77616,77959,75180,75055,75500,80042,80530,75155,79024,79413,79888,72613,77450,76561,76350
STAT,refine,Conflicts,98,4142,88,83,84,85,73,63,74,64,66,61,62,58,55,57,57,57,52,57,67,60,60,55,61,43,46,53,44,49,52,55,45,46,34,36,44,51,38,42,27,51,28,32,33,28,37,38,44,39,51,43,37,34,32,30,50,28,30,32,28,35,35,35,36,26,38,40,27,44,25,29,26,28,33,26,31,24,34,32,39,28,30,42,42,28,22,33,29,27,26,29,26,28,36,26,27,34,29,28
STAT,refine,Iterations,98,427531,3107,3848,3381,3545,3905,4017,5025,3636,3932,3655,4181,3871,4016,3362,3598,3031,3803,4558,4059,3719,4102,4152,5384,4243,4656,4013,4534,4621,3984,4712,4561,4310,4096,4274,4620,5761,4563,5509,5049,4782,4816,3768,4424,4573,5154,4447,4754,5383,5685,4340,5126,5337,4266,5038,5276,5275,3721,4141,3685,3685,4289,3437,4143,4752,5146,4575,4281,4692,3391,4652,4243,3625,4037,3590,3543,4024,3844,4398,4955,3859,3870,4234,5120,4827,3977,4791,3623,4777,4201,4461,5044,3891,4923,4843,4739,4493,5601,5571
