Hello from MIC
Galois Benchmark Suite v2.2.0 (r0)
Copyright (C) 2013 The University of Texas at Austin
http://iss.ices.utexas.edu/galois/

application: GMetis
Partitions a graph into K parts and minimizing the graph cut
http://iss.ices.utexas.edu/?p=projects/galois/benchmarks/gMetis

INFO: CommandLine /work/02556/dpereira/MIC/apps/gmetis/gmetis -t=41 /work/02556/dpereira/Inputs/USA-road-d.W.gr 128
INFO: Hostname c557-901-mic0.stampede.tacc.utexas.edu
Created Graph with 6262104 nodes and 15248146 edges
Nodes 6262104| Edges 15248146 7624073

  Starting coarsening: 
Time coarsen:  2896 Size of final graph: 2976

  Sarting initial partitioning using GGGP:
Size in decade percentages:  -1,5 -0,116 1,7
Time clustering:  393

  Sarting refinnement with BKL2
Initial dist
Size in decade percentages:  -1,5 -0,116 1,7
Refined dist
Size in decade percentages:  -1,45 -0,32 1,51
Time refinement:  619


Time:  4084
Total edge cut : 8073

Part saved in : 0x7fff1291a160
STATTYPE,LOOP,CATEGORY,n,sum,T0,T1,T2,T3,T4,T5,T6,T7,T8,T9,T10,T11,T12,T13,T14,T15,T16,T17,T18,T19,T20,T21,T22,T23,T24,T25,T26,T27,T28,T29,T30,T31,T32,T33,T34,T35,T36,T37,T38,T39,T40
STAT,(NULL),Coarsen,41,2896,2896,0,0,0,0,0,0,0,0,0,0,0,0,0,0,0,0,0,0,0,0,0,0,0,0,0,0,0,0,0,0,0,0,0,0,0,0,0,0,0,0
STAT,(NULL),Conflicts,41,0,0,0,0,0,0,0,0,0,0,0,0,0,0,0,0,0,0,0,0,0,0,0,0,0,0,0,0,0,0,0,0,0,0,0,0,0,0,0,0,0,0
STAT,(NULL),Iterations,41,255,10,5,5,3,9,10,4,4,4,5,6,8,6,6,7,8,7,10,4,13,3,9,4,4,3,9,3,10,9,7,0,8,9,5,7,4,3,6,8,5,5
STAT,(NULL),MeminfoPost,41,756304,18474,18445,18548,18424,18486,18433,18434,18478,18434,18545,18434,18488,18445,18421,18487,18450,18424,18429,18436,18398,18479,18427,18424,18456,18419,18376,18460,18483,18410,18467,18414,18396,18517,18413,18507,18476,18415,18412,18367,18431,18442
STAT,(NULL),MeminfoPre,41,189069,4639,4610,4713,4589,4651,4598,4599,4643,4599,4710,4599,4653,4610,4586,4652,4615,4589,4594,4601,4563,4644,4592,4589,4621,4584,4541,4625,4648,4575,4632,4579,4561,4682,4578,4672,4641,4580,4577,4532,4596,4607
STAT,(NULL),Partition,41,393,393,0,0,0,0,0,0,0,0,0,0,0,0,0,0,0,0,0,0,0,0,0,0,0,0,0,0,0,0,0,0,0,0,0,0,0,0,0,0,0,0
STAT,(NULL),Refine,41,619,619,0,0,0,0,0,0,0,0,0,0,0,0,0,0,0,0,0,0,0,0,0,0,0,0,0,0,0,0,0,0,0,0,0,0,0,0,0,0,0,0
STAT,(NULL),Threads,41,41,41,0,0,0,0,0,0,0,0,0,0,0,0,0,0,0,0,0,0,0,0,0,0,0,0,0,0,0,0,0,0,0,0,0,0,0,0,0,0,0,0
STAT,(NULL),Time,41,4084,4084,0,0,0,0,0,0,0,0,0,0,0,0,0,0,0,0,0,0,0,0,0,0,0,0,0,0,0,0,0,0,0,0,0,0,0,0,0,0,0,0
STAT,match,Conflicts,41,4699,283,167,199,221,163,121,98,115,113,187,189,112,114,108,92,89,77,102,110,139,83,61,81,70,118,107,89,74,58,73,96,97,64,106,110,57,82,133,91,182,68
STAT,match,Iterations,41,14941159,338202,335457,330555,357103,360380,359908,364865,370054,373452,364050,371906,358958,385444,372032,341451,356803,379452,362410,364574,363532,341776,380298,386110,379987,372009,372975,351649,372934,373269,348157,365693,378572,348140,379496,363604,373905,347140,388703,391573,350451,364130
STAT,popedge,Conflicts,41,0,0,0,0,0,0,0,0,0,0,0,0,0,0,0,0,0,0,0,0,0,0,0,0,0,0,0,0,0,0,0,0,0,0,0,0,0,0,0,0,0,0
STAT,popedge,Iterations,41,7320092,177786,178799,168780,176651,170702,179035,179387,172987,178635,173396,177033,173408,179740,175422,161111,159534,169036,170797,175012,175283,174432,184977,179274,178245,187237,187878,184022,176935,183725,174039,179434,180930,173711,169116,185273,194315,179834,190951,193685,195961,193584
STAT,refine,Conflicts,41,2402,140,98,87,97,91,68,72,72,81,66,61,64,64,59,77,65,61,64,54,46,40,47,41,44,46,46,39,41,58,48,39,54,49,55,46,39,39,34,44,41,25
STAT,refine,Iterations,41,129472,3213,3168,4146,3236,3480,2860,3518,2806,2940,3762,3039,3844,2697,2694,3080,3125,2915,2801,2955,2700,3421,2932,2623,2944,2943,2743,2893,3726,3145,3613,2908,2808,3954,2774,4203,3400,1793,2867,3058,3904,3841
