Hello from MIC
Galois Benchmark Suite v2.2.0 (r0)
Copyright (C) 2013 The University of Texas at Austin
http://iss.ices.utexas.edu/galois/

application: GMetis
Partitions a graph into K parts and minimizing the graph cut
http://iss.ices.utexas.edu/?p=projects/galois/benchmarks/gMetis

INFO: CommandLine /work/02556/dpereira/MIC/apps/gmetis/gmetis -t=32 /work/02556/dpereira/Inputs/USA-road-d.W.gr 1024
INFO: Hostname c558-003-mic0.stampede.tacc.utexas.edu
Created Graph with 6262104 nodes and 15248146 edges
Nodes 6262104| Edges 15248146 7624073

  Starting coarsening: 
Time coarsen:  3348 Size of final graph: 39918

  Sarting initial partitioning using GGGP:
Size in decade percentages:  -0,1024
Time clustering:  1322

  Sarting refinnement with BKL2
Initial dist
Size in decade percentages:  -0,1024
Refined dist
Size in decade percentages:  -1,349 -0,308 1,367
Time refinement:  997


Time:  5845
Total edge cut : 36711

Part saved in : 0x7fff210e43e0
STATTYPE,LOOP,CATEGORY,n,sum,T0,T1,T2,T3,T4,T5,T6,T7,T8,T9,T10,T11,T12,T13,T14,T15,T16,T17,T18,T19,T20,T21,T22,T23,T24,T25,T26,T27,T28,T29,T30,T31
STAT,(NULL),Coarsen,32,3348,3348,0,0,0,0,0,0,0,0,0,0,0,0,0,0,0,0,0,0,0,0,0,0,0,0,0,0,0,0,0,0,0
STAT,(NULL),Conflicts,32,0,0,0,0,0,0,0,0,0,0,0,0,0,0,0,0,0,0,0,0,0,0,0,0,0,0,0,0,0,0,0,0,0
STAT,(NULL),Iterations,32,2047,11,71,67,18,15,86,75,77,70,87,49,105,91,79,73,72,65,80,49,58,58,67,28,47,59,33,63,66,69,82,86,91
STAT,(NULL),MeminfoPost,32,756137,23660,23662,23664,23677,23620,23627,23630,23722,23653,23624,23622,23663,23632,23593,23610,23626,23624,23589,23638,23555,23610,23682,23598,23617,23567,23708,23622,23683,23582,23573,23574,23630
STAT,(NULL),MeminfoPre,32,189033,5938,5940,5942,5955,5898,5905,5908,6000,5931,5902,5900,5941,5910,5871,5888,5904,5902,5867,5916,5833,5888,5960,5876,5895,5845,5986,5900,5961,5860,5851,5852,5908
STAT,(NULL),Partition,32,1322,1322,0,0,0,0,0,0,0,0,0,0,0,0,0,0,0,0,0,0,0,0,0,0,0,0,0,0,0,0,0,0,0
STAT,(NULL),Refine,32,997,997,0,0,0,0,0,0,0,0,0,0,0,0,0,0,0,0,0,0,0,0,0,0,0,0,0,0,0,0,0,0,0
STAT,(NULL),Threads,32,32,32,0,0,0,0,0,0,0,0,0,0,0,0,0,0,0,0,0,0,0,0,0,0,0,0,0,0,0,0,0,0,0
STAT,(NULL),Time,32,5845,5845,0,0,0,0,0,0,0,0,0,0,0,0,0,0,0,0,0,0,0,0,0,0,0,0,0,0,0,0,0,0,0
STAT,match,Conflicts,32,3306,229,133,138,120,109,106,115,101,102,99,74,76,71,112,124,80,107,149,66,100,54,93,83,89,74,62,71,106,98,116,192,57
STAT,match,Iterations,32,14841430,443010,444636,458431,451398,473040,467584,452441,427917,452913,463953,467111,406420,465193,453777,465721,467988,475119,505839,453587,473630,477338,443677,467698,463872,470058,444120,481871,468624,499794,502407,473642,478621
STAT,popedge,Conflicts,32,0,0,0,0,0,0,0,0,0,0,0,0,0,0,0,0,0,0,0,0,0,0,0,0,0,0,0,0,0,0,0,0,0
STAT,popedge,Iterations,32,7271447,221795,224839,220832,215079,226723,222732,224781,220752,216846,226918,220063,187841,209952,223266,222505,219955,229009,237613,231292,236413,232839,222914,225371,228603,225478,218345,226190,249721,249410,251243,253438,248689
STAT,refine,Conflicts,32,1621,68,65,51,67,56,51,60,42,52,54,56,52,65,56,55,55,45,56,52,35,57,48,48,64,55,44,56,29,23,33,37,34
STAT,refine,Iterations,32,469436,13122,15533,16206,14755,14855,14127,13063,17488,15261,13803,13758,13405,13674,13680,13457,15331,14419,13716,15385,13876,15912,16706,14816,14151,15582,16234,14185,16564,13951,12686,14196,15539
