Hello from MIC
Galois Benchmark Suite v2.2.0 (r0)
Copyright (C) 2013 The University of Texas at Austin
http://iss.ices.utexas.edu/galois/

application: GMetis
Partitions a graph into K parts and minimizing the graph cut
http://iss.ices.utexas.edu/?p=projects/galois/benchmarks/gMetis

INFO: CommandLine /work/02556/dpereira/MIC/apps/gmetis/gmetis -t=109 /work/02556/dpereira/Inputs/USA-road-d.W.gr 16
INFO: Hostname c558-001-mic0.stampede.tacc.utexas.edu
Created Graph with 6262104 nodes and 15248146 edges
Nodes 6262104| Edges 15248146 7624073

  Starting coarsening: 
Time coarsen:  2542 Size of final graph: 429

  Sarting initial partitioning using GGGP:
Size in decade percentages:  -1,1 -0,15
Time clustering:  365

  Sarting refinnement with BKL2
Initial dist
Size in decade percentages:  -1,1 -0,15
Refined dist
Size in decade percentages:  -1,5 -0,5 1,6
Time refinement:  1317


Time:  4404
Total edge cut : 1671

Part saved in : 0x7fffdedc0ce0
STATTYPE,LOOP,CATEGORY,n,sum,T0,T1,T2,T3,T4,T5,T6,T7,T8,T9,T10,T11,T12,T13,T14,T15,T16,T17,T18,T19,T20,T21,T22,T23,T24,T25,T26,T27,T28,T29,T30,T31,T32,T33,T34,T35,T36,T37,T38,T39,T40,T41,T42,T43,T44,T45,T46,T47,T48,T49,T50,T51,T52,T53,T54,T55,T56,T57,T58,T59,T60,T61,T62,T63,T64,T65,T66,T67,T68,T69,T70,T71,T72,T73,T74,T75,T76,T77,T78,T79,T80,T81,T82,T83,T84,T85,T86,T87,T88,T89,T90,T91,T92,T93,T94,T95,T96,T97,T98,T99,T100,T101,T102,T103,T104,T105,T106,T107,T108
STAT,(NULL),Coarsen,109,2542,2542,0,0,0,0,0,0,0,0,0,0,0,0,0,0,0,0,0,0,0,0,0,0,0,0,0,0,0,0,0,0,0,0,0,0,0,0,0,0,0,0,0,0,0,0,0,0,0,0,0,0,0,0,0,0,0,0,0,0,0,0,0,0,0,0,0,0,0,0,0,0,0,0,0,0,0,0,0,0,0,0,0,0,0,0,0,0,0,0,0,0,0,0,0,0,0,0,0,0,0,0,0,0,0,0,0,0,0,0
STAT,(NULL),Conflicts,109,0,0,0,0,0,0,0,0,0,0,0,0,0,0,0,0,0,0,0,0,0,0,0,0,0,0,0,0,0,0,0,0,0,0,0,0,0,0,0,0,0,0,0,0,0,0,0,0,0,0,0,0,0,0,0,0,0,0,0,0,0,0,0,0,0,0,0,0,0,0,0,0,0,0,0,0,0,0,0,0,0,0,0,0,0,0,0,0,0,0,0,0,0,0,0,0,0,0,0,0,0,0,0,0,0,0,0,0,0,0
STAT,(NULL),Iterations,109,31,5,0,0,0,0,0,0,0,2,0,0,0,0,0,0,0,0,0,0,0,2,1,0,2,0,0,0,0,0,0,0,0,0,0,0,0,0,0,0,2,0,0,0,0,0,0,0,3,1,2,0,0,0,0,0,0,1,0,0,0,0,4,1,0,0,0,0,0,0,0,0,0,0,0,0,0,0,0,0,0,2,0,0,0,0,0,0,0,0,0,0,0,0,3,0,0,0,0,0,0,0,0,0,0,0,0,0,0,0
STAT,(NULL),MeminfoPost,109,756570,6942,6955,6961,6941,6920,6959,6988,6987,6927,6925,6952,6968,6949,6933,6929,6949,6947,6920,6945,6952,6956,6932,6939,6943,6979,7014,6924,6931,6947,6959,6952,6945,6922,6945,6951,6923,6933,6953,6945,6972,6941,6954,6936,6933,6928,6938,6915,6951,6946,6931,6926,6918,6928,6947,6975,6926,6926,6953,6906,6924,6948,6960,6946,6928,6939,6928,6917,6913,6919,6945,6923,6983,6986,6926,6939,6924,6915,6952,6953,6936,6932,6927,6915,6918,6936,6931,6984,6984,6928,6921,6932,6973,6971,6981,6926,6943,6938,6922,6906,6927,6952,6901,6917,6925,6927,6932,6945,6945,6935
STAT,(NULL),MeminfoPre,109,189116,1736,1749,1755,1735,1714,1753,1782,1781,1721,1719,1746,1762,1743,1727,1723,1743,1741,1714,1739,1746,1750,1726,1733,1737,1773,1808,1718,1725,1741,1753,1746,1739,1716,1739,1745,1717,1727,1747,1739,1766,1735,1748,1730,1727,1722,1732,1709,1745,1740,1725,1720,1712,1722,1741,1769,1720,1720,1747,1700,1718,1742,1754,1740,1722,1733,1722,1711,1707,1713,1739,1717,1777,1780,1720,1733,1718,1709,1746,1747,1730,1726,1721,1709,1712,1730,1725,1778,1778,1722,1715,1726,1767,1765,1775,1720,1737,1732,1716,1700,1721,1746,1695,1711,1719,1721,1726,1739,1739,1729
STAT,(NULL),Partition,109,365,365,0,0,0,0,0,0,0,0,0,0,0,0,0,0,0,0,0,0,0,0,0,0,0,0,0,0,0,0,0,0,0,0,0,0,0,0,0,0,0,0,0,0,0,0,0,0,0,0,0,0,0,0,0,0,0,0,0,0,0,0,0,0,0,0,0,0,0,0,0,0,0,0,0,0,0,0,0,0,0,0,0,0,0,0,0,0,0,0,0,0,0,0,0,0,0,0,0,0,0,0,0,0,0,0,0,0,0,0
STAT,(NULL),Refine,109,1317,1317,0,0,0,0,0,0,0,0,0,0,0,0,0,0,0,0,0,0,0,0,0,0,0,0,0,0,0,0,0,0,0,0,0,0,0,0,0,0,0,0,0,0,0,0,0,0,0,0,0,0,0,0,0,0,0,0,0,0,0,0,0,0,0,0,0,0,0,0,0,0,0,0,0,0,0,0,0,0,0,0,0,0,0,0,0,0,0,0,0,0,0,0,0,0,0,0,0,0,0,0,0,0,0,0,0,0,0,0
STAT,(NULL),Threads,109,109,109,0,0,0,0,0,0,0,0,0,0,0,0,0,0,0,0,0,0,0,0,0,0,0,0,0,0,0,0,0,0,0,0,0,0,0,0,0,0,0,0,0,0,0,0,0,0,0,0,0,0,0,0,0,0,0,0,0,0,0,0,0,0,0,0,0,0,0,0,0,0,0,0,0,0,0,0,0,0,0,0,0,0,0,0,0,0,0,0,0,0,0,0,0,0,0,0,0,0,0,0,0,0,0,0,0,0,0,0
STAT,(NULL),Time,109,4404,4404,0,0,0,0,0,0,0,0,0,0,0,0,0,0,0,0,0,0,0,0,0,0,0,0,0,0,0,0,0,0,0,0,0,0,0,0,0,0,0,0,0,0,0,0,0,0,0,0,0,0,0,0,0,0,0,0,0,0,0,0,0,0,0,0,0,0,0,0,0,0,0,0,0,0,0,0,0,0,0,0,0,0,0,0,0,0,0,0,0,0,0,0,0,0,0,0,0,0,0,0,0,0,0,0,0,0,0,0
STAT,match,Conflicts,109,5990,87,88,75,87,76,90,81,73,83,70,70,81,82,70,74,73,70,76,57,72,55,68,72,70,74,61,50,72,48,69,60,56,47,86,47,51,59,71,60,54,59,49,63,66,50,60,65,71,43,48,44,36,38,39,40,40,43,40,42,37,37,54,37,43,59,44,52,41,45,45,37,44,49,62,35,54,41,52,52,30,53,40,43,54,51,40,36,40,53,47,54,48,53,46,59,45,41,46,56,52,43,45,48,46,51,35,31,45,38
STAT,match,Iterations,109,14993214,106492,109830,110989,137806,126630,133706,114804,120414,113454,140144,127027,127330,132031,128145,143155,128808,139753,118614,124176,117998,127016,115450,125220,131151,127324,125681,132673,130407,128446,122532,117250,150382,137492,119454,136826,128780,122097,134935,140473,124456,130406,138450,126356,116398,131765,139415,127631,119060,146944,152166,156408,151092,169687,148183,155666,156904,139417,156810,161866,160855,144343,115792,141765,140627,153864,142657,147207,127438,143147,151511,153680,141431,135775,148189,142334,158978,146237,141161,136610,159149,150418,153869,137907,162694,137086,135793,140757,142892,142804,149540,134310,133861,135416,145911,153648,137327,147818,121232,151995,130351,124756,144729,144959,146621,144727,147885,170168,139208,147807
STAT,popedge,Conflicts,109,0,0,0,0,0,0,0,0,0,0,0,0,0,0,0,0,0,0,0,0,0,0,0,0,0,0,0,0,0,0,0,0,0,0,0,0,0,0,0,0,0,0,0,0,0,0,0,0,0,0,0,0,0,0,0,0,0,0,0,0,0,0,0,0,0,0,0,0,0,0,0,0,0,0,0,0,0,0,0,0,0,0,0,0,0,0,0,0,0,0,0,0,0,0,0,0,0,0,0,0,0,0,0,0,0,0,0,0,0,0
STAT,popedge,Iterations,109,7346961,62916,65707,66733,65570,67285,67364,65395,65108,65799,66142,63679,65345,65810,64511,66176,67223,67105,68810,65738,67111,67126,68527,66630,65611,64574,64738,65201,66001,64919,62753,66533,67023,67868,68822,69138,70988,67999,64373,65752,61076,63317,63225,65046,67703,69075,65471,68552,67431,70930,71806,74383,73067,70307,72965,71683,75324,79476,74293,79517,74458,77925,62344,63185,65838,64701,70833,65312,68657,64662,62901,67034,64547,65718,63130,64750,64819,68339,67751,66280,63631,64874,67214,64758,64162,65770,65530,64397,65779,64851,63089,64480,68424,70514,70043,67464,71778,70789,72020,63885,73387,67466,68999,67399,65095,67973,70184,71439,72940,66693
STAT,refine,Conflicts,109,4502,116,117,131,109,102,112,105,88,81,85,93,89,84,78,72,61,61,58,61,69,67,67,67,56,71,46,57,41,49,52,42,34,47,42,39,31,34,41,31,53,36,37,37,32,46,47,41,44,42,37,33,40,46,13,46,30,19,46,31,26,30,21,28,22,23,17,22,21,26,15,27,13,18,25,20,21,16,17,12,21,30,24,25,27,27,28,19,25,17,12,16,19,16,22,27,19,20,19,20,22,29,14,15,20,13,16,30,19,29
STAT,refine,Iterations,109,36228,512,386,430,463,357,551,471,520,314,342,344,353,312,334,391,343,282,370,363,291,456,314,339,257,436,428,375,254,313,299,332,244,415,357,356,283,322,211,248,415,166,229,316,202,322,497,367,469,364,379,320,363,393,355,349,295,316,454,190,314,396,429,265,293,313,286,335,302,359,229,334,197,327,302,333,314,251,285,318,251,260,419,271,325,274,320,350,409,295,194,281,396,246,307,322,470,371,235,242,228,321,139,186,180,211,312,528,513,461
