Hello from MIC
Galois Benchmark Suite v2.2.0 (r0)
Copyright (C) 2013 The University of Texas at Austin
http://iss.ices.utexas.edu/galois/

application: GMetis
Partitions a graph into K parts and minimizing the graph cut
http://iss.ices.utexas.edu/?p=projects/galois/benchmarks/gMetis

INFO: CommandLine /work/02556/dpereira/MIC/apps/gmetis/gmetis -t=177 /work/02556/dpereira/Inputs/USA-road-d.W.gr 1024
INFO: Hostname c558-402-mic0.stampede.tacc.utexas.edu
Created Graph with 6262104 nodes and 15248146 edges
Nodes 6262104| Edges 15248146 7624073

  Starting coarsening: 
Time coarsen:  2476 Size of final graph: 21993

  Sarting initial partitioning using GGGP:
Size in decade percentages:  -1,73 -0,879 1,72
Time clustering:  1063

  Sarting refinnement with BKL2
Initial dist
Size in decade percentages:  -1,73 -0,879 1,72
Refined dist
Size in decade percentages:  -1,365 -0,280 1,378 3,1
Time refinement:  1633


Time:  5353
Total edge cut : 31566

Part saved in : 0x7fff0966ebe0
STATTYPE,LOOP,CATEGORY,n,sum,T0,T1,T2,T3,T4,T5,T6,T7,T8,T9,T10,T11,T12,T13,T14,T15,T16,T17,T18,T19,T20,T21,T22,T23,T24,T25,T26,T27,T28,T29,T30,T31,T32,T33,T34,T35,T36,T37,T38,T39,T40,T41,T42,T43,T44,T45,T46,T47,T48,T49,T50,T51,T52,T53,T54,T55,T56,T57,T58,T59,T60,T61,T62,T63,T64,T65,T66,T67,T68,T69,T70,T71,T72,T73,T74,T75,T76,T77,T78,T79,T80,T81,T82,T83,T84,T85,T86,T87,T88,T89,T90,T91,T92,T93,T94,T95,T96,T97,T98,T99,T100,T101,T102,T103,T104,T105,T106,T107,T108,T109,T110,T111,T112,T113,T114,T115,T116,T117,T118,T119,T120,T121,T122,T123,T124,T125,T126,T127,T128,T129,T130,T131,T132,T133,T134,T135,T136,T137,T138,T139,T140,T141,T142,T143,T144,T145,T146,T147,T148,T149,T150,T151,T152,T153,T154,T155,T156,T157,T158,T159,T160,T161,T162,T163,T164,T165,T166,T167,T168,T169,T170,T171,T172,T173,T174,T175,T176
STAT,(NULL),Coarsen,177,2476,2476,0,0,0,0,0,0,0,0,0,0,0,0,0,0,0,0,0,0,0,0,0,0,0,0,0,0,0,0,0,0,0,0,0,0,0,0,0,0,0,0,0,0,0,0,0,0,0,0,0,0,0,0,0,0,0,0,0,0,0,0,0,0,0,0,0,0,0,0,0,0,0,0,0,0,0,0,0,0,0,0,0,0,0,0,0,0,0,0,0,0,0,0,0,0,0,0,0,0,0,0,0,0,0,0,0,0,0,0,0,0,0,0,0,0,0,0,0,0,0,0,0,0,0,0,0,0,0,0,0,0,0,0,0,0,0,0,0,0,0,0,0,0,0,0,0,0,0,0,0,0,0,0,0,0,0,0,0,0,0,0,0,0,0,0,0,0,0,0,0,0,0,0,0,0,0,0
STAT,(NULL),Conflicts,177,0,0,0,0,0,0,0,0,0,0,0,0,0,0,0,0,0,0,0,0,0,0,0,0,0,0,0,0,0,0,0,0,0,0,0,0,0,0,0,0,0,0,0,0,0,0,0,0,0,0,0,0,0,0,0,0,0,0,0,0,0,0,0,0,0,0,0,0,0,0,0,0,0,0,0,0,0,0,0,0,0,0,0,0,0,0,0,0,0,0,0,0,0,0,0,0,0,0,0,0,0,0,0,0,0,0,0,0,0,0,0,0,0,0,0,0,0,0,0,0,0,0,0,0,0,0,0,0,0,0,0,0,0,0,0,0,0,0,0,0,0,0,0,0,0,0,0,0,0,0,0,0,0,0,0,0,0,0,0,0,0,0,0,0,0,0,0,0,0,0,0,0,0,0,0,0,0,0
STAT,(NULL),Iterations,177,2047,11,14,12,8,7,15,3,11,17,17,6,19,8,21,6,11,15,6,11,6,4,8,8,14,16,10,8,24,22,1,4,1,11,5,10,10,8,12,11,16,16,6,12,10,10,9,7,12,11,15,4,18,9,6,9,18,9,20,14,15,17,29,20,9,14,11,13,12,14,10,16,2,17,13,13,11,14,10,13,5,9,14,14,12,14,9,15,4,8,15,1,9,12,10,4,7,16,11,8,12,15,10,7,14,7,7,8,12,10,10,20,6,20,11,9,19,16,25,23,28,29,26,14,18,9,3,12,10,10,13,11,12,3,15,19,11,12,23,15,13,14,0,4,8,15,12,6,7,15,19,8,6,14,19,3,2,10,7,8,3,16,11,6,9,7,7,6,11,7,10,13,13,15,22,15,9,11
STAT,(NULL),MeminfoPost,177,757077,4281,4269,4291,4289,4284,4275,4280,4261,4284,4293,4303,4333,4286,4264,4270,4270,4285,4283,4296,4281,4283,4290,4259,4268,4274,4289,4291,4264,4265,4275,4280,4276,4294,4285,4276,4278,4275,4274,4279,4296,4315,4319,4280,4272,4267,4271,4285,4285,4290,4277,4291,4279,4265,4270,4284,4295,4264,4268,4271,4271,4290,4279,4272,4311,4282,4273,4287,4285,4269,4286,4267,4271,4266,4286,4260,4257,4279,4288,4282,4273,4273,4268,4265,4259,4263,4279,4267,4304,4301,4275,4261,4270,4285,4279,4260,4253,4262,4281,4282,4286,4293,4279,4276,4263,4283,4264,4269,4272,4259,4258,4271,4254,4287,4264,4259,4294,4312,4298,4297,4266,4268,4289,4262,4255,4265,4279,4286,4288,4278,4273,4269,4273,4270,4267,4259,4267,4258,4282,4255,4297,4306,4304,4299,4271,4265,4269,4260,4275,4297,4312,4289,4299,4296,4262,4271,4279,4276,4270,4273,4254,4260,4263,4259,4307,4251,4254,4279,4249,4283,4258,4268,4272,4282,4277,4283,4264,4279
STAT,(NULL),MeminfoPre,177,189261,1073,1061,1083,1081,1076,1067,1072,1053,1076,1085,1095,1125,1078,1056,1062,1062,1077,1075,1088,1073,1075,1082,1051,1060,1066,1081,1083,1056,1057,1067,1072,1068,1086,1077,1068,1070,1067,1066,1071,1088,1107,1111,1072,1064,1059,1063,1077,1077,1082,1069,1083,1071,1057,1062,1076,1087,1056,1060,1063,1063,1082,1071,1064,1103,1074,1065,1079,1077,1061,1078,1059,1063,1058,1078,1052,1049,1071,1080,1074,1065,1065,1060,1057,1051,1055,1071,1059,1096,1093,1067,1053,1062,1077,1071,1052,1045,1054,1073,1074,1078,1085,1071,1068,1055,1075,1056,1061,1064,1051,1050,1063,1046,1079,1056,1051,1086,1104,1090,1089,1058,1060,1081,1054,1047,1057,1071,1078,1080,1070,1065,1061,1065,1062,1059,1051,1059,1050,1074,1047,1089,1098,1096,1091,1063,1057,1061,1052,1067,1089,1104,1081,1091,1088,1054,1063,1071,1068,1062,1065,1046,1052,1055,1051,1099,1043,1046,1071,1041,1075,1050,1060,1064,1074,1069,1075,1056,1071
STAT,(NULL),Partition,177,1063,1063,0,0,0,0,0,0,0,0,0,0,0,0,0,0,0,0,0,0,0,0,0,0,0,0,0,0,0,0,0,0,0,0,0,0,0,0,0,0,0,0,0,0,0,0,0,0,0,0,0,0,0,0,0,0,0,0,0,0,0,0,0,0,0,0,0,0,0,0,0,0,0,0,0,0,0,0,0,0,0,0,0,0,0,0,0,0,0,0,0,0,0,0,0,0,0,0,0,0,0,0,0,0,0,0,0,0,0,0,0,0,0,0,0,0,0,0,0,0,0,0,0,0,0,0,0,0,0,0,0,0,0,0,0,0,0,0,0,0,0,0,0,0,0,0,0,0,0,0,0,0,0,0,0,0,0,0,0,0,0,0,0,0,0,0,0,0,0,0,0,0,0,0,0,0,0,0
STAT,(NULL),Refine,177,1633,1633,0,0,0,0,0,0,0,0,0,0,0,0,0,0,0,0,0,0,0,0,0,0,0,0,0,0,0,0,0,0,0,0,0,0,0,0,0,0,0,0,0,0,0,0,0,0,0,0,0,0,0,0,0,0,0,0,0,0,0,0,0,0,0,0,0,0,0,0,0,0,0,0,0,0,0,0,0,0,0,0,0,0,0,0,0,0,0,0,0,0,0,0,0,0,0,0,0,0,0,0,0,0,0,0,0,0,0,0,0,0,0,0,0,0,0,0,0,0,0,0,0,0,0,0,0,0,0,0,0,0,0,0,0,0,0,0,0,0,0,0,0,0,0,0,0,0,0,0,0,0,0,0,0,0,0,0,0,0,0,0,0,0,0,0,0,0,0,0,0,0,0,0,0,0,0,0
STAT,(NULL),Threads,177,177,177,0,0,0,0,0,0,0,0,0,0,0,0,0,0,0,0,0,0,0,0,0,0,0,0,0,0,0,0,0,0,0,0,0,0,0,0,0,0,0,0,0,0,0,0,0,0,0,0,0,0,0,0,0,0,0,0,0,0,0,0,0,0,0,0,0,0,0,0,0,0,0,0,0,0,0,0,0,0,0,0,0,0,0,0,0,0,0,0,0,0,0,0,0,0,0,0,0,0,0,0,0,0,0,0,0,0,0,0,0,0,0,0,0,0,0,0,0,0,0,0,0,0,0,0,0,0,0,0,0,0,0,0,0,0,0,0,0,0,0,0,0,0,0,0,0,0,0,0,0,0,0,0,0,0,0,0,0,0,0,0,0,0,0,0,0,0,0,0,0,0,0,0,0,0,0,0
STAT,(NULL),Time,177,5353,5353,0,0,0,0,0,0,0,0,0,0,0,0,0,0,0,0,0,0,0,0,0,0,0,0,0,0,0,0,0,0,0,0,0,0,0,0,0,0,0,0,0,0,0,0,0,0,0,0,0,0,0,0,0,0,0,0,0,0,0,0,0,0,0,0,0,0,0,0,0,0,0,0,0,0,0,0,0,0,0,0,0,0,0,0,0,0,0,0,0,0,0,0,0,0,0,0,0,0,0,0,0,0,0,0,0,0,0,0,0,0,0,0,0,0,0,0,0,0,0,0,0,0,0,0,0,0,0,0,0,0,0,0,0,0,0,0,0,0,0,0,0,0,0,0,0,0,0,0,0,0,0,0,0,0,0,0,0,0,0,0,0,0,0,0,0,0,0,0,0,0,0,0,0,0,0,0
STAT,match,Conflicts,177,5751,51,58,52,39,49,48,44,53,44,44,56,38,45,41,44,35,49,40,45,46,41,48,31,44,41,38,45,44,43,43,39,36,34,35,36,35,49,30,39,31,43,37,39,38,37,30,34,41,35,40,40,39,39,34,43,41,34,37,31,39,32,25,34,25,32,30,26,33,29,30,31,32,22,21,27,27,29,29,20,29,27,25,29,26,27,25,28,25,27,24,30,29,28,36,24,25,31,29,29,23,31,24,27,25,35,32,34,31,27,29,27,28,26,23,28,29,27,32,26,25,33,31,28,27,29,25,25,26,27,30,27,25,31,28,32,25,23,32,27,23,20,24,30,27,32,22,23,32,29,24,34,31,32,29,40,29,23,27,35,25,26,31,28,24,29,31,34,26,25,30,32,25,31,30,35,32,30
STAT,match,Iterations,177,14973648,45408,53968,65160,83226,61508,62224,81624,66586,76283,62014,55922,57984,65772,64865,53185,68945,61781,64989,71461,72409,59394,63643,74713,82226,63004,73224,58663,64246,85876,88749,78337,65755,97634,75241,63393,66340,61496,74919,73293,69020,78613,61428,59715,64250,75621,84090,80154,78847,79113,61274,79554,66915,70998,72984,72777,91629,91046,87903,114741,97055,77821,98633,94458,85318,79834,84222,87694,99529,69361,88270,79562,82583,83312,94207,100761,84664,90537,93230,90987,78138,103619,124998,83940,103096,93645,87180,94021,76966,100340,95934,92005,83835,99195,68817,97908,114459,85367,102481,86410,100916,80749,107999,76278,95473,75958,82998,83133,81791,88853,81110,101705,79194,91716,98524,90563,90548,102017,106056,116114,128682,82966,101482,82128,89809,91231,109832,83978,107002,111086,93331,96826,104787,99938,95476,90216,96186,93394,75734,72805,85803,107114,90772,75752,104315,99660,111752,102502,85943,92434,100959,86991,87637,84285,85303,90956,98115,65923,84584,90148,81189,85661,73330,100110,90313,77761,97432,96928,103434,93179,82770,89831,85850,89774,84343,68629,69072,93986
STAT,popedge,Conflicts,177,0,0,0,0,0,0,0,0,0,0,0,0,0,0,0,0,0,0,0,0,0,0,0,0,0,0,0,0,0,0,0,0,0,0,0,0,0,0,0,0,0,0,0,0,0,0,0,0,0,0,0,0,0,0,0,0,0,0,0,0,0,0,0,0,0,0,0,0,0,0,0,0,0,0,0,0,0,0,0,0,0,0,0,0,0,0,0,0,0,0,0,0,0,0,0,0,0,0,0,0,0,0,0,0,0,0,0,0,0,0,0,0,0,0,0,0,0,0,0,0,0,0,0,0,0,0,0,0,0,0,0,0,0,0,0,0,0,0,0,0,0,0,0,0,0,0,0,0,0,0,0,0,0,0,0,0,0,0,0,0,0,0,0,0,0,0,0,0,0,0,0,0,0,0,0,0,0,0
STAT,popedge,Iterations,177,7336208,39428,40394,39924,39324,38259,38319,39896,41467,39555,40817,38942,40550,40684,40524,41647,39604,39705,41810,40367,38619,40495,40797,41062,40413,41703,42150,41610,41807,38562,43779,40549,41542,40778,42557,42375,43303,42393,41246,40605,41387,42204,40416,43814,42768,40514,43530,40845,41314,39612,42913,42189,40567,41604,42879,41090,48887,48292,48460,53671,47898,42618,36422,38246,39178,38981,37628,39654,38394,39603,39165,38866,37938,40314,40491,38619,39129,38221,39159,40299,39625,37873,41342,39863,40306,39397,41188,41187,39648,41450,38062,44932,42633,40008,40205,40590,44340,42499,42845,40822,41342,42296,41342,40404,41139,42355,42300,42067,41181,42135,41172,42021,44041,43422,41689,40323,41419,47335,48987,48392,50244,49986,45100,39437,40094,36576,38191,38720,40899,40550,40461,39086,40419,40668,39528,38368,41698,39819,39233,42346,39769,41247,38391,40525,41987,39892,40660,42028,42132,42523,43037,39211,45809,41580,44376,42558,41401,44263,42691,43839,41313,42418,43330,41250,41284,43506,42541,41508,41578,41487,42565,41211,43048,41287,43261,42381,41790,41591
STAT,refine,Conflicts,177,5448,89,91,77,69,78,69,64,64,71,66,55,55,60,64,52,39,44,52,51,60,54,57,58,43,38,51,39,49,45,48,36,33,34,35,42,32,40,35,45,39,41,43,31,33,41,37,31,31,33,35,41,37,38,37,46,41,35,37,31,44,38,21,29,22,20,29,28,21,23,29,25,25,18,25,24,13,27,30,24,24,21,12,20,27,20,15,23,12,23,17,15,20,22,21,23,27,30,22,21,28,33,20,20,18,29,21,19,20,21,23,25,23,17,21,15,23,28,35,25,20,21,21,17,24,23,32,20,21,22,20,24,23,24,20,17,27,19,18,23,20,24,30,19,25,27,27,20,21,19,15,22,20,23,15,18,18,20,22,24,23,16,23,20,24,16,17,22,18,20,17,18,16,21,22,17,22,35
STAT,refine,Iterations,177,428865,1658,2106,2244,2566,2117,1736,2213,2144,2120,1684,2061,2414,2734,1826,1455,2305,2363,2301,2686,2478,2322,2189,2037,2079,1954,2595,2151,1937,2082,2410,1993,1789,2310,2034,1959,1511,1694,1926,2320,2429,2805,2141,1985,1580,2116,2244,2098,1965,2231,1931,1751,2627,2060,1991,2467,3432,2605,2918,3516,3338,2745,2123,2363,2383,2643,2622,2545,2544,2302,2607,1805,2581,2283,3174,2293,1822,2652,2724,2449,2874,2563,2504,2097,2679,2357,2619,3021,2237,3099,2346,2493,2186,2300,1957,2113,2657,2293,2587,2583,2664,2379,2660,2116,2139,2761,2349,2086,2462,2634,2250,2894,2029,3013,2830,1806,2864,3465,3915,3752,3571,3277,3001,2061,2151,1980,3218,2523,2707,3034,2251,2897,2485,2761,2376,2507,2372,2158,2689,2454,2736,3036,3375,2789,2643,2313,2830,2865,2663,3381,2662,2715,2691,2510,2024,2128,2207,1801,1844,2660,2274,2204,2435,3004,2441,2094,2182,2125,2157,2629,2203,2567,2619,2428,2340,2112,1938,2741
