Hello from MIC
Galois Benchmark Suite v2.2.0 (r0)
Copyright (C) 2013 The University of Texas at Austin
http://iss.ices.utexas.edu/galois/

application: GMetis
Partitions a graph into K parts and minimizing the graph cut
http://iss.ices.utexas.edu/?p=projects/galois/benchmarks/gMetis

INFO: CommandLine /work/02556/dpereira/MIC/apps/gmetis/gmetis -t=146 /work/02556/dpereira/Inputs/USA-road-d.W.gr 16
INFO: Hostname c558-001-mic0.stampede.tacc.utexas.edu
Created Graph with 6262104 nodes and 15248146 edges
Nodes 6262104| Edges 15248146 7624073

  Starting coarsening: 
Time coarsen:  2991 Size of final graph: 440

  Sarting initial partitioning using GGGP:
Size in decade percentages:  -0,16
Time clustering:  369

  Sarting refinnement with BKL2
Initial dist
Size in decade percentages:  -0,16
Refined dist
Size in decade percentages:  -1,6 -0,4 1,6
Time refinement:  1711


Time:  5248
Total edge cut : 1894

Part saved in : 0x7fffcccf14e0
STATTYPE,LOOP,CATEGORY,n,sum,T0,T1,T2,T3,T4,T5,T6,T7,T8,T9,T10,T11,T12,T13,T14,T15,T16,T17,T18,T19,T20,T21,T22,T23,T24,T25,T26,T27,T28,T29,T30,T31,T32,T33,T34,T35,T36,T37,T38,T39,T40,T41,T42,T43,T44,T45,T46,T47,T48,T49,T50,T51,T52,T53,T54,T55,T56,T57,T58,T59,T60,T61,T62,T63,T64,T65,T66,T67,T68,T69,T70,T71,T72,T73,T74,T75,T76,T77,T78,T79,T80,T81,T82,T83,T84,T85,T86,T87,T88,T89,T90,T91,T92,T93,T94,T95,T96,T97,T98,T99,T100,T101,T102,T103,T104,T105,T106,T107,T108,T109,T110,T111,T112,T113,T114,T115,T116,T117,T118,T119,T120,T121,T122,T123,T124,T125,T126,T127,T128,T129,T130,T131,T132,T133,T134,T135,T136,T137,T138,T139,T140,T141,T142,T143,T144,T145
STAT,(NULL),Coarsen,146,2991,2991,0,0,0,0,0,0,0,0,0,0,0,0,0,0,0,0,0,0,0,0,0,0,0,0,0,0,0,0,0,0,0,0,0,0,0,0,0,0,0,0,0,0,0,0,0,0,0,0,0,0,0,0,0,0,0,0,0,0,0,0,0,0,0,0,0,0,0,0,0,0,0,0,0,0,0,0,0,0,0,0,0,0,0,0,0,0,0,0,0,0,0,0,0,0,0,0,0,0,0,0,0,0,0,0,0,0,0,0,0,0,0,0,0,0,0,0,0,0,0,0,0,0,0,0,0,0,0,0,0,0,0,0,0,0,0,0,0,0,0,0,0,0,0,0,0
STAT,(NULL),Conflicts,146,0,0,0,0,0,0,0,0,0,0,0,0,0,0,0,0,0,0,0,0,0,0,0,0,0,0,0,0,0,0,0,0,0,0,0,0,0,0,0,0,0,0,0,0,0,0,0,0,0,0,0,0,0,0,0,0,0,0,0,0,0,0,0,0,0,0,0,0,0,0,0,0,0,0,0,0,0,0,0,0,0,0,0,0,0,0,0,0,0,0,0,0,0,0,0,0,0,0,0,0,0,0,0,0,0,0,0,0,0,0,0,0,0,0,0,0,0,0,0,0,0,0,0,0,0,0,0,0,0,0,0,0,0,0,0,0,0,0,0,0,0,0,0,0,0,0,0
STAT,(NULL),Iterations,146,31,5,0,0,0,0,0,0,0,0,0,0,3,0,0,0,0,0,0,0,1,0,0,0,0,0,0,0,0,0,0,0,0,0,0,0,0,0,0,2,0,0,0,0,0,2,0,0,0,0,0,3,0,0,0,0,0,0,0,0,0,0,1,0,0,0,0,0,0,0,0,1,0,0,0,0,0,0,0,0,0,0,0,0,0,0,0,0,0,0,0,0,2,0,0,2,0,0,0,0,1,0,1,0,0,0,0,0,0,0,0,1,0,1,0,0,0,0,0,0,0,0,0,4,0,0,0,0,0,0,0,0,0,0,0,0,0,0,0,0,0,0,0,1,0,0,0
STAT,(NULL),MeminfoPost,146,756821,5189,5181,5197,5201,5173,5181,5191,5186,5207,5249,5186,5174,5174,5188,5188,5203,5193,5191,5170,5177,5190,5192,5178,5166,5183,5173,5203,5201,5187,5187,5166,5189,5205,5243,5214,5167,5178,5179,5187,5197,5199,5190,5184,5172,5174,5195,5187,5174,5174,5190,5185,5182,5223,5180,5186,5194,5177,5189,5174,5173,5191,5160,5170,5189,5198,5175,5176,5176,5160,5167,5180,5180,5218,5196,5168,5172,5202,5166,5157,5165,5189,5190,5201,5192,5180,5167,5186,5172,5178,5165,5156,5172,5187,5166,5168,5209,5221,5207,5174,5173,5191,5161,5163,5186,5193,5201,5178,5168,5179,5180,5164,5163,5164,5184,5174,5216,5217,5208,5175,5173,5161,5182,5209,5217,5199,5216,5168,5176,5184,5188,5175,5154,5169,5168,5202,5154,5153,5174,5154,5195,5169,5177,5188,5184,5179,5183
STAT,(NULL),MeminfoPre,146,189173,1301,1293,1309,1313,1285,1293,1303,1298,1319,1361,1298,1286,1286,1300,1300,1315,1305,1303,1282,1289,1302,1304,1290,1278,1295,1285,1315,1313,1299,1299,1278,1301,1317,1355,1326,1279,1290,1291,1299,1309,1311,1302,1296,1284,1286,1307,1299,1286,1286,1302,1297,1294,1335,1292,1298,1306,1289,1301,1286,1285,1303,1272,1282,1301,1310,1287,1288,1288,1272,1279,1292,1292,1330,1308,1280,1284,1314,1278,1269,1277,1301,1302,1313,1304,1292,1279,1298,1284,1290,1277,1268,1284,1299,1278,1280,1321,1333,1319,1286,1285,1303,1273,1275,1298,1305,1313,1290,1280,1291,1292,1276,1275,1276,1296,1286,1328,1329,1320,1287,1285,1273,1294,1321,1329,1311,1328,1280,1288,1296,1300,1287,1266,1281,1280,1314,1266,1265,1286,1266,1307,1281,1289,1300,1296,1291,1295
STAT,(NULL),Partition,146,369,369,0,0,0,0,0,0,0,0,0,0,0,0,0,0,0,0,0,0,0,0,0,0,0,0,0,0,0,0,0,0,0,0,0,0,0,0,0,0,0,0,0,0,0,0,0,0,0,0,0,0,0,0,0,0,0,0,0,0,0,0,0,0,0,0,0,0,0,0,0,0,0,0,0,0,0,0,0,0,0,0,0,0,0,0,0,0,0,0,0,0,0,0,0,0,0,0,0,0,0,0,0,0,0,0,0,0,0,0,0,0,0,0,0,0,0,0,0,0,0,0,0,0,0,0,0,0,0,0,0,0,0,0,0,0,0,0,0,0,0,0,0,0,0,0,0
STAT,(NULL),Refine,146,1711,1711,0,0,0,0,0,0,0,0,0,0,0,0,0,0,0,0,0,0,0,0,0,0,0,0,0,0,0,0,0,0,0,0,0,0,0,0,0,0,0,0,0,0,0,0,0,0,0,0,0,0,0,0,0,0,0,0,0,0,0,0,0,0,0,0,0,0,0,0,0,0,0,0,0,0,0,0,0,0,0,0,0,0,0,0,0,0,0,0,0,0,0,0,0,0,0,0,0,0,0,0,0,0,0,0,0,0,0,0,0,0,0,0,0,0,0,0,0,0,0,0,0,0,0,0,0,0,0,0,0,0,0,0,0,0,0,0,0,0,0,0,0,0,0,0,0
STAT,(NULL),Threads,146,146,146,0,0,0,0,0,0,0,0,0,0,0,0,0,0,0,0,0,0,0,0,0,0,0,0,0,0,0,0,0,0,0,0,0,0,0,0,0,0,0,0,0,0,0,0,0,0,0,0,0,0,0,0,0,0,0,0,0,0,0,0,0,0,0,0,0,0,0,0,0,0,0,0,0,0,0,0,0,0,0,0,0,0,0,0,0,0,0,0,0,0,0,0,0,0,0,0,0,0,0,0,0,0,0,0,0,0,0,0,0,0,0,0,0,0,0,0,0,0,0,0,0,0,0,0,0,0,0,0,0,0,0,0,0,0,0,0,0,0,0,0,0,0,0,0,0
STAT,(NULL),Time,146,5248,5248,0,0,0,0,0,0,0,0,0,0,0,0,0,0,0,0,0,0,0,0,0,0,0,0,0,0,0,0,0,0,0,0,0,0,0,0,0,0,0,0,0,0,0,0,0,0,0,0,0,0,0,0,0,0,0,0,0,0,0,0,0,0,0,0,0,0,0,0,0,0,0,0,0,0,0,0,0,0,0,0,0,0,0,0,0,0,0,0,0,0,0,0,0,0,0,0,0,0,0,0,0,0,0,0,0,0,0,0,0,0,0,0,0,0,0,0,0,0,0,0,0,0,0,0,0,0,0,0,0,0,0,0,0,0,0,0,0,0,0,0,0,0,0,0,0
STAT,match,Conflicts,146,6241,69,53,63,63,48,66,56,50,61,71,62,56,49,64,66,58,55,59,59,66,65,58,57,61,54,62,52,52,53,47,46,44,48,42,47,46,47,57,54,38,42,49,37,39,56,58,42,41,43,39,47,49,45,40,45,50,43,39,42,40,40,34,38,24,39,29,43,23,26,32,40,36,37,37,34,47,32,45,31,31,44,49,33,26,46,35,32,35,34,37,32,44,37,42,37,37,34,38,32,41,37,46,43,36,34,42,35,44,31,34,30,37,31,28,42,31,41,38,31,37,36,33,43,32,37,34,28,46,30,23,31,35,29,32,40,36,44,41,32,45,50,43,41,52,30,37
STAT,match,Iterations,146,15032443,67973,73746,77974,66072,71478,79892,89362,86205,79558,81929,83561,76609,79331,83029,80597,81345,96497,61952,87723,89874,97474,100553,68997,79243,92558,92373,95138,85636,100193,102572,120166,108851,100100,92833,101883,101330,100483,93701,96331,114944,123506,123836,108336,119595,92805,91469,99948,94804,117468,97741,91885,95342,91232,75843,100386,102418,114922,104365,108250,133827,104852,98981,85371,108905,91467,86412,103756,103630,120620,110558,87008,113469,114054,88503,121797,97608,100182,100137,113442,115713,96850,92762,109230,127099,92485,123407,127791,114489,131505,136607,120135,118093,88421,118449,108252,109921,135625,117466,116581,99777,115202,111059,107044,120332,137414,117111,112432,116445,151520,117770,121291,121770,125854,130105,113333,107734,117468,116037,103014,118106,102310,101512,91219,84823,109493,102498,118997,91209,91679,123148,104577,104786,98241,124736,87415,90013,95255,102457,117023,87552,98929,114347,112583,101656,118434,97056
STAT,popedge,Conflicts,146,0,0,0,0,0,0,0,0,0,0,0,0,0,0,0,0,0,0,0,0,0,0,0,0,0,0,0,0,0,0,0,0,0,0,0,0,0,0,0,0,0,0,0,0,0,0,0,0,0,0,0,0,0,0,0,0,0,0,0,0,0,0,0,0,0,0,0,0,0,0,0,0,0,0,0,0,0,0,0,0,0,0,0,0,0,0,0,0,0,0,0,0,0,0,0,0,0,0,0,0,0,0,0,0,0,0,0,0,0,0,0,0,0,0,0,0,0,0,0,0,0,0,0,0,0,0,0,0,0,0,0,0,0,0,0,0,0,0,0,0,0,0,0,0,0,0,0
STAT,popedge,Iterations,146,7368669,47753,47734,46918,49302,46489,48167,45918,47277,45438,48337,47477,49946,45940,47751,47685,47752,47305,49850,49917,51040,47353,49451,49426,48820,55613,58853,55334,57207,55483,52912,56046,54400,54458,51627,52785,53497,54734,55688,53728,53214,50435,50560,51836,52953,56908,56101,52136,55549,53426,50277,50624,48803,50287,53952,48503,48011,50906,49934,51073,50922,51154,45378,47025,45958,45883,44607,46231,46636,45550,44131,45674,45436,47503,45114,46684,48373,44707,46876,46534,49497,48067,46600,47874,47223,48672,53207,54399,57663,54837,56722,54065,55978,52971,57804,57226,54813,52541,55501,56994,54446,57630,53226,56719,54704,54010,55572,54413,54098,54213,52081,52687,51300,48306,48680,52932,51732,50243,53555,52422,50663,52877,52988,45740,45279,45974,45802,47006,45833,47661,47013,46037,45970,49370,48086,51309,52379,51130,44200,46907,49990,49253,47196,49299,47818,48015,47976
STAT,refine,Conflicts,146,5398,137,137,118,120,103,108,101,97,84,77,89,77,83,92,84,83,61,57,60,59,76,73,77,54,76,53,64,64,47,57,60,33,33,52,38,47,41,33,39,37,32,31,42,40,50,40,29,25,45,33,22,46,42,39,31,46,35,32,37,37,38,20,23,22,15,20,15,24,20,18,20,14,13,19,23,17,17,14,20,12,12,24,21,22,20,36,14,24,23,24,26,22,19,16,26,26,25,18,18,17,25,28,21,31,26,27,34,23,15,24,22,12,22,15,22,18,24,20,21,22,25,30,8,23,20,19,18,14,20,15,20,21,26,12,21,26,28,18,19,8,23,18,20,20,27,15
STAT,refine,Iterations,146,39688,386,488,344,336,356,320,341,368,333,336,328,264,239,357,378,315,180,187,306,251,338,438,311,312,356,251,259,256,309,262,354,222,180,363,337,320,191,308,233,356,234,259,263,387,327,457,174,330,349,181,225,291,293,127,281,246,303,294,290,263,250,191,221,277,272,235,173,198,268,216,178,187,146,165,228,263,188,177,155,255,214,311,453,281,297,303,180,324,301,285,264,338,174,289,266,355,216,218,316,206,333,226,228,339,504,320,446,284,398,287,265,247,258,251,236,223,142,332,264,299,275,305,215,334,144,143,213,180,149,376,195,237,206,101,107,171,360,245,246,90,300,184,333,356,291,273
