Hello from MIC
Galois Benchmark Suite v2.2.0 (r0)
Copyright (C) 2013 The University of Texas at Austin
http://iss.ices.utexas.edu/galois/

application: GMetis
Partitions a graph into K parts and minimizing the graph cut
http://iss.ices.utexas.edu/?p=projects/galois/benchmarks/gMetis

INFO: CommandLine /work/02556/dpereira/MIC/apps/gmetis/gmetis -t=160 /work/02556/dpereira/Inputs/USA-road-d.W.gr 1024
INFO: Hostname c558-402-mic0.stampede.tacc.utexas.edu
Created Graph with 6262104 nodes and 15248146 edges
Nodes 6262104| Edges 15248146 7624073

  Starting coarsening: 
Time coarsen:  2344 Size of final graph: 21973

  Sarting initial partitioning using GGGP:
Size in decade percentages:  -1,69 -0,898 1,57
Time clustering:  1008

  Sarting refinnement with BKL2
Initial dist
Size in decade percentages:  -1,69 -0,898 1,57
Refined dist
Size in decade percentages:  -1,358 -0,306 1,359 3,1
Time refinement:  1494


Time:  5024
Total edge cut : 31528

Part saved in : 0x7fffb0528b60
STATTYPE,LOOP,CATEGORY,n,sum,T0,T1,T2,T3,T4,T5,T6,T7,T8,T9,T10,T11,T12,T13,T14,T15,T16,T17,T18,T19,T20,T21,T22,T23,T24,T25,T26,T27,T28,T29,T30,T31,T32,T33,T34,T35,T36,T37,T38,T39,T40,T41,T42,T43,T44,T45,T46,T47,T48,T49,T50,T51,T52,T53,T54,T55,T56,T57,T58,T59,T60,T61,T62,T63,T64,T65,T66,T67,T68,T69,T70,T71,T72,T73,T74,T75,T76,T77,T78,T79,T80,T81,T82,T83,T84,T85,T86,T87,T88,T89,T90,T91,T92,T93,T94,T95,T96,T97,T98,T99,T100,T101,T102,T103,T104,T105,T106,T107,T108,T109,T110,T111,T112,T113,T114,T115,T116,T117,T118,T119,T120,T121,T122,T123,T124,T125,T126,T127,T128,T129,T130,T131,T132,T133,T134,T135,T136,T137,T138,T139,T140,T141,T142,T143,T144,T145,T146,T147,T148,T149,T150,T151,T152,T153,T154,T155,T156,T157,T158,T159
STAT,(NULL),Coarsen,160,2344,2344,0,0,0,0,0,0,0,0,0,0,0,0,0,0,0,0,0,0,0,0,0,0,0,0,0,0,0,0,0,0,0,0,0,0,0,0,0,0,0,0,0,0,0,0,0,0,0,0,0,0,0,0,0,0,0,0,0,0,0,0,0,0,0,0,0,0,0,0,0,0,0,0,0,0,0,0,0,0,0,0,0,0,0,0,0,0,0,0,0,0,0,0,0,0,0,0,0,0,0,0,0,0,0,0,0,0,0,0,0,0,0,0,0,0,0,0,0,0,0,0,0,0,0,0,0,0,0,0,0,0,0,0,0,0,0,0,0,0,0,0,0,0,0,0,0,0,0,0,0,0,0,0,0,0,0,0,0,0,0
STAT,(NULL),Conflicts,160,0,0,0,0,0,0,0,0,0,0,0,0,0,0,0,0,0,0,0,0,0,0,0,0,0,0,0,0,0,0,0,0,0,0,0,0,0,0,0,0,0,0,0,0,0,0,0,0,0,0,0,0,0,0,0,0,0,0,0,0,0,0,0,0,0,0,0,0,0,0,0,0,0,0,0,0,0,0,0,0,0,0,0,0,0,0,0,0,0,0,0,0,0,0,0,0,0,0,0,0,0,0,0,0,0,0,0,0,0,0,0,0,0,0,0,0,0,0,0,0,0,0,0,0,0,0,0,0,0,0,0,0,0,0,0,0,0,0,0,0,0,0,0,0,0,0,0,0,0,0,0,0,0,0,0,0,0,0,0,0,0
STAT,(NULL),Iterations,160,2047,11,10,5,16,5,8,5,9,9,12,8,14,11,12,16,10,19,15,16,12,22,11,16,8,7,16,8,12,13,12,3,13,10,15,14,17,12,13,16,16,13,12,22,11,16,7,20,13,15,22,10,20,14,15,14,13,19,17,13,18,6,3,5,13,11,4,13,7,19,7,11,4,21,5,14,10,15,13,15,18,26,13,21,13,7,12,11,5,7,22,17,10,6,9,11,8,9,15,15,25,12,17,12,12,18,15,11,8,12,12,16,14,22,12,8,11,10,13,10,22,20,14,12,7,6,17,12,16,5,12,9,9,6,23,6,9,17,18,11,18,16,15,23,12,12,10,10,16,14,13,18,22,10,3,17,20,13,13,12,7
STAT,(NULL),MeminfoPost,160,756646,4735,4729,4742,4740,4730,4737,4708,4735,4740,4759,4781,4736,4721,4721,4720,4736,4742,4742,4736,4737,4713,4721,4740,4740,4722,4713,4723,4732,4727,4748,4732,4732,4733,4713,4736,4749,4762,4779,4726,4723,4720,4731,4730,4751,4736,4735,4731,4712,4725,4737,4740,4722,4714,4726,4736,4736,4722,4768,4726,4727,4736,4733,4730,4727,4723,4715,4736,4707,4717,4734,4742,4726,4722,4719,4717,4708,4717,4726,4730,4762,4743,4713,4717,4735,4732,4708,4703,4724,4733,4738,4742,4741,4721,4715,4735,4713,4723,4717,4708,4710,4715,4737,4714,4710,4750,4765,4758,4730,4715,4729,4728,4704,4714,4730,4737,4744,4727,4715,4728,4718,4719,4709,4717,4727,4712,4720,4758,4756,4760,4730,4715,4719,4713,4727,4765,4756,4744,4758,4723,4718,4728,4726,4721,4721,4702,4720,4718,4741,4705,4704,4724,4703,4733,4714,4717,4730,4730,4730,4720,4731
STAT,(NULL),MeminfoPre,160,189126,1188,1182,1195,1193,1183,1190,1161,1188,1193,1212,1234,1189,1174,1174,1173,1189,1195,1195,1189,1190,1166,1174,1193,1193,1175,1166,1176,1185,1180,1201,1185,1185,1186,1166,1189,1202,1215,1232,1179,1176,1173,1184,1183,1204,1189,1188,1184,1165,1178,1190,1193,1175,1167,1179,1189,1189,1175,1221,1179,1180,1189,1186,1183,1180,1176,1168,1189,1160,1170,1187,1195,1179,1175,1172,1170,1161,1170,1179,1183,1215,1196,1166,1170,1188,1185,1161,1156,1177,1186,1191,1195,1194,1174,1168,1188,1166,1176,1170,1161,1163,1168,1190,1167,1163,1203,1218,1211,1183,1168,1182,1181,1157,1167,1183,1190,1197,1180,1168,1181,1171,1172,1162,1170,1180,1165,1173,1211,1209,1213,1183,1168,1172,1166,1180,1218,1209,1197,1211,1176,1171,1181,1179,1174,1174,1155,1173,1171,1194,1158,1157,1177,1156,1186,1167,1170,1183,1183,1183,1173,1184
STAT,(NULL),Partition,160,1008,1008,0,0,0,0,0,0,0,0,0,0,0,0,0,0,0,0,0,0,0,0,0,0,0,0,0,0,0,0,0,0,0,0,0,0,0,0,0,0,0,0,0,0,0,0,0,0,0,0,0,0,0,0,0,0,0,0,0,0,0,0,0,0,0,0,0,0,0,0,0,0,0,0,0,0,0,0,0,0,0,0,0,0,0,0,0,0,0,0,0,0,0,0,0,0,0,0,0,0,0,0,0,0,0,0,0,0,0,0,0,0,0,0,0,0,0,0,0,0,0,0,0,0,0,0,0,0,0,0,0,0,0,0,0,0,0,0,0,0,0,0,0,0,0,0,0,0,0,0,0,0,0,0,0,0,0,0,0,0,0
STAT,(NULL),Refine,160,1494,1494,0,0,0,0,0,0,0,0,0,0,0,0,0,0,0,0,0,0,0,0,0,0,0,0,0,0,0,0,0,0,0,0,0,0,0,0,0,0,0,0,0,0,0,0,0,0,0,0,0,0,0,0,0,0,0,0,0,0,0,0,0,0,0,0,0,0,0,0,0,0,0,0,0,0,0,0,0,0,0,0,0,0,0,0,0,0,0,0,0,0,0,0,0,0,0,0,0,0,0,0,0,0,0,0,0,0,0,0,0,0,0,0,0,0,0,0,0,0,0,0,0,0,0,0,0,0,0,0,0,0,0,0,0,0,0,0,0,0,0,0,0,0,0,0,0,0,0,0,0,0,0,0,0,0,0,0,0,0,0
STAT,(NULL),Threads,160,160,160,0,0,0,0,0,0,0,0,0,0,0,0,0,0,0,0,0,0,0,0,0,0,0,0,0,0,0,0,0,0,0,0,0,0,0,0,0,0,0,0,0,0,0,0,0,0,0,0,0,0,0,0,0,0,0,0,0,0,0,0,0,0,0,0,0,0,0,0,0,0,0,0,0,0,0,0,0,0,0,0,0,0,0,0,0,0,0,0,0,0,0,0,0,0,0,0,0,0,0,0,0,0,0,0,0,0,0,0,0,0,0,0,0,0,0,0,0,0,0,0,0,0,0,0,0,0,0,0,0,0,0,0,0,0,0,0,0,0,0,0,0,0,0,0,0,0,0,0,0,0,0,0,0,0,0,0,0,0,0
STAT,(NULL),Time,160,5024,5024,0,0,0,0,0,0,0,0,0,0,0,0,0,0,0,0,0,0,0,0,0,0,0,0,0,0,0,0,0,0,0,0,0,0,0,0,0,0,0,0,0,0,0,0,0,0,0,0,0,0,0,0,0,0,0,0,0,0,0,0,0,0,0,0,0,0,0,0,0,0,0,0,0,0,0,0,0,0,0,0,0,0,0,0,0,0,0,0,0,0,0,0,0,0,0,0,0,0,0,0,0,0,0,0,0,0,0,0,0,0,0,0,0,0,0,0,0,0,0,0,0,0,0,0,0,0,0,0,0,0,0,0,0,0,0,0,0,0,0,0,0,0,0,0,0,0,0,0,0,0,0,0,0,0,0,0,0,0,0
STAT,match,Conflicts,160,5852,59,49,67,48,49,55,54,49,50,47,56,45,59,55,63,40,46,55,44,51,54,56,45,48,51,47,48,50,42,44,33,36,43,33,43,35,41,40,47,29,42,44,33,37,32,36,47,41,40,35,42,35,45,33,34,36,40,39,39,44,39,32,38,30,29,25,31,27,36,34,31,29,35,35,27,32,25,41,34,31,42,37,30,33,28,36,40,32,30,26,22,32,30,32,20,27,28,29,33,31,26,35,28,30,31,37,33,29,34,31,25,36,30,34,32,30,33,33,27,28,29,32,27,26,31,32,26,37,24,33,35,22,33,35,35,31,29,33,37,32,33,40,40,42,32,34,33,39,38,29,33,28,28,26,28,29,35,39,38,28
STAT,match,Iterations,160,14984823,68917,69516,65966,82932,64060,73238,65668,73664,76175,85121,74565,95220,81767,67163,61817,85413,95326,78614,67463,73381,78053,63119,78421,79703,73261,73945,82511,81779,87715,73035,87359,72629,93715,92580,68602,83711,81810,74429,98465,93257,69538,96239,104517,81603,111435,111721,91697,87460,89810,119012,87025,107571,109157,99092,101567,84548,94034,90985,106810,124556,88142,95787,88037,91351,91800,98078,108217,90565,107306,94694,106053,99330,102190,88652,109827,94315,102786,90890,83296,100103,96217,107848,102976,81123,98551,92165,84212,92710,101363,87275,112483,98844,87127,92328,106340,99921,96010,92476,98176,108096,119089,116192,124861,107909,79895,106261,98431,120144,104263,90768,112282,96480,104962,102796,92928,120592,98630,120238,101387,110258,122451,89455,103579,87571,97889,91704,99565,96649,87200,103653,114951,120338,97002,98258,98665,101507,119654,100573,105075,96431,99171,80426,110629,95576,97912,77504,105892,102530,68068,101317,85919,85041,93655,96080,97489,80958,94365,96259,91632,103742
STAT,popedge,Conflicts,160,0,0,0,0,0,0,0,0,0,0,0,0,0,0,0,0,0,0,0,0,0,0,0,0,0,0,0,0,0,0,0,0,0,0,0,0,0,0,0,0,0,0,0,0,0,0,0,0,0,0,0,0,0,0,0,0,0,0,0,0,0,0,0,0,0,0,0,0,0,0,0,0,0,0,0,0,0,0,0,0,0,0,0,0,0,0,0,0,0,0,0,0,0,0,0,0,0,0,0,0,0,0,0,0,0,0,0,0,0,0,0,0,0,0,0,0,0,0,0,0,0,0,0,0,0,0,0,0,0,0,0,0,0,0,0,0,0,0,0,0,0,0,0,0,0,0,0,0,0,0,0,0,0,0,0,0,0,0,0,0,0
STAT,popedge,Iterations,160,7341809,41624,43914,43312,44156,43273,43854,42740,44575,43885,43123,43115,42010,46552,45861,44258,43792,42395,43710,44262,44342,44434,44317,46399,45665,46284,45074,44267,43349,43887,44294,43347,44197,44849,44880,44988,45339,44577,42480,51123,53011,51699,50821,50214,48476,48114,51072,50058,50772,49200,49497,52213,50812,48042,49793,48153,47746,49581,48359,47886,47485,47919,39560,39247,39541,41583,41660,41171,41440,42167,41319,42360,40267,42303,45123,43184,45117,44835,45123,43612,40750,44291,43065,45184,44064,45973,45768,43209,44765,44993,43571,44590,44312,44933,46646,44719,45326,44454,45214,42934,51820,52759,52979,54954,52909,50779,50485,53949,47680,50038,50247,52145,53322,51446,50335,53649,48433,49948,49702,49692,52035,52314,52557,40925,40760,39549,41040,41819,42704,42416,41923,41528,44507,42212,45309,47126,43754,46673,44820,43622,46351,43576,45053,45088,44095,43563,48876,43694,44145,49275,47241,45010,48984,43330,48038,45265,46488,43863,44797,45921,46493
STAT,refine,Conflicts,160,5249,78,71,71,71,74,77,77,67,63,53,66,66,61,56,69,48,55,54,49,49,48,49,53,57,53,48,52,51,52,50,37,35,38,37,36,38,45,37,37,37,42,34,39,37,42,33,43,34,36,39,27,32,42,28,37,30,44,38,39,43,31,19,18,17,27,35,25,19,32,20,25,24,34,25,12,25,20,27,21,25,22,20,15,25,20,18,17,22,23,14,30,15,26,22,21,23,22,25,20,28,21,27,18,16,30,24,28,25,27,18,26,30,20,18,25,31,21,33,37,21,31,22,23,27,31,24,21,20,24,22,20,27,31,26,21,21,27,25,19,22,22,23,24,23,19,25,20,19,26,18,27,20,27,26,19,13,27,24,22,32
STAT,refine,Iterations,160,428895,2298,2725,2695,2638,2476,2460,2183,2563,2777,3609,2975,3142,2889,2342,2419,2721,3229,2151,2602,2237,2267,1678,2132,2058,1789,2289,1976,1992,1815,2635,2298,2142,2194,2286,1972,2811,2650,2693,3406,2577,2595,2407,3191,2657,3094,3267,3036,2312,2650,3019,2530,2431,3133,2353,2695,2653,3209,3623,3254,3152,2457,2233,2731,2966,2217,2693,2538,1746,3014,2587,3688,2760,3056,2893,2442,2878,2760,2710,2433,2888,3077,2232,1998,2341,2006,1887,1974,2472,2755,2091,2837,1974,2684,2191,2872,2541,2134,2346,2836,3129,3058,3331,3172,2458,3379,3417,4123,3172,2294,2443,2946,2747,2455,3443,3085,3343,2892,3333,3426,3188,3690,2393,2251,2751,3182,2572,2836,2977,2623,2885,3151,3773,2885,3374,3092,3045,3745,2921,2576,2727,2325,2582,2610,1932,2167,2344,2214,2743,2397,2587,2564,2095,2799,2438,2113,1966,2458,2861,2563,3864
