Hello from MIC
Galois Benchmark Suite v2.2.0 (r0)
Copyright (C) 2013 The University of Texas at Austin
http://iss.ices.utexas.edu/galois/

application: GMetis
Partitions a graph into K parts and minimizing the graph cut
http://iss.ices.utexas.edu/?p=projects/galois/benchmarks/gMetis

INFO: CommandLine /work/02556/dpereira/MIC/apps/gmetis/gmetis -t=235 /work/02556/dpereira/Inputs/USA-road-d.W.gr 16
INFO: Hostname c558-003-mic0.stampede.tacc.utexas.edu
Created Graph with 6262104 nodes and 15248146 edges
Nodes 6262104| Edges 15248146 7624073

  Starting coarsening: 
Time coarsen:  5278 Size of final graph: 442

  Sarting initial partitioning using GGGP:
Size in decade percentages:  -0,15 1,1
Time clustering:  378

  Sarting refinnement with BKL2
Initial dist
Size in decade percentages:  -0,15 1,1
Refined dist
Size in decade percentages:  -1,7 0,2 1,7
Time refinement:  3696


Time:  9531
Total edge cut : 1719

Part saved in : 0x7fff61459760
STATTYPE,LOOP,CATEGORY,n,sum,T0,T1,T2,T3,T4,T5,T6,T7,T8,T9,T10,T11,T12,T13,T14,T15,T16,T17,T18,T19,T20,T21,T22,T23,T24,T25,T26,T27,T28,T29,T30,T31,T32,T33,T34,T35,T36,T37,T38,T39,T40,T41,T42,T43,T44,T45,T46,T47,T48,T49,T50,T51,T52,T53,T54,T55,T56,T57,T58,T59,T60,T61,T62,T63,T64,T65,T66,T67,T68,T69,T70,T71,T72,T73,T74,T75,T76,T77,T78,T79,T80,T81,T82,T83,T84,T85,T86,T87,T88,T89,T90,T91,T92,T93,T94,T95,T96,T97,T98,T99,T100,T101,T102,T103,T104,T105,T106,T107,T108,T109,T110,T111,T112,T113,T114,T115,T116,T117,T118,T119,T120,T121,T122,T123,T124,T125,T126,T127,T128,T129,T130,T131,T132,T133,T134,T135,T136,T137,T138,T139,T140,T141,T142,T143,T144,T145,T146,T147,T148,T149,T150,T151,T152,T153,T154,T155,T156,T157,T158,T159,T160,T161,T162,T163,T164,T165,T166,T167,T168,T169,T170,T171,T172,T173,T174,T175,T176,T177,T178,T179,T180,T181,T182,T183,T184,T185,T186,T187,T188,T189,T190,T191,T192,T193,T194,T195,T196,T197,T198,T199,T200,T201,T202,T203,T204,T205,T206,T207,T208,T209,T210,T211,T212,T213,T214,T215,T216,T217,T218,T219,T220,T221,T222,T223,T224,T225,T226,T227,T228,T229,T230,T231,T232,T233,T234
STAT,(NULL),Coarsen,235,5278,5278,0,0,0,0,0,0,0,0,0,0,0,0,0,0,0,0,0,0,0,0,0,0,0,0,0,0,0,0,0,0,0,0,0,0,0,0,0,0,0,0,0,0,0,0,0,0,0,0,0,0,0,0,0,0,0,0,0,0,0,0,0,0,0,0,0,0,0,0,0,0,0,0,0,0,0,0,0,0,0,0,0,0,0,0,0,0,0,0,0,0,0,0,0,0,0,0,0,0,0,0,0,0,0,0,0,0,0,0,0,0,0,0,0,0,0,0,0,0,0,0,0,0,0,0,0,0,0,0,0,0,0,0,0,0,0,0,0,0,0,0,0,0,0,0,0,0,0,0,0,0,0,0,0,0,0,0,0,0,0,0,0,0,0,0,0,0,0,0,0,0,0,0,0,0,0,0,0,0,0,0,0,0,0,0,0,0,0,0,0,0,0,0,0,0,0,0,0,0,0,0,0,0,0,0,0,0,0,0,0,0,0,0,0,0,0,0,0,0,0,0,0,0,0,0,0,0,0,0,0,0,0,0,0,0
STAT,(NULL),Conflicts,235,0,0,0,0,0,0,0,0,0,0,0,0,0,0,0,0,0,0,0,0,0,0,0,0,0,0,0,0,0,0,0,0,0,0,0,0,0,0,0,0,0,0,0,0,0,0,0,0,0,0,0,0,0,0,0,0,0,0,0,0,0,0,0,0,0,0,0,0,0,0,0,0,0,0,0,0,0,0,0,0,0,0,0,0,0,0,0,0,0,0,0,0,0,0,0,0,0,0,0,0,0,0,0,0,0,0,0,0,0,0,0,0,0,0,0,0,0,0,0,0,0,0,0,0,0,0,0,0,0,0,0,0,0,0,0,0,0,0,0,0,0,0,0,0,0,0,0,0,0,0,0,0,0,0,0,0,0,0,0,0,0,0,0,0,0,0,0,0,0,0,0,0,0,0,0,0,0,0,0,0,0,0,0,0,0,0,0,0,0,0,0,0,0,0,0,0,0,0,0,0,0,0,0,0,0,0,0,0,0,0,0,0,0,0,0,0,0,0,0,0,0,0,0,0,0,0,0,0,0,0,0,0,0,0,0,0
STAT,(NULL),Iterations,235,31,5,0,0,0,0,0,0,0,0,0,0,0,0,0,0,0,0,0,0,0,2,0,0,0,0,0,0,0,0,0,0,0,0,0,0,0,0,0,0,0,1,0,0,0,0,0,0,0,0,0,0,2,0,1,0,0,0,0,0,0,0,0,1,0,0,0,0,0,0,0,0,0,0,0,0,0,0,0,0,0,0,0,0,0,0,0,0,0,0,0,0,0,0,0,0,0,0,0,0,0,0,0,0,0,0,0,0,0,0,0,0,0,3,0,0,0,0,0,0,0,0,0,0,0,0,0,0,1,0,0,0,0,0,0,0,0,0,0,0,0,2,0,0,0,0,2,0,0,0,0,0,0,0,0,0,0,0,0,0,0,0,0,0,0,0,4,0,0,0,0,0,0,0,0,0,0,0,0,0,0,0,0,0,0,0,0,0,0,1,0,0,0,0,0,0,0,0,0,0,0,1,0,0,0,0,0,0,0,0,0,0,0,0,0,2,0,0,0,0,0,0,3,0,0,0,0,0,0,0,0,0,0,0,0,0
STAT,(NULL),MeminfoPost,235,756699,3225,3218,3224,3223,3228,3232,3217,3218,3226,3213,3213,3222,3233,3229,3253,3263,3232,3207,3219,3208,3220,3215,3229,3227,3225,3241,3203,3237,3227,3208,3216,3212,3215,3231,3238,3215,3213,3208,3215,3222,3219,3209,3239,3228,3224,3223,3219,3229,3206,3209,3233,3223,3235,3243,3266,3243,3215,3208,3218,3218,3209,3225,3222,3231,3231,3227,3224,3224,3220,3208,3218,3214,3226,3224,3233,3209,3210,3213,3219,3219,3230,3217,3216,3232,3247,3224,3217,3220,3227,3227,3216,3216,3229,3214,3214,3214,3213,3228,3212,3203,3208,3222,3225,3227,3222,3220,3209,3219,3216,3210,3206,3211,3206,3224,3208,3227,3244,3241,3223,3206,3213,3212,3213,3244,3210,3206,3203,3200,3218,3221,3223,3225,3230,3227,3231,3212,3221,3205,3215,3225,3209,3215,3220,3206,3210,3202,3211,3210,3207,3232,3213,3203,3216,3232,3249,3239,3235,3232,3210,3214,3212,3236,3210,3205,3200,3215,3221,3222,3226,3232,3220,3219,3210,3221,3213,3215,3218,3204,3207,3207,3214,3214,3220,3206,3216,3236,3245,3236,3245,3230,3217,3209,3219,3204,3210,3220,3227,3239,3244,3230,3228,3241,3235,3214,3209,3214,3225,3213,3222,3210,3220,3205,3202,3214,3205,3217,3237,3208,3202,3206,3205,3212,3208,3202,3236,3209,3212,3217,3220,3221,3220,3221,3220,3218,3215
STAT,(NULL),MeminfoPre,235,189174,810,803,809,808,813,817,802,803,811,798,798,807,818,814,838,848,817,792,804,793,805,800,814,812,810,826,788,822,812,793,801,797,800,816,823,800,798,793,800,807,804,794,824,813,809,808,804,814,791,794,818,808,820,828,851,828,800,793,803,803,794,810,807,816,816,812,809,809,805,793,803,799,811,809,818,794,795,798,804,804,815,802,801,817,832,809,802,805,812,812,801,801,814,799,799,799,798,813,797,788,793,807,810,812,807,805,794,804,801,795,791,796,791,809,793,812,829,826,808,791,798,797,798,829,795,791,788,785,803,806,808,810,815,812,816,797,806,790,800,810,794,800,805,791,795,787,796,795,792,817,798,788,801,817,834,824,820,817,795,799,797,821,795,790,785,800,806,807,811,817,805,804,795,806,798,800,803,789,792,792,799,799,805,791,801,821,830,821,830,815,802,794,804,789,795,805,812,824,829,815,813,826,820,799,794,799,810,798,807,795,805,790,787,799,790,802,822,793,787,791,790,797,793,787,821,794,797,802,805,806,805,806,805,803,800
STAT,(NULL),Partition,235,378,378,0,0,0,0,0,0,0,0,0,0,0,0,0,0,0,0,0,0,0,0,0,0,0,0,0,0,0,0,0,0,0,0,0,0,0,0,0,0,0,0,0,0,0,0,0,0,0,0,0,0,0,0,0,0,0,0,0,0,0,0,0,0,0,0,0,0,0,0,0,0,0,0,0,0,0,0,0,0,0,0,0,0,0,0,0,0,0,0,0,0,0,0,0,0,0,0,0,0,0,0,0,0,0,0,0,0,0,0,0,0,0,0,0,0,0,0,0,0,0,0,0,0,0,0,0,0,0,0,0,0,0,0,0,0,0,0,0,0,0,0,0,0,0,0,0,0,0,0,0,0,0,0,0,0,0,0,0,0,0,0,0,0,0,0,0,0,0,0,0,0,0,0,0,0,0,0,0,0,0,0,0,0,0,0,0,0,0,0,0,0,0,0,0,0,0,0,0,0,0,0,0,0,0,0,0,0,0,0,0,0,0,0,0,0,0,0,0,0,0,0,0,0,0,0,0,0,0,0,0,0,0,0,0,0
STAT,(NULL),Refine,235,3696,3696,0,0,0,0,0,0,0,0,0,0,0,0,0,0,0,0,0,0,0,0,0,0,0,0,0,0,0,0,0,0,0,0,0,0,0,0,0,0,0,0,0,0,0,0,0,0,0,0,0,0,0,0,0,0,0,0,0,0,0,0,0,0,0,0,0,0,0,0,0,0,0,0,0,0,0,0,0,0,0,0,0,0,0,0,0,0,0,0,0,0,0,0,0,0,0,0,0,0,0,0,0,0,0,0,0,0,0,0,0,0,0,0,0,0,0,0,0,0,0,0,0,0,0,0,0,0,0,0,0,0,0,0,0,0,0,0,0,0,0,0,0,0,0,0,0,0,0,0,0,0,0,0,0,0,0,0,0,0,0,0,0,0,0,0,0,0,0,0,0,0,0,0,0,0,0,0,0,0,0,0,0,0,0,0,0,0,0,0,0,0,0,0,0,0,0,0,0,0,0,0,0,0,0,0,0,0,0,0,0,0,0,0,0,0,0,0,0,0,0,0,0,0,0,0,0,0,0,0,0,0,0,0,0,0
STAT,(NULL),Threads,235,235,235,0,0,0,0,0,0,0,0,0,0,0,0,0,0,0,0,0,0,0,0,0,0,0,0,0,0,0,0,0,0,0,0,0,0,0,0,0,0,0,0,0,0,0,0,0,0,0,0,0,0,0,0,0,0,0,0,0,0,0,0,0,0,0,0,0,0,0,0,0,0,0,0,0,0,0,0,0,0,0,0,0,0,0,0,0,0,0,0,0,0,0,0,0,0,0,0,0,0,0,0,0,0,0,0,0,0,0,0,0,0,0,0,0,0,0,0,0,0,0,0,0,0,0,0,0,0,0,0,0,0,0,0,0,0,0,0,0,0,0,0,0,0,0,0,0,0,0,0,0,0,0,0,0,0,0,0,0,0,0,0,0,0,0,0,0,0,0,0,0,0,0,0,0,0,0,0,0,0,0,0,0,0,0,0,0,0,0,0,0,0,0,0,0,0,0,0,0,0,0,0,0,0,0,0,0,0,0,0,0,0,0,0,0,0,0,0,0,0,0,0,0,0,0,0,0,0,0,0,0,0,0,0,0,0
STAT,(NULL),Time,235,9531,9531,0,0,0,0,0,0,0,0,0,0,0,0,0,0,0,0,0,0,0,0,0,0,0,0,0,0,0,0,0,0,0,0,0,0,0,0,0,0,0,0,0,0,0,0,0,0,0,0,0,0,0,0,0,0,0,0,0,0,0,0,0,0,0,0,0,0,0,0,0,0,0,0,0,0,0,0,0,0,0,0,0,0,0,0,0,0,0,0,0,0,0,0,0,0,0,0,0,0,0,0,0,0,0,0,0,0,0,0,0,0,0,0,0,0,0,0,0,0,0,0,0,0,0,0,0,0,0,0,0,0,0,0,0,0,0,0,0,0,0,0,0,0,0,0,0,0,0,0,0,0,0,0,0,0,0,0,0,0,0,0,0,0,0,0,0,0,0,0,0,0,0,0,0,0,0,0,0,0,0,0,0,0,0,0,0,0,0,0,0,0,0,0,0,0,0,0,0,0,0,0,0,0,0,0,0,0,0,0,0,0,0,0,0,0,0,0,0,0,0,0,0,0,0,0,0,0,0,0,0,0,0,0,0,0
STAT,match,Conflicts,235,6202,39,38,33,37,45,43,34,38,36,39,37,37,39,50,28,38,46,35,42,38,43,47,39,46,40,39,35,35,40,33,29,29,34,33,36,33,27,38,32,28,39,36,32,41,27,35,26,31,30,31,29,29,31,29,36,31,33,27,27,33,31,19,19,25,18,25,22,25,27,21,26,27,27,24,28,19,33,28,21,31,30,21,31,23,30,24,26,24,24,24,23,28,13,24,23,23,24,17,28,20,23,24,25,16,29,21,24,19,22,25,23,27,24,20,23,24,15,17,26,20,22,22,25,21,22,24,23,20,21,19,26,21,23,21,25,29,23,24,22,21,33,25,25,26,20,27,18,21,27,20,23,23,27,23,20,28,27,21,25,27,20,19,23,20,25,24,19,29,23,20,21,22,19,18,19,18,23,16,22,27,27,31,28,22,21,20,26,18,22,22,29,28,23,20,21,24,31,24,27,20,24,25,24,28,29,24,22,24,25,23,26,16,24,27,23,24,23,17,23,23,27,24,23,23,28,21,25,27,21,21,18,20,17,17,21
STAT,match,Iterations,235,15061122,38371,55273,46869,50565,47700,40852,71183,66259,50873,51132,37746,74187,47060,49306,61348,58075,69175,67193,47171,50023,51944,52453,54355,51379,61752,42294,57346,66672,57159,41992,52676,34912,60924,75525,62893,46647,75422,55221,46531,52720,56412,59183,55478,52462,52985,45543,50980,60878,63005,52872,59270,55967,39302,58435,58257,44406,55330,63506,58538,51038,60558,84439,77169,48317,54453,45964,51952,63802,61670,84286,79773,56832,78185,77065,92598,50283,61783,59674,70987,51371,64605,87066,71524,50966,75711,62194,46318,61983,52351,66221,53158,72424,78545,70678,53009,65110,51930,87257,70204,60007,51972,68666,63094,56348,45864,76819,65381,60280,71808,65701,43993,62212,51468,76464,52243,79460,59979,51080,66588,73157,60920,89292,77198,81204,62584,76980,63374,76778,54060,80236,61696,66420,76458,49460,50431,73993,39138,97584,48592,93150,48908,87984,50427,93995,62237,54216,76114,89506,43999,79209,66908,73883,62144,52186,74278,64690,52196,65948,57583,52703,70236,81734,50485,75053,85450,56313,74270,81889,83425,43246,69420,52852,100513,76054,55360,100663,78156,88392,65086,80607,85802,56326,67836,64034,65505,72856,61346,68770,67774,65353,50642,76812,73638,65223,59386,75428,60549,79574,79432,78657,77309,80315,76633,47698,80353,49671,61591,63658,76193,60025,82395,82141,53677,64196,80704,68020,62582,75737,76462,71602,79300,57842,65871,71449,52712,50834,69229,80871,69061,69371,75609,66484,66777,63435,68482
STAT,popedge,Conflicts,235,0,0,0,0,0,0,0,0,0,0,0,0,0,0,0,0,0,0,0,0,0,0,0,0,0,0,0,0,0,0,0,0,0,0,0,0,0,0,0,0,0,0,0,0,0,0,0,0,0,0,0,0,0,0,0,0,0,0,0,0,0,0,0,0,0,0,0,0,0,0,0,0,0,0,0,0,0,0,0,0,0,0,0,0,0,0,0,0,0,0,0,0,0,0,0,0,0,0,0,0,0,0,0,0,0,0,0,0,0,0,0,0,0,0,0,0,0,0,0,0,0,0,0,0,0,0,0,0,0,0,0,0,0,0,0,0,0,0,0,0,0,0,0,0,0,0,0,0,0,0,0,0,0,0,0,0,0,0,0,0,0,0,0,0,0,0,0,0,0,0,0,0,0,0,0,0,0,0,0,0,0,0,0,0,0,0,0,0,0,0,0,0,0,0,0,0,0,0,0,0,0,0,0,0,0,0,0,0,0,0,0,0,0,0,0,0,0,0,0,0,0,0,0,0,0,0,0,0,0,0,0,0,0,0,0,0
STAT,popedge,Iterations,235,7377066,29612,29970,30624,29805,28984,29637,29428,31663,29686,29382,31063,30680,30775,30742,29541,32290,31018,31360,30742,33368,29386,30934,28418,32717,31001,29609,28195,31703,30605,31480,29569,30777,31110,33897,30428,30899,29513,31084,29951,30464,31002,30367,29085,31218,30632,29791,31362,30561,32711,29433,30138,29933,34028,33953,31847,34078,35775,34444,35038,34194,34354,30433,29535,30788,31216,29469,29348,30608,29902,31475,30689,29868,29576,29317,32907,29491,34312,30242,31747,30106,31108,29312,30526,30919,31827,30758,30999,29951,30102,30559,29698,31099,30066,30348,31276,31352,30496,31181,31091,32127,30963,31987,31197,30129,30420,28954,30543,31063,30546,29458,31893,32415,30250,33670,35624,33341,32792,34697,34888,34007,34909,33747,29006,33471,30795,29116,30044,31824,30574,32058,30605,29155,32581,31125,30707,30547,30599,32493,32517,34582,32076,32393,32629,29012,32235,32578,29928,32072,31263,30393,32786,29609,31800,31555,29819,30176,32065,29891,31438,32636,30715,32586,31980,30495,32081,33389,32887,30564,31775,32087,33913,31047,31198,30700,34303,39283,33554,34903,35632,36399,36909,35278,34619,29448,30316,29976,30233,29255,29297,30640,30946,29409,28070,31102,30661,30403,31166,29660,32265,30923,34428,33274,32812,30935,32600,31576,31741,31007,31821,29284,32053,30558,31139,32672,30395,31966,31381,30036,32212,32423,33269,31960,31233,31115,32564,31938,30581,31859,32079,32729,29880,31391,30941,32560,31063
STAT,refine,Conflicts,235,6309,101,112,99,95,100,106,90,100,95,73,92,87,85,81,87,68,64,81,65,67,67,67,67,68,56,63,63,62,57,55,45,46,40,50,33,49,33,42,36,44,31,39,39,35,43,39,37,43,45,34,33,45,37,47,38,40,33,33,28,30,33,15,12,16,15,10,20,14,10,17,11,18,18,8,11,9,18,22,13,9,15,11,17,12,16,20,15,15,15,10,10,18,7,20,19,13,20,18,13,12,16,10,17,14,10,18,23,13,12,18,16,12,22,21,21,25,20,15,17,19,19,16,22,16,13,11,8,11,15,19,17,9,20,17,16,13,12,15,8,25,14,15,16,17,18,10,7,12,10,17,14,19,23,22,15,20,20,13,7,16,14,22,20,27,18,13,19,18,12,19,24,10,16,18,20,23,23,24,21,17,16,18,26,19,10,11,18,11,22,14,15,14,15,18,13,17,17,15,12,18,28,9,20,18,26,13,17,11,10,11,10,12,11,15,21,12,18,6,23,9,15,8,15,16,16,11,20,24,10,14,12,19,20,13,18
STAT,refine,Iterations,235,39064,337,320,340,293,248,364,336,303,246,251,278,283,255,293,223,280,317,367,216,285,233,249,263,247,183,171,176,217,145,145,162,131,180,207,137,271,193,153,156,186,182,136,126,203,216,220,166,177,236,143,110,150,130,156,171,279,241,156,130,266,194,215,145,93,136,55,104,110,78,130,158,127,143,115,332,96,157,147,227,91,194,127,100,120,117,132,135,118,88,88,95,122,99,182,199,164,121,187,122,127,108,148,112,104,120,160,186,79,96,130,122,119,156,122,184,222,177,142,168,187,163,195,190,121,147,79,89,120,102,121,123,108,156,110,207,229,95,165,141,212,85,201,157,157,166,151,80,186,77,114,109,137,140,207,193,168,126,128,170,114,204,159,154,177,146,135,151,198,130,160,223,203,115,191,85,199,164,198,215,162,203,230,180,191,176,155,97,94,112,88,119,105,120,233,104,174,214,101,137,213,248,99,189,162,162,106,114,73,155,117,87,84,94,156,143,212,135,91,218,177,142,130,154,184,141,89,241,232,214,141,123,177,269,91,194
