Hello from MIC
Galois Benchmark Suite v2.2.0 (r0)
Copyright (C) 2013 The University of Texas at Austin
http://iss.ices.utexas.edu/galois/

application: GMetis
Partitions a graph into K parts and minimizing the graph cut
http://iss.ices.utexas.edu/?p=projects/galois/benchmarks/gMetis

INFO: CommandLine /work/02556/dpereira/MIC/apps/gmetis/gmetis -t=56 /work/02556/dpereira/Inputs/USA-road-d.W.gr 128
INFO: Hostname c557-903-mic0.stampede.tacc.utexas.edu
Created Graph with 6262104 nodes and 15248146 edges
Nodes 6262104| Edges 15248146 7624073

  Starting coarsening: 
Time coarsen:  2460 Size of final graph: 3015

  Sarting initial partitioning using GGGP:
Size in decade percentages:  -1,8 -0,115 1,5
Time clustering:  399

  Sarting refinnement with BKL2
Initial dist
Size in decade percentages:  -1,8 -0,115 1,5
Refined dist
Size in decade percentages:  -1,43 0,43 1,42
Time refinement:  714


Time:  3749
Total edge cut : 7831

Part saved in : 0x7fff9cf582e0
STATTYPE,LOOP,CATEGORY,n,sum,T0,T1,T2,T3,T4,T5,T6,T7,T8,T9,T10,T11,T12,T13,T14,T15,T16,T17,T18,T19,T20,T21,T22,T23,T24,T25,T26,T27,T28,T29,T30,T31,T32,T33,T34,T35,T36,T37,T38,T39,T40,T41,T42,T43,T44,T45,T46,T47,T48,T49,T50,T51,T52,T53,T54,T55
STAT,(NULL),Coarsen,56,2460,2460,0,0,0,0,0,0,0,0,0,0,0,0,0,0,0,0,0,0,0,0,0,0,0,0,0,0,0,0,0,0,0,0,0,0,0,0,0,0,0,0,0,0,0,0,0,0,0,0,0,0,0,0,0,0,0
STAT,(NULL),Conflicts,56,0,0,0,0,0,0,0,0,0,0,0,0,0,0,0,0,0,0,0,0,0,0,0,0,0,0,0,0,0,0,0,0,0,0,0,0,0,0,0,0,0,0,0,0,0,0,0,0,0,0,0,0,0,0,0,0,0
STAT,(NULL),Iterations,56,255,9,4,6,5,6,2,3,10,8,2,2,3,7,3,3,4,5,6,4,1,3,9,1,3,0,4,6,4,3,3,8,4,3,16,16,4,4,7,2,9,2,3,3,4,2,8,3,3,2,2,3,3,4,2,5,4
STAT,(NULL),MeminfoPost,56,756363,13518,13519,13506,13606,13485,13532,13526,13485,13507,13488,13543,13496,13578,13531,13500,13541,13490,13520,13481,13522,13536,13518,13488,13475,13521,13487,13468,13532,13497,13497,13467,13538,13488,13492,13454,13488,13533,13538,13490,13479,13524,13483,13468,13470,13589,13503,13488,13582,13509,13495,13466,13490,13450,13477,13505,13504
STAT,(NULL),MeminfoPre,56,189083,3388,3389,3376,3476,3355,3402,3396,3355,3377,3358,3413,3366,3448,3401,3370,3411,3360,3390,3351,3392,3406,3388,3358,3345,3391,3357,3338,3402,3367,3367,3337,3408,3358,3362,3324,3358,3403,3408,3360,3349,3394,3353,3338,3340,3459,3373,3358,3452,3379,3365,3336,3360,3320,3347,3375,3374
STAT,(NULL),Partition,56,399,399,0,0,0,0,0,0,0,0,0,0,0,0,0,0,0,0,0,0,0,0,0,0,0,0,0,0,0,0,0,0,0,0,0,0,0,0,0,0,0,0,0,0,0,0,0,0,0,0,0,0,0,0,0,0,0
STAT,(NULL),Refine,56,714,714,0,0,0,0,0,0,0,0,0,0,0,0,0,0,0,0,0,0,0,0,0,0,0,0,0,0,0,0,0,0,0,0,0,0,0,0,0,0,0,0,0,0,0,0,0,0,0,0,0,0,0,0,0,0,0
STAT,(NULL),Threads,56,56,56,0,0,0,0,0,0,0,0,0,0,0,0,0,0,0,0,0,0,0,0,0,0,0,0,0,0,0,0,0,0,0,0,0,0,0,0,0,0,0,0,0,0,0,0,0,0,0,0,0,0,0,0,0,0,0
STAT,(NULL),Time,56,3749,3749,0,0,0,0,0,0,0,0,0,0,0,0,0,0,0,0,0,0,0,0,0,0,0,0,0,0,0,0,0,0,0,0,0,0,0,0,0,0,0,0,0,0,0,0,0,0,0,0,0,0,0,0,0,0,0
STAT,match,Conflicts,56,4935,200,161,128,134,116,122,132,105,102,81,95,93,100,125,74,70,78,97,59,82,80,75,95,86,85,107,88,87,80,62,56,50,58,69,87,73,61,52,57,57,59,71,66,81,87,76,65,67,70,59,67,124,71,103,182,68
STAT,match,Iterations,56,14969187,258488,247166,270923,256076,282397,255666,257867,279960,266463,276210,242204,267995,240133,241325,274359,263424,273457,261686,280312,253894,257111,263312,261655,279950,231773,256019,279249,246433,275888,264716,267479,265424,268478,287499,272108,265210,263828,268735,276564,277895,275061,274180,275177,282785,231980,274086,282343,263650,273921,287175,303561,278673,287390,272405,242039,285430
STAT,popedge,Conflicts,56,0,0,0,0,0,0,0,0,0,0,0,0,0,0,0,0,0,0,0,0,0,0,0,0,0,0,0,0,0,0,0,0,0,0,0,0,0,0,0,0,0,0,0,0,0,0,0,0,0,0,0,0,0,0,0,0,0
STAT,popedge,Iterations,56,7337081,130449,130912,131621,122202,130440,127109,127839,131472,130613,130635,127251,129552,127692,130324,127487,123585,130294,131281,130430,118782,117929,117625,124402,124910,117934,129107,128000,128979,134476,136177,136958,130885,134297,136165,140159,132061,132750,128589,131700,131839,125085,130708,130697,131335,123218,124960,125860,140059,144790,141651,140481,140669,144279,142483,145020,140874
STAT,refine,Conflicts,56,3092,134,117,99,89,87,87,89,73,70,75,71,68,71,62,58,40,51,48,74,70,69,48,57,47,57,52,41,60,51,48,36,36,45,46,50,27,52,45,49,39,47,35,35,39,47,45,40,37,39,29,32,38,27,44,37,33
STAT,refine,Iterations,56,128346,2855,2037,2007,2759,2151,2615,2048,2117,2566,1945,3034,1739,2754,2438,2960,2166,1952,2592,2339,2204,2808,1777,2258,1964,1879,2041,2223,2971,2231,2114,1992,2220,2291,1938,2092,2441,3167,3191,2526,1922,2324,1841,2096,2466,2923,1952,2484,2237,2132,1753,2202,1698,2048,1850,2434,2582
