Hello from MIC
Galois Benchmark Suite v2.2.0 (r0)
Copyright (C) 2013 The University of Texas at Austin
http://iss.ices.utexas.edu/galois/

application: GMetis
Partitions a graph into K parts and minimizing the graph cut
http://iss.ices.utexas.edu/?p=projects/galois/benchmarks/gMetis

INFO: CommandLine /work/02556/dpereira/MIC/apps/gmetis/gmetis -t=40 /work/02556/dpereira/Inputs/USA-road-d.W.gr 16
INFO: Hostname c557-901-mic0.stampede.tacc.utexas.edu
Created Graph with 6262104 nodes and 15248146 edges
Nodes 6262104| Edges 15248146 7624073

  Starting coarsening: 
Time coarsen:  2989 Size of final graph: 418

  Sarting initial partitioning using GGGP:
Size in decade percentages:  -1,1 -0,15
Time clustering:  356

  Sarting refinnement with BKL2
Initial dist
Size in decade percentages:  -1,1 -0,15
Refined dist
Size in decade percentages:  -1,4 -0,7 1,5
Time refinement:  617


Time:  4137
Total edge cut : 1825

Part saved in : 0x7fff76424d60
STATTYPE,LOOP,CATEGORY,n,sum,T0,T1,T2,T3,T4,T5,T6,T7,T8,T9,T10,T11,T12,T13,T14,T15,T16,T17,T18,T19,T20,T21,T22,T23,T24,T25,T26,T27,T28,T29,T30,T31,T32,T33,T34,T35,T36,T37,T38,T39
STAT,(NULL),Coarsen,40,2989,2989,0,0,0,0,0,0,0,0,0,0,0,0,0,0,0,0,0,0,0,0,0,0,0,0,0,0,0,0,0,0,0,0,0,0,0,0,0,0,0
STAT,(NULL),Conflicts,40,0,0,0,0,0,0,0,0,0,0,0,0,0,0,0,0,0,0,0,0,0,0,0,0,0,0,0,0,0,0,0,0,0,0,0,0,0,0,0,0,0
STAT,(NULL),Iterations,40,31,5,0,0,0,3,0,3,0,0,1,0,1,2,0,0,0,0,1,2,4,0,0,0,0,1,0,2,0,0,0,0,3,2,1,0,0,0,0,0,0
STAT,(NULL),MeminfoPost,40,756148,18933,18898,19003,18885,18944,18902,18878,18927,18918,18977,18920,18902,18912,18898,18931,18912,18868,18906,18854,18922,18895,18853,18942,18871,18846,18863,18991,18864,18913,18877,18859,18934,18911,18948,18930,18884,18869,18824,18881,18903
STAT,(NULL),MeminfoPre,40,189028,4755,4720,4825,4707,4766,4724,4700,4749,4740,4799,4742,4724,4734,4720,4753,4734,4690,4728,4676,4744,4717,4675,4764,4693,4668,4685,4813,4686,4735,4699,4681,4756,4733,4770,4752,4706,4691,4646,4703,4725
STAT,(NULL),Partition,40,356,356,0,0,0,0,0,0,0,0,0,0,0,0,0,0,0,0,0,0,0,0,0,0,0,0,0,0,0,0,0,0,0,0,0,0,0,0,0,0,0
STAT,(NULL),Refine,40,617,617,0,0,0,0,0,0,0,0,0,0,0,0,0,0,0,0,0,0,0,0,0,0,0,0,0,0,0,0,0,0,0,0,0,0,0,0,0,0,0
STAT,(NULL),Threads,40,40,40,0,0,0,0,0,0,0,0,0,0,0,0,0,0,0,0,0,0,0,0,0,0,0,0,0,0,0,0,0,0,0,0,0,0,0,0,0,0,0
STAT,(NULL),Time,40,4137,4137,0,0,0,0,0,0,0,0,0,0,0,0,0,0,0,0,0,0,0,0,0,0,0,0,0,0,0,0,0,0,0,0,0,0,0,0,0,0,0
STAT,match,Conflicts,40,4439,219,169,251,125,186,108,110,97,118,202,101,134,109,113,93,89,88,107,112,92,79,117,117,73,106,88,103,81,79,66,51,62,89,87,87,82,133,169,81,66
STAT,match,Iterations,40,14942052,342196,358578,327708,379664,342619,376153,374988,380174,372112,353184,384169,379529,389890,363130,352961,374203,387463,367123,377743,375024,365004,382746,371412,378655,399646,384536,364950,382091,361911,379670,345132,367439,370163,376227,383949,398066,396353,399967,381131,394393
STAT,popedge,Conflicts,40,0,0,0,0,0,0,0,0,0,0,0,0,0,0,0,0,0,0,0,0,0,0,0,0,0,0,0,0,0,0,0,0,0,0,0,0,0,0,0,0,0
STAT,popedge,Iterations,40,7320113,179812,183370,178556,178985,176739,182521,185860,179786,181110,177443,180128,177058,183541,170867,164159,164156,182751,175597,178973,174413,186266,195680,185179,189480,186786,187620,181373,180167,180839,184013,166480,180261,174134,186438,198771,199944,197962,205771,200490,196634
STAT,refine,Conflicts,40,2469,165,120,121,96,96,74,80,91,82,81,64,67,47,66,62,61,59,52,68,63,43,54,48,51,32,38,52,50,33,58,48,47,38,47,29,32,39,38,24,53
STAT,refine,Iterations,40,35023,935,848,904,937,757,564,888,775,723,1024,783,590,675,790,760,666,639,822,974,1025,788,727,1017,913,1261,778,1291,547,932,938,947,1291,750,1425,1057,698,409,926,847,1402
