Hello from MIC
Galois Benchmark Suite v2.2.0 (r0)
Copyright (C) 2013 The University of Texas at Austin
http://iss.ices.utexas.edu/galois/

application: GMetis
Partitions a graph into K parts and minimizing the graph cut
http://iss.ices.utexas.edu/?p=projects/galois/benchmarks/gMetis

INFO: CommandLine /work/02556/dpereira/MIC/apps/gmetis/gmetis -t=42 /work/02556/dpereira/Inputs/USA-road-d.W.gr 16
INFO: Hostname c557-901-mic0.stampede.tacc.utexas.edu
Created Graph with 6262104 nodes and 15248146 edges
Nodes 6262104| Edges 15248146 7624073

  Starting coarsening: 
Time coarsen:  2946 Size of final graph: 421

  Sarting initial partitioning using GGGP:
Size in decade percentages:  -1,1 -0,14 1,1
Time clustering:  356

  Sarting refinnement with BKL2
Initial dist
Size in decade percentages:  -1,1 -0,14 1,1
Refined dist
Size in decade percentages:  -1,4 0,9 1,3
Time refinement:  641


Time:  4118
Total edge cut : 1729

Part saved in : 0x7fff2adca3e0
STATTYPE,LOOP,CATEGORY,n,sum,T0,T1,T2,T3,T4,T5,T6,T7,T8,T9,T10,T11,T12,T13,T14,T15,T16,T17,T18,T19,T20,T21,T22,T23,T24,T25,T26,T27,T28,T29,T30,T31,T32,T33,T34,T35,T36,T37,T38,T39,T40,T41
STAT,(NULL),Coarsen,42,2946,2946,0,0,0,0,0,0,0,0,0,0,0,0,0,0,0,0,0,0,0,0,0,0,0,0,0,0,0,0,0,0,0,0,0,0,0,0,0,0,0,0,0
STAT,(NULL),Conflicts,42,0,0,0,0,0,0,0,0,0,0,0,0,0,0,0,0,0,0,0,0,0,0,0,0,0,0,0,0,0,0,0,0,0,0,0,0,0,0,0,0,0,0,0
STAT,(NULL),Iterations,42,31,5,2,0,1,0,0,0,0,0,0,0,0,0,0,0,1,0,0,0,2,0,3,2,0,0,0,0,0,0,4,2,0,0,0,0,0,0,4,0,3,0,2
STAT,(NULL),MeminfoPost,42,756162,18027,18007,18101,17986,18038,17988,17995,18024,18001,18116,17979,18041,17986,18000,18013,18043,18000,17960,18012,17961,18021,17986,17960,18040,17986,17954,17967,18052,18014,17959,18010,17962,17958,18096,17965,18087,18007,17965,17972,17922,18000,18001
STAT,(NULL),MeminfoPre,42,189036,4524,4504,4598,4483,4535,4485,4492,4521,4498,4613,4476,4538,4483,4497,4510,4540,4497,4457,4509,4458,4518,4483,4457,4537,4483,4451,4464,4549,4511,4456,4507,4459,4455,4593,4462,4584,4504,4462,4469,4419,4497,4498
STAT,(NULL),Partition,42,356,356,0,0,0,0,0,0,0,0,0,0,0,0,0,0,0,0,0,0,0,0,0,0,0,0,0,0,0,0,0,0,0,0,0,0,0,0,0,0,0,0,0
STAT,(NULL),Refine,42,641,641,0,0,0,0,0,0,0,0,0,0,0,0,0,0,0,0,0,0,0,0,0,0,0,0,0,0,0,0,0,0,0,0,0,0,0,0,0,0,0,0,0
STAT,(NULL),Threads,42,42,42,0,0,0,0,0,0,0,0,0,0,0,0,0,0,0,0,0,0,0,0,0,0,0,0,0,0,0,0,0,0,0,0,0,0,0,0,0,0,0,0,0
STAT,(NULL),Time,42,4118,4118,0,0,0,0,0,0,0,0,0,0,0,0,0,0,0,0,0,0,0,0,0,0,0,0,0,0,0,0,0,0,0,0,0,0,0,0,0,0,0,0,0
STAT,match,Conflicts,42,5373,333,259,226,163,183,167,240,158,179,188,131,124,149,244,86,85,91,113,87,118,91,79,100,81,101,98,99,84,89,73,92,86,98,113,101,115,105,64,137,85,98,60
STAT,match,Iterations,42,14974801,320060,333788,313534,359487,325178,347955,358342,339582,354439,318971,358513,353491,362189,352776,357474,342632,355454,362048,346578,351258,326937,361055,377737,344489,375585,389798,354725,355842,367744,379687,370911,373852,372560,321999,370131,358752,376101,381884,360642,407678,363659,369284
STAT,popedge,Conflicts,42,0,0,0,0,0,0,0,0,0,0,0,0,0,0,0,0,0,0,0,0,0,0,0,0,0,0,0,0,0,0,0,0,0,0,0,0,0,0,0,0,0,0,0
STAT,popedge,Iterations,42,7338620,170078,171793,169421,174525,170262,177780,180304,172835,172930,168850,174891,167362,174593,176243,158365,155268,162341,170049,167110,173699,168321,178958,182927,175488,177020,183776,179319,172832,168711,171837,168150,172585,173897,165849,167734,182326,189061,188056,195152,186266,191757,189899
STAT,refine,Conflicts,42,2552,133,100,112,99,96,92,89,84,91,84,59,61,63,68,60,60,74,64,57,60,51,51,43,46,40,55,51,32,47,33,62,39,52,50,46,39,34,30,31,37,35,42
STAT,refine,Iterations,42,34173,1166,823,841,854,1085,651,998,1105,1014,778,762,863,528,904,688,823,627,842,824,972,844,1014,551,774,811,986,957,1042,835,397,970,938,850,874,518,884,1011,396,248,645,591,889
