Hello from MIC
Galois Benchmark Suite v2.2.0 (r0)
Copyright (C) 2013 The University of Texas at Austin
http://iss.ices.utexas.edu/galois/

application: GMetis
Partitions a graph into K parts and minimizing the graph cut
http://iss.ices.utexas.edu/?p=projects/galois/benchmarks/gMetis

INFO: CommandLine /work/02556/dpereira/MIC/apps/gmetis/gmetis -t=111 /work/02556/dpereira/Inputs/USA-road-d.W.gr 128
INFO: Hostname c558-001-mic0.stampede.tacc.utexas.edu
Created Graph with 6262104 nodes and 15248146 edges
Nodes 6262104| Edges 15248146 7624073

  Starting coarsening: 
Time coarsen:  2304 Size of final graph: 3071

  Sarting initial partitioning using GGGP:
Size in decade percentages:  -1,7 -0,115 1,6
Time clustering:  414

  Sarting refinnement with BKL2
Initial dist
Size in decade percentages:  -1,7 -0,115 1,6
Refined dist
Size in decade percentages:  -1,46 0,32 1,50
Time refinement:  1243


Time:  4139
Total edge cut : 8324

Part saved in : 0x7fff26bb9460
STATTYPE,LOOP,CATEGORY,n,sum,T0,T1,T2,T3,T4,T5,T6,T7,T8,T9,T10,T11,T12,T13,T14,T15,T16,T17,T18,T19,T20,T21,T22,T23,T24,T25,T26,T27,T28,T29,T30,T31,T32,T33,T34,T35,T36,T37,T38,T39,T40,T41,T42,T43,T44,T45,T46,T47,T48,T49,T50,T51,T52,T53,T54,T55,T56,T57,T58,T59,T60,T61,T62,T63,T64,T65,T66,T67,T68,T69,T70,T71,T72,T73,T74,T75,T76,T77,T78,T79,T80,T81,T82,T83,T84,T85,T86,T87,T88,T89,T90,T91,T92,T93,T94,T95,T96,T97,T98,T99,T100,T101,T102,T103,T104,T105,T106,T107,T108,T109,T110
STAT,(NULL),Coarsen,111,2304,2304,0,0,0,0,0,0,0,0,0,0,0,0,0,0,0,0,0,0,0,0,0,0,0,0,0,0,0,0,0,0,0,0,0,0,0,0,0,0,0,0,0,0,0,0,0,0,0,0,0,0,0,0,0,0,0,0,0,0,0,0,0,0,0,0,0,0,0,0,0,0,0,0,0,0,0,0,0,0,0,0,0,0,0,0,0,0,0,0,0,0,0,0,0,0,0,0,0,0,0,0,0,0,0,0,0,0,0,0,0,0
STAT,(NULL),Conflicts,111,0,0,0,0,0,0,0,0,0,0,0,0,0,0,0,0,0,0,0,0,0,0,0,0,0,0,0,0,0,0,0,0,0,0,0,0,0,0,0,0,0,0,0,0,0,0,0,0,0,0,0,0,0,0,0,0,0,0,0,0,0,0,0,0,0,0,0,0,0,0,0,0,0,0,0,0,0,0,0,0,0,0,0,0,0,0,0,0,0,0,0,0,0,0,0,0,0,0,0,0,0,0,0,0,0,0,0,0,0,0,0,0
STAT,(NULL),Iterations,111,255,8,1,1,3,0,0,2,2,0,4,0,7,0,4,0,3,2,1,4,1,0,0,0,2,1,5,3,0,3,4,2,3,1,8,2,5,5,1,1,0,5,5,1,2,0,1,2,0,3,1,8,4,1,0,4,5,3,8,4,1,4,5,4,1,4,2,4,4,2,0,2,4,0,0,0,0,0,3,3,1,1,3,2,1,0,1,7,2,0,3,0,1,3,0,3,0,5,3,0,4,2,6,1,0,3,1,2,6,0,2,3
STAT,(NULL),MeminfoPost,111,756563,6817,6827,6835,6814,6801,6826,6855,6879,6804,6798,6828,6832,6827,6821,6797,6822,6828,6795,6810,6820,6830,6824,6817,6813,6833,6885,6826,6801,6811,6826,6838,6827,6805,6807,6824,6819,6800,6819,6817,6834,6833,6825,6818,6822,6803,6798,6811,6795,6830,6819,6802,6801,6794,6803,6824,6849,6803,6801,6828,6785,6796,6819,6835,6823,6810,6808,6802,6799,6786,6796,6815,6788,6846,6855,6831,6799,6820,6780,6814,6829,6821,6803,6810,6801,6784,6811,6791,6844,6857,6837,6796,6796,6816,6866,6837,6846,6798,6813,6809,6797,6790,6803,6816,6780,6798,6810,6789,6809,6820,6819,6809
STAT,(NULL),MeminfoPre,111,189131,1705,1715,1723,1702,1689,1714,1743,1767,1692,1686,1716,1720,1715,1709,1685,1710,1716,1683,1698,1708,1718,1712,1705,1701,1721,1773,1714,1689,1699,1714,1726,1715,1693,1695,1712,1707,1688,1707,1705,1722,1721,1713,1706,1710,1691,1686,1699,1683,1718,1707,1690,1689,1682,1691,1712,1737,1691,1689,1716,1673,1684,1707,1723,1711,1698,1696,1690,1687,1674,1684,1703,1676,1734,1743,1719,1687,1708,1668,1702,1717,1709,1691,1698,1689,1672,1699,1679,1732,1745,1725,1684,1684,1704,1754,1725,1734,1686,1701,1697,1685,1678,1691,1704,1668,1686,1698,1677,1697,1708,1707,1697
STAT,(NULL),Partition,111,414,414,0,0,0,0,0,0,0,0,0,0,0,0,0,0,0,0,0,0,0,0,0,0,0,0,0,0,0,0,0,0,0,0,0,0,0,0,0,0,0,0,0,0,0,0,0,0,0,0,0,0,0,0,0,0,0,0,0,0,0,0,0,0,0,0,0,0,0,0,0,0,0,0,0,0,0,0,0,0,0,0,0,0,0,0,0,0,0,0,0,0,0,0,0,0,0,0,0,0,0,0,0,0,0,0,0,0,0,0,0,0
STAT,(NULL),Refine,111,1243,1243,0,0,0,0,0,0,0,0,0,0,0,0,0,0,0,0,0,0,0,0,0,0,0,0,0,0,0,0,0,0,0,0,0,0,0,0,0,0,0,0,0,0,0,0,0,0,0,0,0,0,0,0,0,0,0,0,0,0,0,0,0,0,0,0,0,0,0,0,0,0,0,0,0,0,0,0,0,0,0,0,0,0,0,0,0,0,0,0,0,0,0,0,0,0,0,0,0,0,0,0,0,0,0,0,0,0,0,0,0,0
STAT,(NULL),Threads,111,111,111,0,0,0,0,0,0,0,0,0,0,0,0,0,0,0,0,0,0,0,0,0,0,0,0,0,0,0,0,0,0,0,0,0,0,0,0,0,0,0,0,0,0,0,0,0,0,0,0,0,0,0,0,0,0,0,0,0,0,0,0,0,0,0,0,0,0,0,0,0,0,0,0,0,0,0,0,0,0,0,0,0,0,0,0,0,0,0,0,0,0,0,0,0,0,0,0,0,0,0,0,0,0,0,0,0,0,0,0,0,0
STAT,(NULL),Time,111,4139,4139,0,0,0,0,0,0,0,0,0,0,0,0,0,0,0,0,0,0,0,0,0,0,0,0,0,0,0,0,0,0,0,0,0,0,0,0,0,0,0,0,0,0,0,0,0,0,0,0,0,0,0,0,0,0,0,0,0,0,0,0,0,0,0,0,0,0,0,0,0,0,0,0,0,0,0,0,0,0,0,0,0,0,0,0,0,0,0,0,0,0,0,0,0,0,0,0,0,0,0,0,0,0,0,0,0,0,0,0,0,0
STAT,match,Conflicts,111,5732,77,86,83,77,72,70,72,78,72,82,68,65,62,66,73,62,62,62,59,85,60,61,78,68,64,49,59,65,64,61,82,51,77,46,63,48,54,54,54,47,49,56,53,52,59,66,58,53,60,73,34,39,36,42,46,32,52,44,46,46,39,45,45,41,35,34,46,37,34,39,37,39,35,35,38,32,34,43,38,39,65,36,33,57,48,38,38,35,56,40,40,48,36,42,36,55,34,41,43,39,28,44,38,40,40,46,41,53,45,43,55
STAT,match,Iterations,111,14984004,98762,124794,113982,106855,103566,109249,112572,108169,111438,111058,117027,121004,115599,126226,104557,118235,136418,111791,123702,114557,127673,118285,109316,132967,127550,120083,114282,124550,137453,120214,111196,137165,128867,141656,151509,116434,124450,155949,129035,120385,137275,129242,123056,132707,121365,132972,122999,124242,127431,134987,159970,160849,146261,157671,133044,139263,147542,162267,143892,137228,151946,139859,142570,130384,152364,153290,138366,145614,145637,161836,142233,145936,138695,133728,140714,156465,148548,143466,151582,140068,138107,141505,141096,148662,148283,148620,137029,144225,126996,164020,144730,143559,126548,154752,151232,139578,156847,138883,149510,138472,149705,148761,127594,155918,152366,131871,149570,140640,134551,145592,148638
STAT,popedge,Conflicts,111,0,0,0,0,0,0,0,0,0,0,0,0,0,0,0,0,0,0,0,0,0,0,0,0,0,0,0,0,0,0,0,0,0,0,0,0,0,0,0,0,0,0,0,0,0,0,0,0,0,0,0,0,0,0,0,0,0,0,0,0,0,0,0,0,0,0,0,0,0,0,0,0,0,0,0,0,0,0,0,0,0,0,0,0,0,0,0,0,0,0,0,0,0,0,0,0,0,0,0,0,0,0,0,0,0,0,0,0,0,0,0,0
STAT,popedge,Iterations,111,7342111,66404,63222,64461,66585,68364,67765,64256,63978,66452,65977,65424,66011,62346,64506,70607,64793,68627,67209,65137,65664,60554,68432,65934,65914,64203,64232,63282,55397,64517,64866,63979,61329,68930,64697,67884,68495,68515,63168,60789,61564,61215,60355,63599,63993,66160,69308,65046,68605,65995,63960,72387,74108,76087,72699,72401,69591,76010,76208,76375,82162,76845,62679,62702,64701,63414,63897,65597,63380,61062,61910,63804,64971,63574,63739,61015,65261,62422,68159,63450,64959,65554,62679,65911,62072,64308,61370,67457,65416,57908,66560,61923,66852,62632,70869,68888,70257,69982,69641,67009,66790,65007,66925,70033,69138,66807,69970,67794,64898,69451,65892,63844
STAT,refine,Conflicts,111,4797,120,117,108,107,105,102,101,84,84,78,78,82,87,64,66,67,66,63,55,74,62,58,62,57,64,57,49,47,51,51,59,39,56,44,46,33,39,44,43,43,52,39,37,42,42,48,37,35,45,49,32,40,35,39,36,53,29,30,33,27,38,22,23,34,23,28,28,28,38,26,27,19,20,24,23,19,24,24,23,28,37,25,23,23,25,29,31,21,29,26,21,33,22,28,32,28,19,15,17,30,21,28,25,19,30,20,31,21,23,24,30
STAT,refine,Iterations,111,137502,1093,1436,1302,1183,1013,1238,1200,1663,902,1041,1067,1474,1206,1234,1093,1086,1183,1154,1057,1113,1089,1304,1009,1285,1258,1968,1278,1136,1391,1176,1505,922,1484,1165,1791,826,951,1296,963,1189,1504,1319,1214,1169,1109,1090,1023,1193,1656,1465,1489,1313,1538,1667,1374,1719,1039,997,1410,781,1262,1177,1376,1288,1317,1130,956,1095,1616,898,1277,852,1309,1352,1211,976,1250,1122,1118,1249,1363,1213,1063,1208,1337,1444,1639,1275,1416,1438,1045,1482,1009,1701,1597,1583,915,1008,1075,811,966,1351,1019,1070,1167,1158,1103,953,1327,1590,1552
