Hello from MIC
Galois Benchmark Suite v2.2.0 (r0)
Copyright (C) 2013 The University of Texas at Austin
http://iss.ices.utexas.edu/galois/

application: GMetis
Partitions a graph into K parts and minimizing the graph cut
http://iss.ices.utexas.edu/?p=projects/galois/benchmarks/gMetis

INFO: CommandLine /work/02556/dpereira/MIC/apps/gmetis/gmetis -t=194 /work/02556/dpereira/Inputs/USA-road-d.W.gr 1024
INFO: Hostname c558-402-mic0.stampede.tacc.utexas.edu
Created Graph with 6262104 nodes and 15248146 edges
Nodes 6262104| Edges 15248146 7624073

  Starting coarsening: 
Time coarsen:  2593 Size of final graph: 22005

  Sarting initial partitioning using GGGP:
Size in decade percentages:  -1,76 -0,869 1,79
Time clustering:  1129

  Sarting refinnement with BKL2
Initial dist
Size in decade percentages:  -1,76 -0,869 1,79
Refined dist
Size in decade percentages:  -1,361 0,294 1,368 4,1
Time refinement:  1728


Time:  5630
Total edge cut : 31745

Part saved in : 0x7fff9c039ce0
STATTYPE,LOOP,CATEGORY,n,sum,T0,T1,T2,T3,T4,T5,T6,T7,T8,T9,T10,T11,T12,T13,T14,T15,T16,T17,T18,T19,T20,T21,T22,T23,T24,T25,T26,T27,T28,T29,T30,T31,T32,T33,T34,T35,T36,T37,T38,T39,T40,T41,T42,T43,T44,T45,T46,T47,T48,T49,T50,T51,T52,T53,T54,T55,T56,T57,T58,T59,T60,T61,T62,T63,T64,T65,T66,T67,T68,T69,T70,T71,T72,T73,T74,T75,T76,T77,T78,T79,T80,T81,T82,T83,T84,T85,T86,T87,T88,T89,T90,T91,T92,T93,T94,T95,T96,T97,T98,T99,T100,T101,T102,T103,T104,T105,T106,T107,T108,T109,T110,T111,T112,T113,T114,T115,T116,T117,T118,T119,T120,T121,T122,T123,T124,T125,T126,T127,T128,T129,T130,T131,T132,T133,T134,T135,T136,T137,T138,T139,T140,T141,T142,T143,T144,T145,T146,T147,T148,T149,T150,T151,T152,T153,T154,T155,T156,T157,T158,T159,T160,T161,T162,T163,T164,T165,T166,T167,T168,T169,T170,T171,T172,T173,T174,T175,T176,T177,T178,T179,T180,T181,T182,T183,T184,T185,T186,T187,T188,T189,T190,T191,T192,T193
STAT,(NULL),Coarsen,194,2593,2593,0,0,0,0,0,0,0,0,0,0,0,0,0,0,0,0,0,0,0,0,0,0,0,0,0,0,0,0,0,0,0,0,0,0,0,0,0,0,0,0,0,0,0,0,0,0,0,0,0,0,0,0,0,0,0,0,0,0,0,0,0,0,0,0,0,0,0,0,0,0,0,0,0,0,0,0,0,0,0,0,0,0,0,0,0,0,0,0,0,0,0,0,0,0,0,0,0,0,0,0,0,0,0,0,0,0,0,0,0,0,0,0,0,0,0,0,0,0,0,0,0,0,0,0,0,0,0,0,0,0,0,0,0,0,0,0,0,0,0,0,0,0,0,0,0,0,0,0,0,0,0,0,0,0,0,0,0,0,0,0,0,0,0,0,0,0,0,0,0,0,0,0,0,0,0,0,0,0,0,0,0,0,0,0,0,0,0,0,0,0,0,0,0
STAT,(NULL),Conflicts,194,0,0,0,0,0,0,0,0,0,0,0,0,0,0,0,0,0,0,0,0,0,0,0,0,0,0,0,0,0,0,0,0,0,0,0,0,0,0,0,0,0,0,0,0,0,0,0,0,0,0,0,0,0,0,0,0,0,0,0,0,0,0,0,0,0,0,0,0,0,0,0,0,0,0,0,0,0,0,0,0,0,0,0,0,0,0,0,0,0,0,0,0,0,0,0,0,0,0,0,0,0,0,0,0,0,0,0,0,0,0,0,0,0,0,0,0,0,0,0,0,0,0,0,0,0,0,0,0,0,0,0,0,0,0,0,0,0,0,0,0,0,0,0,0,0,0,0,0,0,0,0,0,0,0,0,0,0,0,0,0,0,0,0,0,0,0,0,0,0,0,0,0,0,0,0,0,0,0,0,0,0,0,0,0,0,0,0,0,0,0,0,0,0,0,0
STAT,(NULL),Iterations,194,2047,11,10,7,12,6,8,10,8,12,12,15,5,15,17,13,8,12,12,12,15,17,8,15,7,12,14,8,14,9,17,10,11,1,19,8,24,6,11,10,14,11,5,15,10,14,8,13,11,1,6,4,10,13,2,8,11,10,14,8,14,12,8,2,3,11,15,7,6,5,6,9,13,8,7,9,21,17,12,13,12,14,12,11,21,11,14,14,18,3,7,8,14,13,4,14,12,19,13,10,3,15,10,13,6,5,15,10,14,7,11,7,9,12,11,2,9,12,9,1,19,15,5,12,0,5,8,7,12,12,8,14,6,11,8,23,13,9,16,6,7,13,6,14,8,10,13,13,16,17,12,16,16,12,7,3,19,6,14,9,6,9,12,14,18,16,6,8,11,22,17,13,5,10,11,6,12,10,17,19,3,2,15,9,11,4,6,4,4,14,8,10,8,10,5
STAT,(NULL),MeminfoPost,194,756802,3904,3891,3922,3904,3913,3901,3902,3893,3894,3908,3915,3922,3957,3917,3885,3900,3898,3894,3908,3905,3915,3909,3905,3912,3886,3897,3894,3909,3917,3889,3892,3891,3905,3901,3900,3910,3909,3908,3899,3905,3887,3909,3903,3916,3945,3934,3908,3890,3892,3895,3911,3899,3910,3929,3898,3906,3900,3889,3895,3896,3912,3917,3888,3888,3895,3902,3909,3902,3897,3925,3915,3897,3903,3910,3903,3895,3909,3893,3894,3891,3912,3886,3879,3899,3906,3913,3899,3893,3899,3895,3886,3886,3889,3900,3886,3917,3927,3910,3894,3892,3892,3913,3901,3887,3878,3884,3902,3905,3906,3914,3913,3899,3901,3886,3906,3890,3894,3899,3885,3883,3885,3897,3880,3911,3888,3883,3917,3931,3925,3925,3896,3892,3891,3914,3887,3880,3890,3902,3905,3915,3909,3895,3890,3902,3892,3896,3886,3886,3893,3882,3905,3884,3906,3925,3920,3933,3909,3896,3891,3893,3885,3901,3911,3933,3917,3914,3926,3905,3885,3897,3904,3898,3897,3901,3882,3880,3895,3889,3912,3892,3881,3878,3908,3868,3888,3909,3887,3895,3902,3903,3902,3905,3891,3905
STAT,(NULL),MeminfoPre,194,189158,978,965,996,978,987,975,976,967,968,982,989,996,1031,991,959,974,972,968,982,979,989,983,979,986,960,971,968,983,991,963,966,965,979,975,974,984,983,982,973,979,961,983,977,990,1019,1008,982,964,966,969,985,973,984,1003,972,980,974,963,969,970,986,991,962,962,969,976,983,976,971,999,989,971,977,984,977,969,983,967,968,965,986,960,953,973,980,987,973,967,973,969,960,960,963,974,960,991,1001,984,968,966,966,987,975,961,952,958,976,979,980,988,987,973,975,960,980,964,968,973,959,957,959,971,954,985,962,957,991,1005,999,999,970,966,965,988,961,954,964,976,979,989,983,969,964,976,966,970,960,960,967,956,979,958,980,999,994,1007,983,970,965,967,959,975,985,1007,991,988,1000,979,959,971,978,972,971,975,956,954,969,963,986,966,955,952,982,942,962,983,961,969,976,977,976,979,965,979
STAT,(NULL),Partition,194,1129,1129,0,0,0,0,0,0,0,0,0,0,0,0,0,0,0,0,0,0,0,0,0,0,0,0,0,0,0,0,0,0,0,0,0,0,0,0,0,0,0,0,0,0,0,0,0,0,0,0,0,0,0,0,0,0,0,0,0,0,0,0,0,0,0,0,0,0,0,0,0,0,0,0,0,0,0,0,0,0,0,0,0,0,0,0,0,0,0,0,0,0,0,0,0,0,0,0,0,0,0,0,0,0,0,0,0,0,0,0,0,0,0,0,0,0,0,0,0,0,0,0,0,0,0,0,0,0,0,0,0,0,0,0,0,0,0,0,0,0,0,0,0,0,0,0,0,0,0,0,0,0,0,0,0,0,0,0,0,0,0,0,0,0,0,0,0,0,0,0,0,0,0,0,0,0,0,0,0,0,0,0,0,0,0,0,0,0,0,0,0,0,0,0,0
STAT,(NULL),Refine,194,1728,1728,0,0,0,0,0,0,0,0,0,0,0,0,0,0,0,0,0,0,0,0,0,0,0,0,0,0,0,0,0,0,0,0,0,0,0,0,0,0,0,0,0,0,0,0,0,0,0,0,0,0,0,0,0,0,0,0,0,0,0,0,0,0,0,0,0,0,0,0,0,0,0,0,0,0,0,0,0,0,0,0,0,0,0,0,0,0,0,0,0,0,0,0,0,0,0,0,0,0,0,0,0,0,0,0,0,0,0,0,0,0,0,0,0,0,0,0,0,0,0,0,0,0,0,0,0,0,0,0,0,0,0,0,0,0,0,0,0,0,0,0,0,0,0,0,0,0,0,0,0,0,0,0,0,0,0,0,0,0,0,0,0,0,0,0,0,0,0,0,0,0,0,0,0,0,0,0,0,0,0,0,0,0,0,0,0,0,0,0,0,0,0,0,0
STAT,(NULL),Threads,194,194,194,0,0,0,0,0,0,0,0,0,0,0,0,0,0,0,0,0,0,0,0,0,0,0,0,0,0,0,0,0,0,0,0,0,0,0,0,0,0,0,0,0,0,0,0,0,0,0,0,0,0,0,0,0,0,0,0,0,0,0,0,0,0,0,0,0,0,0,0,0,0,0,0,0,0,0,0,0,0,0,0,0,0,0,0,0,0,0,0,0,0,0,0,0,0,0,0,0,0,0,0,0,0,0,0,0,0,0,0,0,0,0,0,0,0,0,0,0,0,0,0,0,0,0,0,0,0,0,0,0,0,0,0,0,0,0,0,0,0,0,0,0,0,0,0,0,0,0,0,0,0,0,0,0,0,0,0,0,0,0,0,0,0,0,0,0,0,0,0,0,0,0,0,0,0,0,0,0,0,0,0,0,0,0,0,0,0,0,0,0,0,0,0,0
STAT,(NULL),Time,194,5630,5630,0,0,0,0,0,0,0,0,0,0,0,0,0,0,0,0,0,0,0,0,0,0,0,0,0,0,0,0,0,0,0,0,0,0,0,0,0,0,0,0,0,0,0,0,0,0,0,0,0,0,0,0,0,0,0,0,0,0,0,0,0,0,0,0,0,0,0,0,0,0,0,0,0,0,0,0,0,0,0,0,0,0,0,0,0,0,0,0,0,0,0,0,0,0,0,0,0,0,0,0,0,0,0,0,0,0,0,0,0,0,0,0,0,0,0,0,0,0,0,0,0,0,0,0,0,0,0,0,0,0,0,0,0,0,0,0,0,0,0,0,0,0,0,0,0,0,0,0,0,0,0,0,0,0,0,0,0,0,0,0,0,0,0,0,0,0,0,0,0,0,0,0,0,0,0,0,0,0,0,0,0,0,0,0,0,0,0,0,0,0,0,0,0
STAT,match,Conflicts,194,5886,53,54,49,46,42,50,46,51,41,47,41,33,41,40,49,46,37,39,41,43,41,38,38,30,49,30,31,37,37,37,34,31,31,28,35,37,38,37,35,41,41,42,31,31,36,44,34,36,38,38,37,35,33,38,35,46,39,32,33,41,37,25,34,26,22,32,24,26,30,25,19,24,21,22,18,22,27,31,38,25,26,24,22,30,26,23,23,21,22,27,24,24,30,23,25,32,29,25,29,27,29,28,26,30,26,30,28,31,25,30,25,23,31,32,36,23,28,31,26,30,28,32,22,23,23,23,27,31,23,26,24,18,24,20,26,27,27,26,24,27,19,27,29,34,22,22,25,28,23,18,28,22,26,23,30,30,26,30,28,30,31,28,28,27,24,28,29,25,22,20,28,30,26,24,26,35,26,26,32,29,21,29,29,25,34,24,30,25,24,26,21,33,28,20
STAT,match,Iterations,194,14982450,55708,54482,48539,65136,64630,52715,51438,60508,74449,63405,60016,66726,52338,58529,54985,66760,80242,79761,64572,57816,70033,65709,75913,84139,49153,63913,67240,73776,71584,62522,74172,81487,76864,70297,57396,65803,63300,81800,64969,68299,80068,60056,87099,80661,86779,62274,73046,68886,72032,62701,69354,50826,70606,66732,82944,72294,78440,68038,77500,67103,48618,64008,73149,83036,81250,70474,82679,64139,80480,89824,80804,73862,76152,88955,83516,107093,94662,81209,79299,66907,75763,96181,89950,88117,94465,86907,83869,93139,77291,83924,90538,82044,63562,89474,75302,80049,66647,81653,79926,79922,83047,77879,97960,69371,80543,83342,67374,68606,107329,73839,89729,84344,84295,89839,77555,86681,83054,87721,76357,92966,69490,86098,83873,95435,65655,90882,73652,76477,59130,74809,83275,94108,87813,79492,79187,77298,81984,81450,101174,84585,94424,90812,71798,65786,92154,75942,96705,77977,84799,99637,70350,69149,82692,73852,78214,75989,80205,78213,76613,87630,78076,68352,66480,97470,81639,82472,75987,88570,109308,100457,90563,80513,75201,90345,103546,77236,75436,94500,79579,82551,103799,80202,84328,64315,72095,74377,72439,69106,76920,75259,84299,71410,79271,78308
STAT,popedge,Conflicts,194,0,0,0,0,0,0,0,0,0,0,0,0,0,0,0,0,0,0,0,0,0,0,0,0,0,0,0,0,0,0,0,0,0,0,0,0,0,0,0,0,0,0,0,0,0,0,0,0,0,0,0,0,0,0,0,0,0,0,0,0,0,0,0,0,0,0,0,0,0,0,0,0,0,0,0,0,0,0,0,0,0,0,0,0,0,0,0,0,0,0,0,0,0,0,0,0,0,0,0,0,0,0,0,0,0,0,0,0,0,0,0,0,0,0,0,0,0,0,0,0,0,0,0,0,0,0,0,0,0,0,0,0,0,0,0,0,0,0,0,0,0,0,0,0,0,0,0,0,0,0,0,0,0,0,0,0,0,0,0,0,0,0,0,0,0,0,0,0,0,0,0,0,0,0,0,0,0,0,0,0,0,0,0,0,0,0,0,0,0,0,0,0,0,0,0
STAT,popedge,Iterations,194,7340850,33219,35211,33219,35012,33354,34263,34900,32992,32588,35468,33984,38114,38472,37646,39947,35521,36283,37746,39013,38032,37805,39796,37557,38037,37630,40277,38227,38994,38831,39135,38646,39091,37375,38533,37108,36529,38314,38447,39296,38603,38026,38019,39589,38902,38968,40301,39944,40471,39884,39698,38958,39230,40717,39050,39858,38897,37770,38316,40323,38210,40040,32757,35010,33806,34719,32458,32943,34305,33812,32608,33111,33419,35423,37065,36111,36404,36032,36114,37255,38936,37340,36844,36196,39725,40518,38315,37753,38500,37363,38393,37818,37701,37933,36940,39852,37344,38310,37601,38351,40755,38047,41172,41689,40746,43064,39972,39623,39406,37590,41704,38402,38498,39548,40261,38501,41148,40003,40076,40174,39634,41354,38928,33505,34341,34714,33656,33019,34366,33823,34890,34012,35335,32922,36628,40109,38681,38436,36604,39008,38484,40394,37934,39148,41584,37721,39597,36210,39564,40233,38199,40300,41569,39125,37084,36195,37728,38881,38891,38936,37015,39221,38705,40205,40243,39772,41944,41346,39289,40654,41996,41214,40622,38757,42804,39962,41775,39982,42759,38059,41253,41097,43344,39411,32301,37159,33479,36191,34122,33596,32204,33791,33922,33101,33963
STAT,refine,Conflicts,194,5903,88,78,71,74,70,81,75,74,61,65,61,68,66,63,56,58,46,54,49,55,57,54,44,59,50,49,49,56,54,44,47,43,36,42,42,41,31,40,32,35,41,38,40,44,37,46,37,38,35,38,32,29,29,37,31,30,36,38,39,43,37,26,16,17,24,24,20,26,20,21,30,22,22,30,14,20,28,27,25,18,16,16,24,24,25,22,22,18,22,28,20,18,28,24,20,18,23,14,18,19,20,26,31,22,22,24,18,19,23,24,17,15,20,15,26,18,21,28,26,19,20,22,15,19,21,17,23,18,17,27,28,26,19,20,22,20,14,24,20,20,16,24,23,33,26,18,25,16,21,20,22,13,23,28,26,20,23,28,25,24,23,24,22,27,19,29,17,34,23,19,24,17,16,13,25,22,22,19,20,14,18,24,25,23,24,24,23,17,28,19,26,40,25,16
STAT,refine,Iterations,194,431929,1696,2031,2149,2381,1947,2097,1761,1863,1972,2508,1885,2358,2240,2242,1802,2631,2765,2602,1710,2104,2053,1827,1991,2395,1718,1693,1822,2383,2304,1580,2460,2385,2515,1875,2112,2039,1645,2243,1747,2011,2243,2294,2149,2617,2854,2473,2412,2004,2472,1995,2346,1851,2425,2168,2236,1784,1928,1988,1908,2109,1753,2018,1746,1814,2283,2219,2467,1799,2242,2465,2530,1972,1833,2686,1974,2117,3041,2517,2541,1611,2352,2190,1789,2053,2797,2235,1760,2499,2224,2675,2001,2360,2335,2651,2297,2570,2481,2257,1861,2047,2348,2223,3275,2163,2264,2610,1902,2343,2476,3251,2312,1865,2208,2145,2303,2125,2078,2221,2114,1946,2071,2590,1598,2495,2163,1829,2144,2697,2290,2497,2613,2243,1857,2334,2533,1702,2223,2520,2365,2757,2408,2470,2200,2198,2523,1893,2513,2275,2245,2331,1855,1611,2574,3186,2665,2114,2368,2403,1862,2422,2018,2239,2332,3484,2245,3142,2474,2547,2255,2371,2800,1802,1963,2343,2336,2283,2246,2161,2184,1802,2200,2048,2250,1731,2195,1906,2165,1862,2536,1602,2575,2724,2346,2093
