Hello from MIC
Galois Benchmark Suite v2.2.0 (r0)
Copyright (C) 2013 The University of Texas at Austin
http://iss.ices.utexas.edu/galois/

application: GMetis
Partitions a graph into K parts and minimizing the graph cut
http://iss.ices.utexas.edu/?p=projects/galois/benchmarks/gMetis

INFO: CommandLine /work/02556/dpereira/MIC/apps/gmetis/gmetis -t=153 /work/02556/dpereira/Inputs/USA-road-d.W.gr 16
INFO: Hostname c558-002-mic0.stampede.tacc.utexas.edu
Created Graph with 6262104 nodes and 15248146 edges
Nodes 6262104| Edges 15248146 7624073

  Starting coarsening: 
Time coarsen:  3129 Size of final graph: 440

  Sarting initial partitioning using GGGP:
Size in decade percentages:  -0,16
Time clustering:  369

  Sarting refinnement with BKL2
Initial dist
Size in decade percentages:  -0,16
Refined dist
Size in decade percentages:  -1,5 -0,4 1,7
Time refinement:  1781


Time:  5457
Total edge cut : 1759

Part saved in : 0x7fff26a6b7e0
STATTYPE,LOOP,CATEGORY,n,sum,T0,T1,T2,T3,T4,T5,T6,T7,T8,T9,T10,T11,T12,T13,T14,T15,T16,T17,T18,T19,T20,T21,T22,T23,T24,T25,T26,T27,T28,T29,T30,T31,T32,T33,T34,T35,T36,T37,T38,T39,T40,T41,T42,T43,T44,T45,T46,T47,T48,T49,T50,T51,T52,T53,T54,T55,T56,T57,T58,T59,T60,T61,T62,T63,T64,T65,T66,T67,T68,T69,T70,T71,T72,T73,T74,T75,T76,T77,T78,T79,T80,T81,T82,T83,T84,T85,T86,T87,T88,T89,T90,T91,T92,T93,T94,T95,T96,T97,T98,T99,T100,T101,T102,T103,T104,T105,T106,T107,T108,T109,T110,T111,T112,T113,T114,T115,T116,T117,T118,T119,T120,T121,T122,T123,T124,T125,T126,T127,T128,T129,T130,T131,T132,T133,T134,T135,T136,T137,T138,T139,T140,T141,T142,T143,T144,T145,T146,T147,T148,T149,T150,T151,T152
STAT,(NULL),Coarsen,153,3129,3129,0,0,0,0,0,0,0,0,0,0,0,0,0,0,0,0,0,0,0,0,0,0,0,0,0,0,0,0,0,0,0,0,0,0,0,0,0,0,0,0,0,0,0,0,0,0,0,0,0,0,0,0,0,0,0,0,0,0,0,0,0,0,0,0,0,0,0,0,0,0,0,0,0,0,0,0,0,0,0,0,0,0,0,0,0,0,0,0,0,0,0,0,0,0,0,0,0,0,0,0,0,0,0,0,0,0,0,0,0,0,0,0,0,0,0,0,0,0,0,0,0,0,0,0,0,0,0,0,0,0,0,0,0,0,0,0,0,0,0,0,0,0,0,0,0,0,0,0,0,0,0,0
STAT,(NULL),Conflicts,153,0,0,0,0,0,0,0,0,0,0,0,0,0,0,0,0,0,0,0,0,0,0,0,0,0,0,0,0,0,0,0,0,0,0,0,0,0,0,0,0,0,0,0,0,0,0,0,0,0,0,0,0,0,0,0,0,0,0,0,0,0,0,0,0,0,0,0,0,0,0,0,0,0,0,0,0,0,0,0,0,0,0,0,0,0,0,0,0,0,0,0,0,0,0,0,0,0,0,0,0,0,0,0,0,0,0,0,0,0,0,0,0,0,0,0,0,0,0,0,0,0,0,0,0,0,0,0,0,0,0,0,0,0,0,0,0,0,0,0,0,0,0,0,0,0,0,0,0,0,0,0,0,0,0
STAT,(NULL),Iterations,153,31,5,0,0,0,0,0,0,0,0,0,0,0,0,0,1,0,0,0,0,0,0,0,0,0,0,4,0,0,3,0,0,0,0,0,0,2,0,0,2,0,0,0,0,0,0,0,3,0,0,1,0,0,0,0,0,0,0,0,0,0,0,0,0,0,0,0,0,0,0,0,0,0,0,0,1,0,0,0,0,0,0,0,0,0,0,0,0,0,2,0,0,0,0,0,1,0,0,0,0,0,0,0,2,0,0,1,0,0,0,0,0,0,0,1,0,0,0,0,0,0,0,0,0,0,0,0,0,0,0,0,0,0,0,0,1,1,0,0,0,0,0,0,0,0,0,0,0,0,0,0,0,0,0
STAT,(NULL),MeminfoPost,153,756833,4952,4946,4965,4947,4950,4948,4932,4953,4968,5004,4973,4933,4937,4940,4960,4958,4967,4945,4958,4928,4939,4957,4956,4939,4930,4948,4941,4961,4952,4956,4941,4949,4951,4948,4965,5015,4956,4938,4939,4938,4952,4966,4958,4952,4948,4935,4938,4954,4960,4935,4933,4944,4957,4940,4958,4975,4941,4959,4953,4938,4951,4940,4934,4952,4923,4934,4949,4962,4945,4937,4937,4933,4930,4938,4928,4975,4973,4940,4934,4935,4965,4929,4919,4935,4949,4954,4962,4958,4939,4931,4950,4935,4941,4926,4929,4936,4923,4953,4927,4954,4977,4972,4969,4931,4934,4957,4921,4930,4948,4954,4964,4941,4935,4942,4938,4930,4927,4931,4947,4925,4963,4979,4981,4954,4935,4935,4930,4946,4977,4976,4962,4978,4935,4936,4948,4942,4942,4928,4920,4934,4940,4955,4920,4933,4921,4945,4934,4941,4939,4951,4945,4941,4950
STAT,(NULL),MeminfoPre,153,189203,1242,1236,1255,1237,1240,1238,1222,1243,1258,1294,1263,1223,1227,1230,1250,1248,1257,1235,1248,1218,1229,1247,1246,1229,1220,1238,1231,1251,1242,1246,1231,1239,1241,1238,1255,1305,1246,1228,1229,1228,1242,1256,1248,1242,1238,1225,1228,1244,1250,1225,1223,1234,1247,1230,1248,1265,1231,1249,1243,1228,1241,1230,1224,1242,1213,1224,1239,1252,1235,1227,1227,1223,1220,1228,1218,1265,1263,1230,1224,1225,1255,1219,1209,1225,1239,1244,1252,1248,1229,1221,1240,1225,1231,1216,1219,1226,1213,1243,1217,1244,1267,1262,1259,1221,1224,1247,1211,1220,1238,1244,1254,1231,1225,1232,1228,1220,1217,1221,1237,1215,1253,1269,1271,1244,1225,1225,1220,1236,1267,1266,1252,1268,1225,1226,1238,1232,1232,1218,1210,1224,1230,1245,1210,1223,1211,1235,1224,1231,1229,1241,1235,1231,1240
STAT,(NULL),Partition,153,369,369,0,0,0,0,0,0,0,0,0,0,0,0,0,0,0,0,0,0,0,0,0,0,0,0,0,0,0,0,0,0,0,0,0,0,0,0,0,0,0,0,0,0,0,0,0,0,0,0,0,0,0,0,0,0,0,0,0,0,0,0,0,0,0,0,0,0,0,0,0,0,0,0,0,0,0,0,0,0,0,0,0,0,0,0,0,0,0,0,0,0,0,0,0,0,0,0,0,0,0,0,0,0,0,0,0,0,0,0,0,0,0,0,0,0,0,0,0,0,0,0,0,0,0,0,0,0,0,0,0,0,0,0,0,0,0,0,0,0,0,0,0,0,0,0,0,0,0,0,0,0,0,0
STAT,(NULL),Refine,153,1781,1781,0,0,0,0,0,0,0,0,0,0,0,0,0,0,0,0,0,0,0,0,0,0,0,0,0,0,0,0,0,0,0,0,0,0,0,0,0,0,0,0,0,0,0,0,0,0,0,0,0,0,0,0,0,0,0,0,0,0,0,0,0,0,0,0,0,0,0,0,0,0,0,0,0,0,0,0,0,0,0,0,0,0,0,0,0,0,0,0,0,0,0,0,0,0,0,0,0,0,0,0,0,0,0,0,0,0,0,0,0,0,0,0,0,0,0,0,0,0,0,0,0,0,0,0,0,0,0,0,0,0,0,0,0,0,0,0,0,0,0,0,0,0,0,0,0,0,0,0,0,0,0,0
STAT,(NULL),Threads,153,153,153,0,0,0,0,0,0,0,0,0,0,0,0,0,0,0,0,0,0,0,0,0,0,0,0,0,0,0,0,0,0,0,0,0,0,0,0,0,0,0,0,0,0,0,0,0,0,0,0,0,0,0,0,0,0,0,0,0,0,0,0,0,0,0,0,0,0,0,0,0,0,0,0,0,0,0,0,0,0,0,0,0,0,0,0,0,0,0,0,0,0,0,0,0,0,0,0,0,0,0,0,0,0,0,0,0,0,0,0,0,0,0,0,0,0,0,0,0,0,0,0,0,0,0,0,0,0,0,0,0,0,0,0,0,0,0,0,0,0,0,0,0,0,0,0,0,0,0,0,0,0,0,0
STAT,(NULL),Time,153,5457,5457,0,0,0,0,0,0,0,0,0,0,0,0,0,0,0,0,0,0,0,0,0,0,0,0,0,0,0,0,0,0,0,0,0,0,0,0,0,0,0,0,0,0,0,0,0,0,0,0,0,0,0,0,0,0,0,0,0,0,0,0,0,0,0,0,0,0,0,0,0,0,0,0,0,0,0,0,0,0,0,0,0,0,0,0,0,0,0,0,0,0,0,0,0,0,0,0,0,0,0,0,0,0,0,0,0,0,0,0,0,0,0,0,0,0,0,0,0,0,0,0,0,0,0,0,0,0,0,0,0,0,0,0,0,0,0,0,0,0,0,0,0,0,0,0,0,0,0,0,0,0,0,0
STAT,match,Conflicts,153,5894,60,53,62,57,58,51,51,48,53,56,47,68,53,59,59,48,49,53,43,53,48,52,51,53,47,56,50,57,53,45,46,47,40,46,53,55,50,44,47,49,48,36,43,43,41,33,55,38,41,44,46,39,41,42,49,48,37,39,29,46,33,30,25,28,26,21,28,29,27,27,38,29,35,28,43,31,26,38,35,26,42,36,33,34,25,32,35,26,35,29,36,32,39,35,25,29,43,47,37,35,35,29,39,30,36,29,29,34,30,30,37,44,42,26,31,33,31,33,29,26,30,31,33,32,25,29,26,27,29,29,31,31,30,40,27,28,38,34,30,30,22,39,35,34,38,31,35,33,35,35,31,38,29
STAT,match,Iterations,153,15022084,62649,79482,77473,72391,76608,69924,80181,78680,70380,73373,80331,78802,79559,88873,86757,84682,75199,97098,85702,77916,82439,61073,78956,74620,92386,78187,96694,64818,71097,110044,105793,103649,119672,109430,93545,102112,80773,107745,105375,89663,84886,111199,102957,105251,104687,96566,96858,78713,102016,105339,115042,103303,97664,98990,88451,85532,101616,93228,109500,66638,114289,97356,113135,87593,102673,102664,92062,86020,107076,87952,91285,107869,74029,74057,90731,113606,101455,89940,99757,104598,84960,102176,101293,123858,101533,94262,92802,105254,84802,120912,106684,95772,128636,96667,146794,120881,128687,96942,111332,103688,143003,113507,91666,119706,102129,120748,102065,116100,122510,116355,112206,101714,94497,118058,128965,121705,123507,110941,119247,127242,95930,98190,81935,99187,88357,93705,77151,97785,112890,92297,96565,99984,103640,101688,110264,129057,87590,93619,121989,113703,90068,101449,113802,96106,109512,101007,98896,83782,96794,80675,98276,95574,116097
STAT,popedge,Conflicts,153,0,0,0,0,0,0,0,0,0,0,0,0,0,0,0,0,0,0,0,0,0,0,0,0,0,0,0,0,0,0,0,0,0,0,0,0,0,0,0,0,0,0,0,0,0,0,0,0,0,0,0,0,0,0,0,0,0,0,0,0,0,0,0,0,0,0,0,0,0,0,0,0,0,0,0,0,0,0,0,0,0,0,0,0,0,0,0,0,0,0,0,0,0,0,0,0,0,0,0,0,0,0,0,0,0,0,0,0,0,0,0,0,0,0,0,0,0,0,0,0,0,0,0,0,0,0,0,0,0,0,0,0,0,0,0,0,0,0,0,0,0,0,0,0,0,0,0,0,0,0,0,0,0,0
STAT,popedge,Iterations,153,7361339,43591,44910,40638,44187,45710,43695,42642,43038,45543,43639,44075,47416,45570,45229,44110,45223,46113,45121,45390,48269,46945,46438,49865,46381,46271,45878,45787,44425,44991,44024,45762,56925,53022,56051,54463,54355,52516,56444,51018,53618,51858,53123,50545,52887,53108,51429,54789,54126,52785,53172,50445,50030,50122,50805,48845,48506,49021,48391,47437,50840,48143,42036,41433,43445,43296,44216,45053,43839,42544,43692,44709,43869,47914,46013,46193,45824,45081,45493,47103,47387,48062,46439,43853,45534,45057,46570,44103,45751,46107,45944,46637,48594,56800,54132,54848,52985,55374,52185,58064,52024,54508,51448,54884,51870,54456,54132,50984,54759,54041,52088,48919,52722,51925,50822,53049,52533,47770,50339,49182,51357,49949,51898,41995,42727,44580,43004,44841,43315,48850,45117,43431,44330,47024,45701,45090,47461,45965,45285,45160,47201,44789,45980,45947,47196,47568,46276,46868,46464,48171,46174,47823,47103,48370
STAT,refine,Conflicts,153,5103,123,121,118,113,114,102,110,87,85,89,76,84,79,88,87,58,61,71,62,58,64,41,60,53,56,46,63,58,53,44,57,33,45,29,45,62,37,48,30,48,35,29,22,22,33,26,31,28,35,29,34,24,33,39,44,36,38,28,25,27,31,23,20,24,15,23,12,16,16,10,23,21,10,17,21,16,18,14,8,18,15,14,10,24,18,18,14,16,15,18,12,20,21,27,25,33,33,13,34,23,28,22,15,21,14,28,17,28,14,28,18,17,12,18,22,34,24,25,25,18,18,27,10,21,24,16,11,23,28,12,22,20,15,17,13,15,12,17,13,12,15,12,19,7,20,14,11,13,15,15,20,14,19
STAT,refine,Iterations,153,38216,404,376,402,335,327,371,468,293,300,478,332,387,257,359,261,319,229,188,208,272,206,179,222,214,268,200,213,257,233,237,344,332,308,250,259,557,267,425,174,393,167,248,164,190,186,209,277,257,478,261,271,219,226,293,271,310,185,201,145,237,303,180,270,200,157,188,180,276,168,157,278,330,209,126,203,294,194,193,105,201,176,218,140,200,103,167,158,256,216,267,157,295,385,303,345,319,328,160,344,183,429,235,198,256,241,280,273,273,205,353,310,313,238,198,367,415,348,173,188,216,235,278,156,197,244,207,115,291,352,229,197,208,311,259,159,250,222,251,126,117,260,124,199,78,163,170,177,104,188,175,315,165,354
