Hello from MIC
Galois Benchmark Suite v2.2.0 (r0)
Copyright (C) 2013 The University of Texas at Austin
http://iss.ices.utexas.edu/galois/

application: GMetis
Partitions a graph into K parts and minimizing the graph cut
http://iss.ices.utexas.edu/?p=projects/galois/benchmarks/gMetis

INFO: CommandLine /work/02556/dpereira/MIC/apps/gmetis/gmetis -t=148 /work/02556/dpereira/Inputs/USA-road-d.W.gr 16
INFO: Hostname c558-001-mic0.stampede.tacc.utexas.edu
Created Graph with 6262104 nodes and 15248146 edges
Nodes 6262104| Edges 15248146 7624073

  Starting coarsening: 
Time coarsen:  3055 Size of final graph: 440

  Sarting initial partitioning using GGGP:
Size in decade percentages:  -1,1 -0,13 1,2
Time clustering:  369

  Sarting refinnement with BKL2
Initial dist
Size in decade percentages:  -1,1 -0,13 1,2
Refined dist
Size in decade percentages:  -1,6 -0,4 1,6
Time refinement:  1758


Time:  5359
Total edge cut : 1617

Part saved in : 0x7fff5f87fee0
STATTYPE,LOOP,CATEGORY,n,sum,T0,T1,T2,T3,T4,T5,T6,T7,T8,T9,T10,T11,T12,T13,T14,T15,T16,T17,T18,T19,T20,T21,T22,T23,T24,T25,T26,T27,T28,T29,T30,T31,T32,T33,T34,T35,T36,T37,T38,T39,T40,T41,T42,T43,T44,T45,T46,T47,T48,T49,T50,T51,T52,T53,T54,T55,T56,T57,T58,T59,T60,T61,T62,T63,T64,T65,T66,T67,T68,T69,T70,T71,T72,T73,T74,T75,T76,T77,T78,T79,T80,T81,T82,T83,T84,T85,T86,T87,T88,T89,T90,T91,T92,T93,T94,T95,T96,T97,T98,T99,T100,T101,T102,T103,T104,T105,T106,T107,T108,T109,T110,T111,T112,T113,T114,T115,T116,T117,T118,T119,T120,T121,T122,T123,T124,T125,T126,T127,T128,T129,T130,T131,T132,T133,T134,T135,T136,T137,T138,T139,T140,T141,T142,T143,T144,T145,T146,T147
STAT,(NULL),Coarsen,148,3055,3055,0,0,0,0,0,0,0,0,0,0,0,0,0,0,0,0,0,0,0,0,0,0,0,0,0,0,0,0,0,0,0,0,0,0,0,0,0,0,0,0,0,0,0,0,0,0,0,0,0,0,0,0,0,0,0,0,0,0,0,0,0,0,0,0,0,0,0,0,0,0,0,0,0,0,0,0,0,0,0,0,0,0,0,0,0,0,0,0,0,0,0,0,0,0,0,0,0,0,0,0,0,0,0,0,0,0,0,0,0,0,0,0,0,0,0,0,0,0,0,0,0,0,0,0,0,0,0,0,0,0,0,0,0,0,0,0,0,0,0,0,0,0,0,0,0,0,0
STAT,(NULL),Conflicts,148,0,0,0,0,0,0,0,0,0,0,0,0,0,0,0,0,0,0,0,0,0,0,0,0,0,0,0,0,0,0,0,0,0,0,0,0,0,0,0,0,0,0,0,0,0,0,0,0,0,0,0,0,0,0,0,0,0,0,0,0,0,0,0,0,0,0,0,0,0,0,0,0,0,0,0,0,0,0,0,0,0,0,0,0,0,0,0,0,0,0,0,0,0,0,0,0,0,0,0,0,0,0,0,0,0,0,0,0,0,0,0,0,0,0,0,0,0,0,0,0,0,0,0,0,0,0,0,0,0,0,0,0,0,0,0,0,0,0,0,0,0,0,0,0,0,0,0,0,0
STAT,(NULL),Iterations,148,31,5,0,0,0,0,0,0,0,0,0,0,0,0,0,0,0,0,0,0,0,0,0,0,0,0,0,0,0,0,0,0,0,0,0,0,0,0,0,0,0,0,0,0,0,0,0,0,0,0,0,0,0,0,0,0,0,0,1,0,1,0,4,0,0,0,0,0,0,1,0,0,0,0,0,1,0,0,0,0,0,0,0,0,0,0,0,0,0,0,1,0,0,0,0,0,0,3,0,0,0,0,0,0,2,0,0,0,1,0,0,0,0,0,0,0,0,0,0,0,0,1,0,0,0,0,0,0,0,0,0,0,0,0,0,0,4,0,3,0,0,0,1,2,0,0,0,0,0
STAT,(NULL),MeminfoPost,148,756737,5118,5112,5128,5125,5108,5110,5112,5117,5129,5187,5123,5103,5106,5107,5118,5132,5109,5133,5105,5103,5109,5137,5101,5102,5107,5117,5115,5126,5123,5107,5115,5115,5123,5140,5165,5120,5105,5104,5115,5118,5133,5124,5118,5100,5106,5119,5126,5104,5098,5111,5121,5111,5122,5148,5100,5126,5123,5101,5119,5105,5099,5118,5090,5102,5121,5124,5102,5108,5106,5091,5095,5110,5110,5147,5126,5097,5102,5129,5098,5090,5089,5118,5126,5121,5128,5105,5099,5114,5101,5108,5089,5093,5102,5090,5120,5090,5128,5152,5144,5113,5099,5124,5097,5085,5110,5118,5126,5115,5102,5113,5101,5103,5089,5100,5110,5092,5125,5148,5148,5122,5100,5100,5097,5116,5145,5141,5138,5130,5098,5119,5099,5109,5108,5086,5100,5100,5121,5088,5082,5108,5083,5127,5094,5109,5119,5110,5109,5115
STAT,(NULL),MeminfoPre,148,189157,1283,1277,1293,1290,1273,1275,1277,1282,1294,1352,1288,1268,1271,1272,1283,1297,1274,1298,1270,1268,1274,1302,1266,1267,1272,1282,1280,1291,1288,1272,1280,1280,1288,1305,1330,1285,1270,1269,1280,1283,1298,1289,1283,1265,1271,1284,1291,1269,1263,1276,1286,1276,1287,1313,1265,1291,1288,1266,1284,1270,1264,1283,1255,1267,1286,1289,1267,1273,1271,1256,1260,1275,1275,1312,1291,1262,1267,1294,1263,1255,1254,1283,1291,1286,1293,1270,1264,1279,1266,1273,1254,1258,1267,1255,1285,1255,1293,1317,1309,1278,1264,1289,1262,1250,1275,1283,1291,1280,1267,1278,1266,1268,1254,1265,1275,1257,1290,1313,1313,1287,1265,1265,1262,1281,1310,1306,1303,1295,1263,1284,1264,1274,1273,1251,1265,1265,1286,1253,1247,1273,1248,1292,1259,1274,1284,1275,1274,1280
STAT,(NULL),Partition,148,369,369,0,0,0,0,0,0,0,0,0,0,0,0,0,0,0,0,0,0,0,0,0,0,0,0,0,0,0,0,0,0,0,0,0,0,0,0,0,0,0,0,0,0,0,0,0,0,0,0,0,0,0,0,0,0,0,0,0,0,0,0,0,0,0,0,0,0,0,0,0,0,0,0,0,0,0,0,0,0,0,0,0,0,0,0,0,0,0,0,0,0,0,0,0,0,0,0,0,0,0,0,0,0,0,0,0,0,0,0,0,0,0,0,0,0,0,0,0,0,0,0,0,0,0,0,0,0,0,0,0,0,0,0,0,0,0,0,0,0,0,0,0,0,0,0,0,0,0
STAT,(NULL),Refine,148,1758,1758,0,0,0,0,0,0,0,0,0,0,0,0,0,0,0,0,0,0,0,0,0,0,0,0,0,0,0,0,0,0,0,0,0,0,0,0,0,0,0,0,0,0,0,0,0,0,0,0,0,0,0,0,0,0,0,0,0,0,0,0,0,0,0,0,0,0,0,0,0,0,0,0,0,0,0,0,0,0,0,0,0,0,0,0,0,0,0,0,0,0,0,0,0,0,0,0,0,0,0,0,0,0,0,0,0,0,0,0,0,0,0,0,0,0,0,0,0,0,0,0,0,0,0,0,0,0,0,0,0,0,0,0,0,0,0,0,0,0,0,0,0,0,0,0,0,0,0
STAT,(NULL),Threads,148,148,148,0,0,0,0,0,0,0,0,0,0,0,0,0,0,0,0,0,0,0,0,0,0,0,0,0,0,0,0,0,0,0,0,0,0,0,0,0,0,0,0,0,0,0,0,0,0,0,0,0,0,0,0,0,0,0,0,0,0,0,0,0,0,0,0,0,0,0,0,0,0,0,0,0,0,0,0,0,0,0,0,0,0,0,0,0,0,0,0,0,0,0,0,0,0,0,0,0,0,0,0,0,0,0,0,0,0,0,0,0,0,0,0,0,0,0,0,0,0,0,0,0,0,0,0,0,0,0,0,0,0,0,0,0,0,0,0,0,0,0,0,0,0,0,0,0,0,0
STAT,(NULL),Time,148,5359,5359,0,0,0,0,0,0,0,0,0,0,0,0,0,0,0,0,0,0,0,0,0,0,0,0,0,0,0,0,0,0,0,0,0,0,0,0,0,0,0,0,0,0,0,0,0,0,0,0,0,0,0,0,0,0,0,0,0,0,0,0,0,0,0,0,0,0,0,0,0,0,0,0,0,0,0,0,0,0,0,0,0,0,0,0,0,0,0,0,0,0,0,0,0,0,0,0,0,0,0,0,0,0,0,0,0,0,0,0,0,0,0,0,0,0,0,0,0,0,0,0,0,0,0,0,0,0,0,0,0,0,0,0,0,0,0,0,0,0,0,0,0,0,0,0,0,0,0
STAT,match,Conflicts,148,6652,67,70,77,78,55,74,66,66,55,59,57,71,62,56,53,66,54,49,59,56,64,59,52,49,60,54,65,60,55,58,50,55,37,43,42,47,47,54,50,54,60,53,58,44,45,42,41,46,48,51,52,51,46,52,55,42,44,44,56,52,49,42,36,48,47,44,44,39,39,32,36,38,30,42,30,34,42,43,47,41,30,36,40,37,44,40,43,35,39,40,32,38,35,37,47,36,44,31,38,40,43,42,30,42,41,34,39,53,42,41,39,30,35,43,35,41,39,36,36,32,36,34,37,27,36,43,34,47,31,38,36,34,37,47,41,42,27,34,33,43,42,35,39,36,33,36,34,35
STAT,match,Iterations,148,15033469,61832,72704,75639,71197,81234,70731,63840,82854,73203,95417,72967,78485,68522,86519,83551,68705,71865,84268,92268,84007,66758,75419,82173,79287,78764,78898,99244,92303,96931,110794,79460,90406,115665,86821,116545,90825,108791,95060,91165,105641,91187,100779,86936,105175,104004,105993,95628,110416,112509,87883,106756,113570,106337,89667,114033,119896,91098,106401,77911,105263,99506,90203,102430,95593,89479,90149,92252,108829,108410,106968,103217,88282,117974,101498,99570,116164,113179,89764,89723,110475,99417,99519,97288,99368,82536,109439,109932,135190,137901,106384,112381,119025,124871,107497,109239,119679,129410,131869,125642,102389,117199,102663,130546,113705,110120,126313,105451,109471,114316,130745,108404,141064,127796,110354,108103,110208,135524,112522,109898,126113,140013,129271,78951,102915,100079,105485,117912,87046,106412,120455,110868,109600,108357,117280,103172,104723,96105,99811,117469,100193,113792,109696,129156,103052,84658,90606,103138,107898
STAT,popedge,Conflicts,148,0,0,0,0,0,0,0,0,0,0,0,0,0,0,0,0,0,0,0,0,0,0,0,0,0,0,0,0,0,0,0,0,0,0,0,0,0,0,0,0,0,0,0,0,0,0,0,0,0,0,0,0,0,0,0,0,0,0,0,0,0,0,0,0,0,0,0,0,0,0,0,0,0,0,0,0,0,0,0,0,0,0,0,0,0,0,0,0,0,0,0,0,0,0,0,0,0,0,0,0,0,0,0,0,0,0,0,0,0,0,0,0,0,0,0,0,0,0,0,0,0,0,0,0,0,0,0,0,0,0,0,0,0,0,0,0,0,0,0,0,0,0,0,0,0,0,0,0,0
STAT,popedge,Iterations,148,7366361,44850,48086,47595,47487,45125,47374,47002,48338,47119,44992,46012,46352,46920,47617,45001,47317,46797,46766,46789,49022,49035,47874,49474,47561,48489,48252,52187,54309,54780,53291,56205,55914,54414,53053,51282,54266,53929,52646,54315,52836,52095,51146,55315,53879,52212,53213,53703,55227,53662,55470,50297,50895,49293,50497,50501,50449,48622,51208,53687,52833,51767,42773,44687,43154,45804,44388,47053,44346,46241,44610,43796,44443,43984,46376,46265,46268,45189,45820,48355,48294,49050,46666,46414,47213,50073,46184,48678,52367,56230,55961,55515,53965,55930,55254,53491,53537,54598,56122,50875,53386,52205,51532,53352,54862,54369,54908,54339,52679,52605,52891,54116,55190,53363,51402,52436,52644,54795,50239,50680,51263,53747,52779,45682,44972,44250,46366,47630,48736,47789,48659,46105,49942,45907,46197,45581,46742,48000,46781,46727,46132,46847,47518,46008,46433,49529,48523,45925,46985
STAT,refine,Conflicts,148,5359,115,128,118,125,109,103,111,93,83,89,91,78,83,91,91,70,64,63,64,67,67,68,52,53,62,60,48,71,63,74,56,40,27,40,35,38,51,25,37,24,38,33,29,29,57,34,29,34,32,37,37,41,33,29,44,50,41,45,42,52,33,16,26,16,15,13,15,21,19,9,20,14,21,18,22,21,22,16,21,14,18,17,19,18,16,18,21,16,21,21,28,26,21,17,32,29,21,32,15,22,20,22,21,22,22,35,19,25,18,23,24,29,27,22,12,28,28,23,16,25,34,25,16,13,16,22,16,16,16,14,22,8,22,18,15,16,15,14,22,23,15,22,16,21,16,13,23,16
STAT,refine,Iterations,148,35930,374,405,375,414,342,340,304,332,241,299,271,269,281,320,364,310,295,261,205,220,270,246,239,241,297,257,254,296,233,339,244,211,135,214,156,283,225,164,215,416,317,195,185,186,255,348,260,369,300,311,248,275,181,155,278,378,210,200,309,387,170,231,212,170,235,172,207,181,180,212,223,199,173,182,171,187,178,298,154,119,209,185,171,235,182,253,270,147,293,128,259,330,232,156,312,177,357,266,207,215,284,338,209,218,216,242,295,322,370,280,274,308,308,212,196,313,332,205,168,308,360,233,197,210,200,200,125,183,178,166,156,193,248,157,183,173,148,206,254,226,164,211,178,194,184,202,262,199
