Hello from MIC
Galois Benchmark Suite v2.2.0 (r0)
Copyright (C) 2013 The University of Texas at Austin
http://iss.ices.utexas.edu/galois/

application: GMetis
Partitions a graph into K parts and minimizing the graph cut
http://iss.ices.utexas.edu/?p=projects/galois/benchmarks/gMetis

INFO: CommandLine /work/02556/dpereira/MIC/apps/gmetis/gmetis -t=38 /work/02556/dpereira/Inputs/USA-road-d.W.gr 1024
INFO: Hostname c558-003-mic0.stampede.tacc.utexas.edu
Created Graph with 6262104 nodes and 15248146 edges
Nodes 6262104| Edges 15248146 7624073

  Starting coarsening: 
Time coarsen:  2956 Size of final graph: 40307

  Sarting initial partitioning using GGGP:
Size in decade percentages:  -0,1024
Time clustering:  1288

  Sarting refinnement with BKL2
Initial dist
Size in decade percentages:  -0,1024
Refined dist
Size in decade percentages:  -1,360 -0,296 1,367 2,1
Time refinement:  905


Time:  5329
Total edge cut : 36479

Part saved in : 0x7fff42197fe0
STATTYPE,LOOP,CATEGORY,n,sum,T0,T1,T2,T3,T4,T5,T6,T7,T8,T9,T10,T11,T12,T13,T14,T15,T16,T17,T18,T19,T20,T21,T22,T23,T24,T25,T26,T27,T28,T29,T30,T31,T32,T33,T34,T35,T36,T37
STAT,(NULL),Coarsen,38,2956,2956,0,0,0,0,0,0,0,0,0,0,0,0,0,0,0,0,0,0,0,0,0,0,0,0,0,0,0,0,0,0,0,0,0,0,0,0,0
STAT,(NULL),Conflicts,38,0,0,0,0,0,0,0,0,0,0,0,0,0,0,0,0,0,0,0,0,0,0,0,0,0,0,0,0,0,0,0,0,0,0,0,0,0,0,0
STAT,(NULL),Iterations,38,2047,11,35,62,51,83,59,54,85,64,67,51,52,40,45,13,60,80,74,73,42,30,55,76,79,39,45,45,34,41,57,54,40,71,66,81,65,30,38
STAT,(NULL),MeminfoPost,38,756290,19926,19898,19995,19904,19919,19906,19893,19915,19997,19896,19937,19897,19884,19942,19914,19880,19888,19857,19915,19900,19845,19934,19875,19831,19910,19939,19867,19911,19857,19870,19976,19891,19980,19879,19828,19856,19875,19903
STAT,(NULL),MeminfoPre,38,189064,4999,4971,5068,4977,4992,4979,4966,4988,5070,4969,5010,4970,4957,5015,4987,4953,4961,4930,4988,4973,4918,5007,4948,4904,4983,5012,4940,4984,4930,4943,5049,4964,5053,4952,4901,4929,4948,4976
STAT,(NULL),Partition,38,1288,1288,0,0,0,0,0,0,0,0,0,0,0,0,0,0,0,0,0,0,0,0,0,0,0,0,0,0,0,0,0,0,0,0,0,0,0,0,0
STAT,(NULL),Refine,38,905,905,0,0,0,0,0,0,0,0,0,0,0,0,0,0,0,0,0,0,0,0,0,0,0,0,0,0,0,0,0,0,0,0,0,0,0,0,0
STAT,(NULL),Threads,38,38,38,0,0,0,0,0,0,0,0,0,0,0,0,0,0,0,0,0,0,0,0,0,0,0,0,0,0,0,0,0,0,0,0,0,0,0,0,0
STAT,(NULL),Time,38,5329,5329,0,0,0,0,0,0,0,0,0,0,0,0,0,0,0,0,0,0,0,0,0,0,0,0,0,0,0,0,0,0,0,0,0,0,0,0,0
STAT,match,Conflicts,38,3820,219,139,142,127,120,90,107,119,149,97,60,62,71,92,101,102,116,98,97,68,91,95,76,75,85,61,76,46,82,79,79,93,108,125,122,112,120,119
STAT,match,Iterations,38,14878708,358051,371949,376704,369968,392255,396189,398594,362948,376205,396830,400922,409585,392704,374580,387598,400018,367670,392950,370369,411658,408173,378936,402566,405780,404101,363654,405552,357159,408979,397584,362529,394994,392526,419564,417625,421018,419987,410234
STAT,popedge,Conflicts,38,0,0,0,0,0,0,0,0,0,0,0,0,0,0,0,0,0,0,0,0,0,0,0,0,0,0,0,0,0,0,0,0,0,0,0,0,0,0,0
STAT,popedge,Iterations,38,7290816,188477,192809,183139,189083,189331,190972,189868,188318,186508,187941,183468,189660,184712,169371,170790,182739,188251,189455,187678,195580,198609,192174,199427,204045,194564,190843,197080,173455,189204,192247,179951,189062,209169,212902,217859,211004,210329,200742
STAT,refine,Conflicts,38,1894,60,53,57,46,47,42,54,51,68,45,45,52,59,54,54,58,59,51,49,41,39,50,50,56,52,57,63,49,41,61,64,44,43,42,29,28,36,45
STAT,refine,Iterations,38,467885,11469,11371,15260,12923,12568,12432,12319,10729,14437,11678,12316,11828,11326,12056,11445,11509,12021,11923,13692,12898,10407,13053,11593,12252,13357,14305,11510,12252,10995,12625,13737,12078,14941,11592,10984,11571,12262,12171
