Hello from MIC
Galois Benchmark Suite v2.2.0 (r0)
Copyright (C) 2013 The University of Texas at Austin
http://iss.ices.utexas.edu/galois/

application: GMetis
Partitions a graph into K parts and minimizing the graph cut
http://iss.ices.utexas.edu/?p=projects/galois/benchmarks/gMetis

INFO: CommandLine /work/02556/dpereira/MIC/apps/gmetis/gmetis -t=125 /work/02556/dpereira/Inputs/USA-road-d.W.gr 128
INFO: Hostname c558-001-mic0.stampede.tacc.utexas.edu
Created Graph with 6262104 nodes and 15248146 edges
Nodes 6262104| Edges 15248146 7624073

  Starting coarsening: 
Time coarsen:  2254 Size of final graph: 3082

  Sarting initial partitioning using GGGP:
Size in decade percentages:  -1,7 -0,113 1,8
Time clustering:  427

  Sarting refinnement with BKL2
Initial dist
Size in decade percentages:  -1,7 -0,113 1,8
Refined dist
Size in decade percentages:  -1,48 -0,33 1,47
Time refinement:  1233


Time:  4092
Total edge cut : 7960

Part saved in : 0x7fff9a57dae0
STATTYPE,LOOP,CATEGORY,n,sum,T0,T1,T2,T3,T4,T5,T6,T7,T8,T9,T10,T11,T12,T13,T14,T15,T16,T17,T18,T19,T20,T21,T22,T23,T24,T25,T26,T27,T28,T29,T30,T31,T32,T33,T34,T35,T36,T37,T38,T39,T40,T41,T42,T43,T44,T45,T46,T47,T48,T49,T50,T51,T52,T53,T54,T55,T56,T57,T58,T59,T60,T61,T62,T63,T64,T65,T66,T67,T68,T69,T70,T71,T72,T73,T74,T75,T76,T77,T78,T79,T80,T81,T82,T83,T84,T85,T86,T87,T88,T89,T90,T91,T92,T93,T94,T95,T96,T97,T98,T99,T100,T101,T102,T103,T104,T105,T106,T107,T108,T109,T110,T111,T112,T113,T114,T115,T116,T117,T118,T119,T120,T121,T122,T123,T124
STAT,(NULL),Coarsen,125,2254,2254,0,0,0,0,0,0,0,0,0,0,0,0,0,0,0,0,0,0,0,0,0,0,0,0,0,0,0,0,0,0,0,0,0,0,0,0,0,0,0,0,0,0,0,0,0,0,0,0,0,0,0,0,0,0,0,0,0,0,0,0,0,0,0,0,0,0,0,0,0,0,0,0,0,0,0,0,0,0,0,0,0,0,0,0,0,0,0,0,0,0,0,0,0,0,0,0,0,0,0,0,0,0,0,0,0,0,0,0,0,0,0,0,0,0,0,0,0,0,0,0,0,0,0,0
STAT,(NULL),Conflicts,125,0,0,0,0,0,0,0,0,0,0,0,0,0,0,0,0,0,0,0,0,0,0,0,0,0,0,0,0,0,0,0,0,0,0,0,0,0,0,0,0,0,0,0,0,0,0,0,0,0,0,0,0,0,0,0,0,0,0,0,0,0,0,0,0,0,0,0,0,0,0,0,0,0,0,0,0,0,0,0,0,0,0,0,0,0,0,0,0,0,0,0,0,0,0,0,0,0,0,0,0,0,0,0,0,0,0,0,0,0,0,0,0,0,0,0,0,0,0,0,0,0,0,0,0,0,0
STAT,(NULL),Iterations,125,255,9,0,0,0,0,5,0,1,4,4,3,0,0,0,2,5,2,2,1,3,3,1,1,1,1,0,3,1,0,0,6,2,0,0,0,0,0,1,0,3,2,0,1,0,0,0,0,1,0,2,4,3,6,3,3,5,4,3,4,5,0,3,1,4,0,2,4,0,1,8,4,6,1,3,0,3,0,0,5,6,2,1,2,5,1,1,2,7,6,1,0,2,0,7,2,1,6,1,1,0,6,5,1,0,2,0,0,1,3,3,6,1,0,2,0,3,1,2,0,2,0,0,7,1,0
STAT,(NULL),MeminfoPost,125,756643,6061,6062,6060,6059,6048,6058,6063,6091,6103,6039,6050,6050,6066,6065,6064,6047,6040,6062,6070,6031,6043,6053,6065,6070,6052,6050,6056,6063,6105,6100,6035,6044,6052,6070,6066,6061,6046,6044,6058,6068,6035,6045,6059,6053,6068,6074,6052,6066,6044,6056,6042,6048,6040,6035,6061,6061,6044,6044,6031,6031,6046,6073,6078,6043,6040,6071,6031,6018,6048,6062,6071,6058,6051,6040,6043,6047,6030,6024,6036,6056,6030,6069,6098,6078,6041,6052,6043,6022,6054,6066,6060,6043,6049,6043,6035,6032,6045,6028,6074,6090,6088,6043,6035,6039,6063,6097,6072,6085,6037,6060,6036,6050,6026,6036,6023,6070,6023,6039,6015,6058,6040,6055,6051,6054,6051
STAT,(NULL),MeminfoPre,125,189143,1521,1522,1520,1519,1508,1518,1523,1551,1563,1499,1510,1510,1526,1525,1524,1507,1500,1522,1530,1491,1503,1513,1525,1530,1512,1510,1516,1523,1565,1560,1495,1504,1512,1530,1526,1521,1506,1504,1518,1528,1495,1505,1519,1513,1528,1534,1512,1526,1504,1516,1502,1508,1500,1495,1521,1521,1504,1504,1491,1491,1506,1533,1538,1503,1500,1531,1491,1478,1508,1522,1531,1518,1511,1500,1503,1507,1490,1484,1496,1516,1490,1529,1558,1538,1501,1512,1503,1482,1514,1526,1520,1503,1509,1503,1495,1492,1505,1488,1534,1550,1548,1503,1495,1499,1523,1557,1532,1545,1497,1520,1496,1510,1486,1496,1483,1530,1483,1499,1475,1518,1500,1515,1511,1514,1511
STAT,(NULL),Partition,125,427,427,0,0,0,0,0,0,0,0,0,0,0,0,0,0,0,0,0,0,0,0,0,0,0,0,0,0,0,0,0,0,0,0,0,0,0,0,0,0,0,0,0,0,0,0,0,0,0,0,0,0,0,0,0,0,0,0,0,0,0,0,0,0,0,0,0,0,0,0,0,0,0,0,0,0,0,0,0,0,0,0,0,0,0,0,0,0,0,0,0,0,0,0,0,0,0,0,0,0,0,0,0,0,0,0,0,0,0,0,0,0,0,0,0,0,0,0,0,0,0,0,0,0,0,0
STAT,(NULL),Refine,125,1233,1233,0,0,0,0,0,0,0,0,0,0,0,0,0,0,0,0,0,0,0,0,0,0,0,0,0,0,0,0,0,0,0,0,0,0,0,0,0,0,0,0,0,0,0,0,0,0,0,0,0,0,0,0,0,0,0,0,0,0,0,0,0,0,0,0,0,0,0,0,0,0,0,0,0,0,0,0,0,0,0,0,0,0,0,0,0,0,0,0,0,0,0,0,0,0,0,0,0,0,0,0,0,0,0,0,0,0,0,0,0,0,0,0,0,0,0,0,0,0,0,0,0,0,0,0
STAT,(NULL),Threads,125,125,125,0,0,0,0,0,0,0,0,0,0,0,0,0,0,0,0,0,0,0,0,0,0,0,0,0,0,0,0,0,0,0,0,0,0,0,0,0,0,0,0,0,0,0,0,0,0,0,0,0,0,0,0,0,0,0,0,0,0,0,0,0,0,0,0,0,0,0,0,0,0,0,0,0,0,0,0,0,0,0,0,0,0,0,0,0,0,0,0,0,0,0,0,0,0,0,0,0,0,0,0,0,0,0,0,0,0,0,0,0,0,0,0,0,0,0,0,0,0,0,0,0,0,0,0
STAT,(NULL),Time,125,4092,4092,0,0,0,0,0,0,0,0,0,0,0,0,0,0,0,0,0,0,0,0,0,0,0,0,0,0,0,0,0,0,0,0,0,0,0,0,0,0,0,0,0,0,0,0,0,0,0,0,0,0,0,0,0,0,0,0,0,0,0,0,0,0,0,0,0,0,0,0,0,0,0,0,0,0,0,0,0,0,0,0,0,0,0,0,0,0,0,0,0,0,0,0,0,0,0,0,0,0,0,0,0,0,0,0,0,0,0,0,0,0,0,0,0,0,0,0,0,0,0,0,0,0,0,0
STAT,match,Conflicts,125,6223,82,87,79,79,78,87,86,63,66,69,68,71,60,80,65,70,56,47,69,70,76,64,61,53,54,61,56,61,56,63,58,60,62,51,53,45,49,52,56,63,50,47,48,51,46,51,45,57,45,50,51,48,53,53,56,64,43,52,58,60,50,33,42,38,47,32,56,42,40,31,36,35,46,38,49,28,49,39,41,36,44,48,41,38,47,29,39,35,43,37,34,38,41,41,45,37,36,40,50,40,43,40,40,36,43,34,29,38,53,36,37,35,48,41,38,44,45,33,44,48,38,43,46,39,27
STAT,match,Iterations,125,14976329,65193,85073,86731,98452,104338,108553,98747,114391,98401,98977,117140,103483,110411,107031,111161,118660,116788,111920,114302,109698,111416,114035,101178,120502,113493,123324,98191,111278,114679,105151,112849,102624,112603,97357,123463,110351,122451,121573,98176,116620,108242,134789,112827,118010,108171,88161,104905,109237,114749,116818,113437,110374,115269,106814,111645,103332,124103,109743,132567,101327,117797,105373,111956,99027,124863,147878,127931,138221,125771,129164,136113,149992,117496,140761,133949,152447,141173,144457,128373,120159,150105,136553,122921,115826,133892,135647,137589,136601,132345,130380,137234,147131,131604,142040,108398,125553,126463,132750,124713,128854,124398,116285,133628,133562,108185,131712,131316,124516,130855,140995,137161,143240,128396,132733,135075,118609,125674,150477,118476,128618,133520,116209,98876,112965,136064
STAT,popedge,Conflicts,125,0,0,0,0,0,0,0,0,0,0,0,0,0,0,0,0,0,0,0,0,0,0,0,0,0,0,0,0,0,0,0,0,0,0,0,0,0,0,0,0,0,0,0,0,0,0,0,0,0,0,0,0,0,0,0,0,0,0,0,0,0,0,0,0,0,0,0,0,0,0,0,0,0,0,0,0,0,0,0,0,0,0,0,0,0,0,0,0,0,0,0,0,0,0,0,0,0,0,0,0,0,0,0,0,0,0,0,0,0,0,0,0,0,0,0,0,0,0,0,0,0,0,0,0,0,0
STAT,popedge,Iterations,125,7335428,52840,52789,50491,60830,60791,61436,61149,57817,58910,59896,61418,59291,58199,60936,59452,60425,60802,62277,58453,63228,61913,58989,58768,59607,57749,59111,64476,60528,59065,57823,61014,59405,57290,58472,57779,58657,59436,59388,59235,56362,57936,58942,55953,54972,55841,56258,49687,58609,56419,59709,60712,61400,60611,61064,58850,58983,61580,58979,58117,60781,59224,50589,48987,52097,59770,58888,60585,58579,57882,61043,57319,58790,59027,58783,59736,58519,57975,58419,61654,58214,60195,61206,61460,57223,60651,56556,58677,57016,59942,60592,59516,59246,56822,57097,60024,58384,56875,56684,60119,57125,56969,57957,55308,55342,59760,63656,60204,54494,57579,60521,59743,60572,60679,60913,58865,62261,61366,60339,66429,60616,61259,62075,52076,51300,51755
STAT,refine,Conflicts,125,4983,116,119,107,108,101,96,86,86,81,84,79,77,75,70,75,65,63,54,59,61,71,67,56,69,52,46,57,52,58,59,44,38,32,40,36,40,45,36,29,35,44,40,40,40,46,50,37,44,41,35,40,40,32,35,30,31,46,41,43,35,32,21,25,31,24,22,30,31,23,27,23,31,29,30,24,17,34,29,20,20,22,29,25,22,21,22,26,25,25,19,29,31,26,25,22,20,20,19,20,18,25,29,23,22,27,18,27,23,30,34,21,22,17,20,23,15,25,20,25,21,22,18,21,33,19
STAT,refine,Iterations,125,133714,821,956,995,984,1069,843,933,1352,1607,927,1363,1024,1299,1271,1211,1202,1124,1389,997,1105,1222,1228,930,1266,902,890,931,1239,1655,1265,966,935,917,1068,1133,828,1023,1092,1162,1128,743,1074,1018,897,1132,1159,1027,1121,1061,881,1053,936,614,844,1186,1012,899,782,963,980,1089,930,1009,856,903,982,935,843,1214,1406,956,1265,1011,1316,1132,1157,1239,1221,1298,837,1103,1360,1309,1173,1193,895,919,851,1232,1368,1139,1213,967,1124,775,1140,840,882,1118,1435,1209,808,931,1233,1281,1407,1316,1054,1140,1330,971,1093,801,1019,970,1145,981,869,816,844,1298,1031,790,1195,913
