Hello from MIC
Galois Benchmark Suite v2.2.0 (r0)
Copyright (C) 2013 The University of Texas at Austin
http://iss.ices.utexas.edu/galois/

application: GMetis
Partitions a graph into K parts and minimizing the graph cut
http://iss.ices.utexas.edu/?p=projects/galois/benchmarks/gMetis

INFO: CommandLine /work/02556/dpereira/MIC/apps/gmetis/gmetis -t=200 /work/02556/dpereira/Inputs/USA-road-d.W.gr 16
INFO: Hostname c558-003-mic0.stampede.tacc.utexas.edu
Created Graph with 6262104 nodes and 15248146 edges
Nodes 6262104| Edges 15248146 7624073

  Starting coarsening: 
Time coarsen:  4049 Size of final graph: 438

  Sarting initial partitioning using GGGP:
Size in decade percentages:  -0,16
Time clustering:  375

  Sarting refinnement with BKL2
Initial dist
Size in decade percentages:  -0,16
Refined dist
Size in decade percentages:  -1,6 0,5 1,5
Time refinement:  2457


Time:  7060
Total edge cut : 1633

Part saved in : 0x7fff16c5e3e0
STATTYPE,LOOP,CATEGORY,n,sum,T0,T1,T2,T3,T4,T5,T6,T7,T8,T9,T10,T11,T12,T13,T14,T15,T16,T17,T18,T19,T20,T21,T22,T23,T24,T25,T26,T27,T28,T29,T30,T31,T32,T33,T34,T35,T36,T37,T38,T39,T40,T41,T42,T43,T44,T45,T46,T47,T48,T49,T50,T51,T52,T53,T54,T55,T56,T57,T58,T59,T60,T61,T62,T63,T64,T65,T66,T67,T68,T69,T70,T71,T72,T73,T74,T75,T76,T77,T78,T79,T80,T81,T82,T83,T84,T85,T86,T87,T88,T89,T90,T91,T92,T93,T94,T95,T96,T97,T98,T99,T100,T101,T102,T103,T104,T105,T106,T107,T108,T109,T110,T111,T112,T113,T114,T115,T116,T117,T118,T119,T120,T121,T122,T123,T124,T125,T126,T127,T128,T129,T130,T131,T132,T133,T134,T135,T136,T137,T138,T139,T140,T141,T142,T143,T144,T145,T146,T147,T148,T149,T150,T151,T152,T153,T154,T155,T156,T157,T158,T159,T160,T161,T162,T163,T164,T165,T166,T167,T168,T169,T170,T171,T172,T173,T174,T175,T176,T177,T178,T179,T180,T181,T182,T183,T184,T185,T186,T187,T188,T189,T190,T191,T192,T193,T194,T195,T196,T197,T198,T199
STAT,(NULL),Coarsen,200,4049,4049,0,0,0,0,0,0,0,0,0,0,0,0,0,0,0,0,0,0,0,0,0,0,0,0,0,0,0,0,0,0,0,0,0,0,0,0,0,0,0,0,0,0,0,0,0,0,0,0,0,0,0,0,0,0,0,0,0,0,0,0,0,0,0,0,0,0,0,0,0,0,0,0,0,0,0,0,0,0,0,0,0,0,0,0,0,0,0,0,0,0,0,0,0,0,0,0,0,0,0,0,0,0,0,0,0,0,0,0,0,0,0,0,0,0,0,0,0,0,0,0,0,0,0,0,0,0,0,0,0,0,0,0,0,0,0,0,0,0,0,0,0,0,0,0,0,0,0,0,0,0,0,0,0,0,0,0,0,0,0,0,0,0,0,0,0,0,0,0,0,0,0,0,0,0,0,0,0,0,0,0,0,0,0,0,0,0,0,0,0,0,0,0,0,0,0,0,0,0,0
STAT,(NULL),Conflicts,200,0,0,0,0,0,0,0,0,0,0,0,0,0,0,0,0,0,0,0,0,0,0,0,0,0,0,0,0,0,0,0,0,0,0,0,0,0,0,0,0,0,0,0,0,0,0,0,0,0,0,0,0,0,0,0,0,0,0,0,0,0,0,0,0,0,0,0,0,0,0,0,0,0,0,0,0,0,0,0,0,0,0,0,0,0,0,0,0,0,0,0,0,0,0,0,0,0,0,0,0,0,0,0,0,0,0,0,0,0,0,0,0,0,0,0,0,0,0,0,0,0,0,0,0,0,0,0,0,0,0,0,0,0,0,0,0,0,0,0,0,0,0,0,0,0,0,0,0,0,0,0,0,0,0,0,0,0,0,0,0,0,0,0,0,0,0,0,0,0,0,0,0,0,0,0,0,0,0,0,0,0,0,0,0,0,0,0,0,0,0,0,0,0,0,0,0,0,0,0,0,0
STAT,(NULL),Iterations,200,31,5,0,0,0,2,0,0,0,0,0,0,0,0,0,0,0,0,0,0,0,0,0,0,0,0,0,0,0,0,1,0,0,0,0,0,0,0,0,1,0,0,0,0,0,0,0,1,0,0,0,0,0,0,0,0,0,0,0,0,0,0,2,0,1,0,0,0,0,0,0,1,0,0,0,0,0,0,3,0,0,0,0,0,0,0,0,0,0,0,0,0,0,0,0,0,0,0,0,0,0,0,0,0,0,0,0,0,0,0,0,0,0,0,0,0,0,0,0,0,0,0,0,0,0,0,0,0,0,0,0,0,0,0,2,0,0,0,0,0,0,0,2,0,0,1,0,0,0,0,0,0,0,1,0,0,0,0,0,3,0,0,0,1,0,0,0,0,0,0,0,0,0,0,0,0,0,0,0,0,0,0,0,0,4,0,0,0,0,0,0,0,0,0,0,0,0,0,0,0,0
STAT,(NULL),MeminfoPost,200,756505,3788,3772,3796,3795,3791,3779,3777,3786,3774,3791,3790,3790,3837,3809,3786,3771,3773,3779,3787,3784,3793,3799,3776,3799,3787,3768,3776,3779,3791,3796,3772,3775,3772,3787,3781,3783,3789,3793,3796,3775,3795,3768,3783,3778,3803,3807,3834,3800,3766,3780,3780,3774,3787,3787,3802,3787,3789,3783,3778,3773,3779,3783,3790,3795,3773,3769,3777,3784,3792,3785,3776,3798,3808,3775,3783,3792,3790,3772,3793,3774,3780,3771,3773,3791,3763,3770,3783,3790,3795,3778,3772,3780,3777,3768,3766,3771,3784,3767,3801,3808,3793,3775,3773,3775,3789,3786,3770,3762,3764,3781,3785,3788,3787,3794,3796,3774,3777,3772,3784,3772,3779,3776,3763,3769,3768,3775,3767,3792,3771,3768,3797,3812,3806,3806,3778,3772,3773,3797,3767,3763,3767,3785,3786,3792,3792,3779,3777,3775,3779,3775,3779,3768,3762,3774,3785,3771,3762,3795,3810,3804,3808,3788,3778,3769,3777,3768,3783,3792,3813,3801,3790,3809,3792,3769,3778,3793,3768,3788,3771,3773,3764,3766,3769,3767,3812,3763,3762,3761,3778,3770,3791,3764,3773,3779,3783,3785,3784,3784,3774,3783
STAT,(NULL),MeminfoPre,200,189105,951,935,959,958,954,942,940,949,937,954,953,953,1000,972,949,934,936,942,950,947,956,962,939,962,950,931,939,942,954,959,935,938,935,950,944,946,952,956,959,938,958,931,946,941,966,970,997,963,929,943,943,937,950,950,965,950,952,946,941,936,942,946,953,958,936,932,940,947,955,948,939,961,971,938,946,955,953,935,956,937,943,934,936,954,926,933,946,953,958,941,935,943,940,931,929,934,947,930,964,971,956,938,936,938,952,949,933,925,927,944,948,951,950,957,959,937,940,935,947,935,942,939,926,932,931,938,930,955,934,931,960,975,969,969,941,935,936,960,930,926,930,948,949,955,955,942,940,938,942,938,942,931,925,937,948,934,925,958,973,967,971,951,941,932,940,931,946,955,976,964,953,972,955,932,941,956,931,951,934,936,927,929,932,930,975,926,925,924,941,933,954,927,936,942,946,948,947,947,937,946
STAT,(NULL),Partition,200,375,375,0,0,0,0,0,0,0,0,0,0,0,0,0,0,0,0,0,0,0,0,0,0,0,0,0,0,0,0,0,0,0,0,0,0,0,0,0,0,0,0,0,0,0,0,0,0,0,0,0,0,0,0,0,0,0,0,0,0,0,0,0,0,0,0,0,0,0,0,0,0,0,0,0,0,0,0,0,0,0,0,0,0,0,0,0,0,0,0,0,0,0,0,0,0,0,0,0,0,0,0,0,0,0,0,0,0,0,0,0,0,0,0,0,0,0,0,0,0,0,0,0,0,0,0,0,0,0,0,0,0,0,0,0,0,0,0,0,0,0,0,0,0,0,0,0,0,0,0,0,0,0,0,0,0,0,0,0,0,0,0,0,0,0,0,0,0,0,0,0,0,0,0,0,0,0,0,0,0,0,0,0,0,0,0,0,0,0,0,0,0,0,0,0,0,0,0,0,0,0
STAT,(NULL),Refine,200,2457,2457,0,0,0,0,0,0,0,0,0,0,0,0,0,0,0,0,0,0,0,0,0,0,0,0,0,0,0,0,0,0,0,0,0,0,0,0,0,0,0,0,0,0,0,0,0,0,0,0,0,0,0,0,0,0,0,0,0,0,0,0,0,0,0,0,0,0,0,0,0,0,0,0,0,0,0,0,0,0,0,0,0,0,0,0,0,0,0,0,0,0,0,0,0,0,0,0,0,0,0,0,0,0,0,0,0,0,0,0,0,0,0,0,0,0,0,0,0,0,0,0,0,0,0,0,0,0,0,0,0,0,0,0,0,0,0,0,0,0,0,0,0,0,0,0,0,0,0,0,0,0,0,0,0,0,0,0,0,0,0,0,0,0,0,0,0,0,0,0,0,0,0,0,0,0,0,0,0,0,0,0,0,0,0,0,0,0,0,0,0,0,0,0,0,0,0,0,0,0,0
STAT,(NULL),Threads,200,200,200,0,0,0,0,0,0,0,0,0,0,0,0,0,0,0,0,0,0,0,0,0,0,0,0,0,0,0,0,0,0,0,0,0,0,0,0,0,0,0,0,0,0,0,0,0,0,0,0,0,0,0,0,0,0,0,0,0,0,0,0,0,0,0,0,0,0,0,0,0,0,0,0,0,0,0,0,0,0,0,0,0,0,0,0,0,0,0,0,0,0,0,0,0,0,0,0,0,0,0,0,0,0,0,0,0,0,0,0,0,0,0,0,0,0,0,0,0,0,0,0,0,0,0,0,0,0,0,0,0,0,0,0,0,0,0,0,0,0,0,0,0,0,0,0,0,0,0,0,0,0,0,0,0,0,0,0,0,0,0,0,0,0,0,0,0,0,0,0,0,0,0,0,0,0,0,0,0,0,0,0,0,0,0,0,0,0,0,0,0,0,0,0,0,0,0,0,0,0,0
STAT,(NULL),Time,200,7060,7060,0,0,0,0,0,0,0,0,0,0,0,0,0,0,0,0,0,0,0,0,0,0,0,0,0,0,0,0,0,0,0,0,0,0,0,0,0,0,0,0,0,0,0,0,0,0,0,0,0,0,0,0,0,0,0,0,0,0,0,0,0,0,0,0,0,0,0,0,0,0,0,0,0,0,0,0,0,0,0,0,0,0,0,0,0,0,0,0,0,0,0,0,0,0,0,0,0,0,0,0,0,0,0,0,0,0,0,0,0,0,0,0,0,0,0,0,0,0,0,0,0,0,0,0,0,0,0,0,0,0,0,0,0,0,0,0,0,0,0,0,0,0,0,0,0,0,0,0,0,0,0,0,0,0,0,0,0,0,0,0,0,0,0,0,0,0,0,0,0,0,0,0,0,0,0,0,0,0,0,0,0,0,0,0,0,0,0,0,0,0,0,0,0,0,0,0,0,0,0
STAT,match,Conflicts,200,6138,51,44,46,53,44,48,47,41,45,44,38,39,50,43,46,43,45,50,38,43,34,36,45,41,40,38,37,47,42,38,40,37,32,31,42,33,34,32,36,40,32,38,37,36,41,35,31,39,33,33,36,29,37,42,40,40,35,45,31,48,39,24,30,25,22,30,24,27,31,30,20,21,24,25,28,27,25,25,22,24,26,26,26,31,27,28,27,28,23,28,37,27,24,25,32,31,24,32,26,33,30,24,30,23,29,35,24,28,35,28,27,28,29,26,28,25,30,25,31,24,27,29,26,22,26,25,32,24,33,23,26,33,26,24,35,17,28,28,20,23,22,30,25,23,24,20,24,25,25,22,30,26,29,29,29,31,32,25,25,30,20,27,24,26,33,29,28,22,22,33,27,28,25,26,24,29,30,32,27,25,27,34,29,30,23,20,23,26,29,24,27,20,29,22,26,28,24,26,22,25
STAT,match,Iterations,200,15039945,44971,59052,52330,43291,50364,58525,56615,52028,56221,56112,57823,67242,42570,40900,69658,43264,56680,74074,57991,81389,55880,55142,46418,61790,60109,65624,58729,50892,70213,61470,70367,62479,81563,58509,77908,59711,62594,69749,64436,61784,53831,55346,68606,79703,74473,53959,75018,80508,55935,73709,36503,79953,66701,40314,72791,72349,66943,54762,63068,72321,65193,83210,56096,82901,81167,111806,79654,75935,70576,70624,79985,86142,90157,104885,64852,68247,47142,79519,77659,77289,84698,98028,80842,76544,97929,92932,83487,79232,78481,99066,83230,99636,90414,64215,90719,88308,60958,88094,57565,77686,76830,93850,84042,88424,67924,72339,76656,56925,78845,89669,88757,64817,59883,74617,83582,88049,84822,78599,77458,90012,99373,74335,82015,73301,82471,77544,70140,87990,81034,89097,84547,78650,67111,58559,60837,85323,78675,92519,94571,87173,97269,74872,78558,91458,91040,93835,88743,75960,71000,99439,76454,87205,74096,73154,67075,68648,79738,80647,83975,68640,81049,101793,78832,72610,78063,78364,72567,73358,89666,88654,90532,89196,92442,91383,97635,68689,100845,79525,63531,109725,88725,67407,97848,104640,50327,98853,73180,54965,68177,90604,84239,79168,86292,87069,67910,73467,89985,93713,93995,89388
STAT,popedge,Conflicts,200,0,0,0,0,0,0,0,0,0,0,0,0,0,0,0,0,0,0,0,0,0,0,0,0,0,0,0,0,0,0,0,0,0,0,0,0,0,0,0,0,0,0,0,0,0,0,0,0,0,0,0,0,0,0,0,0,0,0,0,0,0,0,0,0,0,0,0,0,0,0,0,0,0,0,0,0,0,0,0,0,0,0,0,0,0,0,0,0,0,0,0,0,0,0,0,0,0,0,0,0,0,0,0,0,0,0,0,0,0,0,0,0,0,0,0,0,0,0,0,0,0,0,0,0,0,0,0,0,0,0,0,0,0,0,0,0,0,0,0,0,0,0,0,0,0,0,0,0,0,0,0,0,0,0,0,0,0,0,0,0,0,0,0,0,0,0,0,0,0,0,0,0,0,0,0,0,0,0,0,0,0,0,0,0,0,0,0,0,0,0,0,0,0,0,0,0,0,0,0,0,0
STAT,popedge,Iterations,200,7368027,34570,33909,33477,33454,33235,33886,35185,32527,33815,33743,33246,32735,35012,33118,32685,34335,35909,37819,36005,37806,38696,36388,39424,38936,37180,36878,38364,39288,37790,37629,36880,37639,38119,39133,38241,38291,37291,37569,36127,36866,38936,37479,37538,37212,37772,37949,37329,37823,38574,39147,37890,38307,40229,37196,38584,38449,38536,39421,39495,39334,39679,35290,32955,33484,34555,35465,31848,32379,32695,32475,33711,32019,32668,33577,33115,34102,33273,34684,35575,36588,35677,37890,37798,36031,38193,36840,36425,38184,39029,39127,38728,37121,36908,39420,36306,37362,36337,37023,37531,36211,37057,39182,37954,38661,38536,39040,38467,38025,40422,38772,39975,39088,37961,39524,41270,38790,38188,40042,39395,42524,39615,38666,33655,33521,34319,33849,34620,33762,34060,32140,31555,33500,34507,33308,33665,33490,33225,34155,34833,36725,38637,38631,39506,40084,40823,36964,37888,37535,37713,36470,37172,37143,37916,38995,37315,36403,39646,36955,39519,37492,35833,36986,39306,38433,41538,39421,41285,38267,41533,39897,39567,39124,39143,39086,41500,39970,42638,38160,38880,41927,37930,42723,41795,34046,33075,36080,33012,34367,33134,34019,34095,34208,34137,34268,35533,35241,32434,35408,35095,33405
STAT,refine,Conflicts,200,5683,101,108,104,108,104,106,93,89,87,88,88,86,85,75,74,68,56,57,66,66,56,59,65,53,60,60,52,32,56,58,44,43,38,33,31,36,31,40,34,46,31,35,35,41,43,34,40,37,24,41,24,40,37,21,31,36,39,31,36,40,37,15,16,12,15,22,9,11,15,20,19,14,13,20,22,14,20,16,14,18,18,21,17,16,12,12,32,14,8,21,20,8,18,17,16,18,21,21,29,16,10,14,22,22,13,14,15,27,18,14,25,15,26,19,14,13,8,18,16,19,25,16,21,22,21,13,15,19,22,17,16,16,18,24,5,20,10,13,19,15,14,17,14,24,19,19,20,22,14,11,24,15,21,21,15,12,18,17,14,13,18,19,13,16,10,30,25,12,15,19,9,15,11,14,14,12,16,10,11,20,16,20,17,16,13,10,13,17,15,13,9,13,21,19,25,22,10,19,11,13
STAT,refine,Iterations,200,36636,330,405,400,308,331,344,329,305,265,286,289,287,343,300,324,212,223,242,207,239,185,232,217,184,317,170,165,131,330,175,220,198,254,180,174,123,109,184,192,202,148,153,177,175,186,264,191,222,88,137,92,241,161,115,161,118,189,183,153,175,138,207,147,198,135,186,163,179,125,116,204,173,202,295,155,166,105,164,150,119,195,255,193,115,193,126,170,221,112,217,149,93,153,178,219,188,187,188,231,200,149,167,158,171,158,192,200,154,189,103,191,169,226,193,200,127,124,117,169,159,158,134,187,168,157,174,213,309,283,114,123,163,222,176,177,163,168,150,203,141,150,146,93,236,211,129,245,156,145,83,166,120,223,230,151,191,138,170,164,143,156,156,79,129,154,241,210,216,157,156,66,132,126,174,156,116,169,92,101,197,147,133,130,217,117,144,127,178,116,238,145,110,221,143,167,191,196,256,164,174
