Hello from MIC
Galois Benchmark Suite v2.2.0 (r0)
Copyright (C) 2013 The University of Texas at Austin
http://iss.ices.utexas.edu/galois/

application: GMetis
Partitions a graph into K parts and minimizing the graph cut
http://iss.ices.utexas.edu/?p=projects/galois/benchmarks/gMetis

INFO: CommandLine /work/02556/dpereira/MIC/apps/gmetis/gmetis -t=123 /work/02556/dpereira/Inputs/USA-road-d.W.gr 128
INFO: Hostname c558-001-mic0.stampede.tacc.utexas.edu
Created Graph with 6262104 nodes and 15248146 edges
Nodes 6262104| Edges 15248146 7624073

  Starting coarsening: 
Time coarsen:  2344 Size of final graph: 3075

  Sarting initial partitioning using GGGP:
Size in decade percentages:  -1,7 -0,117 1,4
Time clustering:  426

  Sarting refinnement with BKL2
Initial dist
Size in decade percentages:  -1,7 -0,117 1,4
Refined dist
Size in decade percentages:  -1,44 0,35 1,49
Time refinement:  1186


Time:  4135
Total edge cut : 8038

Part saved in : 0x7fffe8d21ce0
STATTYPE,LOOP,CATEGORY,n,sum,T0,T1,T2,T3,T4,T5,T6,T7,T8,T9,T10,T11,T12,T13,T14,T15,T16,T17,T18,T19,T20,T21,T22,T23,T24,T25,T26,T27,T28,T29,T30,T31,T32,T33,T34,T35,T36,T37,T38,T39,T40,T41,T42,T43,T44,T45,T46,T47,T48,T49,T50,T51,T52,T53,T54,T55,T56,T57,T58,T59,T60,T61,T62,T63,T64,T65,T66,T67,T68,T69,T70,T71,T72,T73,T74,T75,T76,T77,T78,T79,T80,T81,T82,T83,T84,T85,T86,T87,T88,T89,T90,T91,T92,T93,T94,T95,T96,T97,T98,T99,T100,T101,T102,T103,T104,T105,T106,T107,T108,T109,T110,T111,T112,T113,T114,T115,T116,T117,T118,T119,T120,T121,T122
STAT,(NULL),Coarsen,123,2344,2344,0,0,0,0,0,0,0,0,0,0,0,0,0,0,0,0,0,0,0,0,0,0,0,0,0,0,0,0,0,0,0,0,0,0,0,0,0,0,0,0,0,0,0,0,0,0,0,0,0,0,0,0,0,0,0,0,0,0,0,0,0,0,0,0,0,0,0,0,0,0,0,0,0,0,0,0,0,0,0,0,0,0,0,0,0,0,0,0,0,0,0,0,0,0,0,0,0,0,0,0,0,0,0,0,0,0,0,0,0,0,0,0,0,0,0,0,0,0,0,0,0,0
STAT,(NULL),Conflicts,123,0,0,0,0,0,0,0,0,0,0,0,0,0,0,0,0,0,0,0,0,0,0,0,0,0,0,0,0,0,0,0,0,0,0,0,0,0,0,0,0,0,0,0,0,0,0,0,0,0,0,0,0,0,0,0,0,0,0,0,0,0,0,0,0,0,0,0,0,0,0,0,0,0,0,0,0,0,0,0,0,0,0,0,0,0,0,0,0,0,0,0,0,0,0,0,0,0,0,0,0,0,0,0,0,0,0,0,0,0,0,0,0,0,0,0,0,0,0,0,0,0,0,0,0
STAT,(NULL),Iterations,123,255,8,3,1,0,0,2,2,4,0,0,3,0,4,3,0,6,3,0,5,3,0,0,6,0,3,0,5,1,0,5,2,1,3,2,3,0,0,5,0,6,0,2,1,2,4,0,2,0,9,7,0,5,0,1,0,5,4,1,1,0,2,0,1,2,5,0,5,4,5,1,2,0,0,1,1,1,3,3,0,0,2,1,1,5,8,1,2,3,1,0,1,3,4,1,0,3,4,1,3,0,0,2,1,0,1,2,0,3,3,6,4,2,3,0,1,3,1,0,4,0,1,2,3
STAT,(NULL),MeminfoPost,123,756832,6161,6161,6165,6153,6147,6157,6164,6211,6186,6141,6141,6155,6164,6171,6163,6142,6139,6164,6159,6138,6150,6145,6182,6164,6144,6144,6158,6172,6232,6154,6142,6148,6157,6174,6165,6161,6137,6140,6181,6141,6137,6155,6160,6154,6186,6146,6169,6148,6158,6142,6137,6152,6130,6160,6162,6141,6146,6136,6129,6146,6171,6179,6142,6140,6169,6131,6118,6153,6167,6163,6160,6147,6151,6137,6144,6129,6129,6131,6157,6131,6185,6189,6172,6135,6162,6124,6136,6163,6165,6151,6139,6148,6140,6125,6133,6151,6147,6191,6192,6158,6143,6126,6149,6201,6171,6193,6142,6155,6142,6150,6135,6125,6139,6160,6118,6146,6116,6156,6138,6151,6151,6155,6148
STAT,(NULL),MeminfoPre,123,189187,1546,1546,1550,1538,1532,1542,1549,1596,1571,1526,1526,1540,1549,1556,1548,1527,1524,1549,1544,1523,1535,1530,1567,1549,1529,1529,1543,1557,1617,1539,1527,1533,1542,1559,1550,1546,1522,1525,1566,1526,1522,1540,1545,1539,1571,1531,1554,1533,1543,1527,1522,1537,1515,1545,1547,1526,1531,1521,1514,1531,1556,1564,1527,1525,1554,1516,1503,1538,1552,1548,1545,1532,1536,1522,1529,1514,1514,1516,1542,1516,1570,1574,1557,1520,1547,1509,1521,1548,1550,1536,1524,1533,1525,1510,1518,1536,1532,1576,1577,1543,1528,1511,1534,1586,1556,1578,1527,1540,1527,1535,1520,1510,1524,1545,1503,1531,1501,1541,1523,1536,1536,1540,1533
STAT,(NULL),Partition,123,426,426,0,0,0,0,0,0,0,0,0,0,0,0,0,0,0,0,0,0,0,0,0,0,0,0,0,0,0,0,0,0,0,0,0,0,0,0,0,0,0,0,0,0,0,0,0,0,0,0,0,0,0,0,0,0,0,0,0,0,0,0,0,0,0,0,0,0,0,0,0,0,0,0,0,0,0,0,0,0,0,0,0,0,0,0,0,0,0,0,0,0,0,0,0,0,0,0,0,0,0,0,0,0,0,0,0,0,0,0,0,0,0,0,0,0,0,0,0,0,0,0,0,0
STAT,(NULL),Refine,123,1186,1186,0,0,0,0,0,0,0,0,0,0,0,0,0,0,0,0,0,0,0,0,0,0,0,0,0,0,0,0,0,0,0,0,0,0,0,0,0,0,0,0,0,0,0,0,0,0,0,0,0,0,0,0,0,0,0,0,0,0,0,0,0,0,0,0,0,0,0,0,0,0,0,0,0,0,0,0,0,0,0,0,0,0,0,0,0,0,0,0,0,0,0,0,0,0,0,0,0,0,0,0,0,0,0,0,0,0,0,0,0,0,0,0,0,0,0,0,0,0,0,0,0,0
STAT,(NULL),Threads,123,123,123,0,0,0,0,0,0,0,0,0,0,0,0,0,0,0,0,0,0,0,0,0,0,0,0,0,0,0,0,0,0,0,0,0,0,0,0,0,0,0,0,0,0,0,0,0,0,0,0,0,0,0,0,0,0,0,0,0,0,0,0,0,0,0,0,0,0,0,0,0,0,0,0,0,0,0,0,0,0,0,0,0,0,0,0,0,0,0,0,0,0,0,0,0,0,0,0,0,0,0,0,0,0,0,0,0,0,0,0,0,0,0,0,0,0,0,0,0,0,0,0,0,0
STAT,(NULL),Time,123,4135,4135,0,0,0,0,0,0,0,0,0,0,0,0,0,0,0,0,0,0,0,0,0,0,0,0,0,0,0,0,0,0,0,0,0,0,0,0,0,0,0,0,0,0,0,0,0,0,0,0,0,0,0,0,0,0,0,0,0,0,0,0,0,0,0,0,0,0,0,0,0,0,0,0,0,0,0,0,0,0,0,0,0,0,0,0,0,0,0,0,0,0,0,0,0,0,0,0,0,0,0,0,0,0,0,0,0,0,0,0,0,0,0,0,0,0,0,0,0,0,0,0,0,0
STAT,match,Conflicts,123,6154,74,68,65,73,76,66,79,84,80,56,66,55,77,72,74,60,62,69,69,52,65,78,63,59,52,65,55,57,54,58,58,53,44,52,57,47,54,62,53,44,69,58,48,44,60,50,53,57,68,60,50,64,48,52,39,69,51,59,53,46,51,55,39,38,37,44,33,38,44,39,32,32,37,48,34,38,37,35,43,50,38,48,46,32,34,25,47,37,33,30,41,46,44,35,33,47,40,41,37,37,36,34,33,51,41,49,46,50,47,57,36,34,28,41,52,37,43,31,51,48,50,34,45
STAT,match,Iterations,123,14976557,98857,122201,100133,105099,107274,115689,101695,98118,88514,121204,87331,116886,114658,102186,116594,103205,99085,102497,104367,120213,103162,108089,98777,115131,109469,111988,112057,107684,111932,113342,118663,120239,132901,127825,101907,112497,103067,113974,109408,135646,102195,119153,112681,118596,104227,126731,117155,103960,92436,103865,133783,102374,116340,124436,124443,88940,112841,120277,109765,125586,93650,94180,142354,123455,128413,145568,131426,136862,117253,119394,147502,124385,133661,137827,134831,165310,137131,132693,123379,129186,128312,123531,140190,129856,139305,145208,139181,136023,130746,149594,145812,129257,117030,135918,120589,122005,125543,140162,134173,118356,145607,156395,140089,100686,122412,108772,141993,129108,141674,139377,145340,159477,166395,128771,120692,140378,147097,142848,125962,123364,120590,121901,105030
STAT,popedge,Conflicts,123,0,0,0,0,0,0,0,0,0,0,0,0,0,0,0,0,0,0,0,0,0,0,0,0,0,0,0,0,0,0,0,0,0,0,0,0,0,0,0,0,0,0,0,0,0,0,0,0,0,0,0,0,0,0,0,0,0,0,0,0,0,0,0,0,0,0,0,0,0,0,0,0,0,0,0,0,0,0,0,0,0,0,0,0,0,0,0,0,0,0,0,0,0,0,0,0,0,0,0,0,0,0,0,0,0,0,0,0,0,0,0,0,0,0,0,0,0,0,0,0,0,0,0,0
STAT,popedge,Iterations,123,7336416,48667,59433,60741,61720,60314,60178,62072,59070,58883,62784,56126,57862,61046,59975,59070,60867,62868,61532,63280,58448,60004,60675,58917,58709,59018,61794,61513,58294,59379,56954,59870,57274,58101,58124,60219,58561,60637,60127,58768,59633,58773,57468,56424,55173,55876,56338,56849,60868,63445,60186,62190,59930,63701,60693,58391,63645,59285,60428,61477,62051,59527,49094,57843,58434,59286,57821,62081,58221,55525,58630,61910,53478,58860,58672,60752,57649,60237,62251,60332,61193,59907,60050,57459,58093,60952,59210,56716,62129,60086,58926,56113,60634,60284,59057,57737,59189,61584,59106,61383,56938,60030,57545,61575,61861,61334,60127,63187,61855,56919,62901,59817,61853,65857,59868,66005,59875,58930,60783,63458,60295,65338,62774,52182
STAT,refine,Conflicts,123,5184,112,120,109,117,88,95,97,93,95,72,87,70,87,82,68,71,63,69,61,60,64,59,58,66,55,77,55,67,70,61,53,36,35,44,54,51,46,33,34,44,35,39,34,40,42,54,49,44,37,40,40,39,43,36,42,37,45,32,37,50,41,25,26,28,23,17,19,29,24,45,17,38,27,27,27,31,16,26,30,28,22,28,25,20,22,19,19,30,26,40,24,32,27,23,22,35,22,26,30,26,23,23,33,22,26,20,29,29,28,26,17,26,26,19,22,20,30,24,17,12,18,18,21
STAT,refine,Iterations,123,134337,1003,1123,1008,1129,904,1162,1110,1237,1097,963,1018,1112,1026,1088,953,970,766,1124,850,941,1194,1167,1043,1050,750,1058,1264,1026,1819,892,1009,1089,1331,1148,1096,1004,1089,1016,1036,1102,966,1280,858,730,1298,1179,994,875,1043,911,964,964,1097,1343,1126,752,958,936,742,1432,934,1004,1306,1038,1110,984,928,1197,1089,1547,1073,1301,1089,897,1142,1473,1035,1068,1259,1158,1068,1287,1401,829,1265,833,909,1274,1395,1710,993,988,1175,1418,986,1423,1174,1226,1531,1091,1258,1092,1365,1141,755,1069,1219,1356,846,1105,974,1009,1163,1068,1087,888,1098,1133,978,784,1228,915,983
