Hello from MIC
Galois Benchmark Suite v2.2.0 (r0)
Copyright (C) 2013 The University of Texas at Austin
http://iss.ices.utexas.edu/galois/

application: GMetis
Partitions a graph into K parts and minimizing the graph cut
http://iss.ices.utexas.edu/?p=projects/galois/benchmarks/gMetis

INFO: CommandLine /work/02556/dpereira/MIC/apps/gmetis/gmetis -t=112 /work/02556/dpereira/Inputs/USA-road-d.W.gr 128
INFO: Hostname c558-001-mic0.stampede.tacc.utexas.edu
Created Graph with 6262104 nodes and 15248146 edges
Nodes 6262104| Edges 15248146 7624073

  Starting coarsening: 
Time coarsen:  2314 Size of final graph: 3092

  Sarting initial partitioning using GGGP:
Size in decade percentages:  -1,6 -0,116 1,6
Time clustering:  412

  Sarting refinnement with BKL2
Initial dist
Size in decade percentages:  -1,6 -0,116 1,6
Refined dist
Size in decade percentages:  -1,48 -0,32 1,48
Time refinement:  1139


Time:  4043
Total edge cut : 7784

Part saved in : 0x7fff73f6bce0
STATTYPE,LOOP,CATEGORY,n,sum,T0,T1,T2,T3,T4,T5,T6,T7,T8,T9,T10,T11,T12,T13,T14,T15,T16,T17,T18,T19,T20,T21,T22,T23,T24,T25,T26,T27,T28,T29,T30,T31,T32,T33,T34,T35,T36,T37,T38,T39,T40,T41,T42,T43,T44,T45,T46,T47,T48,T49,T50,T51,T52,T53,T54,T55,T56,T57,T58,T59,T60,T61,T62,T63,T64,T65,T66,T67,T68,T69,T70,T71,T72,T73,T74,T75,T76,T77,T78,T79,T80,T81,T82,T83,T84,T85,T86,T87,T88,T89,T90,T91,T92,T93,T94,T95,T96,T97,T98,T99,T100,T101,T102,T103,T104,T105,T106,T107,T108,T109,T110,T111
STAT,(NULL),Coarsen,112,2314,2314,0,0,0,0,0,0,0,0,0,0,0,0,0,0,0,0,0,0,0,0,0,0,0,0,0,0,0,0,0,0,0,0,0,0,0,0,0,0,0,0,0,0,0,0,0,0,0,0,0,0,0,0,0,0,0,0,0,0,0,0,0,0,0,0,0,0,0,0,0,0,0,0,0,0,0,0,0,0,0,0,0,0,0,0,0,0,0,0,0,0,0,0,0,0,0,0,0,0,0,0,0,0,0,0,0,0,0,0,0,0,0
STAT,(NULL),Conflicts,112,0,0,0,0,0,0,0,0,0,0,0,0,0,0,0,0,0,0,0,0,0,0,0,0,0,0,0,0,0,0,0,0,0,0,0,0,0,0,0,0,0,0,0,0,0,0,0,0,0,0,0,0,0,0,0,0,0,0,0,0,0,0,0,0,0,0,0,0,0,0,0,0,0,0,0,0,0,0,0,0,0,0,0,0,0,0,0,0,0,0,0,0,0,0,0,0,0,0,0,0,0,0,0,0,0,0,0,0,0,0,0,0,0
STAT,(NULL),Iterations,112,255,9,1,3,0,0,3,1,3,2,3,0,1,1,0,0,3,2,4,0,4,1,1,0,3,1,1,3,5,0,4,0,1,2,2,3,0,3,0,3,0,1,0,3,0,4,0,7,1,6,2,0,4,4,7,5,3,4,5,1,0,2,8,0,6,4,0,0,7,3,0,1,1,0,2,2,1,6,0,4,3,3,0,4,2,5,3,2,1,0,4,2,0,0,0,0,6,2,2,1,1,3,0,2,6,2,2,0,5,4,9,0,4
STAT,(NULL),MeminfoPost,112,756671,6757,6766,6771,6754,6748,6763,6796,6816,6744,6746,6763,6774,6767,6765,6739,6752,6778,6735,6747,6746,6784,6764,6763,6739,6776,6808,6793,6743,6741,6765,6779,6768,6756,6740,6763,6762,6739,6747,6770,6758,6788,6753,6770,6753,6750,6744,6757,6723,6761,6766,6744,6749,6732,6741,6741,6797,6764,6739,6765,6738,6718,6755,6768,6776,6753,6740,6751,6746,6733,6726,6735,6758,6739,6799,6799,6744,6750,6746,6725,6759,6774,6756,6750,6739,6738,6735,6744,6731,6795,6800,6765,6743,6730,6764,6803,6785,6774,6740,6753,6747,6739,6733,6730,6766,6721,6734,6757,6725,6751,6759,6760,6750
STAT,(NULL),MeminfoPre,112,189167,1690,1699,1704,1687,1681,1696,1729,1749,1677,1679,1696,1707,1700,1698,1672,1685,1711,1668,1680,1679,1717,1697,1696,1672,1709,1741,1726,1676,1674,1698,1712,1701,1689,1673,1696,1695,1672,1680,1703,1691,1721,1686,1703,1686,1683,1677,1690,1656,1694,1699,1677,1682,1665,1674,1674,1730,1697,1672,1698,1671,1651,1688,1701,1709,1686,1673,1684,1679,1666,1659,1668,1691,1672,1732,1732,1677,1683,1679,1658,1692,1707,1689,1683,1672,1671,1668,1677,1664,1728,1733,1698,1676,1663,1697,1736,1718,1707,1673,1686,1680,1672,1666,1663,1699,1654,1667,1690,1658,1684,1692,1693,1683
STAT,(NULL),Partition,112,412,412,0,0,0,0,0,0,0,0,0,0,0,0,0,0,0,0,0,0,0,0,0,0,0,0,0,0,0,0,0,0,0,0,0,0,0,0,0,0,0,0,0,0,0,0,0,0,0,0,0,0,0,0,0,0,0,0,0,0,0,0,0,0,0,0,0,0,0,0,0,0,0,0,0,0,0,0,0,0,0,0,0,0,0,0,0,0,0,0,0,0,0,0,0,0,0,0,0,0,0,0,0,0,0,0,0,0,0,0,0,0,0
STAT,(NULL),Refine,112,1139,1139,0,0,0,0,0,0,0,0,0,0,0,0,0,0,0,0,0,0,0,0,0,0,0,0,0,0,0,0,0,0,0,0,0,0,0,0,0,0,0,0,0,0,0,0,0,0,0,0,0,0,0,0,0,0,0,0,0,0,0,0,0,0,0,0,0,0,0,0,0,0,0,0,0,0,0,0,0,0,0,0,0,0,0,0,0,0,0,0,0,0,0,0,0,0,0,0,0,0,0,0,0,0,0,0,0,0,0,0,0,0,0
STAT,(NULL),Threads,112,112,112,0,0,0,0,0,0,0,0,0,0,0,0,0,0,0,0,0,0,0,0,0,0,0,0,0,0,0,0,0,0,0,0,0,0,0,0,0,0,0,0,0,0,0,0,0,0,0,0,0,0,0,0,0,0,0,0,0,0,0,0,0,0,0,0,0,0,0,0,0,0,0,0,0,0,0,0,0,0,0,0,0,0,0,0,0,0,0,0,0,0,0,0,0,0,0,0,0,0,0,0,0,0,0,0,0,0,0,0,0,0,0
STAT,(NULL),Time,112,4043,4043,0,0,0,0,0,0,0,0,0,0,0,0,0,0,0,0,0,0,0,0,0,0,0,0,0,0,0,0,0,0,0,0,0,0,0,0,0,0,0,0,0,0,0,0,0,0,0,0,0,0,0,0,0,0,0,0,0,0,0,0,0,0,0,0,0,0,0,0,0,0,0,0,0,0,0,0,0,0,0,0,0,0,0,0,0,0,0,0,0,0,0,0,0,0,0,0,0,0,0,0,0,0,0,0,0,0,0,0,0,0,0
STAT,match,Conflicts,112,5857,90,74,73,81,78,71,80,92,63,52,73,88,71,59,71,69,52,51,66,55,79,79,61,67,59,66,64,65,59,67,49,61,50,46,62,55,48,58,46,58,63,56,58,61,59,58,58,66,61,62,61,33,46,42,47,39,47,45,50,43,42,37,33,41,49,48,34,46,39,39,34,40,51,37,39,42,40,40,40,46,35,46,48,42,49,45,57,35,39,45,37,36,35,33,36,49,54,40,46,37,42,49,40,48,52,38,39,41,53,38,51,42
STAT,match,Iterations,112,14971949,105478,114574,112096,131116,121745,134441,117432,110161,104606,131748,109002,111729,123492,116061,125531,126614,122482,140453,107702,132979,105301,116423,130107,118225,134525,124685,128718,117422,136350,124459,123247,133705,129812,104306,122028,116228,131523,125697,124130,123179,125567,122354,114051,136579,126292,119501,133700,118166,104623,122428,125365,141842,152236,153616,149934,142110,134630,155682,147971,148304,157834,133970,155616,128922,149654,137289,153746,164177,139303,140950,153287,147558,145377,149607,165498,150161,149252,139330,147741,127539,164700,126676,150172,148068,131380,140539,137135,147256,153381,138871,151622,125415,138960,145124,131685,153409,117637,147269,143641,142576,138800,143723,141184,134430,137408,152264,134867,141867,126870,124255,133958,145533
STAT,popedge,Conflicts,112,0,0,0,0,0,0,0,0,0,0,0,0,0,0,0,0,0,0,0,0,0,0,0,0,0,0,0,0,0,0,0,0,0,0,0,0,0,0,0,0,0,0,0,0,0,0,0,0,0,0,0,0,0,0,0,0,0,0,0,0,0,0,0,0,0,0,0,0,0,0,0,0,0,0,0,0,0,0,0,0,0,0,0,0,0,0,0,0,0,0,0,0,0,0,0,0,0,0,0,0,0,0,0,0,0,0,0,0,0,0,0,0,0
STAT,popedge,Iterations,112,7334096,64803,64115,63371,62534,64563,65552,64588,65515,65911,66372,64044,66915,62692,64668,64377,65340,65940,67232,67805,66040,63731,65662,64983,65599,63041,61201,63293,66624,62361,64118,61430,61976,64220,59437,66642,68202,67960,64923,60094,62881,64022,62300,61019,62847,64811,64777,64642,68050,66824,64191,64746,71635,69236,71567,71173,68325,74285,76056,75466,77249,77512,65561,64866,64144,63172,62922,67408,62774,64242,64457,64394,61561,66433,64081,65663,59184,64303,65725,67539,64774,68690,62909,63063,67873,64267,62474,65623,63817,65392,63259,62745,62040,62287,65522,60279,68287,72067,69141,65682,65081,63249,64198,65697,65001,64428,63487,66368,67549,71841,67208,66209,63672
STAT,refine,Conflicts,112,4416,107,95,106,91,85,90,89,87,78,78,71,83,75,86,60,51,55,60,54,57,50,53,58,60,67,42,62,59,48,56,34,37,27,39,33,32,41,38,38,38,31,44,41,37,50,42,31,41,28,37,27,29,39,34,30,36,42,35,34,29,25,29,26,24,26,18,24,31,26,28,25,29,18,30,26,19,23,26,34,22,23,28,21,22,22,29,16,25,25,21,27,22,26,21,22,22,17,21,21,19,17,20,23,16,20,33,25,27,27,20,22,20
STAT,refine,Iterations,112,129169,1028,1400,1202,1177,998,1521,1484,1392,1032,1340,1177,1322,1091,1451,886,1166,1079,1305,1118,1011,1250,1024,912,1050,1286,1339,1271,1135,1198,1182,734,813,978,1182,1019,1005,1044,1085,878,871,1081,1051,1070,963,1066,1025,1011,752,974,1163,1015,961,1224,1718,1320,1602,1743,1476,1638,1076,1038,1078,1509,1155,1191,843,1113,1203,1332,1222,1343,1482,1224,1470,1787,908,1208,1039,1336,1103,1186,1199,986,982,1073,1310,1597,1185,1232,1275,1420,852,893,1364,1179,1120,1078,1136,1229,840,692,1269,933,1021,795,1097,1027,1031,1067,996,1228,928
