Hello from MIC
Galois Benchmark Suite v2.2.0 (r0)
Copyright (C) 2013 The University of Texas at Austin
http://iss.ices.utexas.edu/galois/

application: GMetis
Partitions a graph into K parts and minimizing the graph cut
http://iss.ices.utexas.edu/?p=projects/galois/benchmarks/gMetis

INFO: CommandLine /work/02556/dpereira/MIC/apps/gmetis/gmetis -t=115 /work/02556/dpereira/Inputs/USA-road-d.W.gr 128
INFO: Hostname c558-001-mic0.stampede.tacc.utexas.edu
Created Graph with 6262104 nodes and 15248146 edges
Nodes 6262104| Edges 15248146 7624073

  Starting coarsening: 
Time coarsen:  2245 Size of final graph: 3096

  Sarting initial partitioning using GGGP:
Size in decade percentages:  -1,8 -0,115 1,5
Time clustering:  416

  Sarting refinnement with BKL2
Initial dist
Size in decade percentages:  -1,8 -0,115 1,5
Refined dist
Size in decade percentages:  -1,47 -0,33 1,48
Time refinement:  1113


Time:  3951
Total edge cut : 8472

Part saved in : 0x7fff1ec13b60
STATTYPE,LOOP,CATEGORY,n,sum,T0,T1,T2,T3,T4,T5,T6,T7,T8,T9,T10,T11,T12,T13,T14,T15,T16,T17,T18,T19,T20,T21,T22,T23,T24,T25,T26,T27,T28,T29,T30,T31,T32,T33,T34,T35,T36,T37,T38,T39,T40,T41,T42,T43,T44,T45,T46,T47,T48,T49,T50,T51,T52,T53,T54,T55,T56,T57,T58,T59,T60,T61,T62,T63,T64,T65,T66,T67,T68,T69,T70,T71,T72,T73,T74,T75,T76,T77,T78,T79,T80,T81,T82,T83,T84,T85,T86,T87,T88,T89,T90,T91,T92,T93,T94,T95,T96,T97,T98,T99,T100,T101,T102,T103,T104,T105,T106,T107,T108,T109,T110,T111,T112,T113,T114
STAT,(NULL),Coarsen,115,2245,2245,0,0,0,0,0,0,0,0,0,0,0,0,0,0,0,0,0,0,0,0,0,0,0,0,0,0,0,0,0,0,0,0,0,0,0,0,0,0,0,0,0,0,0,0,0,0,0,0,0,0,0,0,0,0,0,0,0,0,0,0,0,0,0,0,0,0,0,0,0,0,0,0,0,0,0,0,0,0,0,0,0,0,0,0,0,0,0,0,0,0,0,0,0,0,0,0,0,0,0,0,0,0,0,0,0,0,0,0,0,0,0,0,0,0
STAT,(NULL),Conflicts,115,0,0,0,0,0,0,0,0,0,0,0,0,0,0,0,0,0,0,0,0,0,0,0,0,0,0,0,0,0,0,0,0,0,0,0,0,0,0,0,0,0,0,0,0,0,0,0,0,0,0,0,0,0,0,0,0,0,0,0,0,0,0,0,0,0,0,0,0,0,0,0,0,0,0,0,0,0,0,0,0,0,0,0,0,0,0,0,0,0,0,0,0,0,0,0,0,0,0,0,0,0,0,0,0,0,0,0,0,0,0,0,0,0,0,0,0
STAT,(NULL),Iterations,115,255,8,4,0,3,0,0,2,4,1,1,3,5,3,0,1,2,5,1,1,3,2,0,0,1,0,5,0,2,3,4,0,6,1,4,8,1,0,0,3,2,0,1,3,0,2,0,2,2,0,1,0,2,1,2,6,0,0,0,10,5,2,7,3,3,3,2,5,0,3,1,1,0,2,1,0,0,1,3,4,1,0,1,1,0,2,2,6,0,4,5,1,1,3,1,5,6,3,4,0,4,2,3,2,7,3,3,2,1,1,2,2,1,7,0,2
STAT,(NULL),MeminfoPost,115,756674,6582,6588,6593,6576,6578,6582,6601,6654,6575,6573,6582,6592,6593,6591,6568,6570,6588,6588,6556,6583,6585,6595,6583,6575,6583,6598,6653,6585,6567,6572,6594,6609,6582,6570,6572,6586,6583,6564,6571,6594,6577,6621,6570,6595,6574,6582,6567,6583,6551,6572,6597,6573,6568,6563,6561,6567,6590,6611,6566,6566,6592,6552,6552,6587,6590,6603,6573,6560,6573,6574,6555,6553,6556,6581,6567,6623,6622,6568,6569,6576,6548,6581,6597,6581,6566,6575,6564,6550,6561,6573,6590,6621,6613,6566,6561,6573,6610,6612,6614,6575,6581,6569,6573,6551,6559,6569,6574,6541,6561,6582,6557,6574,6582,6582,6574
STAT,(NULL),MeminfoPre,115,189149,1647,1653,1658,1641,1643,1647,1666,1719,1640,1638,1647,1657,1658,1656,1633,1635,1653,1653,1621,1648,1650,1660,1648,1640,1648,1663,1718,1650,1632,1637,1659,1674,1647,1635,1637,1651,1648,1629,1636,1659,1642,1686,1635,1660,1639,1647,1632,1648,1616,1637,1662,1638,1633,1628,1626,1632,1655,1676,1631,1631,1657,1617,1617,1652,1655,1668,1638,1625,1638,1639,1620,1618,1621,1646,1632,1688,1687,1633,1634,1641,1613,1646,1662,1646,1631,1640,1629,1615,1626,1638,1655,1686,1678,1631,1626,1638,1675,1677,1679,1640,1646,1634,1638,1616,1624,1634,1639,1606,1626,1647,1622,1639,1647,1647,1639
STAT,(NULL),Partition,115,416,416,0,0,0,0,0,0,0,0,0,0,0,0,0,0,0,0,0,0,0,0,0,0,0,0,0,0,0,0,0,0,0,0,0,0,0,0,0,0,0,0,0,0,0,0,0,0,0,0,0,0,0,0,0,0,0,0,0,0,0,0,0,0,0,0,0,0,0,0,0,0,0,0,0,0,0,0,0,0,0,0,0,0,0,0,0,0,0,0,0,0,0,0,0,0,0,0,0,0,0,0,0,0,0,0,0,0,0,0,0,0,0,0,0,0
STAT,(NULL),Refine,115,1113,1113,0,0,0,0,0,0,0,0,0,0,0,0,0,0,0,0,0,0,0,0,0,0,0,0,0,0,0,0,0,0,0,0,0,0,0,0,0,0,0,0,0,0,0,0,0,0,0,0,0,0,0,0,0,0,0,0,0,0,0,0,0,0,0,0,0,0,0,0,0,0,0,0,0,0,0,0,0,0,0,0,0,0,0,0,0,0,0,0,0,0,0,0,0,0,0,0,0,0,0,0,0,0,0,0,0,0,0,0,0,0,0,0,0,0
STAT,(NULL),Threads,115,115,115,0,0,0,0,0,0,0,0,0,0,0,0,0,0,0,0,0,0,0,0,0,0,0,0,0,0,0,0,0,0,0,0,0,0,0,0,0,0,0,0,0,0,0,0,0,0,0,0,0,0,0,0,0,0,0,0,0,0,0,0,0,0,0,0,0,0,0,0,0,0,0,0,0,0,0,0,0,0,0,0,0,0,0,0,0,0,0,0,0,0,0,0,0,0,0,0,0,0,0,0,0,0,0,0,0,0,0,0,0,0,0,0,0,0
STAT,(NULL),Time,115,3951,3951,0,0,0,0,0,0,0,0,0,0,0,0,0,0,0,0,0,0,0,0,0,0,0,0,0,0,0,0,0,0,0,0,0,0,0,0,0,0,0,0,0,0,0,0,0,0,0,0,0,0,0,0,0,0,0,0,0,0,0,0,0,0,0,0,0,0,0,0,0,0,0,0,0,0,0,0,0,0,0,0,0,0,0,0,0,0,0,0,0,0,0,0,0,0,0,0,0,0,0,0,0,0,0,0,0,0,0,0,0,0,0,0,0,0
STAT,match,Conflicts,115,5963,70,78,82,73,89,61,75,60,74,75,84,70,76,74,62,61,68,75,63,62,54,58,72,52,51,68,60,65,53,59,68,58,42,51,47,43,63,50,45,54,59,46,77,73,67,53,63,52,65,49,51,53,58,55,36,46,48,39,44,35,42,42,39,43,41,52,31,40,33,46,45,46,45,48,46,35,43,48,53,33,58,31,31,43,32,34,52,44,48,41,41,39,38,42,51,32,38,48,45,40,37,46,33,50,51,50,47,42,44,51,39,43,47,43,47
STAT,match,Iterations,115,14981516,101462,112068,92431,122022,114123,122271,126227,113684,124462,108304,113023,114405,124896,123256,112897,116861,124529,116302,130903,127363,134748,133320,112819,121424,123153,120835,127775,126987,125436,118681,97664,115648,133446,128444,109544,133784,115627,127826,126343,110714,131961,113706,112196,102920,123685,131145,124977,122169,116539,130139,114829,135649,137941,123255,147399,140106,127513,144806,158392,149592,162355,132017,146194,122181,140742,141380,137943,151463,149073,132791,149100,144240,143497,135323,144236,152194,147266,147189,134426,142383,126277,142200,125353,133949,139173,149838,141369,137361,140652,146555,133940,140298,127288,140300,138658,141603,123518,138640,135517,141940,129416,129931,134577,127633,130403,136029,130910,142838,152158,134300,135729,115784,134988,134078,137694
STAT,popedge,Conflicts,115,0,0,0,0,0,0,0,0,0,0,0,0,0,0,0,0,0,0,0,0,0,0,0,0,0,0,0,0,0,0,0,0,0,0,0,0,0,0,0,0,0,0,0,0,0,0,0,0,0,0,0,0,0,0,0,0,0,0,0,0,0,0,0,0,0,0,0,0,0,0,0,0,0,0,0,0,0,0,0,0,0,0,0,0,0,0,0,0,0,0,0,0,0,0,0,0,0,0,0,0,0,0,0,0,0,0,0,0,0,0,0,0,0,0,0,0
STAT,popedge,Iterations,115,7339090,65213,66496,57153,63094,63989,62723,62504,60724,62609,65424,66135,62667,61476,64548,64110,64000,63412,63695,63619,64377,64198,60833,63124,61916,63071,61587,62126,62746,63732,63478,62572,59557,61343,62869,62874,63726,65403,65926,62827,59966,60181,58477,62639,61517,59715,59512,65951,67784,68118,66662,65175,60477,61837,61580,70256,71183,70046,69812,72913,75692,74684,65480,66451,56433,62318,63034,60677,62818,62039,64618,61802,63937,60128,61675,62992,62144,62620,62174,63727,65715,64418,62668,60811,61918,62101,61140,61537,60410,62094,61964,63728,61420,58800,61677,60340,63491,66832,66772,66689,65760,65153,65640,64575,66775,64706,66750,68916,67205,64024,65555,65774,67401,65109,68101,62001
STAT,refine,Conflicts,115,4604,95,105,108,94,85,84,92,78,71,83,77,81,81,70,65,72,48,64,55,63,63,56,46,66,61,56,59,64,51,57,42,42,39,34,31,44,45,37,38,42,43,41,40,32,43,40,45,27,35,45,35,42,33,45,29,34,31,40,33,22,34,22,33,27,21,27,21,24,26,26,27,25,24,23,19,24,29,23,28,30,26,28,25,23,26,23,22,30,23,23,29,21,24,31,20,19,26,25,17,19,20,17,24,31,27,18,22,25,25,16,23,19,24,25,16
STAT,refine,Iterations,115,138813,1035,1487,1204,1075,1526,1318,1336,1628,1154,1147,1572,1368,1277,1391,1398,1340,1132,882,1202,1117,1124,1250,1138,1166,1315,799,1464,1337,1012,1314,1289,1200,1050,1116,942,1227,1038,1074,917,935,913,1074,787,918,983,976,963,969,1218,1049,1179,1202,1131,1328,1554,1806,1469,1924,1501,1124,1849,997,1354,1140,1034,1542,1269,1365,1374,1054,1220,1471,1461,1338,1327,1439,1436,1109,1082,1384,1109,1068,1375,1288,1112,1133,788,1252,1348,1079,1463,1342,1240,1050,957,1133,1216,1311,1039,860,1046,884,1100,984,949,949,1285,1280,900,1441,1147,1203,1103,1408,1362
