Hello from MIC
Galois Benchmark Suite v2.2.0 (r0)
Copyright (C) 2013 The University of Texas at Austin
http://iss.ices.utexas.edu/galois/

application: GMetis
Partitions a graph into K parts and minimizing the graph cut
http://iss.ices.utexas.edu/?p=projects/galois/benchmarks/gMetis

INFO: CommandLine /work/02556/dpereira/MIC/apps/gmetis/gmetis -t=107 /work/02556/dpereira/Inputs/USA-road-d.W.gr 1024
INFO: Hostname c558-401-mic0.stampede.tacc.utexas.edu
Created Graph with 6262104 nodes and 15248146 edges
Nodes 6262104| Edges 15248146 7624073

  Starting coarsening: 
Time coarsen:  2102 Size of final graph: 21612

  Sarting initial partitioning using GGGP:
Size in decade percentages:  -1,83 -0,868 1,73
Time clustering:  914

  Sarting refinnement with BKL2
Initial dist
Size in decade percentages:  -1,83 -0,868 1,73
Refined dist
Size in decade percentages:  -1,361 0,291 1,371 3,1
Time refinement:  1092


Time:  4287
Total edge cut : 31679

Part saved in : 0x7fff74dcffe0
STATTYPE,LOOP,CATEGORY,n,sum,T0,T1,T2,T3,T4,T5,T6,T7,T8,T9,T10,T11,T12,T13,T14,T15,T16,T17,T18,T19,T20,T21,T22,T23,T24,T25,T26,T27,T28,T29,T30,T31,T32,T33,T34,T35,T36,T37,T38,T39,T40,T41,T42,T43,T44,T45,T46,T47,T48,T49,T50,T51,T52,T53,T54,T55,T56,T57,T58,T59,T60,T61,T62,T63,T64,T65,T66,T67,T68,T69,T70,T71,T72,T73,T74,T75,T76,T77,T78,T79,T80,T81,T82,T83,T84,T85,T86,T87,T88,T89,T90,T91,T92,T93,T94,T95,T96,T97,T98,T99,T100,T101,T102,T103,T104,T105,T106
STAT,(NULL),Coarsen,107,2102,2102,0,0,0,0,0,0,0,0,0,0,0,0,0,0,0,0,0,0,0,0,0,0,0,0,0,0,0,0,0,0,0,0,0,0,0,0,0,0,0,0,0,0,0,0,0,0,0,0,0,0,0,0,0,0,0,0,0,0,0,0,0,0,0,0,0,0,0,0,0,0,0,0,0,0,0,0,0,0,0,0,0,0,0,0,0,0,0,0,0,0,0,0,0,0,0,0,0,0,0,0,0,0,0,0,0,0
STAT,(NULL),Conflicts,107,0,0,0,0,0,0,0,0,0,0,0,0,0,0,0,0,0,0,0,0,0,0,0,0,0,0,0,0,0,0,0,0,0,0,0,0,0,0,0,0,0,0,0,0,0,0,0,0,0,0,0,0,0,0,0,0,0,0,0,0,0,0,0,0,0,0,0,0,0,0,0,0,0,0,0,0,0,0,0,0,0,0,0,0,0,0,0,0,0,0,0,0,0,0,0,0,0,0,0,0,0,0,0,0,0,0,0,0
STAT,(NULL),Iterations,107,2047,11,9,14,13,20,16,19,19,18,18,22,13,9,24,21,18,18,20,17,17,21,17,22,22,13,20,23,23,15,34,25,21,30,17,23,13,14,15,23,27,11,19,13,19,15,17,17,19,15,21,26,27,26,19,24,28,18,18,39,34,12,18,14,20,24,18,22,13,11,21,18,10,16,15,20,18,21,15,18,23,20,17,14,14,11,19,23,20,11,20,26,13,18,33,26,27,23,31,19,17,13,18,10,26,18,17,17
STAT,(NULL),MeminfoPost,107,756556,7070,7089,7083,7078,7050,7090,7134,7093,7058,7057,7084,7091,7083,7059,7061,7097,7056,7054,7062,7102,7076,7075,7063,7083,7137,7091,7052,7067,7085,7089,7080,7058,7059,7092,7057,7059,7082,7066,7113,7061,7087,7064,7069,7056,7071,7040,7078,7077,7062,7058,7043,7060,7076,7105,7053,7056,7082,7035,7056,7087,7081,7073,7056,7067,7060,7049,7043,7049,7065,7070,7118,7102,7050,7075,7039,7061,7082,7079,7059,7063,7055,7041,7065,7040,7110,7116,7079,7053,7049,7086,7115,7103,7072,7072,7055,7069,7031,7049,7081,7036,7053,7030,7076,7056,7075,7075,7062
STAT,(NULL),MeminfoPre,107,189135,1767,1786,1780,1775,1747,1787,1831,1790,1755,1754,1781,1788,1780,1756,1758,1794,1753,1751,1759,1799,1773,1772,1760,1780,1834,1788,1749,1764,1782,1786,1777,1755,1756,1789,1754,1756,1779,1763,1810,1758,1784,1761,1766,1753,1768,1737,1775,1774,1759,1755,1740,1757,1773,1802,1750,1753,1779,1732,1753,1784,1778,1770,1753,1764,1757,1746,1740,1746,1762,1767,1815,1799,1747,1772,1736,1758,1779,1776,1756,1760,1752,1738,1762,1737,1807,1813,1776,1750,1746,1783,1812,1800,1769,1769,1752,1766,1728,1746,1778,1733,1750,1727,1773,1753,1772,1772,1759
STAT,(NULL),Partition,107,914,914,0,0,0,0,0,0,0,0,0,0,0,0,0,0,0,0,0,0,0,0,0,0,0,0,0,0,0,0,0,0,0,0,0,0,0,0,0,0,0,0,0,0,0,0,0,0,0,0,0,0,0,0,0,0,0,0,0,0,0,0,0,0,0,0,0,0,0,0,0,0,0,0,0,0,0,0,0,0,0,0,0,0,0,0,0,0,0,0,0,0,0,0,0,0,0,0,0,0,0,0,0,0,0,0,0,0
STAT,(NULL),Refine,107,1092,1092,0,0,0,0,0,0,0,0,0,0,0,0,0,0,0,0,0,0,0,0,0,0,0,0,0,0,0,0,0,0,0,0,0,0,0,0,0,0,0,0,0,0,0,0,0,0,0,0,0,0,0,0,0,0,0,0,0,0,0,0,0,0,0,0,0,0,0,0,0,0,0,0,0,0,0,0,0,0,0,0,0,0,0,0,0,0,0,0,0,0,0,0,0,0,0,0,0,0,0,0,0,0,0,0,0,0
STAT,(NULL),Threads,107,107,107,0,0,0,0,0,0,0,0,0,0,0,0,0,0,0,0,0,0,0,0,0,0,0,0,0,0,0,0,0,0,0,0,0,0,0,0,0,0,0,0,0,0,0,0,0,0,0,0,0,0,0,0,0,0,0,0,0,0,0,0,0,0,0,0,0,0,0,0,0,0,0,0,0,0,0,0,0,0,0,0,0,0,0,0,0,0,0,0,0,0,0,0,0,0,0,0,0,0,0,0,0,0,0,0,0,0
STAT,(NULL),Time,107,4287,4287,0,0,0,0,0,0,0,0,0,0,0,0,0,0,0,0,0,0,0,0,0,0,0,0,0,0,0,0,0,0,0,0,0,0,0,0,0,0,0,0,0,0,0,0,0,0,0,0,0,0,0,0,0,0,0,0,0,0,0,0,0,0,0,0,0,0,0,0,0,0,0,0,0,0,0,0,0,0,0,0,0,0,0,0,0,0,0,0,0,0,0,0,0,0,0,0,0,0,0,0,0,0,0,0,0,0
STAT,match,Conflicts,107,5670,100,92,89,91,81,79,78,77,63,79,63,63,57,64,81,80,76,64,73,65,56,67,74,57,52,80,67,86,69,75,58,61,49,66,68,73,60,56,54,50,50,51,52,62,51,66,33,37,36,39,32,39,37,44,40,38,51,44,37,40,31,46,40,47,34,36,47,36,36,40,55,33,45,30,37,41,40,36,41,37,45,38,42,57,44,34,49,42,40,38,43,44,47,41,59,66,41,44,39,48,45,42,40,56,44,33,49
STAT,match,Iterations,107,14946994,97243,110164,113474,116463,121856,106912,114169,120163,117248,111766,112878,113624,135283,139112,109598,121970,118324,127992,130595,123443,128768,129728,140375,136761,130580,126533,147982,125325,130013,123105,133475,149240,147828,133763,144296,131103,121613,139861,132745,141690,138750,130071,130991,138205,124075,133351,155777,145937,160776,157097,163087,151948,152105,140387,140023,159266,150905,146541,155220,149662,158574,130006,149971,143508,165103,140350,153026,149439,153370,152565,134492,151806,144997,140200,157108,149139,150249,162273,150945,167292,142559,149340,149302,143010,133068,147552,138257,160819,158584,150543,142730,154932,154886,147607,136689,151075,161795,150440,142612,130778,167577,133651,155258,126786,137496,140540,153460
STAT,popedge,Conflicts,107,0,0,0,0,0,0,0,0,0,0,0,0,0,0,0,0,0,0,0,0,0,0,0,0,0,0,0,0,0,0,0,0,0,0,0,0,0,0,0,0,0,0,0,0,0,0,0,0,0,0,0,0,0,0,0,0,0,0,0,0,0,0,0,0,0,0,0,0,0,0,0,0,0,0,0,0,0,0,0,0,0,0,0,0,0,0,0,0,0,0,0,0,0,0,0,0,0,0,0,0,0,0,0,0,0,0,0,0
STAT,popedge,Iterations,107,7324288,69850,67325,67498,69120,70885,68960,65711,65133,71039,67018,66105,65153,64775,67170,73117,68676,68106,67983,68352,65725,68142,65880,70582,66251,65380,66820,65724,69464,67618,69782,69488,68059,68751,67330,70090,71084,66248,64589,61498,64357,62988,67245,64067,66687,70361,68624,73731,69685,72840,74013,71346,73366,76714,73260,79739,76965,74008,80990,80217,76896,73696,64452,62742,66209,66086,65954,66340,63163,62689,69252,63849,65048,65542,68620,66825,66823,66469,63584,66361,64540,65232,67154,64777,69365,65463,66805,64859,65160,66558,68991,71220,71520,70760,74147,71202,70634,69489,67639,69954,73848,67164,65931,65621,70064,68377,69288,66242
STAT,refine,Conflicts,107,4308,82,93,87,83,78,72,66,68,57,64,67,58,64,60,63,59,46,54,51,57,46,45,59,54,55,52,48,57,60,43,40,45,42,45,40,39,40,45,40,54,30,48,34,31,53,42,35,33,47,38,37,24,30,49,23,35,36,31,36,24,34,25,33,30,30,27,29,30,26,23,35,32,23,32,28,32,36,36,31,26,23,23,35,32,24,27,32,22,29,38,23,34,27,24,31,27,22,35,20,23,26,24,34,17,16,26,22
STAT,refine,Iterations,107,428335,3478,3694,2712,3480,3429,3368,4874,4034,3256,3475,3668,3359,3938,3751,3624,4365,3522,3435,2844,4121,3364,3383,3926,4477,5588,4526,3975,4491,4653,4576,4492,4062,4122,3411,3829,3363,3610,4177,4517,3830,3402,3389,3397,2993,3983,3199,4848,4028,4593,3739,4036,4728,5704,5364,3430,4681,4299,3192,4932,4947,4652,3562,3964,4076,3640,3407,3387,4174,4494,4234,4882,4543,3860,4413,3431,4367,4150,3502,3586,3716,3640,3897,4302,3640,5428,5228,4109,3847,4716,5044,4868,5127,4153,4225,3682,3668,3658,3713,3951,3479,3931,3713,3875,3373,3611,4205,3529
