Hello from MIC
Galois Benchmark Suite v2.2.0 (r0)
Copyright (C) 2013 The University of Texas at Austin
http://iss.ices.utexas.edu/galois/

application: GMetis
Partitions a graph into K parts and minimizing the graph cut
http://iss.ices.utexas.edu/?p=projects/galois/benchmarks/gMetis

INFO: CommandLine /work/02556/dpereira/MIC/apps/gmetis/gmetis -t=162 /work/02556/dpereira/Inputs/USA-road-d.W.gr 1024
INFO: Hostname c558-402-mic0.stampede.tacc.utexas.edu
Created Graph with 6262104 nodes and 15248146 edges
Nodes 6262104| Edges 15248146 7624073

  Starting coarsening: 
Time coarsen:  2365 Size of final graph: 22071

  Sarting initial partitioning using GGGP:
Size in decade percentages:  -1,79 -0,878 1,67
Time clustering:  998

  Sarting refinnement with BKL2
Initial dist
Size in decade percentages:  -1,79 -0,878 1,67
Refined dist
Size in decade percentages:  -1,377 0,256 1,390 2,1
Time refinement:  1542


Time:  5084
Total edge cut : 31730

Part saved in : 0x7fff1e953ce0
STATTYPE,LOOP,CATEGORY,n,sum,T0,T1,T2,T3,T4,T5,T6,T7,T8,T9,T10,T11,T12,T13,T14,T15,T16,T17,T18,T19,T20,T21,T22,T23,T24,T25,T26,T27,T28,T29,T30,T31,T32,T33,T34,T35,T36,T37,T38,T39,T40,T41,T42,T43,T44,T45,T46,T47,T48,T49,T50,T51,T52,T53,T54,T55,T56,T57,T58,T59,T60,T61,T62,T63,T64,T65,T66,T67,T68,T69,T70,T71,T72,T73,T74,T75,T76,T77,T78,T79,T80,T81,T82,T83,T84,T85,T86,T87,T88,T89,T90,T91,T92,T93,T94,T95,T96,T97,T98,T99,T100,T101,T102,T103,T104,T105,T106,T107,T108,T109,T110,T111,T112,T113,T114,T115,T116,T117,T118,T119,T120,T121,T122,T123,T124,T125,T126,T127,T128,T129,T130,T131,T132,T133,T134,T135,T136,T137,T138,T139,T140,T141,T142,T143,T144,T145,T146,T147,T148,T149,T150,T151,T152,T153,T154,T155,T156,T157,T158,T159,T160,T161
STAT,(NULL),Coarsen,162,2365,2365,0,0,0,0,0,0,0,0,0,0,0,0,0,0,0,0,0,0,0,0,0,0,0,0,0,0,0,0,0,0,0,0,0,0,0,0,0,0,0,0,0,0,0,0,0,0,0,0,0,0,0,0,0,0,0,0,0,0,0,0,0,0,0,0,0,0,0,0,0,0,0,0,0,0,0,0,0,0,0,0,0,0,0,0,0,0,0,0,0,0,0,0,0,0,0,0,0,0,0,0,0,0,0,0,0,0,0,0,0,0,0,0,0,0,0,0,0,0,0,0,0,0,0,0,0,0,0,0,0,0,0,0,0,0,0,0,0,0,0,0,0,0,0,0,0,0,0,0,0,0,0,0,0,0,0,0,0,0,0,0,0
STAT,(NULL),Conflicts,162,0,0,0,0,0,0,0,0,0,0,0,0,0,0,0,0,0,0,0,0,0,0,0,0,0,0,0,0,0,0,0,0,0,0,0,0,0,0,0,0,0,0,0,0,0,0,0,0,0,0,0,0,0,0,0,0,0,0,0,0,0,0,0,0,0,0,0,0,0,0,0,0,0,0,0,0,0,0,0,0,0,0,0,0,0,0,0,0,0,0,0,0,0,0,0,0,0,0,0,0,0,0,0,0,0,0,0,0,0,0,0,0,0,0,0,0,0,0,0,0,0,0,0,0,0,0,0,0,0,0,0,0,0,0,0,0,0,0,0,0,0,0,0,0,0,0,0,0,0,0,0,0,0,0,0,0,0,0,0,0,0,0,0
STAT,(NULL),Iterations,162,2047,11,12,10,16,15,14,11,18,24,9,13,10,6,13,6,9,10,8,4,12,14,7,10,10,9,11,7,10,5,6,11,6,18,13,12,10,9,8,1,20,16,20,12,9,19,16,11,12,20,10,21,16,14,17,15,12,21,33,22,21,17,22,14,10,8,14,15,18,15,16,7,15,9,9,7,14,13,6,10,12,8,15,6,22,14,16,8,16,18,3,1,13,14,6,9,12,7,4,7,8,14,15,20,6,17,19,10,19,6,20,9,24,13,20,26,17,15,16,24,31,18,22,22,8,17,8,16,16,14,7,14,11,15,10,8,12,10,11,5,16,9,6,12,10,16,12,7,6,18,14,12,3,13,10,14,3,12,21,5,4,7,9
STAT,(NULL),MeminfoPost,162,756597,4676,4669,4683,4682,4671,4679,4654,4673,4682,4691,4732,4680,4655,4667,4661,4681,4677,4694,4668,4680,4654,4662,4670,4682,4673,4660,4661,4669,4666,4685,4683,4673,4675,4663,4672,4676,4683,4741,4684,4656,4664,4661,4681,4681,4691,4673,4670,4662,4663,4663,4684,4676,4659,4662,4665,4682,4669,4677,4707,4661,4672,4681,4668,4678,4659,4662,4660,4676,4647,4660,4677,4683,4668,4664,4658,4656,4651,4657,4668,4672,4703,4684,4655,4659,4673,4677,4650,4644,4663,4672,4676,4688,4682,4662,4658,4673,4659,4663,4664,4651,4647,4661,4660,4668,4651,4681,4702,4694,4693,4655,4660,4681,4653,4645,4670,4676,4681,4674,4667,4666,4659,4667,4653,4644,4660,4672,4650,4679,4705,4701,4688,4665,4662,4647,4666,4679,4706,4688,4694,4689,4654,4664,4671,4668,4665,4652,4650,4659,4651,4691,4646,4644,4662,4653,4675,4653,4660,4673,4670,4672,4661,4677
STAT,(NULL),MeminfoPre,162,189111,1173,1166,1180,1179,1168,1176,1151,1170,1179,1188,1229,1177,1152,1164,1158,1178,1174,1191,1165,1177,1151,1159,1167,1179,1170,1157,1158,1166,1163,1182,1180,1170,1172,1160,1169,1173,1180,1238,1181,1153,1161,1158,1178,1178,1188,1170,1167,1159,1160,1160,1181,1173,1156,1159,1162,1179,1166,1174,1204,1158,1169,1178,1165,1175,1156,1159,1157,1173,1144,1157,1174,1180,1165,1161,1155,1153,1148,1154,1165,1169,1200,1181,1152,1156,1170,1174,1147,1141,1160,1169,1173,1185,1179,1159,1155,1170,1156,1160,1161,1148,1144,1158,1157,1165,1148,1178,1199,1191,1190,1152,1157,1178,1150,1142,1167,1173,1178,1171,1164,1163,1156,1164,1150,1141,1157,1169,1147,1176,1202,1198,1185,1162,1159,1144,1163,1176,1203,1185,1191,1186,1151,1161,1168,1165,1162,1149,1147,1156,1148,1188,1143,1141,1159,1150,1172,1150,1157,1170,1167,1169,1158,1174
STAT,(NULL),Partition,162,998,998,0,0,0,0,0,0,0,0,0,0,0,0,0,0,0,0,0,0,0,0,0,0,0,0,0,0,0,0,0,0,0,0,0,0,0,0,0,0,0,0,0,0,0,0,0,0,0,0,0,0,0,0,0,0,0,0,0,0,0,0,0,0,0,0,0,0,0,0,0,0,0,0,0,0,0,0,0,0,0,0,0,0,0,0,0,0,0,0,0,0,0,0,0,0,0,0,0,0,0,0,0,0,0,0,0,0,0,0,0,0,0,0,0,0,0,0,0,0,0,0,0,0,0,0,0,0,0,0,0,0,0,0,0,0,0,0,0,0,0,0,0,0,0,0,0,0,0,0,0,0,0,0,0,0,0,0,0,0,0,0,0
STAT,(NULL),Refine,162,1542,1542,0,0,0,0,0,0,0,0,0,0,0,0,0,0,0,0,0,0,0,0,0,0,0,0,0,0,0,0,0,0,0,0,0,0,0,0,0,0,0,0,0,0,0,0,0,0,0,0,0,0,0,0,0,0,0,0,0,0,0,0,0,0,0,0,0,0,0,0,0,0,0,0,0,0,0,0,0,0,0,0,0,0,0,0,0,0,0,0,0,0,0,0,0,0,0,0,0,0,0,0,0,0,0,0,0,0,0,0,0,0,0,0,0,0,0,0,0,0,0,0,0,0,0,0,0,0,0,0,0,0,0,0,0,0,0,0,0,0,0,0,0,0,0,0,0,0,0,0,0,0,0,0,0,0,0,0,0,0,0,0,0
STAT,(NULL),Threads,162,162,162,0,0,0,0,0,0,0,0,0,0,0,0,0,0,0,0,0,0,0,0,0,0,0,0,0,0,0,0,0,0,0,0,0,0,0,0,0,0,0,0,0,0,0,0,0,0,0,0,0,0,0,0,0,0,0,0,0,0,0,0,0,0,0,0,0,0,0,0,0,0,0,0,0,0,0,0,0,0,0,0,0,0,0,0,0,0,0,0,0,0,0,0,0,0,0,0,0,0,0,0,0,0,0,0,0,0,0,0,0,0,0,0,0,0,0,0,0,0,0,0,0,0,0,0,0,0,0,0,0,0,0,0,0,0,0,0,0,0,0,0,0,0,0,0,0,0,0,0,0,0,0,0,0,0,0,0,0,0,0,0,0
STAT,(NULL),Time,162,5084,5084,0,0,0,0,0,0,0,0,0,0,0,0,0,0,0,0,0,0,0,0,0,0,0,0,0,0,0,0,0,0,0,0,0,0,0,0,0,0,0,0,0,0,0,0,0,0,0,0,0,0,0,0,0,0,0,0,0,0,0,0,0,0,0,0,0,0,0,0,0,0,0,0,0,0,0,0,0,0,0,0,0,0,0,0,0,0,0,0,0,0,0,0,0,0,0,0,0,0,0,0,0,0,0,0,0,0,0,0,0,0,0,0,0,0,0,0,0,0,0,0,0,0,0,0,0,0,0,0,0,0,0,0,0,0,0,0,0,0,0,0,0,0,0,0,0,0,0,0,0,0,0,0,0,0,0,0,0,0,0,0,0
STAT,match,Conflicts,162,6005,73,57,64,54,57,59,55,54,65,47,54,61,54,55,53,46,51,46,47,46,50,53,50,50,49,42,46,42,48,54,40,38,39,45,39,41,31,44,34,41,41,41,41,39,34,42,42,41,40,37,35,34,46,42,33,36,43,44,55,46,27,27,24,40,26,36,26,34,32,38,29,30,31,32,30,37,31,33,28,34,21,31,36,39,30,33,39,34,26,40,41,33,35,28,37,31,34,24,33,36,32,35,36,34,32,37,31,34,36,32,36,31,35,34,25,28,29,28,27,39,26,31,37,30,29,21,39,29,28,32,31,26,27,33,32,31,39,33,32,32,32,29,29,31,38,25,31,32,38,19,34,25,34,28,23,29,27,42,24,33,23,38
STAT,match,Iterations,162,14983640,73049,69208,82928,70377,78440,69721,77361,72103,65801,70159,78774,73950,70995,85664,77063,82432,77677,78321,82899,77616,75650,73794,83971,80529,73967,90660,81308,69422,77847,84067,73464,102107,86104,81945,74123,87888,88565,79415,83280,87856,100154,100222,91223,97235,107875,95858,108285,87372,90847,101779,104259,114272,73703,91926,91999,106253,91115,91179,83102,92338,109206,119518,100711,91291,85189,89556,99816,99428,82913,84898,85812,80269,97208,88319,86755,95638,104379,90761,95957,106478,105309,93211,81557,83850,90562,98852,79408,79460,80316,96673,89924,81226,89009,84463,81938,86171,88248,101671,91838,79512,96131,117350,130961,101978,110574,84092,115926,113348,110133,118660,112644,109191,117921,102186,116096,95500,116905,133688,119753,112245,129493,102085,101923,87282,100249,101413,112915,94257,103401,84098,89319,95845,82080,107509,93943,103549,81734,82091,101265,82560,89075,85762,104166,91262,105879,102531,96660,82725,99422,90283,96050,104087,101041,97216,93186,98684,81633,80235,102361,90950,96162,93181
STAT,popedge,Conflicts,162,0,0,0,0,0,0,0,0,0,0,0,0,0,0,0,0,0,0,0,0,0,0,0,0,0,0,0,0,0,0,0,0,0,0,0,0,0,0,0,0,0,0,0,0,0,0,0,0,0,0,0,0,0,0,0,0,0,0,0,0,0,0,0,0,0,0,0,0,0,0,0,0,0,0,0,0,0,0,0,0,0,0,0,0,0,0,0,0,0,0,0,0,0,0,0,0,0,0,0,0,0,0,0,0,0,0,0,0,0,0,0,0,0,0,0,0,0,0,0,0,0,0,0,0,0,0,0,0,0,0,0,0,0,0,0,0,0,0,0,0,0,0,0,0,0,0,0,0,0,0,0,0,0,0,0,0,0,0,0,0,0,0,0
STAT,popedge,Iterations,162,7343405,42257,45626,42096,42309,43216,43265,41498,41427,42742,44131,41760,42279,44087,42183,42865,45150,43454,42056,43943,43974,41169,45036,45198,44181,44618,43900,44538,43710,46094,43977,44149,43102,43376,43046,44357,44963,43606,43234,43212,45013,51356,53217,49912,48974,50948,47684,48738,50880,50394,51308,48820,50330,50942,49513,50478,46966,48648,47663,48817,50438,47467,39585,41459,40525,40272,41382,40305,40030,44027,43208,40961,42259,40753,42275,40356,43285,42628,41705,43415,42498,43337,39737,43445,45296,46176,42555,46556,46413,45290,42799,44608,44356,44100,43321,43750,45181,47572,43238,41908,44703,44591,51993,52091,50954,50436,54039,50747,52613,51700,50188,49590,51763,52505,49439,51132,52043,51905,51528,52842,51688,50315,50983,41834,43599,42383,42333,40934,41612,40600,42944,44121,42131,42102,43533,42970,42786,44858,43523,44518,43932,47142,47038,40434,44693,43391,45183,45109,45226,43980,46218,44525,44935,44727,44211,45646,44728,47102,44396,46112,44216,46129,42907
STAT,refine,Conflicts,162,5328,89,93,83,83,75,68,68,64,69,62,70,57,57,53,70,55,53,58,51,44,54,53,56,46,48,45,50,47,60,51,42,39,38,31,45,45,38,39,37,34,37,57,39,34,34,43,39,36,34,33,27,45,34,41,27,33,41,42,45,38,44,18,30,32,25,16,18,32,17,23,19,20,27,23,18,19,20,22,26,18,24,17,17,23,20,18,24,16,19,26,26,14,25,30,17,23,13,24,20,30,26,28,24,32,29,26,23,35,26,27,31,18,21,26,21,19,23,29,29,28,23,32,18,21,16,27,31,28,29,23,38,20,28,19,17,20,18,21,26,25,15,17,20,18,22,14,15,27,21,24,20,26,15,25,23,12,29,27,19,19,21,26
STAT,refine,Iterations,162,428455,2688,2770,3014,2005,2460,2287,2534,1850,2551,3316,3210,2599,1933,2271,2415,2586,2437,2634,2629,2756,2433,1903,1879,1863,2513,2029,1937,1422,2368,2451,2277,2081,2166,1785,2448,2469,2328,3383,2266,2543,2533,3435,2630,2757,3409,2774,3332,2491,2158,2622,2908,3173,2101,3118,2517,2922,3048,2793,3732,2638,3334,3004,3423,3046,2101,2279,2953,3208,2157,2456,2186,2638,2475,2377,2302,2374,2326,2683,3019,2582,2804,2612,1997,2229,2310,2793,2343,1864,2354,2416,2529,2070,2405,2475,1874,2544,1968,2457,2428,2276,2425,3648,3422,3032,3443,3988,3315,4301,3628,3054,3459,3563,3402,2421,3228,2845,3742,3761,3571,4342,3497,3193,2769,2364,3163,2938,2708,3115,3029,2739,3015,2432,2647,2433,2498,2376,2734,2898,2974,2697,2135,2397,2673,1924,2063,1998,2319,2111,1758,2274,2297,2303,2137,2656,2845,2019,2947,2299,2440,2718,2801,2281
