Hello from MIC
Galois Benchmark Suite v2.2.0 (r0)
Copyright (C) 2013 The University of Texas at Austin
http://iss.ices.utexas.edu/galois/

application: GMetis
Partitions a graph into K parts and minimizing the graph cut
http://iss.ices.utexas.edu/?p=projects/galois/benchmarks/gMetis

INFO: CommandLine /work/02556/dpereira/MIC/apps/gmetis/gmetis -t=154 /work/02556/dpereira/Inputs/USA-road-d.W.gr 1024
INFO: Hostname c558-402-mic0.stampede.tacc.utexas.edu
Created Graph with 6262104 nodes and 15248146 edges
Nodes 6262104| Edges 15248146 7624073

  Starting coarsening: 
Time coarsen:  2273 Size of final graph: 21998

  Sarting initial partitioning using GGGP:
Size in decade percentages:  -1,75 -0,870 1,79
Time clustering:  1020

  Sarting refinnement with BKL2
Initial dist
Size in decade percentages:  -1,75 -0,870 1,79
Refined dist
Size in decade percentages:  -1,352 -0,303 1,368 2,1
Time refinement:  1425


Time:  4898
Total edge cut : 31608

Part saved in : 0x7fff59bec260
STATTYPE,LOOP,CATEGORY,n,sum,T0,T1,T2,T3,T4,T5,T6,T7,T8,T9,T10,T11,T12,T13,T14,T15,T16,T17,T18,T19,T20,T21,T22,T23,T24,T25,T26,T27,T28,T29,T30,T31,T32,T33,T34,T35,T36,T37,T38,T39,T40,T41,T42,T43,T44,T45,T46,T47,T48,T49,T50,T51,T52,T53,T54,T55,T56,T57,T58,T59,T60,T61,T62,T63,T64,T65,T66,T67,T68,T69,T70,T71,T72,T73,T74,T75,T76,T77,T78,T79,T80,T81,T82,T83,T84,T85,T86,T87,T88,T89,T90,T91,T92,T93,T94,T95,T96,T97,T98,T99,T100,T101,T102,T103,T104,T105,T106,T107,T108,T109,T110,T111,T112,T113,T114,T115,T116,T117,T118,T119,T120,T121,T122,T123,T124,T125,T126,T127,T128,T129,T130,T131,T132,T133,T134,T135,T136,T137,T138,T139,T140,T141,T142,T143,T144,T145,T146,T147,T148,T149,T150,T151,T152,T153
STAT,(NULL),Coarsen,154,2273,2273,0,0,0,0,0,0,0,0,0,0,0,0,0,0,0,0,0,0,0,0,0,0,0,0,0,0,0,0,0,0,0,0,0,0,0,0,0,0,0,0,0,0,0,0,0,0,0,0,0,0,0,0,0,0,0,0,0,0,0,0,0,0,0,0,0,0,0,0,0,0,0,0,0,0,0,0,0,0,0,0,0,0,0,0,0,0,0,0,0,0,0,0,0,0,0,0,0,0,0,0,0,0,0,0,0,0,0,0,0,0,0,0,0,0,0,0,0,0,0,0,0,0,0,0,0,0,0,0,0,0,0,0,0,0,0,0,0,0,0,0,0,0,0,0,0,0,0,0,0,0,0,0,0
STAT,(NULL),Conflicts,154,0,0,0,0,0,0,0,0,0,0,0,0,0,0,0,0,0,0,0,0,0,0,0,0,0,0,0,0,0,0,0,0,0,0,0,0,0,0,0,0,0,0,0,0,0,0,0,0,0,0,0,0,0,0,0,0,0,0,0,0,0,0,0,0,0,0,0,0,0,0,0,0,0,0,0,0,0,0,0,0,0,0,0,0,0,0,0,0,0,0,0,0,0,0,0,0,0,0,0,0,0,0,0,0,0,0,0,0,0,0,0,0,0,0,0,0,0,0,0,0,0,0,0,0,0,0,0,0,0,0,0,0,0,0,0,0,0,0,0,0,0,0,0,0,0,0,0,0,0,0,0,0,0,0,0
STAT,(NULL),Iterations,154,2047,11,10,5,13,10,18,8,10,6,7,12,15,9,8,9,10,8,15,11,15,14,4,12,14,11,11,6,16,13,8,17,13,14,18,22,25,34,16,6,9,22,23,36,16,21,20,25,16,24,12,20,8,8,22,12,19,25,13,15,13,8,12,3,10,8,7,15,17,10,7,8,13,9,7,11,3,12,10,13,7,15,12,9,12,6,13,7,16,14,11,6,10,15,14,13,13,21,22,11,18,23,19,20,23,34,15,13,12,24,16,19,11,13,13,22,21,17,12,8,16,28,12,14,17,14,15,7,15,9,13,4,16,8,9,0,10,6,11,6,16,9,8,15,6,17,3,8,7,13,15,9,9,15,21
STAT,(NULL),MeminfoPost,154,756440,4917,4912,4930,4914,4914,4913,4894,4922,4932,4964,4943,4902,4906,4901,4919,4926,4932,4912,4921,4896,4904,4913,4934,4900,4898,4906,4917,4909,4926,4930,4904,4912,4905,4918,4929,4977,4938,4895,4906,4904,4923,4914,4932,4919,4919,4896,4903,4919,4923,4905,4897,4910,4919,4914,4914,4950,4904,4915,4924,4904,4922,4899,4904,4904,4910,4887,4912,4925,4914,4903,4906,4905,4890,4894,4911,4910,4946,4927,4893,4902,4922,4907,4888,4888,4910,4917,4922,4931,4909,4908,4897,4911,4903,4904,4894,4887,4900,4915,4897,4889,4932,4949,4943,4912,4901,4914,4903,4886,4903,4914,4924,4919,4911,4902,4903,4907,4894,4889,4895,4914,4892,4935,4941,4946,4917,4900,4900,4895,4912,4945,4940,4934,4936,4895,4905,4912,4913,4903,4898,4883,4897,4916,4908,4886,4900,4885,4917,4896,4905,4905,4916,4911,4906,4913
STAT,(NULL),MeminfoPre,154,189104,1233,1228,1246,1230,1230,1229,1210,1238,1248,1280,1259,1218,1222,1217,1235,1242,1248,1228,1237,1212,1220,1229,1250,1216,1214,1222,1233,1225,1242,1246,1220,1228,1221,1234,1245,1293,1254,1211,1222,1220,1239,1230,1248,1235,1235,1212,1219,1235,1239,1221,1213,1226,1235,1230,1230,1266,1220,1231,1240,1220,1238,1215,1220,1220,1226,1203,1228,1241,1230,1219,1222,1221,1206,1210,1227,1226,1262,1243,1209,1218,1238,1223,1204,1204,1226,1233,1238,1247,1225,1224,1213,1227,1219,1220,1210,1203,1216,1231,1213,1205,1248,1265,1259,1228,1217,1230,1219,1202,1219,1230,1240,1235,1227,1218,1219,1223,1210,1205,1211,1230,1208,1251,1257,1262,1233,1216,1216,1211,1228,1261,1256,1250,1252,1211,1221,1228,1229,1219,1214,1199,1213,1232,1224,1202,1216,1201,1233,1212,1221,1221,1232,1227,1222,1229
STAT,(NULL),Partition,154,1020,1020,0,0,0,0,0,0,0,0,0,0,0,0,0,0,0,0,0,0,0,0,0,0,0,0,0,0,0,0,0,0,0,0,0,0,0,0,0,0,0,0,0,0,0,0,0,0,0,0,0,0,0,0,0,0,0,0,0,0,0,0,0,0,0,0,0,0,0,0,0,0,0,0,0,0,0,0,0,0,0,0,0,0,0,0,0,0,0,0,0,0,0,0,0,0,0,0,0,0,0,0,0,0,0,0,0,0,0,0,0,0,0,0,0,0,0,0,0,0,0,0,0,0,0,0,0,0,0,0,0,0,0,0,0,0,0,0,0,0,0,0,0,0,0,0,0,0,0,0,0,0,0,0,0
STAT,(NULL),Refine,154,1425,1425,0,0,0,0,0,0,0,0,0,0,0,0,0,0,0,0,0,0,0,0,0,0,0,0,0,0,0,0,0,0,0,0,0,0,0,0,0,0,0,0,0,0,0,0,0,0,0,0,0,0,0,0,0,0,0,0,0,0,0,0,0,0,0,0,0,0,0,0,0,0,0,0,0,0,0,0,0,0,0,0,0,0,0,0,0,0,0,0,0,0,0,0,0,0,0,0,0,0,0,0,0,0,0,0,0,0,0,0,0,0,0,0,0,0,0,0,0,0,0,0,0,0,0,0,0,0,0,0,0,0,0,0,0,0,0,0,0,0,0,0,0,0,0,0,0,0,0,0,0,0,0,0,0
STAT,(NULL),Threads,154,154,154,0,0,0,0,0,0,0,0,0,0,0,0,0,0,0,0,0,0,0,0,0,0,0,0,0,0,0,0,0,0,0,0,0,0,0,0,0,0,0,0,0,0,0,0,0,0,0,0,0,0,0,0,0,0,0,0,0,0,0,0,0,0,0,0,0,0,0,0,0,0,0,0,0,0,0,0,0,0,0,0,0,0,0,0,0,0,0,0,0,0,0,0,0,0,0,0,0,0,0,0,0,0,0,0,0,0,0,0,0,0,0,0,0,0,0,0,0,0,0,0,0,0,0,0,0,0,0,0,0,0,0,0,0,0,0,0,0,0,0,0,0,0,0,0,0,0,0,0,0,0,0,0,0
STAT,(NULL),Time,154,4898,4898,0,0,0,0,0,0,0,0,0,0,0,0,0,0,0,0,0,0,0,0,0,0,0,0,0,0,0,0,0,0,0,0,0,0,0,0,0,0,0,0,0,0,0,0,0,0,0,0,0,0,0,0,0,0,0,0,0,0,0,0,0,0,0,0,0,0,0,0,0,0,0,0,0,0,0,0,0,0,0,0,0,0,0,0,0,0,0,0,0,0,0,0,0,0,0,0,0,0,0,0,0,0,0,0,0,0,0,0,0,0,0,0,0,0,0,0,0,0,0,0,0,0,0,0,0,0,0,0,0,0,0,0,0,0,0,0,0,0,0,0,0,0,0,0,0,0,0,0,0,0,0,0,0
STAT,match,Conflicts,154,5907,68,64,49,54,39,56,55,46,53,45,46,55,60,56,49,51,56,48,57,53,50,49,44,45,58,49,46,45,59,51,34,53,36,42,55,28,43,38,53,37,40,36,42,44,41,43,41,46,48,40,45,43,43,34,37,36,38,49,38,38,46,36,30,25,28,39,33,31,39,26,37,24,38,30,39,33,35,36,30,35,36,39,33,40,37,36,29,43,33,43,30,37,40,39,41,32,34,33,23,37,34,35,30,36,29,36,31,34,36,36,37,27,32,30,31,35,31,32,32,30,33,32,27,32,30,25,34,30,30,38,38,29,33,27,32,29,35,28,31,30,31,42,32,36,30,29,36,26,35,28,33,33,29,28
STAT,match,Iterations,154,14978124,60348,64304,78463,76355,86111,81441,73084,97942,73739,82381,85007,81506,68360,87422,80021,62551,77444,80166,81796,73111,85231,77576,83911,88198,68856,72836,93565,84785,68014,74469,92698,67224,83591,88868,99459,117964,113708,129828,80112,104867,104426,90085,91145,104482,107388,101048,113705,102918,99734,105714,103277,95764,103499,104340,95233,90098,95062,93549,105418,113546,110430,92395,102374,97026,83953,92841,86911,92677,101416,99867,87396,101045,100578,95448,100384,98525,99410,97827,113388,100485,98749,97593,103779,88223,82272,94065,86449,102672,110918,81382,91437,99989,81566,112144,114094,104269,85677,109788,122942,117079,119404,103710,105521,108150,121331,103378,121958,129810,115750,117840,121967,139854,106434,112356,123798,113787,122940,122946,122555,107542,105220,118922,78412,85466,89447,99356,88411,91183,88868,109376,92119,105206,107854,106957,87361,105476,95093,88446,111397,104426,90623,90964,102577,87948,115049,106698,113306,95228,99472,101636,95611,94351,94135,103293
STAT,popedge,Conflicts,154,0,0,0,0,0,0,0,0,0,0,0,0,0,0,0,0,0,0,0,0,0,0,0,0,0,0,0,0,0,0,0,0,0,0,0,0,0,0,0,0,0,0,0,0,0,0,0,0,0,0,0,0,0,0,0,0,0,0,0,0,0,0,0,0,0,0,0,0,0,0,0,0,0,0,0,0,0,0,0,0,0,0,0,0,0,0,0,0,0,0,0,0,0,0,0,0,0,0,0,0,0,0,0,0,0,0,0,0,0,0,0,0,0,0,0,0,0,0,0,0,0,0,0,0,0,0,0,0,0,0,0,0,0,0,0,0,0,0,0,0,0,0,0,0,0,0,0,0,0,0,0,0,0,0,0
STAT,popedge,Iterations,154,7341227,42722,41997,43532,41319,43649,43687,45379,43601,43737,43697,43153,44131,46368,45761,43771,46520,45699,45720,45538,46661,48673,48039,47957,44973,47087,46283,43717,47028,47112,44791,44956,47899,54511,53062,51456,50854,49459,52626,54137,53323,52412,52182,50007,51209,52496,52649,51560,50893,51830,55714,54431,52991,46560,49111,49974,49026,49577,49731,47252,49521,50425,42357,42428,41513,42032,41694,43335,43575,42191,45905,43935,45637,44279,44767,42193,45334,43571,42926,44419,45421,44798,45437,46699,49635,48367,46588,48704,43888,44884,47413,46914,45003,46480,56250,50967,51894,55141,51097,52167,52383,51942,51298,53264,51667,51434,56595,57073,52090,55172,51994,53509,53384,54041,49269,50205,51504,49834,48158,50205,51151,53385,51343,41657,41647,44071,41731,42095,42506,44003,44838,46169,46577,46169,47853,47687,44233,45331,46091,43341,47663,45849,48019,44198,47428,46986,45087,45085,47122,47497,46882,45593,47709,47801,47435
STAT,refine,Conflicts,154,5032,86,94,77,77,79,74,65,61,50,66,63,60,57,57,61,50,41,52,53,54,49,43,53,39,53,37,52,41,50,47,47,34,17,35,38,43,31,33,44,45,30,33,46,29,41,37,27,37,47,35,31,32,35,34,25,48,38,36,39,39,39,23,26,19,24,21,18,15,21,16,19,27,19,19,12,23,15,21,20,20,17,27,26,20,27,23,24,22,23,31,18,19,25,20,25,25,21,18,23,25,43,18,22,29,24,32,26,30,26,33,32,21,26,25,20,29,28,33,29,27,37,30,22,31,22,22,20,29,26,21,21,23,27,20,25,16,22,30,26,20,24,18,16,17,25,17,25,21,28,25,25,14,15,16
STAT,refine,Iterations,154,429795,2163,2500,2717,1913,2554,2226,2569,3313,2936,3264,3521,1864,2041,2622,2795,2169,2308,2312,2354,2391,2245,1881,2492,2013,2575,2059,2730,2615,2102,1828,2178,1806,2263,2850,2879,4076,3372,3410,2749,3758,3357,3084,3265,2840,3124,2900,2811,3166,2985,3115,3567,3001,2999,2326,2799,3331,2280,2889,3340,3426,3839,2145,3065,2260,1990,1814,2516,3021,3154,2604,2484,3033,2189,2384,2447,2506,2718,2491,2642,2191,2327,2502,2326,2293,2211,2799,2610,2810,2666,2578,2127,2384,2366,2963,2885,2450,3017,3182,3438,2823,3798,3164,4250,3930,3129,4330,3455,2985,3560,3560,4217,4116,3594,3226,2690,3855,3539,2988,3764,3373,3394,4326,2345,3147,2481,2236,2395,2575,2532,3669,2846,3389,3399,2387,2332,2863,2341,2916,2559,2540,1967,2348,2385,2160,2744,1658,3276,2430,2823,2661,2997,2170,2174,2539
