Hello from MIC
Galois Benchmark Suite v2.2.0 (r0)
Copyright (C) 2013 The University of Texas at Austin
http://iss.ices.utexas.edu/galois/

application: GMetis
Partitions a graph into K parts and minimizing the graph cut
http://iss.ices.utexas.edu/?p=projects/galois/benchmarks/gMetis

INFO: CommandLine /work/02556/dpereira/MIC/apps/gmetis/gmetis -t=58 /work/02556/dpereira/Inputs/USA-road-d.W.gr 16
INFO: Hostname c557-903-mic0.stampede.tacc.utexas.edu
Created Graph with 6262104 nodes and 15248146 edges
Nodes 6262104| Edges 15248146 7624073

  Starting coarsening: 
Time coarsen:  2551 Size of final graph: 423

  Sarting initial partitioning using GGGP:
Size in decade percentages:  -0,14 1,2
Time clustering:  358

  Sarting refinnement with BKL2
Initial dist
Size in decade percentages:  -0,14 1,2
Refined dist
Size in decade percentages:  -1,7 0,3 1,6
Time refinement:  773


Time:  3858
Total edge cut : 1685

Part saved in : 0x7fffa799eb60
STATTYPE,LOOP,CATEGORY,n,sum,T0,T1,T2,T3,T4,T5,T6,T7,T8,T9,T10,T11,T12,T13,T14,T15,T16,T17,T18,T19,T20,T21,T22,T23,T24,T25,T26,T27,T28,T29,T30,T31,T32,T33,T34,T35,T36,T37,T38,T39,T40,T41,T42,T43,T44,T45,T46,T47,T48,T49,T50,T51,T52,T53,T54,T55,T56,T57
STAT,(NULL),Coarsen,58,2551,2551,0,0,0,0,0,0,0,0,0,0,0,0,0,0,0,0,0,0,0,0,0,0,0,0,0,0,0,0,0,0,0,0,0,0,0,0,0,0,0,0,0,0,0,0,0,0,0,0,0,0,0,0,0,0,0,0,0
STAT,(NULL),Conflicts,58,0,0,0,0,0,0,0,0,0,0,0,0,0,0,0,0,0,0,0,0,0,0,0,0,0,0,0,0,0,0,0,0,0,0,0,0,0,0,0,0,0,0,0,0,0,0,0,0,0,0,0,0,0,0,0,0,0,0,0
STAT,(NULL),Iterations,58,31,5,0,0,1,0,2,0,0,0,0,2,0,0,0,0,0,0,0,1,0,0,0,0,0,4,0,0,0,0,0,0,0,0,1,0,0,0,0,1,0,0,1,1,0,3,2,3,0,0,4,0,0,0,0,0,0,0,0
STAT,(NULL),MeminfoPost,58,756312,13050,13049,13041,13132,13034,13047,13067,13019,13052,13025,13055,13051,13046,13132,13009,13068,13062,13019,13041,13041,13074,13048,13045,13011,13013,13055,13021,13006,13060,13030,13033,12998,13066,13033,13024,12998,13018,13023,13114,13032,12991,13063,13029,13004,13012,13045,13099,13008,13070,13104,13036,13018,12988,13025,12983,13021,13036,13038
STAT,(NULL),MeminfoPre,58,189072,3270,3269,3261,3352,3254,3267,3287,3239,3272,3245,3275,3271,3266,3352,3229,3288,3282,3239,3261,3261,3294,3268,3265,3231,3233,3275,3241,3226,3280,3250,3253,3218,3286,3253,3244,3218,3238,3243,3334,3252,3211,3283,3249,3224,3232,3265,3319,3228,3290,3324,3256,3238,3208,3245,3203,3241,3256,3258
STAT,(NULL),Partition,58,358,358,0,0,0,0,0,0,0,0,0,0,0,0,0,0,0,0,0,0,0,0,0,0,0,0,0,0,0,0,0,0,0,0,0,0,0,0,0,0,0,0,0,0,0,0,0,0,0,0,0,0,0,0,0,0,0,0,0
STAT,(NULL),Refine,58,773,773,0,0,0,0,0,0,0,0,0,0,0,0,0,0,0,0,0,0,0,0,0,0,0,0,0,0,0,0,0,0,0,0,0,0,0,0,0,0,0,0,0,0,0,0,0,0,0,0,0,0,0,0,0,0,0,0,0
STAT,(NULL),Threads,58,58,58,0,0,0,0,0,0,0,0,0,0,0,0,0,0,0,0,0,0,0,0,0,0,0,0,0,0,0,0,0,0,0,0,0,0,0,0,0,0,0,0,0,0,0,0,0,0,0,0,0,0,0,0,0,0,0,0,0
STAT,(NULL),Time,58,3858,3858,0,0,0,0,0,0,0,0,0,0,0,0,0,0,0,0,0,0,0,0,0,0,0,0,0,0,0,0,0,0,0,0,0,0,0,0,0,0,0,0,0,0,0,0,0,0,0,0,0,0,0,0,0,0,0,0,0
STAT,match,Conflicts,58,5246,207,125,131,140,190,110,127,116,118,88,78,102,94,100,113,82,87,78,87,88,84,73,89,82,90,76,79,85,82,69,64,93,58,73,71,52,71,80,64,70,74,82,64,63,76,84,76,88,57,110,110,60,102,87,113,88,77,69
STAT,match,Iterations,58,14973792,216806,244500,248452,233455,250577,252564,252248,245220,242383,252875,252432,243729,249744,224152,261437,260005,263233,261825,270429,244240,242968,253336,251242,255678,251853,251159,254257,264514,245040,261913,275411,286266,258035,258583,261489,283971,278398,259619,248277,267845,277214,249991,266415,277414,266890,257739,247258,263974,275630,247404,269367,280424,277825,269580,283178,261694,254384,267251
STAT,popedge,Conflicts,58,0,0,0,0,0,0,0,0,0,0,0,0,0,0,0,0,0,0,0,0,0,0,0,0,0,0,0,0,0,0,0,0,0,0,0,0,0,0,0,0,0,0,0,0,0,0,0,0,0,0,0,0,0,0,0,0,0,0,0
STAT,popedge,Iterations,58,7337674,117563,125550,126835,120223,126738,123134,119833,126595,128061,127730,122920,126967,128002,120276,127192,120640,120728,128463,126658,117101,116650,113538,115874,121045,126797,122379,124334,124153,125569,129225,126599,133458,125718,127078,132287,128017,130149,129776,123392,123217,127398,125106,123245,125379,124739,124542,120588,118970,127243,135918,138039,136459,139208,133846,142127,140304,138902,135197
STAT,refine,Conflicts,58,3395,154,137,122,124,97,105,87,89,89,64,84,79,76,83,61,69,54,78,52,59,62,49,64,61,51,51,61,53,55,44,50,34,45,51,32,36,42,50,46,36,32,56,46,24,45,44,33,28,50,38,27,30,31,41,34,36,26,38
STAT,refine,Iterations,58,34661,583,631,746,715,683,649,455,478,405,491,522,543,666,811,748,627,395,610,373,511,612,571,475,609,515,712,848,694,609,587,658,401,714,1085,662,762,748,575,622,588,345,644,886,511,649,636,433,484,793,736,409,497,523,787,319,331,337,652
