Hello from MIC
Galois Benchmark Suite v2.2.0 (r0)
Copyright (C) 2013 The University of Texas at Austin
http://iss.ices.utexas.edu/galois/

application: GMetis
Partitions a graph into K parts and minimizing the graph cut
http://iss.ices.utexas.edu/?p=projects/galois/benchmarks/gMetis

INFO: CommandLine /work/02556/dpereira/MIC/apps/gmetis/gmetis -t=229 /work/02556/dpereira/Inputs/USA-road-d.W.gr 1024
INFO: Hostname c557-803-mic0.stampede.tacc.utexas.edu
Created Graph with 6262104 nodes and 15248146 edges
Nodes 6262104| Edges 15248146 7624073

  Starting coarsening: 
Time coarsen:  3049 Size of final graph: 22344

  Sarting initial partitioning using GGGP:
Size in decade percentages:  -1,73 -0,871 1,80
Time clustering:  1183

  Sarting refinnement with BKL2
Initial dist
Size in decade percentages:  -1,73 -0,871 1,80
Refined dist
Size in decade percentages:  -1,372 0,274 1,377 3,1
Time refinement:  2189


Time:  6600
Total edge cut : 32226

Part saved in : 0x7fffb108f5e0
STATTYPE,LOOP,CATEGORY,n,sum,T0,T1,T2,T3,T4,T5,T6,T7,T8,T9,T10,T11,T12,T13,T14,T15,T16,T17,T18,T19,T20,T21,T22,T23,T24,T25,T26,T27,T28,T29,T30,T31,T32,T33,T34,T35,T36,T37,T38,T39,T40,T41,T42,T43,T44,T45,T46,T47,T48,T49,T50,T51,T52,T53,T54,T55,T56,T57,T58,T59,T60,T61,T62,T63,T64,T65,T66,T67,T68,T69,T70,T71,T72,T73,T74,T75,T76,T77,T78,T79,T80,T81,T82,T83,T84,T85,T86,T87,T88,T89,T90,T91,T92,T93,T94,T95,T96,T97,T98,T99,T100,T101,T102,T103,T104,T105,T106,T107,T108,T109,T110,T111,T112,T113,T114,T115,T116,T117,T118,T119,T120,T121,T122,T123,T124,T125,T126,T127,T128,T129,T130,T131,T132,T133,T134,T135,T136,T137,T138,T139,T140,T141,T142,T143,T144,T145,T146,T147,T148,T149,T150,T151,T152,T153,T154,T155,T156,T157,T158,T159,T160,T161,T162,T163,T164,T165,T166,T167,T168,T169,T170,T171,T172,T173,T174,T175,T176,T177,T178,T179,T180,T181,T182,T183,T184,T185,T186,T187,T188,T189,T190,T191,T192,T193,T194,T195,T196,T197,T198,T199,T200,T201,T202,T203,T204,T205,T206,T207,T208,T209,T210,T211,T212,T213,T214,T215,T216,T217,T218,T219,T220,T221,T222,T223,T224,T225,T226,T227,T228
STAT,(NULL),Coarsen,229,3049,3049,0,0,0,0,0,0,0,0,0,0,0,0,0,0,0,0,0,0,0,0,0,0,0,0,0,0,0,0,0,0,0,0,0,0,0,0,0,0,0,0,0,0,0,0,0,0,0,0,0,0,0,0,0,0,0,0,0,0,0,0,0,0,0,0,0,0,0,0,0,0,0,0,0,0,0,0,0,0,0,0,0,0,0,0,0,0,0,0,0,0,0,0,0,0,0,0,0,0,0,0,0,0,0,0,0,0,0,0,0,0,0,0,0,0,0,0,0,0,0,0,0,0,0,0,0,0,0,0,0,0,0,0,0,0,0,0,0,0,0,0,0,0,0,0,0,0,0,0,0,0,0,0,0,0,0,0,0,0,0,0,0,0,0,0,0,0,0,0,0,0,0,0,0,0,0,0,0,0,0,0,0,0,0,0,0,0,0,0,0,0,0,0,0,0,0,0,0,0,0,0,0,0,0,0,0,0,0,0,0,0,0,0,0,0,0,0,0,0,0,0,0,0,0,0,0,0,0,0
STAT,(NULL),Conflicts,229,0,0,0,0,0,0,0,0,0,0,0,0,0,0,0,0,0,0,0,0,0,0,0,0,0,0,0,0,0,0,0,0,0,0,0,0,0,0,0,0,0,0,0,0,0,0,0,0,0,0,0,0,0,0,0,0,0,0,0,0,0,0,0,0,0,0,0,0,0,0,0,0,0,0,0,0,0,0,0,0,0,0,0,0,0,0,0,0,0,0,0,0,0,0,0,0,0,0,0,0,0,0,0,0,0,0,0,0,0,0,0,0,0,0,0,0,0,0,0,0,0,0,0,0,0,0,0,0,0,0,0,0,0,0,0,0,0,0,0,0,0,0,0,0,0,0,0,0,0,0,0,0,0,0,0,0,0,0,0,0,0,0,0,0,0,0,0,0,0,0,0,0,0,0,0,0,0,0,0,0,0,0,0,0,0,0,0,0,0,0,0,0,0,0,0,0,0,0,0,0,0,0,0,0,0,0,0,0,0,0,0,0,0,0,0,0,0,0,0,0,0,0,0,0,0,0,0,0,0,0
STAT,(NULL),Iterations,229,2047,11,15,14,7,6,9,9,6,12,7,8,7,3,9,6,10,8,7,7,8,12,3,5,11,12,9,10,5,8,10,4,3,7,4,7,9,5,7,4,0,18,11,10,1,9,20,7,23,6,9,11,9,16,8,9,13,13,21,15,8,9,15,21,7,5,4,10,9,9,7,7,6,14,7,3,11,20,16,9,7,17,2,15,8,11,12,3,5,7,7,8,9,7,9,4,3,6,6,4,11,5,7,5,11,4,6,4,18,7,16,32,7,17,18,11,12,7,12,25,12,16,12,5,9,11,9,7,8,4,5,10,6,8,6,11,18,4,11,1,2,10,3,10,11,5,9,5,8,5,6,10,12,10,3,6,3,7,12,7,2,8,1,10,6,6,4,5,10,21,15,7,15,15,11,23,3,5,9,14,18,9,11,20,13,6,14,12,9,10,6,7,8,12,11,16,8,7,9,12,7,2,8,11,3,16,6,12,3,6,4,7,15,7,7,7,3,8,6,9,7,7,7,4,4,9,6,4,7,5
STAT,(NULL),MeminfoPost,229,757471,3314,3304,3310,3313,3317,3312,3311,3301,3315,3298,3319,3299,3324,3318,3363,3326,3315,3293,3304,3306,3297,3317,3309,3320,3318,3313,3312,3314,3307,3295,3301,3306,3317,3318,3311,3299,3298,3301,3311,3306,3300,3327,3310,3318,3308,3306,3318,3295,3300,3311,3321,3316,3344,3351,3320,3291,3308,3301,3298,3313,3315,3309,3324,3310,3317,3309,3312,3291,3308,3298,3311,3315,3319,3299,3300,3300,3306,3307,3319,3305,3304,3318,3339,3306,3303,3310,3319,3311,3304,3309,3309,3300,3306,3299,3298,3317,3295,3290,3305,3310,3317,3317,3302,3298,3308,3301,3302,3293,3295,3294,3311,3295,3314,3333,3329,3310,3292,3302,3300,3305,3325,3298,3292,3289,3293,3307,3311,3311,3317,3317,3316,3305,3310,3300,3298,3314,3296,3303,3303,3303,3288,3294,3292,3309,3287,3322,3298,3294,3301,3320,3337,3326,3324,3320,3297,3301,3300,3324,3295,3291,3290,3306,3310,3312,3316,3316,3306,3309,3294,3309,3300,3302,3303,3295,3290,3303,3291,3315,3295,3297,3321,3332,3324,3336,3321,3303,3299,3305,3292,3297,3308,3314,3330,3330,3319,3318,3331,3314,3300,3299,3311,3303,3304,3309,3300,3299,3289,3291,3305,3297,3297,3327,3292,3291,3286,3320,3277,3291,3326,3291,3301,3304,3305,3310,3307,3308,3309,3305,3304
STAT,(NULL),MeminfoPre,229,189322,833,823,829,832,836,831,830,820,834,817,838,818,843,837,882,845,834,812,823,825,816,836,828,839,837,832,831,833,826,814,820,825,836,837,830,818,817,820,830,825,819,846,829,837,827,825,837,814,819,830,840,835,863,870,839,810,827,820,817,832,834,828,843,829,836,828,831,810,827,817,830,834,838,818,819,819,825,826,838,824,823,837,858,825,822,829,838,830,823,828,828,819,825,818,817,836,814,809,824,829,836,836,821,817,827,820,821,812,814,813,830,814,833,852,848,829,811,821,819,824,844,817,811,808,812,826,830,830,836,836,835,824,829,819,817,833,815,822,822,822,807,813,811,828,806,841,817,813,820,839,856,845,843,839,816,820,819,843,814,810,809,825,829,831,835,835,825,828,813,828,819,821,822,814,809,822,810,834,814,816,840,851,843,855,840,822,818,824,811,816,827,833,849,849,838,837,850,833,819,818,830,822,823,828,819,818,808,810,824,816,816,846,811,810,805,839,796,810,845,810,820,823,824,829,826,827,828,824,823
STAT,(NULL),Partition,229,1183,1183,0,0,0,0,0,0,0,0,0,0,0,0,0,0,0,0,0,0,0,0,0,0,0,0,0,0,0,0,0,0,0,0,0,0,0,0,0,0,0,0,0,0,0,0,0,0,0,0,0,0,0,0,0,0,0,0,0,0,0,0,0,0,0,0,0,0,0,0,0,0,0,0,0,0,0,0,0,0,0,0,0,0,0,0,0,0,0,0,0,0,0,0,0,0,0,0,0,0,0,0,0,0,0,0,0,0,0,0,0,0,0,0,0,0,0,0,0,0,0,0,0,0,0,0,0,0,0,0,0,0,0,0,0,0,0,0,0,0,0,0,0,0,0,0,0,0,0,0,0,0,0,0,0,0,0,0,0,0,0,0,0,0,0,0,0,0,0,0,0,0,0,0,0,0,0,0,0,0,0,0,0,0,0,0,0,0,0,0,0,0,0,0,0,0,0,0,0,0,0,0,0,0,0,0,0,0,0,0,0,0,0,0,0,0,0,0,0,0,0,0,0,0,0,0,0,0,0,0
STAT,(NULL),Refine,229,2189,2189,0,0,0,0,0,0,0,0,0,0,0,0,0,0,0,0,0,0,0,0,0,0,0,0,0,0,0,0,0,0,0,0,0,0,0,0,0,0,0,0,0,0,0,0,0,0,0,0,0,0,0,0,0,0,0,0,0,0,0,0,0,0,0,0,0,0,0,0,0,0,0,0,0,0,0,0,0,0,0,0,0,0,0,0,0,0,0,0,0,0,0,0,0,0,0,0,0,0,0,0,0,0,0,0,0,0,0,0,0,0,0,0,0,0,0,0,0,0,0,0,0,0,0,0,0,0,0,0,0,0,0,0,0,0,0,0,0,0,0,0,0,0,0,0,0,0,0,0,0,0,0,0,0,0,0,0,0,0,0,0,0,0,0,0,0,0,0,0,0,0,0,0,0,0,0,0,0,0,0,0,0,0,0,0,0,0,0,0,0,0,0,0,0,0,0,0,0,0,0,0,0,0,0,0,0,0,0,0,0,0,0,0,0,0,0,0,0,0,0,0,0,0,0,0,0,0,0,0
STAT,(NULL),Threads,229,229,229,0,0,0,0,0,0,0,0,0,0,0,0,0,0,0,0,0,0,0,0,0,0,0,0,0,0,0,0,0,0,0,0,0,0,0,0,0,0,0,0,0,0,0,0,0,0,0,0,0,0,0,0,0,0,0,0,0,0,0,0,0,0,0,0,0,0,0,0,0,0,0,0,0,0,0,0,0,0,0,0,0,0,0,0,0,0,0,0,0,0,0,0,0,0,0,0,0,0,0,0,0,0,0,0,0,0,0,0,0,0,0,0,0,0,0,0,0,0,0,0,0,0,0,0,0,0,0,0,0,0,0,0,0,0,0,0,0,0,0,0,0,0,0,0,0,0,0,0,0,0,0,0,0,0,0,0,0,0,0,0,0,0,0,0,0,0,0,0,0,0,0,0,0,0,0,0,0,0,0,0,0,0,0,0,0,0,0,0,0,0,0,0,0,0,0,0,0,0,0,0,0,0,0,0,0,0,0,0,0,0,0,0,0,0,0,0,0,0,0,0,0,0,0,0,0,0,0,0
STAT,(NULL),Time,229,6600,6600,0,0,0,0,0,0,0,0,0,0,0,0,0,0,0,0,0,0,0,0,0,0,0,0,0,0,0,0,0,0,0,0,0,0,0,0,0,0,0,0,0,0,0,0,0,0,0,0,0,0,0,0,0,0,0,0,0,0,0,0,0,0,0,0,0,0,0,0,0,0,0,0,0,0,0,0,0,0,0,0,0,0,0,0,0,0,0,0,0,0,0,0,0,0,0,0,0,0,0,0,0,0,0,0,0,0,0,0,0,0,0,0,0,0,0,0,0,0,0,0,0,0,0,0,0,0,0,0,0,0,0,0,0,0,0,0,0,0,0,0,0,0,0,0,0,0,0,0,0,0,0,0,0,0,0,0,0,0,0,0,0,0,0,0,0,0,0,0,0,0,0,0,0,0,0,0,0,0,0,0,0,0,0,0,0,0,0,0,0,0,0,0,0,0,0,0,0,0,0,0,0,0,0,0,0,0,0,0,0,0,0,0,0,0,0,0,0,0,0,0,0,0,0,0,0,0,0,0
STAT,match,Conflicts,229,5723,43,45,33,35,34,38,34,37,30,28,41,30,32,38,35,32,31,43,29,43,39,31,38,31,39,34,35,34,31,36,29,27,31,21,24,30,30,30,32,31,28,26,39,31,25,29,27,24,26,24,28,24,28,29,31,34,42,20,32,29,26,22,16,25,18,21,21,20,22,22,21,22,23,28,27,19,27,23,21,25,24,22,19,29,17,24,25,25,22,18,26,24,28,17,26,25,16,22,26,22,24,21,18,24,29,16,22,23,21,25,18,25,21,21,23,30,24,23,19,25,24,23,21,22,23,24,20,25,22,21,25,20,32,23,22,24,27,29,24,31,19,24,23,17,26,20,15,23,28,19,20,20,15,22,19,16,27,19,25,22,26,18,22,22,30,24,18,25,17,16,23,23,31,18,24,28,27,27,27,19,27,33,22,21,21,24,19,19,18,22,12,23,17,24,22,21,27,22,19,21,22,21,23,21,18,23,18,20,23,21,17,21,24,24,21,20,25,24,23,32,25,18,23,21,31,18,22,22,24
STAT,match,Iterations,229,15016076,24057,39798,66357,58904,49939,46940,53376,49802,43714,54777,45908,49249,53938,40062,60400,47478,58363,54175,50202,64542,45453,43520,51948,47954,50278,53894,63296,56326,52538,58154,64283,60253,46772,57082,73922,44223,41732,68890,58140,52846,62513,64722,48280,62302,69142,56911,69789,47185,62180,87751,57004,52409,51146,59123,49219,55413,47233,70075,64914,65005,60207,55842,78845,68472,67101,63609,75250,78499,56217,77143,59062,85512,46583,58759,57402,58257,64115,62219,93747,79360,66559,53082,70412,74044,59408,81685,63761,60772,52168,61972,70523,42951,72638,73543,79690,63529,87903,58066,56799,65065,65070,58537,61280,80670,82195,76441,65171,60257,65435,76525,71485,96652,62216,81649,73855,70566,69749,81337,68177,74943,74697,72192,68973,66011,69894,58382,86675,57020,74768,63519,64734,64917,61088,58395,59763,71372,67862,55895,77540,59014,71353,68815,74350,67728,55844,61123,78158,68089,70341,57668,76478,78780,78513,59146,51573,80441,50351,61693,77986,60100,61505,67457,66152,48516,59081,64615,91840,63121,76291,61372,46502,90376,86135,78020,72961,57497,94288,78710,75003,69123,76090,72396,75819,66172,60453,74595,59357,52553,68294,59406,70275,78705,89382,68746,58493,88521,77332,62203,74860,60992,88511,59699,89385,84290,84675,100275,78997,83886,57218,59219,81933,69222,69811,57636,88010,70728,64224,71643,65826,64219,73730,83965,68034,85576,53700,74542,62954,64276,66660
STAT,popedge,Conflicts,229,0,0,0,0,0,0,0,0,0,0,0,0,0,0,0,0,0,0,0,0,0,0,0,0,0,0,0,0,0,0,0,0,0,0,0,0,0,0,0,0,0,0,0,0,0,0,0,0,0,0,0,0,0,0,0,0,0,0,0,0,0,0,0,0,0,0,0,0,0,0,0,0,0,0,0,0,0,0,0,0,0,0,0,0,0,0,0,0,0,0,0,0,0,0,0,0,0,0,0,0,0,0,0,0,0,0,0,0,0,0,0,0,0,0,0,0,0,0,0,0,0,0,0,0,0,0,0,0,0,0,0,0,0,0,0,0,0,0,0,0,0,0,0,0,0,0,0,0,0,0,0,0,0,0,0,0,0,0,0,0,0,0,0,0,0,0,0,0,0,0,0,0,0,0,0,0,0,0,0,0,0,0,0,0,0,0,0,0,0,0,0,0,0,0,0,0,0,0,0,0,0,0,0,0,0,0,0,0,0,0,0,0,0,0,0,0,0,0,0,0,0,0,0,0,0,0,0,0,0,0
STAT,popedge,Iterations,229,7357220,29328,30455,31232,29254,30716,30550,31091,31496,30730,30444,33793,31318,31717,31153,30440,29604,31411,31643,30111,30604,30514,29814,32145,30914,31263,29856,30623,30082,31346,32393,31235,31514,29960,32396,31767,31370,31564,31460,32078,31646,28876,29204,30232,29375,30765,28872,34373,33805,35545,34533,36958,34607,34599,33798,35216,36952,37453,34710,35239,35101,34669,30000,31934,30783,29807,30318,30641,28962,29423,32488,30716,34574,31864,31605,31868,30529,30302,30278,32387,29643,31420,30945,29976,31204,30124,30027,28824,30805,31824,30105,30064,30980,32472,30550,31438,30507,33542,32786,30550,31300,29738,31191,29859,32463,31818,30074,30331,35124,35215,36043,36161,38286,34728,36440,35733,34620,34951,38870,35400,34172,35272,34377,30094,31519,31684,29802,31653,29625,32071,31175,32669,31068,33538,33719,30784,32724,29879,34327,30430,31402,33275,31689,30173,30547,32159,31275,31301,32081,30217,30667,30771,30845,31826,31998,32659,31701,32732,32851,30920,31477,32485,32147,31173,31968,32680,29346,32277,30483,36084,37037,36488,35432,35511,37216,34971,33648,35020,36729,36366,34970,35407,34139,38050,30898,30299,33580,30614,31710,31939,30480,30358,30452,31891,31482,32323,30779,32084,31913,33795,33380,33225,29745,30864,33279,30515,34673,30886,33209,32356,32667,31605,29268,31010,31825,31592,31526,32440,32836,31651,32599,31535,33205,31852,33012,31512,32171,31614,32395,30879
STAT,refine,Conflicts,229,6466,87,81,76,78,78,74,79,73,68,58,76,59,66,62,70,54,52,53,48,57,56,59,60,47,49,62,61,51,62,51,43,51,37,38,32,35,45,36,44,32,42,47,38,40,43,42,38,34,29,37,47,43,42,43,32,39,36,26,31,43,27,18,17,23,16,22,16,21,22,24,17,27,21,18,20,22,17,16,28,28,26,15,24,20,20,24,26,24,17,15,21,14,23,17,22,20,20,15,23,16,13,17,28,16,25,22,27,15,18,11,19,28,23,22,30,21,24,24,15,23,20,14,16,14,22,20,31,22,25,24,31,17,18,12,20,22,16,19,19,19,17,15,17,19,19,19,19,14,22,15,25,23,14,23,14,22,17,15,21,19,14,18,15,24,24,14,27,12,14,21,14,24,19,15,16,21,28,32,16,20,14,31,21,27,14,31,15,19,20,28,18,22,18,24,19,17,18,11,16,22,18,16,21,23,20,20,21,18,21,22,17,20,18,9,27,21,20,27,20,23,22,16,15,28,20,12,24,26,23
STAT,refine,Iterations,229,436218,1019,1493,2278,1968,1854,1504,1837,1537,1725,1320,2019,1438,1931,1935,2564,1992,2200,2020,1420,1838,1673,1442,1699,1658,1980,1845,2069,1651,1643,1638,1625,2074,1517,1727,1565,1394,1536,1737,1810,1424,1529,2017,1712,1458,1965,1535,1880,1084,1471,2144,2088,1833,2413,2540,1675,1568,2109,1953,2033,2031,1409,1716,1993,2040,1840,1841,2189,2107,1864,2543,1428,2336,1655,2144,2293,2200,1660,1966,2271,2177,2034,1558,2113,2236,1519,1837,1587,1537,1614,1589,1678,1115,2035,1284,2356,2054,1723,1505,1309,2089,1700,1645,1731,1852,2637,1657,1997,1641,1264,1186,2310,2711,2339,2802,3079,2559,2083,2433,1434,2282,2134,1567,1418,1596,1611,1745,2597,1809,2531,2347,2570,1470,2425,1962,2047,2664,1457,2102,1743,2288,1559,1622,1782,1644,1646,1760,2295,1769,1693,1597,2155,2105,1773,1906,1145,1991,1548,1720,1592,1367,1417,1471,2252,1987,2578,1682,2073,1511,1734,1674,1375,2276,2555,2308,1904,2262,2689,2653,2117,1877,2331,2883,2241,2015,1883,2375,1659,1606,1793,2107,2145,2428,2428,2380,1905,2514,2433,1965,1640,2050,2224,1577,2042,2184,2056,2095,1436,2295,1454,1588,1639,1698,1988,1389,2104,2019,2016,2001,2258,1816,2110,2161,1653,2431,1880,2064,2105,1755,1829
