Hello from MIC
Galois Benchmark Suite v2.2.0 (r0)
Copyright (C) 2013 The University of Texas at Austin
http://iss.ices.utexas.edu/galois/

application: GMetis
Partitions a graph into K parts and minimizing the graph cut
http://iss.ices.utexas.edu/?p=projects/galois/benchmarks/gMetis

INFO: CommandLine /work/02556/dpereira/MIC/apps/gmetis/gmetis -t=208 /work/02556/dpereira/Inputs/USA-road-d.W.gr 1024
INFO: Hostname c557-803-mic0.stampede.tacc.utexas.edu
Created Graph with 6262104 nodes and 15248146 edges
Nodes 6262104| Edges 15248146 7624073

  Starting coarsening: 
Time coarsen:  2895 Size of final graph: 22181

  Sarting initial partitioning using GGGP:
Size in decade percentages:  -1,60 -0,893 1,71
Time clustering:  1195

  Sarting refinnement with BKL2
Initial dist
Size in decade percentages:  -1,60 -0,893 1,71
Refined dist
Size in decade percentages:  -1,361 -0,295 1,367 2,1
Time refinement:  1957


Time:  6227
Total edge cut : 32319

Part saved in : 0x7fff2faca7e0
STATTYPE,LOOP,CATEGORY,n,sum,T0,T1,T2,T3,T4,T5,T6,T7,T8,T9,T10,T11,T12,T13,T14,T15,T16,T17,T18,T19,T20,T21,T22,T23,T24,T25,T26,T27,T28,T29,T30,T31,T32,T33,T34,T35,T36,T37,T38,T39,T40,T41,T42,T43,T44,T45,T46,T47,T48,T49,T50,T51,T52,T53,T54,T55,T56,T57,T58,T59,T60,T61,T62,T63,T64,T65,T66,T67,T68,T69,T70,T71,T72,T73,T74,T75,T76,T77,T78,T79,T80,T81,T82,T83,T84,T85,T86,T87,T88,T89,T90,T91,T92,T93,T94,T95,T96,T97,T98,T99,T100,T101,T102,T103,T104,T105,T106,T107,T108,T109,T110,T111,T112,T113,T114,T115,T116,T117,T118,T119,T120,T121,T122,T123,T124,T125,T126,T127,T128,T129,T130,T131,T132,T133,T134,T135,T136,T137,T138,T139,T140,T141,T142,T143,T144,T145,T146,T147,T148,T149,T150,T151,T152,T153,T154,T155,T156,T157,T158,T159,T160,T161,T162,T163,T164,T165,T166,T167,T168,T169,T170,T171,T172,T173,T174,T175,T176,T177,T178,T179,T180,T181,T182,T183,T184,T185,T186,T187,T188,T189,T190,T191,T192,T193,T194,T195,T196,T197,T198,T199,T200,T201,T202,T203,T204,T205,T206,T207
STAT,(NULL),Coarsen,208,2895,2895,0,0,0,0,0,0,0,0,0,0,0,0,0,0,0,0,0,0,0,0,0,0,0,0,0,0,0,0,0,0,0,0,0,0,0,0,0,0,0,0,0,0,0,0,0,0,0,0,0,0,0,0,0,0,0,0,0,0,0,0,0,0,0,0,0,0,0,0,0,0,0,0,0,0,0,0,0,0,0,0,0,0,0,0,0,0,0,0,0,0,0,0,0,0,0,0,0,0,0,0,0,0,0,0,0,0,0,0,0,0,0,0,0,0,0,0,0,0,0,0,0,0,0,0,0,0,0,0,0,0,0,0,0,0,0,0,0,0,0,0,0,0,0,0,0,0,0,0,0,0,0,0,0,0,0,0,0,0,0,0,0,0,0,0,0,0,0,0,0,0,0,0,0,0,0,0,0,0,0,0,0,0,0,0,0,0,0,0,0,0,0,0,0,0,0,0,0,0,0,0,0,0,0,0,0,0,0
STAT,(NULL),Conflicts,208,0,0,0,0,0,0,0,0,0,0,0,0,0,0,0,0,0,0,0,0,0,0,0,0,0,0,0,0,0,0,0,0,0,0,0,0,0,0,0,0,0,0,0,0,0,0,0,0,0,0,0,0,0,0,0,0,0,0,0,0,0,0,0,0,0,0,0,0,0,0,0,0,0,0,0,0,0,0,0,0,0,0,0,0,0,0,0,0,0,0,0,0,0,0,0,0,0,0,0,0,0,0,0,0,0,0,0,0,0,0,0,0,0,0,0,0,0,0,0,0,0,0,0,0,0,0,0,0,0,0,0,0,0,0,0,0,0,0,0,0,0,0,0,0,0,0,0,0,0,0,0,0,0,0,0,0,0,0,0,0,0,0,0,0,0,0,0,0,0,0,0,0,0,0,0,0,0,0,0,0,0,0,0,0,0,0,0,0,0,0,0,0,0,0,0,0,0,0,0,0,0,0,0,0,0,0,0,0,0
STAT,(NULL),Iterations,208,2047,11,7,5,14,7,8,6,6,6,6,9,5,12,8,8,8,6,3,5,6,12,7,8,9,11,11,15,15,14,13,12,7,11,13,13,7,8,15,5,19,7,13,7,3,0,10,7,17,5,5,8,19,19,4,28,7,8,9,6,11,18,13,9,10,1,13,16,7,10,9,10,9,5,8,6,7,9,10,5,18,1,11,6,1,9,1,19,16,14,23,9,16,7,9,14,15,10,15,12,12,17,3,13,8,5,10,13,4,8,10,5,6,23,10,7,8,5,14,12,8,16,12,12,8,19,0,15,11,11,7,6,11,8,4,11,8,10,9,8,5,8,2,5,8,9,10,9,14,13,5,9,11,12,6,19,18,14,6,12,21,9,17,7,12,13,10,16,19,2,11,8,10,3,24,12,5,16,18,5,9,12,10,15,13,3,7,7,11,7,10,5,14,11,5,7,7,11,13,16,6,3,11,14,2,9,6,6,12
STAT,(NULL),MeminfoPost,208,757065,3646,3629,3648,3658,3642,3644,3637,3644,3629,3649,3632,3659,3663,3690,3653,3627,3638,3636,3625,3649,3642,3648,3665,3632,3648,3645,3625,3636,3633,3648,3656,3631,3633,3627,3637,3642,3629,3658,3651,3649,3639,3631,3649,3627,3649,3639,3657,3664,3692,3652,3626,3637,3636,3630,3641,3650,3650,3657,3643,3643,3640,3628,3632,3636,3650,3653,3630,3636,3628,3638,3645,3646,3637,3637,3661,3660,3634,3639,3652,3644,3631,3643,3640,3632,3632,3631,3650,3626,3619,3637,3645,3647,3643,3636,3639,3629,3635,3626,3625,3625,3642,3626,3661,3662,3651,3633,3629,3632,3638,3655,3627,3624,3617,3630,3643,3644,3648,3649,3651,3637,3639,3628,3633,3643,3629,3634,3634,3621,3627,3625,3632,3626,3650,3627,3622,3656,3660,3667,3658,3653,3626,3630,3643,3642,3623,3618,3636,3640,3644,3652,3649,3633,3631,3640,3632,3632,3635,3627,3621,3635,3621,3645,3623,3646,3663,3659,3666,3657,3636,3628,3635,3621,3635,3639,3656,3670,3654,3652,3664,3647,3625,3636,3652,3624,3641,3635,3629,3623,3620,3635,3634,3651,3628,3621,3621,3636,3617,3621,3658,3624,3630,3636,3645,3640,3639,3642,3634,3637
STAT,(NULL),MeminfoPre,208,189225,916,899,918,928,912,914,907,914,899,919,902,929,933,960,923,897,908,906,895,919,912,918,935,902,918,915,895,906,903,918,926,901,903,897,907,912,899,928,921,919,909,901,919,897,919,909,927,934,962,922,896,907,906,900,911,920,920,927,913,913,910,898,902,906,920,923,900,906,898,908,915,916,907,907,931,930,904,909,922,914,901,913,910,902,902,901,920,896,889,907,915,917,913,906,909,899,905,896,895,895,912,896,931,932,921,903,899,902,908,925,897,894,887,900,913,914,918,919,921,907,909,898,903,913,899,904,904,891,897,895,902,896,920,897,892,926,930,937,928,923,896,900,913,912,893,888,906,910,914,922,919,903,901,910,902,902,905,897,891,905,891,915,893,916,933,929,936,927,906,898,905,891,905,909,926,940,924,922,934,917,895,906,922,894,911,905,899,893,890,905,904,921,898,891,891,906,887,891,928,894,900,906,915,910,909,912,904,907
STAT,(NULL),Partition,208,1195,1195,0,0,0,0,0,0,0,0,0,0,0,0,0,0,0,0,0,0,0,0,0,0,0,0,0,0,0,0,0,0,0,0,0,0,0,0,0,0,0,0,0,0,0,0,0,0,0,0,0,0,0,0,0,0,0,0,0,0,0,0,0,0,0,0,0,0,0,0,0,0,0,0,0,0,0,0,0,0,0,0,0,0,0,0,0,0,0,0,0,0,0,0,0,0,0,0,0,0,0,0,0,0,0,0,0,0,0,0,0,0,0,0,0,0,0,0,0,0,0,0,0,0,0,0,0,0,0,0,0,0,0,0,0,0,0,0,0,0,0,0,0,0,0,0,0,0,0,0,0,0,0,0,0,0,0,0,0,0,0,0,0,0,0,0,0,0,0,0,0,0,0,0,0,0,0,0,0,0,0,0,0,0,0,0,0,0,0,0,0,0,0,0,0,0,0,0,0,0,0,0,0,0,0,0,0,0,0
STAT,(NULL),Refine,208,1957,1957,0,0,0,0,0,0,0,0,0,0,0,0,0,0,0,0,0,0,0,0,0,0,0,0,0,0,0,0,0,0,0,0,0,0,0,0,0,0,0,0,0,0,0,0,0,0,0,0,0,0,0,0,0,0,0,0,0,0,0,0,0,0,0,0,0,0,0,0,0,0,0,0,0,0,0,0,0,0,0,0,0,0,0,0,0,0,0,0,0,0,0,0,0,0,0,0,0,0,0,0,0,0,0,0,0,0,0,0,0,0,0,0,0,0,0,0,0,0,0,0,0,0,0,0,0,0,0,0,0,0,0,0,0,0,0,0,0,0,0,0,0,0,0,0,0,0,0,0,0,0,0,0,0,0,0,0,0,0,0,0,0,0,0,0,0,0,0,0,0,0,0,0,0,0,0,0,0,0,0,0,0,0,0,0,0,0,0,0,0,0,0,0,0,0,0,0,0,0,0,0,0,0,0,0,0,0,0
STAT,(NULL),Threads,208,208,208,0,0,0,0,0,0,0,0,0,0,0,0,0,0,0,0,0,0,0,0,0,0,0,0,0,0,0,0,0,0,0,0,0,0,0,0,0,0,0,0,0,0,0,0,0,0,0,0,0,0,0,0,0,0,0,0,0,0,0,0,0,0,0,0,0,0,0,0,0,0,0,0,0,0,0,0,0,0,0,0,0,0,0,0,0,0,0,0,0,0,0,0,0,0,0,0,0,0,0,0,0,0,0,0,0,0,0,0,0,0,0,0,0,0,0,0,0,0,0,0,0,0,0,0,0,0,0,0,0,0,0,0,0,0,0,0,0,0,0,0,0,0,0,0,0,0,0,0,0,0,0,0,0,0,0,0,0,0,0,0,0,0,0,0,0,0,0,0,0,0,0,0,0,0,0,0,0,0,0,0,0,0,0,0,0,0,0,0,0,0,0,0,0,0,0,0,0,0,0,0,0,0,0,0,0,0,0
STAT,(NULL),Time,208,6227,6227,0,0,0,0,0,0,0,0,0,0,0,0,0,0,0,0,0,0,0,0,0,0,0,0,0,0,0,0,0,0,0,0,0,0,0,0,0,0,0,0,0,0,0,0,0,0,0,0,0,0,0,0,0,0,0,0,0,0,0,0,0,0,0,0,0,0,0,0,0,0,0,0,0,0,0,0,0,0,0,0,0,0,0,0,0,0,0,0,0,0,0,0,0,0,0,0,0,0,0,0,0,0,0,0,0,0,0,0,0,0,0,0,0,0,0,0,0,0,0,0,0,0,0,0,0,0,0,0,0,0,0,0,0,0,0,0,0,0,0,0,0,0,0,0,0,0,0,0,0,0,0,0,0,0,0,0,0,0,0,0,0,0,0,0,0,0,0,0,0,0,0,0,0,0,0,0,0,0,0,0,0,0,0,0,0,0,0,0,0,0,0,0,0,0,0,0,0,0,0,0,0,0,0,0,0,0,0
STAT,match,Conflicts,208,5989,42,51,44,45,39,42,39,46,34,38,39,39,43,38,37,39,36,45,43,40,37,37,34,36,40,34,45,35,29,43,32,28,27,38,28,38,35,36,31,36,31,34,42,31,29,29,30,39,34,36,31,30,36,34,31,33,33,33,36,37,33,28,30,26,22,26,36,22,29,33,25,26,21,21,23,20,25,25,22,22,24,21,33,22,26,21,22,23,22,29,30,31,24,26,27,24,19,23,33,21,28,23,25,32,27,22,31,27,21,20,24,25,27,29,27,23,26,26,26,28,34,20,30,22,24,30,26,25,22,26,24,25,27,28,29,29,21,29,23,22,22,21,26,27,22,27,25,30,25,26,25,29,25,25,25,23,24,31,29,29,25,21,27,22,27,26,21,26,25,26,25,24,26,25,26,22,26,28,36,22,26,32,21,26,21,23,31,32,30,29,27,26,23,24,20,25,29,27,29,20,26,25,28,25,28,22,24,32
STAT,match,Iterations,208,15007274,36800,52266,47371,52475,55654,57867,44778,54313,51898,46778,47683,51699,68208,61927,64532,47774,67438,58271,56439,59109,51515,52847,47491,48401,66005,79592,61654,67110,67347,75076,62300,75049,73478,79645,69443,67066,84356,73050,85168,54929,64607,61621,65105,61780,75972,72444,74367,69185,55116,55750,62056,73180,70318,65116,66459,67926,63436,59496,71110,82583,56943,51604,71264,68803,96732,67283,56116,68740,65606,74325,85246,79693,79544,80579,62861,73117,71541,63621,63461,72841,72843,88757,66471,68405,67627,85312,83076,102106,87265,57818,91376,64931,91742,72533,68957,73832,91239,76619,68218,92788,63671,97776,61448,78592,67867,63191,65974,85507,93755,90856,85862,76577,73251,81084,79220,83203,77191,79524,83533,99367,78535,83644,63189,86375,75402,68188,75339,81380,90508,85471,71346,86741,63364,74453,75826,72772,74364,71686,86420,77693,74284,59545,48685,92111,72097,69016,87009,64216,102094,70424,63508,80575,84714,94231,59849,102219,83571,74787,90492,72896,80514,76928,68135,66062,78963,83916,81486,63131,67438,71561,85428,66764,75019,76691,73683,75473,70355,64114,68563,66496,78617,82325,82222,70101,88445,50826,64746,70939,76426,64561,74618,62282,84987,69097,101662,80620,62303,71580,71233,107325,76450,85724,76296,63897,78590,86466,74497,68987
STAT,popedge,Conflicts,208,0,0,0,0,0,0,0,0,0,0,0,0,0,0,0,0,0,0,0,0,0,0,0,0,0,0,0,0,0,0,0,0,0,0,0,0,0,0,0,0,0,0,0,0,0,0,0,0,0,0,0,0,0,0,0,0,0,0,0,0,0,0,0,0,0,0,0,0,0,0,0,0,0,0,0,0,0,0,0,0,0,0,0,0,0,0,0,0,0,0,0,0,0,0,0,0,0,0,0,0,0,0,0,0,0,0,0,0,0,0,0,0,0,0,0,0,0,0,0,0,0,0,0,0,0,0,0,0,0,0,0,0,0,0,0,0,0,0,0,0,0,0,0,0,0,0,0,0,0,0,0,0,0,0,0,0,0,0,0,0,0,0,0,0,0,0,0,0,0,0,0,0,0,0,0,0,0,0,0,0,0,0,0,0,0,0,0,0,0,0,0,0,0,0,0,0,0,0,0,0,0,0,0,0,0,0,0,0,0
STAT,popedge,Iterations,208,7352875,31472,33676,30458,33723,32609,33871,34027,32991,33375,33438,33711,32434,31280,32558,32012,31408,32758,33956,33665,33804,32732,32599,30893,33085,32296,37298,38219,39872,36641,37758,37798,37628,37439,37683,37549,38367,37792,36354,38855,37603,37415,37034,35721,36520,36463,38426,36117,35505,35908,35956,39139,37213,37314,35838,38239,36615,37734,38191,39614,37785,37285,33368,33919,32176,33034,32263,33221,31802,33541,30757,31220,31769,32587,31209,31846,32047,30759,33298,31492,32655,32981,35081,32835,31409,32135,34161,36560,37104,40236,36309,37009,36485,39965,36078,38421,37088,36816,37107,37186,36664,35838,36500,39773,36232,38341,38772,36741,39081,39164,37173,39009,39273,38792,38610,36948,38596,39454,38112,36233,39393,39459,37346,31500,34712,32426,33152,32264,34635,31208,33922,32561,32593,33863,34065,32275,32622,33124,31909,33738,33809,33069,34113,32747,32382,33683,32183,33841,37356,37014,40871,36495,37063,35729,37893,37013,37840,37215,38962,39470,36949,38444,37668,38843,36564,36341,37138,36687,39396,36263,36609,38181,37886,37334,37553,37812,38767,38095,38395,37954,38485,37969,38093,38499,32027,33590,31680,33403,32346,33527,32821,35662,31841,31034,34688,35746,31572,33531,32627,31816,34764,33155,33025,33386,32757,33360,32985,32438,34700
STAT,refine,Conflicts,208,6094,93,78,81,75,77,75,69,77,60,68,68,65,70,68,65,60,56,53,61,60,47,63,44,45,51,48,46,47,67,54,38,39,39,40,38,40,39,37,41,37,33,35,46,39,44,39,34,39,45,38,33,30,38,31,36,46,38,39,30,37,26,17,15,25,20,22,19,17,18,28,25,24,21,40,22,11,26,20,23,20,24,21,27,9,18,22,22,25,19,19,24,20,25,20,23,19,21,20,21,27,15,26,15,33,18,19,19,17,21,20,22,16,20,19,15,22,18,19,17,28,25,17,17,23,19,20,25,24,25,29,29,19,26,17,18,33,32,28,14,19,17,14,14,17,24,19,17,16,24,18,18,19,18,24,14,25,16,24,25,21,16,12,20,23,30,34,19,20,17,26,19,11,14,19,25,22,15,26,21,23,17,19,18,19,19,12,22,16,17,22,22,11,20,22,25,23,14,21,24,24,18,23,23,16,23,19,18,19
STAT,refine,Iterations,208,436579,1454,1779,1629,2061,1692,1626,1518,2041,1333,2022,1435,1632,2753,2652,2357,1903,2440,1797,1493,2062,1911,1787,1307,1347,2532,2157,2304,1692,2146,2521,1956,2317,2220,2775,1580,1667,2092,2568,2692,1525,2194,1799,2252,2202,2563,1882,1852,2654,1918,1890,1855,1807,2385,1982,2220,2586,2171,1664,2124,2673,1812,1458,2151,1905,2425,1889,1762,1738,2016,1789,2146,1659,2019,2588,2530,2359,1793,2027,1907,2112,2311,2132,2021,1269,1488,2947,2186,2761,2522,1938,2773,2054,2908,1934,2543,1588,1967,2181,2242,2961,2052,2658,2082,2594,2500,2128,2002,2392,2482,2769,2209,1617,1871,2326,2059,2342,2650,2765,2122,2891,2906,2017,1525,2363,1918,1878,1929,1801,1882,2226,1900,2297,1931,2138,1805,2512,2221,2358,2561,2087,2057,1860,1173,1935,1853,1245,2532,1641,3074,1876,1772,2620,1771,2649,1246,2459,1885,2130,2556,1940,2890,1626,2077,2133,2731,3457,2605,2077,2022,2393,2391,1906,2035,1966,2179,1945,2090,2642,2581,1699,1793,2449,2280,1672,1888,1199,1824,1963,1884,1433,2024,1827,1764,2203,2208,2322,1818,2234,2332,2590,2102,1965,2138,1752,2014,2182,1420,2555
