Hello from MIC
Galois Benchmark Suite v2.2.0 (r0)
Copyright (C) 2013 The University of Texas at Austin
http://iss.ices.utexas.edu/galois/

application: GMetis
Partitions a graph into K parts and minimizing the graph cut
http://iss.ices.utexas.edu/?p=projects/galois/benchmarks/gMetis

INFO: CommandLine /work/02556/dpereira/MIC/apps/gmetis/gmetis -t=190 /work/02556/dpereira/Inputs/USA-road-d.W.gr 128
INFO: Hostname c558-002-mic0.stampede.tacc.utexas.edu
Created Graph with 6262104 nodes and 15248146 edges
Nodes 6262104| Edges 15248146 7624073

  Starting coarsening: 
Time coarsen:  3114 Size of final graph: 3132

  Sarting initial partitioning using GGGP:
Size in decade percentages:  -1,5 -0,119 1,4
Time clustering:  450

  Sarting refinnement with BKL2
Initial dist
Size in decade percentages:  -1,5 -0,119 1,4
Refined dist
Size in decade percentages:  -1,48 0,33 1,47
Time refinement:  2048


Time:  5790
Total edge cut : 8542

Part saved in : 0x7fffb560b360
STATTYPE,LOOP,CATEGORY,n,sum,T0,T1,T2,T3,T4,T5,T6,T7,T8,T9,T10,T11,T12,T13,T14,T15,T16,T17,T18,T19,T20,T21,T22,T23,T24,T25,T26,T27,T28,T29,T30,T31,T32,T33,T34,T35,T36,T37,T38,T39,T40,T41,T42,T43,T44,T45,T46,T47,T48,T49,T50,T51,T52,T53,T54,T55,T56,T57,T58,T59,T60,T61,T62,T63,T64,T65,T66,T67,T68,T69,T70,T71,T72,T73,T74,T75,T76,T77,T78,T79,T80,T81,T82,T83,T84,T85,T86,T87,T88,T89,T90,T91,T92,T93,T94,T95,T96,T97,T98,T99,T100,T101,T102,T103,T104,T105,T106,T107,T108,T109,T110,T111,T112,T113,T114,T115,T116,T117,T118,T119,T120,T121,T122,T123,T124,T125,T126,T127,T128,T129,T130,T131,T132,T133,T134,T135,T136,T137,T138,T139,T140,T141,T142,T143,T144,T145,T146,T147,T148,T149,T150,T151,T152,T153,T154,T155,T156,T157,T158,T159,T160,T161,T162,T163,T164,T165,T166,T167,T168,T169,T170,T171,T172,T173,T174,T175,T176,T177,T178,T179,T180,T181,T182,T183,T184,T185,T186,T187,T188,T189
STAT,(NULL),Coarsen,190,3114,3114,0,0,0,0,0,0,0,0,0,0,0,0,0,0,0,0,0,0,0,0,0,0,0,0,0,0,0,0,0,0,0,0,0,0,0,0,0,0,0,0,0,0,0,0,0,0,0,0,0,0,0,0,0,0,0,0,0,0,0,0,0,0,0,0,0,0,0,0,0,0,0,0,0,0,0,0,0,0,0,0,0,0,0,0,0,0,0,0,0,0,0,0,0,0,0,0,0,0,0,0,0,0,0,0,0,0,0,0,0,0,0,0,0,0,0,0,0,0,0,0,0,0,0,0,0,0,0,0,0,0,0,0,0,0,0,0,0,0,0,0,0,0,0,0,0,0,0,0,0,0,0,0,0,0,0,0,0,0,0,0,0,0,0,0,0,0,0,0,0,0,0,0,0,0,0,0,0,0,0,0,0,0,0,0,0,0,0,0,0
STAT,(NULL),Conflicts,190,0,0,0,0,0,0,0,0,0,0,0,0,0,0,0,0,0,0,0,0,0,0,0,0,0,0,0,0,0,0,0,0,0,0,0,0,0,0,0,0,0,0,0,0,0,0,0,0,0,0,0,0,0,0,0,0,0,0,0,0,0,0,0,0,0,0,0,0,0,0,0,0,0,0,0,0,0,0,0,0,0,0,0,0,0,0,0,0,0,0,0,0,0,0,0,0,0,0,0,0,0,0,0,0,0,0,0,0,0,0,0,0,0,0,0,0,0,0,0,0,0,0,0,0,0,0,0,0,0,0,0,0,0,0,0,0,0,0,0,0,0,0,0,0,0,0,0,0,0,0,0,0,0,0,0,0,0,0,0,0,0,0,0,0,0,0,0,0,0,0,0,0,0,0,0,0,0,0,0,0,0,0,0,0,0,0,0,0,0,0,0
STAT,(NULL),Iterations,190,255,8,3,0,1,0,0,0,1,4,0,2,3,8,1,3,0,2,1,1,0,0,4,0,0,2,2,2,2,2,0,0,4,0,1,3,0,0,0,4,0,4,0,0,3,2,0,0,0,2,0,1,3,1,0,2,0,1,0,5,1,4,2,3,0,0,0,2,0,0,0,0,0,3,0,1,0,1,0,0,0,5,3,2,0,0,0,0,2,2,2,0,3,6,0,3,4,4,0,1,0,2,2,3,4,0,0,1,1,0,0,7,6,0,0,6,0,0,0,2,1,0,0,3,0,0,5,0,4,0,1,0,0,1,3,0,0,0,0,3,0,2,0,0,4,0,0,0,1,1,3,1,3,1,0,0,0,5,2,0,2,0,0,2,0,1,0,0,3,4,0,0,0,4,2,1,5,0,0,1,0,0,1,4,1,3,1,0,0,0,0
STAT,(NULL),MeminfoPost,190,756700,3985,3973,4006,3984,3989,3991,3986,3971,3981,3980,4005,4005,4038,3988,3970,3980,3976,3983,3985,3991,4008,3978,3992,3982,3970,3978,3979,3993,3995,3972,3968,3978,3987,3974,3997,3992,3997,3977,3992,3968,3989,3979,4001,4019,4020,3992,3971,3974,3976,3993,3980,3994,4001,3986,3987,3977,3971,3978,3988,3993,3983,3976,3970,3981,3985,3989,3977,3992,4016,3979,3980,3992,3989,3975,3989,3978,3978,3973,3979,3983,3961,3975,3986,3993,3985,3974,3981,3974,3972,3966,3972,3980,3967,3997,4009,3992,3975,3975,3973,3996,3979,3967,3960,3965,3985,3988,3993,3994,3994,3975,3979,3971,3985,3971,3980,3974,3965,3966,3972,3965,3996,3968,3964,3987,4006,4011,4003,3992,3970,3974,3996,3969,3961,3966,3985,3991,3990,3993,3976,3972,3984,3973,3978,3966,3967,3975,3964,3987,3965,3990,4011,4005,4009,3988,3974,3979,3964,3973,3982,4004,4014,3995,4004,4003,3974,3971,3993,3969,3983,3974,3974,3963,3970,3967,3966,4010,3960,3960,3979,3958,3964,3995,3969,3976,3981,3987,3980,3989,3972,3984
STAT,(NULL),MeminfoPre,190,189170,998,986,1019,997,1002,1004,999,984,994,993,1018,1018,1051,1001,983,993,989,996,998,1004,1021,991,1005,995,983,991,992,1006,1008,985,981,991,1000,987,1010,1005,1010,990,1005,981,1002,992,1014,1032,1033,1005,984,987,989,1006,993,1007,1014,999,1000,990,984,991,1001,1006,996,989,983,994,998,1002,990,1005,1029,992,993,1005,1002,988,1002,991,991,986,992,996,974,988,999,1006,998,987,994,987,985,979,985,993,980,1010,1022,1005,988,988,986,1009,992,980,973,978,998,1001,1006,1007,1007,988,992,984,998,984,993,987,978,979,985,978,1009,981,977,1000,1019,1024,1016,1005,983,987,1009,982,974,979,998,1004,1003,1006,989,985,997,986,991,979,980,988,977,1000,978,1003,1024,1018,1022,1001,987,992,977,986,995,1017,1027,1008,1017,1016,987,984,1006,982,996,987,987,976,983,980,979,1023,973,973,992,971,977,1008,982,989,994,1000,993,1002,985,997
STAT,(NULL),Partition,190,450,450,0,0,0,0,0,0,0,0,0,0,0,0,0,0,0,0,0,0,0,0,0,0,0,0,0,0,0,0,0,0,0,0,0,0,0,0,0,0,0,0,0,0,0,0,0,0,0,0,0,0,0,0,0,0,0,0,0,0,0,0,0,0,0,0,0,0,0,0,0,0,0,0,0,0,0,0,0,0,0,0,0,0,0,0,0,0,0,0,0,0,0,0,0,0,0,0,0,0,0,0,0,0,0,0,0,0,0,0,0,0,0,0,0,0,0,0,0,0,0,0,0,0,0,0,0,0,0,0,0,0,0,0,0,0,0,0,0,0,0,0,0,0,0,0,0,0,0,0,0,0,0,0,0,0,0,0,0,0,0,0,0,0,0,0,0,0,0,0,0,0,0,0,0,0,0,0,0,0,0,0,0,0,0,0,0,0,0,0,0
STAT,(NULL),Refine,190,2048,2048,0,0,0,0,0,0,0,0,0,0,0,0,0,0,0,0,0,0,0,0,0,0,0,0,0,0,0,0,0,0,0,0,0,0,0,0,0,0,0,0,0,0,0,0,0,0,0,0,0,0,0,0,0,0,0,0,0,0,0,0,0,0,0,0,0,0,0,0,0,0,0,0,0,0,0,0,0,0,0,0,0,0,0,0,0,0,0,0,0,0,0,0,0,0,0,0,0,0,0,0,0,0,0,0,0,0,0,0,0,0,0,0,0,0,0,0,0,0,0,0,0,0,0,0,0,0,0,0,0,0,0,0,0,0,0,0,0,0,0,0,0,0,0,0,0,0,0,0,0,0,0,0,0,0,0,0,0,0,0,0,0,0,0,0,0,0,0,0,0,0,0,0,0,0,0,0,0,0,0,0,0,0,0,0,0,0,0,0,0
STAT,(NULL),Threads,190,190,190,0,0,0,0,0,0,0,0,0,0,0,0,0,0,0,0,0,0,0,0,0,0,0,0,0,0,0,0,0,0,0,0,0,0,0,0,0,0,0,0,0,0,0,0,0,0,0,0,0,0,0,0,0,0,0,0,0,0,0,0,0,0,0,0,0,0,0,0,0,0,0,0,0,0,0,0,0,0,0,0,0,0,0,0,0,0,0,0,0,0,0,0,0,0,0,0,0,0,0,0,0,0,0,0,0,0,0,0,0,0,0,0,0,0,0,0,0,0,0,0,0,0,0,0,0,0,0,0,0,0,0,0,0,0,0,0,0,0,0,0,0,0,0,0,0,0,0,0,0,0,0,0,0,0,0,0,0,0,0,0,0,0,0,0,0,0,0,0,0,0,0,0,0,0,0,0,0,0,0,0,0,0,0,0,0,0,0,0,0
STAT,(NULL),Time,190,5790,5790,0,0,0,0,0,0,0,0,0,0,0,0,0,0,0,0,0,0,0,0,0,0,0,0,0,0,0,0,0,0,0,0,0,0,0,0,0,0,0,0,0,0,0,0,0,0,0,0,0,0,0,0,0,0,0,0,0,0,0,0,0,0,0,0,0,0,0,0,0,0,0,0,0,0,0,0,0,0,0,0,0,0,0,0,0,0,0,0,0,0,0,0,0,0,0,0,0,0,0,0,0,0,0,0,0,0,0,0,0,0,0,0,0,0,0,0,0,0,0,0,0,0,0,0,0,0,0,0,0,0,0,0,0,0,0,0,0,0,0,0,0,0,0,0,0,0,0,0,0,0,0,0,0,0,0,0,0,0,0,0,0,0,0,0,0,0,0,0,0,0,0,0,0,0,0,0,0,0,0,0,0,0,0,0,0,0,0,0,0
STAT,match,Conflicts,190,6139,58,39,47,50,45,44,65,39,54,38,48,46,56,41,42,43,46,47,43,37,40,44,46,35,51,40,44,36,42,40,43,42,43,38,38,40,42,35,41,42,38,41,39,42,40,39,37,38,38,34,34,37,36,37,39,34,30,37,37,37,36,32,29,22,22,32,23,26,20,23,27,26,26,29,27,22,21,29,29,28,28,27,24,35,28,24,24,26,33,20,28,32,27,32,30,31,30,30,28,36,37,30,24,23,39,27,33,24,32,31,31,31,27,30,29,28,30,30,31,27,29,31,34,20,30,20,27,22,25,24,27,26,31,29,25,29,27,29,27,29,30,28,28,30,31,26,32,23,32,27,28,25,29,37,31,24,22,37,32,25,29,40,28,28,28,36,24,25,34,30,28,24,32,24,26,31,27,27,29,26,32,29,24,25,21,25,21,28,22,28
STAT,match,Iterations,190,15004730,44574,67481,54073,38682,56849,58008,52020,64171,68555,61424,67864,66715,52580,67562,77386,73465,49765,54230,65495,76180,76920,71523,73776,62879,63734,58233,70079,68894,70492,66301,72457,72904,68328,81533,80122,80565,52581,75811,72293,58720,68770,69190,70602,66362,69169,63263,73532,74098,81813,69874,74916,70910,77568,66305,54351,76322,57118,64480,56081,74724,78281,84220,62849,93634,76272,64161,71994,74974,94096,84729,89908,75936,80796,68915,85431,91531,98146,81505,88402,75560,79813,86175,88810,83753,107144,94054,97737,83226,76337,104618,77827,86331,84362,82745,88894,76114,85024,80640,76435,86620,89973,80018,102819,82852,73748,90307,99041,87565,104004,73449,81871,87114,97512,75063,71726,100514,71823,93950,99501,79205,106739,77731,56376,70194,67863,100529,70079,86248,94183,90924,89921,91466,84645,92422,96186,79636,79712,84887,103969,91791,80838,93440,95273,94950,102499,75719,89789,85637,80659,82523,75426,72383,75292,87063,91348,95042,106978,88248,60313,78477,78080,69425,89119,101643,64968,85196,106937,80225,68661,94346,97236,57393,100184,71207,100965,67369,90992,94607,74963,81381,74297,77825,87242,95438,76895,93380,65977,78900,67518,100237
STAT,popedge,Conflicts,190,0,0,0,0,0,0,0,0,0,0,0,0,0,0,0,0,0,0,0,0,0,0,0,0,0,0,0,0,0,0,0,0,0,0,0,0,0,0,0,0,0,0,0,0,0,0,0,0,0,0,0,0,0,0,0,0,0,0,0,0,0,0,0,0,0,0,0,0,0,0,0,0,0,0,0,0,0,0,0,0,0,0,0,0,0,0,0,0,0,0,0,0,0,0,0,0,0,0,0,0,0,0,0,0,0,0,0,0,0,0,0,0,0,0,0,0,0,0,0,0,0,0,0,0,0,0,0,0,0,0,0,0,0,0,0,0,0,0,0,0,0,0,0,0,0,0,0,0,0,0,0,0,0,0,0,0,0,0,0,0,0,0,0,0,0,0,0,0,0,0,0,0,0,0,0,0,0,0,0,0,0,0,0,0,0,0,0,0,0,0,0
STAT,popedge,Iterations,190,7348199,34948,35472,35375,34615,34310,34610,34132,38386,37332,38548,37237,38870,39095,38400,37813,38393,39150,39634,39055,39791,36911,38729,40522,38857,39321,38938,41228,39778,37290,35298,38293,40562,38332,39031,38374,39710,39432,39733,39732,42047,41041,41661,39267,40314,39619,37806,40026,39436,40385,37527,39945,38925,38368,39874,40975,39697,41875,40576,41680,39396,38719,34663,35034,36307,32964,33367,32899,33123,37797,36689,36237,38014,36251,38123,37309,39034,36702,38887,36531,38195,38564,40563,37675,38669,38128,39316,36541,39915,38150,37145,35023,38457,39175,39357,38311,39321,38756,39837,39532,38929,38280,40329,39892,38096,40684,40609,39056,40022,42939,39857,36913,41380,38521,38201,42342,38678,41215,39383,40333,39867,39659,39371,36262,34081,35084,35270,34928,32443,35553,40867,37915,37143,39735,38127,37795,38374,38136,38698,39703,38051,38835,42455,35874,38884,39416,37720,39102,37972,40884,41550,40130,35639,38181,40120,39383,40369,37203,41354,39745,40920,41620,42041,41605,41680,42722,43291,42027,42145,44737,38940,41506,41238,40941,41788,37810,42056,39704,40952,41563,41002,40539,40742,38920,36208,34772,36308,33665,35293,34493,34477
STAT,refine,Conflicts,190,6235,99,109,112,90,100,98,75,79,77,80,71,77,66,69,64,61,57,66,66,54,54,60,67,63,60,62,68,57,60,52,48,41,38,46,44,48,57,39,42,31,34,39,53,38,40,45,36,35,39,30,36,47,43,42,39,40,31,45,35,39,36,14,20,24,22,16,18,24,22,30,24,31,16,20,19,15,14,23,33,15,23,23,16,15,27,25,30,25,23,22,20,18,22,25,24,26,28,32,16,17,17,22,16,19,24,20,25,24,18,14,12,20,22,21,23,23,24,18,34,14,23,19,22,26,13,18,27,24,18,23,26,20,24,18,17,17,18,30,23,24,15,20,18,19,20,20,24,23,35,23,19,23,25,23,17,28,27,25,20,25,21,32,22,19,26,21,20,20,13,23,26,19,21,14,32,22,21,22,22,30,18,25,20,18,14,31,20,28,24,16
STAT,refine,Iterations,190,142158,702,867,905,676,875,831,650,849,712,570,764,1005,954,782,755,761,787,676,877,964,646,674,967,834,508,678,742,810,838,968,763,583,634,761,897,1008,880,747,557,650,533,670,702,718,934,653,702,568,747,585,865,844,498,453,616,500,479,717,630,940,641,820,597,757,667,882,635,761,966,659,653,860,653,649,613,893,741,665,812,738,649,755,618,787,882,893,701,932,720,834,925,871,775,860,824,1028,837,774,729,747,662,490,699,549,782,945,761,768,669,604,492,768,876,545,606,771,430,742,898,598,919,564,656,614,738,661,930,711,716,810,915,729,712,657,602,823,854,804,791,787,696,846,594,859,833,818,751,588,787,867,938,1191,811,690,743,869,1026,1014,889,932,941,725,786,851,715,799,712,541,683,736,736,398,760,587,777,549,939,576,782,682,564,684,712,720,668,867,724,899,687,704
