Hello from MIC
Galois Benchmark Suite v2.2.0 (r0)
Copyright (C) 2013 The University of Texas at Austin
http://iss.ices.utexas.edu/galois/

application: GMetis
Partitions a graph into K parts and minimizing the graph cut
http://iss.ices.utexas.edu/?p=projects/galois/benchmarks/gMetis

INFO: CommandLine /work/02556/dpereira/MIC/apps/gmetis/gmetis -t=184 /work/02556/dpereira/Inputs/USA-road-d.W.gr 128
INFO: Hostname c558-002-mic0.stampede.tacc.utexas.edu
Created Graph with 6262104 nodes and 15248146 edges
Nodes 6262104| Edges 15248146 7624073

  Starting coarsening: 
Time coarsen:  3029 Size of final graph: 3114

  Sarting initial partitioning using GGGP:
Size in decade percentages:  -1,3 -0,121 1,4
Time clustering:  447

  Sarting refinnement with BKL2
Initial dist
Size in decade percentages:  -1,3 -0,121 1,4
Refined dist
Size in decade percentages:  -1,49 0,34 1,45
Time refinement:  1995


Time:  5650
Total edge cut : 8130

Part saved in : 0x7ffff2308460
STATTYPE,LOOP,CATEGORY,n,sum,T0,T1,T2,T3,T4,T5,T6,T7,T8,T9,T10,T11,T12,T13,T14,T15,T16,T17,T18,T19,T20,T21,T22,T23,T24,T25,T26,T27,T28,T29,T30,T31,T32,T33,T34,T35,T36,T37,T38,T39,T40,T41,T42,T43,T44,T45,T46,T47,T48,T49,T50,T51,T52,T53,T54,T55,T56,T57,T58,T59,T60,T61,T62,T63,T64,T65,T66,T67,T68,T69,T70,T71,T72,T73,T74,T75,T76,T77,T78,T79,T80,T81,T82,T83,T84,T85,T86,T87,T88,T89,T90,T91,T92,T93,T94,T95,T96,T97,T98,T99,T100,T101,T102,T103,T104,T105,T106,T107,T108,T109,T110,T111,T112,T113,T114,T115,T116,T117,T118,T119,T120,T121,T122,T123,T124,T125,T126,T127,T128,T129,T130,T131,T132,T133,T134,T135,T136,T137,T138,T139,T140,T141,T142,T143,T144,T145,T146,T147,T148,T149,T150,T151,T152,T153,T154,T155,T156,T157,T158,T159,T160,T161,T162,T163,T164,T165,T166,T167,T168,T169,T170,T171,T172,T173,T174,T175,T176,T177,T178,T179,T180,T181,T182,T183
STAT,(NULL),Coarsen,184,3029,3029,0,0,0,0,0,0,0,0,0,0,0,0,0,0,0,0,0,0,0,0,0,0,0,0,0,0,0,0,0,0,0,0,0,0,0,0,0,0,0,0,0,0,0,0,0,0,0,0,0,0,0,0,0,0,0,0,0,0,0,0,0,0,0,0,0,0,0,0,0,0,0,0,0,0,0,0,0,0,0,0,0,0,0,0,0,0,0,0,0,0,0,0,0,0,0,0,0,0,0,0,0,0,0,0,0,0,0,0,0,0,0,0,0,0,0,0,0,0,0,0,0,0,0,0,0,0,0,0,0,0,0,0,0,0,0,0,0,0,0,0,0,0,0,0,0,0,0,0,0,0,0,0,0,0,0,0,0,0,0,0,0,0,0,0,0,0,0,0,0,0,0,0,0,0,0,0,0,0,0,0,0,0,0
STAT,(NULL),Conflicts,184,0,0,0,0,0,0,0,0,0,0,0,0,0,0,0,0,0,0,0,0,0,0,0,0,0,0,0,0,0,0,0,0,0,0,0,0,0,0,0,0,0,0,0,0,0,0,0,0,0,0,0,0,0,0,0,0,0,0,0,0,0,0,0,0,0,0,0,0,0,0,0,0,0,0,0,0,0,0,0,0,0,0,0,0,0,0,0,0,0,0,0,0,0,0,0,0,0,0,0,0,0,0,0,0,0,0,0,0,0,0,0,0,0,0,0,0,0,0,0,0,0,0,0,0,0,0,0,0,0,0,0,0,0,0,0,0,0,0,0,0,0,0,0,0,0,0,0,0,0,0,0,0,0,0,0,0,0,0,0,0,0,0,0,0,0,0,0,0,0,0,0,0,0,0,0,0,0,0,0,0,0,0,0,0,0
STAT,(NULL),Iterations,184,255,8,0,2,0,0,0,0,0,1,0,1,0,3,2,0,0,0,2,4,1,0,0,0,2,0,0,0,3,1,0,2,1,2,0,2,0,0,3,6,1,0,0,2,1,6,1,0,4,2,1,2,0,0,0,1,1,0,0,2,0,2,4,3,2,5,1,0,0,4,0,2,0,3,5,0,1,0,0,0,4,2,1,0,0,3,1,0,2,1,2,0,3,8,6,1,5,1,3,1,2,0,0,5,1,0,5,2,1,0,0,3,4,1,4,1,1,0,0,1,0,4,4,0,0,1,0,0,0,0,1,3,0,1,1,2,0,4,0,1,6,0,1,2,0,3,0,1,2,3,3,3,2,2,1,2,2,0,0,2,0,0,0,4,0,0,0,0,4,1,0,1,0,3,0,1,0,0,3,0,0,0,0,4,0
STAT,(NULL),MeminfoPost,184,756814,4116,4103,4136,4118,4126,4108,4119,4098,4120,4114,4126,4172,4142,4103,4109,4106,4106,4122,4119,4126,4118,4127,4116,4098,4104,4109,4124,4132,4101,4097,4109,4116,4108,4125,4125,4119,4111,4116,4100,4122,4122,4122,4175,4136,4102,4111,4111,4102,4125,4122,4124,4113,4124,4116,4101,4109,4112,4119,4124,4102,4102,4110,4119,4118,4105,4126,4149,4104,4113,4123,4118,4105,4121,4103,4104,4105,4121,4096,4093,4115,4121,4124,4108,4108,4103,4106,4093,4104,4107,4098,4127,4140,4123,4102,4105,4104,4133,4101,4095,4088,4106,4116,4118,4122,4128,4114,4111,4101,4114,4105,4106,4110,4092,4098,4097,4104,4110,4110,4097,4111,4137,4143,4135,4122,4100,4104,4126,4098,4092,4104,4113,4121,4121,4117,4113,4098,4112,4105,4108,4094,4096,4099,4118,4097,4114,4137,4133,4146,4120,4108,4108,4093,4104,4112,4139,4143,4122,4136,4133,4101,4106,4120,4100,4113,4110,4094,4090,4104,4106,4127,4095,4090,4093,4106,4096,4120,4098,4108,4105,4116,4113,4118,4102,4114
STAT,(NULL),MeminfoPre,184,189174,1031,1018,1051,1033,1041,1023,1034,1013,1035,1029,1041,1087,1057,1018,1024,1021,1021,1037,1034,1041,1033,1042,1031,1013,1019,1024,1039,1047,1016,1012,1024,1031,1023,1040,1040,1034,1026,1031,1015,1037,1037,1037,1090,1051,1017,1026,1026,1017,1040,1037,1039,1028,1039,1031,1016,1024,1027,1034,1039,1017,1017,1025,1034,1033,1020,1041,1064,1019,1028,1038,1033,1020,1036,1018,1019,1020,1036,1011,1008,1030,1036,1039,1023,1023,1018,1021,1008,1019,1022,1013,1042,1055,1038,1017,1020,1019,1048,1016,1010,1003,1021,1031,1033,1037,1043,1029,1026,1016,1029,1020,1021,1025,1007,1013,1012,1019,1025,1025,1012,1026,1052,1058,1050,1037,1015,1019,1041,1013,1007,1019,1028,1036,1036,1032,1028,1013,1027,1020,1023,1009,1011,1014,1033,1012,1029,1052,1048,1061,1035,1023,1023,1008,1019,1027,1054,1058,1037,1051,1048,1016,1021,1035,1015,1028,1025,1009,1005,1019,1021,1042,1010,1005,1008,1021,1011,1035,1013,1023,1020,1031,1028,1033,1017,1029
STAT,(NULL),Partition,184,447,447,0,0,0,0,0,0,0,0,0,0,0,0,0,0,0,0,0,0,0,0,0,0,0,0,0,0,0,0,0,0,0,0,0,0,0,0,0,0,0,0,0,0,0,0,0,0,0,0,0,0,0,0,0,0,0,0,0,0,0,0,0,0,0,0,0,0,0,0,0,0,0,0,0,0,0,0,0,0,0,0,0,0,0,0,0,0,0,0,0,0,0,0,0,0,0,0,0,0,0,0,0,0,0,0,0,0,0,0,0,0,0,0,0,0,0,0,0,0,0,0,0,0,0,0,0,0,0,0,0,0,0,0,0,0,0,0,0,0,0,0,0,0,0,0,0,0,0,0,0,0,0,0,0,0,0,0,0,0,0,0,0,0,0,0,0,0,0,0,0,0,0,0,0,0,0,0,0,0,0,0,0,0,0
STAT,(NULL),Refine,184,1995,1995,0,0,0,0,0,0,0,0,0,0,0,0,0,0,0,0,0,0,0,0,0,0,0,0,0,0,0,0,0,0,0,0,0,0,0,0,0,0,0,0,0,0,0,0,0,0,0,0,0,0,0,0,0,0,0,0,0,0,0,0,0,0,0,0,0,0,0,0,0,0,0,0,0,0,0,0,0,0,0,0,0,0,0,0,0,0,0,0,0,0,0,0,0,0,0,0,0,0,0,0,0,0,0,0,0,0,0,0,0,0,0,0,0,0,0,0,0,0,0,0,0,0,0,0,0,0,0,0,0,0,0,0,0,0,0,0,0,0,0,0,0,0,0,0,0,0,0,0,0,0,0,0,0,0,0,0,0,0,0,0,0,0,0,0,0,0,0,0,0,0,0,0,0,0,0,0,0,0,0,0,0,0,0
STAT,(NULL),Threads,184,184,184,0,0,0,0,0,0,0,0,0,0,0,0,0,0,0,0,0,0,0,0,0,0,0,0,0,0,0,0,0,0,0,0,0,0,0,0,0,0,0,0,0,0,0,0,0,0,0,0,0,0,0,0,0,0,0,0,0,0,0,0,0,0,0,0,0,0,0,0,0,0,0,0,0,0,0,0,0,0,0,0,0,0,0,0,0,0,0,0,0,0,0,0,0,0,0,0,0,0,0,0,0,0,0,0,0,0,0,0,0,0,0,0,0,0,0,0,0,0,0,0,0,0,0,0,0,0,0,0,0,0,0,0,0,0,0,0,0,0,0,0,0,0,0,0,0,0,0,0,0,0,0,0,0,0,0,0,0,0,0,0,0,0,0,0,0,0,0,0,0,0,0,0,0,0,0,0,0,0,0,0,0,0,0
STAT,(NULL),Time,184,5650,5650,0,0,0,0,0,0,0,0,0,0,0,0,0,0,0,0,0,0,0,0,0,0,0,0,0,0,0,0,0,0,0,0,0,0,0,0,0,0,0,0,0,0,0,0,0,0,0,0,0,0,0,0,0,0,0,0,0,0,0,0,0,0,0,0,0,0,0,0,0,0,0,0,0,0,0,0,0,0,0,0,0,0,0,0,0,0,0,0,0,0,0,0,0,0,0,0,0,0,0,0,0,0,0,0,0,0,0,0,0,0,0,0,0,0,0,0,0,0,0,0,0,0,0,0,0,0,0,0,0,0,0,0,0,0,0,0,0,0,0,0,0,0,0,0,0,0,0,0,0,0,0,0,0,0,0,0,0,0,0,0,0,0,0,0,0,0,0,0,0,0,0,0,0,0,0,0,0,0,0,0,0,0,0
STAT,match,Conflicts,184,6263,50,53,49,62,54,51,43,56,42,46,50,50,53,40,51,50,49,38,43,59,56,44,41,37,45,42,38,52,45,45,51,43,44,38,34,44,43,46,38,49,38,39,42,36,43,44,49,41,36,40,35,39,44,35,34,38,40,35,35,39,37,25,26,30,26,26,33,28,14,27,28,29,22,30,20,21,26,28,25,24,25,26,35,29,34,25,25,27,30,21,36,36,30,31,33,35,37,36,32,36,42,30,34,29,27,25,28,34,35,32,30,25,33,34,30,30,35,27,36,28,25,27,33,22,34,25,23,24,30,30,27,30,26,30,27,27,26,23,29,28,27,35,25,27,22,25,26,34,28,27,38,26,33,30,27,35,40,33,34,41,28,28,26,34,30,26,33,32,30,23,30,32,21,33,34,27,27,33,26,28,27,31,28,23
STAT,match,Iterations,184,15002331,52651,60187,65369,65700,64541,78742,60537,49363,63294,73630,63212,61095,62975,75307,54390,55322,66919,61251,51174,61044,61186,73570,61942,76763,56274,84106,76674,69376,74395,76855,75053,72187,78971,71015,75306,66299,61940,74043,94035,62597,68168,76930,62317,78574,59090,64426,63599,64550,81417,86026,70188,81610,76799,61232,76896,87313,81587,70912,65688,86968,57968,72340,90191,85533,98832,99521,81369,73754,120159,86780,91107,98372,92947,79852,89953,101331,79109,80485,82565,92655,95479,89369,99337,82378,80034,111726,90717,90455,107415,113773,67044,85486,97990,97378,88964,88131,79634,77967,86906,75463,63551,88845,82059,92599,96339,77025,104217,88691,73707,100571,87691,70834,98150,77761,68702,90118,74084,79598,66175,90463,100720,73145,76783,78914,87872,94735,93627,99474,91795,80799,75969,81721,86799,86425,94007,80197,83953,105120,102434,72257,75592,90969,72691,92154,83430,90037,71060,88347,79292,83639,69737,93177,85017,87235,111942,76291,95252,90853,86304,88593,116402,91866,79224,98079,92616,95490,86014,76039,100052,116218,61133,102430,102775,89471,83310,86375,91253,87011,98550,77288,82878,84711,76040,83519
STAT,popedge,Conflicts,184,0,0,0,0,0,0,0,0,0,0,0,0,0,0,0,0,0,0,0,0,0,0,0,0,0,0,0,0,0,0,0,0,0,0,0,0,0,0,0,0,0,0,0,0,0,0,0,0,0,0,0,0,0,0,0,0,0,0,0,0,0,0,0,0,0,0,0,0,0,0,0,0,0,0,0,0,0,0,0,0,0,0,0,0,0,0,0,0,0,0,0,0,0,0,0,0,0,0,0,0,0,0,0,0,0,0,0,0,0,0,0,0,0,0,0,0,0,0,0,0,0,0,0,0,0,0,0,0,0,0,0,0,0,0,0,0,0,0,0,0,0,0,0,0,0,0,0,0,0,0,0,0,0,0,0,0,0,0,0,0,0,0,0,0,0,0,0,0,0,0,0,0,0,0,0,0,0,0,0,0,0,0,0,0,0
STAT,popedge,Iterations,184,7347412,32835,42229,38852,38526,38290,38277,37768,40184,38632,38124,38316,38764,39481,38671,39790,41039,39885,37724,39418,37644,39196,39418,39516,39335,41043,39074,38152,39973,39469,39138,39895,40170,40409,40476,41366,41012,42390,40287,39139,41801,41600,40129,40299,38664,43401,42022,40781,43216,40637,39297,39092,36219,41709,40374,43153,40132,39372,40478,39555,41243,40634,34331,37462,37984,37541,37399,37480,36910,38253,37798,36248,38198,39375,37605,38534,38869,40324,39635,37495,39155,37050,38004,39491,37911,40258,39188,39258,39049,38410,39622,38072,40915,40248,39122,41183,43720,38956,42731,41951,41536,40188,40527,40018,41413,37891,42123,40726,40679,42331,44180,44485,40292,39187,39775,41427,41978,42805,40912,42305,39840,39848,40906,33583,39603,37588,38886,39118,38177,39859,39813,37890,38590,39323,38737,37997,38392,38545,42780,38387,40352,40382,38622,38657,38841,40792,39459,40110,40959,39639,40231,41730,39043,40719,39310,43250,41433,41606,40773,41366,42143,43421,41246,41645,42188,41445,40636,43902,43671,39457,41566,40895,42450,40086,37705,43530,40780,41627,43060,41894,43484,41233,41889,40232,33863
STAT,refine,Conflicts,184,6640,119,104,119,102,104,96,87,97,85,83,81,88,74,78,82,78,71,65,66,68,64,71,62,65,66,62,67,64,59,72,56,46,43,46,38,50,45,40,34,50,43,55,41,54,42,44,44,55,53,39,44,39,41,43,40,37,38,47,43,59,46,22,26,26,18,22,22,16,32,31,26,26,30,18,20,24,27,24,20,24,25,20,27,23,16,14,28,27,27,26,19,27,21,28,20,24,31,22,25,19,29,28,25,23,32,21,20,32,32,24,26,23,28,23,24,24,20,22,20,23,24,25,13,21,29,22,24,27,27,22,19,22,14,20,20,17,15,16,22,26,19,24,20,24,19,20,31,29,26,31,22,25,25,22,19,23,18,23,25,21,15,25,19,19,27,22,26,24,23,32,21,17,21,15,21,23,23,16,17,24,33,27,23,20
STAT,refine,Iterations,184,137403,722,744,971,816,856,953,559,687,1015,754,766,735,772,658,508,658,698,673,589,705,723,742,592,679,820,873,736,810,746,679,771,846,663,791,867,748,636,563,684,911,662,777,605,808,693,702,554,765,760,823,623,815,715,521,626,767,579,557,572,1009,589,694,821,808,804,927,957,496,1005,1084,824,729,787,751,475,634,861,661,602,722,773,871,795,630,589,696,938,894,900,808,647,990,763,789,793,942,895,635,496,881,801,673,703,795,773,819,750,842,758,792,742,615,989,815,615,848,782,673,492,700,971,664,833,687,824,734,936,908,619,603,730,767,629,756,878,581,475,607,847,694,667,911,881,795,600,560,923,881,803,940,621,731,846,763,835,740,885,790,656,556,803,821,742,796,645,496,807,735,687,1026,566,804,601,714,649,704,739,944,695,706,816,981,539,675
