Hello from MIC
Galois Benchmark Suite v2.2.0 (r0)
Copyright (C) 2013 The University of Texas at Austin
http://iss.ices.utexas.edu/galois/

application: GMetis
Partitions a graph into K parts and minimizing the graph cut
http://iss.ices.utexas.edu/?p=projects/galois/benchmarks/gMetis

INFO: CommandLine /work/02556/dpereira/MIC/apps/gmetis/gmetis -t=57 /work/02556/dpereira/Inputs/USA-road-d.W.gr 1024
INFO: Hostname c558-304-mic0.stampede.tacc.utexas.edu
Created Graph with 6262104 nodes and 15248146 edges
Nodes 6262104| Edges 15248146 7624073

  Starting coarsening: 
Time coarsen:  2282 Size of final graph: 40399

  Sarting initial partitioning using GGGP:
Size in decade percentages:  -1,1 -0,1023
Time clustering:  1249

  Sarting refinnement with BKL2
Initial dist
Size in decade percentages:  -1,1 -0,1023
Refined dist
Size in decade percentages:  -1,367 0,280 1,376 3,1
Time refinement:  848


Time:  4558
Total edge cut : 36759

Part saved in : 0x7fff5b9c55e0
STATTYPE,LOOP,CATEGORY,n,sum,T0,T1,T2,T3,T4,T5,T6,T7,T8,T9,T10,T11,T12,T13,T14,T15,T16,T17,T18,T19,T20,T21,T22,T23,T24,T25,T26,T27,T28,T29,T30,T31,T32,T33,T34,T35,T36,T37,T38,T39,T40,T41,T42,T43,T44,T45,T46,T47,T48,T49,T50,T51,T52,T53,T54,T55,T56
STAT,(NULL),Coarsen,57,2282,2282,0,0,0,0,0,0,0,0,0,0,0,0,0,0,0,0,0,0,0,0,0,0,0,0,0,0,0,0,0,0,0,0,0,0,0,0,0,0,0,0,0,0,0,0,0,0,0,0,0,0,0,0,0,0,0,0
STAT,(NULL),Conflicts,57,0,0,0,0,0,0,0,0,0,0,0,0,0,0,0,0,0,0,0,0,0,0,0,0,0,0,0,0,0,0,0,0,0,0,0,0,0,0,0,0,0,0,0,0,0,0,0,0,0,0,0,0,0,0,0,0,0,0
STAT,(NULL),Iterations,57,2047,11,32,50,41,62,31,31,23,50,30,32,35,27,10,41,32,48,60,23,28,26,44,55,45,38,19,26,41,26,10,47,32,23,50,45,39,60,47,36,58,20,43,11,46,36,39,36,41,43,38,30,35,42,30,27,30,36
STAT,(NULL),MeminfoPost,57,756352,13280,13280,13268,13371,13256,13275,13299,13244,13285,13255,13294,13261,13288,13345,13264,13295,13266,13277,13250,13277,13302,13282,13257,13257,13247,13270,13232,13243,13318,13258,13218,13275,13289,13253,13234,13222,13244,13340,13268,13241,13273,13267,13253,13217,13260,13354,13244,13273,13341,13265,13257,13225,13251,13211,13247,13267,13267
STAT,(NULL),MeminfoPre,57,189088,3328,3328,3316,3419,3304,3323,3347,3292,3333,3303,3342,3309,3336,3393,3312,3343,3314,3325,3298,3325,3350,3330,3305,3305,3295,3318,3280,3291,3366,3306,3266,3323,3337,3301,3282,3270,3292,3388,3316,3289,3321,3315,3301,3265,3308,3402,3292,3321,3389,3313,3305,3273,3299,3259,3295,3315,3315
STAT,(NULL),Partition,57,1249,1249,0,0,0,0,0,0,0,0,0,0,0,0,0,0,0,0,0,0,0,0,0,0,0,0,0,0,0,0,0,0,0,0,0,0,0,0,0,0,0,0,0,0,0,0,0,0,0,0,0,0,0,0,0,0,0,0
STAT,(NULL),Refine,57,848,848,0,0,0,0,0,0,0,0,0,0,0,0,0,0,0,0,0,0,0,0,0,0,0,0,0,0,0,0,0,0,0,0,0,0,0,0,0,0,0,0,0,0,0,0,0,0,0,0,0,0,0,0,0,0,0,0
STAT,(NULL),Threads,57,57,57,0,0,0,0,0,0,0,0,0,0,0,0,0,0,0,0,0,0,0,0,0,0,0,0,0,0,0,0,0,0,0,0,0,0,0,0,0,0,0,0,0,0,0,0,0,0,0,0,0,0,0,0,0,0,0,0
STAT,(NULL),Time,57,4558,4558,0,0,0,0,0,0,0,0,0,0,0,0,0,0,0,0,0,0,0,0,0,0,0,0,0,0,0,0,0,0,0,0,0,0,0,0,0,0,0,0,0,0,0,0,0,0,0,0,0,0,0,0,0,0,0,0
STAT,match,Conflicts,57,4526,150,114,105,98,97,96,106,73,95,84,87,83,90,125,77,61,72,68,68,60,70,75,71,69,76,72,80,111,73,55,71,61,54,46,79,74,57,60,53,55,49,51,58,63,62,84,78,75,64,92,75,94,69,122,141,122,56
STAT,match,Iterations,57,14866918,225303,246111,248508,225798,263057,251102,256949,262527,256962,260910,247299,264682,251264,243243,272201,263755,259716,267964,276535,258402,250614,263001,258644,255923,256641,263919,266283,262917,257175,277471,283249,264812,262091,272898,266155,265620,270686,231583,266213,256086,252835,259252,257342,273053,274795,231599,263559,258241,269283,278486,266885,271809,276909,296737,272899,249302,259663
STAT,popedge,Conflicts,57,0,0,0,0,0,0,0,0,0,0,0,0,0,0,0,0,0,0,0,0,0,0,0,0,0,0,0,0,0,0,0,0,0,0,0,0,0,0,0,0,0,0,0,0,0,0,0,0,0,0,0,0,0,0,0,0,0,0
STAT,popedge,Iterations,57,7284458,125953,124413,125753,121162,125044,122399,123389,128444,129011,130819,125555,126694,126422,123024,124702,120803,127588,127209,128427,115867,114953,113848,118163,126100,129703,123653,126025,127173,122835,131539,130857,128752,130526,128882,132120,128481,131866,126050,125700,130926,127764,124402,128428,127362,126414,120441,122219,125775,135320,139868,138169,144675,139699,139163,140111,137705,136113
STAT,refine,Conflicts,57,2858,66,68,60,68,56,55,66,49,54,75,68,69,52,64,52,39,44,50,52,53,59,60,52,47,58,57,55,62,56,53,39,37,25,38,43,52,57,43,40,55,35,48,38,46,53,45,49,34,44,37,35,29,46,50,44,33,44
STAT,refine,Iterations,57,471673,8640,6990,7793,10605,7775,9013,8406,7667,7586,6923,7762,7580,8000,9532,8588,8282,8083,8086,7790,7059,8494,8209,7118,8380,6791,7881,7158,8232,8995,7733,7113,8415,9311,7657,7291,8898,9033,10181,8791,7750,9002,9055,7931,8197,9455,10178,7105,8825,10575,8646,7323,6575,8092,7459,9552,9225,8887
