Hello from MIC
Galois Benchmark Suite v2.2.0 (r0)
Copyright (C) 2013 The University of Texas at Austin
http://iss.ices.utexas.edu/galois/

application: GMetis
Partitions a graph into K parts and minimizing the graph cut
http://iss.ices.utexas.edu/?p=projects/galois/benchmarks/gMetis

INFO: CommandLine /work/02556/dpereira/MIC/apps/gmetis/gmetis -t=185 /work/02556/dpereira/Inputs/USA-road-d.W.gr 16
INFO: Hostname c558-002-mic0.stampede.tacc.utexas.edu
Created Graph with 6262104 nodes and 15248146 edges
Nodes 6262104| Edges 15248146 7624073

  Starting coarsening: 
Time coarsen:  3738 Size of final graph: 439

  Sarting initial partitioning using GGGP:
Size in decade percentages:  -0,16
Time clustering:  372

  Sarting refinnement with BKL2
Initial dist
Size in decade percentages:  -0,16
Refined dist
Size in decade percentages:  -1,5 0,5 1,6
Time refinement:  2345


Time:  6634
Total edge cut : 1954

Part saved in : 0x7fff318dece0
STATTYPE,LOOP,CATEGORY,n,sum,T0,T1,T2,T3,T4,T5,T6,T7,T8,T9,T10,T11,T12,T13,T14,T15,T16,T17,T18,T19,T20,T21,T22,T23,T24,T25,T26,T27,T28,T29,T30,T31,T32,T33,T34,T35,T36,T37,T38,T39,T40,T41,T42,T43,T44,T45,T46,T47,T48,T49,T50,T51,T52,T53,T54,T55,T56,T57,T58,T59,T60,T61,T62,T63,T64,T65,T66,T67,T68,T69,T70,T71,T72,T73,T74,T75,T76,T77,T78,T79,T80,T81,T82,T83,T84,T85,T86,T87,T88,T89,T90,T91,T92,T93,T94,T95,T96,T97,T98,T99,T100,T101,T102,T103,T104,T105,T106,T107,T108,T109,T110,T111,T112,T113,T114,T115,T116,T117,T118,T119,T120,T121,T122,T123,T124,T125,T126,T127,T128,T129,T130,T131,T132,T133,T134,T135,T136,T137,T138,T139,T140,T141,T142,T143,T144,T145,T146,T147,T148,T149,T150,T151,T152,T153,T154,T155,T156,T157,T158,T159,T160,T161,T162,T163,T164,T165,T166,T167,T168,T169,T170,T171,T172,T173,T174,T175,T176,T177,T178,T179,T180,T181,T182,T183,T184
STAT,(NULL),Coarsen,185,3738,3738,0,0,0,0,0,0,0,0,0,0,0,0,0,0,0,0,0,0,0,0,0,0,0,0,0,0,0,0,0,0,0,0,0,0,0,0,0,0,0,0,0,0,0,0,0,0,0,0,0,0,0,0,0,0,0,0,0,0,0,0,0,0,0,0,0,0,0,0,0,0,0,0,0,0,0,0,0,0,0,0,0,0,0,0,0,0,0,0,0,0,0,0,0,0,0,0,0,0,0,0,0,0,0,0,0,0,0,0,0,0,0,0,0,0,0,0,0,0,0,0,0,0,0,0,0,0,0,0,0,0,0,0,0,0,0,0,0,0,0,0,0,0,0,0,0,0,0,0,0,0,0,0,0,0,0,0,0,0,0,0,0,0,0,0,0,0,0,0,0,0,0,0,0,0,0,0,0,0,0,0,0,0,0,0
STAT,(NULL),Conflicts,185,0,0,0,0,0,0,0,0,0,0,0,0,0,0,0,0,0,0,0,0,0,0,0,0,0,0,0,0,0,0,0,0,0,0,0,0,0,0,0,0,0,0,0,0,0,0,0,0,0,0,0,0,0,0,0,0,0,0,0,0,0,0,0,0,0,0,0,0,0,0,0,0,0,0,0,0,0,0,0,0,0,0,0,0,0,0,0,0,0,0,0,0,0,0,0,0,0,0,0,0,0,0,0,0,0,0,0,0,0,0,0,0,0,0,0,0,0,0,0,0,0,0,0,0,0,0,0,0,0,0,0,0,0,0,0,0,0,0,0,0,0,0,0,0,0,0,0,0,0,0,0,0,0,0,0,0,0,0,0,0,0,0,0,0,0,0,0,0,0,0,0,0,0,0,0,0,0,0,0,0,0,0,0,0,0,0
STAT,(NULL),Iterations,185,31,5,0,0,0,0,0,0,0,0,0,0,0,0,0,0,3,1,0,0,0,0,1,0,0,0,0,0,3,0,0,0,0,0,1,0,0,0,0,0,0,0,0,0,0,0,0,0,0,0,0,0,0,0,0,0,0,0,0,0,0,0,0,0,0,0,0,0,0,0,0,0,0,0,0,0,0,0,1,0,0,0,0,0,0,0,0,0,0,0,0,0,0,0,0,4,2,0,0,0,0,0,0,0,0,0,0,0,0,0,1,0,0,0,0,0,0,0,0,0,1,0,0,2,0,1,0,0,0,0,0,0,1,0,0,0,0,0,0,0,0,0,0,0,0,0,2,0,0,0,0,0,0,0,0,0,2,0,0,0,0,0,0,0,0,0,0,0,0,0,0,0,0,0,0,0,0,0,0,0,0,0,0,0,0,0
STAT,(NULL),MeminfoPost,185,756716,4093,4080,4115,4094,4102,4087,4098,4075,4096,4090,4106,4141,4121,4088,4086,4084,4077,4097,4098,4107,4097,4096,4102,4071,4084,4084,4103,4102,4083,4077,4083,4092,4080,4113,4096,4103,4086,4098,4074,4097,4091,4105,4144,4122,4085,4088,4083,4078,4096,4096,4106,4101,4096,4100,4072,4083,4085,4101,4103,4081,4078,4084,4090,4103,4084,4093,4126,4091,4085,4101,4097,4085,4091,4089,4085,4080,4091,4084,4068,4085,4094,4104,4088,4081,4088,4084,4076,4073,4077,4090,4083,4118,4114,4087,4077,4080,4091,4101,4076,4070,4070,4090,4095,4098,4103,4103,4085,4091,4073,4093,4079,4087,4082,4074,4069,4084,4069,4102,4077,4071,4105,4120,4113,4113,4085,4079,4082,4102,4072,4068,4087,4091,4098,4106,4087,4086,4086,4081,4084,4080,4071,4081,4072,4095,4072,4096,4119,4112,4117,4097,4080,4085,4070,4085,4092,4119,4118,4099,4114,4104,4076,4085,4092,4087,4086,4091,4074,4062,4083,4084,4109,4067,4068,4074,4082,4069,4101,4075,4086,4083,4094,4090,4095,4080,4091
STAT,(NULL),MeminfoPre,185,189136,1025,1012,1047,1026,1034,1019,1030,1007,1028,1022,1038,1073,1053,1020,1018,1016,1009,1029,1030,1039,1029,1028,1034,1003,1016,1016,1035,1034,1015,1009,1015,1024,1012,1045,1028,1035,1018,1030,1006,1029,1023,1037,1076,1054,1017,1020,1015,1010,1028,1028,1038,1033,1028,1032,1004,1015,1017,1033,1035,1013,1010,1016,1022,1035,1016,1025,1058,1023,1017,1033,1029,1017,1023,1021,1017,1012,1023,1016,1000,1017,1026,1036,1020,1013,1020,1016,1008,1005,1009,1022,1015,1050,1046,1019,1009,1012,1023,1033,1008,1002,1002,1022,1027,1030,1035,1035,1017,1023,1005,1025,1011,1019,1014,1006,1001,1016,1001,1034,1009,1003,1037,1052,1045,1045,1017,1011,1014,1034,1004,1000,1019,1023,1030,1038,1019,1018,1018,1013,1016,1012,1003,1013,1004,1027,1004,1028,1051,1044,1049,1029,1012,1017,1002,1017,1024,1051,1050,1031,1046,1036,1008,1017,1024,1019,1018,1023,1006,994,1015,1016,1041,999,1000,1006,1014,1001,1033,1007,1018,1015,1026,1022,1027,1012,1023
STAT,(NULL),Partition,185,372,372,0,0,0,0,0,0,0,0,0,0,0,0,0,0,0,0,0,0,0,0,0,0,0,0,0,0,0,0,0,0,0,0,0,0,0,0,0,0,0,0,0,0,0,0,0,0,0,0,0,0,0,0,0,0,0,0,0,0,0,0,0,0,0,0,0,0,0,0,0,0,0,0,0,0,0,0,0,0,0,0,0,0,0,0,0,0,0,0,0,0,0,0,0,0,0,0,0,0,0,0,0,0,0,0,0,0,0,0,0,0,0,0,0,0,0,0,0,0,0,0,0,0,0,0,0,0,0,0,0,0,0,0,0,0,0,0,0,0,0,0,0,0,0,0,0,0,0,0,0,0,0,0,0,0,0,0,0,0,0,0,0,0,0,0,0,0,0,0,0,0,0,0,0,0,0,0,0,0,0,0,0,0,0,0
STAT,(NULL),Refine,185,2345,2345,0,0,0,0,0,0,0,0,0,0,0,0,0,0,0,0,0,0,0,0,0,0,0,0,0,0,0,0,0,0,0,0,0,0,0,0,0,0,0,0,0,0,0,0,0,0,0,0,0,0,0,0,0,0,0,0,0,0,0,0,0,0,0,0,0,0,0,0,0,0,0,0,0,0,0,0,0,0,0,0,0,0,0,0,0,0,0,0,0,0,0,0,0,0,0,0,0,0,0,0,0,0,0,0,0,0,0,0,0,0,0,0,0,0,0,0,0,0,0,0,0,0,0,0,0,0,0,0,0,0,0,0,0,0,0,0,0,0,0,0,0,0,0,0,0,0,0,0,0,0,0,0,0,0,0,0,0,0,0,0,0,0,0,0,0,0,0,0,0,0,0,0,0,0,0,0,0,0,0,0,0,0,0,0
STAT,(NULL),Threads,185,185,185,0,0,0,0,0,0,0,0,0,0,0,0,0,0,0,0,0,0,0,0,0,0,0,0,0,0,0,0,0,0,0,0,0,0,0,0,0,0,0,0,0,0,0,0,0,0,0,0,0,0,0,0,0,0,0,0,0,0,0,0,0,0,0,0,0,0,0,0,0,0,0,0,0,0,0,0,0,0,0,0,0,0,0,0,0,0,0,0,0,0,0,0,0,0,0,0,0,0,0,0,0,0,0,0,0,0,0,0,0,0,0,0,0,0,0,0,0,0,0,0,0,0,0,0,0,0,0,0,0,0,0,0,0,0,0,0,0,0,0,0,0,0,0,0,0,0,0,0,0,0,0,0,0,0,0,0,0,0,0,0,0,0,0,0,0,0,0,0,0,0,0,0,0,0,0,0,0,0,0,0,0,0,0,0
STAT,(NULL),Time,185,6634,6634,0,0,0,0,0,0,0,0,0,0,0,0,0,0,0,0,0,0,0,0,0,0,0,0,0,0,0,0,0,0,0,0,0,0,0,0,0,0,0,0,0,0,0,0,0,0,0,0,0,0,0,0,0,0,0,0,0,0,0,0,0,0,0,0,0,0,0,0,0,0,0,0,0,0,0,0,0,0,0,0,0,0,0,0,0,0,0,0,0,0,0,0,0,0,0,0,0,0,0,0,0,0,0,0,0,0,0,0,0,0,0,0,0,0,0,0,0,0,0,0,0,0,0,0,0,0,0,0,0,0,0,0,0,0,0,0,0,0,0,0,0,0,0,0,0,0,0,0,0,0,0,0,0,0,0,0,0,0,0,0,0,0,0,0,0,0,0,0,0,0,0,0,0,0,0,0,0,0,0,0,0,0,0,0
STAT,match,Conflicts,185,6105,48,46,32,53,38,43,46,54,49,42,50,55,41,49,65,52,51,43,42,39,43,54,42,44,48,41,50,48,52,45,46,42,41,43,42,38,38,41,46,38,39,40,42,35,36,49,40,42,34,36,36,34,43,37,48,33,40,34,34,42,42,27,23,22,23,22,30,18,29,30,34,24,28,27,21,31,32,28,28,34,28,26,30,31,28,30,26,30,32,29,29,30,35,31,33,33,23,27,20,28,25,28,23,38,28,36,26,22,26,27,25,30,34,27,31,35,26,35,29,20,26,27,29,22,22,26,29,26,27,21,21,29,24,27,26,21,26,27,33,30,35,36,25,31,26,26,30,30,30,25,30,29,28,27,26,25,29,31,21,29,32,30,28,33,23,26,27,33,23,32,26,32,25,25,29,27,29,28,35,27,36,31,29,25,29
STAT,match,Iterations,185,15012792,55055,66460,87736,86946,78032,80807,74693,50537,55768,87122,69176,67009,91196,49006,56734,69443,71442,79774,85796,70707,74855,61127,67621,78410,72017,62419,54484,87815,85758,63433,70548,67619,91201,63874,87714,74515,52794,69519,68499,76498,81241,64911,76618,80221,79997,51914,66744,71192,79310,94079,82400,82037,68474,72366,71709,78587,78021,70189,61912,72480,87521,64520,86568,84211,95822,102503,68040,107162,67798,91066,88142,96303,89992,70154,98566,84311,105828,114332,103134,101693,79186,84103,85884,76165,76988,75906,86378,82122,75084,81576,85388,89272,76571,79723,62898,76741,95830,55063,100938,80170,87754,99985,69010,83158,90275,84462,95691,88360,75909,89178,98042,90727,81213,82690,90759,91452,83810,94697,82774,97578,94579,68402,75264,89234,86108,81271,67761,94312,84425,102521,80472,84976,82329,94340,96605,78235,99846,76811,84217,85163,78290,78360,88367,91424,92911,104929,84718,98137,80192,97208,93996,78896,79268,56434,84692,84874,94925,81037,94805,109678,67984,77339,102776,82598,84922,95300,81854,92529,99146,82869,81738,73735,84275,73874,81380,77443,72626,87593,82087,68348,61621,96131,66325,72937,85613
STAT,popedge,Conflicts,185,0,0,0,0,0,0,0,0,0,0,0,0,0,0,0,0,0,0,0,0,0,0,0,0,0,0,0,0,0,0,0,0,0,0,0,0,0,0,0,0,0,0,0,0,0,0,0,0,0,0,0,0,0,0,0,0,0,0,0,0,0,0,0,0,0,0,0,0,0,0,0,0,0,0,0,0,0,0,0,0,0,0,0,0,0,0,0,0,0,0,0,0,0,0,0,0,0,0,0,0,0,0,0,0,0,0,0,0,0,0,0,0,0,0,0,0,0,0,0,0,0,0,0,0,0,0,0,0,0,0,0,0,0,0,0,0,0,0,0,0,0,0,0,0,0,0,0,0,0,0,0,0,0,0,0,0,0,0,0,0,0,0,0,0,0,0,0,0,0,0,0,0,0,0,0,0,0,0,0,0,0,0,0,0,0,0
STAT,popedge,Iterations,185,7353810,34367,35540,38462,36365,39250,39606,37918,37237,39392,39184,38200,38456,38787,40840,40595,39965,39869,39011,38770,39212,39294,41007,38545,40582,39046,39381,36018,39121,38004,39253,40249,38643,38996,39438,38451,40624,40981,41849,40411,40405,41171,39209,40888,37512,38458,41688,40060,40903,40129,39080,39761,37521,42888,39901,41443,41784,39969,41707,41824,41515,39518,33134,35946,40564,38834,37309,37784,36846,38121,36401,37116,37078,38561,39325,40563,38896,39031,38869,41809,38120,37969,39084,40468,38640,38678,38069,37335,36507,39489,37831,37073,39457,39287,40006,41860,41650,40778,41808,41728,41381,41056,41025,38974,39279,38984,40134,42502,39823,41160,39336,41306,41035,40278,41538,38747,39797,41372,39947,40239,41663,41357,40019,34870,34548,37723,39728,39412,41232,38271,37413,40200,39879,40767,40874,38331,38908,42304,39634,39311,39510,39853,38559,38436,39986,37460,41053,39268,39414,37331,40455,38888,40171,40204,39020,40966,42379,40951,40619,39269,41939,41976,44063,42061,42234,42205,40193,43338,43476,41255,42820,40048,43791,43584,43751,42236,43919,42503,41587,40943,44276,40865,41964,40717,33394,36246
STAT,refine,Conflicts,185,5646,106,104,95,106,91,88,101,91,87,81,81,85,79,89,89,66,57,61,54,71,69,62,53,64,72,52,68,56,55,67,57,33,37,32,37,38,24,34,35,47,29,24,42,37,37,39,36,42,36,43,32,27,30,29,41,34,30,29,48,41,40,18,18,21,19,15,18,15,31,22,15,29,14,15,19,18,19,19,20,13,13,22,25,8,11,23,13,29,11,17,20,21,17,22,16,14,24,8,22,22,25,22,16,19,15,17,20,14,17,17,17,15,11,15,15,24,12,15,19,27,24,16,11,12,22,13,13,11,17,22,22,15,22,16,32,20,19,10,14,25,19,23,19,25,19,20,24,20,22,12,17,9,17,15,16,21,18,13,19,17,18,18,15,17,14,18,21,15,18,19,18,28,21,12,13,16,11,14,22,17,16,18,23,18,17
STAT,refine,Iterations,185,42439,358,463,349,354,336,348,358,335,390,352,374,344,396,400,298,257,299,311,350,410,278,317,194,345,291,240,307,301,274,217,250,223,230,133,205,137,123,146,145,322,186,181,246,171,320,197,209,200,273,256,188,193,111,125,226,158,166,159,247,336,280,206,210,151,170,255,224,209,182,278,209,217,251,283,252,222,254,220,263,186,138,292,381,219,236,247,141,238,202,187,156,211,326,212,175,178,186,98,196,163,213,183,98,181,213,257,366,246,304,200,332,180,222,92,127,190,137,240,190,236,313,224,310,237,216,137,148,123,193,189,190,241,182,186,461,272,280,202,173,222,202,252,156,353,174,242,232,349,243,158,215,152,144,146,178,292,262,125,178,182,153,196,140,185,209,208,221,274,196,221,184,216,226,160,81,145,145,143,153,182,162,288,195,248,355
