Hello from MIC
Galois Benchmark Suite v2.2.0 (r0)
Copyright (C) 2013 The University of Texas at Austin
http://iss.ices.utexas.edu/galois/

application: GMetis
Partitions a graph into K parts and minimizing the graph cut
http://iss.ices.utexas.edu/?p=projects/galois/benchmarks/gMetis

INFO: CommandLine /work/02556/dpereira/MIC/apps/gmetis/gmetis -t=152 /work/02556/dpereira/Inputs/USA-road-d.W.gr 1024
INFO: Hostname c558-402-mic0.stampede.tacc.utexas.edu
Created Graph with 6262104 nodes and 15248146 edges
Nodes 6262104| Edges 15248146 7624073

  Starting coarsening: 
Time coarsen:  2267 Size of final graph: 21970

  Sarting initial partitioning using GGGP:
Size in decade percentages:  -1,66 -0,895 1,63
Time clustering:  1039

  Sarting refinnement with BKL2
Initial dist
Size in decade percentages:  -1,66 -0,895 1,63
Refined dist
Size in decade percentages:  -1,370 0,279 1,374 4,1
Time refinement:  1335


Time:  4820
Total edge cut : 31813

Part saved in : 0x7fff8b6a67e0
STATTYPE,LOOP,CATEGORY,n,sum,T0,T1,T2,T3,T4,T5,T6,T7,T8,T9,T10,T11,T12,T13,T14,T15,T16,T17,T18,T19,T20,T21,T22,T23,T24,T25,T26,T27,T28,T29,T30,T31,T32,T33,T34,T35,T36,T37,T38,T39,T40,T41,T42,T43,T44,T45,T46,T47,T48,T49,T50,T51,T52,T53,T54,T55,T56,T57,T58,T59,T60,T61,T62,T63,T64,T65,T66,T67,T68,T69,T70,T71,T72,T73,T74,T75,T76,T77,T78,T79,T80,T81,T82,T83,T84,T85,T86,T87,T88,T89,T90,T91,T92,T93,T94,T95,T96,T97,T98,T99,T100,T101,T102,T103,T104,T105,T106,T107,T108,T109,T110,T111,T112,T113,T114,T115,T116,T117,T118,T119,T120,T121,T122,T123,T124,T125,T126,T127,T128,T129,T130,T131,T132,T133,T134,T135,T136,T137,T138,T139,T140,T141,T142,T143,T144,T145,T146,T147,T148,T149,T150,T151
STAT,(NULL),Coarsen,152,2267,2267,0,0,0,0,0,0,0,0,0,0,0,0,0,0,0,0,0,0,0,0,0,0,0,0,0,0,0,0,0,0,0,0,0,0,0,0,0,0,0,0,0,0,0,0,0,0,0,0,0,0,0,0,0,0,0,0,0,0,0,0,0,0,0,0,0,0,0,0,0,0,0,0,0,0,0,0,0,0,0,0,0,0,0,0,0,0,0,0,0,0,0,0,0,0,0,0,0,0,0,0,0,0,0,0,0,0,0,0,0,0,0,0,0,0,0,0,0,0,0,0,0,0,0,0,0,0,0,0,0,0,0,0,0,0,0,0,0,0,0,0,0,0,0,0,0,0,0,0,0,0,0
STAT,(NULL),Conflicts,152,0,0,0,0,0,0,0,0,0,0,0,0,0,0,0,0,0,0,0,0,0,0,0,0,0,0,0,0,0,0,0,0,0,0,0,0,0,0,0,0,0,0,0,0,0,0,0,0,0,0,0,0,0,0,0,0,0,0,0,0,0,0,0,0,0,0,0,0,0,0,0,0,0,0,0,0,0,0,0,0,0,0,0,0,0,0,0,0,0,0,0,0,0,0,0,0,0,0,0,0,0,0,0,0,0,0,0,0,0,0,0,0,0,0,0,0,0,0,0,0,0,0,0,0,0,0,0,0,0,0,0,0,0,0,0,0,0,0,0,0,0,0,0,0,0,0,0,0,0,0,0,0,0
STAT,(NULL),Iterations,152,2047,11,7,11,8,13,7,11,14,13,7,8,12,6,23,7,11,10,7,13,17,13,21,15,10,17,10,6,7,14,18,27,14,24,13,25,16,11,22,15,18,14,13,10,14,11,16,10,14,19,11,14,19,6,24,11,25,21,4,17,11,19,10,7,7,6,6,7,11,14,12,3,16,16,13,18,14,9,10,8,11,13,13,15,9,12,12,8,10,19,15,21,20,23,25,12,22,12,19,33,16,23,10,17,13,13,16,13,20,17,11,22,23,20,17,17,10,24,17,13,13,11,17,16,4,16,14,10,6,12,8,15,8,11,4,7,16,5,14,12,15,6,9,15,13,12,8,14,8,11,11,13,15
STAT,(NULL),MeminfoPost,152,756529,4982,4977,4994,4979,4980,4979,4963,4983,4999,5035,5007,4960,4970,4969,4991,4981,4994,4986,4985,4961,4965,4988,4990,4969,4961,4975,4969,4995,4989,4982,4985,4965,4978,4990,5009,5027,4981,4970,4968,4983,4982,4990,4985,4986,4967,4969,4972,4996,4972,4971,4967,4981,4982,4975,5014,4978,4976,4988,4976,4981,4969,4968,4966,4982,4951,4975,4989,4980,4967,4973,4969,4954,4960,4976,4975,5011,4991,4959,4967,4989,4971,4950,4954,4976,4984,4991,4989,4976,4972,4969,4969,4972,4964,4956,4956,4961,4985,4960,4967,5004,5011,5000,4968,4966,4987,4957,4952,4977,4985,4991,4973,4968,4976,4966,4966,4955,4965,4974,4958,4979,5013,5009,4992,4969,4968,4956,4976,4997,5015,4989,5008,4974,4965,4977,4970,4974,4960,4953,4965,4957,4997,4955,4956,4954,4969,4971,4969,4972,4982,4975,4972,4977
STAT,(NULL),MeminfoPre,152,189113,1249,1244,1261,1246,1247,1246,1230,1250,1266,1302,1274,1227,1237,1236,1258,1248,1261,1253,1252,1228,1232,1255,1257,1236,1228,1242,1236,1262,1256,1249,1252,1232,1245,1257,1276,1294,1248,1237,1235,1250,1249,1257,1252,1253,1234,1236,1239,1263,1239,1238,1234,1248,1249,1242,1281,1245,1243,1255,1243,1248,1236,1235,1233,1249,1218,1242,1256,1247,1234,1240,1236,1221,1227,1243,1242,1278,1258,1226,1234,1256,1238,1217,1221,1243,1251,1258,1256,1243,1239,1236,1236,1239,1231,1223,1223,1228,1252,1227,1234,1271,1278,1267,1235,1233,1254,1224,1219,1244,1252,1258,1240,1235,1243,1233,1233,1222,1232,1241,1225,1246,1280,1276,1259,1236,1235,1223,1243,1264,1282,1256,1275,1241,1232,1244,1237,1241,1227,1220,1232,1224,1264,1222,1223,1221,1236,1238,1236,1239,1249,1242,1239,1244
STAT,(NULL),Partition,152,1039,1039,0,0,0,0,0,0,0,0,0,0,0,0,0,0,0,0,0,0,0,0,0,0,0,0,0,0,0,0,0,0,0,0,0,0,0,0,0,0,0,0,0,0,0,0,0,0,0,0,0,0,0,0,0,0,0,0,0,0,0,0,0,0,0,0,0,0,0,0,0,0,0,0,0,0,0,0,0,0,0,0,0,0,0,0,0,0,0,0,0,0,0,0,0,0,0,0,0,0,0,0,0,0,0,0,0,0,0,0,0,0,0,0,0,0,0,0,0,0,0,0,0,0,0,0,0,0,0,0,0,0,0,0,0,0,0,0,0,0,0,0,0,0,0,0,0,0,0,0,0,0,0
STAT,(NULL),Refine,152,1335,1335,0,0,0,0,0,0,0,0,0,0,0,0,0,0,0,0,0,0,0,0,0,0,0,0,0,0,0,0,0,0,0,0,0,0,0,0,0,0,0,0,0,0,0,0,0,0,0,0,0,0,0,0,0,0,0,0,0,0,0,0,0,0,0,0,0,0,0,0,0,0,0,0,0,0,0,0,0,0,0,0,0,0,0,0,0,0,0,0,0,0,0,0,0,0,0,0,0,0,0,0,0,0,0,0,0,0,0,0,0,0,0,0,0,0,0,0,0,0,0,0,0,0,0,0,0,0,0,0,0,0,0,0,0,0,0,0,0,0,0,0,0,0,0,0,0,0,0,0,0,0,0
STAT,(NULL),Threads,152,152,152,0,0,0,0,0,0,0,0,0,0,0,0,0,0,0,0,0,0,0,0,0,0,0,0,0,0,0,0,0,0,0,0,0,0,0,0,0,0,0,0,0,0,0,0,0,0,0,0,0,0,0,0,0,0,0,0,0,0,0,0,0,0,0,0,0,0,0,0,0,0,0,0,0,0,0,0,0,0,0,0,0,0,0,0,0,0,0,0,0,0,0,0,0,0,0,0,0,0,0,0,0,0,0,0,0,0,0,0,0,0,0,0,0,0,0,0,0,0,0,0,0,0,0,0,0,0,0,0,0,0,0,0,0,0,0,0,0,0,0,0,0,0,0,0,0,0,0,0,0,0,0
STAT,(NULL),Time,152,4820,4820,0,0,0,0,0,0,0,0,0,0,0,0,0,0,0,0,0,0,0,0,0,0,0,0,0,0,0,0,0,0,0,0,0,0,0,0,0,0,0,0,0,0,0,0,0,0,0,0,0,0,0,0,0,0,0,0,0,0,0,0,0,0,0,0,0,0,0,0,0,0,0,0,0,0,0,0,0,0,0,0,0,0,0,0,0,0,0,0,0,0,0,0,0,0,0,0,0,0,0,0,0,0,0,0,0,0,0,0,0,0,0,0,0,0,0,0,0,0,0,0,0,0,0,0,0,0,0,0,0,0,0,0,0,0,0,0,0,0,0,0,0,0,0,0,0,0,0,0,0,0,0
STAT,match,Conflicts,152,5852,60,54,55,62,65,50,58,58,61,57,39,55,45,54,52,38,50,53,48,45,52,56,49,61,56,50,57,54,55,53,52,41,41,43,46,39,48,40,44,45,36,43,48,49,52,37,37,48,30,41,41,41,41,40,37,37,34,32,34,37,49,25,30,21,42,30,36,33,29,26,35,23,35,29,30,33,27,37,37,25,30,41,39,39,31,32,27,41,30,32,37,31,29,38,29,37,32,35,35,35,36,32,31,36,34,30,28,34,36,35,28,36,36,32,27,32,27,24,32,28,33,29,19,30,29,36,32,29,33,31,29,26,37,34,33,31,34,34,36,32,29,33,38,33,35,43,32,35,53,44,37,31
STAT,match,Iterations,152,14980590,59727,65085,82208,64855,66376,79331,78565,76414,74597,78111,92009,79874,97062,76231,74742,87289,82916,74332,76545,89694,81688,84598,81072,75074,89081,70598,82880,87880,78081,81905,101140,101046,102715,97236,104303,94619,87871,121924,99785,99343,110718,83591,79870,89574,85102,94940,88076,90240,113199,104354,103052,95190,100099,91336,102715,89707,98553,108943,100992,107631,94508,100491,98579,103415,86328,97025,84730,93541,106388,98275,84716,120771,92283,103232,107424,91596,107756,100211,98839,91852,116572,102260,92893,92160,114039,97643,114931,106707,103931,100124,104694,115123,119891,119631,113046,135641,107193,123006,117866,118752,118592,109521,124047,102309,109249,128272,119550,98551,103337,124290,106572,112466,106706,132480,123098,107021,108550,123688,107845,126707,115630,111559,98886,98973,91457,95242,101359,100629,96934,100870,103947,99454,99549,91434,104059,90269,100474,104123,97668,106889,95085,105218,94174,105115,92998,82790,116682,90409,102996,91532,97044,109544
STAT,popedge,Conflicts,152,0,0,0,0,0,0,0,0,0,0,0,0,0,0,0,0,0,0,0,0,0,0,0,0,0,0,0,0,0,0,0,0,0,0,0,0,0,0,0,0,0,0,0,0,0,0,0,0,0,0,0,0,0,0,0,0,0,0,0,0,0,0,0,0,0,0,0,0,0,0,0,0,0,0,0,0,0,0,0,0,0,0,0,0,0,0,0,0,0,0,0,0,0,0,0,0,0,0,0,0,0,0,0,0,0,0,0,0,0,0,0,0,0,0,0,0,0,0,0,0,0,0,0,0,0,0,0,0,0,0,0,0,0,0,0,0,0,0,0,0,0,0,0,0,0,0,0,0,0,0,0,0,0
STAT,popedge,Iterations,152,7341317,44008,46825,44755,45186,44171,46679,45475,45619,46401,45679,43327,45208,45304,46643,46839,44203,43078,46814,46756,48612,47428,45260,48852,47922,47746,46835,47303,46194,45100,46239,53825,51381,56721,51054,54446,50983,52338,54709,52486,53327,50807,52948,53983,52627,50629,55227,54267,52411,51934,52914,50882,49821,49670,51459,48990,49409,48928,47663,49372,47570,50330,43853,43038,42272,46155,41665,44361,43994,45163,44466,44773,45458,44936,43620,44557,44680,45380,45897,47331,45791,45495,47676,46050,50401,44289,47352,46634,45744,46096,45268,47547,56468,53600,53869,52362,54437,50965,53334,54957,52193,52673,52072,53975,54309,51960,51873,51373,53619,53240,51990,55128,51471,50670,49765,50379,52815,52613,49154,50339,52344,52998,49780,43412,42720,43932,43599,41723,46272,44175,45776,46334,43752,46555,47667,47967,44967,44405,44980,46176,45286,45710,48793,47671,44633,48872,46648,46944,48285,46931,45363,45447,46083
STAT,refine,Conflicts,152,4950,99,79,73,82,75,69,77,63,65,60,58,57,63,67,64,44,45,55,45,47,49,42,54,48,46,47,50,58,43,51,40,42,42,37,48,38,33,42,46,36,31,36,30,38,38,33,33,24,42,30,26,38,45,28,36,45,42,36,43,33,37,21,19,17,20,17,22,18,25,25,21,22,28,18,26,31,18,19,21,15,19,19,22,22,30,21,23,27,27,24,25,25,25,29,25,30,27,23,22,32,23,18,25,27,27,24,16,25,25,22,16,28,17,38,23,26,29,27,25,21,32,19,15,18,25,20,15,19,24,19,22,13,24,22,23,13,22,23,15,18,21,16,23,13,27,23,19,19,17,23,19,24
STAT,refine,Iterations,152,432444,2203,2327,2612,2094,2214,3280,2151,2676,2586,2661,3139,1897,2761,1711,2394,2351,2480,2531,2750,2063,2451,2103,2400,1928,2940,2196,2466,2844,2900,2683,2919,2693,3621,2812,4608,3624,2888,3162,3350,3558,3336,3088,2196,3127,3050,2259,2513,2772,3356,3232,2132,3125,2844,2746,3491,3229,3102,2937,3437,3637,3412,2308,2849,2368,2392,2137,3209,2442,3001,2541,2513,2827,2296,2679,2411,2814,2796,2209,2690,2096,2713,2401,2043,2429,2893,3273,2979,2735,2846,3028,2726,3729,3310,3612,2994,4048,3955,3695,3153,3976,3973,3077,3816,2630,3205,3220,2389,3205,3374,3365,3402,3036,2991,3386,3592,3574,3375,3122,3077,3914,3871,3904,2748,2683,2224,2552,2020,3647,3003,3255,3085,2291,2582,2340,3001,1974,2720,2089,2267,2397,2396,2139,2018,2115,2778,2117,3090,2521,2588,2928,3089,3125
