Hello from MIC
Galois Benchmark Suite v2.2.0 (r0)
Copyright (C) 2013 The University of Texas at Austin
http://iss.ices.utexas.edu/galois/

application: GMetis
Partitions a graph into K parts and minimizing the graph cut
http://iss.ices.utexas.edu/?p=projects/galois/benchmarks/gMetis

INFO: CommandLine /work/02556/dpereira/MIC/apps/gmetis/gmetis -t=84 /work/02556/dpereira/Inputs/USA-road-d.W.gr 1024
INFO: Hostname c558-304-mic0.stampede.tacc.utexas.edu
Created Graph with 6262104 nodes and 15248146 edges
Nodes 6262104| Edges 15248146 7624073

  Starting coarsening: 
Time coarsen:  2163 Size of final graph: 21502

  Sarting initial partitioning using GGGP:
Size in decade percentages:  -1,74 -0,869 1,81
Time clustering:  870

  Sarting refinnement with BKL2
Initial dist
Size in decade percentages:  -1,74 -0,869 1,81
Refined dist
Size in decade percentages:  -1,361 0,285 1,377 2,1
Time refinement:  958


Time:  4165
Total edge cut : 31582

Part saved in : 0x7fff2126c9e0
STATTYPE,LOOP,CATEGORY,n,sum,T0,T1,T2,T3,T4,T5,T6,T7,T8,T9,T10,T11,T12,T13,T14,T15,T16,T17,T18,T19,T20,T21,T22,T23,T24,T25,T26,T27,T28,T29,T30,T31,T32,T33,T34,T35,T36,T37,T38,T39,T40,T41,T42,T43,T44,T45,T46,T47,T48,T49,T50,T51,T52,T53,T54,T55,T56,T57,T58,T59,T60,T61,T62,T63,T64,T65,T66,T67,T68,T69,T70,T71,T72,T73,T74,T75,T76,T77,T78,T79,T80,T81,T82,T83
STAT,(NULL),Coarsen,84,2163,2163,0,0,0,0,0,0,0,0,0,0,0,0,0,0,0,0,0,0,0,0,0,0,0,0,0,0,0,0,0,0,0,0,0,0,0,0,0,0,0,0,0,0,0,0,0,0,0,0,0,0,0,0,0,0,0,0,0,0,0,0,0,0,0,0,0,0,0,0,0,0,0,0,0,0,0,0,0,0,0,0,0,0,0
STAT,(NULL),Conflicts,84,0,0,0,0,0,0,0,0,0,0,0,0,0,0,0,0,0,0,0,0,0,0,0,0,0,0,0,0,0,0,0,0,0,0,0,0,0,0,0,0,0,0,0,0,0,0,0,0,0,0,0,0,0,0,0,0,0,0,0,0,0,0,0,0,0,0,0,0,0,0,0,0,0,0,0,0,0,0,0,0,0,0,0,0,0
STAT,(NULL),Iterations,84,2047,11,16,18,29,19,13,26,27,11,21,24,18,25,11,20,25,16,17,20,11,17,20,26,25,26,21,37,30,24,23,31,41,37,17,25,25,13,18,25,38,28,34,34,24,33,22,22,31,21,29,26,26,31,42,22,23,33,24,35,32,42,19,24,23,23,26,24,15,29,54,22,13,20,19,16,25,23,23,26,24,25,20,19,24
STAT,(NULL),MeminfoPost,84,756440,9005,9029,9006,9007,9020,9087,8991,9002,9026,9018,8995,9000,9015,8987,8996,9034,9005,9003,9030,9092,8990,8996,9021,9027,8999,8994,9020,8987,9013,9006,9035,9015,9007,8999,8995,8972,9014,9004,8992,8975,8986,9042,9005,8987,9005,8961,9015,9032,9005,8987,8990,8971,8975,8999,8998,9060,9015,9006,8963,9003,9030,8987,8993,8976,8976,8989,9056,9047,8992,8980,9049,9044,9018,8996,8992,8980,8975,9004,8961,8967,9001,9005,9006,9002
STAT,(NULL),MeminfoPre,84,189104,2251,2275,2252,2253,2266,2333,2237,2248,2272,2264,2241,2246,2261,2233,2242,2280,2251,2249,2276,2338,2236,2242,2267,2273,2245,2240,2266,2233,2259,2252,2281,2261,2253,2245,2241,2218,2260,2250,2238,2221,2232,2288,2251,2233,2251,2207,2261,2278,2251,2233,2236,2217,2221,2245,2244,2306,2261,2252,2209,2249,2276,2233,2239,2222,2222,2235,2302,2293,2238,2226,2295,2290,2264,2242,2238,2226,2221,2250,2207,2213,2247,2251,2252,2248
STAT,(NULL),Partition,84,870,870,0,0,0,0,0,0,0,0,0,0,0,0,0,0,0,0,0,0,0,0,0,0,0,0,0,0,0,0,0,0,0,0,0,0,0,0,0,0,0,0,0,0,0,0,0,0,0,0,0,0,0,0,0,0,0,0,0,0,0,0,0,0,0,0,0,0,0,0,0,0,0,0,0,0,0,0,0,0,0,0,0,0,0
STAT,(NULL),Refine,84,958,958,0,0,0,0,0,0,0,0,0,0,0,0,0,0,0,0,0,0,0,0,0,0,0,0,0,0,0,0,0,0,0,0,0,0,0,0,0,0,0,0,0,0,0,0,0,0,0,0,0,0,0,0,0,0,0,0,0,0,0,0,0,0,0,0,0,0,0,0,0,0,0,0,0,0,0,0,0,0,0,0,0,0,0
STAT,(NULL),Threads,84,84,84,0,0,0,0,0,0,0,0,0,0,0,0,0,0,0,0,0,0,0,0,0,0,0,0,0,0,0,0,0,0,0,0,0,0,0,0,0,0,0,0,0,0,0,0,0,0,0,0,0,0,0,0,0,0,0,0,0,0,0,0,0,0,0,0,0,0,0,0,0,0,0,0,0,0,0,0,0,0,0,0,0,0,0
STAT,(NULL),Time,84,4165,4165,0,0,0,0,0,0,0,0,0,0,0,0,0,0,0,0,0,0,0,0,0,0,0,0,0,0,0,0,0,0,0,0,0,0,0,0,0,0,0,0,0,0,0,0,0,0,0,0,0,0,0,0,0,0,0,0,0,0,0,0,0,0,0,0,0,0,0,0,0,0,0,0,0,0,0,0,0,0,0,0,0,0,0
STAT,match,Conflicts,84,5655,143,134,142,98,95,86,118,103,86,100,127,85,78,97,110,96,91,105,79,77,104,91,86,54,63,56,69,57,56,65,46,48,46,53,47,50,56,47,52,51,57,48,55,58,42,50,53,60,41,35,49,46,54,51,50,48,56,43,50,48,58,58,59,70,49,42,61,58,55,43,55,75,49,53,59,64,77,63,70,45,62,70,63,56
STAT,match,Iterations,84,14949738,128946,151739,144257,158567,153868,147594,164453,132792,138215,161627,143039,172296,165028,165061,158028,166366,167374,163466,148266,148781,158199,175200,158007,184887,185798,187946,193863,189453,175719,198363,180435,196511,183568,200549,197103,204024,181729,195395,204297,191799,189845,178436,183142,191407,194835,215619,190714,181269,196011,204626,197052,186101,190162,198039,183020,173683,198949,198482,201574,184400,179001,164002,180138,184559,176830,178570,151951,168408,167370,188795,189689,180965,190721,194835,191669,180799,176478,183119,192973,166414,168784,185225,176685,171784
STAT,popedge,Conflicts,84,0,0,0,0,0,0,0,0,0,0,0,0,0,0,0,0,0,0,0,0,0,0,0,0,0,0,0,0,0,0,0,0,0,0,0,0,0,0,0,0,0,0,0,0,0,0,0,0,0,0,0,0,0,0,0,0,0,0,0,0,0,0,0,0,0,0,0,0,0,0,0,0,0,0,0,0,0,0,0,0,0,0,0,0,0
STAT,popedge,Iterations,84,7328514,85006,81617,83684,81780,79568,78326,81340,83263,79527,81007,89020,85789,85170,87777,85515,80360,82663,88570,73973,80197,87532,83324,80696,91923,92178,95946,93695,94249,86184,91186,87881,91118,85190,87149,92069,94558,92285,88333,90442,92475,90591,89351,95111,95741,97479,94077,94855,95746,92709,92414,98774,97079,95893,92478,98137,92056,89040,90790,95774,95099,90698,81094,78710,80213,79127,79177,78126,79944,79119,75018,82345,86937,87884,85249,86156,89383,89512,83530,85947,72889,86950,85080,87455,82212
STAT,refine,Conflicts,84,3847,92,88,79,81,80,70,69,65,79,58,76,58,66,75,60,63,53,56,60,48,56,49,47,65,61,47,59,55,47,62,47,49,32,42,49,33,44,41,36,40,57,41,45,28,32,28,49,35,36,39,39,31,34,45,41,32,41,38,29,26,43,29,31,31,31,38,32,37,36,39,26,29,27,30,26,26,26,39,27,30,30,36,37,28
STAT,refine,Iterations,84,428394,3576,3563,3943,4442,4300,5527,4490,4313,4305,4776,4693,4339,4793,4299,4148,4258,4010,4210,4894,5814,4368,5161,4734,6274,5537,5818,5814,5258,4854,6772,6594,6062,5481,5697,5389,4688,5959,5027,4988,4859,6696,5997,5817,5021,5632,4366,6249,6365,5283,5369,5175,5442,6061,7049,5885,6883,5963,4895,4314,5180,5452,4130,4276,4491,4823,4656,6181,4938,4750,4646,5577,4932,5380,4842,4774,4571,3851,4737,3938,4684,5706,4689,5605,5096
