Hello from MIC
Galois Benchmark Suite v2.2.0 (r0)
Copyright (C) 2013 The University of Texas at Austin
http://iss.ices.utexas.edu/galois/

application: GMetis
Partitions a graph into K parts and minimizing the graph cut
http://iss.ices.utexas.edu/?p=projects/galois/benchmarks/gMetis

INFO: CommandLine /work/02556/dpereira/MIC/apps/gmetis/gmetis -t=163 /work/02556/dpereira/Inputs/USA-road-d.W.gr 16
INFO: Hostname c558-002-mic0.stampede.tacc.utexas.edu
Created Graph with 6262104 nodes and 15248146 edges
Nodes 6262104| Edges 15248146 7624073

  Starting coarsening: 
Time coarsen:  3222 Size of final graph: 443

  Sarting initial partitioning using GGGP:
Size in decade percentages:  -1,1 -0,15
Time clustering:  371

  Sarting refinnement with BKL2
Initial dist
Size in decade percentages:  -1,1 -0,15
Refined dist
Size in decade percentages:  -1,5 -0,6 1,5
Time refinement:  1843


Time:  5614
Total edge cut : 1583

Part saved in : 0x7fff244b7b60
STATTYPE,LOOP,CATEGORY,n,sum,T0,T1,T2,T3,T4,T5,T6,T7,T8,T9,T10,T11,T12,T13,T14,T15,T16,T17,T18,T19,T20,T21,T22,T23,T24,T25,T26,T27,T28,T29,T30,T31,T32,T33,T34,T35,T36,T37,T38,T39,T40,T41,T42,T43,T44,T45,T46,T47,T48,T49,T50,T51,T52,T53,T54,T55,T56,T57,T58,T59,T60,T61,T62,T63,T64,T65,T66,T67,T68,T69,T70,T71,T72,T73,T74,T75,T76,T77,T78,T79,T80,T81,T82,T83,T84,T85,T86,T87,T88,T89,T90,T91,T92,T93,T94,T95,T96,T97,T98,T99,T100,T101,T102,T103,T104,T105,T106,T107,T108,T109,T110,T111,T112,T113,T114,T115,T116,T117,T118,T119,T120,T121,T122,T123,T124,T125,T126,T127,T128,T129,T130,T131,T132,T133,T134,T135,T136,T137,T138,T139,T140,T141,T142,T143,T144,T145,T146,T147,T148,T149,T150,T151,T152,T153,T154,T155,T156,T157,T158,T159,T160,T161,T162
STAT,(NULL),Coarsen,163,3222,3222,0,0,0,0,0,0,0,0,0,0,0,0,0,0,0,0,0,0,0,0,0,0,0,0,0,0,0,0,0,0,0,0,0,0,0,0,0,0,0,0,0,0,0,0,0,0,0,0,0,0,0,0,0,0,0,0,0,0,0,0,0,0,0,0,0,0,0,0,0,0,0,0,0,0,0,0,0,0,0,0,0,0,0,0,0,0,0,0,0,0,0,0,0,0,0,0,0,0,0,0,0,0,0,0,0,0,0,0,0,0,0,0,0,0,0,0,0,0,0,0,0,0,0,0,0,0,0,0,0,0,0,0,0,0,0,0,0,0,0,0,0,0,0,0,0,0,0,0,0,0,0,0,0,0,0,0,0,0,0,0,0,0
STAT,(NULL),Conflicts,163,0,0,0,0,0,0,0,0,0,0,0,0,0,0,0,0,0,0,0,0,0,0,0,0,0,0,0,0,0,0,0,0,0,0,0,0,0,0,0,0,0,0,0,0,0,0,0,0,0,0,0,0,0,0,0,0,0,0,0,0,0,0,0,0,0,0,0,0,0,0,0,0,0,0,0,0,0,0,0,0,0,0,0,0,0,0,0,0,0,0,0,0,0,0,0,0,0,0,0,0,0,0,0,0,0,0,0,0,0,0,0,0,0,0,0,0,0,0,0,0,0,0,0,0,0,0,0,0,0,0,0,0,0,0,0,0,0,0,0,0,0,0,0,0,0,0,0,0,0,0,0,0,0,0,0,0,0,0,0,0,0,0,0,0
STAT,(NULL),Iterations,163,31,5,0,0,0,0,0,0,0,0,0,0,0,0,0,0,0,0,0,0,0,0,0,0,0,0,0,0,0,0,0,0,0,0,0,0,0,0,0,0,0,0,1,0,0,0,0,0,0,0,1,0,0,0,0,0,0,0,0,0,0,0,0,1,0,0,0,0,0,0,0,0,0,0,0,0,0,0,0,0,0,0,0,0,0,0,0,1,0,1,0,0,0,0,0,0,0,0,3,0,0,0,0,0,0,0,0,0,0,0,0,0,0,0,0,0,1,0,0,0,0,0,2,4,0,0,0,2,0,0,0,0,0,0,0,2,0,0,0,0,0,0,0,0,0,0,0,0,0,0,0,0,1,0,0,1,0,0,3,2,0,0,0,0
STAT,(NULL),MeminfoPost,163,757137,4651,4642,4657,4657,4645,4653,4633,4646,4652,4662,4711,4655,4632,4639,4636,4657,4656,4664,4646,4647,4636,4637,4639,4658,4654,4634,4630,4648,4632,4665,4655,4652,4637,4645,4645,4647,4663,4704,4672,4635,4642,4631,4651,4652,4659,4644,4665,4644,4635,4637,4655,4657,4635,4630,4642,4651,4651,4639,4682,4645,4642,4656,4647,4643,4647,4640,4630,4651,4629,4623,4646,4658,4646,4635,4642,4638,4624,4632,4640,4631,4673,4670,4640,4632,4635,4665,4628,4621,4624,4644,4650,4654,4660,4647,4646,4627,4647,4635,4639,4630,4623,4633,4625,4655,4630,4628,4668,4680,4673,4647,4630,4642,4649,4620,4628,4648,4654,4659,4642,4635,4644,4635,4637,4627,4627,4627,4647,4624,4666,4676,4678,4653,4638,4637,4625,4641,4659,4680,4660,4666,4664,4627,4648,4640,4646,4637,4626,4621,4632,4623,4675,4618,4618,4636,4629,4649,4627,4640,4646,4644,4647,4635,4650
STAT,(NULL),MeminfoPre,163,189245,1167,1158,1173,1173,1161,1169,1149,1162,1168,1178,1227,1171,1148,1155,1152,1173,1172,1180,1162,1163,1152,1153,1155,1174,1170,1150,1146,1164,1148,1181,1171,1168,1153,1161,1161,1163,1179,1220,1188,1151,1158,1147,1167,1168,1175,1160,1181,1160,1151,1153,1171,1173,1151,1146,1158,1167,1167,1155,1198,1161,1158,1172,1163,1159,1163,1156,1146,1167,1145,1139,1162,1174,1162,1151,1158,1154,1140,1148,1156,1147,1189,1186,1156,1148,1151,1181,1144,1137,1140,1160,1166,1170,1176,1163,1162,1143,1163,1151,1155,1146,1139,1149,1141,1171,1146,1144,1184,1196,1189,1163,1146,1158,1165,1136,1144,1164,1170,1175,1158,1151,1160,1151,1153,1143,1143,1143,1163,1140,1182,1192,1194,1169,1154,1153,1141,1157,1175,1196,1176,1182,1180,1143,1164,1156,1162,1153,1142,1137,1148,1139,1191,1134,1134,1152,1145,1165,1143,1156,1162,1160,1163,1151,1166
STAT,(NULL),Partition,163,371,371,0,0,0,0,0,0,0,0,0,0,0,0,0,0,0,0,0,0,0,0,0,0,0,0,0,0,0,0,0,0,0,0,0,0,0,0,0,0,0,0,0,0,0,0,0,0,0,0,0,0,0,0,0,0,0,0,0,0,0,0,0,0,0,0,0,0,0,0,0,0,0,0,0,0,0,0,0,0,0,0,0,0,0,0,0,0,0,0,0,0,0,0,0,0,0,0,0,0,0,0,0,0,0,0,0,0,0,0,0,0,0,0,0,0,0,0,0,0,0,0,0,0,0,0,0,0,0,0,0,0,0,0,0,0,0,0,0,0,0,0,0,0,0,0,0,0,0,0,0,0,0,0,0,0,0,0,0,0,0,0,0,0
STAT,(NULL),Refine,163,1843,1843,0,0,0,0,0,0,0,0,0,0,0,0,0,0,0,0,0,0,0,0,0,0,0,0,0,0,0,0,0,0,0,0,0,0,0,0,0,0,0,0,0,0,0,0,0,0,0,0,0,0,0,0,0,0,0,0,0,0,0,0,0,0,0,0,0,0,0,0,0,0,0,0,0,0,0,0,0,0,0,0,0,0,0,0,0,0,0,0,0,0,0,0,0,0,0,0,0,0,0,0,0,0,0,0,0,0,0,0,0,0,0,0,0,0,0,0,0,0,0,0,0,0,0,0,0,0,0,0,0,0,0,0,0,0,0,0,0,0,0,0,0,0,0,0,0,0,0,0,0,0,0,0,0,0,0,0,0,0,0,0,0,0
STAT,(NULL),Threads,163,163,163,0,0,0,0,0,0,0,0,0,0,0,0,0,0,0,0,0,0,0,0,0,0,0,0,0,0,0,0,0,0,0,0,0,0,0,0,0,0,0,0,0,0,0,0,0,0,0,0,0,0,0,0,0,0,0,0,0,0,0,0,0,0,0,0,0,0,0,0,0,0,0,0,0,0,0,0,0,0,0,0,0,0,0,0,0,0,0,0,0,0,0,0,0,0,0,0,0,0,0,0,0,0,0,0,0,0,0,0,0,0,0,0,0,0,0,0,0,0,0,0,0,0,0,0,0,0,0,0,0,0,0,0,0,0,0,0,0,0,0,0,0,0,0,0,0,0,0,0,0,0,0,0,0,0,0,0,0,0,0,0,0,0
STAT,(NULL),Time,163,5614,5614,0,0,0,0,0,0,0,0,0,0,0,0,0,0,0,0,0,0,0,0,0,0,0,0,0,0,0,0,0,0,0,0,0,0,0,0,0,0,0,0,0,0,0,0,0,0,0,0,0,0,0,0,0,0,0,0,0,0,0,0,0,0,0,0,0,0,0,0,0,0,0,0,0,0,0,0,0,0,0,0,0,0,0,0,0,0,0,0,0,0,0,0,0,0,0,0,0,0,0,0,0,0,0,0,0,0,0,0,0,0,0,0,0,0,0,0,0,0,0,0,0,0,0,0,0,0,0,0,0,0,0,0,0,0,0,0,0,0,0,0,0,0,0,0,0,0,0,0,0,0,0,0,0,0,0,0,0,0,0,0,0,0
STAT,match,Conflicts,163,6280,59,58,57,54,48,59,58,51,58,44,64,48,60,57,56,56,42,48,44,44,49,53,58,58,61,55,53,50,56,39,44,48,51,49,38,40,48,42,46,52,41,40,38,49,38,44,47,44,42,47,39,51,35,36,33,43,44,40,40,36,46,30,35,29,33,33,33,38,30,29,32,38,32,23,29,33,32,41,29,25,32,30,33,34,32,32,43,35,32,28,29,33,32,37,28,37,34,39,37,39,55,25,32,24,38,36,38,34,40,41,29,38,33,29,38,30,36,33,32,39,22,39,35,34,28,31,26,36,28,27,32,29,33,24,30,34,42,32,30,34,36,28,34,35,25,29,38,28,32,31,37,25,34,31,40,41,40,30,33,24,27,39,29
STAT,match,Iterations,163,15030631,60748,89811,75931,79526,83815,82189,83685,75918,76793,73231,71080,65366,67244,86259,78062,76865,78695,73287,99706,85443,72104,78101,78308,73321,56660,68718,81786,71054,67097,77911,86723,81797,82562,68294,93346,76597,75000,83169,72390,89405,69541,106202,93691,105223,89984,91548,78079,93249,91761,97726,102963,89510,84857,101094,101353,88776,90116,102877,87442,93413,113388,89191,91314,90927,85994,96037,92940,105959,86210,105059,90254,90628,94401,130280,108903,101905,92388,96368,81777,102227,84728,85154,89116,94248,105194,87956,65228,78658,113907,99577,87485,98222,82614,93615,83255,99466,92603,103792,82329,88650,76437,101567,121251,104223,113892,107965,91649,98001,100395,86249,108443,82629,117015,101218,104422,111262,98995,100730,101970,121662,138949,98619,109929,91062,93218,94931,97093,100949,80934,83172,102079,118695,116139,120713,96582,109349,79911,112595,100729,87760,89970,90398,83192,97221,105425,134618,81540,102736,104775,103240,89399,93863,97491,86339,90881,100905,83832,110730,83664,100077,92516,100124,104963
STAT,popedge,Conflicts,163,0,0,0,0,0,0,0,0,0,0,0,0,0,0,0,0,0,0,0,0,0,0,0,0,0,0,0,0,0,0,0,0,0,0,0,0,0,0,0,0,0,0,0,0,0,0,0,0,0,0,0,0,0,0,0,0,0,0,0,0,0,0,0,0,0,0,0,0,0,0,0,0,0,0,0,0,0,0,0,0,0,0,0,0,0,0,0,0,0,0,0,0,0,0,0,0,0,0,0,0,0,0,0,0,0,0,0,0,0,0,0,0,0,0,0,0,0,0,0,0,0,0,0,0,0,0,0,0,0,0,0,0,0,0,0,0,0,0,0,0,0,0,0,0,0,0,0,0,0,0,0,0,0,0,0,0,0,0,0,0,0,0,0,0
STAT,popedge,Iterations,163,7366568,42022,41483,42408,40292,42817,42460,41194,41321,43964,41549,43747,41822,43730,44639,44199,45585,42944,43304,42963,41792,44515,45290,43450,46566,44841,45656,46548,44770,45164,42873,44708,44384,44936,44296,42288,44468,45179,42927,42849,42731,42967,50126,48357,51799,49326,48558,51013,49625,50920,48174,51102,49036,51243,50442,48998,45571,48659,50488,47538,47488,48667,39737,40979,40845,39739,40812,41272,40948,39478,42088,43274,41893,41045,43531,44822,42506,44193,42432,44162,43370,40770,43493,43839,43421,46845,43559,44863,47058,46959,44951,45227,42696,46371,43404,46090,44988,43219,44244,45087,43441,45324,44673,50908,50558,51264,51808,50726,48556,51802,50161,50841,52475,49994,51982,51236,50865,46710,48164,50642,48627,49377,51188,41878,42297,38459,40323,41336,41428,45828,41016,42776,43477,45531,41382,44957,44073,43897,44124,44076,43595,46403,47643,43719,44286,46374,43503,47118,45737,44967,44819,45275,43631,42325,44030,44970,43172,46095,46313,47232,44817,45487,44670,45226
STAT,refine,Conflicts,163,5111,137,116,115,122,103,99,103,96,86,85,74,92,77,86,79,65,59,59,58,58,40,50,58,72,63,53,60,63,62,38,46,34,45,45,33,28,36,28,24,24,27,23,29,37,34,43,30,33,30,31,29,31,35,52,40,37,52,27,24,38,28,12,15,14,16,20,19,20,11,17,20,15,20,16,15,11,19,15,21,14,11,13,14,13,14,10,13,15,14,16,18,18,16,20,22,15,15,20,9,13,11,12,17,19,24,21,22,18,20,24,19,15,14,20,31,27,24,33,15,14,21,17,17,11,18,10,31,18,19,8,25,25,21,19,15,17,15,24,15,17,9,18,9,14,11,30,21,26,17,11,18,13,15,20,17,19,13,15,11,13,10,10,18
STAT,refine,Iterations,163,35013,378,353,316,381,420,394,382,259,351,260,386,339,246,312,273,256,208,215,227,197,183,268,254,389,208,225,196,221,184,216,229,196,259,291,183,203,155,178,179,153,112,181,166,258,159,242,221,206,175,193,359,215,186,218,238,264,345,281,204,200,292,130,124,141,178,330,198,306,99,212,177,314,196,233,184,172,219,123,160,194,106,154,250,193,242,201,124,120,161,149,160,154,274,241,332,146,187,206,156,155,120,129,233,195,261,198,168,174,165,230,204,281,252,176,283,260,216,396,264,212,182,199,193,110,166,181,253,224,169,92,199,240,318,187,230,169,147,231,113,102,204,186,172,191,293,337,180,148,102,101,155,141,201,221,188,330,159,226,135,122,149,155,156
