Hello from MIC
Galois Benchmark Suite v2.2.0 (r0)
Copyright (C) 2013 The University of Texas at Austin
http://iss.ices.utexas.edu/galois/

application: GMetis
Partitions a graph into K parts and minimizing the graph cut
http://iss.ices.utexas.edu/?p=projects/galois/benchmarks/gMetis

INFO: CommandLine /work/02556/dpereira/MIC/apps/gmetis/gmetis -t=217 /work/02556/dpereira/Inputs/USA-road-d.W.gr 128
INFO: Hostname c558-003-mic0.stampede.tacc.utexas.edu
Created Graph with 6262104 nodes and 15248146 edges
Nodes 6262104| Edges 15248146 7624073

  Starting coarsening: 
Time coarsen:  3663 Size of final graph: 3149

  Sarting initial partitioning using GGGP:
Size in decade percentages:  -1,3 -0,119 1,6
Time clustering:  457

  Sarting refinnement with BKL2
Initial dist
Size in decade percentages:  -1,3 -0,119 1,6
Refined dist
Size in decade percentages:  -1,45 0,35 1,48
Time refinement:  2507


Time:  6806
Total edge cut : 8072

Part saved in : 0x7fff590dd960
STATTYPE,LOOP,CATEGORY,n,sum,T0,T1,T2,T3,T4,T5,T6,T7,T8,T9,T10,T11,T12,T13,T14,T15,T16,T17,T18,T19,T20,T21,T22,T23,T24,T25,T26,T27,T28,T29,T30,T31,T32,T33,T34,T35,T36,T37,T38,T39,T40,T41,T42,T43,T44,T45,T46,T47,T48,T49,T50,T51,T52,T53,T54,T55,T56,T57,T58,T59,T60,T61,T62,T63,T64,T65,T66,T67,T68,T69,T70,T71,T72,T73,T74,T75,T76,T77,T78,T79,T80,T81,T82,T83,T84,T85,T86,T87,T88,T89,T90,T91,T92,T93,T94,T95,T96,T97,T98,T99,T100,T101,T102,T103,T104,T105,T106,T107,T108,T109,T110,T111,T112,T113,T114,T115,T116,T117,T118,T119,T120,T121,T122,T123,T124,T125,T126,T127,T128,T129,T130,T131,T132,T133,T134,T135,T136,T137,T138,T139,T140,T141,T142,T143,T144,T145,T146,T147,T148,T149,T150,T151,T152,T153,T154,T155,T156,T157,T158,T159,T160,T161,T162,T163,T164,T165,T166,T167,T168,T169,T170,T171,T172,T173,T174,T175,T176,T177,T178,T179,T180,T181,T182,T183,T184,T185,T186,T187,T188,T189,T190,T191,T192,T193,T194,T195,T196,T197,T198,T199,T200,T201,T202,T203,T204,T205,T206,T207,T208,T209,T210,T211,T212,T213,T214,T215,T216
STAT,(NULL),Coarsen,217,3663,3663,0,0,0,0,0,0,0,0,0,0,0,0,0,0,0,0,0,0,0,0,0,0,0,0,0,0,0,0,0,0,0,0,0,0,0,0,0,0,0,0,0,0,0,0,0,0,0,0,0,0,0,0,0,0,0,0,0,0,0,0,0,0,0,0,0,0,0,0,0,0,0,0,0,0,0,0,0,0,0,0,0,0,0,0,0,0,0,0,0,0,0,0,0,0,0,0,0,0,0,0,0,0,0,0,0,0,0,0,0,0,0,0,0,0,0,0,0,0,0,0,0,0,0,0,0,0,0,0,0,0,0,0,0,0,0,0,0,0,0,0,0,0,0,0,0,0,0,0,0,0,0,0,0,0,0,0,0,0,0,0,0,0,0,0,0,0,0,0,0,0,0,0,0,0,0,0,0,0,0,0,0,0,0,0,0,0,0,0,0,0,0,0,0,0,0,0,0,0,0,0,0,0,0,0,0,0,0,0,0,0,0,0,0,0,0,0
STAT,(NULL),Conflicts,217,0,0,0,0,0,0,0,0,0,0,0,0,0,0,0,0,0,0,0,0,0,0,0,0,0,0,0,0,0,0,0,0,0,0,0,0,0,0,0,0,0,0,0,0,0,0,0,0,0,0,0,0,0,0,0,0,0,0,0,0,0,0,0,0,0,0,0,0,0,0,0,0,0,0,0,0,0,0,0,0,0,0,0,0,0,0,0,0,0,0,0,0,0,0,0,0,0,0,0,0,0,0,0,0,0,0,0,0,0,0,0,0,0,0,0,0,0,0,0,0,0,0,0,0,0,0,0,0,0,0,0,0,0,0,0,0,0,0,0,0,0,0,0,0,0,0,0,0,0,0,0,0,0,0,0,0,0,0,0,0,0,0,0,0,0,0,0,0,0,0,0,0,0,0,0,0,0,0,0,0,0,0,0,0,0,0,0,0,0,0,0,0,0,0,0,0,0,0,0,0,0,0,0,0,0,0,0,0,0,0,0,0,0,0,0,0,0,0
STAT,(NULL),Iterations,217,255,8,3,0,0,0,0,5,0,4,4,1,0,2,1,0,5,0,0,0,4,0,1,0,3,0,0,0,0,0,4,0,0,0,4,1,0,0,3,1,1,2,0,5,1,0,3,0,0,0,0,4,0,0,0,2,0,1,7,2,0,3,1,0,0,6,3,0,2,4,1,0,1,1,0,0,2,0,0,3,2,4,0,0,0,1,0,0,0,1,0,0,0,0,0,1,0,0,1,0,1,0,1,0,0,0,1,3,1,0,0,2,1,0,0,2,1,1,0,2,5,0,4,1,0,0,2,0,0,2,0,4,0,1,0,0,0,1,1,0,1,1,5,0,0,0,0,0,3,0,0,0,0,0,0,2,0,0,0,0,2,3,0,3,2,0,0,4,0,0,0,2,3,1,0,2,2,0,0,5,7,0,2,4,9,8,0,2,0,2,1,1,2,0,3,0,0,2,0,0,0,0,0,5,0,4,0,1,0,0,0,3,0,0,0,1,1,0
STAT,(NULL),MeminfoPost,217,756590,3493,3481,3489,3500,3492,3501,3481,3493,3475,3476,3491,3500,3495,3532,3514,3498,3474,3483,3486,3475,3490,3495,3495,3510,3476,3501,3494,3468,3484,3476,3492,3494,3502,3475,3474,3480,3490,3484,3484,3493,3497,3492,3490,3481,3490,3477,3495,3487,3503,3511,3537,3501,3475,3484,3480,3476,3495,3486,3501,3494,3495,3491,3490,3480,3480,3483,3480,3498,3498,3478,3481,3478,3485,3489,3493,3489,3482,3495,3522,3479,3485,3493,3494,3484,3483,3498,3475,3484,3477,3478,3496,3471,3469,3486,3490,3496,3489,3484,3483,3478,3483,3472,3472,3477,3487,3475,3490,3510,3510,3485,3473,3480,3478,3497,3488,3474,3470,3467,3479,3489,3490,3493,3500,3496,3485,3487,3479,3478,3489,3478,3481,3484,3470,3477,3469,3478,3470,3490,3484,3474,3472,3502,3514,3507,3504,3500,3474,3480,3480,3497,3474,3467,3472,3488,3489,3493,3500,3486,3486,3474,3490,3476,3482,3479,3474,3468,3482,3472,3490,3471,3491,3506,3508,3509,3505,3489,3476,3481,3477,3470,3487,3492,3512,3510,3497,3506,3505,3486,3472,3484,3498,3473,3488,3479,3483,3474,3461,3483,3475,3481,3501,3468,3467,3467,3481,3474,3478,3489,3475,3485,3478,3491,3487,3487,3490,3481,3485
STAT,(NULL),MeminfoPre,217,189135,878,866,874,885,877,886,866,878,860,861,876,885,880,917,899,883,859,868,871,860,875,880,880,895,861,886,879,853,869,861,877,879,887,860,859,865,875,869,869,878,882,877,875,866,875,862,880,872,888,896,922,886,860,869,865,861,880,871,886,879,880,876,875,865,865,868,865,883,883,863,866,863,870,874,878,874,867,880,907,864,870,878,879,869,868,883,860,869,862,863,881,856,854,871,875,881,874,869,868,863,868,857,857,862,872,860,875,895,895,870,858,865,863,882,873,859,855,852,864,874,875,878,885,881,870,872,864,863,874,863,866,869,855,862,854,863,855,875,869,859,857,887,899,892,889,885,859,865,865,882,859,852,857,873,874,878,885,871,871,859,875,861,867,864,859,853,867,857,875,856,876,891,893,894,890,874,861,866,862,855,872,877,897,895,882,891,890,871,857,869,883,858,873,864,868,859,846,868,860,866,886,853,852,852,866,859,863,874,860,870,863,876,872,872,875,866,870
STAT,(NULL),Partition,217,457,457,0,0,0,0,0,0,0,0,0,0,0,0,0,0,0,0,0,0,0,0,0,0,0,0,0,0,0,0,0,0,0,0,0,0,0,0,0,0,0,0,0,0,0,0,0,0,0,0,0,0,0,0,0,0,0,0,0,0,0,0,0,0,0,0,0,0,0,0,0,0,0,0,0,0,0,0,0,0,0,0,0,0,0,0,0,0,0,0,0,0,0,0,0,0,0,0,0,0,0,0,0,0,0,0,0,0,0,0,0,0,0,0,0,0,0,0,0,0,0,0,0,0,0,0,0,0,0,0,0,0,0,0,0,0,0,0,0,0,0,0,0,0,0,0,0,0,0,0,0,0,0,0,0,0,0,0,0,0,0,0,0,0,0,0,0,0,0,0,0,0,0,0,0,0,0,0,0,0,0,0,0,0,0,0,0,0,0,0,0,0,0,0,0,0,0,0,0,0,0,0,0,0,0,0,0,0,0,0,0,0,0,0,0,0,0,0
STAT,(NULL),Refine,217,2507,2507,0,0,0,0,0,0,0,0,0,0,0,0,0,0,0,0,0,0,0,0,0,0,0,0,0,0,0,0,0,0,0,0,0,0,0,0,0,0,0,0,0,0,0,0,0,0,0,0,0,0,0,0,0,0,0,0,0,0,0,0,0,0,0,0,0,0,0,0,0,0,0,0,0,0,0,0,0,0,0,0,0,0,0,0,0,0,0,0,0,0,0,0,0,0,0,0,0,0,0,0,0,0,0,0,0,0,0,0,0,0,0,0,0,0,0,0,0,0,0,0,0,0,0,0,0,0,0,0,0,0,0,0,0,0,0,0,0,0,0,0,0,0,0,0,0,0,0,0,0,0,0,0,0,0,0,0,0,0,0,0,0,0,0,0,0,0,0,0,0,0,0,0,0,0,0,0,0,0,0,0,0,0,0,0,0,0,0,0,0,0,0,0,0,0,0,0,0,0,0,0,0,0,0,0,0,0,0,0,0,0,0,0,0,0,0,0
STAT,(NULL),Threads,217,217,217,0,0,0,0,0,0,0,0,0,0,0,0,0,0,0,0,0,0,0,0,0,0,0,0,0,0,0,0,0,0,0,0,0,0,0,0,0,0,0,0,0,0,0,0,0,0,0,0,0,0,0,0,0,0,0,0,0,0,0,0,0,0,0,0,0,0,0,0,0,0,0,0,0,0,0,0,0,0,0,0,0,0,0,0,0,0,0,0,0,0,0,0,0,0,0,0,0,0,0,0,0,0,0,0,0,0,0,0,0,0,0,0,0,0,0,0,0,0,0,0,0,0,0,0,0,0,0,0,0,0,0,0,0,0,0,0,0,0,0,0,0,0,0,0,0,0,0,0,0,0,0,0,0,0,0,0,0,0,0,0,0,0,0,0,0,0,0,0,0,0,0,0,0,0,0,0,0,0,0,0,0,0,0,0,0,0,0,0,0,0,0,0,0,0,0,0,0,0,0,0,0,0,0,0,0,0,0,0,0,0,0,0,0,0,0,0
STAT,(NULL),Time,217,6806,6806,0,0,0,0,0,0,0,0,0,0,0,0,0,0,0,0,0,0,0,0,0,0,0,0,0,0,0,0,0,0,0,0,0,0,0,0,0,0,0,0,0,0,0,0,0,0,0,0,0,0,0,0,0,0,0,0,0,0,0,0,0,0,0,0,0,0,0,0,0,0,0,0,0,0,0,0,0,0,0,0,0,0,0,0,0,0,0,0,0,0,0,0,0,0,0,0,0,0,0,0,0,0,0,0,0,0,0,0,0,0,0,0,0,0,0,0,0,0,0,0,0,0,0,0,0,0,0,0,0,0,0,0,0,0,0,0,0,0,0,0,0,0,0,0,0,0,0,0,0,0,0,0,0,0,0,0,0,0,0,0,0,0,0,0,0,0,0,0,0,0,0,0,0,0,0,0,0,0,0,0,0,0,0,0,0,0,0,0,0,0,0,0,0,0,0,0,0,0,0,0,0,0,0,0,0,0,0,0,0,0,0,0,0,0,0,0
STAT,match,Conflicts,217,6449,51,48,43,40,48,44,49,39,43,50,47,45,43,41,45,42,48,33,40,36,35,36,43,39,48,39,42,45,42,41,39,32,30,34,36,36,31,30,36,38,33,33,34,29,31,38,35,39,32,35,39,32,32,36,34,44,31,33,33,35,35,24,26,31,25,33,30,27,22,30,32,26,27,27,26,27,29,35,20,26,26,25,23,21,23,26,28,31,37,30,24,24,23,23,26,22,28,24,25,25,22,22,25,25,22,27,32,18,23,23,27,26,25,28,32,22,26,26,27,22,26,26,27,23,32,24,29,29,22,24,27,26,24,26,32,23,25,22,28,27,25,24,29,33,26,28,31,23,29,36,24,24,24,28,25,22,25,28,28,24,23,25,27,20,37,26,24,26,28,37,24,18,26,24,32,21,24,27,28,23,34,23,30,24,29,23,26,24,32,34,22,24,29,29,26,21,24,28,19,37,28,27,31,27,22,30,27,26,26,28,23,29,18,18,29,31,26
STAT,match,Iterations,217,15059181,45927,39972,38836,51173,61651,50308,56826,57771,40270,54425,59919,72404,64259,57729,53664,46593,57382,42390,46050,51945,58389,44735,43888,46054,59612,48811,55799,59121,40361,46673,51015,57489,74788,44867,59407,52415,69888,60672,59788,67815,48426,81406,71281,94945,86861,66876,44101,44530,56498,87268,70501,64442,56910,61354,78318,59497,65820,47049,77584,57047,85350,73634,62956,71136,62072,56644,76039,80071,79736,65315,66623,71398,73670,83432,55597,69417,40675,82524,72495,83020,67350,62746,61655,83244,55665,70703,76139,65798,58876,57846,85065,73734,85391,62449,66913,100018,87440,95727,80979,71644,81689,92950,84653,67903,63053,65500,69333,71262,93612,84168,76623,56163,76593,56337,58211,89788,70136,73320,83048,80601,48935,70645,62000,74029,79377,75122,78452,61749,73262,93510,77393,87353,64808,78118,69885,81128,86259,74820,94488,82004,76298,77075,69331,74909,73435,61150,75182,86203,59933,67651,94006,73698,72185,69531,55914,91994,77964,71160,81696,61857,88407,65918,88877,96458,61864,63811,58937,73677,81135,52201,62655,87216,76343,60021,55522,67434,66278,74056,81957,69983,69399,91376,81686,86835,75534,69406,56223,81028,61311,60309,73507,80526,78912,74929,78791,101674,78677,75364,65864,76713,71707,97210,76798,86898,69945,76755,72905,75234,72455,62386,84606,70796,83686,67233,57630,66186,83504
STAT,popedge,Conflicts,217,0,0,0,0,0,0,0,0,0,0,0,0,0,0,0,0,0,0,0,0,0,0,0,0,0,0,0,0,0,0,0,0,0,0,0,0,0,0,0,0,0,0,0,0,0,0,0,0,0,0,0,0,0,0,0,0,0,0,0,0,0,0,0,0,0,0,0,0,0,0,0,0,0,0,0,0,0,0,0,0,0,0,0,0,0,0,0,0,0,0,0,0,0,0,0,0,0,0,0,0,0,0,0,0,0,0,0,0,0,0,0,0,0,0,0,0,0,0,0,0,0,0,0,0,0,0,0,0,0,0,0,0,0,0,0,0,0,0,0,0,0,0,0,0,0,0,0,0,0,0,0,0,0,0,0,0,0,0,0,0,0,0,0,0,0,0,0,0,0,0,0,0,0,0,0,0,0,0,0,0,0,0,0,0,0,0,0,0,0,0,0,0,0,0,0,0,0,0,0,0,0,0,0,0,0,0,0,0,0,0,0,0,0,0,0,0,0,0
STAT,popedge,Iterations,217,7377813,32042,33510,32878,32351,32701,32100,32073,33343,32472,33938,31643,33071,31925,31764,33681,32907,32506,33642,32503,32206,31516,34513,32603,32594,32253,32356,33508,32255,35690,33153,32291,32903,32504,33582,38301,36538,34392,38240,35528,36865,35896,36489,35561,36482,34653,35294,37735,36434,37029,36619,34790,34625,35918,38343,35654,37643,36547,33739,35904,34510,36310,32434,31003,30957,31529,32705,33316,32040,30929,32879,33927,31120,33239,33216,32825,32223,30965,31422,29813,31756,30946,32420,32137,33398,31998,32695,32198,32505,34658,32968,31917,34320,33716,32089,33960,38867,35741,35463,35739,35918,35394,35849,34875,37204,34978,35042,36569,35469,37876,34732,38819,35231,37499,36770,36538,38428,36362,38437,38243,37648,35996,37767,32030,30902,30897,30804,32760,32660,32584,33584,30753,33827,31329,32942,32259,30997,31722,31362,32359,31586,34461,32044,32170,30689,32333,31716,30829,32033,32388,32307,35014,33145,32416,31645,31506,31489,37725,37394,36479,37171,37532,37489,35461,36125,38334,36629,36982,34615,34160,37358,35288,38580,34626,35436,36372,35520,37595,36018,35930,38264,37252,35132,36796,33691,32916,31977,33253,32309,32450,34288,31463,31885,34436,32237,33655,34114,33513,32274,33282,32376,32116,32825,33298,34294,31087,33132,31850,33152,33014,32968,33416,33517,33533,33831,33488,32166,33509
STAT,refine,Conflicts,217,6934,110,111,109,101,91,93,107,85,95,76,79,90,81,70,79,77,70,61,62,59,60,71,66,67,64,74,65,64,54,68,54,44,53,42,38,35,42,30,41,40,44,44,48,48,48,34,40,37,38,47,47,26,44,33,41,50,37,36,39,31,45,28,16,25,17,17,15,22,24,23,23,28,27,24,12,20,22,21,23,16,28,17,24,25,21,17,19,26,16,15,25,19,19,20,21,29,26,22,21,20,16,21,22,20,23,27,22,22,22,19,26,25,28,23,19,19,16,24,23,22,18,26,22,24,30,15,20,22,19,17,20,25,21,24,27,17,17,13,13,30,19,22,29,20,19,23,19,21,22,22,16,17,25,21,24,16,26,19,17,18,23,23,29,22,25,31,27,22,25,17,17,24,27,16,16,12,20,15,14,23,32,25,29,24,22,25,22,15,14,20,11,20,16,15,20,19,21,17,14,24,17,21,23,13,19,24,22,22,19,29,26,26,29,15,15,20,19
STAT,refine,Iterations,217,138712,720,621,741,810,716,613,791,653,584,681,650,864,787,576,745,714,614,507,563,590,547,528,516,650,529,558,721,666,329,487,512,581,716,519,559,470,854,519,441,672,711,800,725,823,744,676,743,771,703,782,950,633,509,483,568,607,720,370,748,574,715,687,452,679,518,625,533,701,780,431,578,606,685,767,541,667,395,854,589,548,644,518,624,645,506,556,555,559,579,389,663,527,676,624,633,1173,693,635,547,616,463,704,517,623,733,772,703,660,1155,753,741,847,762,548,617,442,440,578,959,865,698,480,618,619,686,604,672,592,556,576,502,643,448,719,775,553,638,582,771,727,509,666,688,725,604,813,529,623,554,659,512,510,501,494,611,634,806,565,704,551,636,659,747,634,657,689,698,633,802,756,595,568,956,688,602,399,564,506,601,832,945,894,632,753,550,761,586,738,450,762,600,578,579,567,696,804,515,553,459,595,624,578,669,612,619,698,599,695,441,753,709,527,767,406,561,648,701
