Hello from MIC
Galois Benchmark Suite v2.2.0 (r0)
Copyright (C) 2013 The University of Texas at Austin
http://iss.ices.utexas.edu/galois/

application: GMetis
Partitions a graph into K parts and minimizing the graph cut
http://iss.ices.utexas.edu/?p=projects/galois/benchmarks/gMetis

INFO: CommandLine /work/02556/dpereira/MIC/apps/gmetis/gmetis -t=34 /work/02556/dpereira/Inputs/USA-road-d.W.gr 16
INFO: Hostname c557-901-mic0.stampede.tacc.utexas.edu
Created Graph with 6262104 nodes and 15248146 edges
Nodes 6262104| Edges 15248146 7624073

  Starting coarsening: 
Time coarsen:  3354 Size of final graph: 422

  Sarting initial partitioning using GGGP:
Size in decade percentages:  -1,1 -0,15
Time clustering:  356

  Sarting refinnement with BKL2
Initial dist
Size in decade percentages:  -1,1 -0,15
Refined dist
Size in decade percentages:  -1,7 -0,3 1,6
Time refinement:  601


Time:  4486
Total edge cut : 1974

Part saved in : 0x7fff0a6b7a60
STATTYPE,LOOP,CATEGORY,n,sum,T0,T1,T2,T3,T4,T5,T6,T7,T8,T9,T10,T11,T12,T13,T14,T15,T16,T17,T18,T19,T20,T21,T22,T23,T24,T25,T26,T27,T28,T29,T30,T31,T32,T33
STAT,(NULL),Coarsen,34,3354,3354,0,0,0,0,0,0,0,0,0,0,0,0,0,0,0,0,0,0,0,0,0,0,0,0,0,0,0,0,0,0,0,0,0
STAT,(NULL),Conflicts,34,0,0,0,0,0,0,0,0,0,0,0,0,0,0,0,0,0,0,0,0,0,0,0,0,0,0,0,0,0,0,0,0,0,0,0
STAT,(NULL),Iterations,34,31,6,0,0,0,0,0,0,0,1,1,1,0,0,0,3,0,4,2,1,0,3,0,0,0,3,0,2,2,0,1,1,0,0,0
STAT,(NULL),MeminfoPost,34,756157,22270,22251,22305,22271,22233,22222,22273,22326,22225,22282,22233,22224,22290,22218,22220,22212,22240,22238,22189,22247,22200,22180,22314,22191,22256,22184,22239,22273,22287,22261,22187,22187,22189,22240
STAT,(NULL),MeminfoPre,34,189037,5590,5571,5625,5591,5553,5542,5593,5646,5545,5602,5553,5544,5610,5538,5540,5532,5560,5558,5509,5567,5520,5500,5634,5511,5576,5504,5559,5593,5607,5581,5507,5507,5509,5560
STAT,(NULL),Partition,34,356,356,0,0,0,0,0,0,0,0,0,0,0,0,0,0,0,0,0,0,0,0,0,0,0,0,0,0,0,0,0,0,0,0,0
STAT,(NULL),Refine,34,601,601,0,0,0,0,0,0,0,0,0,0,0,0,0,0,0,0,0,0,0,0,0,0,0,0,0,0,0,0,0,0,0,0,0
STAT,(NULL),Threads,34,34,34,0,0,0,0,0,0,0,0,0,0,0,0,0,0,0,0,0,0,0,0,0,0,0,0,0,0,0,0,0,0,0,0,0
STAT,(NULL),Time,34,4486,4486,0,0,0,0,0,0,0,0,0,0,0,0,0,0,0,0,0,0,0,0,0,0,0,0,0,0,0,0,0,0,0,0,0
STAT,match,Conflicts,34,4192,224,184,137,150,125,120,125,124,124,119,142,129,83,123,80,111,114,91,103,108,63,83,86,118,117,84,112,92,94,96,146,209,120,256
STAT,match,Iterations,34,14948219,419462,402348,415021,405857,427729,436886,441356,418684,460116,441642,451187,432726,423322,439261,453211,417342,432931,449528,468916,444331,428042,441874,409042,441912,430043,472400,445800,447887,448988,445063,479162,472080,468014,436056
STAT,popedge,Conflicts,34,0,0,0,0,0,0,0,0,0,0,0,0,0,0,0,0,0,0,0,0,0,0,0,0,0,0,0,0,0,0,0,0,0,0,0
STAT,popedge,Iterations,34,7323431,211662,212365,206747,208197,213242,218943,210239,212357,206829,207329,217520,200883,190792,203749,209454,212506,208632,219064,226195,216068,196851,222968,215638,217508,210800,217725,216969,206718,221588,238759,241468,235349,237723,230594
STAT,refine,Conflicts,34,2288,162,131,104,102,95,78,78,91,77,82,62,77,72,71,79,47,78,53,58,60,37,41,51,44,43,34,49,39,64,45,43,51,48,42
STAT,refine,Iterations,34,37385,1317,1138,1166,1471,919,1303,1069,1108,933,1210,940,1009,1005,903,1268,977,1358,959,1243,1418,753,1118,1287,937,1402,796,1162,884,1136,847,1077,767,1171,1334
