Hello from MIC
Galois Benchmark Suite v2.2.0 (r0)
Copyright (C) 2013 The University of Texas at Austin
http://iss.ices.utexas.edu/galois/

application: GMetis
Partitions a graph into K parts and minimizing the graph cut
http://iss.ices.utexas.edu/?p=projects/galois/benchmarks/gMetis

INFO: CommandLine /work/02556/dpereira/MIC/apps/gmetis/gmetis -t=54 /work/02556/dpereira/Inputs/USA-road-d.W.gr 16
INFO: Hostname c557-901-mic0.stampede.tacc.utexas.edu
Created Graph with 6262104 nodes and 15248146 edges
Nodes 6262104| Edges 15248146 7624073

  Starting coarsening: 
Time coarsen:  2567 Size of final graph: 427

  Sarting initial partitioning using GGGP:
Size in decade percentages:  -1,1 -0,15
Time clustering:  358

  Sarting refinnement with BKL2
Initial dist
Size in decade percentages:  -1,1 -0,15
Refined dist
Size in decade percentages:  -1,5 0,6 1,5
Time refinement:  728


Time:  3829
Total edge cut : 1696

Part saved in : 0x7fff99b58a60
STATTYPE,LOOP,CATEGORY,n,sum,T0,T1,T2,T3,T4,T5,T6,T7,T8,T9,T10,T11,T12,T13,T14,T15,T16,T17,T18,T19,T20,T21,T22,T23,T24,T25,T26,T27,T28,T29,T30,T31,T32,T33,T34,T35,T36,T37,T38,T39,T40,T41,T42,T43,T44,T45,T46,T47,T48,T49,T50,T51,T52,T53
STAT,(NULL),Coarsen,54,2567,2567,0,0,0,0,0,0,0,0,0,0,0,0,0,0,0,0,0,0,0,0,0,0,0,0,0,0,0,0,0,0,0,0,0,0,0,0,0,0,0,0,0,0,0,0,0,0,0,0,0,0,0,0,0
STAT,(NULL),Conflicts,54,0,0,0,0,0,0,0,0,0,0,0,0,0,0,0,0,0,0,0,0,0,0,0,0,0,0,0,0,0,0,0,0,0,0,0,0,0,0,0,0,0,0,0,0,0,0,0,0,0,0,0,0,0,0,0
STAT,(NULL),Iterations,54,31,5,0,0,0,0,0,0,0,0,0,2,2,0,3,0,1,0,0,0,3,0,0,0,0,0,1,0,0,0,0,0,0,3,4,0,0,1,0,0,0,0,0,0,0,0,1,0,0,1,0,0,0,0,4
STAT,(NULL),MeminfoPost,54,756273,14021,14025,14003,14097,13978,14046,13996,14007,13988,14015,14026,14005,14102,13975,14047,14000,14005,13991,14010,14040,14014,13993,13977,14014,13985,13958,14037,13992,13994,13974,14040,13987,13980,13953,13973,14071,14001,13973,14021,14001,13972,13969,14028,14047,13969,14067,14031,13997,13961,13995,13946,13975,13998,14003
STAT,(NULL),MeminfoPre,54,189057,3517,3521,3499,3593,3474,3542,3492,3503,3484,3511,3522,3501,3598,3471,3543,3496,3501,3487,3506,3536,3510,3489,3473,3510,3481,3454,3533,3488,3490,3470,3536,3483,3476,3449,3469,3567,3497,3469,3517,3497,3468,3465,3524,3543,3465,3563,3527,3493,3457,3491,3442,3471,3494,3499
STAT,(NULL),Partition,54,358,358,0,0,0,0,0,0,0,0,0,0,0,0,0,0,0,0,0,0,0,0,0,0,0,0,0,0,0,0,0,0,0,0,0,0,0,0,0,0,0,0,0,0,0,0,0,0,0,0,0,0,0,0,0
STAT,(NULL),Refine,54,728,728,0,0,0,0,0,0,0,0,0,0,0,0,0,0,0,0,0,0,0,0,0,0,0,0,0,0,0,0,0,0,0,0,0,0,0,0,0,0,0,0,0,0,0,0,0,0,0,0,0,0,0,0,0
STAT,(NULL),Threads,54,54,54,0,0,0,0,0,0,0,0,0,0,0,0,0,0,0,0,0,0,0,0,0,0,0,0,0,0,0,0,0,0,0,0,0,0,0,0,0,0,0,0,0,0,0,0,0,0,0,0,0,0,0,0,0
STAT,(NULL),Time,54,3829,3829,0,0,0,0,0,0,0,0,0,0,0,0,0,0,0,0,0,0,0,0,0,0,0,0,0,0,0,0,0,0,0,0,0,0,0,0,0,0,0,0,0,0,0,0,0,0,0,0,0,0,0,0,0
STAT,match,Conflicts,54,5560,272,227,205,170,143,139,166,162,163,138,123,144,142,143,80,108,113,149,80,62,71,80,70,79,82,91,89,58,59,75,73,57,54,76,62,68,88,65,51,73,61,72,65,66,83,75,70,66,82,114,101,136,151,68
STAT,match,Iterations,54,14978121,251362,261255,266306,247833,274211,272139,271198,274232,267711,253435,266549,263975,239393,281761,265878,278650,273311,287345,261341,253841,275971,271828,276617,261993,284214,284285,264608,296124,290829,273610,292168,289073,289689,294165,268716,293598,291950,289244,295621,270084,295555,297578,274944,249379,283560,284376,291140,295508,296023,274360,315449,294376,272177,287583
STAT,popedge,Conflicts,54,0,0,0,0,0,0,0,0,0,0,0,0,0,0,0,0,0,0,0,0,0,0,0,0,0,0,0,0,0,0,0,0,0,0,0,0,0,0,0,0,0,0,0,0,0,0,0,0,0,0,0,0,0,0,0
STAT,popedge,Iterations,54,7339736,134386,137792,135385,128465,138804,128409,139745,134875,140131,136106,132264,138033,129656,137471,130039,132999,135848,139204,123936,122834,123793,127175,134521,131709,133865,133738,131557,137502,140572,140683,135614,137840,142029,139610,129277,132965,133780,134227,132574,133565,134062,131185,132482,129842,130176,141306,147051,148575,145995,146286,147474,145906,149567,146851
STAT,refine,Conflicts,54,3320,186,141,132,130,100,105,95,97,82,72,85,81,83,61,82,75,67,58,49,64,68,71,51,57,59,57,52,31,52,43,54,60,41,28,22,49,42,27,33,42,39,49,45,41,43,36,28,30,38,35,44,32,41,35
STAT,refine,Iterations,54,34450,541,549,748,818,648,826,413,749,643,334,449,759,779,598,1000,474,831,688,320,731,623,731,611,695,687,596,660,607,684,410,717,681,664,535,507,1058,680,432,658,679,570,538,723,606,647,605,637,477,553,348,696,723,868,646
