Hello from MIC
Galois Benchmark Suite v2.2.0 (r0)
Copyright (C) 2013 The University of Texas at Austin
http://iss.ices.utexas.edu/galois/

application: GMetis
Partitions a graph into K parts and minimizing the graph cut
http://iss.ices.utexas.edu/?p=projects/galois/benchmarks/gMetis

INFO: CommandLine /work/02556/dpereira/MIC/apps/gmetis/gmetis -t=112 /work/02556/dpereira/Inputs/USA-road-d.W.gr 16
INFO: Hostname c558-001-mic0.stampede.tacc.utexas.edu
Created Graph with 6262104 nodes and 15248146 edges
Nodes 6262104| Edges 15248146 7624073

  Starting coarsening: 
Time coarsen:  2519 Size of final graph: 427

  Sarting initial partitioning using GGGP:
Size in decade percentages:  -1,1 -0,15
Time clustering:  365

  Sarting refinnement with BKL2
Initial dist
Size in decade percentages:  -1,1 -0,15
Refined dist
Size in decade percentages:  -1,6 0,4 1,6
Time refinement:  1327


Time:  4388
Total edge cut : 2004

Part saved in : 0x7fff70844e60
STATTYPE,LOOP,CATEGORY,n,sum,T0,T1,T2,T3,T4,T5,T6,T7,T8,T9,T10,T11,T12,T13,T14,T15,T16,T17,T18,T19,T20,T21,T22,T23,T24,T25,T26,T27,T28,T29,T30,T31,T32,T33,T34,T35,T36,T37,T38,T39,T40,T41,T42,T43,T44,T45,T46,T47,T48,T49,T50,T51,T52,T53,T54,T55,T56,T57,T58,T59,T60,T61,T62,T63,T64,T65,T66,T67,T68,T69,T70,T71,T72,T73,T74,T75,T76,T77,T78,T79,T80,T81,T82,T83,T84,T85,T86,T87,T88,T89,T90,T91,T92,T93,T94,T95,T96,T97,T98,T99,T100,T101,T102,T103,T104,T105,T106,T107,T108,T109,T110,T111
STAT,(NULL),Coarsen,112,2519,2519,0,0,0,0,0,0,0,0,0,0,0,0,0,0,0,0,0,0,0,0,0,0,0,0,0,0,0,0,0,0,0,0,0,0,0,0,0,0,0,0,0,0,0,0,0,0,0,0,0,0,0,0,0,0,0,0,0,0,0,0,0,0,0,0,0,0,0,0,0,0,0,0,0,0,0,0,0,0,0,0,0,0,0,0,0,0,0,0,0,0,0,0,0,0,0,0,0,0,0,0,0,0,0,0,0,0,0,0,0,0,0
STAT,(NULL),Conflicts,112,0,0,0,0,0,0,0,0,0,0,0,0,0,0,0,0,0,0,0,0,0,0,0,0,0,0,0,0,0,0,0,0,0,0,0,0,0,0,0,0,0,0,0,0,0,0,0,0,0,0,0,0,0,0,0,0,0,0,0,0,0,0,0,0,0,0,0,0,0,0,0,0,0,0,0,0,0,0,0,0,0,0,0,0,0,0,0,0,0,0,0,0,0,0,0,0,0,0,0,0,0,0,0,0,0,0,0,0,0,0,0,0,0
STAT,(NULL),Iterations,112,31,5,0,0,0,0,0,0,0,0,0,0,0,0,0,0,0,1,0,0,0,0,0,0,0,0,0,0,3,0,0,0,0,0,2,0,0,0,0,0,0,0,0,1,0,0,0,0,0,0,0,0,0,0,0,0,0,0,3,1,0,1,0,2,0,0,0,0,0,0,1,0,0,0,0,0,0,0,0,0,0,0,0,0,0,0,3,0,0,1,1,0,0,0,0,0,0,0,0,2,0,0,0,0,0,0,0,0,0,0,0,0,4
STAT,(NULL),MeminfoPost,112,756671,6757,6766,6771,6754,6748,6763,6796,6816,6744,6746,6763,6774,6767,6765,6739,6752,6778,6735,6747,6746,6784,6764,6763,6739,6776,6808,6793,6743,6741,6765,6779,6768,6756,6740,6763,6762,6739,6747,6770,6758,6788,6753,6770,6753,6750,6744,6757,6723,6761,6766,6744,6749,6732,6741,6741,6797,6764,6739,6765,6738,6718,6755,6768,6776,6753,6740,6751,6746,6733,6726,6735,6758,6739,6799,6799,6744,6750,6746,6725,6759,6774,6756,6750,6739,6738,6735,6744,6731,6795,6800,6765,6743,6730,6764,6803,6785,6774,6740,6753,6747,6739,6733,6730,6766,6721,6734,6757,6725,6751,6759,6760,6750
STAT,(NULL),MeminfoPre,112,189167,1690,1699,1704,1687,1681,1696,1729,1749,1677,1679,1696,1707,1700,1698,1672,1685,1711,1668,1680,1679,1717,1697,1696,1672,1709,1741,1726,1676,1674,1698,1712,1701,1689,1673,1696,1695,1672,1680,1703,1691,1721,1686,1703,1686,1683,1677,1690,1656,1694,1699,1677,1682,1665,1674,1674,1730,1697,1672,1698,1671,1651,1688,1701,1709,1686,1673,1684,1679,1666,1659,1668,1691,1672,1732,1732,1677,1683,1679,1658,1692,1707,1689,1683,1672,1671,1668,1677,1664,1728,1733,1698,1676,1663,1697,1736,1718,1707,1673,1686,1680,1672,1666,1663,1699,1654,1667,1690,1658,1684,1692,1693,1683
STAT,(NULL),Partition,112,365,365,0,0,0,0,0,0,0,0,0,0,0,0,0,0,0,0,0,0,0,0,0,0,0,0,0,0,0,0,0,0,0,0,0,0,0,0,0,0,0,0,0,0,0,0,0,0,0,0,0,0,0,0,0,0,0,0,0,0,0,0,0,0,0,0,0,0,0,0,0,0,0,0,0,0,0,0,0,0,0,0,0,0,0,0,0,0,0,0,0,0,0,0,0,0,0,0,0,0,0,0,0,0,0,0,0,0,0,0,0,0,0
STAT,(NULL),Refine,112,1327,1327,0,0,0,0,0,0,0,0,0,0,0,0,0,0,0,0,0,0,0,0,0,0,0,0,0,0,0,0,0,0,0,0,0,0,0,0,0,0,0,0,0,0,0,0,0,0,0,0,0,0,0,0,0,0,0,0,0,0,0,0,0,0,0,0,0,0,0,0,0,0,0,0,0,0,0,0,0,0,0,0,0,0,0,0,0,0,0,0,0,0,0,0,0,0,0,0,0,0,0,0,0,0,0,0,0,0,0,0,0,0,0
STAT,(NULL),Threads,112,112,112,0,0,0,0,0,0,0,0,0,0,0,0,0,0,0,0,0,0,0,0,0,0,0,0,0,0,0,0,0,0,0,0,0,0,0,0,0,0,0,0,0,0,0,0,0,0,0,0,0,0,0,0,0,0,0,0,0,0,0,0,0,0,0,0,0,0,0,0,0,0,0,0,0,0,0,0,0,0,0,0,0,0,0,0,0,0,0,0,0,0,0,0,0,0,0,0,0,0,0,0,0,0,0,0,0,0,0,0,0,0,0
STAT,(NULL),Time,112,4388,4388,0,0,0,0,0,0,0,0,0,0,0,0,0,0,0,0,0,0,0,0,0,0,0,0,0,0,0,0,0,0,0,0,0,0,0,0,0,0,0,0,0,0,0,0,0,0,0,0,0,0,0,0,0,0,0,0,0,0,0,0,0,0,0,0,0,0,0,0,0,0,0,0,0,0,0,0,0,0,0,0,0,0,0,0,0,0,0,0,0,0,0,0,0,0,0,0,0,0,0,0,0,0,0,0,0,0,0,0,0,0,0
STAT,match,Conflicts,112,6357,89,83,71,98,82,67,86,90,79,70,90,76,71,70,79,71,59,58,62,46,100,64,64,74,75,67,65,64,62,69,52,55,61,62,69,67,60,86,41,62,52,61,49,61,63,71,71,61,51,65,60,46,51,47,36,49,45,41,42,48,47,37,32,43,70,40,37,50,48,49,38,46,50,45,42,43,45,39,45,43,35,71,41,39,44,55,43,41,47,42,46,41,48,39,41,59,55,46,64,43,54,53,53,41,62,52,47,77,51,53,53,46
STAT,match,Iterations,112,14994785,99465,104639,115134,113215,116302,123817,114307,100692,109133,136560,106034,120859,113062,121203,126670,125505,125073,129814,113023,145452,103460,128993,133967,121886,129588,125800,128677,120288,126107,139837,118712,131302,127046,132218,134919,118741,140916,120549,130683,136200,139342,128887,107532,133475,125920,121315,129716,138236,111272,125380,127346,143214,156343,148899,143000,125994,138480,152386,154257,141742,154019,134273,146000,126771,134315,151443,144827,155498,134691,140046,154185,137417,138719,128227,145054,155489,144432,133017,150934,123023,143424,134994,146074,139740,160333,142895,140300,157280,122661,130165,139938,143457,134341,147156,135807,151247,123525,143923,151134,138829,146677,149017,138660,139220,156772,143680,159018,154531,135130,124304,135738,149851
STAT,popedge,Conflicts,112,0,0,0,0,0,0,0,0,0,0,0,0,0,0,0,0,0,0,0,0,0,0,0,0,0,0,0,0,0,0,0,0,0,0,0,0,0,0,0,0,0,0,0,0,0,0,0,0,0,0,0,0,0,0,0,0,0,0,0,0,0,0,0,0,0,0,0,0,0,0,0,0,0,0,0,0,0,0,0,0,0,0,0,0,0,0,0,0,0,0,0,0,0,0,0,0,0,0,0,0,0,0,0,0,0,0,0,0,0,0,0,0,0
STAT,popedge,Iterations,112,7345886,66740,64185,64559,65833,66110,64654,64733,65461,67253,63039,62910,64990,62805,62866,63437,66367,66992,66297,63515,63556,66190,62325,65010,65271,62937,63351,63547,66093,63717,64172,63212,62655,66416,65140,65589,68248,67435,67896,63481,63655,62232,63290,61788,65931,63268,65006,66593,68083,66635,65624,64147,69901,71042,71058,70728,68998,73716,75714,76104,75535,78311,67561,62245,63644,62154,61612,62524,60794,62326,65237,61893,60767,66041,63469,63992,63329,64197,67323,65655,61652,66594,64404,60571,67801,64842,63344,64981,65471,63563,63587,63484,62128,64612,65960,67553,69132,73968,70802,66103,65137,63599,61883,66380,65165,64458,65763,64483,65405,73029,68794,66675,63454
STAT,refine,Conflicts,112,4748,123,119,121,106,110,95,111,89,83,94,84,80,84,75,76,56,68,61,67,71,74,66,58,65,65,61,50,61,50,49,57,35,44,40,34,47,38,44,45,25,42,31,29,45,35,23,42,48,40,33,43,33,15,28,33,37,15,46,25,24,20,23,32,27,21,33,27,35,23,24,29,16,29,15,27,21,29,38,20,30,26,33,23,20,18,23,29,22,25,19,27,28,24,28,18,22,32,28,31,33,20,18,23,21,30,23,16,22,29,18,28,24
STAT,refine,Iterations,112,40943,427,509,592,479,500,426,446,472,392,609,277,492,385,402,526,542,413,349,501,397,534,344,406,285,388,304,502,410,446,414,458,254,317,443,487,320,325,389,343,265,440,272,266,517,283,121,286,323,347,306,406,297,275,238,259,403,278,329,330,175,306,357,517,417,329,429,294,337,312,262,341,148,307,311,390,365,358,318,363,419,424,457,327,337,296,357,322,435,278,410,451,385,271,386,325,563,313,346,400,418,265,414,243,205,475,294,202,213,410,281,279,360
