Hello from MIC
Galois Benchmark Suite v2.2.0 (r0)
Copyright (C) 2013 The University of Texas at Austin
http://iss.ices.utexas.edu/galois/

application: GMetis
Partitions a graph into K parts and minimizing the graph cut
http://iss.ices.utexas.edu/?p=projects/galois/benchmarks/gMetis

INFO: CommandLine /work/02556/dpereira/MIC/apps/gmetis/gmetis -t=207 /work/02556/dpereira/Inputs/USA-road-d.W.gr 1024
INFO: Hostname c557-803-mic0.stampede.tacc.utexas.edu
Created Graph with 6262104 nodes and 15248146 edges
Nodes 6262104| Edges 15248146 7624073

  Starting coarsening: 
Time coarsen:  2802 Size of final graph: 22166

  Sarting initial partitioning using GGGP:
Size in decade percentages:  -1,69 -0,890 1,65
Time clustering:  1140

  Sarting refinnement with BKL2
Initial dist
Size in decade percentages:  -1,69 -0,890 1,65
Refined dist
Size in decade percentages:  -1,373 -0,265 1,385 2,1
Time refinement:  1877


Time:  5999
Total edge cut : 31851

Part saved in : 0x7fff97c24960
STATTYPE,LOOP,CATEGORY,n,sum,T0,T1,T2,T3,T4,T5,T6,T7,T8,T9,T10,T11,T12,T13,T14,T15,T16,T17,T18,T19,T20,T21,T22,T23,T24,T25,T26,T27,T28,T29,T30,T31,T32,T33,T34,T35,T36,T37,T38,T39,T40,T41,T42,T43,T44,T45,T46,T47,T48,T49,T50,T51,T52,T53,T54,T55,T56,T57,T58,T59,T60,T61,T62,T63,T64,T65,T66,T67,T68,T69,T70,T71,T72,T73,T74,T75,T76,T77,T78,T79,T80,T81,T82,T83,T84,T85,T86,T87,T88,T89,T90,T91,T92,T93,T94,T95,T96,T97,T98,T99,T100,T101,T102,T103,T104,T105,T106,T107,T108,T109,T110,T111,T112,T113,T114,T115,T116,T117,T118,T119,T120,T121,T122,T123,T124,T125,T126,T127,T128,T129,T130,T131,T132,T133,T134,T135,T136,T137,T138,T139,T140,T141,T142,T143,T144,T145,T146,T147,T148,T149,T150,T151,T152,T153,T154,T155,T156,T157,T158,T159,T160,T161,T162,T163,T164,T165,T166,T167,T168,T169,T170,T171,T172,T173,T174,T175,T176,T177,T178,T179,T180,T181,T182,T183,T184,T185,T186,T187,T188,T189,T190,T191,T192,T193,T194,T195,T196,T197,T198,T199,T200,T201,T202,T203,T204,T205,T206
STAT,(NULL),Coarsen,207,2802,2802,0,0,0,0,0,0,0,0,0,0,0,0,0,0,0,0,0,0,0,0,0,0,0,0,0,0,0,0,0,0,0,0,0,0,0,0,0,0,0,0,0,0,0,0,0,0,0,0,0,0,0,0,0,0,0,0,0,0,0,0,0,0,0,0,0,0,0,0,0,0,0,0,0,0,0,0,0,0,0,0,0,0,0,0,0,0,0,0,0,0,0,0,0,0,0,0,0,0,0,0,0,0,0,0,0,0,0,0,0,0,0,0,0,0,0,0,0,0,0,0,0,0,0,0,0,0,0,0,0,0,0,0,0,0,0,0,0,0,0,0,0,0,0,0,0,0,0,0,0,0,0,0,0,0,0,0,0,0,0,0,0,0,0,0,0,0,0,0,0,0,0,0,0,0,0,0,0,0,0,0,0,0,0,0,0,0,0,0,0,0,0,0,0,0,0,0,0,0,0,0,0,0,0,0,0,0
STAT,(NULL),Conflicts,207,0,0,0,0,0,0,0,0,0,0,0,0,0,0,0,0,0,0,0,0,0,0,0,0,0,0,0,0,0,0,0,0,0,0,0,0,0,0,0,0,0,0,0,0,0,0,0,0,0,0,0,0,0,0,0,0,0,0,0,0,0,0,0,0,0,0,0,0,0,0,0,0,0,0,0,0,0,0,0,0,0,0,0,0,0,0,0,0,0,0,0,0,0,0,0,0,0,0,0,0,0,0,0,0,0,0,0,0,0,0,0,0,0,0,0,0,0,0,0,0,0,0,0,0,0,0,0,0,0,0,0,0,0,0,0,0,0,0,0,0,0,0,0,0,0,0,0,0,0,0,0,0,0,0,0,0,0,0,0,0,0,0,0,0,0,0,0,0,0,0,0,0,0,0,0,0,0,0,0,0,0,0,0,0,0,0,0,0,0,0,0,0,0,0,0,0,0,0,0,0,0,0,0,0,0,0,0,0
STAT,(NULL),Iterations,207,2047,11,4,12,9,15,13,7,1,7,6,7,7,5,13,7,8,10,9,9,12,6,2,18,12,14,7,9,8,7,8,13,8,12,12,8,5,4,9,15,17,12,13,10,13,19,11,13,12,19,8,10,17,6,9,9,8,11,15,9,5,26,8,4,6,9,15,12,9,9,12,3,12,14,5,9,4,5,10,8,6,9,4,6,12,5,8,2,12,6,12,10,13,7,15,13,12,7,4,11,9,20,14,16,11,11,13,15,14,10,11,8,19,7,6,23,18,12,14,8,8,12,15,13,12,5,6,12,8,8,9,10,12,7,9,5,13,9,5,6,10,7,14,6,3,9,9,17,2,18,13,13,16,7,12,8,14,8,11,8,12,11,10,11,12,8,11,10,11,16,11,8,16,14,4,6,10,14,6,11,11,15,13,6,14,4,4,7,12,13,9,6,6,5,12,2,5,8,9,7,10,8,9,8,11,4,20,0
STAT,(NULL),MeminfoPost,207,757041,3664,3647,3666,3676,3660,3660,3655,3660,3646,3668,3651,3675,3683,3706,3672,3639,3657,3650,3647,3663,3665,3667,3679,3654,3663,3662,3642,3650,3655,3665,3673,3647,3653,3644,3656,3659,3648,3679,3658,3669,3656,3651,3661,3645,3668,3664,3667,3700,3689,3671,3643,3655,3649,3652,3667,3660,3673,3664,3663,3659,3655,3648,3655,3649,3667,3671,3651,3646,3650,3656,3663,3660,3651,3667,3688,3656,3651,3665,3665,3658,3652,3668,3646,3654,3648,3652,3662,3639,3644,3658,3663,3669,3655,3646,3656,3652,3646,3641,3650,3653,3645,3658,3681,3681,3655,3644,3650,3649,3674,3652,3643,3636,3640,3658,3660,3668,3658,3667,3671,3648,3654,3646,3662,3647,3651,3655,3642,3643,3640,3653,3637,3670,3648,3638,3658,3677,3684,3675,3677,3650,3649,3649,3671,3643,3637,3643,3659,3660,3667,3667,3655,3653,3646,3658,3650,3654,3639,3643,3652,3639,3662,3643,3652,3677,3683,3682,3677,3655,3648,3654,3638,3648,3657,3672,3687,3673,3664,3683,3668,3646,3650,3669,3643,3656,3650,3656,3642,3632,3651,3649,3668,3649,3638,3639,3653,3636,3636,3675,3641,3649,3653,3662,3656,3657,3659,3651,3657
STAT,(NULL),MeminfoPre,207,189240,921,904,923,933,917,917,912,917,903,925,908,932,940,963,929,896,914,907,904,920,922,924,936,911,920,919,899,907,912,922,930,904,910,901,913,916,905,936,915,926,913,908,918,902,925,921,924,957,946,928,900,912,906,909,924,917,930,921,920,916,912,905,912,906,924,928,908,903,907,913,920,917,908,924,945,913,908,922,922,915,909,925,903,911,905,909,919,896,901,915,920,926,912,903,913,909,903,898,907,910,902,915,938,938,912,901,907,906,931,909,900,893,897,915,917,925,915,924,928,905,911,903,919,904,908,912,899,900,897,910,894,927,905,895,915,934,941,932,934,907,906,906,928,900,894,900,916,917,924,924,912,910,903,915,907,911,896,900,909,896,919,900,909,934,940,939,934,912,905,911,895,905,914,929,944,930,921,940,925,903,907,926,900,913,907,913,899,889,908,906,925,906,895,896,910,893,893,932,898,906,910,919,913,914,916,908,914
STAT,(NULL),Partition,207,1140,1140,0,0,0,0,0,0,0,0,0,0,0,0,0,0,0,0,0,0,0,0,0,0,0,0,0,0,0,0,0,0,0,0,0,0,0,0,0,0,0,0,0,0,0,0,0,0,0,0,0,0,0,0,0,0,0,0,0,0,0,0,0,0,0,0,0,0,0,0,0,0,0,0,0,0,0,0,0,0,0,0,0,0,0,0,0,0,0,0,0,0,0,0,0,0,0,0,0,0,0,0,0,0,0,0,0,0,0,0,0,0,0,0,0,0,0,0,0,0,0,0,0,0,0,0,0,0,0,0,0,0,0,0,0,0,0,0,0,0,0,0,0,0,0,0,0,0,0,0,0,0,0,0,0,0,0,0,0,0,0,0,0,0,0,0,0,0,0,0,0,0,0,0,0,0,0,0,0,0,0,0,0,0,0,0,0,0,0,0,0,0,0,0,0,0,0,0,0,0,0,0,0,0,0,0,0,0
STAT,(NULL),Refine,207,1877,1877,0,0,0,0,0,0,0,0,0,0,0,0,0,0,0,0,0,0,0,0,0,0,0,0,0,0,0,0,0,0,0,0,0,0,0,0,0,0,0,0,0,0,0,0,0,0,0,0,0,0,0,0,0,0,0,0,0,0,0,0,0,0,0,0,0,0,0,0,0,0,0,0,0,0,0,0,0,0,0,0,0,0,0,0,0,0,0,0,0,0,0,0,0,0,0,0,0,0,0,0,0,0,0,0,0,0,0,0,0,0,0,0,0,0,0,0,0,0,0,0,0,0,0,0,0,0,0,0,0,0,0,0,0,0,0,0,0,0,0,0,0,0,0,0,0,0,0,0,0,0,0,0,0,0,0,0,0,0,0,0,0,0,0,0,0,0,0,0,0,0,0,0,0,0,0,0,0,0,0,0,0,0,0,0,0,0,0,0,0,0,0,0,0,0,0,0,0,0,0,0,0,0,0,0,0,0
STAT,(NULL),Threads,207,207,207,0,0,0,0,0,0,0,0,0,0,0,0,0,0,0,0,0,0,0,0,0,0,0,0,0,0,0,0,0,0,0,0,0,0,0,0,0,0,0,0,0,0,0,0,0,0,0,0,0,0,0,0,0,0,0,0,0,0,0,0,0,0,0,0,0,0,0,0,0,0,0,0,0,0,0,0,0,0,0,0,0,0,0,0,0,0,0,0,0,0,0,0,0,0,0,0,0,0,0,0,0,0,0,0,0,0,0,0,0,0,0,0,0,0,0,0,0,0,0,0,0,0,0,0,0,0,0,0,0,0,0,0,0,0,0,0,0,0,0,0,0,0,0,0,0,0,0,0,0,0,0,0,0,0,0,0,0,0,0,0,0,0,0,0,0,0,0,0,0,0,0,0,0,0,0,0,0,0,0,0,0,0,0,0,0,0,0,0,0,0,0,0,0,0,0,0,0,0,0,0,0,0,0,0,0,0
STAT,(NULL),Time,207,5999,5999,0,0,0,0,0,0,0,0,0,0,0,0,0,0,0,0,0,0,0,0,0,0,0,0,0,0,0,0,0,0,0,0,0,0,0,0,0,0,0,0,0,0,0,0,0,0,0,0,0,0,0,0,0,0,0,0,0,0,0,0,0,0,0,0,0,0,0,0,0,0,0,0,0,0,0,0,0,0,0,0,0,0,0,0,0,0,0,0,0,0,0,0,0,0,0,0,0,0,0,0,0,0,0,0,0,0,0,0,0,0,0,0,0,0,0,0,0,0,0,0,0,0,0,0,0,0,0,0,0,0,0,0,0,0,0,0,0,0,0,0,0,0,0,0,0,0,0,0,0,0,0,0,0,0,0,0,0,0,0,0,0,0,0,0,0,0,0,0,0,0,0,0,0,0,0,0,0,0,0,0,0,0,0,0,0,0,0,0,0,0,0,0,0,0,0,0,0,0,0,0,0,0,0,0,0,0
STAT,match,Conflicts,207,6277,47,38,42,54,44,52,62,43,43,44,43,56,48,44,42,46,36,40,43,38,41,50,38,44,39,35,35,39,34,35,37,33,37,38,35,31,29,35,36,34,37,32,37,41,36,40,38,35,40,36,41,33,36,39,35,35,25,49,34,31,34,33,23,21,27,22,28,36,31,29,37,27,26,27,24,25,28,32,26,29,26,20,23,28,26,23,24,27,28,25,21,29,31,35,34,24,27,20,33,26,32,25,24,28,31,29,30,24,20,24,31,28,25,29,25,23,22,27,34,21,28,26,26,21,20,23,25,26,34,22,28,29,24,35,26,20,24,25,27,25,24,18,32,24,26,34,26,24,26,30,26,26,27,20,28,30,30,30,28,27,30,31,20,29,28,26,26,29,24,23,34,35,31,28,25,27,23,24,24,25,22,22,31,25,21,27,26,26,23,33,33,30,29,26,26,23,21,22,26,27,22,25,24,23,27,19,29
STAT,match,Iterations,207,15010039,60764,52045,51798,64118,53465,62509,34156,64082,48484,63184,56104,54745,56251,44797,63243,54595,66386,60419,52900,56993,57579,53975,52937,52991,69187,80592,81008,74585,73177,63019,75368,68127,64938,65048,48929,58937,68606,64133,57039,69954,48905,64135,52948,62405,80875,56844,55388,51547,76455,66537,76874,66301,73791,71860,69114,76105,66863,66402,61766,48832,72953,61748,77237,77611,70612,69027,87475,72273,73792,49205,74137,80391,79096,76260,63479,93008,64148,71521,67377,101569,75104,73050,92165,59692,73633,92993,87453,72234,77144,85662,69778,61115,86133,77412,79501,107502,81959,94063,68212,96335,74250,65450,74089,66572,84393,70499,89740,89819,83528,87505,93478,92816,92964,72952,68888,70028,76606,75161,72706,77290,66236,75315,72345,71212,64151,73619,63027,82186,68745,77771,63921,87619,72329,55806,60783,59513,80144,70023,73743,61240,72197,73564,61399,75763,95548,71608,74265,93182,72656,81313,68574,87274,94870,79767,76057,92054,69827,86916,71770,102123,75874,71553,98188,78683,66834,90841,92575,84321,69672,78376,66562,81390,84398,80231,77922,89045,78565,80392,81278,83142,92892,88484,76764,75755,76974,71776,98644,62062,83466,71877,68144,51873,70169,77093,75035,90208,65355,57897,71333,87606,65021,70420,71413,68396,86439,79247,57492
STAT,popedge,Conflicts,207,0,0,0,0,0,0,0,0,0,0,0,0,0,0,0,0,0,0,0,0,0,0,0,0,0,0,0,0,0,0,0,0,0,0,0,0,0,0,0,0,0,0,0,0,0,0,0,0,0,0,0,0,0,0,0,0,0,0,0,0,0,0,0,0,0,0,0,0,0,0,0,0,0,0,0,0,0,0,0,0,0,0,0,0,0,0,0,0,0,0,0,0,0,0,0,0,0,0,0,0,0,0,0,0,0,0,0,0,0,0,0,0,0,0,0,0,0,0,0,0,0,0,0,0,0,0,0,0,0,0,0,0,0,0,0,0,0,0,0,0,0,0,0,0,0,0,0,0,0,0,0,0,0,0,0,0,0,0,0,0,0,0,0,0,0,0,0,0,0,0,0,0,0,0,0,0,0,0,0,0,0,0,0,0,0,0,0,0,0,0,0,0,0,0,0,0,0,0,0,0,0,0,0,0,0,0,0,0
STAT,popedge,Iterations,207,7354351,32447,31445,31676,32219,33306,33023,31700,32353,33594,33290,31751,33772,33119,31559,33238,31908,33697,31300,34655,34026,31770,34354,31303,34962,35365,36692,36292,36815,37463,33622,37120,38120,37999,36981,40656,37364,36557,36658,37752,38324,37796,37478,37313,37646,35797,39053,36783,37310,37121,38658,40172,38348,36109,36726,37918,36990,38373,38663,36979,37314,37189,34088,32079,31789,33323,30527,33159,31347,33886,32677,33171,30355,32779,32210,30199,31068,32197,31800,32171,33144,31360,31196,35873,32602,33980,35303,37650,38191,36905,37341,33999,38004,36225,38879,36218,40789,36422,40463,37038,34224,36488,38874,36853,35945,36800,37316,37099,39101,36793,37364,37471,38260,43328,39506,39612,37348,37698,37858,39347,37526,37951,37566,33704,33609,34007,33421,32506,33420,31896,33526,32384,33234,33636,33366,36388,32052,32952,33114,32682,31092,32625,34510,30899,33878,31361,33884,35963,39736,37875,36903,37997,35064,37234,38173,37490,38443,41136,37260,37889,39385,37379,37950,38518,35349,36681,38379,37651,36475,37433,39367,37983,39456,39978,39773,39773,38052,40203,38381,40006,41300,40424,38974,39302,34832,31851,31597,33413,32715,34230,31476,33886,34140,34136,31451,33332,33046,34571,34196,32927,32434,33550,35242,31785,34298,34312,33834,32898
STAT,refine,Conflicts,207,5939,80,69,80,82,67,70,71,73,64,66,60,56,61,62,54,43,53,50,54,45,45,61,44,43,47,48,44,47,43,44,38,28,27,36,38,33,29,44,39,44,43,34,32,37,27,21,25,34,41,35,34,37,38,35,49,27,33,34,50,36,34,17,15,28,24,19,24,19,28,19,19,15,20,24,21,29,17,19,22,18,20,20,27,16,23,25,20,25,24,20,23,20,24,22,16,27,17,17,26,24,20,26,23,24,26,16,18,14,20,19,21,17,26,21,24,14,24,27,21,24,17,23,25,26,21,25,14,18,28,28,22,25,19,26,23,20,17,20,21,20,30,23,16,18,16,23,8,29,19,29,17,20,21,18,25,21,19,25,16,24,19,17,28,25,24,30,26,23,24,24,25,26,23,22,23,15,19,17,13,26,24,25,20,27,12,21,30,12,20,19,20,20,25,18,17,20,22,28,19,23,25,22,13,11,19,27,20
STAT,refine,Iterations,207,431056,1986,1461,2077,2257,1159,2145,1340,1858,1685,2300,1729,1987,2286,1717,2445,1771,2207,1561,2011,1597,1634,1645,2018,1917,2096,2424,1813,2394,1875,2113,2253,1577,1711,1967,1436,1815,1646,2154,2275,2202,1658,1689,1976,2231,2420,1724,1840,2106,2817,1699,2525,2050,2126,1881,2469,1941,2107,2123,2221,1527,1716,2032,1834,1905,2186,1698,2137,1747,2160,1381,2397,1565,2306,2507,2359,2955,1799,1934,2255,2476,1598,1743,2330,1992,2047,2319,1918,1808,2307,2544,2014,2128,2016,2148,2524,2707,1901,1961,2160,2656,1930,1959,2724,2293,3040,1962,2563,1986,2321,2278,2474,2234,2003,2318,1922,1653,2047,2573,2370,1953,1655,1824,2049,1571,1689,2351,1196,2267,1930,2256,1472,2401,1744,2214,2302,2305,2604,1819,2291,1784,2302,1893,1662,2132,1765,1741,1530,2602,1984,2349,1918,2624,2279,2283,2145,2948,2239,2113,2110,2609,2100,2448,2444,2690,2678,3081,2404,2198,2237,2551,2359,2272,2719,2354,2536,2104,2296,1943,1944,2184,2153,2785,1806,2349,1462,1991,2307,1104,2018,1915,2093,1561,2033,1357,2055,2219,2156,2503,1611,2152,2096,2521,1435,2069,2208,2496,1660
