Hello from MIC
Galois Benchmark Suite v2.2.0 (r0)
Copyright (C) 2013 The University of Texas at Austin
http://iss.ices.utexas.edu/galois/

application: GMetis
Partitions a graph into K parts and minimizing the graph cut
http://iss.ices.utexas.edu/?p=projects/galois/benchmarks/gMetis

INFO: CommandLine /work/02556/dpereira/MIC/apps/gmetis/gmetis -t=210 /work/02556/dpereira/Inputs/USA-road-d.W.gr 16
INFO: Hostname c558-003-mic0.stampede.tacc.utexas.edu
Created Graph with 6262104 nodes and 15248146 edges
Nodes 6262104| Edges 15248146 7624073

  Starting coarsening: 
Time coarsen:  4663 Size of final graph: 446

  Sarting initial partitioning using GGGP:
Size in decade percentages:  -0,15 1,1
Time clustering:  375

  Sarting refinnement with BKL2
Initial dist
Size in decade percentages:  -0,15 1,1
Refined dist
Size in decade percentages:  -1,4 -0,7 1,5
Time refinement:  2977


Time:  8194
Total edge cut : 1549

Part saved in : 0x7fff5b4adce0
STATTYPE,LOOP,CATEGORY,n,sum,T0,T1,T2,T3,T4,T5,T6,T7,T8,T9,T10,T11,T12,T13,T14,T15,T16,T17,T18,T19,T20,T21,T22,T23,T24,T25,T26,T27,T28,T29,T30,T31,T32,T33,T34,T35,T36,T37,T38,T39,T40,T41,T42,T43,T44,T45,T46,T47,T48,T49,T50,T51,T52,T53,T54,T55,T56,T57,T58,T59,T60,T61,T62,T63,T64,T65,T66,T67,T68,T69,T70,T71,T72,T73,T74,T75,T76,T77,T78,T79,T80,T81,T82,T83,T84,T85,T86,T87,T88,T89,T90,T91,T92,T93,T94,T95,T96,T97,T98,T99,T100,T101,T102,T103,T104,T105,T106,T107,T108,T109,T110,T111,T112,T113,T114,T115,T116,T117,T118,T119,T120,T121,T122,T123,T124,T125,T126,T127,T128,T129,T130,T131,T132,T133,T134,T135,T136,T137,T138,T139,T140,T141,T142,T143,T144,T145,T146,T147,T148,T149,T150,T151,T152,T153,T154,T155,T156,T157,T158,T159,T160,T161,T162,T163,T164,T165,T166,T167,T168,T169,T170,T171,T172,T173,T174,T175,T176,T177,T178,T179,T180,T181,T182,T183,T184,T185,T186,T187,T188,T189,T190,T191,T192,T193,T194,T195,T196,T197,T198,T199,T200,T201,T202,T203,T204,T205,T206,T207,T208,T209
STAT,(NULL),Coarsen,210,4663,4663,0,0,0,0,0,0,0,0,0,0,0,0,0,0,0,0,0,0,0,0,0,0,0,0,0,0,0,0,0,0,0,0,0,0,0,0,0,0,0,0,0,0,0,0,0,0,0,0,0,0,0,0,0,0,0,0,0,0,0,0,0,0,0,0,0,0,0,0,0,0,0,0,0,0,0,0,0,0,0,0,0,0,0,0,0,0,0,0,0,0,0,0,0,0,0,0,0,0,0,0,0,0,0,0,0,0,0,0,0,0,0,0,0,0,0,0,0,0,0,0,0,0,0,0,0,0,0,0,0,0,0,0,0,0,0,0,0,0,0,0,0,0,0,0,0,0,0,0,0,0,0,0,0,0,0,0,0,0,0,0,0,0,0,0,0,0,0,0,0,0,0,0,0,0,0,0,0,0,0,0,0,0,0,0,0,0,0,0,0,0,0,0,0,0,0,0,0,0,0,0,0,0,0,0,0,0,0,0,0
STAT,(NULL),Conflicts,210,0,0,0,0,0,0,0,0,0,0,0,0,0,0,0,0,0,0,0,0,0,0,0,0,0,0,0,0,0,0,0,0,0,0,0,0,0,0,0,0,0,0,0,0,0,0,0,0,0,0,0,0,0,0,0,0,0,0,0,0,0,0,0,0,0,0,0,0,0,0,0,0,0,0,0,0,0,0,0,0,0,0,0,0,0,0,0,0,0,0,0,0,0,0,0,0,0,0,0,0,0,0,0,0,0,0,0,0,0,0,0,0,0,0,0,0,0,0,0,0,0,0,0,0,0,0,0,0,0,0,0,0,0,0,0,0,0,0,0,0,0,0,0,0,0,0,0,0,0,0,0,0,0,0,0,0,0,0,0,0,0,0,0,0,0,0,0,0,0,0,0,0,0,0,0,0,0,0,0,0,0,0,0,0,0,0,0,0,0,0,0,0,0,0,0,0,0,0,0,0,0,0,0,0,0,0,0,0,0,0,0
STAT,(NULL),Iterations,210,31,5,0,0,0,0,0,0,0,0,0,0,0,0,0,0,0,0,0,0,0,0,0,0,3,0,0,0,0,0,0,0,0,0,0,0,1,0,0,2,0,0,0,1,0,0,0,0,0,0,0,0,0,0,0,0,0,0,0,0,0,0,0,0,0,0,0,0,0,0,0,0,0,0,0,0,1,0,1,0,0,0,0,0,0,0,0,0,0,3,0,0,0,0,0,0,1,0,1,0,0,0,0,0,2,0,0,1,0,0,0,0,0,0,0,0,0,0,0,2,0,0,0,0,2,0,0,0,0,0,0,0,0,0,1,0,0,0,0,0,0,0,0,0,0,0,0,0,0,0,0,0,0,0,0,0,0,0,0,0,0,0,0,0,0,0,0,0,0,0,0,0,0,0,0,0,0,0,0,0,0,0,0,0,0,0,0,0,0,0,0,0,0,0,0,0,0,0,0,0,0,0,0,0,0,0,0,0,4,0,0
STAT,(NULL),MeminfoPost,210,756835,3610,3594,3610,3622,3606,3610,3602,3610,3595,3607,3598,3621,3624,3655,3619,3598,3602,3594,3596,3613,3604,3616,3615,3602,3616,3612,3590,3601,3592,3610,3611,3618,3593,3592,3598,3605,3601,3607,3615,3611,3616,3598,3615,3589,3598,3608,3617,3616,3658,3633,3599,3594,3594,3604,3603,3610,3613,3612,3614,3608,3609,3595,3595,3601,3603,3612,3619,3597,3592,3597,3603,3611,3607,3598,3610,3635,3605,3598,3610,3611,3610,3596,3615,3596,3601,3593,3595,3612,3590,3586,3604,3608,3613,3606,3598,3604,3595,3597,3591,3590,3590,3607,3590,3624,3627,3615,3598,3593,3596,3600,3622,3595,3586,3583,3591,3607,3609,3608,3620,3613,3602,3603,3598,3592,3606,3594,3599,3602,3584,3590,3589,3600,3584,3617,3593,3587,3607,3623,3630,3622,3623,3598,3595,3597,3617,3590,3585,3588,3606,3606,3610,3619,3602,3605,3590,3605,3595,3598,3593,3586,3595,3589,3610,3591,3589,3619,3630,3623,3630,3610,3600,3593,3594,3591,3602,3611,3626,3627,3616,3623,3623,3603,3590,3599,3609,3596,3611,3593,3594,3587,3586,3595,3599,3620,3588,3586,3581,3612,3572,3586,3621,3591,3593,3602,3609,3604,3603,3607,3598,3602
STAT,(NULL),MeminfoPre,210,189205,907,891,907,919,903,907,899,907,892,904,895,918,921,952,916,895,899,891,893,910,901,913,912,899,913,909,887,898,889,907,908,915,890,889,895,902,898,904,912,908,913,895,912,886,895,905,914,913,955,930,896,891,891,901,900,907,910,909,911,905,906,892,892,898,900,909,916,894,889,894,900,908,904,895,907,932,902,895,907,908,907,893,912,893,898,890,892,909,887,883,901,905,910,903,895,901,892,894,888,887,887,904,887,921,924,912,895,890,893,897,919,892,883,880,888,904,906,905,917,910,899,900,895,889,903,891,896,899,881,887,886,897,881,914,890,884,904,920,927,919,920,895,892,894,914,887,882,885,903,903,907,916,899,902,887,902,892,895,890,883,892,886,907,888,886,916,927,920,927,907,897,890,891,888,899,908,923,924,913,920,920,900,887,896,906,893,908,890,891,884,883,892,896,917,885,883,878,909,869,883,918,888,890,899,906,901,900,904,895,899
STAT,(NULL),Partition,210,375,375,0,0,0,0,0,0,0,0,0,0,0,0,0,0,0,0,0,0,0,0,0,0,0,0,0,0,0,0,0,0,0,0,0,0,0,0,0,0,0,0,0,0,0,0,0,0,0,0,0,0,0,0,0,0,0,0,0,0,0,0,0,0,0,0,0,0,0,0,0,0,0,0,0,0,0,0,0,0,0,0,0,0,0,0,0,0,0,0,0,0,0,0,0,0,0,0,0,0,0,0,0,0,0,0,0,0,0,0,0,0,0,0,0,0,0,0,0,0,0,0,0,0,0,0,0,0,0,0,0,0,0,0,0,0,0,0,0,0,0,0,0,0,0,0,0,0,0,0,0,0,0,0,0,0,0,0,0,0,0,0,0,0,0,0,0,0,0,0,0,0,0,0,0,0,0,0,0,0,0,0,0,0,0,0,0,0,0,0,0,0,0,0,0,0,0,0,0,0,0,0,0,0,0,0,0,0,0,0,0
STAT,(NULL),Refine,210,2977,2977,0,0,0,0,0,0,0,0,0,0,0,0,0,0,0,0,0,0,0,0,0,0,0,0,0,0,0,0,0,0,0,0,0,0,0,0,0,0,0,0,0,0,0,0,0,0,0,0,0,0,0,0,0,0,0,0,0,0,0,0,0,0,0,0,0,0,0,0,0,0,0,0,0,0,0,0,0,0,0,0,0,0,0,0,0,0,0,0,0,0,0,0,0,0,0,0,0,0,0,0,0,0,0,0,0,0,0,0,0,0,0,0,0,0,0,0,0,0,0,0,0,0,0,0,0,0,0,0,0,0,0,0,0,0,0,0,0,0,0,0,0,0,0,0,0,0,0,0,0,0,0,0,0,0,0,0,0,0,0,0,0,0,0,0,0,0,0,0,0,0,0,0,0,0,0,0,0,0,0,0,0,0,0,0,0,0,0,0,0,0,0,0,0,0,0,0,0,0,0,0,0,0,0,0,0,0,0,0,0
STAT,(NULL),Threads,210,210,210,0,0,0,0,0,0,0,0,0,0,0,0,0,0,0,0,0,0,0,0,0,0,0,0,0,0,0,0,0,0,0,0,0,0,0,0,0,0,0,0,0,0,0,0,0,0,0,0,0,0,0,0,0,0,0,0,0,0,0,0,0,0,0,0,0,0,0,0,0,0,0,0,0,0,0,0,0,0,0,0,0,0,0,0,0,0,0,0,0,0,0,0,0,0,0,0,0,0,0,0,0,0,0,0,0,0,0,0,0,0,0,0,0,0,0,0,0,0,0,0,0,0,0,0,0,0,0,0,0,0,0,0,0,0,0,0,0,0,0,0,0,0,0,0,0,0,0,0,0,0,0,0,0,0,0,0,0,0,0,0,0,0,0,0,0,0,0,0,0,0,0,0,0,0,0,0,0,0,0,0,0,0,0,0,0,0,0,0,0,0,0,0,0,0,0,0,0,0,0,0,0,0,0,0,0,0,0,0,0
STAT,(NULL),Time,210,8194,8194,0,0,0,0,0,0,0,0,0,0,0,0,0,0,0,0,0,0,0,0,0,0,0,0,0,0,0,0,0,0,0,0,0,0,0,0,0,0,0,0,0,0,0,0,0,0,0,0,0,0,0,0,0,0,0,0,0,0,0,0,0,0,0,0,0,0,0,0,0,0,0,0,0,0,0,0,0,0,0,0,0,0,0,0,0,0,0,0,0,0,0,0,0,0,0,0,0,0,0,0,0,0,0,0,0,0,0,0,0,0,0,0,0,0,0,0,0,0,0,0,0,0,0,0,0,0,0,0,0,0,0,0,0,0,0,0,0,0,0,0,0,0,0,0,0,0,0,0,0,0,0,0,0,0,0,0,0,0,0,0,0,0,0,0,0,0,0,0,0,0,0,0,0,0,0,0,0,0,0,0,0,0,0,0,0,0,0,0,0,0,0,0,0,0,0,0,0,0,0,0,0,0,0,0,0,0,0,0,0
STAT,match,Conflicts,210,6097,46,46,44,56,48,46,48,33,34,37,50,43,36,44,42,38,28,40,37,39,38,39,45,34,36,36,38,45,42,37,35,37,31,36,27,30,35,40,39,30,33,36,40,27,34,36,37,31,41,34,40,37,28,29,39,39,35,39,36,35,34,30,28,28,24,28,24,26,26,27,25,24,18,26,28,25,28,19,19,24,26,28,24,27,18,25,31,24,25,26,23,25,23,28,25,32,22,25,31,30,26,28,29,31,26,25,34,26,28,28,25,27,21,26,27,27,21,31,18,30,19,23,27,22,25,25,20,28,30,31,25,26,18,19,23,24,18,22,21,22,22,28,27,21,29,19,22,24,23,26,26,26,28,24,25,24,35,22,25,31,24,24,24,28,32,28,29,29,22,22,32,26,25,20,26,25,30,26,27,21,31,24,29,22,23,25,23,30,27,28,24,32,23,27,23,25,23,28,27,26,28,19,25,24,29,35,18,18,28,24
STAT,match,Iterations,210,15053285,36185,59082,58275,51748,61540,46837,52731,59658,48217,50693,49389,59040,55085,59114,38998,64226,67550,48363,55902,77673,74393,42194,59696,51484,49186,73791,43163,60853,61617,52475,65974,46495,65811,68822,94568,48578,49306,78210,68057,72460,58028,57245,48810,74709,64638,51314,71603,55311,57796,73593,48292,52923,78589,64218,52154,59103,71262,36457,40172,69547,73104,50497,63934,67075,74966,59749,60848,70706,74503,77846,68844,67834,65260,72814,79794,71729,62288,58663,99458,63703,87281,76814,60343,65422,63363,77031,76159,77013,82684,66163,70300,78517,69960,69500,92821,71524,73245,75522,82375,91057,119964,73419,73967,74134,87458,71243,88632,93356,78045,95997,87983,77679,91123,78607,94232,85096,79153,56358,115549,74751,91178,76238,70115,68528,59123,88390,84698,70291,68455,68057,75148,91966,96823,56663,83726,70373,96876,85517,58287,80814,61997,81622,66986,71255,63701,73803,76340,85213,65543,70840,94440,75947,87400,61582,107054,80861,68554,115207,46695,95111,78522,86423,85509,84020,78449,83463,101774,87206,77182,85556,61208,75246,90009,80349,77425,66759,63898,91483,76086,92316,64796,65792,82078,58223,67180,58557,54796,79276,72981,92594,80956,93060,78418,61502,64488,77977,79150,68159,63478,78082,92315,74669,73197,96868,61046,85684,82938,61776,80644,87647
STAT,popedge,Conflicts,210,0,0,0,0,0,0,0,0,0,0,0,0,0,0,0,0,0,0,0,0,0,0,0,0,0,0,0,0,0,0,0,0,0,0,0,0,0,0,0,0,0,0,0,0,0,0,0,0,0,0,0,0,0,0,0,0,0,0,0,0,0,0,0,0,0,0,0,0,0,0,0,0,0,0,0,0,0,0,0,0,0,0,0,0,0,0,0,0,0,0,0,0,0,0,0,0,0,0,0,0,0,0,0,0,0,0,0,0,0,0,0,0,0,0,0,0,0,0,0,0,0,0,0,0,0,0,0,0,0,0,0,0,0,0,0,0,0,0,0,0,0,0,0,0,0,0,0,0,0,0,0,0,0,0,0,0,0,0,0,0,0,0,0,0,0,0,0,0,0,0,0,0,0,0,0,0,0,0,0,0,0,0,0,0,0,0,0,0,0,0,0,0,0,0,0,0,0,0,0,0,0,0,0,0,0,0,0,0,0,0,0
STAT,popedge,Iterations,210,7376348,31907,33183,31288,32641,32658,32700,33339,31952,34423,32856,33357,33049,33839,34341,32630,32704,33235,34560,31439,33472,32281,32636,32149,30425,34002,31781,32542,37471,39354,35910,38630,36065,36918,35666,38403,37307,37087,37670,38078,37964,37246,38286,36529,37365,37342,37087,35892,36615,37146,34956,39640,38507,35720,38382,38096,37251,35591,34726,38141,36178,37063,32280,34241,33533,32624,33321,32457,33595,32490,34092,31561,32587,30471,32336,34066,31481,34180,31274,33849,30221,33507,32037,32480,32055,31444,32601,32782,32366,36998,38502,37445,38745,36320,36395,35486,38883,36865,36084,38089,36731,36541,38341,38756,38959,36478,36666,38013,40142,34471,37637,36516,38629,37037,38569,36564,39324,37281,36544,38142,36511,37201,37737,32192,32401,32247,35226,34982,33604,33036,33447,32620,32656,35188,32690,32905,33628,34496,33505,32002,33457,31527,32814,33081,30338,33823,31600,31844,31845,33413,38346,38038,36618,40373,36450,36572,34896,37580,40369,37091,38738,37846,37567,38669,37238,35671,37571,37976,37807,37778,36611,36678,36571,35798,35954,37643,36912,41660,38034,40839,38758,38999,40410,38080,33518,33158,32876,33393,34136,32709,35604,32328,33162,31308,36835,31184,32712,32402,31938,34693,30209,33609,31770,33317,35063,31387,34071,33318,33221,35160,34355
STAT,refine,Conflicts,210,5507,87,90,93,93,95,84,80,89,78,79,90,63,73,74,80,72,51,53,60,57,57,66,65,49,56,61,57,54,57,47,56,41,32,27,30,29,23,40,44,38,27,35,32,36,29,34,22,35,39,30,39,41,26,34,32,41,43,26,29,23,29,16,12,12,21,19,19,19,9,20,4,26,12,14,14,17,20,7,10,5,9,17,20,15,8,10,16,14,19,14,18,26,12,26,20,17,11,18,31,22,29,17,18,24,18,19,14,12,25,23,18,19,20,17,14,20,23,13,15,16,14,16,12,15,14,14,11,21,7,12,22,16,13,9,17,19,17,10,18,15,22,13,10,16,12,14,15,18,18,25,19,20,15,16,18,16,12,15,11,20,16,12,21,24,18,19,16,18,16,18,17,13,16,19,15,15,19,22,28,15,16,13,5,8,14,11,16,15,8,10,20,13,14,7,5,12,27,12,16,10,18,10,15,17,14,21,13,15,7,6
STAT,refine,Iterations,210,35413,267,342,280,284,254,272,248,277,261,202,264,225,210,273,275,243,177,181,196,203,222,185,278,175,175,230,167,241,239,196,221,173,190,204,219,146,115,195,225,239,180,147,162,171,162,87,183,139,137,222,129,157,123,174,151,231,202,174,135,114,145,101,87,122,124,105,128,116,145,162,88,200,95,89,117,127,174,72,128,88,167,146,129,136,110,119,171,116,185,179,180,236,159,220,155,167,154,169,236,275,336,189,189,178,207,187,184,208,177,211,165,182,165,104,160,155,269,197,267,133,152,146,115,103,141,108,143,158,88,129,203,159,168,98,134,140,194,181,156,140,100,157,120,144,98,166,140,146,126,214,238,172,217,108,196,153,132,184,105,285,193,196,223,236,98,225,176,149,159,166,159,118,153,132,128,159,205,275,226,214,143,117,128,100,112,144,112,155,88,113,194,122,99,105,57,96,131,143,172,100,108,83,168,268,121,172,155,82,234,110
