Hello from MIC
Galois Benchmark Suite v2.2.0 (r0)
Copyright (C) 2013 The University of Texas at Austin
http://iss.ices.utexas.edu/galois/

application: GMetis
Partitions a graph into K parts and minimizing the graph cut
http://iss.ices.utexas.edu/?p=projects/galois/benchmarks/gMetis

INFO: CommandLine /work/02556/dpereira/MIC/apps/gmetis/gmetis -t=123 /work/02556/dpereira/Inputs/USA-road-d.W.gr 16
INFO: Hostname c558-001-mic0.stampede.tacc.utexas.edu
Created Graph with 6262104 nodes and 15248146 edges
Nodes 6262104| Edges 15248146 7624073

  Starting coarsening: 
Time coarsen:  2592 Size of final graph: 437

  Sarting initial partitioning using GGGP:
Size in decade percentages:  -0,15 1,1
Time clustering:  367

  Sarting refinnement with BKL2
Initial dist
Size in decade percentages:  -0,15 1,1
Refined dist
Size in decade percentages:  -1,5 0,6 1,5
Time refinement:  1427


Time:  4565
Total edge cut : 2062

Part saved in : 0x7fff6daca960
STATTYPE,LOOP,CATEGORY,n,sum,T0,T1,T2,T3,T4,T5,T6,T7,T8,T9,T10,T11,T12,T13,T14,T15,T16,T17,T18,T19,T20,T21,T22,T23,T24,T25,T26,T27,T28,T29,T30,T31,T32,T33,T34,T35,T36,T37,T38,T39,T40,T41,T42,T43,T44,T45,T46,T47,T48,T49,T50,T51,T52,T53,T54,T55,T56,T57,T58,T59,T60,T61,T62,T63,T64,T65,T66,T67,T68,T69,T70,T71,T72,T73,T74,T75,T76,T77,T78,T79,T80,T81,T82,T83,T84,T85,T86,T87,T88,T89,T90,T91,T92,T93,T94,T95,T96,T97,T98,T99,T100,T101,T102,T103,T104,T105,T106,T107,T108,T109,T110,T111,T112,T113,T114,T115,T116,T117,T118,T119,T120,T121,T122
STAT,(NULL),Coarsen,123,2592,2592,0,0,0,0,0,0,0,0,0,0,0,0,0,0,0,0,0,0,0,0,0,0,0,0,0,0,0,0,0,0,0,0,0,0,0,0,0,0,0,0,0,0,0,0,0,0,0,0,0,0,0,0,0,0,0,0,0,0,0,0,0,0,0,0,0,0,0,0,0,0,0,0,0,0,0,0,0,0,0,0,0,0,0,0,0,0,0,0,0,0,0,0,0,0,0,0,0,0,0,0,0,0,0,0,0,0,0,0,0,0,0,0,0,0,0,0,0,0,0,0,0,0
STAT,(NULL),Conflicts,123,0,0,0,0,0,0,0,0,0,0,0,0,0,0,0,0,0,0,0,0,0,0,0,0,0,0,0,0,0,0,0,0,0,0,0,0,0,0,0,0,0,0,0,0,0,0,0,0,0,0,0,0,0,0,0,0,0,0,0,0,0,0,0,0,0,0,0,0,0,0,0,0,0,0,0,0,0,0,0,0,0,0,0,0,0,0,0,0,0,0,0,0,0,0,0,0,0,0,0,0,0,0,0,0,0,0,0,0,0,0,0,0,0,0,0,0,0,0,0,0,0,0,0,0
STAT,(NULL),Iterations,123,31,5,0,0,4,0,0,0,0,0,0,0,0,0,0,0,0,1,0,2,0,0,2,0,0,0,0,0,0,0,0,0,0,1,0,0,0,0,0,0,1,0,0,0,0,0,0,0,0,0,0,1,0,0,0,0,0,0,0,0,0,0,0,0,0,0,0,0,2,0,2,0,0,0,0,0,0,0,0,0,0,0,3,0,0,0,0,3,0,0,1,1,0,0,0,0,0,0,0,2,0,0,0,0,0,0,0,0,0,0,0,0,0,0,0,0,0,0,0,0,0,0,0,0
STAT,(NULL),MeminfoPost,123,756832,6161,6161,6165,6153,6147,6157,6164,6211,6186,6141,6141,6155,6164,6171,6163,6142,6139,6164,6159,6138,6150,6145,6182,6164,6144,6144,6158,6172,6232,6154,6142,6148,6157,6174,6165,6161,6137,6140,6181,6141,6137,6155,6160,6154,6186,6146,6169,6148,6158,6142,6137,6152,6130,6160,6162,6141,6146,6136,6129,6146,6171,6179,6142,6140,6169,6131,6118,6153,6167,6163,6160,6147,6151,6137,6144,6129,6129,6131,6157,6131,6185,6189,6172,6135,6162,6124,6136,6163,6165,6151,6139,6148,6140,6125,6133,6151,6147,6191,6192,6158,6143,6126,6149,6201,6171,6193,6142,6155,6142,6150,6135,6125,6139,6160,6118,6146,6116,6156,6138,6151,6151,6155,6148
STAT,(NULL),MeminfoPre,123,189187,1546,1546,1550,1538,1532,1542,1549,1596,1571,1526,1526,1540,1549,1556,1548,1527,1524,1549,1544,1523,1535,1530,1567,1549,1529,1529,1543,1557,1617,1539,1527,1533,1542,1559,1550,1546,1522,1525,1566,1526,1522,1540,1545,1539,1571,1531,1554,1533,1543,1527,1522,1537,1515,1545,1547,1526,1531,1521,1514,1531,1556,1564,1527,1525,1554,1516,1503,1538,1552,1548,1545,1532,1536,1522,1529,1514,1514,1516,1542,1516,1570,1574,1557,1520,1547,1509,1521,1548,1550,1536,1524,1533,1525,1510,1518,1536,1532,1576,1577,1543,1528,1511,1534,1586,1556,1578,1527,1540,1527,1535,1520,1510,1524,1545,1503,1531,1501,1541,1523,1536,1536,1540,1533
STAT,(NULL),Partition,123,367,367,0,0,0,0,0,0,0,0,0,0,0,0,0,0,0,0,0,0,0,0,0,0,0,0,0,0,0,0,0,0,0,0,0,0,0,0,0,0,0,0,0,0,0,0,0,0,0,0,0,0,0,0,0,0,0,0,0,0,0,0,0,0,0,0,0,0,0,0,0,0,0,0,0,0,0,0,0,0,0,0,0,0,0,0,0,0,0,0,0,0,0,0,0,0,0,0,0,0,0,0,0,0,0,0,0,0,0,0,0,0,0,0,0,0,0,0,0,0,0,0,0,0
STAT,(NULL),Refine,123,1427,1427,0,0,0,0,0,0,0,0,0,0,0,0,0,0,0,0,0,0,0,0,0,0,0,0,0,0,0,0,0,0,0,0,0,0,0,0,0,0,0,0,0,0,0,0,0,0,0,0,0,0,0,0,0,0,0,0,0,0,0,0,0,0,0,0,0,0,0,0,0,0,0,0,0,0,0,0,0,0,0,0,0,0,0,0,0,0,0,0,0,0,0,0,0,0,0,0,0,0,0,0,0,0,0,0,0,0,0,0,0,0,0,0,0,0,0,0,0,0,0,0,0,0
STAT,(NULL),Threads,123,123,123,0,0,0,0,0,0,0,0,0,0,0,0,0,0,0,0,0,0,0,0,0,0,0,0,0,0,0,0,0,0,0,0,0,0,0,0,0,0,0,0,0,0,0,0,0,0,0,0,0,0,0,0,0,0,0,0,0,0,0,0,0,0,0,0,0,0,0,0,0,0,0,0,0,0,0,0,0,0,0,0,0,0,0,0,0,0,0,0,0,0,0,0,0,0,0,0,0,0,0,0,0,0,0,0,0,0,0,0,0,0,0,0,0,0,0,0,0,0,0,0,0,0
STAT,(NULL),Time,123,4565,4565,0,0,0,0,0,0,0,0,0,0,0,0,0,0,0,0,0,0,0,0,0,0,0,0,0,0,0,0,0,0,0,0,0,0,0,0,0,0,0,0,0,0,0,0,0,0,0,0,0,0,0,0,0,0,0,0,0,0,0,0,0,0,0,0,0,0,0,0,0,0,0,0,0,0,0,0,0,0,0,0,0,0,0,0,0,0,0,0,0,0,0,0,0,0,0,0,0,0,0,0,0,0,0,0,0,0,0,0,0,0,0,0,0,0,0,0,0,0,0,0,0,0
STAT,match,Conflicts,123,6016,78,75,68,64,70,65,77,63,73,54,67,59,72,68,58,59,46,57,61,48,54,59,56,47,47,80,59,54,47,60,65,43,41,45,46,61,52,56,42,52,55,47,59,43,53,64,64,65,58,61,51,64,57,56,36,54,51,59,53,53,47,47,37,33,38,34,37,42,43,43,45,40,43,37,37,39,38,31,39,47,40,46,37,32,35,35,43,29,30,35,42,44,37,44,41,42,52,32,36,34,32,44,33,50,38,60,47,59,51,53,35,47,40,46,53,32,34,39,42,39,54,34,40
STAT,match,Iterations,123,14990906,88246,109114,112949,108037,104618,90516,109456,104492,91576,120630,100275,116141,107519,91529,113204,119839,104941,111815,115325,109736,113643,114752,101649,116503,121508,103123,109393,119060,111451,113305,115033,116717,128064,116085,117110,122237,131532,101493,111191,116169,109551,135253,106481,139404,111756,127462,126473,109777,113498,100963,142405,99304,113840,124353,120239,93605,118544,106279,136246,112291,108356,104126,136950,142966,138315,147400,131445,135914,124987,122386,131195,121237,109842,141169,138250,120529,141196,135830,114033,127114,120375,120011,135843,124635,125942,137709,140006,136048,123431,139090,147149,137168,119665,130103,133537,136041,126211,145036,116688,123355,151869,123196,141175,103660,141365,116404,124337,120952,134309,144914,142025,157029,144976,127043,112760,141919,157534,119919,127525,127545,129755,124542,107170
STAT,popedge,Conflicts,123,0,0,0,0,0,0,0,0,0,0,0,0,0,0,0,0,0,0,0,0,0,0,0,0,0,0,0,0,0,0,0,0,0,0,0,0,0,0,0,0,0,0,0,0,0,0,0,0,0,0,0,0,0,0,0,0,0,0,0,0,0,0,0,0,0,0,0,0,0,0,0,0,0,0,0,0,0,0,0,0,0,0,0,0,0,0,0,0,0,0,0,0,0,0,0,0,0,0,0,0,0,0,0,0,0,0,0,0,0,0,0,0,0,0,0,0,0,0,0,0,0,0,0,0
STAT,popedge,Iterations,123,7344849,51957,56907,59087,60352,60269,63200,60169,58224,58604,60226,60443,59588,60498,58624,58654,59775,61455,59007,60177,59648,60528,59726,57479,55403,59312,63542,60442,59096,57929,61392,59808,58454,58602,58270,60274,57052,59294,61921,59015,60260,58337,56347,57257,57844,57831,56253,57280,58400,60974,60208,62929,60470,63556,60543,56657,60959,63557,61965,59760,60564,60630,49489,59580,58649,60008,56956,61290,59523,57679,56333,61875,58987,61458,57190,61569,59120,60985,60484,60864,61369,59705,58191,59443,59443,60156,60566,58339,58684,60084,56535,56346,60890,60517,62000,58882,59877,59187,59628,59418,57236,58366,59298,61163,62253,62203,62369,64180,63485,58551,62208,60033,63073,62552,59753,66196,62831,58129,61034,60457,63785,63779,63247,50385
STAT,refine,Conflicts,123,5194,134,126,122,125,112,115,112,114,107,85,91,97,86,91,98,73,68,74,53,63,70,65,55,56,60,72,63,56,75,69,54,40,42,36,58,42,38,19,23,34,28,25,37,43,53,43,40,38,45,40,41,47,35,55,36,22,44,33,44,31,45,24,17,18,28,20,19,19,27,25,15,18,13,19,34,10,29,25,29,28,15,25,21,22,11,16,24,28,23,22,23,27,20,15,19,34,17,15,19,16,27,20,24,24,28,27,29,26,33,25,29,26,19,21,27,20,14,23,23,31,26,19,26
STAT,refine,Iterations,123,42062,519,473,455,504,367,360,380,449,431,500,363,429,298,470,338,415,305,364,275,364,555,448,284,344,307,298,242,268,555,417,405,249,431,398,291,303,318,302,200,259,242,426,350,316,503,316,474,187,324,255,443,342,232,354,294,231,365,288,351,358,368,381,270,275,337,214,202,185,320,299,509,296,252,256,341,238,377,340,268,302,465,541,346,319,269,279,291,321,279,490,344,431,279,415,418,294,250,408,255,280,282,216,472,319,294,606,312,491,337,297,267,445,231,209,230,304,140,179,283,505,440,297,318
