Hello from MIC
Galois Benchmark Suite v2.2.0 (r0)
Copyright (C) 2013 The University of Texas at Austin
http://iss.ices.utexas.edu/galois/

application: GMetis
Partitions a graph into K parts and minimizing the graph cut
http://iss.ices.utexas.edu/?p=projects/galois/benchmarks/gMetis

INFO: CommandLine /work/02556/dpereira/MIC/apps/gmetis/gmetis -t=77 /work/02556/dpereira/Inputs/USA-road-d.W.gr 1024
INFO: Hostname c558-304-mic0.stampede.tacc.utexas.edu
Created Graph with 6262104 nodes and 15248146 edges
Nodes 6262104| Edges 15248146 7624073

  Starting coarsening: 
Time coarsen:  2164 Size of final graph: 21482

  Sarting initial partitioning using GGGP:
Size in decade percentages:  -1,78 -0,870 1,76
Time clustering:  854

  Sarting refinnement with BKL2
Initial dist
Size in decade percentages:  -1,78 -0,870 1,76
Refined dist
Size in decade percentages:  -1,368 -0,271 1,384 4,1
Time refinement:  946


Time:  4142
Total edge cut : 31958

Part saved in : 0x7fffae7a1360
STATTYPE,LOOP,CATEGORY,n,sum,T0,T1,T2,T3,T4,T5,T6,T7,T8,T9,T10,T11,T12,T13,T14,T15,T16,T17,T18,T19,T20,T21,T22,T23,T24,T25,T26,T27,T28,T29,T30,T31,T32,T33,T34,T35,T36,T37,T38,T39,T40,T41,T42,T43,T44,T45,T46,T47,T48,T49,T50,T51,T52,T53,T54,T55,T56,T57,T58,T59,T60,T61,T62,T63,T64,T65,T66,T67,T68,T69,T70,T71,T72,T73,T74,T75,T76
STAT,(NULL),Coarsen,77,2164,2164,0,0,0,0,0,0,0,0,0,0,0,0,0,0,0,0,0,0,0,0,0,0,0,0,0,0,0,0,0,0,0,0,0,0,0,0,0,0,0,0,0,0,0,0,0,0,0,0,0,0,0,0,0,0,0,0,0,0,0,0,0,0,0,0,0,0,0,0,0,0,0,0,0,0,0,0
STAT,(NULL),Conflicts,77,0,0,0,0,0,0,0,0,0,0,0,0,0,0,0,0,0,0,0,0,0,0,0,0,0,0,0,0,0,0,0,0,0,0,0,0,0,0,0,0,0,0,0,0,0,0,0,0,0,0,0,0,0,0,0,0,0,0,0,0,0,0,0,0,0,0,0,0,0,0,0,0,0,0,0,0,0,0
STAT,(NULL),Iterations,77,2047,11,19,21,10,15,20,23,23,14,20,19,39,22,21,22,30,41,27,20,34,30,24,39,39,30,26,33,28,21,30,20,21,41,37,30,18,29,37,21,38,20,28,40,31,32,17,29,25,25,38,80,79,25,37,42,28,39,10,21,28,18,22,27,15,21,17,20,21,15,14,17,16,17,24,13,30,23
STAT,(NULL),MeminfoPost,77,756327,9828,9842,9826,9815,9894,9843,9805,9844,9843,9816,9816,9833,9803,9825,9854,9814,9821,9904,9833,9808,9836,9850,9813,9822,9827,9805,9831,9862,9817,9827,9820,9807,9795,9835,9815,9809,9782,9819,9871,9794,9828,9774,9825,9851,9815,9808,9806,9780,9813,9785,9879,9853,9814,9788,9815,9841,9811,9810,9781,9808,9826,9885,9816,9793,9856,9873,9829,9816,9814,9779,9811,9793,9783,9811,9808,9825,9820
STAT,(NULL),MeminfoPre,77,189068,2461,2475,2459,2448,2527,2476,2438,2477,2476,2449,2449,2466,2436,2458,2487,2447,2454,2537,2466,2441,2469,2483,2446,2455,2460,2438,2464,2495,2450,2460,2453,2440,2428,2468,2448,2442,2415,2452,2504,2427,2461,2407,2458,2484,2448,2441,2439,2413,2446,2418,2512,2486,2447,2421,2448,2474,2444,2443,2414,2441,2459,2518,2449,2426,2489,2506,2462,2449,2447,2412,2444,2426,2416,2444,2441,2458,2453
STAT,(NULL),Partition,77,854,854,0,0,0,0,0,0,0,0,0,0,0,0,0,0,0,0,0,0,0,0,0,0,0,0,0,0,0,0,0,0,0,0,0,0,0,0,0,0,0,0,0,0,0,0,0,0,0,0,0,0,0,0,0,0,0,0,0,0,0,0,0,0,0,0,0,0,0,0,0,0,0,0,0,0,0,0
STAT,(NULL),Refine,77,946,946,0,0,0,0,0,0,0,0,0,0,0,0,0,0,0,0,0,0,0,0,0,0,0,0,0,0,0,0,0,0,0,0,0,0,0,0,0,0,0,0,0,0,0,0,0,0,0,0,0,0,0,0,0,0,0,0,0,0,0,0,0,0,0,0,0,0,0,0,0,0,0,0,0,0,0,0
STAT,(NULL),Threads,77,77,77,0,0,0,0,0,0,0,0,0,0,0,0,0,0,0,0,0,0,0,0,0,0,0,0,0,0,0,0,0,0,0,0,0,0,0,0,0,0,0,0,0,0,0,0,0,0,0,0,0,0,0,0,0,0,0,0,0,0,0,0,0,0,0,0,0,0,0,0,0,0,0,0,0,0,0,0
STAT,(NULL),Time,77,4142,4142,0,0,0,0,0,0,0,0,0,0,0,0,0,0,0,0,0,0,0,0,0,0,0,0,0,0,0,0,0,0,0,0,0,0,0,0,0,0,0,0,0,0,0,0,0,0,0,0,0,0,0,0,0,0,0,0,0,0,0,0,0,0,0,0,0,0,0,0,0,0,0,0,0,0,0,0
STAT,match,Conflicts,77,5487,169,125,108,103,130,142,115,100,112,91,166,126,126,103,87,105,49,61,48,75,62,72,58,54,80,63,61,62,57,53,52,57,53,50,59,51,54,59,59,48,36,54,54,58,53,51,59,60,70,70,55,40,67,63,54,54,47,41,41,50,51,62,56,56,37,63,97,70,49,69,58,119,60,81,66,49,62
STAT,match,Iterations,77,14942386,150302,163763,177394,171072,145786,169412,169855,173114,180366,177544,162307,168045,184817,172164,164127,174936,193902,194181,198863,199868,201890,198748,208921,198080,216682,203079,189388,182635,200454,219249,202900,215576,212657,192616,207093,211733,211865,203307,186937,204396,224611,219088,199519,208446,216432,207803,211361,207067,198056,203737,200522,204936,202304,204405,195086,170322,211736,206561,221125,206082,193910,167641,193210,187807,204637,192052,179209,197549,204654,196189,199196,187102,192637,194932,200678,186821,184939
STAT,popedge,Conflicts,77,0,0,0,0,0,0,0,0,0,0,0,0,0,0,0,0,0,0,0,0,0,0,0,0,0,0,0,0,0,0,0,0,0,0,0,0,0,0,0,0,0,0,0,0,0,0,0,0,0,0,0,0,0,0,0,0,0,0,0,0,0,0,0,0,0,0,0,0,0,0,0,0,0,0,0,0,0,0
STAT,popedge,Iterations,77,7322929,87429,85436,83631,88053,89089,90531,91128,87344,87066,91449,92941,91760,90671,91057,88002,90865,102531,95913,97434,101182,96380,94860,99260,100503,98708,97542,92165,89580,92321,92223,95203,98152,101026,98734,97193,98308,101714,97173,97665,106119,100174,106106,102869,97804,98084,102141,108464,103071,103789,101097,99181,95976,103021,105138,99979,87768,98195,98309,98344,98533,98487,84727,83043,82932,86807,90878,92857,92053,90728,95455,90094,95002,96492,92032,88590,92291,94077
STAT,refine,Conflicts,77,3672,94,90,89,76,65,62,62,60,56,76,64,60,57,67,62,59,45,59,56,60,46,52,45,48,59,40,54,57,69,56,57,43,39,38,37,54,37,49,45,43,36,39,40,38,38,40,41,36,39,55,45,43,31,54,31,32,39,49,48,39,36,36,48,39,29,33,28,35,25,38,32,33,39,32,32,29,28
STAT,refine,Iterations,77,429451,4488,4169,4146,4841,6060,4818,4303,5314,4821,4154,4685,4393,4807,4516,4952,4768,6528,7816,6045,5419,6765,6100,6028,6021,5962,5284,6128,6820,5819,6524,6010,5954,5134,7216,5191,5433,5763,6401,7616,6103,6651,4685,7044,6161,5139,5065,5607,5598,6088,5453,7931,6302,5889,5340,5552,6277,5686,5043,6080,6164,5912,6525,4870,4377,5801,6287,4502,5097,5048,4400,4041,4910,4818,5640,5154,5143,5856
