Hello from MIC
Galois Benchmark Suite v2.2.0 (r0)
Copyright (C) 2013 The University of Texas at Austin
http://iss.ices.utexas.edu/galois/

application: GMetis
Partitions a graph into K parts and minimizing the graph cut
http://iss.ices.utexas.edu/?p=projects/galois/benchmarks/gMetis

INFO: CommandLine /work/02556/dpereira/MIC/apps/gmetis/gmetis -t=48 /work/02556/dpereira/Inputs/USA-road-d.W.gr 16
INFO: Hostname c557-901-mic0.stampede.tacc.utexas.edu
Created Graph with 6262104 nodes and 15248146 edges
Nodes 6262104| Edges 15248146 7624073

  Starting coarsening: 
Time coarsen:  2728 Size of final graph: 428

  Sarting initial partitioning using GGGP:
Size in decade percentages:  -0,16
Time clustering:  357

  Sarting refinnement with BKL2
Initial dist
Size in decade percentages:  -0,16
Refined dist
Size in decade percentages:  -1,5 0,6 1,5
Time refinement:  678


Time:  3940
Total edge cut : 1748

Part saved in : 0x7fffcd4555e0
STATTYPE,LOOP,CATEGORY,n,sum,T0,T1,T2,T3,T4,T5,T6,T7,T8,T9,T10,T11,T12,T13,T14,T15,T16,T17,T18,T19,T20,T21,T22,T23,T24,T25,T26,T27,T28,T29,T30,T31,T32,T33,T34,T35,T36,T37,T38,T39,T40,T41,T42,T43,T44,T45,T46,T47
STAT,(NULL),Coarsen,48,2728,2728,0,0,0,0,0,0,0,0,0,0,0,0,0,0,0,0,0,0,0,0,0,0,0,0,0,0,0,0,0,0,0,0,0,0,0,0,0,0,0,0,0,0,0,0,0,0,0
STAT,(NULL),Conflicts,48,0,0,0,0,0,0,0,0,0,0,0,0,0,0,0,0,0,0,0,0,0,0,0,0,0,0,0,0,0,0,0,0,0,0,0,0,0,0,0,0,0,0,0,0,0,0,0,0,0
STAT,(NULL),Iterations,48,31,5,0,0,1,0,0,0,2,0,0,2,2,2,1,0,0,0,0,0,0,3,0,0,1,1,1,0,0,0,0,0,0,0,0,0,0,0,4,1,0,0,0,0,0,2,0,0,3
STAT,(NULL),MeminfoPost,48,756275,15772,15764,15795,15801,15765,15783,15741,15741,15775,15757,15791,15814,15757,15792,15737,15743,15762,15788,15771,15736,15727,15756,15708,15781,15739,15728,15754,15776,15724,15702,15727,15814,15759,15715,15776,15732,15705,15753,15826,15717,15822,15774,15745,15699,15720,15720,15738,15753
STAT,(NULL),MeminfoPre,48,189059,3955,3947,3978,3984,3948,3966,3924,3924,3958,3940,3974,3997,3940,3975,3920,3926,3945,3971,3954,3919,3910,3939,3891,3964,3922,3911,3937,3959,3907,3885,3910,3997,3942,3898,3959,3915,3888,3936,4009,3900,4005,3957,3928,3882,3903,3903,3921,3936
STAT,(NULL),Partition,48,357,357,0,0,0,0,0,0,0,0,0,0,0,0,0,0,0,0,0,0,0,0,0,0,0,0,0,0,0,0,0,0,0,0,0,0,0,0,0,0,0,0,0,0,0,0,0,0,0
STAT,(NULL),Refine,48,678,678,0,0,0,0,0,0,0,0,0,0,0,0,0,0,0,0,0,0,0,0,0,0,0,0,0,0,0,0,0,0,0,0,0,0,0,0,0,0,0,0,0,0,0,0,0,0,0
STAT,(NULL),Threads,48,48,48,0,0,0,0,0,0,0,0,0,0,0,0,0,0,0,0,0,0,0,0,0,0,0,0,0,0,0,0,0,0,0,0,0,0,0,0,0,0,0,0,0,0,0,0,0,0,0
STAT,(NULL),Time,48,3940,3940,0,0,0,0,0,0,0,0,0,0,0,0,0,0,0,0,0,0,0,0,0,0,0,0,0,0,0,0,0,0,0,0,0,0,0,0,0,0,0,0,0,0,0,0,0,0,0
STAT,match,Conflicts,48,5391,323,270,186,144,168,190,172,180,158,155,138,134,122,130,139,156,72,77,78,96,78,90,115,94,77,59,63,64,83,86,66,69,80,91,59,57,73,62,97,85,59,65,84,113,114,161,87,72
STAT,match,Iterations,48,14964200,281746,293429,289597,291631,302241,287872,308369,314614,291615,310473,291813,300002,315668,314791,293173,318108,313461,300085,301584,317128,334808,310321,329226,299638,315308,318480,326111,303660,328394,325757,316842,315673,316485,316671,313181,324194,322414,317409,276013,309321,330285,331232,324776,335601,329139,312562,326137,317162
STAT,popedge,Conflicts,48,0,0,0,0,0,0,0,0,0,0,0,0,0,0,0,0,0,0,0,0,0,0,0,0,0,0,0,0,0,0,0,0,0,0,0,0,0,0,0,0,0,0,0,0,0,0,0,0,0
STAT,popedge,Iterations,48,7332182,151968,153850,154116,147587,151444,149649,153300,154969,151055,150489,151344,149466,150542,147414,138135,153714,137400,136221,137889,144354,146983,146252,150679,147090,156328,160681,154190,152289,161468,160771,158079,150944,151697,154582,147278,150367,150517,150405,147160,144748,159268,164761,169286,169362,163958,168488,165736,163909
STAT,refine,Conflicts,48,3015,167,140,126,115,99,106,89,87,85,88,78,80,68,74,77,56,77,45,78,62,75,57,55,54,51,43,49,46,44,42,41,54,44,24,38,35,56,42,47,39,30,55,47,22,27,42,27,32
STAT,refine,Iterations,48,35666,1330,690,686,792,774,667,578,766,1209,657,630,881,773,699,680,686,901,512,646,877,684,766,561,582,995,588,898,1035,811,525,803,510,858,552,964,794,438,574,792,782,618,816,813,580,687,951,411,844
