Hello from MIC
Galois Benchmark Suite v2.2.0 (r0)
Copyright (C) 2013 The University of Texas at Austin
http://iss.ices.utexas.edu/galois/

application: GMetis
Partitions a graph into K parts and minimizing the graph cut
http://iss.ices.utexas.edu/?p=projects/galois/benchmarks/gMetis

INFO: CommandLine /work/02556/dpereira/MIC/apps/gmetis/gmetis -t=142 /work/02556/dpereira/Inputs/USA-road-d.W.gr 16
INFO: Hostname c558-001-mic0.stampede.tacc.utexas.edu
Created Graph with 6262104 nodes and 15248146 edges
Nodes 6262104| Edges 15248146 7624073

  Starting coarsening: 
Time coarsen:  2948 Size of final graph: 444

  Sarting initial partitioning using GGGP:
Size in decade percentages:  -0,15 1,1
Time clustering:  369

  Sarting refinnement with BKL2
Initial dist
Size in decade percentages:  -0,15 1,1
Refined dist
Size in decade percentages:  -1,5 -0,7 1,4
Time refinement:  1697


Time:  5190
Total edge cut : 1706

Part saved in : 0x7fff300100e0
STATTYPE,LOOP,CATEGORY,n,sum,T0,T1,T2,T3,T4,T5,T6,T7,T8,T9,T10,T11,T12,T13,T14,T15,T16,T17,T18,T19,T20,T21,T22,T23,T24,T25,T26,T27,T28,T29,T30,T31,T32,T33,T34,T35,T36,T37,T38,T39,T40,T41,T42,T43,T44,T45,T46,T47,T48,T49,T50,T51,T52,T53,T54,T55,T56,T57,T58,T59,T60,T61,T62,T63,T64,T65,T66,T67,T68,T69,T70,T71,T72,T73,T74,T75,T76,T77,T78,T79,T80,T81,T82,T83,T84,T85,T86,T87,T88,T89,T90,T91,T92,T93,T94,T95,T96,T97,T98,T99,T100,T101,T102,T103,T104,T105,T106,T107,T108,T109,T110,T111,T112,T113,T114,T115,T116,T117,T118,T119,T120,T121,T122,T123,T124,T125,T126,T127,T128,T129,T130,T131,T132,T133,T134,T135,T136,T137,T138,T139,T140,T141
STAT,(NULL),Coarsen,142,2948,2948,0,0,0,0,0,0,0,0,0,0,0,0,0,0,0,0,0,0,0,0,0,0,0,0,0,0,0,0,0,0,0,0,0,0,0,0,0,0,0,0,0,0,0,0,0,0,0,0,0,0,0,0,0,0,0,0,0,0,0,0,0,0,0,0,0,0,0,0,0,0,0,0,0,0,0,0,0,0,0,0,0,0,0,0,0,0,0,0,0,0,0,0,0,0,0,0,0,0,0,0,0,0,0,0,0,0,0,0,0,0,0,0,0,0,0,0,0,0,0,0,0,0,0,0,0,0,0,0,0,0,0,0,0,0,0,0,0,0,0,0,0
STAT,(NULL),Conflicts,142,0,0,0,0,0,0,0,0,0,0,0,0,0,0,0,0,0,0,0,0,0,0,0,0,0,0,0,0,0,0,0,0,0,0,0,0,0,0,0,0,0,0,0,0,0,0,0,0,0,0,0,0,0,0,0,0,0,0,0,0,0,0,0,0,0,0,0,0,0,0,0,0,0,0,0,0,0,0,0,0,0,0,0,0,0,0,0,0,0,0,0,0,0,0,0,0,0,0,0,0,0,0,0,0,0,0,0,0,0,0,0,0,0,0,0,0,0,0,0,0,0,0,0,0,0,0,0,0,0,0,0,0,0,0,0,0,0,0,0,0,0,0,0
STAT,(NULL),Iterations,142,31,5,0,0,0,0,0,0,0,0,0,0,1,0,0,0,0,0,0,0,0,0,0,0,3,4,0,0,0,0,0,0,0,0,0,0,0,0,0,0,0,0,0,0,0,1,0,0,0,0,0,1,0,0,0,0,0,0,0,0,0,0,5,0,0,0,0,0,0,0,0,0,2,0,0,0,0,0,0,0,0,0,0,0,0,1,0,0,0,0,0,0,0,0,0,0,3,0,0,0,0,0,0,0,0,0,0,0,0,0,2,0,0,0,3,0,0,0,0,0,0,0,0,0,0,0,0,0,0,0,0,0,0,0,0,0,0,0,0,0,0,0,0
STAT,(NULL),MeminfoPost,142,756369,5333,5323,5341,5338,5321,5328,5326,5336,5359,5385,5315,5320,5316,5341,5331,5343,5339,5325,5314,5316,5338,5329,5315,5321,5326,5340,5334,5333,5334,5308,5329,5349,5379,5361,5313,5321,5320,5330,5349,5330,5340,5317,5317,5327,5348,5318,5308,5325,5336,5323,5333,5357,5322,5337,5327,5328,5320,5318,5318,5324,5301,5329,5342,5325,5316,5316,5307,5310,5321,5321,5360,5338,5308,5317,5345,5306,5299,5314,5330,5338,5340,5329,5322,5312,5324,5318,5313,5303,5314,5303,5333,5304,5338,5365,5361,5323,5313,5337,5305,5300,5328,5335,5342,5322,5312,5322,5322,5306,5309,5316,5313,5325,5360,5361,5340,5316,5312,5311,5334,5363,5347,5351,5341,5313,5333,5315,5322,5306,5300,5313,5338,5313,5297,5320,5297,5325,5309,5321,5331,5327,5322,5327
STAT,(NULL),MeminfoPre,142,189079,1338,1328,1346,1343,1326,1333,1331,1341,1364,1390,1320,1325,1321,1346,1336,1348,1344,1330,1319,1321,1343,1334,1320,1326,1331,1345,1339,1338,1339,1313,1334,1354,1384,1366,1318,1326,1325,1335,1354,1335,1345,1322,1322,1332,1353,1323,1313,1330,1341,1328,1338,1362,1327,1342,1332,1333,1325,1323,1323,1329,1306,1334,1347,1330,1321,1321,1312,1315,1326,1326,1365,1343,1313,1322,1350,1311,1304,1319,1335,1343,1345,1334,1327,1317,1329,1323,1318,1308,1319,1308,1338,1309,1343,1370,1366,1328,1318,1342,1310,1305,1333,1340,1347,1327,1317,1327,1327,1311,1314,1321,1318,1330,1365,1366,1345,1321,1317,1316,1339,1368,1352,1356,1346,1318,1338,1320,1327,1311,1305,1318,1343,1318,1302,1325,1302,1330,1314,1326,1336,1332,1327,1332
STAT,(NULL),Partition,142,369,369,0,0,0,0,0,0,0,0,0,0,0,0,0,0,0,0,0,0,0,0,0,0,0,0,0,0,0,0,0,0,0,0,0,0,0,0,0,0,0,0,0,0,0,0,0,0,0,0,0,0,0,0,0,0,0,0,0,0,0,0,0,0,0,0,0,0,0,0,0,0,0,0,0,0,0,0,0,0,0,0,0,0,0,0,0,0,0,0,0,0,0,0,0,0,0,0,0,0,0,0,0,0,0,0,0,0,0,0,0,0,0,0,0,0,0,0,0,0,0,0,0,0,0,0,0,0,0,0,0,0,0,0,0,0,0,0,0,0,0,0,0
STAT,(NULL),Refine,142,1697,1697,0,0,0,0,0,0,0,0,0,0,0,0,0,0,0,0,0,0,0,0,0,0,0,0,0,0,0,0,0,0,0,0,0,0,0,0,0,0,0,0,0,0,0,0,0,0,0,0,0,0,0,0,0,0,0,0,0,0,0,0,0,0,0,0,0,0,0,0,0,0,0,0,0,0,0,0,0,0,0,0,0,0,0,0,0,0,0,0,0,0,0,0,0,0,0,0,0,0,0,0,0,0,0,0,0,0,0,0,0,0,0,0,0,0,0,0,0,0,0,0,0,0,0,0,0,0,0,0,0,0,0,0,0,0,0,0,0,0,0,0,0
STAT,(NULL),Threads,142,142,142,0,0,0,0,0,0,0,0,0,0,0,0,0,0,0,0,0,0,0,0,0,0,0,0,0,0,0,0,0,0,0,0,0,0,0,0,0,0,0,0,0,0,0,0,0,0,0,0,0,0,0,0,0,0,0,0,0,0,0,0,0,0,0,0,0,0,0,0,0,0,0,0,0,0,0,0,0,0,0,0,0,0,0,0,0,0,0,0,0,0,0,0,0,0,0,0,0,0,0,0,0,0,0,0,0,0,0,0,0,0,0,0,0,0,0,0,0,0,0,0,0,0,0,0,0,0,0,0,0,0,0,0,0,0,0,0,0,0,0,0,0
STAT,(NULL),Time,142,5190,5190,0,0,0,0,0,0,0,0,0,0,0,0,0,0,0,0,0,0,0,0,0,0,0,0,0,0,0,0,0,0,0,0,0,0,0,0,0,0,0,0,0,0,0,0,0,0,0,0,0,0,0,0,0,0,0,0,0,0,0,0,0,0,0,0,0,0,0,0,0,0,0,0,0,0,0,0,0,0,0,0,0,0,0,0,0,0,0,0,0,0,0,0,0,0,0,0,0,0,0,0,0,0,0,0,0,0,0,0,0,0,0,0,0,0,0,0,0,0,0,0,0,0,0,0,0,0,0,0,0,0,0,0,0,0,0,0,0,0,0,0,0
STAT,match,Conflicts,142,6130,84,71,61,52,64,57,60,60,58,60,59,62,58,53,52,50,55,55,57,51,47,56,60,52,50,53,47,47,49,53,50,45,46,51,50,48,50,46,39,48,52,49,49,61,40,48,43,39,43,46,50,45,45,47,43,38,49,48,49,58,53,42,39,33,31,44,31,28,37,36,37,44,37,36,37,40,30,33,37,35,36,36,37,31,44,41,28,34,30,37,35,36,43,34,35,34,39,36,39,29,43,35,37,36,40,30,46,38,33,36,36,39,33,28,35,35,31,43,33,39,48,49,39,40,38,40,27,43,33,44,40,29,41,33,35,40,35,37,45,42,30,34
STAT,match,Iterations,142,15032961,62432,79906,85186,82790,69409,76210,69498,76250,80488,87085,81878,99315,75058,83908,100180,83362,81762,77453,91132,101174,116394,106988,89606,111726,104904,87791,97690,101062,109793,102895,115656,94709,100202,87982,107667,100192,122174,111779,106821,102655,85539,112309,110350,85187,116717,143453,129149,105101,116750,119225,83270,86973,91730,101915,105676,116641,108322,106430,108992,117242,117343,107976,104841,116018,118052,90657,108067,110858,98197,97707,86132,102938,117666,103263,98949,132825,95009,109853,108894,84318,102255,126162,126782,142179,125254,131184,105453,127880,121498,120077,113085,122728,99023,108824,130332,128043,120256,106303,113685,127948,117383,112163,128783,125986,119130,110082,99069,101926,124901,125453,134904,113029,112206,117884,131280,115155,112511,121240,99917,112729,104990,114010,94211,102651,93177,97051,114044,123385,111849,96657,97421,105412,97960,124690,122079,85681,94153,115009,96698,100228,124961,98266
STAT,popedge,Conflicts,142,0,0,0,0,0,0,0,0,0,0,0,0,0,0,0,0,0,0,0,0,0,0,0,0,0,0,0,0,0,0,0,0,0,0,0,0,0,0,0,0,0,0,0,0,0,0,0,0,0,0,0,0,0,0,0,0,0,0,0,0,0,0,0,0,0,0,0,0,0,0,0,0,0,0,0,0,0,0,0,0,0,0,0,0,0,0,0,0,0,0,0,0,0,0,0,0,0,0,0,0,0,0,0,0,0,0,0,0,0,0,0,0,0,0,0,0,0,0,0,0,0,0,0,0,0,0,0,0,0,0,0,0,0,0,0,0,0,0,0,0,0,0,0
STAT,popedge,Iterations,142,7368496,49642,48245,46613,47039,49114,50270,50613,47078,46578,48730,46397,48515,49462,46007,48556,46800,50846,48079,50083,48588,54724,56200,60005,57535,55155,55711,54260,57764,54429,54800,55461,56842,54232,53221,54507,56875,52591,53727,53616,52251,56886,53968,52846,56237,52518,52780,54296,55170,51310,52530,52718,44486,51120,49356,51107,50324,52239,54367,52699,54489,56143,45332,45441,44518,44321,47197,47446,47102,45542,44881,46469,48699,48258,48686,45774,49464,49829,50286,47578,48250,46393,55463,55281,56355,57545,57936,54204,54062,56883,58365,55223,53498,58259,54646,52722,54159,55030,55438,53896,56270,55587,54672,53400,52089,54439,55260,54851,57594,54559,53958,53752,53506,47237,52580,51967,52281,54051,54415,56737,56943,58339,59416,48961,52101,49227,53248,49289,48810,48473,49743,47610,50311,49051,50806,48609,51881,50799,49683,50444,50002,48539,47825
STAT,refine,Conflicts,142,5292,141,139,125,135,111,116,115,94,89,81,87,76,86,86,75,66,60,73,67,56,75,78,49,64,54,67,75,60,55,46,45,31,42,43,42,43,29,28,38,24,54,34,27,52,14,46,45,37,46,24,46,44,29,48,36,41,38,33,26,35,30,14,12,15,15,19,25,12,15,20,8,11,30,23,24,17,19,23,27,17,25,21,29,21,21,23,16,24,23,19,15,21,18,29,28,16,31,17,14,26,14,37,16,26,35,16,22,33,18,30,15,29,28,19,38,17,23,28,16,16,13,22,13,22,23,23,19,19,15,22,10,12,16,10,12,20,22,15,19,10,32,13
STAT,refine,Iterations,142,37189,399,528,416,461,320,363,365,368,271,242,304,321,277,359,351,223,265,338,281,248,385,506,278,364,314,242,309,247,272,252,252,353,317,231,289,237,214,402,230,146,266,342,191,316,217,376,279,261,274,236,225,225,262,293,264,210,241,176,185,241,210,187,286,242,276,183,235,209,179,127,128,162,273,222,220,214,155,251,246,153,253,274,448,358,266,315,202,239,336,310,192,183,268,401,275,256,282,214,241,236,173,330,272,286,331,237,249,318,360,313,222,257,370,290,292,217,167,247,271,151,182,348,186,293,259,275,239,215,236,218,104,98,142,146,165,177,214,174,188,192,309,149
