Hello from MIC
Galois Benchmark Suite v2.2.0 (r0)
Copyright (C) 2013 The University of Texas at Austin
http://iss.ices.utexas.edu/galois/

application: GMetis
Partitions a graph into K parts and minimizing the graph cut
http://iss.ices.utexas.edu/?p=projects/galois/benchmarks/gMetis

INFO: CommandLine /work/02556/dpereira/MIC/apps/gmetis/gmetis -t=81 /work/02556/dpereira/Inputs/USA-road-d.W.gr 128
INFO: Hostname c557-903-mic0.stampede.tacc.utexas.edu
Created Graph with 6262104 nodes and 15248146 edges
Nodes 6262104| Edges 15248146 7624073

  Starting coarsening: 
Time coarsen:  2247 Size of final graph: 3077

  Sarting initial partitioning using GGGP:
Size in decade percentages:  -1,7 -0,118 1,3
Time clustering:  409

  Sarting refinnement with BKL2
Initial dist
Size in decade percentages:  -1,7 -0,118 1,3
Refined dist
Size in decade percentages:  -1,46 -0,34 1,48
Time refinement:  895


Time:  3727
Total edge cut : 8129

Part saved in : 0x7fffe1c3f260
STATTYPE,LOOP,CATEGORY,n,sum,T0,T1,T2,T3,T4,T5,T6,T7,T8,T9,T10,T11,T12,T13,T14,T15,T16,T17,T18,T19,T20,T21,T22,T23,T24,T25,T26,T27,T28,T29,T30,T31,T32,T33,T34,T35,T36,T37,T38,T39,T40,T41,T42,T43,T44,T45,T46,T47,T48,T49,T50,T51,T52,T53,T54,T55,T56,T57,T58,T59,T60,T61,T62,T63,T64,T65,T66,T67,T68,T69,T70,T71,T72,T73,T74,T75,T76,T77,T78,T79,T80
STAT,(NULL),Coarsen,81,2247,2247,0,0,0,0,0,0,0,0,0,0,0,0,0,0,0,0,0,0,0,0,0,0,0,0,0,0,0,0,0,0,0,0,0,0,0,0,0,0,0,0,0,0,0,0,0,0,0,0,0,0,0,0,0,0,0,0,0,0,0,0,0,0,0,0,0,0,0,0,0,0,0,0,0,0,0,0,0,0,0,0
STAT,(NULL),Conflicts,81,0,0,0,0,0,0,0,0,0,0,0,0,0,0,0,0,0,0,0,0,0,0,0,0,0,0,0,0,0,0,0,0,0,0,0,0,0,0,0,0,0,0,0,0,0,0,0,0,0,0,0,0,0,0,0,0,0,0,0,0,0,0,0,0,0,0,0,0,0,0,0,0,0,0,0,0,0,0,0,0,0,0
STAT,(NULL),Iterations,81,255,8,4,0,2,3,0,0,0,0,6,0,5,4,1,4,14,3,0,0,3,2,5,6,3,3,0,2,5,1,5,6,4,2,4,7,2,2,7,5,8,3,0,5,1,4,4,4,1,5,2,0,0,5,3,1,2,5,3,9,11,0,5,9,0,3,0,3,1,0,3,1,2,4,6,2,5,3,2,0,0,2
STAT,(NULL),MeminfoPost,81,756312,9341,9361,9346,9324,9369,9409,9319,9339,9367,9345,9312,9348,9330,9327,9348,9353,9335,9344,9420,9337,9321,9358,9360,9329,9323,9357,9317,9344,9342,9365,9349,9342,9318,9333,9304,9356,9329,9310,9305,9337,9383,9311,9346,9291,9332,9360,9341,9327,9319,9311,9304,9325,9328,9393,9344,9337,9294,9342,9351,9330,9322,9293,9328,9326,9402,9349,9306,9342,9390,9380,9314,9335,9314,9305,9339,9287,9311,9325,9330,9338,9334
STAT,(NULL),MeminfoPre,81,189069,2338,2358,2343,2321,2366,2406,2316,2336,2364,2342,2309,2345,2327,2324,2345,2350,2332,2341,2417,2334,2318,2355,2357,2326,2320,2354,2314,2341,2339,2362,2346,2339,2315,2330,2301,2353,2326,2307,2302,2334,2380,2308,2343,2288,2329,2357,2338,2324,2316,2308,2301,2322,2325,2390,2341,2334,2291,2339,2348,2327,2319,2290,2325,2323,2399,2346,2303,2339,2387,2377,2311,2332,2311,2302,2336,2284,2308,2322,2327,2335,2331
STAT,(NULL),Partition,81,409,409,0,0,0,0,0,0,0,0,0,0,0,0,0,0,0,0,0,0,0,0,0,0,0,0,0,0,0,0,0,0,0,0,0,0,0,0,0,0,0,0,0,0,0,0,0,0,0,0,0,0,0,0,0,0,0,0,0,0,0,0,0,0,0,0,0,0,0,0,0,0,0,0,0,0,0,0,0,0,0,0
STAT,(NULL),Refine,81,895,895,0,0,0,0,0,0,0,0,0,0,0,0,0,0,0,0,0,0,0,0,0,0,0,0,0,0,0,0,0,0,0,0,0,0,0,0,0,0,0,0,0,0,0,0,0,0,0,0,0,0,0,0,0,0,0,0,0,0,0,0,0,0,0,0,0,0,0,0,0,0,0,0,0,0,0,0,0,0,0,0
STAT,(NULL),Threads,81,81,81,0,0,0,0,0,0,0,0,0,0,0,0,0,0,0,0,0,0,0,0,0,0,0,0,0,0,0,0,0,0,0,0,0,0,0,0,0,0,0,0,0,0,0,0,0,0,0,0,0,0,0,0,0,0,0,0,0,0,0,0,0,0,0,0,0,0,0,0,0,0,0,0,0,0,0,0,0,0,0,0
STAT,(NULL),Time,81,3727,3727,0,0,0,0,0,0,0,0,0,0,0,0,0,0,0,0,0,0,0,0,0,0,0,0,0,0,0,0,0,0,0,0,0,0,0,0,0,0,0,0,0,0,0,0,0,0,0,0,0,0,0,0,0,0,0,0,0,0,0,0,0,0,0,0,0,0,0,0,0,0,0,0,0,0,0,0,0,0,0,0
STAT,match,Conflicts,81,5664,124,126,100,107,95,111,97,125,108,101,108,115,119,86,80,85,111,97,88,76,62,77,54,68,57,66,62,55,73,59,48,49,50,54,58,51,81,57,51,47,54,61,60,73,51,48,64,64,56,56,50,55,73,39,52,59,50,49,50,58,49,39,62,57,57,73,39,63,68,67,64,78,69,76,67,61,61,70,76,51,57
STAT,match,Iterations,81,14997920,161520,157019,172559,159425,143382,153048,158329,172312,168162,166907,168733,174964,177270,167996,179408,172448,165338,175355,157955,177729,202875,186844,187506,197968,208894,198434,197106,178448,178063,178668,189654,205326,198799,193801,201071,180059,204579,192349,202141,199510,168460,196816,195479,193688,185855,206556,193204,208731,182537,197008,194843,190603,187439,185846,205139,184162,209891,191590,183843,192719,204841,200543,183382,192932,184482,150340,182670,170309,177911,180990,198645,196563,195641,189329,193308,203549,192827,181041,175720,178043,198491
STAT,popedge,Conflicts,81,0,0,0,0,0,0,0,0,0,0,0,0,0,0,0,0,0,0,0,0,0,0,0,0,0,0,0,0,0,0,0,0,0,0,0,0,0,0,0,0,0,0,0,0,0,0,0,0,0,0,0,0,0,0,0,0,0,0,0,0,0,0,0,0,0,0,0,0,0,0,0,0,0,0,0,0,0,0,0,0,0,0
STAT,popedge,Iterations,81,7350338,82896,80961,83374,81122,80942,79268,86167,86173,83552,84550,89639,90345,90074,88788,88867,86725,87057,88254,84427,84849,94169,93984,94047,94683,95187,95893,96416,90523,89357,87754,86646,88956,92168,96304,97216,93875,93698,96853,92339,94058,91707,92128,98509,104097,100415,95422,96291,98798,103071,99214,98955,97900,101373,94201,92065,96659,97474,93688,93365,97072,96674,81172,80644,85686,80099,81560,81268,85531,89079,85929,93048,89278,87673,91062,85665,89396,87638,94502,90860,90677,88337
STAT,refine,Conflicts,81,4067,142,139,110,122,101,91,101,94,80,84,70,74,77,80,79,71,57,51,63,65,43,51,59,39,56,55,55,54,58,52,57,33,36,46,30,31,44,37,37,58,43,26,52,34,52,33,28,35,40,34,31,39,52,36,35,54,42,42,33,40,45,21,30,33,25,30,32,27,28,18,26,29,32,30,31,24,29,28,27,30,29
STAT,refine,Iterations,81,134395,1710,1431,1635,1613,1495,2129,1606,1970,1547,1458,1419,1424,1296,1425,1586,1235,1214,1556,1831,1868,1744,1874,1791,1587,1455,1769,1227,1529,1521,1982,1711,1571,1212,1771,1242,1537,2042,1618,2110,1878,1957,1533,1725,952,1643,1604,1629,1502,1652,1791,1835,1997,2077,2164,1807,2101,1434,1877,1627,2335,1891,1660,1874,1994,1752,1641,1860,1837,2241,1529,1504,1422,1299,1492,1380,1182,1326,1320,1723,1838,1769
