Hello from MIC
Galois Benchmark Suite v2.2.0 (r0)
Copyright (C) 2013 The University of Texas at Austin
http://iss.ices.utexas.edu/galois/

application: GMetis
Partitions a graph into K parts and minimizing the graph cut
http://iss.ices.utexas.edu/?p=projects/galois/benchmarks/gMetis

INFO: CommandLine /work/02556/dpereira/MIC/apps/gmetis/gmetis -t=221 /work/02556/dpereira/Inputs/USA-road-d.W.gr 1024
INFO: Hostname c557-803-mic0.stampede.tacc.utexas.edu
Created Graph with 6262104 nodes and 15248146 edges
Nodes 6262104| Edges 15248146 7624073

  Starting coarsening: 
Time coarsen:  3028 Size of final graph: 22282

  Sarting initial partitioning using GGGP:
Size in decade percentages:  -1,80 -0,868 1,76
Time clustering:  1203

  Sarting refinnement with BKL2
Initial dist
Size in decade percentages:  -1,80 -0,868 1,76
Refined dist
Size in decade percentages:  -1,364 0,305 1,354 2,1
Time refinement:  2059


Time:  6470
Total edge cut : 31759

Part saved in : 0x7fff10a8dce0
STATTYPE,LOOP,CATEGORY,n,sum,T0,T1,T2,T3,T4,T5,T6,T7,T8,T9,T10,T11,T12,T13,T14,T15,T16,T17,T18,T19,T20,T21,T22,T23,T24,T25,T26,T27,T28,T29,T30,T31,T32,T33,T34,T35,T36,T37,T38,T39,T40,T41,T42,T43,T44,T45,T46,T47,T48,T49,T50,T51,T52,T53,T54,T55,T56,T57,T58,T59,T60,T61,T62,T63,T64,T65,T66,T67,T68,T69,T70,T71,T72,T73,T74,T75,T76,T77,T78,T79,T80,T81,T82,T83,T84,T85,T86,T87,T88,T89,T90,T91,T92,T93,T94,T95,T96,T97,T98,T99,T100,T101,T102,T103,T104,T105,T106,T107,T108,T109,T110,T111,T112,T113,T114,T115,T116,T117,T118,T119,T120,T121,T122,T123,T124,T125,T126,T127,T128,T129,T130,T131,T132,T133,T134,T135,T136,T137,T138,T139,T140,T141,T142,T143,T144,T145,T146,T147,T148,T149,T150,T151,T152,T153,T154,T155,T156,T157,T158,T159,T160,T161,T162,T163,T164,T165,T166,T167,T168,T169,T170,T171,T172,T173,T174,T175,T176,T177,T178,T179,T180,T181,T182,T183,T184,T185,T186,T187,T188,T189,T190,T191,T192,T193,T194,T195,T196,T197,T198,T199,T200,T201,T202,T203,T204,T205,T206,T207,T208,T209,T210,T211,T212,T213,T214,T215,T216,T217,T218,T219,T220
STAT,(NULL),Coarsen,221,3028,3028,0,0,0,0,0,0,0,0,0,0,0,0,0,0,0,0,0,0,0,0,0,0,0,0,0,0,0,0,0,0,0,0,0,0,0,0,0,0,0,0,0,0,0,0,0,0,0,0,0,0,0,0,0,0,0,0,0,0,0,0,0,0,0,0,0,0,0,0,0,0,0,0,0,0,0,0,0,0,0,0,0,0,0,0,0,0,0,0,0,0,0,0,0,0,0,0,0,0,0,0,0,0,0,0,0,0,0,0,0,0,0,0,0,0,0,0,0,0,0,0,0,0,0,0,0,0,0,0,0,0,0,0,0,0,0,0,0,0,0,0,0,0,0,0,0,0,0,0,0,0,0,0,0,0,0,0,0,0,0,0,0,0,0,0,0,0,0,0,0,0,0,0,0,0,0,0,0,0,0,0,0,0,0,0,0,0,0,0,0,0,0,0,0,0,0,0,0,0,0,0,0,0,0,0,0,0,0,0,0,0,0,0,0,0,0,0,0,0,0,0
STAT,(NULL),Conflicts,221,0,0,0,0,0,0,0,0,0,0,0,0,0,0,0,0,0,0,0,0,0,0,0,0,0,0,0,0,0,0,0,0,0,0,0,0,0,0,0,0,0,0,0,0,0,0,0,0,0,0,0,0,0,0,0,0,0,0,0,0,0,0,0,0,0,0,0,0,0,0,0,0,0,0,0,0,0,0,0,0,0,0,0,0,0,0,0,0,0,0,0,0,0,0,0,0,0,0,0,0,0,0,0,0,0,0,0,0,0,0,0,0,0,0,0,0,0,0,0,0,0,0,0,0,0,0,0,0,0,0,0,0,0,0,0,0,0,0,0,0,0,0,0,0,0,0,0,0,0,0,0,0,0,0,0,0,0,0,0,0,0,0,0,0,0,0,0,0,0,0,0,0,0,0,0,0,0,0,0,0,0,0,0,0,0,0,0,0,0,0,0,0,0,0,0,0,0,0,0,0,0,0,0,0,0,0,0,0,0,0,0,0,0,0,0,0,0,0,0,0,0,0
STAT,(NULL),Iterations,221,2047,11,11,9,10,6,13,12,3,9,16,11,11,12,19,11,11,16,11,12,15,14,8,8,1,6,3,5,2,11,8,5,10,9,8,3,10,9,14,9,9,5,12,8,12,15,4,5,12,14,5,20,12,10,12,9,19,10,6,15,14,9,12,9,13,10,2,9,13,5,5,5,9,1,18,19,3,5,11,8,8,5,10,6,23,5,17,2,10,5,5,5,7,6,6,4,6,2,4,5,11,18,11,19,6,11,19,14,15,9,16,14,10,11,5,8,5,7,16,5,17,21,8,10,11,7,1,6,6,10,8,9,6,6,2,8,15,7,11,5,9,6,10,6,6,10,12,4,0,5,2,5,13,5,4,12,8,9,5,6,4,13,15,7,5,8,15,12,14,10,14,20,10,9,12,15,14,17,7,11,17,10,17,6,16,13,5,4,10,10,11,5,9,1,7,3,11,10,4,8,16,6,13,12,21,6,11,6,12,6,15,6,8,8,1,4,10,5,5,6,6,7
STAT,(NULL),MeminfoPost,221,757253,3433,3421,3429,3436,3435,3437,3427,3425,3416,3418,3439,3429,3442,3450,3478,3439,3412,3425,3420,3417,3434,3429,3438,3433,3434,3432,3432,3425,3414,3419,3423,3437,3444,3418,3419,3416,3421,3431,3422,3430,3437,3434,3437,3428,3424,3417,3417,3439,3429,3442,3450,3478,3441,3413,3424,3420,3417,3434,3428,3437,3433,3437,3431,3431,3426,3414,3419,3424,3435,3444,3418,3419,3416,3421,3423,3437,3429,3421,3437,3456,3427,3423,3427,3436,3433,3420,3429,3428,3418,3422,3419,3429,3425,3407,3414,3428,3433,3436,3424,3419,3428,3417,3423,3414,3407,3419,3428,3414,3430,3451,3449,3426,3412,3422,3417,3434,3433,3413,3412,3407,3412,3430,3431,3436,3432,3435,3438,3418,3430,3408,3434,3416,3422,3419,3422,3407,3413,3411,3428,3405,3440,3418,3409,3425,3442,3453,3447,3452,3423,3416,3418,3431,3428,3413,3406,3417,3428,3429,3435,3438,3423,3427,3413,3429,3417,3421,3420,3415,3408,3423,3409,3433,3412,3422,3447,3450,3448,3445,3431,3423,3416,3418,3415,3421,3424,3445,3456,3441,3435,3450,3440,3418,3417,3429,3421,3425,3422,3422,3414,3411,3410,3416,3425,3438,3416,3408,3409,3421,3413,3412,3434,3417,3411,3421,3425,3430,3427,3425,3431,3422,3422
STAT,(NULL),MeminfoPre,221,189283,863,851,859,866,865,867,857,855,846,848,869,859,872,880,908,869,842,855,850,847,864,859,868,863,864,862,862,855,844,849,853,867,874,848,849,846,851,861,852,860,867,864,867,858,854,847,847,869,859,872,880,908,871,843,854,850,847,864,858,867,863,867,861,861,856,844,849,854,865,874,848,849,846,851,853,867,859,851,867,886,857,853,857,866,863,850,859,858,848,852,849,859,855,837,844,858,863,866,854,849,858,847,853,844,837,849,858,844,860,881,879,856,842,852,847,864,863,843,842,837,842,860,861,866,862,865,868,848,860,838,864,846,852,849,852,837,843,841,858,835,870,848,839,855,872,883,877,882,853,846,848,861,858,843,836,847,858,859,865,868,853,857,843,859,847,851,850,845,838,853,839,863,842,852,877,880,878,875,861,853,846,848,845,851,854,875,886,871,865,880,870,848,847,859,851,855,852,852,844,841,840,846,855,868,846,838,839,851,843,842,864,847,841,851,855,860,857,855,861,852,852
STAT,(NULL),Partition,221,1203,1203,0,0,0,0,0,0,0,0,0,0,0,0,0,0,0,0,0,0,0,0,0,0,0,0,0,0,0,0,0,0,0,0,0,0,0,0,0,0,0,0,0,0,0,0,0,0,0,0,0,0,0,0,0,0,0,0,0,0,0,0,0,0,0,0,0,0,0,0,0,0,0,0,0,0,0,0,0,0,0,0,0,0,0,0,0,0,0,0,0,0,0,0,0,0,0,0,0,0,0,0,0,0,0,0,0,0,0,0,0,0,0,0,0,0,0,0,0,0,0,0,0,0,0,0,0,0,0,0,0,0,0,0,0,0,0,0,0,0,0,0,0,0,0,0,0,0,0,0,0,0,0,0,0,0,0,0,0,0,0,0,0,0,0,0,0,0,0,0,0,0,0,0,0,0,0,0,0,0,0,0,0,0,0,0,0,0,0,0,0,0,0,0,0,0,0,0,0,0,0,0,0,0,0,0,0,0,0,0,0,0,0,0,0,0,0,0,0,0,0,0
STAT,(NULL),Refine,221,2059,2059,0,0,0,0,0,0,0,0,0,0,0,0,0,0,0,0,0,0,0,0,0,0,0,0,0,0,0,0,0,0,0,0,0,0,0,0,0,0,0,0,0,0,0,0,0,0,0,0,0,0,0,0,0,0,0,0,0,0,0,0,0,0,0,0,0,0,0,0,0,0,0,0,0,0,0,0,0,0,0,0,0,0,0,0,0,0,0,0,0,0,0,0,0,0,0,0,0,0,0,0,0,0,0,0,0,0,0,0,0,0,0,0,0,0,0,0,0,0,0,0,0,0,0,0,0,0,0,0,0,0,0,0,0,0,0,0,0,0,0,0,0,0,0,0,0,0,0,0,0,0,0,0,0,0,0,0,0,0,0,0,0,0,0,0,0,0,0,0,0,0,0,0,0,0,0,0,0,0,0,0,0,0,0,0,0,0,0,0,0,0,0,0,0,0,0,0,0,0,0,0,0,0,0,0,0,0,0,0,0,0,0,0,0,0,0,0,0,0,0,0
STAT,(NULL),Threads,221,221,221,0,0,0,0,0,0,0,0,0,0,0,0,0,0,0,0,0,0,0,0,0,0,0,0,0,0,0,0,0,0,0,0,0,0,0,0,0,0,0,0,0,0,0,0,0,0,0,0,0,0,0,0,0,0,0,0,0,0,0,0,0,0,0,0,0,0,0,0,0,0,0,0,0,0,0,0,0,0,0,0,0,0,0,0,0,0,0,0,0,0,0,0,0,0,0,0,0,0,0,0,0,0,0,0,0,0,0,0,0,0,0,0,0,0,0,0,0,0,0,0,0,0,0,0,0,0,0,0,0,0,0,0,0,0,0,0,0,0,0,0,0,0,0,0,0,0,0,0,0,0,0,0,0,0,0,0,0,0,0,0,0,0,0,0,0,0,0,0,0,0,0,0,0,0,0,0,0,0,0,0,0,0,0,0,0,0,0,0,0,0,0,0,0,0,0,0,0,0,0,0,0,0,0,0,0,0,0,0,0,0,0,0,0,0,0,0,0,0,0,0
STAT,(NULL),Time,221,6470,6470,0,0,0,0,0,0,0,0,0,0,0,0,0,0,0,0,0,0,0,0,0,0,0,0,0,0,0,0,0,0,0,0,0,0,0,0,0,0,0,0,0,0,0,0,0,0,0,0,0,0,0,0,0,0,0,0,0,0,0,0,0,0,0,0,0,0,0,0,0,0,0,0,0,0,0,0,0,0,0,0,0,0,0,0,0,0,0,0,0,0,0,0,0,0,0,0,0,0,0,0,0,0,0,0,0,0,0,0,0,0,0,0,0,0,0,0,0,0,0,0,0,0,0,0,0,0,0,0,0,0,0,0,0,0,0,0,0,0,0,0,0,0,0,0,0,0,0,0,0,0,0,0,0,0,0,0,0,0,0,0,0,0,0,0,0,0,0,0,0,0,0,0,0,0,0,0,0,0,0,0,0,0,0,0,0,0,0,0,0,0,0,0,0,0,0,0,0,0,0,0,0,0,0,0,0,0,0,0,0,0,0,0,0,0,0,0,0,0,0,0
STAT,match,Conflicts,221,6146,48,37,46,40,36,32,38,43,30,51,33,42,46,45,44,38,33,29,41,32,37,39,35,29,33,36,36,39,38,32,34,34,32,30,39,40,32,31,29,24,29,34,30,32,32,28,30,32,37,31,33,34,35,36,33,34,32,30,26,34,33,24,20,28,25,22,22,27,28,28,33,25,27,31,29,22,22,26,22,22,24,28,22,28,21,27,23,21,32,23,23,25,29,25,27,28,24,24,20,21,20,26,35,21,20,22,29,27,27,29,24,29,29,28,32,25,22,20,28,21,23,33,23,26,25,28,21,23,17,25,24,26,23,31,19,26,29,22,27,23,28,18,24,22,20,24,25,24,28,18,21,23,27,26,25,21,26,20,32,19,28,25,33,27,24,23,27,24,26,26,34,28,29,29,27,16,28,27,22,24,27,27,26,20,21,22,23,26,21,24,37,20,31,22,27,21,20,18,21,29,23,30,21,28,25,22,25,22,26,26,25,28,24,20,30,29,30,32,23,24,28
STAT,match,Iterations,221,15012794,41015,62090,54299,53816,58209,50155,66358,54571,58928,50736,47540,57118,56257,44648,50070,53020,72699,43825,58907,51960,45796,56188,47643,68525,58505,54493,54098,52695,50747,38707,51169,54490,54271,59070,47715,51593,50208,62259,71698,79427,74258,84935,74296,46944,93151,86442,70977,77078,62552,74183,77179,70535,66071,65015,54360,60625,65115,63526,64163,60198,60743,65448,74004,67826,57973,80253,61571,56618,56882,66247,73709,66710,67821,85727,69954,79318,70184,60971,79158,81116,67160,65228,79226,54025,69919,53066,64469,67742,60837,72898,70673,54180,62177,76215,69501,59949,72645,81464,81483,75340,79493,92188,87938,78998,81124,90736,64899,77994,72469,85197,65509,70804,63608,72626,85498,74693,85823,74095,66959,56665,61230,93055,82192,56877,63010,71305,79901,71453,61926,76122,69587,74484,61743,70580,85288,79695,72516,60892,69362,64222,65988,77934,64813,78567,44821,78905,55730,75327,67007,87857,79667,74848,64150,72208,67049,82446,55819,71794,69070,93549,70305,78048,66690,68705,81000,67523,79652,83157,61979,69566,67801,71922,71134,96616,87149,106284,83788,76842,69697,78606,69736,65961,68360,68228,57978,71621,80846,83794,56987,70652,56643,68564,62394,68148,58303,75284,77209,84957,77755,60978,59194,78438,62359,60821,72152,88029,73605,68930,66607,59350,60510,51956,65255,70832,57246,61840,71814,60477,54509,67711,72441
STAT,popedge,Conflicts,221,0,0,0,0,0,0,0,0,0,0,0,0,0,0,0,0,0,0,0,0,0,0,0,0,0,0,0,0,0,0,0,0,0,0,0,0,0,0,0,0,0,0,0,0,0,0,0,0,0,0,0,0,0,0,0,0,0,0,0,0,0,0,0,0,0,0,0,0,0,0,0,0,0,0,0,0,0,0,0,0,0,0,0,0,0,0,0,0,0,0,0,0,0,0,0,0,0,0,0,0,0,0,0,0,0,0,0,0,0,0,0,0,0,0,0,0,0,0,0,0,0,0,0,0,0,0,0,0,0,0,0,0,0,0,0,0,0,0,0,0,0,0,0,0,0,0,0,0,0,0,0,0,0,0,0,0,0,0,0,0,0,0,0,0,0,0,0,0,0,0,0,0,0,0,0,0,0,0,0,0,0,0,0,0,0,0,0,0,0,0,0,0,0,0,0,0,0,0,0,0,0,0,0,0,0,0,0,0,0,0,0,0,0,0,0,0,0,0,0,0,0,0
STAT,popedge,Iterations,221,7354700,30930,29487,31312,30075,31498,31252,30812,33208,31682,32497,31097,33505,32296,29998,31792,29604,31586,31127,31119,31109,31417,31787,31393,32428,32631,31973,31355,31352,33954,33246,32204,33554,32362,31331,33104,32595,33170,30618,36049,36030,36155,34882,37097,36008,36792,37092,36260,36724,36570,35234,35307,34728,34639,39144,37445,35382,36138,33538,36181,37831,34757,29939,29957,32110,30496,33762,31557,31049,33621,30076,32579,30770,32016,32414,29370,32358,29804,31510,32094,30764,29688,30852,34294,31381,33361,31139,31138,31246,31474,32185,30945,31841,33624,32585,31594,32183,31382,31804,32783,35412,36344,37392,37112,36159,36127,34946,36016,38652,35784,35592,34993,36828,35663,35518,36596,37187,36661,35276,35366,36002,35022,36085,31260,29850,31755,29029,31529,31523,31167,31228,30041,32847,30807,31797,33430,31824,34084,30349,33814,30517,32461,30945,31703,32334,32429,33202,30455,32426,31547,30123,31798,33188,32121,35209,31400,30617,31714,33509,32013,30504,36573,34463,36131,35750,38040,37272,37783,35658,37274,36650,36110,35121,38313,39793,37454,44223,36605,36401,35414,33052,36971,36061,36225,31509,30747,32251,30757,32011,31227,31136,33372,32737,34160,32257,33318,33516,32542,34154,32454,33535,30772,32644,31377,32251,33091,32955,30876,30976,31839,32659,30818,34188,30961,32161,33718,32499,33021,34491,33589,32728,32596
STAT,refine,Conflicts,221,6405,81,78,74,78,70,72,75,66,70,62,67,68,69,72,68,58,51,52,63,54,50,59,47,59,61,56,47,57,50,56,39,30,36,40,40,31,39,32,33,45,40,29,34,35,31,44,48,37,43,52,53,41,43,32,42,36,37,46,35,35,37,26,24,25,12,20,17,16,20,20,26,15,27,28,21,30,12,21,22,23,19,13,34,19,23,23,18,16,25,19,21,20,20,20,21,12,19,21,19,9,27,17,26,26,24,20,21,23,21,27,27,19,16,26,22,30,23,23,15,19,22,25,19,21,20,17,25,18,15,30,15,26,22,26,16,20,25,15,25,17,22,12,18,28,17,23,26,21,18,24,19,23,15,14,15,25,19,18,15,18,17,19,13,12,21,19,25,16,27,15,27,20,34,25,27,31,31,21,18,24,16,12,17,28,24,24,18,21,17,22,22,19,20,20,23,19,19,25,17,26,20,23,14,24,25,15,19,22,21,20,24,17,14,22,19,13,24,26,16,15,19
STAT,refine,Iterations,221,433897,2254,1463,2059,2170,2056,1458,1658,1763,1640,1650,1438,1827,2118,1822,2637,2095,1799,1310,1847,1589,1357,2076,1743,2400,2059,1975,1796,1809,1558,1750,1615,1418,1895,1391,1463,1423,1536,1541,1981,2048,1899,1986,1405,1354,2434,2330,2313,2615,2227,2736,2514,2883,2641,1704,2274,2056,2161,1751,1780,2327,2094,2061,1961,2255,1768,2013,1411,1438,2081,1921,1820,1596,2238,1979,1784,2750,1778,1787,1437,2438,1615,1524,2357,1730,2342,1910,2079,1886,2065,1998,1891,1951,1641,1741,1714,1709,1881,2237,1877,1733,2136,1680,2792,2025,1938,2360,1666,2705,2160,2948,2444,2211,2049,2566,2232,2511,2342,1781,1436,1521,1900,2891,2549,1485,2203,1680,2258,1420,1689,2092,1472,2099,1516,2047,2166,2071,2446,1281,2240,1455,2298,1961,1438,2097,1703,2505,2482,2383,1887,2201,1994,1839,2096,1689,1644,1817,1764,2002,1657,2104,1615,2158,1378,1698,1772,1953,2558,2031,2144,2306,2093,2291,2659,3166,3211,3039,2902,2350,2033,2215,1492,1826,2142,2509,1296,2515,1936,2183,1502,1966,1810,1243,1763,1892,1835,2012,1702,2434,1565,1900,1488,2197,1407,1760,1817,1559,1844,1961,2010,1914,1772,1484,1512,1806,1672,2044,1987,1647,1727,1826,1976
