Hello from MIC
Galois Benchmark Suite v2.2.0 (r0)
Copyright (C) 2013 The University of Texas at Austin
http://iss.ices.utexas.edu/galois/

application: GMetis
Partitions a graph into K parts and minimizing the graph cut
http://iss.ices.utexas.edu/?p=projects/galois/benchmarks/gMetis

INFO: CommandLine /work/02556/dpereira/MIC/apps/gmetis/gmetis -t=135 /work/02556/dpereira/Inputs/USA-road-d.W.gr 16
INFO: Hostname c558-001-mic0.stampede.tacc.utexas.edu
Created Graph with 6262104 nodes and 15248146 edges
Nodes 6262104| Edges 15248146 7624073

  Starting coarsening: 
Time coarsen:  2907 Size of final graph: 439

  Sarting initial partitioning using GGGP:
Size in decade percentages:  -0,16
Time clustering:  362

  Sarting refinnement with BKL2
Initial dist
Size in decade percentages:  -0,16
Refined dist
Size in decade percentages:  -1,5 -0,6 1,5
Time refinement:  1688


Time:  5132
Total edge cut : 1534

Part saved in : 0x7fff640ee9e0
STATTYPE,LOOP,CATEGORY,n,sum,T0,T1,T2,T3,T4,T5,T6,T7,T8,T9,T10,T11,T12,T13,T14,T15,T16,T17,T18,T19,T20,T21,T22,T23,T24,T25,T26,T27,T28,T29,T30,T31,T32,T33,T34,T35,T36,T37,T38,T39,T40,T41,T42,T43,T44,T45,T46,T47,T48,T49,T50,T51,T52,T53,T54,T55,T56,T57,T58,T59,T60,T61,T62,T63,T64,T65,T66,T67,T68,T69,T70,T71,T72,T73,T74,T75,T76,T77,T78,T79,T80,T81,T82,T83,T84,T85,T86,T87,T88,T89,T90,T91,T92,T93,T94,T95,T96,T97,T98,T99,T100,T101,T102,T103,T104,T105,T106,T107,T108,T109,T110,T111,T112,T113,T114,T115,T116,T117,T118,T119,T120,T121,T122,T123,T124,T125,T126,T127,T128,T129,T130,T131,T132,T133,T134
STAT,(NULL),Coarsen,135,2907,2907,0,0,0,0,0,0,0,0,0,0,0,0,0,0,0,0,0,0,0,0,0,0,0,0,0,0,0,0,0,0,0,0,0,0,0,0,0,0,0,0,0,0,0,0,0,0,0,0,0,0,0,0,0,0,0,0,0,0,0,0,0,0,0,0,0,0,0,0,0,0,0,0,0,0,0,0,0,0,0,0,0,0,0,0,0,0,0,0,0,0,0,0,0,0,0,0,0,0,0,0,0,0,0,0,0,0,0,0,0,0,0,0,0,0,0,0,0,0,0,0,0,0,0,0,0,0,0,0,0,0,0,0,0,0
STAT,(NULL),Conflicts,135,0,0,0,0,0,0,0,0,0,0,0,0,0,0,0,0,0,0,0,0,0,0,0,0,0,0,0,0,0,0,0,0,0,0,0,0,0,0,0,0,0,0,0,0,0,0,0,0,0,0,0,0,0,0,0,0,0,0,0,0,0,0,0,0,0,0,0,0,0,0,0,0,0,0,0,0,0,0,0,0,0,0,0,0,0,0,0,0,0,0,0,0,0,0,0,0,0,0,0,0,0,0,0,0,0,0,0,0,0,0,0,0,0,0,0,0,0,0,0,0,0,0,0,0,0,0,0,0,0,0,0,0,0,0,0,0
STAT,(NULL),Iterations,135,31,5,0,0,0,0,0,1,0,1,0,0,0,0,0,0,0,0,2,0,0,0,0,0,0,0,0,0,0,3,0,0,2,0,0,0,0,0,0,0,0,1,0,0,0,0,0,0,0,1,0,0,0,0,0,0,3,1,0,0,0,0,0,0,0,0,0,0,0,0,0,0,0,0,0,0,0,0,0,0,0,0,0,0,0,0,0,0,0,0,0,0,0,0,0,1,0,0,0,0,0,0,0,0,0,0,0,0,0,0,0,0,0,3,0,0,0,0,1,0,0,0,4,0,0,0,0,0,0,0,0,0,0,0,0,2
STAT,(NULL),MeminfoPost,135,756527,5610,5605,5616,5614,5611,5584,5608,5624,5672,5622,5590,5593,5606,5617,5627,5601,5610,5591,5593,5617,5604,5590,5606,5589,5624,5624,5600,5603,5601,5612,5634,5661,5603,5597,5592,5616,5616,5616,5613,5595,5595,5612,5613,5593,5592,5602,5613,5600,5643,5601,5608,5617,5595,5603,5593,5591,5605,5578,5610,5617,5597,5595,5595,5581,5584,5597,5628,5628,5593,5592,5614,5599,5573,5582,5610,5615,5617,5606,5598,5600,5589,5597,5582,5584,5590,5604,5584,5593,5643,5630,5624,5587,5610,5588,5574,5604,5611,5623,5599,5594,5592,5593,5579,5588,5600,5580,5633,5636,5640,5596,5591,5581,5602,5638,5634,5630,5615,5588,5604,5600,5599,5581,5586,5588,5611,5577,5581,5579,5612,5582,5595,5604,5607,5600,5603
STAT,(NULL),MeminfoPre,135,189122,1407,1402,1413,1411,1408,1381,1405,1421,1469,1419,1387,1390,1403,1414,1424,1398,1407,1388,1390,1414,1401,1387,1403,1386,1421,1421,1397,1400,1398,1409,1431,1458,1400,1394,1389,1413,1413,1413,1410,1392,1392,1409,1410,1390,1389,1399,1410,1397,1440,1398,1405,1414,1392,1400,1390,1388,1402,1375,1407,1414,1394,1392,1392,1378,1381,1394,1425,1425,1390,1389,1411,1396,1370,1379,1407,1412,1414,1403,1395,1397,1386,1394,1379,1381,1387,1401,1381,1390,1440,1427,1421,1384,1407,1385,1371,1401,1408,1420,1396,1391,1389,1390,1376,1385,1397,1377,1430,1433,1437,1393,1388,1378,1399,1435,1431,1427,1412,1385,1401,1397,1396,1378,1383,1385,1408,1374,1378,1376,1409,1379,1392,1401,1404,1397,1400
STAT,(NULL),Partition,135,362,362,0,0,0,0,0,0,0,0,0,0,0,0,0,0,0,0,0,0,0,0,0,0,0,0,0,0,0,0,0,0,0,0,0,0,0,0,0,0,0,0,0,0,0,0,0,0,0,0,0,0,0,0,0,0,0,0,0,0,0,0,0,0,0,0,0,0,0,0,0,0,0,0,0,0,0,0,0,0,0,0,0,0,0,0,0,0,0,0,0,0,0,0,0,0,0,0,0,0,0,0,0,0,0,0,0,0,0,0,0,0,0,0,0,0,0,0,0,0,0,0,0,0,0,0,0,0,0,0,0,0,0,0,0,0
STAT,(NULL),Refine,135,1688,1688,0,0,0,0,0,0,0,0,0,0,0,0,0,0,0,0,0,0,0,0,0,0,0,0,0,0,0,0,0,0,0,0,0,0,0,0,0,0,0,0,0,0,0,0,0,0,0,0,0,0,0,0,0,0,0,0,0,0,0,0,0,0,0,0,0,0,0,0,0,0,0,0,0,0,0,0,0,0,0,0,0,0,0,0,0,0,0,0,0,0,0,0,0,0,0,0,0,0,0,0,0,0,0,0,0,0,0,0,0,0,0,0,0,0,0,0,0,0,0,0,0,0,0,0,0,0,0,0,0,0,0,0,0,0
STAT,(NULL),Threads,135,135,135,0,0,0,0,0,0,0,0,0,0,0,0,0,0,0,0,0,0,0,0,0,0,0,0,0,0,0,0,0,0,0,0,0,0,0,0,0,0,0,0,0,0,0,0,0,0,0,0,0,0,0,0,0,0,0,0,0,0,0,0,0,0,0,0,0,0,0,0,0,0,0,0,0,0,0,0,0,0,0,0,0,0,0,0,0,0,0,0,0,0,0,0,0,0,0,0,0,0,0,0,0,0,0,0,0,0,0,0,0,0,0,0,0,0,0,0,0,0,0,0,0,0,0,0,0,0,0,0,0,0,0,0,0,0
STAT,(NULL),Time,135,5132,5132,0,0,0,0,0,0,0,0,0,0,0,0,0,0,0,0,0,0,0,0,0,0,0,0,0,0,0,0,0,0,0,0,0,0,0,0,0,0,0,0,0,0,0,0,0,0,0,0,0,0,0,0,0,0,0,0,0,0,0,0,0,0,0,0,0,0,0,0,0,0,0,0,0,0,0,0,0,0,0,0,0,0,0,0,0,0,0,0,0,0,0,0,0,0,0,0,0,0,0,0,0,0,0,0,0,0,0,0,0,0,0,0,0,0,0,0,0,0,0,0,0,0,0,0,0,0,0,0,0,0,0,0,0,0
STAT,match,Conflicts,135,6174,74,61,70,70,66,74,68,73,58,60,68,73,65,77,54,51,48,60,63,60,63,62,74,41,55,56,60,49,50,51,58,59,45,40,58,40,48,47,41,56,57,46,60,39,38,50,40,43,45,35,37,49,49,58,49,58,52,70,41,60,52,44,41,38,39,31,34,47,31,32,35,45,42,36,58,34,39,28,39,35,38,35,43,47,34,31,37,31,38,32,39,39,43,35,34,39,36,31,37,47,39,41,35,48,30,29,30,34,38,42,36,30,33,41,34,48,41,44,35,39,46,44,43,34,37,34,38,34,43,40,36,24,44,42,40
STAT,match,Iterations,135,15014321,70211,100354,74870,85590,93474,93514,84020,64477,73992,82812,98065,79959,95207,97068,102999,87094,110584,122017,88048,109259,93856,106874,91701,99830,108370,94335,100412,108768,108990,128373,107513,109753,96188,118407,102022,105982,107544,109875,120821,94051,107822,103463,98979,117484,95632,113296,108343,115315,127069,118726,99342,113577,92925,99227,108345,123698,100668,105302,112299,114856,104422,93187,117809,100282,111976,107190,114004,92652,117840,114338,107377,95389,100231,106285,121878,139067,129018,127066,129612,120358,133785,114806,123197,127460,124402,117388,134418,127595,136017,121605,117461,112012,113613,127012,114565,127988,120165,132594,115731,114153,130540,125239,119919,129021,128887,120496,137576,99426,137018,120737,133817,134564,129771,135620,125230,136733,124530,114152,147654,104392,133465,138850,86611,106255,97868,123233,113360,123770,105289,107200,100746,94922,126465,86622,124748
STAT,popedge,Conflicts,135,0,0,0,0,0,0,0,0,0,0,0,0,0,0,0,0,0,0,0,0,0,0,0,0,0,0,0,0,0,0,0,0,0,0,0,0,0,0,0,0,0,0,0,0,0,0,0,0,0,0,0,0,0,0,0,0,0,0,0,0,0,0,0,0,0,0,0,0,0,0,0,0,0,0,0,0,0,0,0,0,0,0,0,0,0,0,0,0,0,0,0,0,0,0,0,0,0,0,0,0,0,0,0,0,0,0,0,0,0,0,0,0,0,0,0,0,0,0,0,0,0,0,0,0,0,0,0,0,0,0,0,0,0,0,0,0
STAT,popedge,Iterations,135,7357291,47740,48253,48832,48264,49145,50721,49223,50671,50729,48025,49355,50904,49404,57983,56356,58144,54449,56614,59827,58883,58062,58565,57937,58036,56164,56093,57902,56370,58076,55055,55794,54913,59001,56440,58222,56578,55872,53860,55300,59693,56199,54191,59730,54232,50529,55511,54004,54934,56359,53264,52634,51930,58004,55046,58386,57498,58187,58585,55067,55630,56028,48656,47824,45765,47997,49822,47278,48082,49483,48544,48521,51566,47938,48681,57188,56506,55545,55856,55891,58880,59762,58698,58657,55635,60608,58919,56519,57010,54259,57548,56872,55074,56543,56818,60385,54525,57309,55475,53907,57416,56984,57707,54420,56756,54375,50026,59959,54731,56142,56788,57995,54272,57563,58777,58210,58628,60081,58737,59494,62257,56361,57621,49091,50769,47486,45886,48983,47280,49573,51217,52649,50635,49457,49042,47974
STAT,refine,Conflicts,135,5135,130,134,121,122,111,114,99,102,97,86,92,84,78,76,88,74,66,58,77,52,53,54,70,58,68,51,53,53,60,60,57,40,37,39,22,42,51,40,30,48,56,37,38,35,39,41,39,43,28,40,35,38,43,28,37,29,38,37,29,28,47,20,11,17,17,9,28,12,10,22,15,30,13,18,30,24,22,24,21,29,16,12,25,30,17,31,20,20,22,24,19,10,24,18,22,15,23,31,21,11,26,25,20,20,20,33,26,21,23,12,21,20,25,28,11,14,17,31,15,14,23,24,15,11,19,14,14,23,20,13,24,22,27,25,24
STAT,refine,Iterations,135,34747,386,466,404,302,356,405,327,278,289,297,296,214,362,303,494,326,284,349,424,209,253,319,289,253,431,199,215,375,293,225,213,229,182,209,184,257,438,177,260,291,369,286,349,258,249,400,310,335,246,192,297,286,323,256,265,350,224,190,160,165,217,158,150,193,141,222,242,206,100,235,197,289,118,241,216,319,265,200,266,258,226,201,343,297,142,326,258,218,317,291,173,140,263,192,212,209,251,341,177,208,234,305,319,248,244,297,402,238,331,204,170,195,271,431,315,250,361,276,178,190,239,173,157,127,138,110,164,197,167,143,207,212,265,156,242
