Hello from MIC
Galois Benchmark Suite v2.2.0 (r0)
Copyright (C) 2013 The University of Texas at Austin
http://iss.ices.utexas.edu/galois/

application: GMetis
Partitions a graph into K parts and minimizing the graph cut
http://iss.ices.utexas.edu/?p=projects/galois/benchmarks/gMetis

INFO: CommandLine /work/02556/dpereira/MIC/apps/gmetis/gmetis -t=193 /work/02556/dpereira/Inputs/USA-road-d.W.gr 1024
INFO: Hostname c558-402-mic0.stampede.tacc.utexas.edu
Created Graph with 6262104 nodes and 15248146 edges
Nodes 6262104| Edges 15248146 7624073

  Starting coarsening: 
Time coarsen:  2632 Size of final graph: 21983

  Sarting initial partitioning using GGGP:
Size in decade percentages:  -1,76 -0,875 1,73
Time clustering:  1128

  Sarting refinnement with BKL2
Initial dist
Size in decade percentages:  -1,76 -0,875 1,73
Refined dist
Size in decade percentages:  -2,1 -1,374 0,284 1,364 6,1
Time refinement:  1718


Time:  5658
Total edge cut : 31346

Part saved in : 0x7fffab940e60
STATTYPE,LOOP,CATEGORY,n,sum,T0,T1,T2,T3,T4,T5,T6,T7,T8,T9,T10,T11,T12,T13,T14,T15,T16,T17,T18,T19,T20,T21,T22,T23,T24,T25,T26,T27,T28,T29,T30,T31,T32,T33,T34,T35,T36,T37,T38,T39,T40,T41,T42,T43,T44,T45,T46,T47,T48,T49,T50,T51,T52,T53,T54,T55,T56,T57,T58,T59,T60,T61,T62,T63,T64,T65,T66,T67,T68,T69,T70,T71,T72,T73,T74,T75,T76,T77,T78,T79,T80,T81,T82,T83,T84,T85,T86,T87,T88,T89,T90,T91,T92,T93,T94,T95,T96,T97,T98,T99,T100,T101,T102,T103,T104,T105,T106,T107,T108,T109,T110,T111,T112,T113,T114,T115,T116,T117,T118,T119,T120,T121,T122,T123,T124,T125,T126,T127,T128,T129,T130,T131,T132,T133,T134,T135,T136,T137,T138,T139,T140,T141,T142,T143,T144,T145,T146,T147,T148,T149,T150,T151,T152,T153,T154,T155,T156,T157,T158,T159,T160,T161,T162,T163,T164,T165,T166,T167,T168,T169,T170,T171,T172,T173,T174,T175,T176,T177,T178,T179,T180,T181,T182,T183,T184,T185,T186,T187,T188,T189,T190,T191,T192
STAT,(NULL),Coarsen,193,2632,2632,0,0,0,0,0,0,0,0,0,0,0,0,0,0,0,0,0,0,0,0,0,0,0,0,0,0,0,0,0,0,0,0,0,0,0,0,0,0,0,0,0,0,0,0,0,0,0,0,0,0,0,0,0,0,0,0,0,0,0,0,0,0,0,0,0,0,0,0,0,0,0,0,0,0,0,0,0,0,0,0,0,0,0,0,0,0,0,0,0,0,0,0,0,0,0,0,0,0,0,0,0,0,0,0,0,0,0,0,0,0,0,0,0,0,0,0,0,0,0,0,0,0,0,0,0,0,0,0,0,0,0,0,0,0,0,0,0,0,0,0,0,0,0,0,0,0,0,0,0,0,0,0,0,0,0,0,0,0,0,0,0,0,0,0,0,0,0,0,0,0,0,0,0,0,0,0,0,0,0,0,0,0,0,0,0,0,0,0,0,0,0,0
STAT,(NULL),Conflicts,193,0,0,0,0,0,0,0,0,0,0,0,0,0,0,0,0,0,0,0,0,0,0,0,0,0,0,0,0,0,0,0,0,0,0,0,0,0,0,0,0,0,0,0,0,0,0,0,0,0,0,0,0,0,0,0,0,0,0,0,0,0,0,0,0,0,0,0,0,0,0,0,0,0,0,0,0,0,0,0,0,0,0,0,0,0,0,0,0,0,0,0,0,0,0,0,0,0,0,0,0,0,0,0,0,0,0,0,0,0,0,0,0,0,0,0,0,0,0,0,0,0,0,0,0,0,0,0,0,0,0,0,0,0,0,0,0,0,0,0,0,0,0,0,0,0,0,0,0,0,0,0,0,0,0,0,0,0,0,0,0,0,0,0,0,0,0,0,0,0,0,0,0,0,0,0,0,0,0,0,0,0,0,0,0,0,0,0,0,0,0,0,0,0,0
STAT,(NULL),Iterations,193,2047,11,17,10,18,12,10,11,3,12,5,5,4,11,8,14,10,18,5,13,8,3,20,9,8,10,9,6,20,7,11,4,11,17,7,3,12,13,12,15,10,13,9,12,10,11,11,11,3,9,19,11,18,8,10,15,12,12,20,18,9,21,11,13,4,9,16,7,6,4,3,9,16,8,15,5,18,11,18,11,12,10,10,5,12,14,9,8,7,20,5,17,5,7,6,6,7,1,16,15,9,10,14,8,19,15,5,10,11,12,8,21,12,17,8,10,6,2,13,25,15,9,12,9,8,7,13,14,6,7,12,10,7,9,11,17,11,18,13,14,4,16,14,9,9,8,24,8,12,11,17,7,9,3,13,13,5,10,11,5,10,13,10,10,10,11,8,6,9,14,9,7,22,9,8,5,5,8,1,9,17,13,9,17,7,19,4,14,11,3,15,7,7,5
STAT,(NULL),MeminfoPost,193,757066,3925,3913,3944,3925,3933,3926,3925,3915,3916,3926,3939,3947,3976,3939,3905,3917,3924,3913,3933,3930,3932,3928,3932,3933,3902,3921,3917,3932,3934,3913,3915,3913,3922,3922,3924,3943,3928,3927,3911,3931,3910,3931,3932,3930,3982,3954,3912,3920,3916,3909,3926,3935,3938,3928,3930,3925,3917,3916,3913,3933,3936,3917,3917,3909,3921,3925,3929,3919,3930,3953,3923,3918,3933,3928,3919,3924,3923,3914,3915,3914,3930,3902,3910,3923,3932,3933,3919,3912,3916,3918,3908,3909,3909,3921,3919,3947,3947,3921,3908,3915,3913,3944,3909,3904,3901,3919,3924,3927,3931,3933,3935,3915,3917,3909,3927,3912,3916,3919,3906,3900,3916,3903,3933,3913,3902,3931,3942,3952,3943,3932,3911,3913,3935,3911,3902,3906,3924,3927,3934,3932,3916,3914,3926,3911,3916,3913,3905,3911,3907,3928,3907,3918,3948,3945,3950,3938,3917,3912,3912,3909,3922,3931,3948,3948,3930,3950,3932,3907,3918,3927,3915,3921,3919,3904,3905,3916,3909,3929,3919,3902,3901,3927,3890,3907,3933,3910,3916,3922,3925,3922,3928,3912,3921
STAT,(NULL),MeminfoPre,193,189260,983,971,1002,983,991,984,983,973,974,984,997,1005,1034,997,963,975,982,971,991,988,990,986,990,991,960,979,975,990,992,971,973,971,980,980,982,1001,986,985,969,989,968,989,990,988,1040,1012,970,978,974,967,984,993,996,986,988,983,975,974,971,991,994,975,975,967,979,983,987,977,988,1011,981,976,991,986,977,982,981,972,973,972,988,960,968,981,990,991,977,970,974,976,966,967,967,979,977,1005,1005,979,966,973,971,1002,967,962,959,977,982,985,989,991,993,973,975,967,985,970,974,977,964,958,974,961,991,971,960,989,1000,1010,1001,990,969,971,993,969,960,964,982,985,992,990,974,972,984,969,974,971,963,969,965,986,965,976,1006,1003,1008,996,975,970,970,967,980,989,1006,1006,988,1008,990,965,976,985,973,979,977,962,963,974,967,987,977,960,959,985,948,965,991,968,974,980,983,980,986,970,979
STAT,(NULL),Partition,193,1128,1128,0,0,0,0,0,0,0,0,0,0,0,0,0,0,0,0,0,0,0,0,0,0,0,0,0,0,0,0,0,0,0,0,0,0,0,0,0,0,0,0,0,0,0,0,0,0,0,0,0,0,0,0,0,0,0,0,0,0,0,0,0,0,0,0,0,0,0,0,0,0,0,0,0,0,0,0,0,0,0,0,0,0,0,0,0,0,0,0,0,0,0,0,0,0,0,0,0,0,0,0,0,0,0,0,0,0,0,0,0,0,0,0,0,0,0,0,0,0,0,0,0,0,0,0,0,0,0,0,0,0,0,0,0,0,0,0,0,0,0,0,0,0,0,0,0,0,0,0,0,0,0,0,0,0,0,0,0,0,0,0,0,0,0,0,0,0,0,0,0,0,0,0,0,0,0,0,0,0,0,0,0,0,0,0,0,0,0,0,0,0,0,0
STAT,(NULL),Refine,193,1718,1718,0,0,0,0,0,0,0,0,0,0,0,0,0,0,0,0,0,0,0,0,0,0,0,0,0,0,0,0,0,0,0,0,0,0,0,0,0,0,0,0,0,0,0,0,0,0,0,0,0,0,0,0,0,0,0,0,0,0,0,0,0,0,0,0,0,0,0,0,0,0,0,0,0,0,0,0,0,0,0,0,0,0,0,0,0,0,0,0,0,0,0,0,0,0,0,0,0,0,0,0,0,0,0,0,0,0,0,0,0,0,0,0,0,0,0,0,0,0,0,0,0,0,0,0,0,0,0,0,0,0,0,0,0,0,0,0,0,0,0,0,0,0,0,0,0,0,0,0,0,0,0,0,0,0,0,0,0,0,0,0,0,0,0,0,0,0,0,0,0,0,0,0,0,0,0,0,0,0,0,0,0,0,0,0,0,0,0,0,0,0,0,0
STAT,(NULL),Threads,193,193,193,0,0,0,0,0,0,0,0,0,0,0,0,0,0,0,0,0,0,0,0,0,0,0,0,0,0,0,0,0,0,0,0,0,0,0,0,0,0,0,0,0,0,0,0,0,0,0,0,0,0,0,0,0,0,0,0,0,0,0,0,0,0,0,0,0,0,0,0,0,0,0,0,0,0,0,0,0,0,0,0,0,0,0,0,0,0,0,0,0,0,0,0,0,0,0,0,0,0,0,0,0,0,0,0,0,0,0,0,0,0,0,0,0,0,0,0,0,0,0,0,0,0,0,0,0,0,0,0,0,0,0,0,0,0,0,0,0,0,0,0,0,0,0,0,0,0,0,0,0,0,0,0,0,0,0,0,0,0,0,0,0,0,0,0,0,0,0,0,0,0,0,0,0,0,0,0,0,0,0,0,0,0,0,0,0,0,0,0,0,0,0,0
STAT,(NULL),Time,193,5658,5658,0,0,0,0,0,0,0,0,0,0,0,0,0,0,0,0,0,0,0,0,0,0,0,0,0,0,0,0,0,0,0,0,0,0,0,0,0,0,0,0,0,0,0,0,0,0,0,0,0,0,0,0,0,0,0,0,0,0,0,0,0,0,0,0,0,0,0,0,0,0,0,0,0,0,0,0,0,0,0,0,0,0,0,0,0,0,0,0,0,0,0,0,0,0,0,0,0,0,0,0,0,0,0,0,0,0,0,0,0,0,0,0,0,0,0,0,0,0,0,0,0,0,0,0,0,0,0,0,0,0,0,0,0,0,0,0,0,0,0,0,0,0,0,0,0,0,0,0,0,0,0,0,0,0,0,0,0,0,0,0,0,0,0,0,0,0,0,0,0,0,0,0,0,0,0,0,0,0,0,0,0,0,0,0,0,0,0,0,0,0,0,0
STAT,match,Conflicts,193,5728,66,52,57,45,42,45,45,43,42,40,40,45,35,43,38,34,42,42,41,34,40,40,38,32,40,41,36,47,44,44,33,32,35,30,33,36,32,42,31,37,35,42,33,33,33,54,37,40,37,42,38,44,49,30,39,43,29,30,30,32,32,31,23,25,26,20,30,25,29,24,23,20,28,19,22,36,21,24,28,17,20,21,25,29,21,20,27,22,23,29,26,19,24,23,24,25,24,18,23,22,27,27,28,25,37,27,39,25,27,24,27,29,26,35,25,33,21,27,26,23,30,22,24,28,31,26,28,24,22,25,22,25,22,20,22,20,27,22,18,25,25,24,23,21,31,18,22,27,29,30,30,22,20,27,26,25,21,29,29,28,25,25,24,28,23,35,27,28,27,29,23,36,31,32,30,25,30,19,25,22,28,22,24,21,22,23,21,27,27,23,23,21,22
STAT,match,Iterations,193,14980474,48672,58672,45368,63831,58807,65118,56650,48885,52764,67566,55792,58292,62749,66426,50470,73443,65538,71026,48985,78881,59699,54856,64711,64141,51835,69634,79981,52478,65248,63304,83826,82647,57055,76797,65263,72903,64074,71857,67704,76820,88774,94444,81685,72357,64674,59145,82819,74818,76525,85149,68606,59575,76181,61353,65323,58691,77841,61245,73227,76672,64010,81168,93837,70322,69955,78297,67856,78110,77676,68461,77705,96796,93075,76854,83967,68027,78652,90758,70018,89755,97952,100378,85560,81587,78031,76975,77657,95604,95713,93475,100061,84612,67612,73208,88500,80149,85938,99167,79224,83844,66501,69823,83551,79293,71670,81685,77112,91117,98612,77426,96328,96374,107603,95182,83070,67591,74789,72391,89995,77708,66931,68543,104624,73774,87917,62859,63969,66261,71236,103272,76810,103986,83285,82502,79468,89120,84409,70330,102100,82753,77198,100711,72570,75014,77362,107105,92855,87926,75674,77010,82063,82832,90402,85296,82455,71901,105158,76709,64998,77122,75354,98519,80653,68120,57513,81643,76109,100276,91021,101869,96592,78433,88163,86467,89279,75129,71725,87114,71288,74543,70873,97923,80329,85314,78056,77493,81532,84883,83972,81858,95636,101185,64861
STAT,popedge,Conflicts,193,0,0,0,0,0,0,0,0,0,0,0,0,0,0,0,0,0,0,0,0,0,0,0,0,0,0,0,0,0,0,0,0,0,0,0,0,0,0,0,0,0,0,0,0,0,0,0,0,0,0,0,0,0,0,0,0,0,0,0,0,0,0,0,0,0,0,0,0,0,0,0,0,0,0,0,0,0,0,0,0,0,0,0,0,0,0,0,0,0,0,0,0,0,0,0,0,0,0,0,0,0,0,0,0,0,0,0,0,0,0,0,0,0,0,0,0,0,0,0,0,0,0,0,0,0,0,0,0,0,0,0,0,0,0,0,0,0,0,0,0,0,0,0,0,0,0,0,0,0,0,0,0,0,0,0,0,0,0,0,0,0,0,0,0,0,0,0,0,0,0,0,0,0,0,0,0,0,0,0,0,0,0,0,0,0,0,0,0,0,0,0,0,0,0
STAT,popedge,Iterations,193,7339829,34352,34581,34308,34493,36320,31554,33901,35083,34467,33869,37887,34536,37819,37289,39285,36912,41430,40101,37719,36966,37075,39964,38717,37687,38338,38485,38651,39558,39470,39841,40005,37306,37844,37204,39291,36591,37071,40604,37334,39523,37456,39095,39167,39909,38163,40022,41741,42129,40086,39301,39217,40216,41004,38740,39105,38573,38987,39816,38760,39887,39526,34215,36407,34732,33857,33348,32625,32104,33332,33756,33657,36055,35986,36752,36226,37614,36459,37421,38756,38614,38059,37578,37908,37824,36575,38634,37981,37191,39748,36338,36799,39930,37665,38003,37964,37664,38318,38967,40620,37927,39917,39843,40944,39373,41320,38616,40368,40576,41238,40714,39700,41839,42719,42680,37470,39804,37312,38906,39743,41193,40948,42380,33544,36175,33844,34088,35028,33667,33697,34129,32529,32561,36434,38965,37445,37600,37671,35698,39803,38094,37199,38798,37658,36551,39275,37258,39115,38106,37820,38878,38727,37869,38565,37639,38141,41185,42953,37997,39637,38052,39336,40021,40365,41125,43087,42121,40208,39949,41280,40149,39592,39617,41472,41154,40184,41190,45281,36306,39485,40992,39371,40629,40246,33614,35484,35021,34428,33223,32548,34549,37124,36836,35904
STAT,refine,Conflicts,193,5622,91,84,88,73,78,70,63,68,65,70,59,68,64,54,62,53,43,47,48,54,42,43,53,50,48,53,43,56,53,44,42,28,35,31,41,32,34,37,37,36,33,41,32,36,32,48,44,43,34,43,36,35,39,29,35,32,37,40,34,43,28,28,27,31,24,17,16,16,31,24,13,34,17,27,23,18,13,23,21,16,27,26,14,17,22,16,23,17,16,18,19,25,12,14,15,21,18,24,26,28,28,14,20,21,20,23,33,35,25,19,22,27,24,19,25,23,20,18,18,25,19,13,23,20,22,24,24,25,22,27,17,19,26,26,24,16,21,14,14,17,15,19,17,15,17,19,13,13,19,27,25,13,17,21,15,12,21,18,25,22,19,18,17,22,19,19,16,28,30,18,19,27,16,23,17,12,21,17,21,9,18,30,15,22,20,15,21,15,25,22,18,22,25
STAT,refine,Iterations,193,425990,1621,1816,1992,2433,2092,2333,1622,1724,1777,1926,2105,2753,2229,2268,1519,1777,2302,2226,2025,2171,1886,1563,1505,2123,1444,1833,1998,1906,2201,1643,2498,1886,2290,1956,2268,2386,1756,2430,1732,2420,2194,2792,2695,1985,2515,3039,2347,2803,1736,2698,2142,2344,2457,1645,1716,1705,2200,1389,1971,1685,1765,2244,2558,2057,1880,2344,1801,1601,2489,2582,1829,2537,2495,2141,1790,2241,1803,1904,2377,2255,2747,2450,2046,2386,2465,2096,2232,2122,2312,2248,2164,2691,1640,2223,2212,3183,2401,2678,2401,1866,2689,2541,2219,2055,2450,3032,3233,2505,3255,2293,2817,2572,3046,2861,2060,1949,1579,2128,2017,2572,2303,1822,2315,2217,1979,2135,2189,2085,2056,2655,1803,2089,2977,2598,2194,1899,2376,1593,2362,2116,1963,2226,1837,1655,1620,2060,2036,2573,1976,2859,2458,1705,2600,2472,2238,2025,2898,2617,1966,2152,1943,2438,2597,3251,2260,2836,2537,2817,2369,2927,2062,1973,2265,2340,2361,1957,1891,1758,1927,1157,1736,2963,1853,2054,2317,1901,1926,2210,2365,1971,2561,2847,2299
