Hello from MIC
Galois Benchmark Suite v2.2.0 (r0)
Copyright (C) 2013 The University of Texas at Austin
http://iss.ices.utexas.edu/galois/

application: GMetis
Partitions a graph into K parts and minimizing the graph cut
http://iss.ices.utexas.edu/?p=projects/galois/benchmarks/gMetis

INFO: CommandLine /work/02556/dpereira/MIC/apps/gmetis/gmetis -t=110 /work/02556/dpereira/Inputs/USA-road-d.W.gr 16
INFO: Hostname c558-001-mic0.stampede.tacc.utexas.edu
Created Graph with 6262104 nodes and 15248146 edges
Nodes 6262104| Edges 15248146 7624073

  Starting coarsening: 
Time coarsen:  2489 Size of final graph: 433

  Sarting initial partitioning using GGGP:
Size in decade percentages:  -0,16
Time clustering:  365

  Sarting refinnement with BKL2
Initial dist
Size in decade percentages:  -0,16
Refined dist
Size in decade percentages:  -1,6 0,4 1,6
Time refinement:  1214


Time:  4245
Total edge cut : 1588

Part saved in : 0x7fff2f3e48e0
STATTYPE,LOOP,CATEGORY,n,sum,T0,T1,T2,T3,T4,T5,T6,T7,T8,T9,T10,T11,T12,T13,T14,T15,T16,T17,T18,T19,T20,T21,T22,T23,T24,T25,T26,T27,T28,T29,T30,T31,T32,T33,T34,T35,T36,T37,T38,T39,T40,T41,T42,T43,T44,T45,T46,T47,T48,T49,T50,T51,T52,T53,T54,T55,T56,T57,T58,T59,T60,T61,T62,T63,T64,T65,T66,T67,T68,T69,T70,T71,T72,T73,T74,T75,T76,T77,T78,T79,T80,T81,T82,T83,T84,T85,T86,T87,T88,T89,T90,T91,T92,T93,T94,T95,T96,T97,T98,T99,T100,T101,T102,T103,T104,T105,T106,T107,T108,T109
STAT,(NULL),Coarsen,110,2489,2489,0,0,0,0,0,0,0,0,0,0,0,0,0,0,0,0,0,0,0,0,0,0,0,0,0,0,0,0,0,0,0,0,0,0,0,0,0,0,0,0,0,0,0,0,0,0,0,0,0,0,0,0,0,0,0,0,0,0,0,0,0,0,0,0,0,0,0,0,0,0,0,0,0,0,0,0,0,0,0,0,0,0,0,0,0,0,0,0,0,0,0,0,0,0,0,0,0,0,0,0,0,0,0,0,0,0,0,0,0
STAT,(NULL),Conflicts,110,0,0,0,0,0,0,0,0,0,0,0,0,0,0,0,0,0,0,0,0,0,0,0,0,0,0,0,0,0,0,0,0,0,0,0,0,0,0,0,0,0,0,0,0,0,0,0,0,0,0,0,0,0,0,0,0,0,0,0,0,0,0,0,0,0,0,0,0,0,0,0,0,0,0,0,0,0,0,0,0,0,0,0,0,0,0,0,0,0,0,0,0,0,0,0,0,0,0,0,0,0,0,0,0,0,0,0,0,0,0,0
STAT,(NULL),Iterations,110,31,5,0,0,0,0,0,0,0,0,0,0,0,0,0,0,0,0,0,0,0,0,0,0,0,0,0,0,0,0,0,0,0,0,0,0,0,0,0,2,0,1,0,0,0,0,0,0,1,0,0,2,2,0,1,0,0,0,0,0,0,0,0,0,3,0,0,0,0,0,0,0,0,1,4,0,0,0,2,0,0,3,0,1,0,0,0,0,0,0,0,0,0,0,0,1,0,0,1,0,0,0,0,1,0,0,0,0,0,0,0
STAT,(NULL),MeminfoPost,110,756359,6877,6889,6895,6876,6854,6893,6919,6935,6859,6859,6886,6898,6887,6876,6861,6885,6879,6859,6873,6878,6895,6881,6874,6870,6898,6951,6878,6867,6874,6885,6892,6894,6856,6868,6899,6861,6865,6885,6876,6917,6865,6891,6870,6878,6864,6877,6844,6874,6894,6862,6868,6852,6854,6867,6917,6883,6857,6890,6852,6840,6877,6888,6895,6871,6858,6870,6869,6849,6855,6868,6853,6877,6924,6906,6859,6880,6844,6861,6887,6887,6864,6870,6865,6846,6853,6870,6883,6918,6908,6864,6854,6869,6921,6899,6915,6857,6876,6871,6859,6842,6863,6878,6842,6853,6868,6853,6869,6880,6879,6869
STAT,(NULL),MeminfoPre,110,189089,1720,1732,1738,1719,1697,1736,1762,1778,1702,1702,1729,1741,1730,1719,1704,1728,1722,1702,1716,1721,1738,1724,1717,1713,1741,1794,1721,1710,1717,1728,1735,1737,1699,1711,1742,1704,1708,1728,1719,1760,1708,1734,1713,1721,1707,1720,1687,1717,1737,1705,1711,1695,1697,1710,1760,1726,1700,1733,1695,1683,1720,1731,1738,1714,1701,1713,1712,1692,1698,1711,1696,1720,1767,1749,1702,1723,1687,1704,1730,1730,1707,1713,1708,1689,1696,1713,1726,1761,1751,1707,1697,1712,1764,1742,1758,1700,1719,1714,1702,1685,1706,1721,1685,1696,1711,1696,1712,1723,1722,1712
STAT,(NULL),Partition,110,365,365,0,0,0,0,0,0,0,0,0,0,0,0,0,0,0,0,0,0,0,0,0,0,0,0,0,0,0,0,0,0,0,0,0,0,0,0,0,0,0,0,0,0,0,0,0,0,0,0,0,0,0,0,0,0,0,0,0,0,0,0,0,0,0,0,0,0,0,0,0,0,0,0,0,0,0,0,0,0,0,0,0,0,0,0,0,0,0,0,0,0,0,0,0,0,0,0,0,0,0,0,0,0,0,0,0,0,0,0,0
STAT,(NULL),Refine,110,1214,1214,0,0,0,0,0,0,0,0,0,0,0,0,0,0,0,0,0,0,0,0,0,0,0,0,0,0,0,0,0,0,0,0,0,0,0,0,0,0,0,0,0,0,0,0,0,0,0,0,0,0,0,0,0,0,0,0,0,0,0,0,0,0,0,0,0,0,0,0,0,0,0,0,0,0,0,0,0,0,0,0,0,0,0,0,0,0,0,0,0,0,0,0,0,0,0,0,0,0,0,0,0,0,0,0,0,0,0,0,0
STAT,(NULL),Threads,110,110,110,0,0,0,0,0,0,0,0,0,0,0,0,0,0,0,0,0,0,0,0,0,0,0,0,0,0,0,0,0,0,0,0,0,0,0,0,0,0,0,0,0,0,0,0,0,0,0,0,0,0,0,0,0,0,0,0,0,0,0,0,0,0,0,0,0,0,0,0,0,0,0,0,0,0,0,0,0,0,0,0,0,0,0,0,0,0,0,0,0,0,0,0,0,0,0,0,0,0,0,0,0,0,0,0,0,0,0,0,0
STAT,(NULL),Time,110,4245,4245,0,0,0,0,0,0,0,0,0,0,0,0,0,0,0,0,0,0,0,0,0,0,0,0,0,0,0,0,0,0,0,0,0,0,0,0,0,0,0,0,0,0,0,0,0,0,0,0,0,0,0,0,0,0,0,0,0,0,0,0,0,0,0,0,0,0,0,0,0,0,0,0,0,0,0,0,0,0,0,0,0,0,0,0,0,0,0,0,0,0,0,0,0,0,0,0,0,0,0,0,0,0,0,0,0,0,0,0,0
STAT,match,Conflicts,110,6334,117,77,73,76,83,80,81,79,80,96,91,83,78,69,102,78,78,63,61,69,49,63,74,58,67,84,66,64,59,61,57,70,60,64,69,58,59,68,64,61,63,45,45,75,67,81,66,67,66,50,37,48,57,39,41,40,38,43,46,45,41,49,47,38,39,43,46,44,44,50,45,47,57,62,42,62,60,53,44,49,47,35,47,52,40,53,58,52,48,46,49,31,47,47,55,62,48,44,48,61,54,42,36,37,46,48,40,48,54,49
STAT,match,Iterations,110,14995118,93023,106294,122172,126419,113421,121923,117679,112625,123007,127563,114103,113485,127790,140758,112316,127016,129182,126260,119918,133452,123003,127775,125334,116291,126944,102408,121769,124663,144274,131153,126780,107512,143975,135949,131446,137179,130072,117903,144888,130817,141494,125913,129888,125036,125675,114768,139669,129655,125733,165110,150719,153162,162806,144977,146077,148673,158834,163456,157654,160846,143653,158562,133505,138907,150307,151808,150978,135429,145058,151824,141392,148377,128913,142498,150244,135314,131280,143467,138642,145316,145588,132010,141407,144775,136797,143466,122031,152705,145593,141851,138731,154218,139522,143358,148702,147964,146129,150194,141075,148390,133094,167314,149426,139315,145908,139942,143204,140422,138372,139455
STAT,popedge,Conflicts,110,0,0,0,0,0,0,0,0,0,0,0,0,0,0,0,0,0,0,0,0,0,0,0,0,0,0,0,0,0,0,0,0,0,0,0,0,0,0,0,0,0,0,0,0,0,0,0,0,0,0,0,0,0,0,0,0,0,0,0,0,0,0,0,0,0,0,0,0,0,0,0,0,0,0,0,0,0,0,0,0,0,0,0,0,0,0,0,0,0,0,0,0,0,0,0,0,0,0,0,0,0,0,0,0,0,0,0,0,0,0,0
STAT,popedge,Iterations,110,7347575,67834,67148,64590,66968,68707,65915,65426,64418,65755,66122,66039,64872,64730,64898,68626,66096,68160,66895,67566,63655,65364,66361,65790,67196,64084,66972,64604,65683,62663,63246,61831,69025,66783,68581,68585,69887,69184,64921,64211,64295,61949,62201,65071,65380,68110,68134,66615,67788,65049,73043,72830,68543,73463,73629,73338,74618,73918,71914,79337,78164,77573,63822,64157,65568,66802,67373,61872,67439,64147,62861,64817,62866,61700,62730,64922,67186,66302,67404,63811,63976,62415,65751,65348,64840,64712,64595,64660,65100,62730,62499,62938,62309,68815,69900,66900,68899,69996,71568,63885,68908,65504,65761,69196,67005,64130,67828,68343,70737,70972,67223
STAT,refine,Conflicts,110,4294,120,113,120,102,105,104,100,86,79,84,84,75,64,81,72,46,57,51,65,52,59,64,57,55,60,51,57,42,54,58,46,44,32,33,37,41,32,26,49,32,44,41,54,30,27,41,39,30,45,21,18,23,27,28,25,36,35,43,25,27,32,22,12,24,22,20,19,27,16,27,21,22,15,14,19,22,17,31,9,33,18,21,22,14,11,27,19,30,17,21,27,21,22,24,20,19,18,22,27,20,15,19,25,29,19,16,22,23,16,18
STAT,refine,Iterations,110,34211,461,471,414,457,384,379,364,393,362,315,294,332,375,364,306,178,352,280,318,293,243,401,292,248,358,318,374,266,299,353,398,336,274,318,344,308,283,162,358,278,350,344,365,248,169,343,257,362,434,356,229,276,383,325,342,312,348,404,290,231,300,335,273,325,352,370,230,315,343,264,311,213,272,247,297,332,149,292,203,392,287,263,301,219,206,352,254,344,202,252,292,280,292,318,236,345,251,275,190,204,290,312,443,406,345,173,302,239,397,455
