Hello from MIC
Galois Benchmark Suite v2.2.0 (r0)
Copyright (C) 2013 The University of Texas at Austin
http://iss.ices.utexas.edu/galois/

application: GMetis
Partitions a graph into K parts and minimizing the graph cut
http://iss.ices.utexas.edu/?p=projects/galois/benchmarks/gMetis

INFO: CommandLine /work/02556/dpereira/MIC/apps/gmetis/gmetis -t=110 /work/02556/dpereira/Inputs/USA-road-d.W.gr 1024
INFO: Hostname c558-401-mic0.stampede.tacc.utexas.edu
Created Graph with 6262104 nodes and 15248146 edges
Nodes 6262104| Edges 15248146 7624073

  Starting coarsening: 
Time coarsen:  2122 Size of final graph: 21565

  Sarting initial partitioning using GGGP:
Size in decade percentages:  -1,73 -0,866 1,85
Time clustering:  886

  Sarting refinnement with BKL2
Initial dist
Size in decade percentages:  -1,73 -0,866 1,85
Refined dist
Size in decade percentages:  -2,1 -1,368 0,279 1,375 4,1
Time refinement:  1198


Time:  4385
Total edge cut : 31429

Part saved in : 0x7fff6443dd60
STATTYPE,LOOP,CATEGORY,n,sum,T0,T1,T2,T3,T4,T5,T6,T7,T8,T9,T10,T11,T12,T13,T14,T15,T16,T17,T18,T19,T20,T21,T22,T23,T24,T25,T26,T27,T28,T29,T30,T31,T32,T33,T34,T35,T36,T37,T38,T39,T40,T41,T42,T43,T44,T45,T46,T47,T48,T49,T50,T51,T52,T53,T54,T55,T56,T57,T58,T59,T60,T61,T62,T63,T64,T65,T66,T67,T68,T69,T70,T71,T72,T73,T74,T75,T76,T77,T78,T79,T80,T81,T82,T83,T84,T85,T86,T87,T88,T89,T90,T91,T92,T93,T94,T95,T96,T97,T98,T99,T100,T101,T102,T103,T104,T105,T106,T107,T108,T109
STAT,(NULL),Coarsen,110,2122,2122,0,0,0,0,0,0,0,0,0,0,0,0,0,0,0,0,0,0,0,0,0,0,0,0,0,0,0,0,0,0,0,0,0,0,0,0,0,0,0,0,0,0,0,0,0,0,0,0,0,0,0,0,0,0,0,0,0,0,0,0,0,0,0,0,0,0,0,0,0,0,0,0,0,0,0,0,0,0,0,0,0,0,0,0,0,0,0,0,0,0,0,0,0,0,0,0,0,0,0,0,0,0,0,0,0,0,0,0,0
STAT,(NULL),Conflicts,110,0,0,0,0,0,0,0,0,0,0,0,0,0,0,0,0,0,0,0,0,0,0,0,0,0,0,0,0,0,0,0,0,0,0,0,0,0,0,0,0,0,0,0,0,0,0,0,0,0,0,0,0,0,0,0,0,0,0,0,0,0,0,0,0,0,0,0,0,0,0,0,0,0,0,0,0,0,0,0,0,0,0,0,0,0,0,0,0,0,0,0,0,0,0,0,0,0,0,0,0,0,0,0,0,0,0,0,0,0,0,0
STAT,(NULL),Iterations,110,2047,11,18,23,13,20,20,22,24,45,23,17,6,23,14,23,26,7,10,9,19,10,9,22,19,19,17,15,15,21,20,17,17,20,25,16,12,21,13,14,12,11,10,10,21,30,17,19,12,14,27,22,29,22,30,20,18,34,27,25,19,28,15,17,11,11,21,18,17,31,40,25,16,21,20,19,26,17,16,19,13,27,21,12,10,18,26,13,13,13,10,23,9,29,19,19,17,18,23,8,18,15,17,31,9,23,20,14,19,12,16
STAT,(NULL),MeminfoPost,110,756359,6877,6889,6895,6876,6854,6893,6919,6935,6859,6859,6886,6898,6887,6876,6861,6885,6879,6859,6873,6878,6895,6881,6874,6870,6898,6951,6878,6867,6874,6885,6892,6894,6856,6868,6899,6861,6865,6885,6876,6917,6865,6891,6870,6878,6864,6877,6844,6874,6894,6862,6868,6852,6854,6867,6917,6883,6857,6890,6852,6840,6877,6888,6895,6871,6858,6870,6869,6849,6855,6868,6853,6877,6924,6906,6859,6880,6844,6861,6887,6887,6864,6870,6865,6846,6853,6870,6883,6918,6908,6864,6854,6869,6921,6899,6915,6857,6876,6871,6859,6842,6863,6878,6842,6853,6868,6853,6869,6880,6879,6869
STAT,(NULL),MeminfoPre,110,189089,1720,1732,1738,1719,1697,1736,1762,1778,1702,1702,1729,1741,1730,1719,1704,1728,1722,1702,1716,1721,1738,1724,1717,1713,1741,1794,1721,1710,1717,1728,1735,1737,1699,1711,1742,1704,1708,1728,1719,1760,1708,1734,1713,1721,1707,1720,1687,1717,1737,1705,1711,1695,1697,1710,1760,1726,1700,1733,1695,1683,1720,1731,1738,1714,1701,1713,1712,1692,1698,1711,1696,1720,1767,1749,1702,1723,1687,1704,1730,1730,1707,1713,1708,1689,1696,1713,1726,1761,1751,1707,1697,1712,1764,1742,1758,1700,1719,1714,1702,1685,1706,1721,1685,1696,1711,1696,1712,1723,1722,1712
STAT,(NULL),Partition,110,886,886,0,0,0,0,0,0,0,0,0,0,0,0,0,0,0,0,0,0,0,0,0,0,0,0,0,0,0,0,0,0,0,0,0,0,0,0,0,0,0,0,0,0,0,0,0,0,0,0,0,0,0,0,0,0,0,0,0,0,0,0,0,0,0,0,0,0,0,0,0,0,0,0,0,0,0,0,0,0,0,0,0,0,0,0,0,0,0,0,0,0,0,0,0,0,0,0,0,0,0,0,0,0,0,0,0,0,0,0,0
STAT,(NULL),Refine,110,1198,1198,0,0,0,0,0,0,0,0,0,0,0,0,0,0,0,0,0,0,0,0,0,0,0,0,0,0,0,0,0,0,0,0,0,0,0,0,0,0,0,0,0,0,0,0,0,0,0,0,0,0,0,0,0,0,0,0,0,0,0,0,0,0,0,0,0,0,0,0,0,0,0,0,0,0,0,0,0,0,0,0,0,0,0,0,0,0,0,0,0,0,0,0,0,0,0,0,0,0,0,0,0,0,0,0,0,0,0,0,0
STAT,(NULL),Threads,110,110,110,0,0,0,0,0,0,0,0,0,0,0,0,0,0,0,0,0,0,0,0,0,0,0,0,0,0,0,0,0,0,0,0,0,0,0,0,0,0,0,0,0,0,0,0,0,0,0,0,0,0,0,0,0,0,0,0,0,0,0,0,0,0,0,0,0,0,0,0,0,0,0,0,0,0,0,0,0,0,0,0,0,0,0,0,0,0,0,0,0,0,0,0,0,0,0,0,0,0,0,0,0,0,0,0,0,0,0,0,0
STAT,(NULL),Time,110,4385,4385,0,0,0,0,0,0,0,0,0,0,0,0,0,0,0,0,0,0,0,0,0,0,0,0,0,0,0,0,0,0,0,0,0,0,0,0,0,0,0,0,0,0,0,0,0,0,0,0,0,0,0,0,0,0,0,0,0,0,0,0,0,0,0,0,0,0,0,0,0,0,0,0,0,0,0,0,0,0,0,0,0,0,0,0,0,0,0,0,0,0,0,0,0,0,0,0,0,0,0,0,0,0,0,0,0,0,0,0,0
STAT,match,Conflicts,110,5324,77,70,54,63,62,98,65,73,77,63,71,73,64,65,75,70,79,55,53,46,48,47,55,57,57,63,49,52,50,44,47,54,50,54,76,45,50,57,56,40,58,50,50,55,68,65,45,63,47,35,37,40,31,33,37,31,38,31,37,44,36,40,38,43,31,31,62,37,47,36,43,49,40,35,45,52,37,55,33,40,43,34,37,38,36,43,47,37,37,29,39,29,39,39,35,56,40,38,46,46,40,38,43,38,35,48,50,38,44,33
STAT,match,Iterations,110,14951909,105024,113256,118966,114672,110248,104860,111203,109779,129085,130102,132250,115855,123333,132856,111721,119197,109266,124674,124046,121301,117899,126178,139537,120794,125383,96928,125302,112415,131528,132111,130583,106343,133808,134345,120270,150691,154394,133008,135835,123643,123704,132686,149533,133963,128095,110970,136214,126346,123014,155608,161927,143679,156676,165885,128566,177538,148299,155188,158624,144002,147706,155313,152588,131267,140639,145542,149225,142687,141096,144260,155541,137140,129679,148151,160403,136719,141041,129217,132395,134403,154900,135825,143930,148770,120205,140702,109988,149366,127882,138016,140612,151305,138350,146280,158058,155635,130988,142823,151514,153209,133777,164230,151826,150319,162777,152344,141575,127671,144565,156249
STAT,popedge,Conflicts,110,0,0,0,0,0,0,0,0,0,0,0,0,0,0,0,0,0,0,0,0,0,0,0,0,0,0,0,0,0,0,0,0,0,0,0,0,0,0,0,0,0,0,0,0,0,0,0,0,0,0,0,0,0,0,0,0,0,0,0,0,0,0,0,0,0,0,0,0,0,0,0,0,0,0,0,0,0,0,0,0,0,0,0,0,0,0,0,0,0,0,0,0,0,0,0,0,0,0,0,0,0,0,0,0,0,0,0,0,0,0,0
STAT,popedge,Iterations,110,7328852,68063,66731,64928,62937,69873,68684,65560,64033,65115,67808,64244,63812,64866,64820,70325,65490,69286,65747,66366,64687,64890,66017,64530,65547,64652,66553,63175,67213,62892,63652,63497,67606,66639,68302,67256,67903,67753,62260,64878,62908,62373,61888,63933,64427,66713,69446,65557,69877,64617,74338,69319,71973,72891,71527,72214,74075,77682,72792,79516,80765,74612,62762,66026,65445,61070,65846,61798,66360,62418,65999,64595,63556,62946,62708,63102,65410,66475,66775,65795,63880,63083,65098,63674,64593,66430,63035,63559,63384,64558,64385,62824,64925,70187,68182,69716,66393,71870,72500,63632,69422,66493,63654,68421,68615,64746,65861,68823,70021,69137,66632
STAT,refine,Conflicts,110,4308,96,90,74,67,72,76,67,75,67,57,71,71,71,69,70,59,57,56,41,40,61,62,67,49,50,47,55,49,41,52,44,43,39,50,44,37,27,40,35,39,54,47,44,49,40,46,31,45,33,28,34,37,30,45,32,49,42,28,25,41,39,23,26,19,20,19,25,27,36,22,25,17,27,34,33,21,23,13,29,23,26,26,19,34,21,21,29,38,28,17,31,24,26,24,21,25,22,28,22,20,17,31,27,25,33,30,25,16,23,21
STAT,refine,Iterations,110,426187,3064,3948,3579,3370,2614,2919,4395,4366,3101,3489,3790,3592,3714,3944,3592,3142,3285,3304,2915,2845,3540,3748,3415,3492,3910,4575,3616,3476,3455,4316,3806,4016,4051,4224,3566,4311,3631,3199,3959,3851,3979,3897,4145,3783,3627,4411,2956,4508,4185,4577,4049,4917,4784,5173,5714,6209,4450,4857,3717,3196,4826,3677,4516,3033,3535,3158,3112,3897,4349,3423,3926,3484,3794,4729,3464,3634,3061,3170,3999,3564,3557,3501,3546,3950,3443,4031,4496,4822,4013,3545,4295,4033,4567,3934,5277,3551,4008,4169,3323,3735,2967,4177,3489,3970,4748,3845,4128,3851,4458,4148
