Hello from MIC
Galois Benchmark Suite v2.2.0 (r0)
Copyright (C) 2013 The University of Texas at Austin
http://iss.ices.utexas.edu/galois/

application: GMetis
Partitions a graph into K parts and minimizing the graph cut
http://iss.ices.utexas.edu/?p=projects/galois/benchmarks/gMetis

INFO: CommandLine /work/02556/dpereira/MIC/apps/gmetis/gmetis -t=35 /work/02556/dpereira/Inputs/USA-road-d.W.gr 128
INFO: Hostname c557-901-mic0.stampede.tacc.utexas.edu
Created Graph with 6262104 nodes and 15248146 edges
Nodes 6262104| Edges 15248146 7624073

  Starting coarsening: 
Time coarsen:  3287 Size of final graph: 2978

  Sarting initial partitioning using GGGP:
Size in decade percentages:  -1,7 -0,116 1,5
Time clustering:  395

  Sarting refinnement with BKL2
Initial dist
Size in decade percentages:  -1,7 -0,116 1,5
Refined dist
Size in decade percentages:  -1,48 -0,30 1,50
Time refinement:  612


Time:  4470
Total edge cut : 8016

Part saved in : 0x7fffecdc4b60
STATTYPE,LOOP,CATEGORY,n,sum,T0,T1,T2,T3,T4,T5,T6,T7,T8,T9,T10,T11,T12,T13,T14,T15,T16,T17,T18,T19,T20,T21,T22,T23,T24,T25,T26,T27,T28,T29,T30,T31,T32,T33,T34
STAT,(NULL),Coarsen,35,3287,3287,0,0,0,0,0,0,0,0,0,0,0,0,0,0,0,0,0,0,0,0,0,0,0,0,0,0,0,0,0,0,0,0,0,0
STAT,(NULL),Conflicts,35,0,0,0,0,0,0,0,0,0,0,0,0,0,0,0,0,0,0,0,0,0,0,0,0,0,0,0,0,0,0,0,0,0,0,0,0
STAT,(NULL),Iterations,35,255,13,2,3,11,11,3,6,12,7,10,11,7,5,10,5,11,6,11,4,7,6,4,6,5,13,12,6,10,4,4,8,4,8,6,4
STAT,(NULL),MeminfoPost,35,756224,21635,21615,21674,21629,21603,21599,21631,21627,21665,21643,21597,21600,21636,21619,21559,21615,21552,21629,21564,21629,21579,21547,21593,21647,21575,21614,21539,21646,21601,21687,21602,21549,21569,21548,21607
STAT,(NULL),MeminfoPre,35,189049,5430,5410,5469,5424,5398,5394,5426,5422,5460,5438,5392,5395,5431,5414,5354,5410,5347,5424,5359,5424,5374,5342,5388,5442,5370,5409,5334,5441,5396,5482,5397,5344,5364,5343,5402
STAT,(NULL),Partition,35,395,395,0,0,0,0,0,0,0,0,0,0,0,0,0,0,0,0,0,0,0,0,0,0,0,0,0,0,0,0,0,0,0,0,0,0
STAT,(NULL),Refine,35,612,612,0,0,0,0,0,0,0,0,0,0,0,0,0,0,0,0,0,0,0,0,0,0,0,0,0,0,0,0,0,0,0,0,0,0
STAT,(NULL),Threads,35,35,35,0,0,0,0,0,0,0,0,0,0,0,0,0,0,0,0,0,0,0,0,0,0,0,0,0,0,0,0,0,0,0,0,0,0
STAT,(NULL),Time,35,4470,4470,0,0,0,0,0,0,0,0,0,0,0,0,0,0,0,0,0,0,0,0,0,0,0,0,0,0,0,0,0,0,0,0,0,0
STAT,match,Conflicts,35,4476,302,191,203,147,222,118,124,174,193,150,155,87,87,83,118,110,131,123,93,95,114,131,81,67,90,58,74,91,65,87,113,127,150,156,166
STAT,match,Iterations,35,14952733,392140,406072,404980,405621,419198,421658,440620,423548,432080,405713,445858,438350,401572,425714,426575,414163,435700,419818,445455,413852,451583,442704,427812,426054,385703,426722,439415,415804,439314,425925,436595,459363,456346,460911,439795
STAT,popedge,Conflicts,35,0,0,0,0,0,0,0,0,0,0,0,0,0,0,0,0,0,0,0,0,0,0,0,0,0,0,0,0,0,0,0,0,0,0,0,0
STAT,popedge,Iterations,35,7325931,206449,210328,203443,200116,206796,209374,203133,207304,203677,201395,213041,204172,190543,189089,206925,200287,206749,206001,215579,209555,214884,217307,212929,204679,189469,206387,210394,210538,198622,216791,231746,230694,233437,227073,227025
STAT,refine,Conflicts,35,2104,110,93,91,86,77,77,78,78,77,56,55,74,59,69,66,63,64,59,43,47,49,49,42,47,38,45,50,58,56,44,39,45,43,42,35
STAT,refine,Iterations,35,129600,3586,3585,4339,3621,3490,3546,3296,3823,3879,3714,3713,3694,3837,3655,2824,3214,3461,3917,2768,3531,3151,4116,3852,4118,2392,3876,4108,4527,3624,4293,3711,3723,3666,4578,4372
