Hello from MIC
Galois Benchmark Suite v2.2.0 (r0)
Copyright (C) 2013 The University of Texas at Austin
http://iss.ices.utexas.edu/galois/

application: GMetis
Partitions a graph into K parts and minimizing the graph cut
http://iss.ices.utexas.edu/?p=projects/galois/benchmarks/gMetis

INFO: CommandLine /work/02556/dpereira/MIC/apps/gmetis/gmetis -t=207 /work/02556/dpereira/Inputs/USA-road-d.W.gr 16
INFO: Hostname c558-003-mic0.stampede.tacc.utexas.edu
Created Graph with 6262104 nodes and 15248146 edges
Nodes 6262104| Edges 15248146 7624073

  Starting coarsening: 
Time coarsen:  4342 Size of final graph: 442

  Sarting initial partitioning using GGGP:
Size in decade percentages:  -0,15 1,1
Time clustering:  376

  Sarting refinnement with BKL2
Initial dist
Size in decade percentages:  -0,15 1,1
Refined dist
Size in decade percentages:  -1,5 0,6 1,5
Time refinement:  2759


Time:  7657
Total edge cut : 2037

Part saved in : 0x7fffe31c51e0
STATTYPE,LOOP,CATEGORY,n,sum,T0,T1,T2,T3,T4,T5,T6,T7,T8,T9,T10,T11,T12,T13,T14,T15,T16,T17,T18,T19,T20,T21,T22,T23,T24,T25,T26,T27,T28,T29,T30,T31,T32,T33,T34,T35,T36,T37,T38,T39,T40,T41,T42,T43,T44,T45,T46,T47,T48,T49,T50,T51,T52,T53,T54,T55,T56,T57,T58,T59,T60,T61,T62,T63,T64,T65,T66,T67,T68,T69,T70,T71,T72,T73,T74,T75,T76,T77,T78,T79,T80,T81,T82,T83,T84,T85,T86,T87,T88,T89,T90,T91,T92,T93,T94,T95,T96,T97,T98,T99,T100,T101,T102,T103,T104,T105,T106,T107,T108,T109,T110,T111,T112,T113,T114,T115,T116,T117,T118,T119,T120,T121,T122,T123,T124,T125,T126,T127,T128,T129,T130,T131,T132,T133,T134,T135,T136,T137,T138,T139,T140,T141,T142,T143,T144,T145,T146,T147,T148,T149,T150,T151,T152,T153,T154,T155,T156,T157,T158,T159,T160,T161,T162,T163,T164,T165,T166,T167,T168,T169,T170,T171,T172,T173,T174,T175,T176,T177,T178,T179,T180,T181,T182,T183,T184,T185,T186,T187,T188,T189,T190,T191,T192,T193,T194,T195,T196,T197,T198,T199,T200,T201,T202,T203,T204,T205,T206
STAT,(NULL),Coarsen,207,4342,4342,0,0,0,0,0,0,0,0,0,0,0,0,0,0,0,0,0,0,0,0,0,0,0,0,0,0,0,0,0,0,0,0,0,0,0,0,0,0,0,0,0,0,0,0,0,0,0,0,0,0,0,0,0,0,0,0,0,0,0,0,0,0,0,0,0,0,0,0,0,0,0,0,0,0,0,0,0,0,0,0,0,0,0,0,0,0,0,0,0,0,0,0,0,0,0,0,0,0,0,0,0,0,0,0,0,0,0,0,0,0,0,0,0,0,0,0,0,0,0,0,0,0,0,0,0,0,0,0,0,0,0,0,0,0,0,0,0,0,0,0,0,0,0,0,0,0,0,0,0,0,0,0,0,0,0,0,0,0,0,0,0,0,0,0,0,0,0,0,0,0,0,0,0,0,0,0,0,0,0,0,0,0,0,0,0,0,0,0,0,0,0,0,0,0,0,0,0,0,0,0,0,0,0,0,0,0
STAT,(NULL),Conflicts,207,0,0,0,0,0,0,0,0,0,0,0,0,0,0,0,0,0,0,0,0,0,0,0,0,0,0,0,0,0,0,0,0,0,0,0,0,0,0,0,0,0,0,0,0,0,0,0,0,0,0,0,0,0,0,0,0,0,0,0,0,0,0,0,0,0,0,0,0,0,0,0,0,0,0,0,0,0,0,0,0,0,0,0,0,0,0,0,0,0,0,0,0,0,0,0,0,0,0,0,0,0,0,0,0,0,0,0,0,0,0,0,0,0,0,0,0,0,0,0,0,0,0,0,0,0,0,0,0,0,0,0,0,0,0,0,0,0,0,0,0,0,0,0,0,0,0,0,0,0,0,0,0,0,0,0,0,0,0,0,0,0,0,0,0,0,0,0,0,0,0,0,0,0,0,0,0,0,0,0,0,0,0,0,0,0,0,0,0,0,0,0,0,0,0,0,0,0,0,0,0,0,0,0,0,0,0,0,0
STAT,(NULL),Iterations,207,31,5,0,0,0,0,0,0,0,0,0,0,0,0,0,0,0,0,0,0,1,0,0,0,0,0,0,0,0,0,0,0,0,0,0,0,0,0,0,0,0,0,0,4,0,0,0,0,0,0,0,0,3,0,0,0,0,0,0,0,0,0,0,0,0,0,0,0,0,0,0,0,0,0,0,0,0,0,0,0,0,0,0,0,0,0,1,3,0,0,0,0,0,0,0,0,0,0,0,0,0,0,1,0,0,0,0,0,1,0,0,0,2,0,0,0,0,0,0,0,0,0,0,0,0,0,0,0,0,0,0,0,0,0,0,0,0,0,0,0,0,0,0,0,0,0,0,0,0,0,0,0,0,0,0,0,0,0,0,0,0,1,0,0,0,3,0,0,3,2,0,0,0,0,0,0,0,0,0,0,0,0,0,0,0,0,0,0,0,0,0,0,0,0,0,0,0,0,0,0,0,1,0,0,0,0,0,0
STAT,(NULL),MeminfoPost,207,757041,3664,3647,3666,3676,3660,3660,3655,3660,3646,3668,3651,3675,3683,3706,3672,3639,3657,3650,3647,3663,3665,3667,3679,3654,3663,3662,3642,3650,3655,3665,3673,3647,3653,3644,3656,3659,3648,3679,3658,3669,3656,3651,3661,3645,3668,3664,3667,3700,3689,3671,3643,3655,3649,3652,3667,3660,3673,3664,3663,3659,3655,3648,3655,3649,3667,3671,3651,3646,3650,3656,3663,3660,3651,3667,3688,3656,3651,3665,3665,3658,3652,3668,3646,3654,3648,3652,3662,3639,3644,3658,3663,3669,3655,3646,3656,3652,3646,3641,3650,3653,3645,3658,3681,3681,3655,3644,3650,3649,3674,3652,3643,3636,3640,3658,3660,3668,3658,3667,3671,3648,3654,3646,3662,3647,3651,3655,3642,3643,3640,3653,3637,3670,3648,3638,3658,3677,3684,3675,3677,3650,3649,3649,3671,3643,3637,3643,3659,3660,3667,3667,3655,3653,3646,3658,3650,3654,3639,3643,3652,3639,3662,3643,3652,3677,3683,3682,3677,3655,3648,3654,3638,3648,3657,3672,3687,3673,3664,3683,3668,3646,3650,3669,3643,3656,3650,3656,3642,3632,3651,3649,3668,3649,3638,3639,3653,3636,3636,3675,3641,3649,3653,3662,3656,3657,3659,3651,3657
STAT,(NULL),MeminfoPre,207,189240,921,904,923,933,917,917,912,917,903,925,908,932,940,963,929,896,914,907,904,920,922,924,936,911,920,919,899,907,912,922,930,904,910,901,913,916,905,936,915,926,913,908,918,902,925,921,924,957,946,928,900,912,906,909,924,917,930,921,920,916,912,905,912,906,924,928,908,903,907,913,920,917,908,924,945,913,908,922,922,915,909,925,903,911,905,909,919,896,901,915,920,926,912,903,913,909,903,898,907,910,902,915,938,938,912,901,907,906,931,909,900,893,897,915,917,925,915,924,928,905,911,903,919,904,908,912,899,900,897,910,894,927,905,895,915,934,941,932,934,907,906,906,928,900,894,900,916,917,924,924,912,910,903,915,907,911,896,900,909,896,919,900,909,934,940,939,934,912,905,911,895,905,914,929,944,930,921,940,925,903,907,926,900,913,907,913,899,889,908,906,925,906,895,896,910,893,893,932,898,906,910,919,913,914,916,908,914
STAT,(NULL),Partition,207,376,376,0,0,0,0,0,0,0,0,0,0,0,0,0,0,0,0,0,0,0,0,0,0,0,0,0,0,0,0,0,0,0,0,0,0,0,0,0,0,0,0,0,0,0,0,0,0,0,0,0,0,0,0,0,0,0,0,0,0,0,0,0,0,0,0,0,0,0,0,0,0,0,0,0,0,0,0,0,0,0,0,0,0,0,0,0,0,0,0,0,0,0,0,0,0,0,0,0,0,0,0,0,0,0,0,0,0,0,0,0,0,0,0,0,0,0,0,0,0,0,0,0,0,0,0,0,0,0,0,0,0,0,0,0,0,0,0,0,0,0,0,0,0,0,0,0,0,0,0,0,0,0,0,0,0,0,0,0,0,0,0,0,0,0,0,0,0,0,0,0,0,0,0,0,0,0,0,0,0,0,0,0,0,0,0,0,0,0,0,0,0,0,0,0,0,0,0,0,0,0,0,0,0,0,0,0,0
STAT,(NULL),Refine,207,2759,2759,0,0,0,0,0,0,0,0,0,0,0,0,0,0,0,0,0,0,0,0,0,0,0,0,0,0,0,0,0,0,0,0,0,0,0,0,0,0,0,0,0,0,0,0,0,0,0,0,0,0,0,0,0,0,0,0,0,0,0,0,0,0,0,0,0,0,0,0,0,0,0,0,0,0,0,0,0,0,0,0,0,0,0,0,0,0,0,0,0,0,0,0,0,0,0,0,0,0,0,0,0,0,0,0,0,0,0,0,0,0,0,0,0,0,0,0,0,0,0,0,0,0,0,0,0,0,0,0,0,0,0,0,0,0,0,0,0,0,0,0,0,0,0,0,0,0,0,0,0,0,0,0,0,0,0,0,0,0,0,0,0,0,0,0,0,0,0,0,0,0,0,0,0,0,0,0,0,0,0,0,0,0,0,0,0,0,0,0,0,0,0,0,0,0,0,0,0,0,0,0,0,0,0,0,0,0
STAT,(NULL),Threads,207,207,207,0,0,0,0,0,0,0,0,0,0,0,0,0,0,0,0,0,0,0,0,0,0,0,0,0,0,0,0,0,0,0,0,0,0,0,0,0,0,0,0,0,0,0,0,0,0,0,0,0,0,0,0,0,0,0,0,0,0,0,0,0,0,0,0,0,0,0,0,0,0,0,0,0,0,0,0,0,0,0,0,0,0,0,0,0,0,0,0,0,0,0,0,0,0,0,0,0,0,0,0,0,0,0,0,0,0,0,0,0,0,0,0,0,0,0,0,0,0,0,0,0,0,0,0,0,0,0,0,0,0,0,0,0,0,0,0,0,0,0,0,0,0,0,0,0,0,0,0,0,0,0,0,0,0,0,0,0,0,0,0,0,0,0,0,0,0,0,0,0,0,0,0,0,0,0,0,0,0,0,0,0,0,0,0,0,0,0,0,0,0,0,0,0,0,0,0,0,0,0,0,0,0,0,0,0,0
STAT,(NULL),Time,207,7657,7657,0,0,0,0,0,0,0,0,0,0,0,0,0,0,0,0,0,0,0,0,0,0,0,0,0,0,0,0,0,0,0,0,0,0,0,0,0,0,0,0,0,0,0,0,0,0,0,0,0,0,0,0,0,0,0,0,0,0,0,0,0,0,0,0,0,0,0,0,0,0,0,0,0,0,0,0,0,0,0,0,0,0,0,0,0,0,0,0,0,0,0,0,0,0,0,0,0,0,0,0,0,0,0,0,0,0,0,0,0,0,0,0,0,0,0,0,0,0,0,0,0,0,0,0,0,0,0,0,0,0,0,0,0,0,0,0,0,0,0,0,0,0,0,0,0,0,0,0,0,0,0,0,0,0,0,0,0,0,0,0,0,0,0,0,0,0,0,0,0,0,0,0,0,0,0,0,0,0,0,0,0,0,0,0,0,0,0,0,0,0,0,0,0,0,0,0,0,0,0,0,0,0,0,0,0,0
STAT,match,Conflicts,207,6505,55,48,51,49,45,54,46,64,44,46,46,46,48,38,37,38,36,43,49,41,44,45,40,38,38,38,35,46,36,40,41,36,36,39,34,43,30,41,38,41,45,38,32,36,44,35,34,38,36,42,40,38,40,40,38,33,37,46,44,36,48,32,25,20,27,28,26,30,32,31,32,26,28,27,25,27,22,29,29,22,26,21,27,26,25,23,26,25,29,26,20,26,26,25,26,24,32,31,36,16,19,30,27,22,32,33,31,20,30,31,21,31,25,38,32,23,26,31,30,25,28,36,35,25,27,32,23,22,37,29,25,25,20,32,27,25,26,25,31,28,29,21,27,29,30,25,26,29,21,23,24,25,24,32,27,25,35,32,23,36,30,22,29,23,23,29,28,30,25,28,24,30,30,34,34,30,25,24,24,28,23,29,35,22,27,21,29,32,24,22,27,26,37,25,31,35,29,27,23,29,23,28,25,28,25,24,34
STAT,match,Iterations,207,15060686,45051,64865,51802,53166,60763,55927,47923,51936,45630,78614,48120,51623,62056,51228,76127,64033,62103,60022,54441,67381,65582,59741,62741,54368,71544,64527,69502,64913,64313,62819,61488,67556,51028,66264,59999,49028,62881,54489,66562,67034,52201,66879,50504,68812,61590,50942,52241,82267,60125,84058,63529,61545,62173,73242,66212,74727,58594,71265,74965,67753,71453,67653,78592,86080,79558,96564,71596,67706,83648,56568,70770,76310,87760,84970,64136,75272,70452,86829,77219,76029,64621,85092,86159,70482,83820,98215,79659,84467,78834,64924,82741,78712,79978,61707,89792,95949,79319,91958,63829,90628,80721,88463,77696,79013,74945,73797,104861,90150,97166,96694,85229,90055,91092,77600,72492,91676,87796,69251,79818,67524,80111,90488,48477,74836,69389,76476,75077,67489,57000,74431,95229,80992,94002,73972,64666,54203,71901,65124,61621,69076,71543,73943,67109,71747,80067,90690,84612,78002,73394,82552,84392,73686,80598,79680,77301,74686,89321,67662,77820,85766,55576,85332,81534,96220,80695,69548,82254,93395,74109,67544,79415,65896,94441,65007,80907,84677,57787,76637,94144,77634,83916,85554,73334,83517,62799,72574,71768,60297,83101,76152,82790,54951,71018,75087,87587,77751,50703,73284,74396,72156,70508,84609,71287,63310,79419,65639,62392
STAT,popedge,Conflicts,207,0,0,0,0,0,0,0,0,0,0,0,0,0,0,0,0,0,0,0,0,0,0,0,0,0,0,0,0,0,0,0,0,0,0,0,0,0,0,0,0,0,0,0,0,0,0,0,0,0,0,0,0,0,0,0,0,0,0,0,0,0,0,0,0,0,0,0,0,0,0,0,0,0,0,0,0,0,0,0,0,0,0,0,0,0,0,0,0,0,0,0,0,0,0,0,0,0,0,0,0,0,0,0,0,0,0,0,0,0,0,0,0,0,0,0,0,0,0,0,0,0,0,0,0,0,0,0,0,0,0,0,0,0,0,0,0,0,0,0,0,0,0,0,0,0,0,0,0,0,0,0,0,0,0,0,0,0,0,0,0,0,0,0,0,0,0,0,0,0,0,0,0,0,0,0,0,0,0,0,0,0,0,0,0,0,0,0,0,0,0,0,0,0,0,0,0,0,0,0,0,0,0,0,0,0,0,0,0
STAT,popedge,Iterations,207,7377365,32317,33466,32663,32050,32674,33332,34618,34828,33513,33978,31921,32150,33980,31237,32211,33565,33960,32232,33456,32720,30860,34070,31251,34372,36521,36723,35939,38585,38022,36433,37411,37429,36676,36884,37546,38447,40341,37778,35871,38731,39248,36328,38445,35760,37605,37580,37809,35530,37967,36215,39908,38419,37298,36682,37902,38060,36887,37607,36455,38008,39047,33548,32622,30718,31031,31223,31911,32977,32829,31639,32369,32287,32371,33228,30890,32706,31719,33341,31252,32424,31637,33978,34140,33154,32430,35491,35838,37673,36281,37210,38235,37187,37312,36467,36593,40952,37370,38334,37400,36987,37412,41964,36164,36046,36719,37222,37522,40769,39495,37215,37007,38103,41794,36350,39191,37012,37562,37609,37718,38321,38753,40640,34154,34701,33167,34528,33864,32233,34232,32673,32001,33965,33236,33927,33826,33898,33814,33860,33235,32155,33949,32772,31954,34380,32086,33035,37223,37088,38908,36824,36107,37075,36248,38180,37207,36521,38433,36922,36800,37177,36829,39657,38396,37984,38408,36652,36728,37869,38170,40251,39066,37622,37164,39014,39320,39096,38089,37332,38432,40061,40832,40126,39266,34229,35019,32589,32065,34378,33869,33284,32999,34122,35778,32747,32893,33965,34761,33888,34514,33632,34458,35519,32830,32997,33853,34721,33670
STAT,refine,Conflicts,207,6286,109,111,113,107,93,98,98,94,88,93,94,93,81,82,88,66,59,63,58,62,70,66,60,63,58,60,71,55,56,63,42,41,26,37,42,48,35,33,21,42,44,49,43,40,48,55,45,45,36,43,35,47,41,43,40,41,53,46,35,52,34,10,17,20,22,12,12,6,14,9,13,19,26,25,14,13,15,15,12,16,13,19,14,13,8,16,23,32,19,10,25,21,22,8,15,14,21,14,16,22,23,19,18,18,24,22,17,18,20,10,20,21,29,24,18,15,26,22,19,15,31,21,18,25,18,11,13,20,13,20,28,23,16,19,21,14,16,13,15,6,14,22,14,14,13,17,23,20,26,14,17,17,15,21,16,17,21,30,15,21,7,19,25,26,21,21,19,28,18,26,17,16,16,28,28,18,19,15,18,20,24,31,21,14,15,23,20,13,12,21,20,10,12,19,9,17,14,15,17,20,15,18,18,15,18,22,13
STAT,refine,Iterations,207,43896,325,421,311,348,326,300,293,357,298,362,310,352,348,235,297,283,341,184,318,305,313,322,181,232,200,205,256,251,235,259,237,186,150,215,254,229,170,166,136,307,173,224,247,189,267,238,269,196,154,270,188,243,207,221,327,243,263,234,249,304,235,172,196,220,184,159,147,133,175,132,163,175,262,267,170,161,167,237,206,208,184,189,211,153,121,142,183,163,160,99,278,158,179,160,149,175,204,216,223,218,308,239,161,130,198,228,268,223,279,169,165,199,294,163,114,225,246,204,174,241,257,282,170,156,205,142,188,114,152,218,183,211,242,241,246,166,170,129,162,115,262,160,210,197,110,187,140,108,160,220,157,243,209,109,119,147,197,215,208,281,142,303,220,220,198,149,223,290,252,217,129,194,213,344,221,204,246,144,171,218,341,246,260,217,217,239,194,116,112,118,211,90,151,162,160,201,102,200,116,201,146,496,212,149,237,119,111
